%% logfile from robot Vigga (37)
% Vigga (37)
%  1    time 0.014 sec
%  2  3  4   (mission 0), state 2, thread 1, line 1
%  5  6 Wheel velocity [m/s] left, right: 0.0000 0.0000
%  7  8  9 10 Pose x,y,h,tilt [m,m,rad,rad]: 0 0 0 -0.755471
% 11    Battery voltage [V]: 11.33
0.031 2 1 1 0.0000 0.0000 0.0000 0.0000 0.000000 -0.755615 11.33 
0.048 2 1 1 0.0000 0.0000 0.0000 0.0000 0.000000 -0.755776 11.33 
0.065 2 1 1 0.0000 0.0000 0.0002 -0.0000 -0.002617 -0.755936 11.33 
0.082 2 1 1 0.0000 0.0000 0.0004 -0.0000 0.000000 -0.756280 11.32 
0.099 2 1 1 0.0187 0.0714 0.0010 -0.0000 0.002617 -0.757113 11.32 
0.116 2 1 1 0.0333 0.0207 0.0014 -0.0000 -0.002617 -0.759325 11.32 
0.133 2 1 1 0.0519 0.0174 0.0020 -0.0000 -0.005235 -0.761905 11.31 
0.150 2 1 1 0.0609 0.0418 0.0030 -0.0000 -0.007852 -0.764744 11.31 
0.167 2 1 1 0.0953 0.0726 0.0043 -0.0000 -0.007852 -0.766756 11.31 
0.184 2 1 1 0.0986 0.0742 0.0057 -0.0000 -0.010469 -0.770191 11.30 
0.201 2 1 1 0.1229 0.1087 0.0077 -0.0001 -0.010469 -0.772037 11.30 
0.218 2 1 1 0.1343 0.1318 0.0101 -0.0001 -0.015704 -0.775049 11.30 
0.235 2 1 1 0.1533 0.1189 0.0126 -0.0001 -0.020938 -0.777262 11.31 
0.252 2 1 1 0.2369 0.1716 0.0156 -0.0002 -0.023556 -0.779744 11.30 
0.269 2 1 1 0.1895 0.1826 0.0189 -0.0003 -0.028790 -0.782365 11.31 
0.286 2 1 1 0.2089 0.2146 0.0221 -0.0004 -0.028790 -0.784483 11.30 
0.303 2 1 1 0.2414 0.2227 0.0262 -0.0005 -0.034025 -0.786172 11.30 
0.320 2 1 1 0.2564 0.2252 0.0298 -0.0006 -0.034025 -0.787753 11.30 
0.337 2 1 1 0.2686 0.2385 0.0343 -0.0008 -0.039259 -0.788723 11.31 
0.354 2 1 1 0.2957 0.2775 0.0387 -0.0010 -0.044494 -0.788641 11.31 
0.371 2 1 1 0.2815 0.2795 0.0432 -0.0012 -0.044494 -0.789510 11.30 
0.388 2 1 1 0.2702 0.2937 0.0480 -0.0014 -0.044494 -0.787663 11.31 
0.405 2 1 1 0.3379 0.2917 0.0529 -0.0016 -0.044494 -0.788747 11.30 
0.422 2 1 1 0.2937 0.3558 0.0580 -0.0018 -0.041877 -0.788263 11.30 
0.439 2 1 1 0.2957 0.3270 0.0635 -0.0021 -0.039259 -0.786941 11.31 
0.456 2 1 1 0.3144 0.3408 0.0689 -0.0023 -0.036642 -0.788053 11.31 
0.473 2 1 1 0.2982 0.3789 0.0744 -0.0025 -0.034025 -0.786504 11.30 
0.490 2 1 1 0.3558 0.3976 0.0805 -0.0027 -0.028790 -0.784706 11.30 
0.507 2 1 1 0.3688 0.3826 0.0864 -0.0028 -0.026173 -0.785023 11.31 
0.524 2 1 1 0.3217 0.3899 0.0924 -0.0030 -0.020938 -0.783462 11.30 
0.541 2 1 1 0.3651 0.3619 0.0987 -0.0031 -0.018321 -0.781494 11.31 
0.558 2 1 1 0.3826 0.3935 0.1052 -0.0032 -0.013086 -0.781315 11.31 
0.575 2 1 1 0.3651 0.4312 0.1117 -0.0032 -0.002617 -0.780921 11.31 
0.592 2 1 1 0.3408 0.4361 0.1182 -0.0032 0.002617 -0.779468 11.31 
0.609 2 1 1 0.3789 0.4406 0.1251 -0.0032 0.007852 -0.777187 11.31 
0.626 2 1 1 0.3935 0.4406 0.1320 -0.0031 0.013086 -0.776110 11.31 
0.643 2 1 1 0.4016 0.4609 0.1387 -0.0030 0.020938 -0.775410 11.30 
0.660 2 1 1 0.3935 0.4507 0.1456 -0.0029 0.026173 -0.773869 11.31 
0.677 2 1 1 0.3651 0.4454 0.1527 -0.0026 0.034025 -0.771248 11.31 
0.694 2 1 1 0.3071 0.4609 0.1596 -0.0024 0.044494 -0.768047 11.31 
0.711 2 1 1 0.3826 0.4556 0.1671 -0.0020 0.052346 -0.764833 11.31 
0.728 2 1 1 0.4179 0.4884 0.1742 -0.0016 0.060198 -0.763973 11.31 
0.745 2 1 1 0.3789 0.5006 0.1816 -0.0011 0.073284 -0.762986 11.31 
0.762 2 1 1 0.4097 0.5006 0.1891 -0.0005 0.081136 -0.760711 11.31 
0.779 2 1 1 0.3826 0.5071 0.1966 0.0001 0.088988 -0.758382 11.31 
0.796 2 1 1 0.4097 0.5006 0.2043 0.0008 0.099457 -0.755955 11.31 
0.813 2 1 1 0.3899 0.4945 0.2117 0.0016 0.107309 -0.752950 11.31 
0.830 2 1 1 0.4361 0.5006 0.2196 0.0025 0.120396 -0.751521 11.31 
0.847 2 1 1 0.3976 0.5132 0.2274 0.0035 0.128248 -0.751127 11.31 
0.864 2 1 1 0.4406 0.5132 0.2349 0.0045 0.136099 -0.749537 11.31 
0.881 2 1 1 0.4406 0.5071 0.2427 0.0056 0.149186 -0.748685 11.31 
0.898 2 1 1 0.4179 0.5201 0.2503 0.0068 0.159655 -0.746673 11.31 
0.915 2 1 1 0.4138 0.5071 0.2581 0.0081 0.167507 -0.745268 11.31 
0.932 2 1 1 0.4179 0.5132 0.2657 0.0094 0.177976 -0.743533 11.31 
0.949 2 1 1 0.3720 0.5006 0.2737 0.0109 0.188445 -0.742052 11.31 
0.966 2 1 1 0.3862 0.5132 0.2815 0.0124 0.196297 -0.740983 11.31 
0.983 2 1 1 0.4507 0.5071 0.2892 0.0140 0.204149 -0.739776 11.31 
1.000 2 1 1 0.4361 0.5201 0.2972 0.0157 0.214618 -0.740607 11.31 
1.017 2 1 1 0.4507 0.5132 0.3049 0.0173 0.217236 -0.739649 11.31 
1.034 2 1 1 0.3976 0.5071 0.3128 0.0191 0.222470 -0.738952 11.31 
1.051 2 1 1 0.4406 0.4945 0.3207 0.0209 0.227705 -0.738023 11.31 
1.068 2 1 1 0.4223 0.4945 0.3284 0.0228 0.235557 -0.736358 11.31 
1.085 2 1 1 0.4057 0.5266 0.3363 0.0247 0.240791 -0.734668 11.31 
1.102 2 1 1 0.4609 0.5266 0.3444 0.0267 0.248643 -0.733377 11.31 
1.119 2 1 1 0.4609 0.5071 0.3520 0.0287 0.256495 -0.731712 11.31 
1.136 2 1 1 0.4556 0.5266 0.3601 0.0308 0.264347 -0.729907 11.31 
1.153 2 1 1 0.4828 0.5266 0.3681 0.0330 0.272199 -0.729011 11.31 
1.170 2 1 1 0.4884 0.5408 0.3761 0.0353 0.280051 -0.727751 11.31 
1.187 2 1 1 0.4454 0.5266 0.3839 0.0376 0.290520 -0.726662 11.31 
1.204 2 1 1 0.4714 0.5266 0.3918 0.0400 0.298372 -0.726399 11.31 
1.221 2 1 2 0.4556 0.5132 0.3996 0.0424 0.303607 -0.724667 11.31 
1.238 2 1 2 0.4312 0.5335 0.4075 0.0449 0.311458 -0.724034 11.31 
1.255 2 1 2 0.4361 0.4945 0.4150 0.0474 0.319310 -0.723285 11.31 
1.272 2 1 2 0.4507 0.4771 0.4225 0.0499 0.321928 -0.723428 11.31 
1.289 2 1 2 0.4661 0.4556 0.4300 0.0524 0.324545 -0.723130 11.31 
1.306 2 1 2 0.4556 0.4406 0.4371 0.0548 0.321928 -0.721827 11.31 
1.323 2 1 2 0.4556 0.3899 0.4441 0.0571 0.321928 -0.719673 11.31 
1.340 2 1 2 0.5132 0.3436 0.4508 0.0593 0.308841 -0.720855 11.32 
1.357 2 1 2 0.4828 0.3120 0.4574 0.0613 0.293137 -0.723918 11.32 
1.374 2 1 2 0.5006 0.2633 0.4634 0.0631 0.269582 -0.727329 11.31 
1.391 2 1 2 0.5006 0.2166 0.4695 0.0647 0.240791 -0.732120 11.32 
1.408 2 1 2 0.5201 0.1801 0.4751 0.0659 0.209384 -0.738119 11.32 
1.425 2 1 2 0.4828 0.1704 0.4806 0.0670 0.172742 -0.745052 11.32 
1.442 2 1 2 0.5071 0.1176 0.4860 0.0679 0.133482 -0.751701 11.32 
1.459 2 1 2 0.5481 0.1067 0.4911 0.0684 0.088988 -0.757481 11.31 
1.476 2 1 2 0.5132 0.0803 0.4959 0.0687 0.041877 -0.765599 11.31 
1.493 2 1 2 0.4828 0.0519 0.5008 0.0688 -0.005235 -0.773389 11.31 
1.510 2 1 2 0.4945 0.0442 0.5053 0.0687 -0.057581 -0.782339 11.32 
1.527 2 1 2 0.4406 0.0239 0.5095 0.0684 -0.107309 -0.790917 11.32 
1.544 2 1 2 0.4884 0.0227 0.5139 0.0678 -0.159655 -0.800424 11.32 
1.561 2 1 2 0.4771 0.0122 0.5181 0.0670 -0.214618 -0.809246 11.31 
1.578 2 1 2 0.5006 0.0077 0.5221 0.0660 -0.266964 -0.818561 11.32 
1.595 2 1 2 0.4661 0.0057 0.5259 0.0648 -0.319310 -0.826941 11.32 
1.612 2 1 2 0.4828 0.0045 0.5298 0.0635 -0.371656 -0.833208 11.31 
1.629 2 1 2 0.4714 0.0037 0.5333 0.0620 -0.421385 -0.841346 11.32 
1.646 2 1 2 0.4138 0.0032 0.5368 0.0603 -0.471114 -0.847445 11.32 
1.663 2 1 2 0.4406 0.0028 0.5404 0.0584 -0.523459 -0.854889 11.31 
1.680 2 1 2 0.4361 0.0024 0.5437 0.0564 -0.573187 -0.862841 11.31 
1.697 2 1 2 0.4507 0.0020 0.5468 0.0542 -0.622915 -0.869086 11.32 
1.714 2 1 2 0.4406 0.0020 0.5497 0.0520 -0.670025 -0.875278 11.31 
1.731 2 1 2 0.3651 0.0016 0.5527 0.0495 -0.719753 -0.881982 11.31 
1.748 2 1 2 0.4454 0.0016 0.5554 0.0471 -0.766864 -0.888742 11.32 
1.765 2 1 2 0.4179 0.0016 0.5581 0.0443 -0.816591 -0.895203 11.31 
1.782 2 1 2 0.4138 0.0012 0.5605 0.0416 -0.863702 -0.901105 11.32 
1.799 2 1 2 0.3976 0.0012 0.5628 0.0388 -0.910813 -0.907376 11.32 
1.816 2 1 2 0.4312 0.0012 0.5650 0.0358 -0.957923 -0.913752 11.31 
1.833 2 1 2 0.4361 0.0012 0.5669 0.0330 -1.002416 -0.920308 11.32 
1.850 2 1 2 0.4454 0.0012 0.5689 0.0297 -1.052145 -0.926891 11.31 
1.867 2 1 2 0.3753 0.0008 0.5706 0.0266 -1.096640 -0.932749 11.31 
1.884 2 1 2 0.4097 0.0008 0.5721 0.0235 -1.141135 -0.938924 11.31 
1.901 2 1 2 0.3935 0.0008 0.5734 0.0204 -1.185630 -0.943853 11.31 
1.918 2 1 2 0.4057 0.0008 0.5747 0.0171 -1.230125 -0.949004 11.32 
1.935 2 1 2 0.3789 0.0008 0.5758 0.0137 -1.277237 -0.954040 11.31 
1.952 2 1 2 0.3619 0.0008 0.5767 0.0104 -1.321733 -0.957820 11.31 
1.969 2 1 2 0.3935 0.0008 0.5775 0.0072 -1.363610 -0.961589 11.29 
1.986 2 1 2 0.3688 0.0008 0.5781 0.0038 -1.408105 -0.966115 11.32 
2.003 2 1 2 0.3899 0.0008 0.5786 0.0004 -1.452600 -0.971098 11.32 
2.020 2 1 2 0.4312 0.0008 0.5789 -0.0030 -1.497094 -0.976318 11.32 
2.037 2 1 2 0.3826 0.0004 0.5791 -0.0063 -1.538972 -0.980669 11.31 
2.054 2 1 1 0.4057 0.0004 0.5791 -0.0097 -1.583467 -0.984462 11.31 
2.071 2 1 1 0.3899 0.0004 0.5790 -0.0132 -1.627962 -0.988658 11.28 
2.088 2 1 1 0.3753 0.0004 0.5787 -0.0164 -1.669840 -0.991582 11.31 
2.105 2 1 1 0.3651 0.0004 0.5783 -0.0198 -1.714335 -0.995301 11.31 
2.122 2 1 1 0.3899 0.0422 0.5777 -0.0234 -1.750978 -1.000569 11.31 
2.139 2 1 1 0.4223 0.0345 0.5770 -0.0270 -1.792856 -1.004210 11.31 
2.156 2 1 1 0.3436 0.0755 0.5762 -0.0306 -1.824264 -1.006695 11.31 
2.173 2 1 1 0.3379 0.0828 0.5752 -0.0341 -1.855672 -1.007972 11.31 
2.190 2 1 1 0.3558 0.1176 0.5739 -0.0381 -1.884463 -1.008726 11.31 
2.207 2 1 1 0.3753 0.1363 0.5725 -0.0424 -1.910636 -1.009316 11.30 
2.224 2 1 1 0.4179 0.1623 0.5710 -0.0466 -1.931575 -1.010854 11.30 
2.241 2 1 1 0.3753 0.2215 0.5693 -0.0509 -1.949897 -1.011277 11.30 
2.258 2 1 1 0.3002 0.2179 0.5674 -0.0554 -1.965601 -1.009737 11.30 
2.275 2 1 1 0.3826 0.2702 0.5653 -0.0605 -1.978688 -1.007411 11.30 
2.292 2 1 1 0.3862 0.2442 0.5632 -0.0653 -1.989157 -1.005955 11.31 
2.309 2 1 1 0.3753 0.2856 0.5609 -0.0703 -1.997009 -1.005600 11.30 
2.326 2 1 1 0.3651 0.3168 0.5585 -0.0754 -2.007479 -1.004036 11.31 
2.343 2 1 1 0.3619 0.3245 0.5561 -0.0806 -2.012713 -1.001140 11.30 
2.360 2 1 1 0.3862 0.3071 0.5535 -0.0861 -2.017948 -0.998210 11.30 
2.377 2 1 1 0.3789 0.3298 0.5509 -0.0914 -2.025800 -0.996253 11.30 
2.394 2 1 1 0.4268 0.3465 0.5482 -0.0970 -2.033652 -0.994040 11.31 
2.411 2 1 1 0.3976 0.3586 0.5453 -0.1026 -2.036270 -0.991416 11.30 
2.428 2 1 1 0.4312 0.3619 0.5423 -0.1086 -2.044122 -0.990027 11.30 
2.445 2 1 1 0.3862 0.3753 0.5393 -0.1144 -2.049356 -0.987161 11.31 
2.462 2 1 1 0.4223 0.3651 0.5362 -0.1203 -2.057209 -0.985174 11.31 
2.479 2 1 1 0.4312 0.3379 0.5330 -0.1264 -2.067678 -0.981838 11.30 
2.496 2 1 1 0.4179 0.3619 0.5296 -0.1326 -2.075530 -0.979704 11.30 
2.513 2 1 1 0.4556 0.4057 0.5262 -0.1386 -2.080765 -0.977885 11.31 
2.530 2 1 1 0.4507 0.3826 0.5227 -0.1448 -2.088617 -0.974879 11.31 
2.547 2 1 1 0.4556 0.3899 0.5191 -0.1512 -2.093852 -0.974725 11.30 
2.564 2 1 1 0.4016 0.3826 0.5155 -0.1573 -2.101704 -0.970390 11.31 
2.581 2 1 1 0.4661 0.4097 0.5118 -0.1636 -2.106938 -0.967525 11.31 
2.598 2 1 1 0.4661 0.4312 0.5080 -0.1700 -2.109556 -0.965613 11.30 
2.615 2 1 1 0.4556 0.4268 0.5042 -0.1763 -2.114790 -0.961600 11.31 
2.632 2 1 1 0.4312 0.4312 0.5003 -0.1827 -2.117408 -0.958029 11.31 
2.649 2 1 1 0.4771 0.4454 0.4964 -0.1891 -2.120025 -0.954773 11.31 
2.666 2 1 1 0.4714 0.4661 0.4923 -0.1958 -2.122643 -0.952147 11.31 
2.683 2 1 1 0.4312 0.4714 0.4884 -0.2021 -2.122643 -0.949482 11.31 
2.700 2 1 1 0.4057 0.4771 0.4844 -0.2086 -2.122643 -0.945480 11.31 
2.717 2 1 1 0.4661 0.4609 0.4803 -0.2154 -2.120025 -0.942128 11.31 
2.734 2 1 1 0.4828 0.4771 0.4762 -0.2219 -2.120025 -0.938636 11.31 
2.751 2 1 1 0.4714 0.4884 0.4721 -0.2287 -2.117408 -0.935429 11.31 
2.768 2 1 1 0.4714 0.4884 0.4682 -0.2351 -2.114790 -0.932562 11.31 
2.785 2 1 1 0.5071 0.4714 0.4641 -0.2421 -2.114790 -0.928429 11.31 
2.802 2 1 1 0.4771 0.4828 0.4600 -0.2488 -2.112173 -0.926306 11.31 
2.819 2 1 1 0.5132 0.4661 0.4558 -0.2558 -2.112173 -0.924072 11.30 
2.836 2 1 1 0.5006 0.4714 0.4517 -0.2626 -2.114790 -0.922647 11.31 
2.853 2 1 1 0.5201 0.4771 0.4474 -0.2697 -2.117408 -0.921681 11.31 
2.870 2 1 1 0.4828 0.4771 0.4431 -0.2766 -2.122643 -0.920118 11.30 
2.887 2 1 1 0.4945 0.4556 0.4389 -0.2835 -2.127877 -0.917719 11.31 
2.904 2 1 1 0.5335 0.4609 0.4344 -0.2905 -2.135729 -0.916721 11.31 
2.921 2 1 1 0.4945 0.4771 0.4301 -0.2974 -2.140964 -0.914882 11.31 
2.938 2 1 1 0.5266 0.4771 0.4255 -0.3045 -2.146199 -0.912227 11.31 
2.955 2 1 1 0.5266 0.4828 0.4209 -0.3115 -2.154051 -0.910318 11.31 
2.972 2 1 1 0.5408 0.4771 0.4164 -0.3183 -2.159286 -0.907049 11.30 
2.989 2 1 1 0.5408 0.4945 0.4116 -0.3255 -2.161903 -0.904944 11.31 
3.006 2 1 1 0.5006 0.4884 0.4068 -0.3326 -2.167138 -0.899986 11.31 
3.023 2 1 1 0.5071 0.4945 0.4021 -0.3394 -2.169755 -0.896512 11.31 
3.040 2 1 1 0.5132 0.4945 0.3974 -0.3463 -2.172372 -0.892935 11.31 
3.057 2 1 1 0.4884 0.5266 0.3926 -0.3533 -2.172372 -0.891246 11.31 
3.074 2 1 2 0.5201 0.4945 0.3877 -0.3605 -2.174990 -0.888962 11.31 
3.091 2 1 2 0.5201 0.5006 0.3828 -0.3675 -2.174990 -0.887345 11.31 
3.108 2 1 2 0.5201 0.5006 0.3779 -0.3747 -2.177607 -0.884327 11.31 
3.125 2 1 2 0.5335 0.4771 0.3731 -0.3815 -2.180224 -0.882708 11.31 
3.142 2 1 2 0.5201 0.4507 0.3682 -0.3885 -2.185459 -0.881006 11.31 
3.159 2 1 2 0.5006 0.4609 0.3635 -0.3951 -2.190694 -0.878015 11.31 
3.176 2 1 2 0.5201 0.4223 0.3589 -0.4015 -2.198546 -0.875835 11.31 
3.193 2 1 2 0.4771 0.3720 0.3543 -0.4077 -2.214250 -0.874999 11.31 
3.210 2 1 2 0.5481 0.3323 0.3499 -0.4135 -2.235189 -0.875086 11.31 
3.227 2 1 2 0.5071 0.2503 0.3456 -0.4189 -2.261363 -0.876109 11.32 
3.244 2 1 2 0.5793 0.2398 0.3411 -0.4242 -2.292771 -0.878519 11.32 
3.261 2 1 2 0.5631 0.2037 0.3367 -0.4290 -2.329414 -0.881732 11.32 
3.278 2 1 2 0.5554 0.1777 0.3323 -0.4334 -2.368674 -0.885948 11.32 
3.295 2 1 2 0.5266 0.1383 0.3281 -0.4373 -2.415787 -0.890324 11.32 
3.312 2 1 2 0.5554 0.0998 0.3238 -0.4410 -2.462899 -0.896241 11.32 
3.329 2 1 2 0.5408 0.0864 0.3195 -0.4443 -2.512629 -0.901731 11.31 
3.346 2 1 2 0.5712 0.0617 0.3151 -0.4473 -2.564976 -0.909075 11.31 
3.363 2 1 2 0.5481 0.0434 0.3108 -0.4499 -2.619941 -0.915931 11.31 
3.380 2 1 2 0.5554 0.0268 0.3065 -0.4522 -2.677523 -0.922877 11.31 
3.397 2 1 2 0.5335 0.0183 0.3023 -0.4542 -2.737722 -0.932806 11.31 
3.414 2 1 2 0.5631 0.0170 0.2978 -0.4560 -2.795304 -0.942445 11.32 
3.431 2 1 2 0.5408 0.0122 0.2935 -0.4574 -2.852886 -0.951036 11.31 
3.448 2 1 2 0.5071 0.0081 0.2892 -0.4585 -2.910468 -0.957490 11.31 
3.465 2 1 2 0.5006 0.0061 0.2850 -0.4594 -2.965432 -0.965047 11.32 
3.482 2 1 2 0.5132 0.0045 0.2808 -0.4600 -3.020397 -0.971991 11.32 
3.499 2 1 2 0.4828 0.0037 0.2766 -0.4604 -3.075361 -0.979277 11.31 
3.516 2 1 2 0.4661 0.0032 0.2725 -0.4606 -3.127708 -0.986003 11.31 
3.533 2 1 1 0.4661 0.0028 0.2685 -0.4605 3.103130 -0.992442 11.31 
3.550 2 1 1 0.4771 0.0024 0.2642 -0.4603 3.048165 -0.997850 11.31 
3.567 2 1 1 0.3899 0.0020 0.2604 -0.4598 2.998435 -1.003392 11.32 
3.584 2 1 1 0.4312 0.0020 0.2562 -0.4591 2.943471 -1.008133 11.31 
3.601 2 1 1 0.4016 0.0016 0.2524 -0.4582 2.893741 -1.014238 11.31 
3.618 2 1 1 0.4312 0.0016 0.2485 -0.4571 2.846628 -1.019177 11.31 
3.635 2 1 1 0.4268 0.0276 0.2443 -0.4557 2.799516 -1.023796 11.31 
3.652 2 1 1 0.4057 0.0722 0.2405 -0.4543 2.757638 -1.027824 11.31 
3.669 2 1 1 0.3688 0.1010 0.2360 -0.4524 2.720995 -1.031989 11.31 
3.686 2 1 1 0.4312 0.1237 0.2320 -0.4505 2.684352 -1.035764 11.30 
3.703 2 1 1 0.4016 0.1351 0.2277 -0.4483 2.652944 -1.038072 11.31 
3.720 2 1 1 0.4609 0.1834 0.2232 -0.4458 2.624153 -1.040299 11.30 
3.737 2 1 1 0.3789 0.1911 0.2188 -0.4432 2.595362 -1.042885 11.31 
3.754 2 1 1 0.4771 0.1931 0.2140 -0.4402 2.569188 -1.044921 11.31 
3.771 2 1 1 0.4556 0.2215 0.2095 -0.4372 2.545632 -1.046859 11.31 
3.788 2 1 1 0.4714 0.2345 0.2048 -0.4339 2.519459 -1.046467 11.31 
3.805 2 1 1 0.4556 0.2686 0.2001 -0.4305 2.495902 -1.046263 11.30 
3.822 2 1 1 0.4507 0.2503 0.1956 -0.4270 2.474963 -1.045855 11.30 
3.839 2 1 1 0.3976 0.2580 0.1908 -0.4232 2.454025 -1.045982 11.30 
3.856 2 1 1 0.4507 0.3002 0.1862 -0.4193 2.433086 -1.044463 11.30 
3.873 2 1 1 0.4223 0.2795 0.1816 -0.4153 2.417382 -1.043995 11.30 
3.890 2 1 1 0.4057 0.3217 0.1767 -0.4110 2.401677 -1.041600 11.30 
3.907 2 1 1 0.4609 0.3168 0.1718 -0.4064 2.388591 -1.039481 11.30 
3.924 2 1 1 0.4312 0.3408 0.1671 -0.4019 2.378121 -1.036686 11.30 
3.941 2 1 1 0.4223 0.3753 0.1623 -0.3973 2.365034 -1.032364 11.30 
3.958 2 1 1 0.4406 0.3688 0.1576 -0.3926 2.357182 -1.028541 11.31 
3.975 2 1 1 0.3720 0.3935 0.1527 -0.3877 2.351948 -1.024066 11.30 
3.992 2 1 1 0.4057 0.3753 0.1479 -0.3828 2.346713 -1.020378 11.31 
4.009 2 1 1 0.4097 0.3651 0.1428 -0.3775 2.341478 -1.014851 11.30 
4.026 2 1 1 0.4223 0.4179 0.1378 -0.3724 2.338861 -1.009841 11.30 
4.043 2 1 1 0.4179 0.4223 0.1329 -0.3673 2.336243 -1.005863 11.31 
4.060 2 1 1 0.4556 0.4609 0.1280 -0.3622 2.333626 -1.001686 11.30 
4.077 2 1 1 0.4556 0.4556 0.1229 -0.3569 2.333626 -0.998269 11.30 
4.094 2 1 1 0.4179 0.4454 0.1177 -0.3515 2.336243 -0.994114 11.30 
4.111 2 1 1 0.4661 0.4454 0.1125 -0.3461 2.333626 -0.989858 11.31 
4.128 2 1 1 0.4556 0.4609 0.1072 -0.3405 2.333626 -0.985502 11.31 
4.145 2 1 1 0.4661 0.4609 0.1020 -0.3351 2.336243 -0.980557 11.31 
4.162 2 1 1 0.4661 0.4828 0.0965 -0.3294 2.338861 -0.977264 11.31 
4.179 2 1 1 0.3935 0.4771 0.0912 -0.3239 2.344095 -0.973198 11.30 
4.196 2 1 1 0.4714 0.4828 0.0856 -0.3182 2.346713 -0.967675 11.30 
4.213 2 1 1 0.4556 0.4884 0.0802 -0.3127 2.351948 -0.962703 11.30 
4.230 2 1 1 0.4661 0.4945 0.0745 -0.3070 2.357182 -0.958832 11.30 
4.247 2 1 1 0.4268 0.5071 0.0691 -0.3015 2.362417 -0.954331 11.31 
4.264 2 1 1 0.4406 0.5071 0.0633 -0.2958 2.367652 -0.950533 11.31 
4.281 2 1 1 0.4057 0.5006 0.0575 -0.2902 2.372886 -0.945619 11.31 
4.298 2 1 1 0.4661 0.4945 0.0516 -0.2845 2.372886 -0.942332 11.30 
4.315 2 1 1 0.4507 0.4884 0.0458 -0.2789 2.378121 -0.938899 11.31 
4.332 2 1 1 0.4661 0.4828 0.0399 -0.2733 2.378121 -0.935860 11.30 
4.349 2 1 1 0.4884 0.4828 0.0342 -0.2678 2.380738 -0.933444 11.31 
4.366 2 1 1 0.5071 0.4661 0.0282 -0.2621 2.378121 -0.929779 11.30 
4.383 2 1 1 0.4945 0.4609 0.0223 -0.2565 2.378121 -0.927434 11.31 
4.400 2 1 1 0.4884 0.4661 0.0163 -0.2507 2.375504 -0.924899 11.31 
4.417 2 1 1 0.5201 0.4661 0.0103 -0.2449 2.372886 -0.922211 11.30 
4.434 2 1 1 0.5006 0.4714 0.0045 -0.2393 2.372886 -0.919666 11.31 
4.451 2 1 1 0.5132 0.4828 -0.0016 -0.2334 2.367652 -0.915296 11.31 
4.468 2 1 1 0.5201 0.4828 -0.0075 -0.2276 2.370269 -0.912254 11.31 
4.485 2 1 1 0.4771 0.5006 -0.0136 -0.2216 2.370269 -0.908700 11.31 
4.502 2 1 1 0.4945 0.5006 -0.0196 -0.2158 2.367652 -0.905623 11.31 
4.519 2 1 1 0.4884 0.5132 -0.0257 -0.2099 2.372886 -0.901947 11.31 
4.536 2 1 2 0.4661 0.5201 -0.0318 -0.2039 2.372886 -0.897323 11.31 
4.553 2 1 2 0.4609 0.5266 -0.0380 -0.1980 2.378121 -0.895163 11.31 
4.570 2 1 2 0.4945 0.5201 -0.0443 -0.1920 2.380738 -0.893131 11.31 
4.587 2 1 2 0.4556 0.4828 -0.0504 -0.1861 2.380738 -0.889932 11.31 
4.604 2 1 2 0.4771 0.4661 -0.0562 -0.1807 2.378121 -0.886580 11.31 
4.621 2 1 2 0.4945 0.4828 -0.0622 -0.1749 2.375504 -0.884026 11.31 
4.638 2 1 2 0.5266 0.4312 -0.0678 -0.1694 2.367652 -0.881849 11.31 
4.655 2 1 2 0.5132 0.3651 -0.0733 -0.1640 2.357182 -0.882369 11.32 
4.672 2 1 2 0.5481 0.3120 -0.0784 -0.1588 2.336243 -0.881875 11.31 
4.689 2 1 2 0.5335 0.2795 -0.0832 -0.1537 2.310070 -0.883849 11.31 
4.706 2 1 2 0.5201 0.2426 -0.0876 -0.1487 2.281279 -0.887437 11.31 
4.723 2 1 2 0.5266 0.1903 -0.0916 -0.1439 2.247253 -0.891489 11.31 
4.740 2 1 2 0.5712 0.1639 -0.0953 -0.1391 2.205375 -0.896539 11.31 
4.757 2 1 2 0.5132 0.1160 -0.0986 -0.1344 2.163498 -0.901427 11.31 
4.774 2 1 2 0.5631 0.1071 -0.1017 -0.1296 2.116385 -0.905829 11.32 
4.791 2 1 2 0.5481 0.0840 -0.1042 -0.1252 2.066655 -0.911098 11.31 
4.808 2 1 2 0.5335 0.0677 -0.1065 -0.1207 2.016926 -0.916815 11.31 
4.825 2 1 2 0.5554 0.0475 -0.1085 -0.1161 1.961962 -0.922806 11.32 
4.842 2 1 2 0.5132 0.0357 -0.1101 -0.1119 1.909616 -0.930088 11.31 
4.859 2 1 2 0.5266 0.0272 -0.1116 -0.1075 1.854652 -0.938461 11.31 
4.876 2 1 2 0.5071 0.0126 -0.1127 -0.1032 1.797072 -0.943696 11.31 
4.893 2 1 2 0.5408 0.0110 -0.1136 -0.0988 1.744725 -0.952379 11.31 
4.910 2 1 2 0.5266 0.0110 -0.1142 -0.0944 1.687145 -0.958203 11.31 
4.927 2 1 2 0.5266 0.0085 -0.1146 -0.0901 1.632181 -0.965016 11.31 
4.944 2 1 2 0.5201 0.0061 -0.1148 -0.0861 1.579835 -0.970865 11.31 
4.961 2 1 1 0.4884 0.0049 -0.1147 -0.0820 1.527488 -0.977006 11.31 
4.978 2 1 1 0.4945 0.0041 -0.1144 -0.0780 1.475142 -0.982326 11.31 
4.995 2 1 1 0.4609 0.0032 -0.1139 -0.0740 1.422795 -0.986096 11.31 
5.012 2 1 1 0.4661 0.0028 -0.1132 -0.0700 1.370449 -0.995326 11.31 
5.029 2 1 1 0.4268 0.0024 -0.1124 -0.0662 1.320719 -1.001034 11.31 
5.046 2 1 1 0.4312 0.0840 -0.1111 -0.0619 1.278842 -1.004542 11.31 
5.063 2 1 1 0.3976 0.0385 -0.1099 -0.0581 1.231730 -1.008368 11.31 
5.080 2 1 1 0.4507 0.0588 -0.1085 -0.0543 1.189852 -1.013468 11.31 
5.097 2 1 1 0.4016 0.0913 -0.1067 -0.0502 1.147975 -1.016989 11.30 
5.114 2 1 1 0.4406 0.0998 -0.1049 -0.0463 1.113949 -1.018855 11.30 
5.131 2 1 1 0.4361 0.1513 -0.1028 -0.0421 1.085158 -1.021877 11.30 
5.148 2 1 1 0.4268 0.1996 -0.1004 -0.0379 1.058985 -1.022648 11.30 
5.165 2 1 1 0.3976 0.2357 -0.0978 -0.0333 1.032812 -1.023155 11.30 
5.182 2 1 1 0.4057 0.2304 -0.0952 -0.0290 1.014490 -1.023626 11.31 
5.199 2 1 1 0.3586 0.2426 -0.0922 -0.0244 0.996169 -1.020617 11.30 
5.216 2 1 1 0.4057 0.2385 -0.0892 -0.0198 0.977848 -1.018261 11.30 
5.233 2 1 1 0.3935 0.2856 -0.0859 -0.0149 0.964762 -1.016254 11.30 
5.250 2 1 1 0.4223 0.2897 -0.0826 -0.0103 0.954293 -1.014346 11.30 
5.267 2 1 1 0.4312 0.3168 -0.0790 -0.0052 0.946441 -1.013803 11.30 
5.284 2 1 1 0.4138 0.3826 -0.0754 -0.0002 0.935972 -1.010904 11.30 
5.301 2 1 1 0.3558 0.3436 -0.0716 0.0048 0.928121 -1.007940 11.30 
5.318 2 1 1 0.3976 0.3465 -0.0677 0.0100 0.922886 -1.004364 11.30 
5.335 2 1 1 0.4016 0.3465 -0.0638 0.0152 0.917652 -0.998904 11.30 
5.352 2 1 1 0.4312 0.3826 -0.0597 0.0205 0.915034 -0.994819 11.30 
5.369 2 1 1 0.4312 0.4016 -0.0555 0.0259 0.909800 -0.992405 11.30 
5.386 2 1 1 0.4138 0.4097 -0.0513 0.0314 0.909800 -0.988671 11.30 
5.403 2 1 1 0.4454 0.4138 -0.0471 0.0368 0.909800 -0.985314 11.30 
5.420 2 1 1 0.4268 0.4361 -0.0426 0.0426 0.909800 -0.982274 11.31 
5.437 2 1 1 0.4507 0.4361 -0.0381 0.0484 0.909800 -0.978191 11.30 
5.454 2 1 1 0.4312 0.4223 -0.0336 0.0541 0.915034 -0.974474 11.30 
5.471 2 1 1 0.4268 0.4406 -0.0292 0.0599 0.915034 -0.971781 11.31 
5.488 2 1 1 0.3789 0.4361 -0.0246 0.0659 0.917652 -0.967480 11.30 
5.505 2 1 1 0.4312 0.4556 -0.0199 0.0720 0.917652 -0.964308 11.30 
5.522 2 1 1 0.3935 0.4714 -0.0154 0.0780 0.920269 -0.962048 11.30 
5.539 2 1 1 0.3789 0.4507 -0.0107 0.0841 0.920269 -0.958005 11.30 
5.556 2 1 1 0.4361 0.4556 -0.0060 0.0902 0.925503 -0.955344 11.30 
5.573 2 1 1 0.4312 0.4714 -0.0014 0.0964 0.925503 -0.951208 11.31 
5.590 2 1 1 0.4361 0.4556 0.0032 0.1025 0.925503 -0.946767 11.30 
5.607 2 1 1 0.4609 0.4771 0.0080 0.1089 0.928121 -0.942001 11.30 
5.624 2 1 1 0.4556 0.4714 0.0127 0.1152 0.930738 -0.937908 11.30 
5.641 2 1 1 0.4454 0.4828 0.0174 0.1216 0.933355 -0.933551 11.30 
5.658 2 1 1 0.4507 0.4884 0.0221 0.1279 0.935972 -0.928968 11.30 
5.675 2 1 1 0.4556 0.4828 0.0268 0.1343 0.938590 -0.925191 11.30 
5.692 2 1 1 0.4771 0.4771 0.0316 0.1408 0.943824 -0.921846 11.30 
5.709 2 1 1 0.4828 0.4884 0.0365 0.1476 0.946441 -0.918543 11.31 
5.726 2 1 1 0.4609 0.5006 0.0412 0.1542 0.951676 -0.914306 11.30 
5.743 2 1 1 0.4454 0.4945 0.0458 0.1606 0.954293 -0.909035 11.30 
5.760 2 1 1 0.4556 0.4945 0.0506 0.1674 0.962145 -0.904793 11.30 
5.777 2 1 1 0.4771 0.5132 0.0553 0.1743 0.964762 -0.901151 11.30 
5.794 2 1 1 0.4884 0.5266 0.0600 0.1811 0.972614 -0.898199 11.30 
5.811 2 1 1 0.4828 0.5132 0.0648 0.1882 0.977848 -0.894523 11.31 
5.828 2 1 1 0.4771 0.5408 0.0695 0.1951 0.980465 -0.890942 11.31 
5.845 2 1 1 0.4714 0.5266 0.0742 0.2022 0.990934 -0.888043 11.31 
5.862 2 1 1 0.4223 0.5335 0.0788 0.2093 0.996169 -0.884971 11.30 
5.879 2 1 1 0.4454 0.5335 0.0833 0.2163 1.004021 -0.881905 11.30 
5.896 2 1 1 0.4179 0.5408 0.0880 0.2237 1.011873 -0.878829 11.31 
5.913 2 1 1 0.4828 0.5554 0.0923 0.2307 1.019725 -0.876251 11.30 
5.930 2 1 1 0.4609 0.5554 0.0968 0.2380 1.024960 -0.873654 11.30 
5.947 2 1 1 0.4609 0.5266 0.1012 0.2453 1.030194 -0.871816 11.31 
5.964 2 1 2 0.4714 0.5071 0.1055 0.2526 1.035429 -0.871100 11.30 
5.981 2 1 2 0.4507 0.5071 0.1099 0.2600 1.035429 -0.868832 11.31 
5.998 2 1 2 0.4661 0.4884 0.1141 0.2671 1.038046 -0.865913 11.31 
6.015 2 1 2 0.4828 0.4771 0.1184 0.2743 1.035429 -0.864645 11.31 
6.032 2 1 2 0.5132 0.4223 0.1224 0.2811 1.027577 -0.863311 11.31 
6.049 2 1 2 0.4771 0.4138 0.1263 0.2875 1.019725 -0.860037 11.31 
6.066 2 1 2 0.5071 0.3688 0.1304 0.2940 1.009256 -0.859138 11.31 
6.083 2 1 2 0.5335 0.3298 0.1344 0.3001 0.988317 -0.859257 11.31 
6.100 2 1 2 0.5631 0.2722 0.1382 0.3059 0.967379 -0.860130 11.31 
6.117 2 1 2 0.5071 0.2369 0.1421 0.3113 0.938589 -0.861885 11.31 
6.134 2 1 2 0.5335 0.1976 0.1459 0.3163 0.904565 -0.864742 11.31 
6.151 2 1 2 0.4945 0.1675 0.1496 0.3209 0.865306 -0.867207 11.31 
6.168 2 1 2 0.5335 0.1371 0.1535 0.3253 0.826047 -0.873132 11.30 
6.185 2 1 2 0.5006 0.0966 0.1573 0.3292 0.781553 -0.879798 11.31 
6.202 2 1 2 0.5266 0.0840 0.1610 0.3327 0.731825 -0.885795 11.31 
6.219 2 1 2 0.5132 0.0609 0.1649 0.3360 0.682097 -0.891806 11.31 
6.236 2 1 2 0.5266 0.0422 0.1687 0.3390 0.629752 -0.900096 11.31 
6.253 2 1 2 0.5481 0.0337 0.1726 0.3416 0.574789 -0.908186 11.31 
6.270 2 1 2 0.5201 0.0162 0.1764 0.3439 0.517209 -0.917191 11.30 
6.287 2 1 2 0.5132 0.0146 0.1803 0.3460 0.464864 -0.926025 11.31 
6.304 2 1 2 0.4661 0.0130 0.1842 0.3478 0.409900 -0.932901 11.31 
6.321 2 1 2 0.4661 0.0081 0.1879 0.3494 0.357554 -0.940677 11.31 
6.338 2 1 2 0.4556 0.0061 0.1918 0.3507 0.305208 -0.948171 11.31 
6.355 2 1 2 0.4771 0.0049 0.1959 0.3518 0.250245 -0.955907 11.32 
6.372 2 1 2 0.5006 0.0041 0.1998 0.3527 0.197899 -0.963181 11.29 
6.389 2 1 2 0.4945 0.0032 0.2038 0.3534 0.145553 -0.969720 11.31 
6.406 2 1 2 0.4714 0.0028 0.2079 0.3539 0.093207 -0.975883 11.31 
6.423 2 1 2 0.4828 0.0024 0.2119 0.3542 0.040861 -0.980747 11.32 
6.440 2 1 4 0.4556 0.0020 0.2158 0.3543 -0.008867 -0.986078 11.31 
6.457 2 1 4 0.4556 0.0020 0.2198 0.3541 -0.061213 -0.990992 11.32 
6.474 2 1 4 0.4507 0.0016 0.2234 0.3538 -0.108325 -0.995336 11.29 
6.491 2 1 4 0.3586 0.0016 0.2271 0.3533 -0.155436 -0.999292 11.32 
6.508 2 1 4 0.4016 0.0016 0.2305 0.3527 -0.199930 -1.000714 11.32 
6.525 2 1 4 0.3753 0.0012 0.2336 0.3520 -0.241807 -1.004172 11.32 
6.542 2 1 4 0.2897 0.0012 0.2366 0.3512 -0.281066 -1.005937 11.32 
6.559 2 1 4 0.2442 0.0012 0.2389 0.3505 -0.312474 -1.007770 11.32 
6.576 2 1 4 0.2665 0.0012 0.2410 0.3498 -0.341264 -1.004504 11.30 
6.593 2 1 4 0.2089 0.0012 0.2429 0.3491 -0.367437 -1.001944 11.32 
6.610 2 1 4 0.1533 0.0008 0.2442 0.3486 -0.385758 -0.997975 11.32 
6.627 2 1 4 0.1412 0.0008 0.2455 0.3480 -0.398845 -0.993862 11.32 
6.644 2 1 4 0.0998 0.0008 0.2463 0.3477 -0.409314 -0.988417 11.32 
6.661 2 1 4 0.0511 0.0008 0.2467 0.3475 -0.414549 -0.983925 11.32 
6.678 2 1 4 0.0264 0.0008 0.2470 0.3474 -0.419783 -0.977391 11.30 
6.695 2 1 4 0.0219 0.0008 0.2470 0.3474 -0.419783 -0.972757 11.32 
6.712 2 1 4 0.0114 0.0008 0.2470 0.3474 -0.419783 -0.969876 11.32 
6.729 2 1 4 0.0077 0.0008 0.2470 0.3474 -0.419783 -0.966433 11.32 
6.746 2 1 4 0.0057 0.0008 0.2470 0.3474 -0.419783 -0.962631 11.32 
6.763 2 1 4 0.0045 0.0008 0.2470 0.3474 -0.419783 -0.959632 11.32 
6.780 2 1 4 0.0037 0.0008 0.2470 0.3474 -0.419783 -0.956357 11.32 
6.797 2 1 4 0.0032 0.0008 0.2470 0.3474 -0.419783 -0.952863 11.32 
6.814 2 1 4 0.0028 0.0008 0.2470 0.3474 -0.419783 -0.949924 11.32 
6.831 2 1 4 0.0024 0.0008 0.2470 0.3474 -0.419783 -0.946732 11.32 
6.848 2 1 4 0.0020 0.0008 0.2470 0.3474 -0.419783 -0.943505 11.32 
6.865 2 1 4 0.0020 0.0008 0.2470 0.3474 -0.419783 -0.940630 11.32 
6.882 2 1 4 0.0016 0.0008 0.2470 0.3474 -0.419783 -0.937584 11.32 
6.899 2 1 4 0.0016 0.0008 0.2470 0.3474 -0.419783 -0.934577 11.33 
6.916 2 1 4 0.0016 0.0008 0.2470 0.3474 -0.419783 -0.931879 11.32 
6.933 2 1 4 0.0012 0.0008 0.2470 0.3474 -0.419783 -0.928946 11.32 
