%% logfile from robot Vigga (37)
% Vigga (37)
%  1    time 0.015 sec
%  2  3  4   (mission 0), state 2, thread 1, line 1
%  5  6 Wheel velocity [m/s] left, right: -0.0000 -0.0000
%  7  8  9 10 Pose x,y,h,tilt [m,m,rad,rad]: 0 0 0 -0.786398
% 11    Battery voltage [V]: 11.30
0.032 2 1 1 -0.0000 -0.0000 0.0000 0.0000 0.000000 -0.786024 11.30 
0.049 2 1 1 -0.0000 -0.0000 0.0000 0.0000 0.000000 -0.785707 11.30 
0.066 2 1 1 -0.0000 -0.0000 0.0000 0.0000 0.000000 -0.785344 11.30 
0.083 2 1 1 0.0000 -0.0000 0.0002 -0.0000 -0.002617 -0.785084 11.29 
0.100 2 1 1 0.0000 0.0446 0.0006 -0.0000 0.002617 -0.784745 11.29 
0.117 2 1 1 0.0000 0.0207 0.0006 -0.0000 0.002617 -0.785421 11.29 
0.134 2 1 1 0.0398 0.0191 0.0012 0.0000 -0.000000 -0.786422 11.28 
0.151 2 1 1 0.0430 0.0329 0.0020 0.0000 -0.000000 -0.788404 11.28 
0.168 2 1 1 0.0633 0.0572 0.0028 0.0000 -0.000000 -0.790354 11.27 
0.185 2 1 1 0.0657 0.0734 0.0041 0.0000 -0.000000 -0.792071 11.27 
0.202 2 1 1 0.1793 0.1034 0.0059 0.0000 -0.002617 -0.792857 11.27 
0.219 2 1 1 0.1136 0.1116 0.0079 -0.0000 -0.002617 -0.795782 11.28 
0.236 2 1 1 0.1306 0.1266 0.0103 -0.0000 -0.002617 -0.797970 11.27 
0.253 2 1 1 0.1740 0.1732 0.0130 -0.0000 -0.005235 -0.799241 11.27 
0.270 2 1 1 0.1809 0.1655 0.0160 -0.0001 -0.013086 -0.801534 11.27 
0.287 2 1 1 0.2028 0.1761 0.0191 -0.0001 -0.015704 -0.803245 11.27 
0.304 2 1 1 0.2414 0.2028 0.0229 -0.0002 -0.018321 -0.804269 11.28 
0.321 2 1 1 0.1817 0.2037 0.0264 -0.0002 -0.020938 -0.807427 11.28 
0.338 2 1 1 0.2795 0.2503 0.0306 -0.0003 -0.023556 -0.808122 11.28 
0.355 2 1 1 0.2665 0.2369 0.0347 -0.0004 -0.028790 -0.811014 11.27 
0.372 2 1 1 0.2957 0.2519 0.0393 -0.0006 -0.031408 -0.811470 11.28 
0.389 2 1 1 0.3497 0.2442 0.0438 -0.0007 -0.036642 -0.813329 11.27 
0.406 2 1 1 0.2686 0.2815 0.0487 -0.0009 -0.036642 -0.814852 11.27 
0.423 2 1 1 0.2702 0.2876 0.0537 -0.0011 -0.044494 -0.814077 11.27 
0.440 2 1 1 0.3586 0.2759 0.0588 -0.0013 -0.047111 -0.815939 11.27 
0.457 2 1 1 0.2897 0.3245 0.0641 -0.0016 -0.047111 -0.816784 11.27 
0.474 2 1 1 0.2917 0.3168 0.0695 -0.0019 -0.049729 -0.815354 11.28 
0.491 2 1 1 0.3753 0.3245 0.0748 -0.0021 -0.049729 -0.814718 11.27 
0.508 2 1 1 0.3323 0.3465 0.0805 -0.0024 -0.049729 -0.815411 11.28 
0.525 2 1 1 0.2982 0.3525 0.0864 -0.0027 -0.052346 -0.814170 11.28 
0.542 2 1 1 0.3720 0.3351 0.0924 -0.0030 -0.052346 -0.813348 11.28 
0.559 2 1 1 0.3826 0.3619 0.0983 -0.0033 -0.049729 -0.813031 11.28 
0.576 2 1 1 0.3408 0.3789 0.1046 -0.0036 -0.047111 -0.813184 11.28 
0.593 2 1 1 0.3558 0.3899 0.1109 -0.0039 -0.044494 -0.811364 11.28 
0.610 2 1 1 0.3826 0.3789 0.1171 -0.0042 -0.047111 -0.809944 11.28 
0.627 2 1 1 0.4016 0.3619 0.1236 -0.0045 -0.041877 -0.807979 11.28 
0.644 2 1 1 0.3862 0.3862 0.1301 -0.0048 -0.036642 -0.806805 11.28 
0.661 2 1 1 0.3688 0.4138 0.1368 -0.0050 -0.034025 -0.805551 11.28 
0.678 2 1 1 0.3525 0.4179 0.1435 -0.0052 -0.031408 -0.803641 11.28 
0.695 2 1 1 0.3753 0.4179 0.1504 -0.0054 -0.026173 -0.801419 11.28 
0.712 2 1 1 0.4057 0.4361 0.1573 -0.0056 -0.020938 -0.798811 11.28 
0.729 2 1 1 0.3976 0.4556 0.1640 -0.0057 -0.013086 -0.798314 11.28 
0.746 2 1 1 0.4097 0.4556 0.1711 -0.0058 -0.010469 -0.797303 11.28 
0.763 2 1 1 0.3753 0.4609 0.1782 -0.0058 -0.002617 -0.794959 11.28 
0.780 2 1 1 0.3899 0.4556 0.1855 -0.0058 0.002617 -0.792907 11.28 
0.797 2 1 1 0.3525 0.4556 0.1926 -0.0058 0.010469 -0.791502 11.28 
0.814 2 1 1 0.4097 0.4714 0.2001 -0.0056 0.018321 -0.789503 11.28 
0.831 2 1 1 0.4312 0.4714 0.2074 -0.0055 0.023556 -0.788352 11.28 
0.848 2 1 1 0.4361 0.4828 0.2149 -0.0053 0.031408 -0.788585 11.28 
0.865 2 1 1 0.4138 0.4661 0.2224 -0.0051 0.034025 -0.787975 11.28 
0.882 2 1 1 0.4223 0.4609 0.2299 -0.0048 0.036642 -0.787643 11.28 
0.899 2 1 1 0.3976 0.4609 0.2374 -0.0045 0.039259 -0.786909 11.28 
0.916 2 1 1 0.3935 0.4714 0.2451 -0.0042 0.044494 -0.785350 11.28 
0.933 2 1 1 0.4179 0.4609 0.2528 -0.0039 0.044494 -0.785069 11.28 
0.950 2 1 1 0.4016 0.4609 0.2603 -0.0035 0.047111 -0.784305 11.28 
0.967 2 1 1 0.4312 0.4556 0.2680 -0.0032 0.047111 -0.783109 11.28 
0.984 2 1 1 0.4556 0.4661 0.2759 -0.0028 0.049729 -0.782209 11.28 
1.001 2 1 1 0.4268 0.4828 0.2836 -0.0024 0.049729 -0.781354 11.28 
1.018 2 1 1 0.3976 0.4714 0.2915 -0.0020 0.052346 -0.780777 11.28 
1.035 2 1 1 0.4609 0.4714 0.2994 -0.0015 0.054963 -0.779909 11.28 
1.052 2 1 1 0.4507 0.4945 0.3073 -0.0011 0.057580 -0.778321 11.28 
1.069 2 1 1 0.4179 0.4771 0.3152 -0.0006 0.060198 -0.776331 11.28 
1.086 2 1 1 0.3899 0.4945 0.3233 -0.0001 0.065432 -0.773919 11.28 
1.103 2 1 1 0.4454 0.4884 0.3312 0.0004 0.068050 -0.772413 11.28 
1.120 2 1 1 0.4714 0.4884 0.3391 0.0010 0.075902 -0.771234 11.28 
1.137 2 1 1 0.4609 0.5132 0.3472 0.0016 0.081136 -0.769350 11.28 
1.154 2 1 1 0.4661 0.5006 0.3552 0.0023 0.086371 -0.766940 11.28 
1.171 2 1 1 0.5006 0.5071 0.3633 0.0030 0.091605 -0.764849 11.28 
1.188 2 1 1 0.4661 0.5201 0.3716 0.0038 0.099457 -0.762956 11.28 
1.205 2 1 1 0.4771 0.5201 0.3797 0.0046 0.104692 -0.761042 11.28 
1.222 2 1 1 0.4714 0.5335 0.3879 0.0055 0.112544 -0.760228 11.28 
1.239 2 1 1 0.4828 0.5266 0.3964 0.0065 0.117778 -0.759214 11.28 
1.256 2 1 2 0.5006 0.5335 0.4047 0.0075 0.125630 -0.757594 11.28 
1.273 2 1 2 0.4609 0.5201 0.4127 0.0085 0.130865 -0.755084 11.28 
1.290 2 1 2 0.4454 0.5335 0.4207 0.0096 0.141334 -0.753566 11.28 
1.307 2 1 2 0.4138 0.5266 0.4288 0.0108 0.151803 -0.751476 11.28 
1.324 2 1 2 0.4138 0.5266 0.4368 0.0121 0.162272 -0.748330 11.29 
1.341 2 1 2 0.3753 0.5335 0.4444 0.0134 0.177976 -0.745251 11.29 
1.358 2 1 2 0.3144 0.5335 0.4518 0.0148 0.196297 -0.741058 11.29 
1.375 2 1 2 0.3002 0.5335 0.4585 0.0162 0.222470 -0.734639 11.29 
1.392 2 1 2 0.2957 0.5631 0.4654 0.0179 0.251261 -0.724783 11.29 
1.409 2 1 2 0.1959 0.5408 0.4719 0.0196 0.285286 -0.714347 11.29 
1.426 2 1 2 0.1533 0.5554 0.4779 0.0215 0.324545 -0.704730 11.29 
1.443 2 1 2 0.1323 0.5554 0.4834 0.0235 0.369039 -0.693861 11.29 
1.460 2 1 2 0.1099 0.5631 0.4886 0.0257 0.416150 -0.683877 11.29 
1.477 2 1 2 0.0884 0.5631 0.4936 0.0280 0.465879 -0.672940 11.29 
1.494 2 1 2 0.0519 0.5481 0.4984 0.0306 0.520842 -0.664931 11.29 
1.511 2 1 2 0.0434 0.5481 0.5026 0.0332 0.578422 -0.653924 11.29 
1.528 2 1 2 0.0272 0.5335 0.5066 0.0359 0.630768 -0.643084 11.29 
1.545 2 1 2 0.0215 0.5266 0.5102 0.0388 0.690965 -0.632717 11.29 
1.562 2 1 2 0.0114 0.5266 0.5136 0.0417 0.748545 -0.622904 11.29 
1.579 2 1 2 0.0077 0.5132 0.5168 0.0449 0.806125 -0.613741 11.29 
1.596 2 1 2 0.0057 0.5266 0.5196 0.0480 0.861087 -0.606058 11.29 
1.613 2 1 2 0.0045 0.4884 0.5223 0.0513 0.916050 -0.599262 11.29 
1.630 2 1 2 0.0037 0.4714 0.5247 0.0546 0.968395 -0.592578 11.29 
1.647 2 1 2 0.0032 0.4507 0.5268 0.0578 1.018123 -0.586789 11.29 
1.664 2 1 2 0.0028 0.4406 0.5287 0.0610 1.065235 -0.581345 11.29 
1.681 2 1 2 0.0024 0.4507 0.5304 0.0644 1.114965 -0.575867 11.29 
1.698 2 1 2 0.0020 0.4454 0.5320 0.0677 1.162077 -0.569522 11.29 
1.715 2 1 2 0.0020 0.4406 0.5333 0.0711 1.209189 -0.563740 11.29 
1.732 2 1 2 0.0016 0.4507 0.5345 0.0744 1.253684 -0.558413 11.29 
1.749 2 1 2 0.0016 0.4312 0.5356 0.0778 1.300796 -0.553166 11.29 
1.766 2 1 2 0.0016 0.4179 0.5364 0.0812 1.345291 -0.547842 11.29 
1.783 2 1 2 0.0012 0.4057 0.5371 0.0846 1.389787 -0.543264 11.29 
1.800 2 1 2 0.0012 0.4016 0.5377 0.0884 1.434281 -0.538304 11.29 
1.817 2 1 2 0.0012 0.3826 0.5381 0.0918 1.478776 -0.533552 11.29 
1.834 2 1 2 0.0012 0.3935 0.5383 0.0952 1.523271 -0.529230 11.29 
1.851 2 1 2 0.0081 0.4057 0.5384 0.0989 1.565149 -0.524607 11.29 
1.868 2 1 1 0.0178 0.4223 0.5384 0.1025 1.607027 -0.520880 11.29 
1.885 2 1 1 0.0178 0.4223 0.5382 0.1060 1.651522 -0.516883 11.29 
1.902 2 1 1 0.0110 0.4057 0.5378 0.1094 1.696017 -0.511995 11.29 
1.919 2 1 1 0.0746 0.3899 0.5372 0.1134 1.732660 -0.508191 11.28 
1.936 2 1 1 0.0649 0.3826 0.5365 0.1174 1.769303 -0.506728 11.28 
1.953 2 1 1 0.0462 0.3935 0.5357 0.1210 1.805946 -0.505688 11.28 
1.970 2 1 1 0.1412 0.3789 0.5346 0.1251 1.839972 -0.504336 11.28 
1.987 2 1 1 0.1367 0.3976 0.5334 0.1294 1.866145 -0.505542 11.27 
2.004 2 1 1 0.1323 0.4057 0.5320 0.1336 1.892319 -0.506419 11.27 
2.021 2 1 1 0.2122 0.4057 0.5305 0.1380 1.915875 -0.507611 11.27 
2.038 2 1 1 0.2215 0.4057 0.5287 0.1430 1.936814 -0.509082 11.27 
2.055 2 1 1 0.2110 0.3826 0.5268 0.1479 1.957753 -0.510981 11.27 
2.072 2 1 1 0.2564 0.3826 0.5247 0.1530 1.970840 -0.511632 11.28 
2.089 2 1 1 0.3071 0.4057 0.5225 0.1580 1.989161 -0.513937 11.28 
2.106 2 1 1 0.2722 0.4312 0.5201 0.1632 2.004865 -0.515412 11.27 
2.123 2 1 1 0.2738 0.4138 0.5177 0.1683 2.020570 -0.516492 11.28 
2.140 2 1 1 0.2665 0.4268 0.5152 0.1734 2.036274 -0.518811 11.28 
2.157 2 1 1 0.2856 0.4138 0.5124 0.1788 2.046743 -0.519769 11.28 
2.174 2 1 1 0.3436 0.4097 0.5095 0.1844 2.059830 -0.523883 11.28 
2.191 2 1 1 0.3002 0.4507 0.5065 0.1899 2.072917 -0.525469 11.27 
2.208 2 1 1 0.3688 0.4179 0.5034 0.1956 2.083386 -0.525769 11.27 
2.225 2 1 1 0.3826 0.4406 0.5000 0.2014 2.096473 -0.528794 11.28 
2.242 2 1 1 0.3120 0.4507 0.4966 0.2071 2.109560 -0.530819 11.27 
2.259 2 1 1 0.3351 0.4454 0.4932 0.2129 2.117412 -0.531983 11.28 
2.276 2 1 1 0.3976 0.4454 0.4895 0.2187 2.133116 -0.534510 11.28 
2.293 2 1 1 0.3586 0.4828 0.4858 0.2246 2.143585 -0.538820 11.28 
2.310 2 1 1 0.3298 0.4714 0.4819 0.2305 2.156672 -0.541151 11.28 
2.327 2 1 1 0.3525 0.4609 0.4780 0.2364 2.164524 -0.542493 11.28 
2.344 2 1 1 0.3826 0.4609 0.4739 0.2424 2.174994 -0.543985 11.28 
2.361 2 1 1 0.4057 0.5006 0.4696 0.2486 2.188081 -0.546115 11.28 
2.378 2 1 1 0.4097 0.4828 0.4653 0.2545 2.198550 -0.548960 11.28 
2.395 2 1 1 0.3789 0.4945 0.4609 0.2606 2.206402 -0.550752 11.28 
2.412 2 1 1 0.4016 0.4771 0.4563 0.2667 2.216872 -0.552559 11.27 
2.429 2 1 1 0.4223 0.4945 0.4516 0.2729 2.227341 -0.553248 11.28 
2.446 2 1 1 0.4057 0.4884 0.4470 0.2788 2.235193 -0.554559 11.28 
2.463 2 1 1 0.3586 0.5071 0.4422 0.2848 2.245662 -0.557061 11.28 
2.480 2 1 1 0.4406 0.5071 0.4371 0.2912 2.250897 -0.558651 11.28 
2.497 2 1 1 0.4016 0.5201 0.4322 0.2971 2.261367 -0.560787 11.28 
2.514 2 1 1 0.4609 0.5071 0.4273 0.3031 2.266601 -0.562936 11.28 
2.531 2 1 1 0.4714 0.5006 0.4221 0.3093 2.271836 -0.563899 11.28 
2.548 2 1 1 0.4609 0.5006 0.4170 0.3153 2.279688 -0.565928 11.28 
2.565 2 1 1 0.5006 0.5006 0.4118 0.3213 2.282305 -0.567166 11.28 
2.582 2 1 1 0.4714 0.4945 0.4065 0.3274 2.287540 -0.570152 11.28 
2.599 2 1 1 0.4884 0.4945 0.4012 0.3335 2.292775 -0.572317 11.28 
2.616 2 1 1 0.5071 0.5006 0.3957 0.3398 2.290158 -0.573894 11.28 
2.633 2 1 1 0.4556 0.4771 0.3903 0.3459 2.295392 -0.577329 11.28 
2.650 2 1 1 0.4714 0.4828 0.3849 0.3520 2.295392 -0.579691 11.28 
2.667 2 1 1 0.4945 0.4884 0.3793 0.3583 2.295392 -0.582848 11.28 
2.684 2 1 1 0.5132 0.5006 0.3738 0.3645 2.298010 -0.586481 11.28 
2.701 2 1 1 0.5006 0.4884 0.3682 0.3708 2.295392 -0.589741 11.28 
2.718 2 1 1 0.5132 0.4945 0.3627 0.3770 2.292775 -0.593131 11.28 
2.735 2 1 1 0.5408 0.5071 0.3570 0.3836 2.290158 -0.597542 11.28 
2.752 2 1 1 0.5266 0.4884 0.3514 0.3900 2.284923 -0.602330 11.28 
2.769 2 1 1 0.5335 0.4828 0.3457 0.3966 2.282305 -0.605978 11.28 
2.786 2 1 1 0.5335 0.5006 0.3401 0.4030 2.277071 -0.610408 11.28 
2.803 2 1 1 0.5408 0.5006 0.3345 0.4097 2.274453 -0.613373 11.28 
2.820 2 1 1 0.5408 0.4884 0.3290 0.4162 2.269219 -0.616348 11.28 
2.837 2 1 1 0.5964 0.5071 0.3234 0.4229 2.261367 -0.617873 11.28 
2.854 2 1 2 0.5132 0.4884 0.3179 0.4296 2.258749 -0.620731 11.28 
2.871 2 1 2 0.5201 0.4945 0.3124 0.4364 2.256132 -0.622612 11.28 
2.888 2 1 2 0.4828 0.4828 0.3071 0.4428 2.253515 -0.621802 11.28 
2.905 2 1 2 0.5071 0.5071 0.3016 0.4496 2.256132 -0.622245 11.28 
2.922 2 1 2 0.4945 0.5071 0.2963 0.4560 2.258749 -0.622211 11.28 
2.939 2 1 2 0.3899 0.5201 0.2910 0.4625 2.261367 -0.621507 11.28 
2.956 2 1 2 0.4223 0.5335 0.2858 0.4687 2.271836 -0.620301 11.28 
2.973 2 1 2 0.3651 0.5481 0.2809 0.4744 2.290158 -0.617977 11.28 
2.990 2 1 2 0.3323 0.5554 0.2759 0.4800 2.313714 -0.611793 11.29 
3.007 2 1 2 0.2686 0.5335 0.2711 0.4851 2.342505 -0.604559 11.29 
3.024 2 1 2 0.2503 0.5631 0.2662 0.4900 2.373913 -0.597232 11.29 
3.041 2 1 2 0.1968 0.5712 0.2614 0.4944 2.415791 -0.590003 11.29 
3.058 2 1 2 0.1505 0.5631 0.2568 0.4984 2.457669 -0.581857 11.29 
3.075 2 1 2 0.1181 0.5964 0.2521 0.5020 2.507398 -0.573635 11.29 
3.092 2 1 2 0.0901 0.5554 0.2475 0.5052 2.559746 -0.566518 11.29 
3.109 2 1 2 0.0661 0.5793 0.2428 0.5081 2.614710 -0.556433 11.29 
3.126 2 1 2 0.0487 0.5712 0.2384 0.5105 2.669675 -0.548169 11.29 
3.143 2 1 2 0.0304 0.5631 0.2338 0.5127 2.729874 -0.540247 11.29 
3.160 2 1 2 0.0170 0.5554 0.2295 0.5144 2.790073 -0.531579 11.29 
3.177 2 1 2 0.0097 0.5481 0.2250 0.5159 2.850272 -0.523127 11.29 
3.194 2 1 2 0.0069 0.5408 0.2205 0.5171 2.910472 -0.515693 11.28 
3.211 2 1 2 0.0053 0.5408 0.2160 0.5180 2.970671 -0.508842 11.29 
3.228 2 1 2 0.0041 0.5408 0.2115 0.5187 3.028253 -0.502173 11.29 
3.245 2 1 2 0.0037 0.5266 0.2071 0.5190 3.085835 -0.496105 11.28 
3.262 2 1 2 0.0028 0.5266 0.2028 0.5192 3.140799 -0.490232 11.29 
3.279 2 1 1 0.0028 0.4884 0.1986 0.5190 -3.087421 -0.484348 11.29 
3.296 2 1 1 0.0024 0.4828 0.1943 0.5187 -3.032457 -0.478885 11.28 
3.313 2 1 1 0.0020 0.4884 0.1903 0.5181 -2.980110 -0.473246 11.29 
3.330 2 1 1 0.0020 0.4661 0.1863 0.5174 -2.927763 -0.467722 11.28 
3.347 2 1 1 0.0016 0.4771 0.1824 0.5164 -2.875415 -0.462627 11.28 
3.364 2 1 1 0.0897 0.4507 0.1781 0.5152 -2.833538 -0.458073 11.29 
3.381 2 1 1 0.0702 0.4454 0.1735 0.5136 -2.791660 -0.457565 11.28 
3.398 2 1 1 0.0775 0.4361 0.1695 0.5120 -2.752399 -0.456387 11.28 
3.415 2 1 1 0.1408 0.4268 0.1651 0.5101 -2.715756 -0.455614 11.28 
3.432 2 1 1 0.1469 0.4361 0.1607 0.5080 -2.684348 -0.456313 11.28 
3.449 2 1 1 0.1578 0.4312 0.1563 0.5058 -2.652940 -0.457710 11.27 
3.466 2 1 1 0.1947 0.4312 0.1515 0.5032 -2.629384 -0.458581 11.28 
3.483 2 1 1 0.1724 0.4361 0.1470 0.5005 -2.603210 -0.460934 11.27 
3.500 2 1 1 0.2836 0.4406 0.1420 0.4975 -2.579654 -0.462207 11.27 
3.517 2 1 1 0.2775 0.4609 0.1370 0.4943 -2.561332 -0.464605 11.27 
3.534 2 1 1 0.2836 0.4714 0.1318 0.4908 -2.543011 -0.466412 11.27 
3.551 2 1 1 0.2426 0.4714 0.1269 0.4874 -2.524689 -0.469662 11.27 
3.568 2 1 1 0.3047 0.4714 0.1219 0.4837 -2.506368 -0.471382 11.27 
3.585 2 1 1 0.2897 0.4714 0.1168 0.4800 -2.488046 -0.474955 11.27 
3.602 2 1 1 0.2665 0.5006 0.1117 0.4760 -2.467107 -0.477706 11.27 
3.619 2 1 1 0.3436 0.4661 0.1065 0.4718 -2.454021 -0.478711 11.27 
3.636 2 1 1 0.3586 0.4771 0.1014 0.4674 -2.435699 -0.482612 11.27 
3.653 2 1 1 0.3144 0.4828 0.0962 0.4629 -2.419995 -0.485747 11.27 
3.670 2 1 1 0.3351 0.4714 0.0910 0.4583 -2.404291 -0.487649 11.27 
3.687 2 1 1 0.3753 0.4884 0.0861 0.4538 -2.391204 -0.490584 11.28 
3.704 2 1 1 0.3586 0.4771 0.0811 0.4491 -2.375500 -0.494523 11.28 
3.721 2 1 1 0.3436 0.4609 0.0760 0.4441 -2.367648 -0.497285 11.26 
3.738 2 1 1 0.3826 0.4661 0.0708 0.4390 -2.357178 -0.500033 11.27 
3.755 2 1 1 0.4312 0.4661 0.0658 0.4339 -2.349326 -0.503341 11.27 
3.772 2 1 1 0.4057 0.4661 0.0606 0.4286 -2.341474 -0.506867 11.27 
3.789 2 1 1 0.3935 0.4507 0.0556 0.4235 -2.338857 -0.513305 11.27 
3.806 2 1 1 0.4361 0.4609 0.0504 0.4181 -2.336239 -0.517834 11.27 
3.823 2 1 1 0.4179 0.4556 0.0452 0.4127 -2.333622 -0.521417 11.27 
3.840 2 1 1 0.4406 0.4556 0.0400 0.4072 -2.331005 -0.525686 11.27 
3.857 2 1 1 0.4454 0.4609 0.0347 0.4017 -2.331005 -0.529550 11.27 
3.874 2 1 1 0.4179 0.4661 0.0294 0.3961 -2.331005 -0.533674 11.28 
3.891 2 1 1 0.4057 0.4661 0.0242 0.3906 -2.333622 -0.536445 11.28 
3.908 2 1 1 0.4556 0.4661 0.0188 0.3849 -2.331005 -0.538995 11.28 
3.925 2 1 1 0.4406 0.4714 0.0133 0.3792 -2.328387 -0.540548 11.27 
3.942 2 1 1 0.4661 0.4884 0.0077 0.3733 -2.328387 -0.542651 11.27 
3.959 2 1 1 0.4179 0.4828 0.0023 0.3675 -2.325770 -0.544791 11.28 
3.976 2 1 1 0.4097 0.5132 -0.0031 0.3618 -2.317918 -0.546352 11.28 
3.993 2 1 1 0.4361 0.5132 -0.0087 0.3556 -2.315300 -0.548676 11.27 
4.010 2 1 1 0.4609 0.5266 -0.0141 0.3498 -2.307448 -0.550894 11.28 
4.027 2 1 1 0.4556 0.5071 -0.0196 0.3436 -2.304831 -0.552393 11.25 
4.044 2 1 1 0.3899 0.5132 -0.0252 0.3374 -2.296979 -0.554631 11.28 
4.061 2 1 1 0.4556 0.5201 -0.0307 0.3312 -2.289127 -0.556520 11.28 
4.078 2 1 1 0.4609 0.5132 -0.0361 0.3249 -2.281275 -0.558377 11.28 
4.095 2 1 1 0.4556 0.5408 -0.0414 0.3187 -2.276040 -0.560214 11.28 
4.112 2 1 1 0.4771 0.5335 -0.0470 0.3121 -2.268188 -0.561740 11.27 
4.129 2 1 1 0.3862 0.5266 -0.0524 0.3057 -2.260336 -0.563657 11.25 
4.146 2 1 1 0.3899 0.5335 -0.0578 0.2991 -2.255101 -0.564524 11.28 
4.163 2 1 1 0.4454 0.5266 -0.0630 0.2926 -2.247249 -0.565449 11.28 
4.180 2 1 1 0.4661 0.5408 -0.0683 0.2860 -2.236780 -0.565884 11.28 
4.197 2 1 1 0.4828 0.5335 -0.0735 0.2792 -2.226310 -0.567307 11.28 
4.214 2 1 1 0.4057 0.5335 -0.0787 0.2725 -2.221076 -0.567363 11.28 
4.231 2 1 1 0.4057 0.5793 -0.0838 0.2657 -2.210606 -0.567266 11.28 
4.248 2 1 1 0.4507 0.5481 -0.0889 0.2588 -2.200137 -0.568750 11.27 
4.265 2 1 2 0.4609 0.5408 -0.0940 0.2517 -2.192285 -0.570170 11.28 
4.282 2 1 2 0.4556 0.5481 -0.0989 0.2448 -2.181815 -0.570897 11.28 
4.299 2 1 2 0.3586 0.5712 -0.1037 0.2378 -2.166111 -0.569547 11.28 
4.316 2 1 2 0.4454 0.5712 -0.1084 0.2307 -2.150407 -0.569617 11.28 
4.333 2 1 2 0.3789 0.5712 -0.1127 0.2240 -2.132085 -0.568147 11.28 
4.350 2 1 2 0.4016 0.5712 -0.1169 0.2171 -2.111146 -0.566948 11.28 
4.367 2 1 2 0.2759 0.5712 -0.1208 0.2104 -2.084973 -0.566191 11.28 
4.384 2 1 2 0.3217 0.5712 -0.1244 0.2038 -2.056182 -0.561060 11.28 
4.401 2 1 2 0.2548 0.5712 -0.1277 0.1973 -2.024774 -0.555413 11.28 
4.418 2 1 2 0.2329 0.5712 -0.1305 0.1915 -1.988131 -0.549524 11.29 
4.435 2 1 2 0.1655 0.5878 -0.1329 0.1857 -1.943636 -0.541709 11.29 
4.452 2 1 2 0.1278 0.5712 -0.1350 0.1799 -1.896524 -0.534266 11.29 
4.469 2 1 2 0.0998 0.5712 -0.1367 0.1743 -1.846796 -0.524932 11.29 
4.486 2 1 2 0.0649 0.5631 -0.1381 0.1692 -1.794450 -0.518008 11.29 
4.503 2 1 2 0.0592 0.5481 -0.1390 0.1642 -1.739486 -0.508847 11.28 
4.520 2 1 2 0.0410 0.5481 -0.1398 0.1592 -1.684523 -0.501989 11.29 
4.537 2 1 2 0.0357 0.5481 -0.1402 0.1544 -1.626943 -0.494804 11.28 
4.554 2 1 3 0.0142 0.5408 -0.1403 0.1499 -1.569362 -0.488048 11.29 
4.571 2 1 1 0.0089 0.5408 -0.1402 0.1453 -1.509164 -0.481176 11.29 
4.588 2 1 1 0.0065 0.5335 -0.1398 0.1408 -1.451583 -0.474657 11.29 
4.605 2 1 1 0.0049 0.5006 -0.1391 0.1364 -1.394003 -0.469042 11.28 
4.622 2 1 1 0.0041 0.5071 -0.1382 0.1322 -1.339039 -0.464096 11.28 
4.639 2 1 1 0.0032 0.5266 -0.1371 0.1279 -1.281458 -0.458787 11.28 
4.656 2 1 1 0.0406 0.5201 -0.1356 0.1235 -1.231730 -0.453576 11.28 
4.673 2 1 1 0.0742 0.4945 -0.1339 0.1189 -1.184618 -0.450450 11.28 
4.690 2 1 1 0.0410 0.4771 -0.1322 0.1148 -1.137506 -0.449962 11.28 
4.707 2 1 1 0.0682 0.4884 -0.1301 0.1106 -1.093011 -0.447782 11.28 
4.724 2 1 1 0.1416 0.4609 -0.1278 0.1064 -1.056368 -0.448126 11.27 
4.741 2 1 1 0.1590 0.4406 -0.1252 0.1020 -1.022343 -0.449563 11.27 
4.758 2 1 1 0.1874 0.4361 -0.1225 0.0977 -0.993553 -0.451651 11.27 
4.775 2 1 1 0.1919 0.4312 -0.1195 0.0933 -0.962146 -0.453786 11.27 
4.792 2 1 1 0.2110 0.4454 -0.1163 0.0887 -0.941207 -0.455664 11.27 
4.809 2 1 1 0.2288 0.4179 -0.1131 0.0845 -0.920270 -0.458582 11.27 
4.826 2 1 1 0.2580 0.4097 -0.1095 0.0798 -0.901949 -0.460585 11.27 
4.843 2 1 1 0.3168 0.4097 -0.1058 0.0752 -0.883628 -0.463337 11.27 
4.860 2 1 1 0.2536 0.4057 -0.1019 0.0706 -0.867925 -0.465459 11.27 
4.877 2 1 1 0.3026 0.4057 -0.0978 0.0658 -0.854838 -0.466511 11.27 
4.894 2 1 1 0.3497 0.4179 -0.0937 0.0611 -0.841752 -0.470370 11.27 
4.911 2 1 1 0.3047 0.4507 -0.0895 0.0564 -0.828666 -0.473293 11.27 
4.928 2 1 1 0.3436 0.4556 -0.0849 0.0515 -0.815580 -0.474715 11.27 
4.945 2 1 1 0.3408 0.4609 -0.0804 0.0468 -0.799876 -0.478548 11.27 
4.962 2 1 1 0.2600 0.4945 -0.0757 0.0420 -0.786790 -0.480764 11.28 
4.979 2 1 1 0.3436 0.4661 -0.0708 0.0372 -0.776321 -0.482085 11.27 
4.996 2 1 1 0.3935 0.4609 -0.0659 0.0324 -0.760617 -0.485195 11.27 
5.013 2 1 1 0.3144 0.5006 -0.0607 0.0275 -0.747531 -0.489083 11.27 
5.030 2 1 1 0.3323 0.4884 -0.0555 0.0227 -0.734445 -0.491076 11.28 
5.047 2 1 1 0.3525 0.4556 -0.0502 0.0180 -0.726593 -0.492963 11.28 
5.064 2 1 1 0.4057 0.4714 -0.0447 0.0132 -0.710890 -0.495410 11.28 
5.081 2 1 1 0.3899 0.5006 -0.0393 0.0086 -0.697803 -0.498858 11.27 
5.098 2 1 1 0.3976 0.4884 -0.0336 0.0039 -0.687334 -0.501203 11.27 
5.115 2 1 1 0.3753 0.4771 -0.0278 -0.0008 -0.674248 -0.504605 11.27 
5.132 2 1 1 0.3935 0.4661 -0.0219 -0.0055 -0.666396 -0.507221 11.27 
5.149 2 1 1 0.4268 0.4771 -0.0160 -0.0101 -0.658545 -0.510904 11.27 
5.166 2 1 1 0.3651 0.4945 -0.0101 -0.0146 -0.650693 -0.514972 11.28 
5.183 2 1 1 0.4661 0.4714 -0.0039 -0.0193 -0.645459 -0.518179 11.27 
5.200 2 1 1 0.4406 0.4771 0.0023 -0.0239 -0.640224 -0.520835 11.28 
5.217 2 1 1 0.4097 0.4945 0.0085 -0.0285 -0.629755 -0.524096 11.28 
5.234 2 1 1 0.4361 0.4884 0.0147 -0.0330 -0.624521 -0.525903 11.28 
5.251 2 1 1 0.4179 0.5071 0.0211 -0.0376 -0.616669 -0.528192 11.28 
5.268 2 1 1 0.4312 0.5071 0.0276 -0.0421 -0.608817 -0.530183 11.27 
5.285 2 1 1 0.4361 0.4945 0.0340 -0.0465 -0.603583 -0.532330 11.28 
5.302 2 1 1 0.3976 0.5006 0.0405 -0.0510 -0.595731 -0.534321 11.28 
5.319 2 1 1 0.3651 0.5006 0.0469 -0.0553 -0.585262 -0.536156 11.28 
5.336 2 1 1 0.4057 0.5006 0.0538 -0.0598 -0.577410 -0.538363 11.27 
5.353 2 1 1 0.3586 0.5006 0.0603 -0.0640 -0.566941 -0.539760 11.28 
5.370 2 1 1 0.4507 0.5071 0.0672 -0.0684 -0.561707 -0.541717 11.27 
5.387 2 1 1 0.4454 0.5266 0.0741 -0.0726 -0.551238 -0.544218 11.27 
5.404 2 1 1 0.4661 0.5201 0.0810 -0.0769 -0.540769 -0.545789 11.28 
5.421 2 1 1 0.4609 0.5266 0.0882 -0.0811 -0.532917 -0.547297 11.28 
5.438 2 1 1 0.3862 0.5335 0.0950 -0.0851 -0.525065 -0.549026 11.27 
5.455 2 1 1 0.4771 0.5408 0.1022 -0.0892 -0.511979 -0.550624 11.27 
5.472 2 1 1 0.4556 0.5266 0.1095 -0.0933 -0.504127 -0.552540 11.28 
5.489 2 1 1 0.4406 0.5266 0.1168 -0.0972 -0.491041 -0.555239 11.28 
5.506 2 1 1 0.4138 0.5554 0.1240 -0.1010 -0.480572 -0.555797 11.27 
5.523 2 1 1 0.4406 0.5481 0.1312 -0.1047 -0.470103 -0.556125 11.28 
5.540 2 1 1 0.4406 0.5481 0.1388 -0.1086 -0.459633 -0.557163 11.28 
5.557 2 1 1 0.4223 0.5408 0.1461 -0.1121 -0.449164 -0.559224 11.28 
5.574 2 1 2 0.4406 0.5408 0.1538 -0.1158 -0.438695 -0.560993 11.27 
5.591 2 1 2 0.3976 0.5481 0.1611 -0.1192 -0.428226 -0.561308 11.28 
5.608 2 1 2 0.4057 0.5201 0.1685 -0.1225 -0.417757 -0.562304 11.28 
5.625 2 1 2 0.4179 0.5266 0.1760 -0.1257 -0.402053 -0.561365 11.28 
5.642 2 1 2 0.3408 0.5408 0.1831 -0.1287 -0.386349 -0.560962 11.28 
5.659 2 1 2 0.3270 0.5554 0.1904 -0.1316 -0.368028 -0.560742 11.28 
5.676 2 1 2 0.2856 0.5631 0.1973 -0.1342 -0.341855 -0.558755 11.28 
5.693 2 1 2 0.2471 0.5408 0.2034 -0.1362 -0.310447 -0.553679 11.29 
5.710 2 1 2 0.2252 0.5712 0.2102 -0.1383 -0.276422 -0.546318 11.29 
5.727 2 1 2 0.1817 0.5631 0.2167 -0.1400 -0.237163 -0.539249 11.28 
5.744 2 1 2 0.1469 0.5712 0.2224 -0.1413 -0.192669 -0.532059 11.28 
5.761 2 1 2 0.1128 0.5878 0.2284 -0.1423 -0.145557 -0.524198 11.28 
5.778 2 1 2 0.0941 0.5631 0.2339 -0.1429 -0.090594 -0.516655 11.28 
5.795 2 1 2 0.0690 0.5793 0.2393 -0.1433 -0.035631 -0.509664 11.28 
5.812 2 1 4 0.0430 0.5631 0.2444 -0.1433 0.019332 -0.501222 11.29 
5.829 2 1 4 0.0381 0.5408 0.2493 -0.1431 0.076913 -0.493050 11.29 
5.846 2 1 4 0.0174 0.5266 0.2541 -0.1426 0.134493 -0.486216 11.29 
5.863 2 1 4 0.0174 0.5071 0.2583 -0.1419 0.189457 -0.479663 11.28 
5.880 2 1 4 0.0105 0.4609 0.2623 -0.1410 0.241803 -0.473065 11.29 
5.897 2 1 4 0.0073 0.3753 0.2658 -0.1401 0.288914 -0.467891 11.28 
5.914 2 1 4 0.0053 0.4138 0.2689 -0.1391 0.330791 -0.460928 11.29 
5.931 2 1 4 0.0045 0.3323 0.2718 -0.1380 0.370050 -0.457906 11.29 
5.948 2 1 4 0.0037 0.2759 0.2742 -0.1370 0.404075 -0.454987 11.29 
5.965 2 1 4 0.0032 0.2398 0.2762 -0.1361 0.427631 -0.453511 11.29 
5.982 2 1 4 0.0032 0.1793 0.2777 -0.1355 0.448569 -0.453578 11.29 
5.999 2 1 4 0.0154 0.1517 0.2792 -0.1347 0.464273 -0.455205 11.29 
6.016 2 1 4 0.0203 0.1164 0.2802 -0.1342 0.474742 -0.457281 11.29 
6.033 2 1 4 0.0146 0.0803 0.2810 -0.1338 0.485211 -0.459194 11.29 
6.050 2 1 4 0.0138 0.0519 0.2815 -0.1335 0.487829 -0.461281 11.29 
6.067 2 1 4 0.0122 0.0345 0.2817 -0.1334 0.490446 -0.464939 11.29 
6.084 2 1 4 0.0081 0.0256 0.2819 -0.1333 0.493063 -0.469410 11.29 
6.101 2 1 4 0.0057 0.0122 0.2819 -0.1333 0.493063 -0.474478 11.29 
6.118 2 1 4 0.0045 0.0081 0.2819 -0.1333 0.493063 -0.479584 11.29 
6.135 2 1 4 0.0037 0.0057 0.2819 -0.1333 0.493063 -0.484271 11.29 
6.152 2 1 4 0.0032 0.0045 0.2819 -0.1333 0.493063 -0.488914 11.29 
6.169 2 1 4 0.0028 0.0037 0.2819 -0.1333 0.493063 -0.493608 11.29 
6.186 2 1 4 0.0024 0.0032 0.2819 -0.1333 0.493063 -0.498209 11.29 
6.203 2 1 4 0.0020 0.0028 0.2819 -0.1333 0.493063 -0.502522 11.29 
6.220 2 1 4 0.0020 0.0024 0.2819 -0.1333 0.493063 -0.507037 11.29 
6.237 2 1 4 0.0016 0.0020 0.2819 -0.1333 0.493063 -0.511262 11.29 
6.254 2 1 4 0.0016 0.0020 0.2819 -0.1333 0.493063 -0.515505 11.29 
6.271 2 1 4 0.0016 0.0016 0.2819 -0.1333 0.493063 -0.519670 11.29 
6.288 2 1 4 0.0012 0.0016 0.2819 -0.1333 0.493063 -0.523792 11.29 
6.305 2 1 4 0.0012 0.0016 0.2819 -0.1333 0.493063 -0.527750 11.29 
