%% logfile from robot Mia (87)
% Mia (87)
%  1    time 0.000 sec
%  2  3  4   (mission 0), state 2, thread 1, line 0
%  5  6 Motor voltage [V] left, right: 1.2 1.2
%  7  8 Motor current left, right [A]: -0.022 -0.014
%  9 10 Wheel velocity [m/s] left, right: 0.0000 0.0000
% 11    Battery voltage [V]: 12.23
0.001 2 1 0 1.2 1.2 0.020 -0.039 0.0000 0.0000 12.22 
0.002 2 1 0 1.2 1.2 0.095 0.046 0.0000 0.0000 12.23 
0.003 2 1 0 1.2 1.2 0.146 0.065 0.0000 0.0000 12.23 
0.004 2 1 0 1.2 1.2 0.212 0.046 0.0000 0.0000 12.22 
0.005 2 1 0 1.2 1.2 0.213 0.043 0.0000 0.0000 12.22 
0.006 2 1 0 1.2 1.2 0.227 0.017 0.0000 0.0000 12.22 
0.007 2 1 0 1.2 1.2 0.207 0.025 0.0000 0.0000 12.23 
0.008 2 1 0 1.2 1.2 0.219 0.016 0.0000 0.0000 12.23 
0.009 2 1 0 1.2 1.2 0.223 0.013 0.0000 0.0000 12.23 
0.010 2 1 0 1.2 1.2 0.213 0.024 0.0000 0.0000 12.23 
0.011 2 1 0 1.2 1.2 0.216 0.020 0.0000 0.0000 12.23 
0.012 2 1 0 1.2 1.2 0.192 0.031 0.0000 0.0000 12.23 
0.013 2 1 0 1.2 1.2 0.153 0.040 0.0000 0.0000 12.23 
0.014 2 1 0 1.2 1.2 0.182 0.035 0.0000 0.0000 12.23 
0.015 2 1 0 1.2 1.2 0.180 0.026 0.0000 0.0000 12.23 
0.016 2 1 0 1.2 1.2 0.157 0.019 0.0775 0.0000 12.22 
0.017 2 1 0 1.2 1.2 0.184 0.011 0.0775 0.0000 12.23 
0.018 2 1 0 1.2 1.2 0.196 0.016 0.0775 0.0000 12.23 
0.019 2 1 0 1.2 1.2 0.167 0.016 0.0775 0.0000 12.23 
0.020 2 1 0 1.2 1.2 0.184 0.014 0.0775 0.0000 12.23 
0.021 2 1 0 1.2 1.2 0.179 0.008 0.0920 0.0000 12.23 
0.022 2 1 0 1.2 1.2 0.166 0.012 0.0920 0.0000 12.22 
0.023 2 1 0 1.2 1.2 0.164 0.004 0.0920 0.0000 12.23 
0.024 2 1 0 1.2 1.2 0.192 0.007 0.1060 0.0000 12.23 
0.025 2 1 0 1.2 1.2 0.178 0.012 0.1060 0.0000 12.22 
0.026 2 1 0 1.2 1.2 0.163 0.012 0.1060 0.0000 12.22 
0.027 2 1 0 1.2 1.2 0.174 0.026 0.1374 0.0000 12.23 
0.028 2 1 0 1.2 1.2 0.163 0.029 0.1374 0.0000 12.22 
0.029 2 1 0 1.2 1.2 0.135 0.029 0.1374 0.0000 12.23 
0.030 2 1 0 1.2 1.2 0.172 0.035 0.1345 0.0000 12.23 
0.031 2 1 0 1.2 1.2 0.184 0.022 0.1345 0.0000 12.23 
0.032 2 1 0 1.2 1.2 0.170 0.019 0.1345 0.0000 12.23 
0.033 2 1 0 1.2 1.2 0.170 0.005 0.1382 0.0000 12.24 
0.034 2 1 0 1.2 1.2 0.157 0.011 0.1382 0.0000 12.23 
0.035 2 1 0 1.2 1.2 0.154 0.001 0.1382 0.0000 12.22 
0.036 2 1 0 1.2 1.2 0.141 -0.015 0.1526 0.0000 12.22 
0.037 2 1 0 1.2 1.2 0.142 -0.010 0.1526 0.0000 12.22 
0.038 2 1 0 1.2 1.2 0.141 0.004 0.1856 0.0000 12.23 
0.039 2 1 0 1.2 1.2 0.121 0.019 0.1856 0.0000 12.23 
0.040 2 1 0 1.2 1.2 0.144 0.026 0.1735 0.0000 12.23 
0.041 2 1 0 1.2 1.2 0.151 0.008 0.1735 0.0000 12.23 
0.042 2 1 0 1.2 1.2 0.143 0.014 0.1735 0.0000 12.23 
0.043 2 1 0 1.2 1.2 0.109 -0.011 0.1707 0.0000 12.23 
0.044 2 1 0 1.2 1.2 0.114 -0.011 0.1707 0.0000 12.23 
0.045 2 1 0 1.2 1.2 0.111 -0.003 0.1791 0.0000 12.22 
0.046 2 1 0 1.2 1.2 0.108 0.013 0.1791 0.0000 12.23 
0.047 2 1 0 1.2 1.2 0.125 0.019 0.2028 0.0000 12.23 
0.048 2 1 0 1.2 1.2 0.105 0.015 0.2028 0.0000 12.23 
0.049 2 1 0 1.2 1.2 0.124 0.022 0.1920 0.0000 12.23 
0.050 2 1 0 1.2 1.2 0.130 0.034 0.1920 0.0000 12.22 
0.051 2 1 0 1.2 1.2 0.119 0.018 0.1815 0.0000 12.23 
0.052 2 1 0 1.2 1.2 0.142 0.013 0.1815 0.0000 12.22 
0.053 2 1 0 1.2 1.2 0.136 0.004 0.1815 0.0000 12.24 
0.054 2 1 0 1.2 1.2 0.108 0.022 0.1815 0.0000 12.23 
0.055 2 1 0 1.2 1.2 0.109 0.019 0.2229 0.0000 12.23 
0.056 2 1 0 1.2 1.2 0.109 0.015 0.2229 0.0000 12.23 
0.057 2 1 0 1.2 1.2 0.112 -0.005 0.2345 0.0000 12.23 
0.058 2 1 0 1.2 1.2 0.113 -0.001 0.2345 0.0000 12.23 
0.059 2 1 0 1.2 1.2 0.117 -0.004 0.1996 0.0000 12.23 
0.060 2 1 0 1.2 1.2 0.120 -0.005 0.1996 0.0000 12.23 
0.061 2 1 0 1.2 1.2 0.106 -0.002 0.1912 0.0000 12.23 
0.062 2 1 0 1.2 1.2 0.103 0.005 0.1912 0.0000 12.23 
0.063 2 1 0 1.2 1.2 0.133 0.031 0.2345 0.0000 12.23 
0.064 2 1 0 1.2 1.2 0.113 0.047 0.2293 0.0000 12.22 
0.065 2 1 0 1.2 1.2 0.113 0.027 0.2293 0.0000 12.23 
0.066 2 1 0 1.2 1.2 0.119 0.005 0.2133 0.0000 12.23 
0.067 2 1 0 1.2 1.2 0.110 0.005 0.2133 0.0000 12.23 
0.068 2 1 0 1.2 1.2 0.111 0.001 0.2157 0.0000 12.23 
0.069 2 1 0 1.2 1.2 0.106 -0.009 0.2157 0.0000 12.22 
0.070 2 1 0 1.2 1.2 0.113 0.026 0.2494 0.0000 12.23 
0.071 2 1 0 1.2 1.2 0.098 0.014 0.2390 0.0000 12.22 
0.072 2 1 0 1.2 1.2 0.106 0.014 0.2390 0.0000 12.23 
0.073 2 1 0 1.2 1.2 0.098 0.008 0.2217 0.0000 12.23 
0.074 2 1 0 1.2 1.2 0.088 0.006 0.2217 0.0000 12.23 
0.075 2 1 0 1.2 1.2 0.092 0.001 0.2374 0.0000 12.23 
0.076 2 1 0 1.2 1.2 0.110 0.019 0.2374 0.0000 12.24 
0.077 2 1 0 1.2 1.2 0.103 0.039 0.2607 0.0000 12.23 
0.078 2 1 0 1.2 1.2 0.091 0.019 0.2522 0.0000 12.23 
0.079 2 1 0 1.2 1.2 0.094 -0.009 0.2522 0.0000 12.23 
0.080 2 1 0 1.2 1.2 0.108 -0.003 0.2293 0.0000 12.23 
0.081 2 1 0 1.2 1.2 0.122 -0.013 0.2293 0.0000 12.23 
0.082 2 1 0 1.2 1.2 0.082 -0.000 0.2253 0.0000 12.23 
0.083 2 1 0 1.2 1.2 0.091 0.011 0.2659 0.0000 12.23 
0.084 2 1 0 1.2 1.2 0.084 0.026 0.2659 0.0000 12.23 
0.085 2 1 0 1.2 1.2 0.076 0.008 0.2574 0.0000 12.23 
0.086 2 1 0 1.2 1.2 0.083 0.011 0.2333 0.0000 12.23 
0.087 2 1 0 1.2 1.2 0.075 0.005 0.2333 0.0000 12.24 
0.088 2 1 0 1.2 1.2 0.060 -0.011 0.2446 0.0000 12.23 
0.089 2 1 0 1.2 1.2 0.076 -0.003 0.2446 0.0000 12.23 
0.090 2 1 0 1.2 1.2 0.102 0.019 0.2695 0.0000 12.23 
0.091 2 1 0 1.2 1.2 0.100 0.019 0.2446 0.0000 12.23 
0.092 2 1 0 1.2 1.2 0.102 0.018 0.2446 0.0000 12.23 
0.093 2 1 0 1.2 1.2 0.096 0.003 0.2345 0.0000 12.23 
0.094 2 1 0 1.2 1.2 0.103 -0.016 0.2345 0.0000 12.23 
0.095 2 1 0 1.2 1.2 0.094 -0.003 0.2390 0.0000 12.23 
0.096 2 1 0 1.2 1.2 0.065 0.009 0.2787 0.0000 12.23 
0.097 2 1 0 1.2 1.2 0.087 0.011 0.2695 0.0000 12.23 
0.098 2 1 0 1.2 1.2 0.098 0.015 0.2538 0.0000 12.22 
0.099 2 1 0 1.2 1.2 0.109 -0.003 0.2374 0.0000 12.23 
0.100 2 1 0 1.2 1.2 0.107 -0.008 0.2374 0.0000 12.23 
0.101 2 1 0 1.2 1.2 0.105 -0.000 0.2510 0.0000 12.23 
0.102 2 1 0 1.2 1.2 0.102 -0.007 0.2827 0.0000 12.23 
0.103 2 1 0 1.2 1.2 0.080 0.012 0.2827 0.0000 12.22 
0.104 2 1 0 1.2 1.2 0.098 0.007 0.2590 0.0000 12.23 
0.105 2 1 0 1.2 1.2 0.104 0.018 0.2434 0.0000 12.22 
0.106 2 1 0 1.2 1.2 0.110 0.019 0.2402 0.0000 12.23 
0.107 2 1 0 1.2 1.2 0.112 0.002 0.2554 0.0000 12.23 
0.108 2 1 0 1.2 1.2 0.108 -0.003 0.2888 0.0000 12.23 
0.109 2 1 0 1.2 1.2 0.093 0.007 0.2888 0.0000 12.23 
0.110 2 1 0 1.2 1.2 0.079 0.018 0.2522 0.0000 12.23 
0.111 2 1 0 1.2 1.2 0.088 -0.002 0.2522 0.0000 12.23 
0.112 2 1 0 1.2 1.2 0.106 0.010 0.2446 0.0000 12.23 
0.113 2 1 0 1.2 1.2 0.113 -0.015 0.2478 0.0000 12.23 
0.114 2 1 0 1.2 1.2 0.098 0.016 0.2478 0.0000 12.24 
0.115 2 1 0 1.2 1.2 0.084 0.016 0.2888 0.0000 12.23 
0.116 2 1 0 1.2 1.2 0.105 0.007 0.2623 0.0000 12.23 
0.117 2 1 0 1.2 1.2 0.112 -0.003 0.2623 0.0000 12.23 
0.118 2 1 0 1.2 1.2 0.110 -0.005 0.2494 0.0000 12.23 
0.119 2 1 0 1.2 1.2 0.112 -0.009 0.2554 0.0000 12.22 
0.120 2 1 0 1.2 1.2 0.095 0.003 0.2554 0.0000 12.23 
0.121 2 1 0 1.2 1.2 0.084 0.002 0.2972 0.0000 12.23 
0.122 2 1 0 1.2 1.2 0.076 0.017 0.2695 0.0000 12.23 
0.123 2 1 0 1.2 1.2 0.091 0.009 0.2695 0.0000 12.23 
0.124 2 1 0 1.2 1.2 0.087 0.007 0.2554 0.0000 12.23 
0.125 2 1 0 1.2 1.2 0.085 -0.001 0.2623 0.0000 12.23 
0.126 2 1 0 1.2 1.2 0.056 0.008 0.2623 0.0000 12.22 
0.127 2 1 0 1.2 1.2 0.079 0.018 0.2952 0.0000 12.23 
0.128 2 1 0 1.2 1.2 0.080 0.026 0.2731 0.0000 12.22 
0.129 2 1 0 1.2 1.2 0.088 0.007 0.2731 0.0052 12.23 
0.130 2 1 0 1.2 1.2 0.106 -0.017 0.2554 0.0052 12.23 
0.131 2 1 0 1.2 1.2 0.101 -0.032 0.2510 0.0052 12.22 
0.132 2 1 0 1.2 1.2 0.087 -0.018 0.2510 0.0052 12.23 
0.133 2 1 0 1.2 1.2 0.075 -0.007 0.2996 0.0052 12.23 
0.134 2 1 0 1.2 1.2 0.094 0.012 0.3113 0.0052 12.23 
0.135 2 1 0 1.2 1.2 0.099 -0.011 0.2675 0.0052 12.23 
0.136 2 1 0 1.2 1.2 0.097 -0.026 0.2623 0.0052 12.23 
0.137 2 1 0 1.2 1.2 0.110 -0.022 0.2462 0.0052 12.25 
0.138 2 1 0 1.2 1.2 0.118 -0.017 0.2462 0.0052 12.23 
0.139 2 1 0 1.2 1.2 0.110 -0.002 0.2972 0.0052 12.23 
0.140 2 1 0 1.2 1.2 0.110 -0.003 0.2888 0.0052 12.22 
0.141 2 1 0 1.2 1.2 0.107 -0.013 0.2639 0.0052 12.23 
0.142 2 1 0 1.2 1.2 0.116 -0.013 0.2639 0.0052 12.23 
0.143 2 1 0 1.2 1.2 0.086 -0.026 0.2659 0.0052 12.23 
0.144 2 1 0 1.2 1.2 0.068 -0.008 0.3040 0.0052 12.23 
0.145 2 1 0 1.2 1.2 0.073 -0.007 0.3040 0.0052 12.23 
0.146 2 1 0 1.2 1.2 0.090 -0.022 0.2908 0.0052 12.23 
0.147 2 1 0 1.2 1.2 0.092 -0.016 0.2607 0.0052 12.24 
0.148 2 1 0 1.2 1.2 0.242 -0.038 0.2607 0.0052 12.22 
0.149 2 1 0 1.2 1.2 0.225 -0.216 0.2767 0.0052 12.23 
0.150 2 1 0 1.2 1.2 0.139 -0.095 0.2996 0.0052 12.22 
0.151 2 1 0 1.2 1.2 0.107 -0.030 0.2908 0.0052 12.23 
0.152 2 1 0 1.2 1.2 0.103 -0.002 0.2908 0.0052 12.22 
0.153 2 1 0 1.2 1.2 0.102 -0.011 0.2623 0.0052 12.22 
0.154 2 1 0 1.2 1.2 0.091 -0.004 0.2607 0.0052 12.23 
0.155 2 1 0 1.2 1.2 0.083 -0.012 0.2607 0.0052 12.23 
0.156 2 1 0 1.2 1.2 0.072 -0.002 0.3064 0.0052 12.23 
0.157 2 1 0 1.2 1.2 0.083 0.008 0.2952 0.0052 12.23 
0.158 2 1 0 1.2 1.2 0.085 -0.013 0.2827 0.0052 12.22 
0.159 2 1 0 1.2 1.2 0.076 -0.023 0.2659 0.0052 12.23 
0.160 2 1 0 1.2 1.2 0.075 -0.004 0.2767 0.0052 12.23 
0.161 2 1 0 1.2 1.2 0.080 -0.010 0.3064 0.0052 12.23 
0.162 2 1 0 1.2 1.2 0.079 0.003 0.3064 0.0052 12.23 
0.163 2 1 0 1.2 1.2 0.062 -0.005 0.2747 0.0052 12.23 
0.164 2 1 0 1.2 1.2 0.072 -0.006 0.2639 0.0112 12.22 
0.165 2 1 0 1.2 1.2 0.086 -0.015 0.2639 0.0112 12.23 
0.166 2 1 0 1.2 1.2 0.073 -0.008 0.2675 0.0112 12.23 
0.167 2 1 0 1.2 1.2 0.035 0.003 0.3088 0.0112 12.24 
0.168 2 1 0 1.2 1.2 0.072 0.032 0.2928 0.0112 12.23 
0.169 2 1 0 1.2 1.2 0.046 0.019 0.2848 0.0112 12.23 
0.170 2 1 0 1.2 1.2 0.075 0.025 0.2623 0.0112 12.23 
0.171 2 1 0 1.2 1.2 0.083 0.016 0.2623 0.0112 12.23 
0.172 2 1 0 1.2 1.2 0.077 0.016 0.2767 0.0112 12.23 
0.173 2 1 0 1.2 1.2 0.048 0.009 0.3113 0.0112 12.23 
0.174 2 1 0 1.2 1.2 0.046 0.026 0.2848 0.0112 12.22 
0.175 2 1 0 1.2 1.2 0.072 0.031 0.2848 0.0112 12.22 
0.176 2 1 0 1.2 1.2 0.045 0.023 0.2639 0.0112 12.23 
0.177 2 1 0 1.2 1.2 0.068 0.012 0.2747 0.0112 12.23 
0.178 2 1 0 1.2 1.2 0.075 0.006 0.3161 0.0112 12.23 
0.179 2 1 0 1.2 1.2 0.055 0.018 0.3161 0.0112 12.23 
0.180 2 1 0 1.2 1.2 0.064 0.029 0.2731 0.0112 12.23 
0.181 2 1 0 1.2 1.2 0.058 0.021 0.2675 0.0112 12.23 
0.182 2 1 0 1.2 1.2 0.078 0.017 0.2675 0.0112 12.23 
0.183 2 1 0 1.2 1.2 0.082 0.012 0.2695 0.0112 12.22 
0.184 2 1 0 1.2 1.2 0.075 0.004 0.3185 0.0112 12.22 
0.185 2 1 0 1.2 1.2 0.067 0.014 0.3064 0.0112 12.22 
0.186 2 1 0 1.2 1.2 0.078 0.014 0.2848 0.0112 12.22 
0.187 2 1 0 1.2 1.2 0.089 -0.002 0.2695 0.0112 12.22 
0.188 2 1 0 1.2 1.2 0.081 0.015 0.2695 0.0112 12.22 
0.189 2 1 0 1.2 1.2 0.052 0.002 0.2767 0.0112 12.22 
0.190 2 1 0 1.2 1.2 0.068 0.024 0.3185 0.0112 12.23 
0.191 2 1 0 1.2 1.2 0.041 0.008 0.2888 0.0112 12.23 
0.192 2 1 0 1.2 1.2 0.073 0.013 0.2888 0.0112 12.23 
0.193 2 1 0 1.2 1.2 0.064 0.022 0.2731 0.0112 12.23 
0.194 2 1 0 1.2 1.2 0.039 0.028 0.2827 0.0112 12.23 
0.195 2 1 0 1.2 1.2 0.074 0.037 0.3185 0.0112 12.23 
0.196 2 1 0 1.2 1.2 0.066 0.033 0.3185 0.0112 12.22 
0.197 2 1 0 1.2 1.2 0.070 0.034 0.2928 0.0112 12.23 
0.198 2 1 0 1.2 1.2 0.069 0.023 0.2695 0.0112 12.22 
0.199 2 1 0 1.2 1.2 0.083 0.004 0.2695 0.0112 12.23 
0.200 2 1 0 1.2 1.2 0.084 0.003 0.2574 0.0108 12.23 
0.201 2 1 1 4.0 4.0 0.052 -0.006 0.3113 0.0104 12.22 
0.202 2 1 1 4.0 4.0 0.159 0.071 0.3185 0.0104 12.18 
0.203 2 1 1 4.0 4.0 0.392 0.431 0.3185 0.0100 12.14 
0.204 2 1 1 4.0 4.0 0.590 0.797 0.2807 0.0100 12.11 
0.205 2 1 1 4.0 4.0 0.627 0.923 0.2888 0.0100 12.11 
0.206 2 1 1 4.0 4.0 0.664 0.967 0.3787 0.0100 12.11 
0.207 2 1 1 4.0 4.0 0.725 1.009 0.3896 0.0100 12.10 
0.208 2 1 1 4.0 4.0 0.699 1.029 0.3787 0.0888 12.10 
0.209 2 1 1 4.0 4.0 0.709 1.001 0.3936 0.0888 12.10 
0.210 2 1 1 4.0 4.0 0.695 0.960 0.4362 0.2036 12.10 
0.211 2 1 1 4.0 4.0 0.690 0.954 0.4562 0.2036 12.10 
0.212 2 1 1 4.0 4.0 0.652 0.910 0.4562 0.2345 12.11 
0.213 2 1 1 4.0 4.0 0.607 0.894 0.5149 0.2888 12.14 
0.214 2 1 1 4.0 4.0 0.540 0.866 0.5354 0.2888 12.13 
0.215 2 1 1 4.0 4.0 0.579 0.825 0.5149 0.3113 12.12 
0.216 2 1 1 4.0 4.0 0.585 0.783 0.5575 0.3823 12.12 
0.217 2 1 1 4.0 4.0 0.547 0.804 0.5820 0.3751 12.12 
0.218 2 1 1 4.0 4.0 0.543 0.843 0.5735 0.3936 12.14 
0.219 2 1 1 4.0 4.0 0.459 0.716 0.6177 0.3683 12.16 
0.220 2 1 1 4.0 4.0 0.475 0.691 0.5992 0.4362 12.14 
0.221 2 1 1 4.0 4.0 0.487 0.636 0.5992 0.4510 12.15 
0.222 2 1 1 4.0 4.0 0.434 0.655 0.6474 0.4410 12.14 
0.223 2 1 1 4.0 4.0 0.458 0.627 0.6273 0.4896 12.14 
0.224 2 1 1 4.0 4.0 0.417 0.623 0.6804 0.5020 12.16 
0.225 2 1 1 4.0 4.0 0.430 0.605 0.6583 0.4956 12.15 
0.226 2 1 1 4.0 4.0 0.428 0.567 0.6691 0.5354 12.15 
0.227 2 1 1 4.0 4.0 0.410 0.538 0.6924 0.5426 12.15 
0.228 2 1 1 4.0 4.0 0.435 0.557 0.6804 0.5498 12.15 
0.229 2 1 1 4.0 4.0 0.389 0.547 0.7434 0.5904 12.15 
0.230 2 1 1 4.0 4.0 0.409 0.541 0.7169 0.5992 12.17 
0.231 2 1 1 4.0 4.0 0.391 0.543 0.7434 0.5992 12.17 
0.232 2 1 1 4.0 4.0 0.383 0.484 0.7434 0.6273 12.16 
0.233 2 1 1 4.0 4.0 0.368 0.461 0.7723 0.6474 12.16 
0.234 2 1 1 4.0 4.0 0.351 0.476 0.7575 0.6804 12.16 
0.235 2 1 1 4.0 4.0 0.342 0.491 0.7575 0.6804 12.17 
0.236 2 1 1 4.0 4.0 0.346 0.441 0.7723 0.7044 12.17 
0.237 2 1 1 4.0 4.0 0.314 0.414 0.7723 0.7302 12.17 
0.238 2 1 1 4.0 4.0 0.354 0.411 0.7872 0.7169 12.17 
0.239 2 1 1 4.0 4.0 0.364 0.430 0.8193 0.7575 12.16 
0.240 2 1 1 4.0 4.0 0.334 0.426 0.8193 0.6804 12.16 
0.241 2 1 1 4.0 4.0 0.319 0.407 0.8727 0.7723 12.17 
0.242 2 1 1 4.0 4.0 0.292 0.391 0.8543 0.7302 12.17 
0.243 2 1 1 4.0 4.0 0.301 0.401 0.8924 0.7723 12.17 
0.244 2 1 1 4.0 4.0 0.300 0.423 0.8727 0.7434 12.18 
0.245 2 1 1 4.0 4.0 0.272 0.370 0.8924 0.7723 12.17 
0.246 2 1 1 4.0 4.0 0.288 0.373 0.8727 0.7872 12.17 
0.247 2 1 1 4.0 4.0 0.268 0.360 0.9125 0.8032 12.18 
0.248 2 1 1 4.0 4.0 0.256 0.346 0.9125 0.8032 12.17 
0.249 2 1 1 4.0 4.0 0.265 0.336 0.8924 0.7872 12.20 
0.250 2 1 1 4.0 4.0 0.250 0.319 0.9338 0.8193 12.18 
0.251 2 1 1 4.0 4.0 0.277 0.305 0.8924 0.8032 12.17 
0.252 2 1 1 4.0 4.0 0.266 0.322 0.9338 0.7723 12.17 
0.253 2 1 1 4.0 4.0 0.282 0.290 0.9125 0.8543 12.18 
0.254 2 1 1 4.0 4.0 0.281 0.320 0.9338 0.8193 12.18 
0.255 2 1 1 4.0 4.0 0.245 0.312 0.9338 0.8543 12.18 
0.256 2 1 1 4.0 4.0 0.264 0.320 0.9338 0.8727 12.19 
0.257 2 1 1 4.0 4.0 0.236 0.283 0.9559 0.8924 12.18 
0.258 2 1 1 4.0 4.0 0.266 0.266 0.9796 0.9125 12.18 
0.259 2 1 1 4.0 4.0 0.249 0.250 1.0041 0.8924 12.19 
0.260 2 1 1 4.0 4.0 0.250 0.245 0.9559 0.9125 12.18 
0.261 2 1 1 4.0 4.0 0.266 0.244 0.9796 0.9338 12.18 
0.262 2 1 1 4.0 4.0 0.238 0.258 1.0298 0.9559 12.18 
0.263 2 1 1 4.0 4.0 0.235 0.285 1.0041 0.8543 12.18 
0.264 2 1 1 4.0 4.0 0.215 0.280 1.0298 0.9125 12.18 
0.265 2 1 1 4.0 4.0 0.201 0.271 1.0041 0.8924 12.18 
0.266 2 1 1 4.0 4.0 0.221 0.241 1.0298 0.9338 12.19 
0.267 2 1 1 4.0 4.0 0.177 0.267 1.0298 0.9559 12.19 
0.268 2 1 1 4.0 4.0 0.194 0.259 1.0298 0.9559 12.19 
0.269 2 1 1 4.0 4.0 0.214 0.235 1.0041 0.9796 12.18 
0.270 2 1 1 4.0 4.0 0.215 0.237 1.0567 0.9559 12.18 
0.271 2 1 1 4.0 4.0 0.219 0.240 1.0298 0.9796 12.19 
0.272 2 1 1 4.0 4.0 0.237 0.214 1.0298 0.9796 12.19 
0.273 2 1 1 4.0 4.0 0.206 0.208 1.0041 0.9796 12.19 
0.274 2 1 1 4.0 4.0 0.230 0.236 1.0298 0.9796 12.20 
0.275 2 1 1 4.0 4.0 0.163 0.227 1.0567 0.9796 12.20 
0.276 2 1 1 4.0 4.0 0.189 0.197 1.0041 1.0041 12.19 
0.277 2 1 1 4.0 4.0 0.161 0.238 0.9796 1.0298 12.19 
0.278 2 1 1 4.0 4.0 0.167 0.217 1.0567 1.0041 12.19 
0.279 2 1 1 4.0 4.0 0.208 0.187 1.0567 0.9559 12.19 
0.280 2 1 1 4.0 4.0 0.187 0.202 1.0852 0.9796 12.20 
0.281 2 1 1 4.0 4.0 0.189 0.202 1.0852 1.0041 12.19 
0.282 2 1 1 4.0 4.0 0.198 0.187 1.0852 1.0567 12.20 
0.283 2 1 1 4.0 4.0 0.135 0.226 1.0852 1.0041 12.20 
0.284 2 1 1 4.0 4.0 0.173 0.233 1.1153 1.0567 12.21 
0.285 2 1 1 4.0 4.0 0.152 0.221 1.0852 1.0298 12.19 
0.286 2 1 1 4.0 4.0 0.144 0.179 1.1153 1.0567 12.19 
0.287 2 1 1 4.0 4.0 0.170 0.180 1.1153 1.0567 12.19 
0.288 2 1 1 4.0 4.0 0.175 0.181 1.0852 1.0298 12.19 
0.289 2 1 1 4.0 4.0 0.174 0.155 1.1153 1.0567 12.20 
0.290 2 1 1 4.0 4.0 0.182 0.164 1.0852 1.0567 12.21 
0.291 2 1 1 4.0 4.0 0.194 0.180 1.0852 1.0567 12.20 
0.292 2 1 1 4.0 4.0 0.186 0.160 1.1153 1.0567 12.19 
0.293 2 1 1 4.0 4.0 0.171 0.158 1.1153 1.0298 12.19 
0.294 2 1 1 4.0 4.0 0.148 0.141 1.1153 1.0567 12.20 
0.295 2 1 1 4.0 4.0 0.152 0.158 1.1474 1.0852 12.19 
0.296 2 1 1 4.0 4.0 0.170 0.145 1.1153 1.0852 12.19 
0.297 2 1 1 4.0 4.0 0.302 0.147 1.1153 1.0852 12.17 
0.298 2 1 1 4.0 4.0 0.452 -0.205 1.1474 1.1153 12.19 
0.299 2 1 1 4.0 4.0 0.258 -0.040 1.1812 1.0567 12.20 
0.300 2 1 1 4.0 4.0 0.470 -0.041 1.0298 1.1153 12.19 
0.301 2 1 1 4.0 4.0 0.284 -0.077 1.1812 1.1153 12.19 
0.302 2 1 1 4.0 4.0 0.194 0.102 1.1812 1.0567 12.21 
0.303 2 1 1 4.0 4.0 0.163 0.151 1.1153 1.0567 12.21 
0.304 2 1 1 4.0 4.0 0.138 0.133 1.1153 1.1153 12.20 
0.305 2 1 1 4.0 4.0 0.142 0.156 1.1474 1.0852 12.20 
0.306 2 1 1 4.0 4.0 0.151 0.151 1.1153 1.1153 12.20 
0.307 2 1 1 4.0 4.0 0.152 0.151 1.1153 1.1474 12.19 
0.308 2 1 1 4.0 4.0 0.165 0.120 1.1474 1.1153 12.19 
0.309 2 1 1 4.0 4.0 0.164 0.134 1.1153 1.1474 12.20 
0.310 2 1 1 4.0 4.0 0.161 0.127 1.1153 1.1474 12.20 
0.311 2 1 1 4.0 4.0 0.165 0.124 1.1474 1.1153 12.20 
0.312 2 1 1 4.0 4.0 0.163 0.138 1.0852 1.1474 12.20 
0.313 2 1 1 4.0 4.0 0.150 0.101 1.1474 1.1474 12.20 
0.314 2 1 1 4.0 4.0 0.159 0.108 1.1812 1.1153 12.20 
0.315 2 1 1 4.0 4.0 0.164 0.125 1.1812 1.1153 12.20 
0.316 2 1 1 4.0 4.0 0.155 0.118 1.1474 1.1474 12.20 
0.317 2 1 1 4.0 4.0 0.123 0.135 1.2169 1.0852 12.20 
0.318 2 1 1 4.0 4.0 0.124 0.137 1.1812 1.1474 12.20 
0.319 2 1 1 4.0 4.0 0.132 0.114 1.1474 1.1474 12.21 
0.320 2 1 1 4.0 4.0 0.149 0.144 1.1474 1.0852 12.20 
0.321 2 1 1 4.0 4.0 0.145 0.155 1.1812 1.1474 12.20 
0.322 2 1 1 4.0 4.0 0.142 0.126 1.1474 1.1474 12.20 
0.323 2 1 1 4.0 4.0 0.121 0.145 1.1474 1.1153 12.20 
0.324 2 1 1 4.0 4.0 0.113 0.152 1.1812 1.1474 12.20 
0.325 2 1 1 4.0 4.0 0.147 0.130 1.1812 1.1153 12.21 
0.326 2 1 1 4.0 4.0 0.136 0.156 1.1812 1.1153 12.21 
0.327 2 1 1 4.0 4.0 0.106 0.142 1.1812 1.1474 12.20 
0.328 2 1 1 4.0 4.0 0.123 0.114 1.2169 1.1474 12.20 
0.329 2 1 1 4.0 4.0 0.124 0.091 1.1474 1.1153 12.20 
0.330 2 1 1 4.0 4.0 0.141 0.121 1.1812 1.1474 12.20 
0.331 2 1 1 4.0 4.0 0.150 0.105 1.1812 1.1474 12.20 
0.332 2 1 1 4.0 4.0 0.136 0.134 1.2169 1.1153 12.20 
0.333 2 1 1 4.0 4.0 0.125 0.128 1.1812 1.1153 12.20 
0.334 2 1 1 4.0 4.0 0.137 0.122 1.1812 1.1153 12.20 
0.335 2 1 1 4.0 4.0 0.138 0.113 1.2169 1.1153 12.20 
0.336 2 1 1 4.0 4.0 0.140 0.121 1.1812 1.1474 12.20 
0.337 2 1 1 4.0 4.0 0.142 0.077 1.1812 1.1812 12.20 
0.338 2 1 1 4.0 4.0 0.131 0.120 1.1812 1.1474 12.20 
0.339 2 1 1 4.0 4.0 0.140 0.097 1.1812 1.1474 12.20 
0.340 2 1 1 4.0 4.0 0.140 0.088 1.1474 1.1812 12.20 
0.341 2 1 1 4.0 4.0 0.128 0.110 1.1812 1.1812 12.19 
0.342 2 1 1 4.0 4.0 0.129 0.101 1.1812 1.1474 12.20 
0.343 2 1 1 4.0 4.0 0.147 0.107 1.1812 1.1812 12.20 
0.344 2 1 1 4.0 4.0 0.124 0.130 1.1812 1.1812 12.20 
0.345 2 1 1 4.0 4.0 0.106 0.114 1.2169 1.1474 12.20 
0.346 2 1 1 4.0 4.0 0.108 0.093 1.1812 1.1812 12.21 
0.347 2 1 1 4.0 4.0 0.130 0.117 1.1153 1.1812 12.20 
0.348 2 1 1 4.0 4.0 0.133 0.105 1.2169 1.1812 12.20 
0.349 2 1 1 4.0 4.0 0.123 0.098 1.2169 1.1812 12.21 
0.350 2 1 1 4.0 4.0 0.140 0.098 1.1812 1.1812 12.21 
0.351 2 1 1 4.0 4.0 0.144 0.092 1.2169 1.2169 12.20 
0.352 2 1 1 4.0 4.0 0.122 0.101 1.2169 1.1474 12.20 
0.353 2 1 1 4.0 4.0 0.121 0.122 1.2169 1.2169 12.20 
0.354 2 1 1 4.0 4.0 0.140 0.098 1.1812 1.2169 12.20 
0.355 2 1 1 4.0 4.0 0.141 0.077 1.1812 1.1474 12.21 
0.356 2 1 1 4.0 4.0 0.143 0.109 1.2169 1.1812 12.20 
0.357 2 1 1 4.0 4.0 0.132 0.099 1.1812 1.1812 12.21 
0.358 2 1 1 4.0 4.0 0.119 0.105 1.1812 1.1474 12.20 
0.359 2 1 1 4.0 4.0 0.117 0.112 1.2169 1.1474 12.20 
0.360 2 1 1 4.0 4.0 0.115 0.098 1.2169 1.1812 12.20 
0.361 2 1 1 4.0 4.0 0.118 0.114 1.1812 1.1812 12.20 
0.362 2 1 1 4.0 4.0 0.126 0.114 1.2169 1.0852 12.21 
0.363 2 1 1 4.0 4.0 0.128 0.083 1.2551 1.1812 12.21 
0.364 2 1 1 4.0 4.0 0.138 0.105 1.2169 1.1812 12.22 
0.365 2 1 1 4.0 4.0 0.122 0.111 1.2169 1.1474 12.21 
0.366 2 1 1 4.0 4.0 0.106 0.074 1.1153 1.1812 12.21 
0.367 2 1 1 4.0 4.0 0.121 0.124 1.2551 1.1812 12.20 
0.368 2 1 1 4.0 4.0 0.131 0.092 1.1812 1.1812 12.20 
0.369 2 1 1 4.0 4.0 0.133 0.086 1.2169 1.1812 12.20 
0.370 2 1 1 4.0 4.0 0.126 0.111 1.2551 1.2169 12.20 
0.371 2 1 1 4.0 4.0 0.099 0.061 1.2169 1.2169 12.20 
0.372 2 1 1 4.0 4.0 0.102 0.065 1.1812 0.9796 12.20 
0.373 2 1 1 4.0 4.0 0.139 0.111 1.2169 1.1812 12.21 
0.374 2 1 1 4.0 4.0 0.114 0.073 1.2169 1.1812 12.20 
0.375 2 1 1 4.0 4.0 0.108 0.088 1.2169 1.1474 12.20 
0.376 2 1 1 4.0 4.0 0.122 0.081 1.1474 1.1812 12.20 
0.377 2 1 1 4.0 4.0 0.134 0.080 1.1812 1.2169 12.21 
0.378 2 1 1 4.0 4.0 0.132 0.086 1.2169 1.2169 12.23 
0.379 2 1 1 4.0 4.0 0.125 0.094 1.1812 1.2169 12.21 
0.380 2 1 1 4.0 4.0 0.121 0.077 1.2169 1.2169 12.20 
0.381 2 1 1 4.0 4.0 0.111 0.096 1.2551 1.2169 12.20 
0.382 2 1 1 4.0 4.0 0.110 0.058 1.2551 1.1812 12.20 
0.383 2 1 1 4.0 4.0 0.119 0.058 1.2169 1.2169 12.20 
0.384 2 1 1 4.0 4.0 0.113 0.107 1.2169 1.1812 12.22 
0.385 2 1 1 4.0 4.0 0.079 0.105 1.2551 1.1812 12.21 
0.386 2 1 1 4.0 4.0 0.084 0.056 1.2551 1.1812 12.20 
0.387 2 1 1 4.0 4.0 0.104 0.090 1.2169 1.2169 12.21 
0.388 2 1 1 4.0 4.0 0.121 0.082 1.2169 1.2169 12.21 
0.389 2 1 1 4.0 4.0 0.136 0.073 1.2551 1.1474 12.23 
0.390 2 1 1 4.0 4.0 0.129 0.096 1.2551 1.1812 12.21 
0.391 2 1 1 4.0 4.0 0.119 0.099 1.1812 1.1812 12.21 
0.392 2 1 1 4.0 4.0 0.095 0.080 1.1812 1.1474 12.20 
0.393 2 1 1 4.0 4.0 0.081 0.096 1.2551 1.1812 12.22 
0.394 2 1 1 4.0 4.0 0.102 0.095 1.2169 1.2169 12.21 
0.395 2 1 1 4.0 4.0 0.128 0.102 1.2169 1.2169 12.21 
0.396 2 1 1 4.0 4.0 0.122 0.096 1.2551 1.0298 12.20 
0.397 2 1 1 4.0 4.0 0.136 0.065 1.2169 1.2169 12.21 
0.398 2 1 1 4.0 4.0 0.132 0.073 1.2169 1.2169 12.20 
0.399 2 1 1 4.0 4.0 0.096 0.083 1.2551 1.1812 12.20 
0.400 2 1 1 4.0 4.0 0.094 0.073 1.2952 1.2169 12.21 
0.401 2 1 1 4.0 4.0 0.098 0.104 1.2551 1.1812 12.20 
0.402 2 1 1 4.0 4.0 0.120 0.093 1.2169 1.2169 12.20 
0.403 2 1 1 4.0 4.0 0.138 0.066 1.2169 1.1812 12.21 
0.404 2 1 1 4.0 4.0 0.121 0.066 1.2551 1.2169 12.20 
0.405 2 1 1 4.0 4.0 0.113 0.061 1.2551 1.2169 12.20 
0.406 2 1 1 4.0 4.0 0.101 0.085 1.2169 1.1474 12.20 
0.407 2 1 1 4.0 4.0 0.110 0.099 1.2169 1.2169 12.20 
0.408 2 1 1 4.0 4.0 0.129 0.101 1.2551 1.2169 12.22 
0.409 2 1 1 4.0 4.0 0.120 0.094 1.2551 1.1812 12.21 
0.410 2 1 1 4.0 4.0 0.107 0.104 1.1812 1.2169 12.21 
0.411 2 1 1 4.0 4.0 0.098 0.059 1.1812 1.2169 12.21 
0.412 2 1 1 4.0 4.0 0.094 0.084 1.2169 1.2169 12.21 
0.413 2 1 1 4.0 4.0 0.120 0.102 1.1812 1.1812 12.20 
0.414 2 1 1 4.0 4.0 0.098 0.065 1.2169 1.2169 12.20 
0.415 2 1 1 4.0 4.0 0.107 0.076 1.2551 1.2169 12.21 
0.416 2 1 1 4.0 4.0 0.120 0.106 1.2551 1.1812 12.20 
0.417 2 1 1 4.0 4.0 0.102 0.074 1.2169 1.2169 12.20 
0.418 2 1 1 4.0 4.0 0.119 0.114 1.2551 1.1812 12.20 
0.419 2 1 1 4.0 4.0 0.087 0.091 1.2551 1.2169 12.20 
0.420 2 1 1 4.0 4.0 0.088 0.079 1.2551 1.1474 12.20 
0.421 2 1 1 4.0 4.0 0.111 0.095 1.2169 1.2169 12.20 
0.422 2 1 1 4.0 4.0 0.078 0.099 1.2169 1.2169 12.21 
0.423 2 1 1 4.0 4.0 0.087 0.114 1.2551 1.1474 12.21 
0.424 2 1 1 4.0 4.0 0.114 0.115 1.2551 1.1812 12.20 
0.425 2 1 1 4.0 4.0 0.108 0.111 1.2169 1.1812 12.20 
0.426 2 1 1 4.0 4.0 0.087 0.130 1.2169 1.1812 12.21 
0.427 2 1 1 4.0 4.0 0.072 0.121 1.2551 1.1812 12.21 
0.428 2 1 1 4.0 4.0 0.090 0.079 1.1812 1.1812 12.21 
0.429 2 1 1 4.0 4.0 0.077 0.085 1.2169 1.2169 12.21 
0.430 2 1 1 4.0 4.0 0.118 0.098 1.2551 1.1812 12.19 
0.431 2 1 1 4.0 4.0 0.092 0.071 1.2551 1.2169 12.20 
0.432 2 1 1 4.0 4.0 0.125 0.092 1.2169 1.2169 12.21 
0.433 2 1 1 4.0 4.0 0.102 0.100 1.2551 1.2169 12.21 
0.434 2 1 1 4.0 4.0 0.037 0.077 1.2551 1.2169 12.20 
0.435 2 1 1 4.0 4.0 0.095 0.083 1.2952 1.1812 12.20 
0.436 2 1 1 4.0 4.0 0.100 0.093 1.2169 1.2169 12.21 
0.437 2 1 1 4.0 4.0 0.082 0.094 1.2169 1.1474 12.21 
0.438 2 1 1 4.0 4.0 0.121 0.105 1.2551 1.2169 12.22 
0.439 2 1 1 4.0 4.0 0.096 0.075 1.2551 1.2169 12.21 
0.440 2 1 1 4.0 4.0 0.121 0.084 1.1812 1.1812 12.21 
0.441 2 1 1 4.0 4.0 0.106 0.113 1.2169 1.1474 12.20 
0.442 2 1 1 4.0 4.0 0.097 0.092 1.2551 1.2169 12.20 
0.443 2 1 1 4.0 4.0 0.078 0.096 1.2551 1.2169 12.20 
0.444 2 1 1 4.0 4.0 0.117 0.086 1.1812 1.2169 12.21 
0.445 2 1 1 4.0 4.0 0.061 0.063 1.2169 1.2169 12.21 
0.446 2 1 1 4.0 4.0 0.114 0.103 1.2551 1.2169 12.21 
0.447 2 1 1 4.0 4.0 0.083 0.084 1.2551 1.2169 12.21 
0.448 2 1 1 4.0 4.0 0.127 0.084 1.2169 1.2169 12.20 
0.449 2 1 1 4.0 4.0 0.094 0.077 1.2169 1.2169 12.21 
0.450 2 1 1 4.0 4.0 0.124 0.101 1.2551 1.2169 12.20 
0.451 2 1 1 4.0 4.0 0.105 0.086 1.2551 1.1812 12.22 
0.452 2 1 1 4.0 4.0 0.280 -0.121 1.2169 1.1812 12.21 
0.453 2 1 1 4.0 4.0 0.136 0.003 1.2169 1.1812 12.20 
0.454 2 1 1 4.0 4.0 0.122 0.054 1.2551 1.1474 12.20 
0.455 2 1 1 4.0 4.0 0.116 0.108 1.2169 1.2169 12.21 
0.456 2 1 1 4.0 4.0 0.087 0.106 1.2169 1.2169 12.20 
0.457 2 1 1 4.0 4.0 0.124 0.116 1.2551 1.1812 12.20 
0.458 2 1 1 4.0 4.0 0.102 0.135 1.2551 1.0567 12.21 
0.459 2 1 1 4.0 4.0 0.094 0.108 1.2551 1.1812 12.21 
0.460 2 1 1 4.0 4.0 0.109 0.136 1.2551 1.2169 12.21 
0.461 2 1 1 4.0 4.0 0.058 0.099 1.2952 1.1812 12.21 
0.462 2 1 1 4.0 4.0 0.092 0.076 1.2551 1.2169 12.21 
0.463 2 1 1 4.0 4.0 0.103 0.108 1.2169 1.2169 12.21 
0.464 2 1 1 4.0 4.0 0.100 0.093 1.2551 1.2169 12.21 
0.465 2 1 1 4.0 4.0 0.112 0.087 1.2952 1.1812 12.20 
0.466 2 1 1 4.0 4.0 0.083 0.065 1.2551 1.2169 12.21 
0.467 2 1 1 4.0 4.0 0.108 0.083 1.2169 1.2169 12.20 
0.468 2 1 1 4.0 4.0 0.084 0.105 1.2169 1.2169 12.20 
0.469 2 1 1 4.0 4.0 0.072 0.110 1.2551 1.2169 12.21 
0.470 2 1 1 4.0 4.0 0.113 0.058 1.2551 1.1812 12.21 
0.471 2 1 1 4.0 4.0 0.089 0.084 1.2169 1.1812 12.20 
0.472 2 1 1 4.0 4.0 0.114 0.077 1.1812 1.2169 12.21 
0.473 2 1 1 4.0 4.0 0.113 0.054 1.2169 1.2551 12.21 
0.474 2 1 1 4.0 4.0 0.118 0.096 1.2169 1.2169 12.21 
0.475 2 1 1 4.0 4.0 0.091 0.092 1.1812 1.1812 12.21 
0.476 2 1 1 4.0 4.0 0.098 0.099 1.2169 1.2169 12.21 
0.477 2 1 1 4.0 4.0 0.093 0.084 1.2169 1.1812 12.23 
0.478 2 1 1 4.0 4.0 0.102 0.102 1.1812 1.2169 12.21 
0.479 2 1 1 4.0 4.0 0.117 0.099 1.2169 1.1474 12.20 
0.480 2 1 1 4.0 4.0 0.083 0.106 1.2551 1.2169 12.20 
0.481 2 1 1 4.0 4.0 0.124 0.103 1.2551 1.1812 12.20 
0.482 2 1 1 4.0 4.0 0.076 0.080 1.2169 1.1474 12.21 
0.483 2 1 1 4.0 4.0 0.111 0.113 1.2551 1.1812 12.21 
0.484 2 1 1 4.0 4.0 0.087 0.083 1.2952 1.1812 12.20 
0.485 2 1 1 4.0 4.0 0.092 0.143 1.2952 1.1474 12.21 
0.486 2 1 1 4.0 4.0 0.089 0.141 1.2551 1.1474 12.20 
0.487 2 1 1 4.0 4.0 0.079 0.099 1.2551 1.1474 12.20 
0.488 2 1 1 4.0 4.0 0.090 0.095 1.2551 1.1474 12.20 
0.489 2 1 1 4.0 4.0 0.129 0.108 1.2169 1.1812 12.20 
0.490 2 1 1 4.0 4.0 0.118 0.069 1.1812 1.2169 12.20 
0.491 2 1 1 4.0 4.0 0.140 0.106 1.1812 1.1812 12.20 
0.492 2 1 1 4.0 4.0 0.101 0.082 1.2169 1.1812 12.20 
0.493 2 1 1 4.0 4.0 0.085 0.084 1.2169 1.2169 12.20 
0.494 2 1 1 4.0 4.0 0.103 0.086 1.0567 1.2169 12.20 
0.495 2 1 1 4.0 4.0 0.104 0.080 1.1812 1.2169 12.21 
0.496 2 1 1 4.0 4.0 0.125 0.066 1.2169 1.1812 12.23 
0.497 2 1 1 4.0 4.0 0.117 0.085 1.2169 1.1812 12.21 
0.498 2 1 1 4.0 4.0 0.135 0.093 1.2551 1.2169 12.21 
0.499 2 1 1 4.0 4.0 0.117 0.080 1.2551 1.1812 12.21 
0.500 2 1 1 4.0 4.0 0.089 0.103 1.2952 1.2169 12.22 
0.501 2 1 1 4.0 4.0 0.106 0.092 1.2169 1.2169 12.21 
0.502 2 1 1 4.0 4.0 0.056 0.081 1.2169 1.2169 12.21 
0.503 2 1 1 4.0 4.0 0.094 0.113 1.2551 1.1812 12.21 
0.504 2 1 1 4.0 4.0 0.091 0.102 1.2551 1.1812 12.23 
0.505 2 1 1 4.0 4.0 0.099 0.103 1.2169 1.1812 12.21 
0.506 2 1 1 4.0 4.0 0.110 0.073 1.2169 1.2169 12.21 
0.507 2 1 1 4.0 4.0 0.065 0.088 1.2551 1.2169 12.21 
0.508 2 1 1 4.0 4.0 0.099 0.100 1.2551 1.2169 12.21 
0.509 2 1 1 4.0 4.0 0.073 0.100 1.1812 1.2169 12.20 
0.510 2 1 1 4.0 4.0 0.096 0.061 1.2169 1.1812 12.20 
0.511 2 1 1 4.0 4.0 0.105 0.088 1.2169 1.2169 12.22 
0.512 2 1 1 4.0 4.0 0.130 0.091 1.2551 1.2169 12.22 
0.513 2 1 1 4.0 4.0 0.097 0.119 1.2169 1.1812 12.21 
0.514 2 1 1 4.0 4.0 0.110 0.117 1.2169 1.2169 12.20 
0.515 2 1 1 4.0 4.0 0.104 0.099 1.2551 1.2169 12.21 
0.516 2 1 1 4.0 4.0 0.085 0.105 1.2551 1.2169 12.20 
0.517 2 1 1 4.0 4.0 0.127 0.115 1.2169 1.2169 12.20 
0.518 2 1 1 4.0 4.0 0.079 0.063 1.2551 1.2169 12.20 
0.519 2 1 1 4.0 4.0 0.107 0.098 1.2551 1.2169 12.20 
0.520 2 1 1 4.0 4.0 0.105 0.086 1.2169 1.2169 12.22 
0.521 2 1 1 4.0 4.0 0.094 0.082 1.2169 1.1812 12.21 
0.522 2 1 1 4.0 4.0 0.137 0.095 1.2551 1.2169 12.21 
0.523 2 1 1 4.0 4.0 0.075 0.099 1.2551 1.2551 12.21 
0.524 2 1 1 4.0 4.0 0.106 0.095 1.2169 1.1812 12.20 
0.525 2 1 1 4.0 4.0 0.091 0.126 1.2169 1.2169 12.20 
0.526 2 1 1 4.0 4.0 0.103 0.093 1.2551 1.2169 12.21 
0.527 2 1 1 4.0 4.0 0.090 0.102 1.2169 1.1812 12.20 
0.528 2 1 1 4.0 4.0 0.116 0.109 1.2169 1.2169 12.20 
0.529 2 1 1 4.0 4.0 0.090 0.095 1.2169 1.2169 12.23 
0.530 2 1 1 4.0 4.0 0.112 0.103 1.2551 1.2169 12.21 
0.531 2 1 1 4.0 4.0 0.109 0.102 1.2551 1.1812 12.21 
0.532 2 1 1 4.0 4.0 0.104 0.077 1.2169 1.2169 12.21 
0.533 2 1 1 4.0 4.0 0.052 0.083 1.2169 1.2169 12.21 
0.534 2 1 1 4.0 4.0 0.080 0.086 1.2551 1.1812 12.21 
0.535 2 1 1 4.0 4.0 0.091 0.061 1.2551 1.2169 12.20 
0.536 2 1 1 4.0 4.0 0.121 0.107 1.2169 1.2169 12.21 
0.537 2 1 1 4.0 4.0 0.083 0.082 1.2169 1.2551 12.21 
0.538 2 1 1 4.0 4.0 0.090 0.064 1.2551 1.2169 12.21 
0.539 2 1 1 4.0 4.0 0.120 0.103 1.2169 1.2551 12.21 
0.540 2 1 1 4.0 4.0 0.087 0.084 1.2169 1.2551 12.21 
0.541 2 1 1 4.0 4.0 0.119 0.065 1.2551 1.1812 12.21 
0.542 2 1 1 4.0 4.0 0.072 0.101 1.2169 1.2169 12.21 
0.543 2 1 1 4.0 4.0 0.112 0.088 1.2169 1.2169 12.20 
0.544 2 1 1 4.0 4.0 0.112 0.072 1.2551 1.2169 12.20 
0.545 2 1 1 4.0 4.0 0.081 0.054 1.2551 1.2169 12.21 
0.546 2 1 1 4.0 4.0 0.110 0.058 1.2952 1.1474 12.21 
0.547 2 1 1 4.0 4.0 0.117 0.068 1.2169 1.2551 12.21 
0.548 2 1 1 4.0 4.0 0.101 0.066 1.2169 1.1812 12.21 
0.549 2 1 1 4.0 4.0 0.100 0.053 1.2551 1.2169 12.21 
0.550 2 1 1 4.0 4.0 0.102 0.042 1.2551 1.2169 12.21 
0.551 2 1 1 4.0 4.0 0.123 0.040 1.2169 1.2169 12.21 
0.552 2 1 1 4.0 4.0 0.120 0.073 1.2169 1.1812 12.21 
0.553 2 1 1 4.0 4.0 0.110 0.092 1.2551 1.1812 12.21 
0.554 2 1 1 4.0 4.0 0.120 0.062 1.2551 1.2169 12.21 
0.555 2 1 1 4.0 4.0 0.117 0.082 1.2169 1.1812 12.20 
0.556 2 1 1 4.0 4.0 0.109 0.058 1.2169 1.2551 12.20 
0.557 2 1 1 4.0 4.0 0.112 0.026 1.2551 1.2551 12.21 
0.558 2 1 1 4.0 4.0 0.109 0.073 1.2169 1.2169 12.20 
0.559 2 1 1 4.0 4.0 0.118 0.071 1.2169 1.1812 12.20 
0.560 2 1 1 4.0 4.0 0.129 0.032 1.2169 1.2169 12.21 
0.561 2 1 1 4.0 4.0 0.117 0.058 1.2551 1.2169 12.20 
0.562 2 1 1 4.0 4.0 0.116 0.045 1.2952 1.2551 12.20 
0.563 2 1 1 4.0 4.0 0.124 0.054 1.1153 1.2551 12.21 
0.564 2 1 1 4.0 4.0 0.122 0.058 1.2551 1.2551 12.21 
0.565 2 1 1 4.0 4.0 0.123 0.061 1.2952 1.2551 12.22 
0.566 2 1 1 4.0 4.0 0.115 0.061 1.2551 1.1812 12.21 
0.567 2 1 1 4.0 4.0 0.123 0.071 1.2169 1.2169 12.21 
0.568 2 1 1 4.0 4.0 0.123 0.041 1.2169 1.2169 12.21 
0.569 2 1 1 4.0 4.0 0.110 0.067 1.2169 1.2551 12.21 
0.570 2 1 1 4.0 4.0 0.109 0.065 1.2169 1.2169 12.20 
0.571 2 1 1 4.0 4.0 0.131 0.054 1.2169 1.2169 12.21 
0.572 2 1 1 4.0 4.0 0.121 0.063 1.2551 1.2169 12.20 
0.573 2 1 1 4.0 4.0 0.091 0.048 1.2551 1.2169 12.20 
0.574 2 1 1 4.0 4.0 0.100 0.045 1.1812 1.2551 12.21 
0.575 2 1 1 4.0 4.0 0.115 0.049 1.2551 1.2169 12.20 
0.576 2 1 1 4.0 4.0 0.136 0.084 1.2551 1.2169 12.20 
0.577 2 1 1 4.0 4.0 0.125 0.080 1.2551 1.1812 12.20 
0.578 2 1 1 4.0 4.0 0.125 0.090 1.2551 1.2169 12.20 
0.579 2 1 1 4.0 4.0 0.136 0.035 1.2551 1.2551 12.20 
0.580 2 1 1 4.0 4.0 0.107 0.065 1.2952 1.2169 12.20 
0.581 2 1 1 4.0 4.0 0.096 0.037 1.2952 1.2551 12.20 
0.582 2 1 1 4.0 4.0 0.097 0.029 1.2169 1.2551 12.21 
0.583 2 1 1 4.0 4.0 0.110 0.080 1.2551 1.2551 12.20 
0.584 2 1 1 4.0 4.0 0.135 0.062 1.2952 1.2169 12.21 
0.585 2 1 1 4.0 4.0 0.129 0.024 1.2952 1.2551 12.20 
0.586 2 1 1 4.0 4.0 0.120 0.069 1.2169 1.2169 12.20 
0.587 2 1 1 4.0 4.0 0.134 0.078 1.2551 1.2169 12.21 
0.588 2 1 1 4.0 4.0 0.103 0.054 1.2551 1.2169 12.21 
0.589 2 1 1 4.0 4.0 0.109 0.081 1.2952 1.2551 12.21 
0.590 2 1 1 4.0 4.0 0.106 0.046 1.2169 1.2551 12.21 
0.591 2 1 1 4.0 4.0 0.091 0.069 1.2551 1.1812 12.21 
0.592 2 1 1 4.0 4.0 0.110 0.083 1.2551 1.2169 12.20 
0.593 2 1 1 4.0 4.0 0.113 0.065 1.2551 1.2169 12.20 
0.594 2 1 1 4.0 4.0 0.115 0.068 1.2169 1.2169 12.20 
0.595 2 1 1 4.0 4.0 0.109 0.055 1.2551 1.2169 12.20 
0.596 2 1 1 4.0 4.0 0.108 0.032 1.2952 1.2551 12.21 
0.597 2 1 1 4.0 4.0 0.119 0.054 1.2952 1.2551 12.21 
0.598 2 1 1 4.0 4.0 0.117 0.039 1.2169 1.1812 12.21 
0.599 2 1 1 4.0 4.0 0.113 0.031 1.2169 1.2169 12.21 
0.600 2 1 1 4.0 4.0 0.127 0.056 1.2551 1.2169 12.20 
0.601 2 1 1 4.0 4.0 0.113 0.046 1.2551 1.2169 12.20 
0.602 2 1 1 4.0 4.0 0.123 0.058 1.2169 1.1474 12.20 
0.603 2 1 1 4.0 4.0 0.272 0.050 1.2169 1.2169 12.20 
0.604 2 1 1 4.0 4.0 0.261 -0.139 1.2551 1.2551 12.20 
0.605 2 1 1 4.0 4.0 0.165 -0.011 1.2952 1.1812 12.21 
0.606 2 1 1 4.0 4.0 0.117 0.061 1.2169 1.2551 12.21 
0.607 2 1 1 4.0 4.0 0.088 0.042 1.2551 1.2551 12.21 
0.608 2 1 1 4.0 4.0 0.087 0.065 1.2551 1.2169 12.20 
0.609 2 1 1 4.0 4.0 0.094 0.108 1.2551 1.1812 12.22 
0.610 2 1 1 4.0 4.0 0.111 0.092 1.2551 1.2169 12.21 
0.611 2 1 1 4.0 4.0 0.124 0.081 1.2551 1.1812 12.20 
0.612 2 1 1 4.0 4.0 0.117 0.092 1.2551 1.2169 12.21 
0.613 2 1 1 4.0 4.0 0.098 0.060 1.2551 1.2551 12.20 
0.614 2 1 1 4.0 4.0 0.117 0.103 1.2169 1.2551 12.20 
0.615 2 1 1 4.0 4.0 0.135 0.087 1.2551 1.2169 12.21 
0.616 2 1 1 4.0 4.0 0.138 0.061 1.2551 1.1812 12.21 
0.617 2 1 1 4.0 4.0 0.131 0.088 1.2169 1.2169 12.21 
0.618 2 1 1 4.0 4.0 0.121 0.072 1.2169 1.1812 12.20 
0.619 2 1 1 4.0 4.0 0.133 0.094 1.2551 1.1812 12.21 
0.620 2 1 1 4.0 4.0 0.121 0.080 1.2551 1.1812 12.21 
0.621 2 1 1 4.0 4.0 0.113 0.071 1.2551 1.1812 12.21 
0.622 2 1 1 4.0 4.0 0.076 0.064 1.2551 1.1812 12.19 
0.623 2 1 1 4.0 4.0 0.050 0.080 1.2952 1.2169 12.20 
0.624 2 1 1 4.0 4.0 0.098 0.056 1.2551 1.2551 12.21 
0.625 2 1 1 4.0 4.0 0.105 0.092 1.2169 1.2169 12.20 
0.626 2 1 1 4.0 4.0 0.068 0.070 1.2551 1.2169 12.21 
0.627 2 1 1 4.0 4.0 0.072 0.084 1.2952 1.2169 12.21 
0.628 2 1 1 4.0 4.0 0.091 0.088 1.2551 1.2169 12.21 
0.629 2 1 1 4.0 4.0 0.104 0.077 1.2551 1.2551 12.21 
0.630 2 1 1 4.0 4.0 0.113 0.083 1.2551 1.2169 12.20 
0.631 2 1 1 4.0 4.0 0.091 0.080 1.2952 1.2551 12.21 
0.632 2 1 1 4.0 4.0 0.091 0.067 1.2952 1.2169 12.21 
0.633 2 1 1 4.0 4.0 0.113 0.088 1.2551 1.2169 12.21 
0.634 2 1 1 4.0 4.0 0.110 0.079 1.2551 1.1153 12.21 
0.635 2 1 1 4.0 4.0 0.109 0.039 1.2551 1.2169 12.20 
0.636 2 1 1 4.0 4.0 0.094 0.067 1.2551 1.2551 12.20 
0.637 2 1 1 4.0 4.0 0.090 0.090 1.2551 1.2169 12.21 
0.638 2 1 1 4.0 4.0 0.113 0.048 1.2551 1.2169 12.21 
0.639 2 1 1 4.0 4.0 0.106 0.075 1.2952 1.2551 12.21 
0.640 2 1 1 4.0 4.0 0.128 0.078 1.2551 1.2551 12.21 
0.641 2 1 1 4.0 4.0 0.130 0.080 1.2169 1.1812 12.21 
0.642 2 1 1 4.0 4.0 0.110 0.106 1.2169 1.2169 12.21 
0.643 2 1 1 4.0 4.0 0.110 0.087 1.2952 1.2169 12.21 
0.644 2 1 1 4.0 4.0 0.128 0.111 1.2551 1.1812 12.21 
0.645 2 1 1 4.0 4.0 0.087 0.085 1.2169 1.2169 12.21 
0.646 2 1 1 4.0 4.0 0.111 0.075 1.2169 1.2551 12.21 
0.647 2 1 1 4.0 4.0 0.121 0.087 1.2551 1.2551 12.21 
0.648 2 1 1 4.0 4.0 0.130 0.095 1.2551 1.1812 12.20 
0.649 2 1 1 4.0 4.0 0.123 0.051 1.1812 1.2169 12.20 
0.650 2 1 1 4.0 4.0 0.091 0.084 1.1812 1.2169 12.20 
0.651 2 1 1 4.0 4.0 0.096 0.069 1.2169 1.1812 12.21 
0.652 2 1 1 4.0 4.0 0.106 0.065 1.2169 1.2169 12.21 
0.653 2 1 1 4.0 4.0 0.103 0.079 1.2169 1.2169 12.20 
0.654 2 1 1 4.0 4.0 0.089 0.078 1.2551 1.2551 12.21 
0.655 2 1 1 4.0 4.0 0.079 0.079 1.2551 1.1812 12.21 
0.656 2 1 1 4.0 4.0 0.098 0.076 1.2169 1.2551 12.21 
0.657 2 1 1 4.0 4.0 0.116 0.065 1.2551 1.2551 12.21 
0.658 2 1 1 4.0 4.0 0.125 0.084 1.2551 1.2169 12.21 
0.659 2 1 1 4.0 4.0 0.135 0.069 1.2952 1.0852 12.21 
0.660 2 1 1 4.0 4.0 0.136 0.074 1.2169 1.2169 12.21 
0.661 2 1 1 4.0 4.0 0.102 0.074 1.2551 1.2169 12.21 
0.662 2 1 1 4.0 4.0 0.101 0.078 1.2551 1.2169 12.21 
0.663 2 1 1 4.0 4.0 0.109 0.051 1.2551 1.2169 12.21 
0.664 2 1 1 4.0 4.0 0.106 0.081 1.2169 1.2169 12.20 
0.665 2 1 1 4.0 4.0 0.093 0.057 1.2169 1.2169 12.21 
