%% logfile from robot Hannah (80)
% Hannah (80)
%  1    time 0.000 sec
%  2  3  4   (mission 0), state 2, thread 2, line 0
%  5  6 Motor voltage [V] left, right: 2.0 2.0
%  7  8 Motor current left, right [A]: 0.024 0.041
%  9 10 Wheel velocity [m/s] left, right: -0.0000 -0.0000
% 11    Battery voltage [V]: 12.38
0.001 2 2 0 2.0 2.0 0.012 -0.002 -0.0000 -0.0000 12.38 
0.002 2 2 0 2.0 2.0 0.117 0.136 -0.0000 -0.0000 12.37 
0.003 2 2 0 2.0 2.0 0.257 0.250 -0.0000 -0.0000 12.38 
0.004 2 2 0 2.0 2.0 0.362 0.303 -0.0000 -0.0000 12.37 
0.005 2 2 0 2.0 2.0 0.402 0.326 0.0000 -0.0000 12.37 
0.006 2 2 0 2.0 2.0 0.431 0.330 0.0000 -0.0000 12.37 
0.007 2 2 0 2.0 2.0 0.418 0.323 0.0000 -0.0000 12.38 
0.008 2 2 0 2.0 2.0 0.409 0.319 0.0000 -0.0000 12.38 
0.009 2 2 0 2.0 2.0 0.410 0.311 0.0000 -0.0000 12.38 
0.010 2 2 0 2.0 2.0 0.375 0.316 0.0904 0.0000 12.38 
0.011 2 2 0 2.0 2.0 0.353 0.336 0.0904 0.0000 12.38 
0.012 2 2 0 2.0 2.0 0.357 0.323 0.0904 0.0000 12.38 
0.013 2 2 0 2.0 2.0 0.368 0.307 0.1293 0.0000 12.38 
0.014 2 2 0 2.0 2.0 0.386 0.304 0.1293 0.0960 12.38 
0.015 2 2 0 2.0 2.0 0.367 0.319 0.1293 0.0960 12.37 
0.016 2 2 0 2.0 2.0 0.368 0.298 0.1530 0.0960 12.37 
0.017 2 2 0 2.0 2.0 0.347 0.279 0.1530 0.1353 12.38 
0.018 2 2 0 2.0 2.0 0.345 0.269 0.1791 0.1353 12.38 
0.019 2 2 0 2.0 2.0 0.332 0.264 0.1791 0.1687 12.37 
0.020 2 2 0 2.0 2.0 0.328 0.243 0.2169 0.1687 12.37 
0.021 2 2 0 2.0 2.0 0.305 0.223 0.2169 0.1687 12.38 
0.022 2 2 0 2.0 2.0 0.289 0.217 0.1578 0.1370 12.37 
0.023 2 2 0 2.0 2.0 0.309 0.219 0.1578 0.1370 12.37 
0.024 2 2 0 2.0 2.0 0.279 0.228 0.2205 0.1370 12.37 
0.025 2 2 0 2.0 2.0 0.260 0.227 0.3113 0.1590 12.37 
0.026 2 2 0 2.0 2.0 0.253 0.221 0.3113 0.1590 12.37 
0.027 2 2 0 2.0 2.0 0.252 0.226 0.2868 0.1518 12.38 
0.028 2 2 0 2.0 2.0 0.253 0.217 0.2229 0.1518 12.37 
0.029 2 2 0 2.0 2.0 0.272 0.208 0.2080 0.2181 12.37 
0.030 2 2 0 2.0 2.0 0.294 0.196 0.2711 0.2181 12.37 
0.031 2 2 0 2.0 2.0 0.273 0.185 0.3346 0.1868 12.37 
0.032 2 2 0 2.0 2.0 0.262 0.182 0.3346 0.1868 12.38 
0.033 2 2 0 2.0 2.0 0.242 0.201 0.3289 0.1968 12.38 
0.034 2 2 0 2.0 2.0 0.231 0.223 0.2418 0.1968 12.37 
0.035 2 2 0 2.0 2.0 0.229 0.226 0.2418 0.1920 12.37 
0.036 2 2 0 2.0 2.0 0.232 0.227 0.2928 0.1868 12.37 
0.037 2 2 0 2.0 2.0 0.222 0.210 0.3430 0.2695 12.37 
0.038 2 2 0 2.0 2.0 0.210 0.200 0.3582 0.2695 12.37 
0.039 2 2 0 2.0 2.0 0.196 0.182 0.2888 0.2321 12.37 
0.040 2 2 0 2.0 2.0 0.201 0.173 0.3265 0.2321 12.37 
0.041 2 2 0 2.0 2.0 0.221 0.182 0.3265 0.2217 12.38 
0.042 2 2 0 2.0 2.0 0.223 0.182 0.3522 0.2100 12.37 
0.043 2 2 0 2.0 2.0 0.197 0.186 0.3896 0.2048 12.38 
0.044 2 2 0 2.0 2.0 0.184 0.193 0.3265 0.2868 12.38 
0.045 2 2 0 2.0 2.0 0.203 0.178 0.3462 0.2574 12.37 
0.046 2 2 0 2.0 2.0 0.182 0.163 0.3490 0.2205 12.37 
0.047 2 2 0 2.0 2.0 0.176 0.171 0.3976 0.2390 12.37 
0.048 2 2 0 2.0 2.0 0.182 0.201 0.3346 0.2390 12.37 
0.049 2 2 0 2.0 2.0 0.198 0.214 0.3651 0.2305 12.37 
0.050 2 2 0 2.0 2.0 0.212 0.191 0.3651 0.3113 12.37 
0.051 2 2 0 2.0 2.0 0.192 0.170 0.3751 0.3113 12.38 
0.052 2 2 0 2.0 2.0 0.189 0.174 0.3976 0.2305 12.37 
0.053 2 2 0 2.0 2.0 0.186 0.177 0.3787 0.2305 12.37 
0.054 2 2 0 2.0 2.0 0.159 0.154 0.3823 0.2538 12.37 
0.055 2 2 0 2.0 2.0 0.155 0.155 0.3896 0.3040 12.37 
0.056 2 2 0 2.0 2.0 0.159 0.129 0.4097 0.3289 12.38 
0.057 2 2 0 2.0 2.0 0.176 0.124 0.3289 0.3289 12.37 
0.058 2 2 0 2.0 2.0 0.200 0.112 0.3976 0.2434 12.37 
0.059 2 2 0 2.0 2.0 0.210 0.128 0.4269 0.2695 12.38 
0.060 2 2 0 2.0 2.0 0.201 0.156 0.4269 0.2695 12.38 
0.061 2 2 0 2.0 2.0 0.158 0.170 0.3374 0.2305 12.38 
0.062 2 2 0 2.0 2.0 0.129 0.164 0.3715 0.3430 12.38 
0.063 2 2 0 2.0 2.0 0.141 0.154 0.4562 0.3430 12.38 
0.064 2 2 0 2.0 2.0 0.152 0.152 0.3522 0.3113 12.38 
0.065 2 2 0 2.0 2.0 0.168 0.148 0.3823 0.2695 12.38 
0.066 2 2 0 2.0 2.0 0.174 0.142 0.4181 0.2695 12.38 
0.067 2 2 0 2.0 2.0 0.154 0.146 0.4462 0.2446 12.37 
0.068 2 2 0 2.0 2.0 0.156 0.132 0.3615 0.3490 12.37 
0.069 2 2 0 2.0 2.0 0.121 0.114 0.3896 0.2928 12.37 
0.070 2 2 0 2.0 2.0 0.132 0.112 0.4137 0.2928 12.37 
0.071 2 2 0 2.0 2.0 0.108 0.132 0.4510 0.2848 12.37 
0.072 2 2 0 2.0 2.0 0.109 0.160 0.4510 0.2747 12.37 
0.073 2 2 0 2.0 2.0 0.145 0.158 0.4410 0.3651 12.37 
0.074 2 2 0 2.0 2.0 0.192 0.143 0.4723 0.3346 12.38 
0.075 2 2 0 2.0 2.0 0.162 0.138 0.3976 0.2972 12.37 
0.076 2 2 0 2.0 2.0 0.128 0.131 0.3402 0.2952 12.37 
0.077 2 2 0 2.0 2.0 0.114 0.106 0.4667 0.2972 12.37 
0.078 2 2 0 2.0 2.0 0.113 0.096 0.4896 0.3683 12.37 
0.079 2 2 0 2.0 2.0 0.130 0.097 0.3582 0.3683 12.37 
0.080 2 2 0 2.0 2.0 0.156 0.087 0.3976 0.2868 12.37 
0.081 2 2 0 2.0 2.0 0.140 0.109 0.4562 0.3040 12.37 
0.082 2 2 0 2.0 2.0 0.140 0.144 0.4510 0.3237 12.38 
0.083 2 2 0 2.0 2.0 0.116 0.170 0.3715 0.3787 12.38 
0.084 2 2 0 2.0 2.0 0.125 0.159 0.4510 0.3787 12.38 
0.085 2 2 0 2.0 2.0 0.104 0.143 0.4836 0.2807 12.38 
0.086 2 2 0 2.0 2.0 0.091 0.138 0.4462 0.3137 12.37 
0.087 2 2 0 2.0 2.0 0.121 0.144 0.4510 0.3346 12.37 
0.088 2 2 0 2.0 2.0 0.154 0.126 0.4667 0.3860 12.37 
0.089 2 2 0 2.0 2.0 0.149 0.118 0.4562 0.3683 12.38 
0.090 2 2 0 2.0 2.0 0.110 0.125 0.4667 0.2952 12.38 
0.091 2 2 0 2.0 2.0 0.098 0.138 0.4667 0.3237 12.38 
0.092 2 2 0 2.0 2.0 0.261 -0.021 0.4956 0.3651 12.38 
0.093 2 2 0 2.0 2.0 0.228 0.029 0.4723 0.4016 12.38 
0.094 2 2 0 2.0 2.0 0.167 0.086 0.4723 0.3040 12.37 
0.095 2 2 0 2.0 2.0 0.164 0.111 0.5081 0.3040 12.37 
0.096 2 2 0 2.0 2.0 0.136 0.104 0.5020 0.3289 12.37 
0.097 2 2 0 2.0 2.0 0.112 0.095 0.4956 0.3016 12.38 
0.098 2 2 0 2.0 2.0 0.109 0.080 0.4956 0.3462 12.38 
0.099 2 2 0 2.0 2.0 0.108 0.080 0.4269 0.3317 12.37 
0.100 2 2 0 2.0 2.0 0.112 0.106 0.4723 0.3346 12.37 
0.101 2 2 0 2.0 2.0 0.151 0.114 0.5149 0.3346 12.37 
0.102 2 2 0 2.0 2.0 0.137 0.135 0.5354 0.2972 12.37 
0.103 2 2 0 2.0 2.0 0.141 0.138 0.4667 0.3430 12.37 
0.104 2 2 0 2.0 2.0 0.103 0.127 0.5354 0.3490 12.37 
0.105 2 2 0 2.0 2.0 0.096 0.126 0.5498 0.3265 12.37 
0.106 2 2 0 2.0 2.0 0.090 0.116 0.4723 0.2928 12.37 
0.107 2 2 0 2.0 2.0 0.140 0.113 0.4836 0.3430 12.37 
0.108 2 2 0 2.0 2.0 0.116 0.098 0.5354 0.3430 12.38 
0.109 2 2 0 2.0 2.0 0.098 0.118 0.4779 0.3088 12.38 
0.110 2 2 0 2.0 2.0 0.089 0.139 0.4836 0.3317 12.37 
0.111 2 2 0 2.0 2.0 0.082 0.132 0.4956 0.3185 12.37 
0.112 2 2 0 2.0 2.0 0.081 0.125 0.5213 0.3615 12.38 
0.113 2 2 0 2.0 2.0 0.110 0.130 0.5020 0.3113 12.37 
0.114 2 2 0 2.0 2.0 0.138 0.117 0.5020 0.3113 12.37 
0.115 2 2 0 2.0 2.0 0.130 0.110 0.4723 0.3317 12.37 
0.116 2 2 0 2.0 2.0 0.099 0.101 0.3823 0.3976 12.38 
0.117 2 2 0 2.0 2.0 0.113 0.092 0.5149 0.4137 12.37 
0.118 2 2 0 2.0 2.0 0.095 0.095 0.5426 0.3113 12.37 
0.119 2 2 0 2.0 2.0 0.098 0.102 0.3936 0.3374 12.38 
0.120 2 2 0 2.0 2.0 0.115 0.121 0.5020 0.2888 12.38 
0.121 2 2 0 2.0 2.0 0.125 0.130 0.5354 0.3490 12.38 
0.122 2 2 0 2.0 2.0 0.104 0.127 0.4723 0.3936 12.38 
0.123 2 2 0 2.0 2.0 0.094 0.099 0.4836 0.3823 12.37 
0.124 2 2 0 2.0 2.0 0.078 0.090 0.5498 0.3430 12.37 
0.125 2 2 0 2.0 2.0 0.065 0.096 0.4956 0.3088 12.37 
0.126 2 2 0 2.0 2.0 0.113 0.079 0.5020 0.3615 12.37 
0.127 2 2 0 2.0 2.0 0.151 0.077 0.5498 0.3615 12.38 
0.128 2 2 0 2.0 2.0 0.110 0.100 0.5149 0.3490 12.37 
0.129 2 2 0 2.0 2.0 0.080 0.118 0.5149 0.3317 12.37 
0.130 2 2 0 2.0 2.0 0.091 0.125 0.5149 0.3787 12.37 
0.131 2 2 0 2.0 2.0 0.096 0.130 0.5081 0.3550 12.37 
0.132 2 2 0 2.0 2.0 0.116 0.106 0.5081 0.3522 12.37 
0.133 2 2 0 2.0 2.0 0.128 0.087 0.5149 0.3522 12.37 
0.134 2 2 0 2.0 2.0 0.123 0.089 0.5281 0.3522 12.37 
0.135 2 2 0 2.0 2.0 0.095 0.078 0.5149 0.3896 12.38 
0.136 2 2 0 2.0 2.0 0.090 0.078 0.5149 0.3346 12.38 
0.137 2 2 0 2.0 2.0 0.086 0.086 0.5213 0.3522 12.38 
0.138 2 2 0 2.0 2.0 0.101 0.128 0.4956 0.3751 12.37 
0.139 2 2 0 2.0 2.0 0.151 0.129 0.5426 0.4056 12.37 
0.140 2 2 0 2.0 2.0 0.154 0.128 0.5575 0.3213 12.37 
0.141 2 2 0 2.0 2.0 0.111 0.127 0.4836 0.3582 12.37 
0.142 2 2 0 2.0 2.0 0.098 0.117 0.5575 0.3787 12.37 
0.143 2 2 0 2.0 2.0 0.078 0.102 0.5735 0.4056 12.37 
0.144 2 2 0 2.0 2.0 0.089 0.093 0.4896 0.3346 12.37 
0.145 2 2 0 2.0 2.0 0.138 0.099 0.5281 0.3346 12.37 
0.146 2 2 0 2.0 2.0 0.106 0.118 0.5575 0.3615 12.32 
0.147 2 2 0 2.0 2.0 0.092 0.125 0.4956 0.4137 12.36 
0.148 2 2 0 2.0 2.0 0.072 0.113 0.5020 0.3787 12.37 
0.149 2 2 0 2.0 2.0 0.092 0.105 0.5575 0.3374 12.37 
0.150 2 2 0 2.0 2.0 0.078 0.098 0.5498 0.3651 12.37 
0.151 2 2 0 2.0 2.0 0.106 0.083 0.5354 0.3289 12.37 
0.152 2 2 0 2.0 2.0 0.106 0.071 0.5575 0.3787 12.38 
0.153 2 2 0 2.0 2.0 0.104 0.071 0.4016 0.3550 12.38 
0.154 2 2 0 2.0 2.0 0.090 0.096 0.4510 0.3550 12.38 
0.155 2 2 0 2.0 2.0 0.075 0.104 0.5735 0.3213 12.37 
0.156 2 2 0 2.0 2.0 0.064 0.123 0.4836 0.3751 12.37 
0.157 2 2 0 2.0 2.0 0.088 0.121 0.5020 0.3787 12.38 
0.158 2 2 0 2.0 2.0 0.102 0.120 0.5735 0.3550 12.38 
0.159 2 2 0 2.0 2.0 0.085 0.111 0.5020 0.3550 12.38 
0.160 2 2 0 2.0 2.0 0.069 0.101 0.5081 0.3213 12.37 
0.161 2 2 0 2.0 2.0 0.050 0.090 0.5735 0.3715 12.38 
0.162 2 2 0 2.0 2.0 0.070 0.089 0.5149 0.3374 12.38 
0.163 2 2 0 2.0 2.0 0.115 0.093 0.5213 0.3582 12.38 
0.164 2 2 0 2.0 2.0 0.126 0.117 0.5655 0.3430 12.37 
0.165 2 2 0 2.0 2.0 0.106 0.133 0.5281 0.3896 12.37 
0.166 2 2 0 2.0 2.0 0.095 0.128 0.5281 0.3346 12.37 
0.167 2 2 0 2.0 2.0 0.066 0.109 0.5575 0.3582 12.37 
0.168 2 2 0 2.0 2.0 0.073 0.103 0.5281 0.3896 12.37 
0.169 2 2 0 2.0 2.0 0.125 0.079 0.5281 0.4225 12.37 
0.170 2 2 0 2.0 2.0 0.117 0.064 0.5655 0.3346 12.38 
0.171 2 2 0 2.0 2.0 0.098 0.076 0.5575 0.3651 12.38 
0.172 2 2 0 2.0 2.0 0.069 0.092 0.5426 0.3651 12.37 
0.173 2 2 0 2.0 2.0 0.076 0.111 0.5655 0.3088 12.37 
0.174 2 2 0 2.0 2.0 0.087 0.101 0.4956 0.3715 12.40 
0.175 2 2 0 2.0 2.0 0.097 0.091 0.5149 0.3976 12.38 
0.176 2 2 0 2.0 2.0 0.127 0.089 0.5820 0.3683 12.38 
0.177 2 2 0 2.0 2.0 0.090 0.087 0.5020 0.3289 12.37 
0.178 2 2 0 2.0 2.0 0.081 0.071 0.5149 0.3860 12.37 
0.179 2 2 0 2.0 2.0 0.090 0.065 0.5904 0.3860 12.37 
0.180 2 2 0 2.0 2.0 0.076 0.090 0.5020 0.3715 12.37 
0.181 2 2 0 2.0 2.0 0.108 0.121 0.5149 0.3582 12.37 
0.182 2 2 0 2.0 2.0 0.085 0.124 0.5735 0.4056 12.37 
0.183 2 2 0 2.0 2.0 0.061 0.121 0.5081 0.3823 12.38 
0.184 2 2 0 2.0 2.0 0.060 0.102 0.5213 0.3751 12.37 
0.185 2 2 0 2.0 2.0 0.044 0.102 0.5735 0.3787 12.37 
0.186 2 2 0 2.0 2.0 0.045 0.090 0.5655 0.4181 12.37 
0.187 2 2 0 2.0 2.0 0.087 0.089 0.5498 0.3550 12.37 
0.188 2 2 0 2.0 2.0 0.121 0.092 0.5735 0.3787 12.37 
0.189 2 2 0 2.0 2.0 0.098 0.125 0.4836 0.3976 12.37 
0.190 2 2 0 2.0 2.0 0.085 0.127 0.5020 0.4269 12.37 
0.191 2 2 0 2.0 2.0 0.067 0.118 0.5992 0.3430 12.37 
0.192 2 2 0 2.0 2.0 0.051 0.120 0.4956 0.3787 12.38 
0.193 2 2 0 2.0 2.0 0.082 0.101 0.5149 0.4016 12.37 
0.194 2 2 0 2.0 2.0 0.096 0.075 0.5904 0.4317 12.37 
0.195 2 2 0 2.0 2.0 0.211 -0.050 0.5081 0.3522 12.36 
0.196 2 2 0 2.0 2.0 0.178 -0.021 0.5213 0.3823 12.37 
0.197 2 2 0 2.0 2.0 0.092 0.075 0.5820 0.4056 12.37 
0.198 2 2 0 2.0 2.0 0.068 0.098 0.5281 0.4362 12.37 
0.199 2 2 0 2.0 2.0 0.107 0.094 0.5281 0.3522 12.37 
0.200 2 2 0 2.0 2.0 0.113 0.093 0.5735 0.3860 12.37 
0.201 2 2 1 4.0 4.0 0.083 0.092 0.5426 0.3462 12.37 
0.202 2 2 1 4.0 4.0 0.095 0.108 0.5426 0.3976 12.37 
0.203 2 2 1 4.0 4.0 0.252 0.242 0.5735 0.3860 12.37 
0.204 2 2 1 4.0 4.0 0.405 0.393 0.5498 0.3976 12.36 
0.205 2 2 1 4.0 4.0 0.486 0.493 0.5735 0.3683 12.35 
0.206 2 2 1 4.0 4.0 0.494 0.537 0.6177 0.4362 12.35 
0.207 2 2 1 4.0 4.0 0.495 0.536 0.6085 0.4462 12.36 
0.208 2 2 1 4.0 4.0 0.490 0.534 0.6583 0.4410 12.36 
0.209 2 2 1 4.0 4.0 0.486 0.530 0.5904 0.4016 12.36 
0.210 2 2 1 4.0 4.0 0.551 0.502 0.6804 0.4510 12.37 
0.211 2 2 1 4.0 4.0 0.524 0.501 0.7169 0.4667 12.36 
0.212 2 2 1 4.0 4.0 0.461 0.495 0.6474 0.4667 12.36 
0.213 2 2 1 4.0 4.0 0.433 0.471 0.7302 0.5354 12.36 
0.214 2 2 1 4.0 4.0 0.455 0.459 0.6374 0.4956 12.36 
0.215 2 2 1 4.0 4.0 0.423 0.449 0.7044 0.5575 12.36 
0.216 2 2 1 4.0 4.0 0.406 0.415 0.6691 0.5354 12.36 
0.217 2 2 1 4.0 4.0 0.391 0.409 0.7169 0.5498 12.37 
0.218 2 2 1 4.0 4.0 0.370 0.448 0.7575 0.5081 12.37 
0.219 2 2 1 4.0 4.0 0.383 0.413 0.7434 0.6273 12.37 
0.220 2 2 1 4.0 4.0 0.402 0.399 0.7872 0.5992 12.36 
0.221 2 2 1 4.0 4.0 0.390 0.398 0.7169 0.6374 12.36 
0.222 2 2 1 4.0 4.0 0.369 0.383 0.8032 0.6273 12.36 
0.223 2 2 1 4.0 4.0 0.371 0.424 0.7434 0.5904 12.36 
0.224 2 2 1 4.0 4.0 0.357 0.400 0.8193 0.6583 12.36 
0.225 2 2 1 4.0 4.0 0.341 0.390 0.7723 0.6273 12.37 
0.226 2 2 1 4.0 4.0 0.311 0.370 0.8366 0.6924 12.37 
0.227 2 2 1 4.0 4.0 0.367 0.348 0.8032 0.6474 12.37 
0.228 2 2 1 4.0 4.0 0.370 0.358 0.8543 0.6583 12.37 
0.229 2 2 1 4.0 4.0 0.334 0.349 0.8193 0.5904 12.36 
0.230 2 2 1 4.0 4.0 0.307 0.345 0.8366 0.6474 12.36 
0.231 2 2 1 4.0 4.0 0.319 0.347 0.8727 0.7434 12.37 
0.232 2 2 1 4.0 4.0 0.314 0.330 0.8924 0.6804 12.36 
0.233 2 2 1 4.0 4.0 0.299 0.318 0.8924 0.7575 12.36 
0.234 2 2 1 4.0 4.0 0.300 0.334 0.8193 0.6924 12.36 
0.235 2 2 1 4.0 4.0 0.335 0.341 0.9125 0.6691 12.36 
0.236 2 2 1 4.0 4.0 0.314 0.297 0.8366 0.7044 12.37 
0.237 2 2 1 4.0 4.0 0.275 0.295 0.9338 0.6583 12.37 
0.238 2 2 1 4.0 4.0 0.282 0.326 0.8366 0.7302 12.37 
0.239 2 2 1 4.0 4.0 0.279 0.319 0.8193 0.7302 12.37 
0.240 2 2 1 4.0 4.0 0.245 0.303 0.8727 0.7434 12.37 
0.241 2 2 1 4.0 4.0 0.243 0.282 0.9338 0.7169 12.37 
0.242 2 2 1 4.0 4.0 0.269 0.301 0.9559 0.7723 12.36 
0.243 2 2 1 4.0 4.0 0.284 0.307 0.8543 0.7302 12.36 
0.244 2 2 1 4.0 4.0 0.271 0.273 0.9796 0.8193 12.37 
0.245 2 2 1 4.0 4.0 0.259 0.247 0.8727 0.7434 12.37 
0.246 2 2 1 4.0 4.0 0.246 0.281 0.8727 0.7302 12.37 
0.247 2 2 1 4.0 4.0 0.218 0.275 0.9338 0.7575 12.38 
0.248 2 2 1 4.0 4.0 0.203 0.259 0.9559 0.7044 12.35 
0.249 2 2 1 4.0 4.0 0.263 0.265 1.0041 0.7723 12.36 
0.250 2 2 1 4.0 4.0 0.250 0.284 0.9796 0.7434 12.36 
0.251 2 2 1 4.0 4.0 0.238 0.280 0.9796 0.7723 12.35 
0.252 2 2 1 4.0 4.0 0.252 0.284 0.9796 0.7723 12.37 
0.253 2 2 1 4.0 4.0 0.256 0.240 1.0041 0.7723 12.37 
0.254 2 2 1 4.0 4.0 0.227 0.254 1.0298 0.7872 12.37 
0.255 2 2 1 4.0 4.0 0.240 0.278 0.9796 0.7723 12.37 
0.256 2 2 1 4.0 4.0 0.262 0.277 0.9559 0.8032 12.37 
0.257 2 2 1 4.0 4.0 0.233 0.258 1.0567 0.8032 12.37 
0.258 2 2 1 4.0 4.0 0.208 0.265 1.0041 0.8727 12.36 
0.259 2 2 1 4.0 4.0 0.227 0.265 1.0041 0.8193 12.37 
0.260 2 2 1 4.0 4.0 0.200 0.229 1.0298 0.8366 12.37 
0.261 2 2 1 4.0 4.0 0.185 0.204 1.0567 0.8193 12.37 
0.262 2 2 1 4.0 4.0 0.221 0.238 1.0852 0.8366 12.36 
0.263 2 2 1 4.0 4.0 0.231 0.246 0.9338 0.8543 12.36 
0.264 2 2 1 4.0 4.0 0.193 0.224 1.0041 0.8543 12.37 
0.265 2 2 1 4.0 4.0 0.207 0.214 1.0852 0.8366 12.36 
0.266 2 2 1 4.0 4.0 0.184 0.256 1.0298 0.8727 12.36 
0.267 2 2 1 4.0 4.0 0.156 0.258 1.0567 0.8366 12.36 
0.268 2 2 1 4.0 4.0 0.197 0.200 1.0852 0.8366 12.37 
0.269 2 2 1 4.0 4.0 0.211 0.200 1.0852 0.7723 12.36 
0.270 2 2 1 4.0 4.0 0.177 0.208 1.0041 0.8727 12.37 
0.271 2 2 1 4.0 4.0 0.197 0.221 1.0852 0.8193 12.36 
0.272 2 2 1 4.0 4.0 0.195 0.196 1.1153 0.8727 12.37 
0.273 2 2 1 4.0 4.0 0.166 0.208 1.0567 0.9125 12.36 
0.274 2 2 1 4.0 4.0 0.187 0.216 1.1153 0.8924 12.37 
0.275 2 2 1 4.0 4.0 0.197 0.218 1.0567 0.9338 12.37 
0.276 2 2 1 4.0 4.0 0.169 0.182 1.1474 0.8727 12.37 
0.277 2 2 1 4.0 4.0 0.193 0.201 1.0852 0.9338 12.37 
0.278 2 2 1 4.0 4.0 0.191 0.223 1.0567 0.8543 12.37 
0.279 2 2 1 4.0 4.0 0.164 0.210 1.1153 0.8543 12.37 
0.280 2 2 1 4.0 4.0 0.174 0.220 1.1153 0.8924 12.37 
0.281 2 2 1 4.0 4.0 0.190 0.207 1.0567 0.8727 12.37 
0.282 2 2 1 4.0 4.0 0.164 0.200 1.1812 0.8366 12.35 
0.283 2 2 1 4.0 4.0 0.176 0.188 1.1474 0.8924 12.36 
0.284 2 2 1 4.0 4.0 0.170 0.201 1.1153 0.8924 12.37 
0.285 2 2 1 4.0 4.0 0.140 0.201 1.1812 0.9125 12.37 
0.286 2 2 1 4.0 4.0 0.155 0.204 1.1153 0.9125 12.37 
0.287 2 2 1 4.0 4.0 0.181 0.202 1.1153 0.8727 12.37 
0.288 2 2 1 4.0 4.0 0.161 0.197 1.1474 0.8727 12.37 
0.289 2 2 1 4.0 4.0 0.171 0.200 1.1153 0.9338 12.37 
0.290 2 2 1 4.0 4.0 0.177 0.170 1.1474 0.9338 12.37 
0.291 2 2 1 4.0 4.0 0.149 0.168 1.0567 0.8924 12.37 
0.292 2 2 1 4.0 4.0 0.163 0.189 1.1474 0.9338 12.37 
0.293 2 2 1 4.0 4.0 0.170 0.185 1.1153 0.9338 12.37 
0.294 2 2 1 4.0 4.0 0.147 0.170 0.8924 0.9125 12.37 
0.295 2 2 1 4.0 4.0 0.171 0.181 1.1474 0.9559 12.37 
0.296 2 2 1 4.0 4.0 0.151 0.180 1.1153 0.9559 12.37 
0.297 2 2 1 4.0 4.0 0.245 0.025 1.1474 0.9796 12.37 
0.298 2 2 1 4.0 4.0 0.275 0.058 1.1812 1.0041 12.37 
0.299 2 2 1 4.0 4.0 0.215 0.161 1.0852 0.9559 12.37 
0.300 2 2 1 4.0 4.0 0.172 0.164 1.0852 0.9796 12.37 
0.301 2 2 1 4.0 4.0 0.178 0.164 1.1812 1.0041 12.37 
0.302 2 2 1 4.0 4.0 0.145 0.195 1.1153 1.0041 12.37 
0.303 2 2 1 4.0 4.0 0.109 0.171 1.1474 1.0041 12.37 
0.304 2 2 1 4.0 4.0 0.156 0.143 1.1812 0.9796 12.38 
0.305 2 2 1 4.0 4.0 0.147 0.167 1.1474 1.0041 12.36 
0.306 2 2 1 4.0 4.0 0.161 0.186 1.1474 0.9559 12.37 
0.307 2 2 1 4.0 4.0 0.171 0.170 1.1812 0.9796 12.37 
0.308 2 2 1 4.0 4.0 0.137 0.182 1.1812 1.0041 12.38 
0.309 2 2 1 4.0 4.0 0.130 0.175 1.1474 0.9796 12.38 
0.310 2 2 1 4.0 4.0 0.179 0.136 1.1474 1.0298 12.37 
0.311 2 2 1 4.0 4.0 0.143 0.121 1.2551 0.8924 12.37 
0.312 2 2 1 4.0 4.0 0.145 0.133 1.1474 0.9796 12.37 
0.313 2 2 1 4.0 4.0 0.162 0.140 1.1474 1.0041 12.37 
0.314 2 2 1 4.0 4.0 0.125 0.117 1.1812 1.0041 12.37 
0.315 2 2 1 4.0 4.0 0.127 0.147 1.1812 1.0298 12.36 
0.316 2 2 1 4.0 4.0 0.165 0.161 1.1153 0.9796 12.37 
0.317 2 2 1 4.0 4.0 0.132 0.146 1.0298 1.0041 12.37 
0.318 2 2 1 4.0 4.0 0.128 0.177 1.1812 1.0298 12.36 
0.319 2 2 1 4.0 4.0 0.134 0.178 1.1474 0.9796 12.37 
0.320 2 2 1 4.0 4.0 0.114 0.170 1.1812 0.9796 12.37 
0.321 2 2 1 4.0 4.0 0.145 0.167 1.2169 1.0041 12.37 
0.322 2 2 1 4.0 4.0 0.157 0.163 1.1812 0.9559 12.37 
0.323 2 2 1 4.0 4.0 0.147 0.164 1.1812 1.0298 12.37 
0.324 2 2 1 4.0 4.0 0.157 0.145 1.2169 1.0041 12.37 
0.325 2 2 1 4.0 4.0 0.133 0.170 1.2169 1.0041 12.37 
0.326 2 2 1 4.0 4.0 0.122 0.187 1.1474 0.9796 12.37 
0.327 2 2 1 4.0 4.0 0.174 0.157 1.1474 1.0041 12.38 
0.328 2 2 1 4.0 4.0 0.148 0.158 1.2551 1.0298 12.37 
0.329 2 2 1 4.0 4.0 0.142 0.149 1.1474 0.9796 12.37 
0.330 2 2 1 4.0 4.0 0.166 0.119 1.1474 1.0298 12.37 
0.331 2 2 1 4.0 4.0 0.130 0.121 1.1812 0.8924 12.36 
0.332 2 2 1 4.0 4.0 0.116 0.139 1.1812 0.9796 12.36 
0.333 2 2 1 4.0 4.0 0.145 0.144 1.1153 1.0041 12.37 
0.334 2 2 1 4.0 4.0 0.144 0.152 1.0852 1.0041 12.36 
0.335 2 2 1 4.0 4.0 0.144 0.162 1.2169 1.0298 12.37 
0.336 2 2 1 4.0 4.0 0.137 0.145 1.1812 1.0298 12.37 
0.337 2 2 1 4.0 4.0 0.097 0.113 1.2169 1.0298 12.37 
0.338 2 2 1 4.0 4.0 0.154 0.143 1.2551 1.0567 12.37 
0.339 2 2 1 4.0 4.0 0.147 0.165 1.2169 1.0041 12.37 
0.340 2 2 1 4.0 4.0 0.110 0.153 1.2169 1.0298 12.37 
0.341 2 2 1 4.0 4.0 0.139 0.176 1.2551 1.0852 12.37 
0.342 2 2 1 4.0 4.0 0.130 0.156 1.2551 1.0298 12.37 
0.343 2 2 1 4.0 4.0 0.113 0.136 1.1812 1.0298 12.37 
0.344 2 2 1 4.0 4.0 0.143 0.135 1.1812 1.0041 12.37 
0.345 2 2 1 4.0 4.0 0.144 0.155 1.2952 1.0298 12.37 
0.346 2 2 1 4.0 4.0 0.144 0.151 1.2169 1.0567 12.37 
0.347 2 2 1 4.0 4.0 0.133 0.162 1.1812 1.0298 12.37 
0.348 2 2 1 4.0 4.0 0.106 0.170 1.2169 1.0041 12.37 
0.349 2 2 1 4.0 4.0 0.147 0.130 1.2551 1.1153 12.37 
0.350 2 2 1 4.0 4.0 0.150 0.119 1.1474 1.0298 12.37 
0.351 2 2 1 4.0 4.0 0.115 0.137 1.1474 0.9796 12.37 
0.352 2 2 2 -4.0 -4.0 0.121 0.147 1.2551 0.9796 12.37 
0.353 2 2 2 -4.0 -4.0 -0.028 -0.022 1.2169 1.0298 12.36 
0.354 2 2 2 -4.0 -4.0 -0.581 -0.531 1.1812 1.0567 12.35 
0.355 2 2 2 -4.0 -4.0 -1.124 -1.001 1.2169 1.0041 12.35 
0.356 2 2 2 -4.0 -4.0 -1.360 -1.307 1.0852 0.9796 12.34 
0.357 2 2 2 -4.0 -4.0 -1.535 -1.385 1.0298 0.8366 12.34 
0.358 2 2 2 -4.0 -4.0 -1.570 -1.405 0.9796 0.8366 12.34 
0.359 2 2 2 -4.0 -4.0 -1.496 -1.410 0.9338 0.7044 12.35 
0.360 2 2 2 -4.0 -4.0 -1.514 -1.412 0.9125 0.7302 12.35 
0.361 2 2 2 -4.0 -4.0 -1.599 -1.412 0.7434 0.6273 12.35 
0.362 2 2 2 -4.0 -4.0 -1.648 -1.412 0.7575 0.5904 12.34 
0.363 2 2 2 -4.0 -4.0 -1.556 -1.394 0.6085 0.5904 12.35 
0.364 2 2 2 -4.0 -4.0 -1.425 -1.366 0.5904 0.4896 12.35 
0.365 2 2 2 -4.0 -4.0 -1.440 -1.385 0.5904 0.3976 12.34 
0.366 2 2 2 -4.0 -4.0 -1.430 -1.401 0.4016 0.3265 12.35 
0.367 2 2 2 -4.0 -4.0 -1.423 -1.384 0.3683 0.3088 12.34 
0.368 2 2 2 -4.0 -4.0 -1.506 -1.374 0.3896 0.3289 12.35 
0.369 2 2 2 -4.0 -4.0 -1.268 -1.339 0.3651 0.2333 12.35 
0.370 2 2 2 -4.0 -4.0 -1.215 -1.299 0.3346 0.1783 12.35 
0.371 2 2 2 -4.0 -4.0 -1.184 -1.255 0.2538 0.1783 12.35 
0.372 2 2 2 -4.0 -4.0 -1.169 -1.219 0.2068 0.1631 12.35 
0.373 2 2 2 -4.0 -4.0 -1.155 -1.193 0.2068 0.1157 12.35 
0.374 2 2 2 -4.0 -4.0 -1.120 -1.169 0.1518 0.0900 12.36 
0.375 2 2 2 -4.0 -4.0 -1.100 -1.134 0.1173 0.0731 12.35 
0.376 2 2 2 -4.0 -4.0 -1.045 -1.092 0.1173 0.0619 12.35 
0.377 2 2 2 -4.0 -4.0 -1.027 -1.077 0.1173 -0.0538 12.35 
0.378 2 2 2 -4.0 -4.0 -0.968 -1.061 0.1173 -0.0538 12.35 
0.379 2 2 2 -4.0 -4.0 -0.937 -1.009 -0.1165 -0.0538 12.35 
0.380 2 2 2 -4.0 -4.0 -0.915 -0.969 -0.1165 -0.1723 12.36 
0.381 2 2 2 -4.0 -4.0 -0.887 -0.925 -0.1165 -0.2731 12.36 
0.382 2 2 2 -4.0 -4.0 -0.833 -0.883 -0.1370 -0.2731 12.36 
0.383 2 2 2 -4.0 -4.0 -0.812 -0.850 -0.1370 -0.2462 12.36 
0.384 2 2 2 -4.0 -4.0 -0.784 -0.823 -0.1735 -0.2996 12.36 
0.385 2 2 2 -4.0 -4.0 -0.758 -0.800 -0.2908 -0.2996 12.36 
0.386 2 2 2 -4.0 -4.0 -0.769 -0.789 -0.2908 -0.3582 12.36 
0.387 2 2 2 -4.0 -4.0 -0.840 -0.822 -0.2928 -0.3860 12.36 
0.388 2 2 2 -4.0 -4.0 -0.815 -0.700 -0.3137 -0.3823 12.36 
0.389 2 2 2 -4.0 -4.0 -0.694 -0.658 -0.2659 -0.3787 12.36 
0.390 2 2 2 -4.0 -4.0 -0.651 -0.631 -0.3237 -0.4362 12.36 
0.391 2 2 2 -4.0 -4.0 -0.621 -0.608 -0.3751 -0.4562 12.36 
0.392 2 2 2 -4.0 -4.0 -0.572 -0.587 -0.4016 -0.4562 12.36 
0.393 2 2 2 -4.0 -4.0 -0.582 -0.602 -0.3582 -0.4462 12.37 
0.394 2 2 2 -4.0 -4.0 -0.606 -0.594 -0.3936 -0.5213 12.36 
0.395 2 2 2 -4.0 -4.0 -0.641 -0.556 -0.4362 -0.5149 12.37 
0.396 2 2 2 -4.0 -4.0 -0.657 -0.551 -0.4510 -0.5081 12.36 
0.397 2 2 2 -4.0 -4.0 -0.583 -0.537 -0.3860 -0.5498 12.36 
0.398 2 2 2 -4.0 -4.0 -0.530 -0.504 -0.4562 -0.5426 12.37 
0.399 2 2 2 -4.0 -4.0 -0.395 -0.624 -0.4723 -0.5498 12.36 
0.400 2 2 2 -4.0 -4.0 -0.347 -0.616 -0.5081 -0.5820 12.37 
0.401 2 2 2 -4.0 -4.0 -0.417 -0.483 -0.5575 -0.5735 12.37 
0.402 2 2 2 -4.0 -4.0 -0.476 -0.450 -0.5575 -0.6474 12.37 
0.403 2 2 2 -4.0 -4.0 -0.483 -0.420 -0.5281 -0.5820 12.37 
0.404 2 2 2 -4.0 -4.0 -0.449 -0.443 -0.5820 -0.6374 12.36 
0.405 2 2 2 -4.0 -4.0 -0.415 -0.471 -0.5735 -0.5735 12.37 
0.406 2 2 2 -4.0 -4.0 -0.415 -0.421 -0.5498 -0.6085 12.37 
0.407 2 2 2 -4.0 -4.0 -0.460 -0.422 -0.6085 -0.6804 12.36 
0.408 2 2 2 -4.0 -4.0 -0.487 -0.403 -0.6085 -0.7169 12.37 
0.409 2 2 2 -4.0 -4.0 -0.427 -0.410 -0.6374 -0.6474 12.36 
0.410 2 2 2 -4.0 -4.0 -0.396 -0.449 -0.6374 -0.6691 12.37 
0.411 2 2 2 -4.0 -4.0 -0.403 -0.394 -0.5735 -0.6691 12.37 
0.412 2 2 2 -4.0 -4.0 -0.380 -0.351 -0.6924 -0.7044 12.36 
0.413 2 2 2 -4.0 -4.0 -0.422 -0.346 -0.6804 -0.6804 12.37 
0.414 2 2 2 -4.0 -4.0 -0.380 -0.353 -0.6691 -0.7575 12.37 
0.415 2 2 2 -4.0 -4.0 -0.347 -0.358 -0.7044 -0.7044 12.37 
0.416 2 2 2 -4.0 -4.0 -0.341 -0.355 -0.5992 -0.7575 12.37 
0.417 2 2 2 -4.0 -4.0 -0.366 -0.334 -0.6804 -0.7302 12.37 
0.418 2 2 2 -4.0 -4.0 -0.362 -0.326 -0.7044 -0.7169 12.37 
0.419 2 2 2 -4.0 -4.0 -0.330 -0.342 -0.7302 -0.7872 12.37 
0.420 2 2 2 -4.0 -4.0 -0.314 -0.324 -0.7169 -0.7434 12.37 
0.421 2 2 2 -4.0 -4.0 -0.296 -0.301 -0.6924 -0.8032 12.37 
0.422 2 2 2 -4.0 -4.0 -0.350 -0.307 -0.7169 -0.7434 12.37 
0.423 2 2 2 -4.0 -4.0 -0.345 -0.337 -0.6804 -0.8032 12.37 
0.424 2 2 2 -4.0 -4.0 -0.299 -0.328 -0.7302 -0.7575 12.37 
0.425 2 2 2 -4.0 -4.0 -0.305 -0.322 -0.6583 -0.8032 12.37 
0.426 2 2 2 -4.0 -4.0 -0.349 -0.317 -0.7434 -0.8032 12.37 
0.427 2 2 2 -4.0 -4.0 -0.347 -0.303 -0.6924 -0.8032 12.37 
0.428 2 2 2 -4.0 -4.0 -0.298 -0.285 -0.7434 -0.8543 12.37 
0.429 2 2 2 -4.0 -4.0 -0.273 -0.239 -0.7723 -0.7872 12.36 
0.430 2 2 2 -4.0 -4.0 -0.271 -0.255 -0.7872 -0.8727 12.37 
0.431 2 2 2 -4.0 -4.0 -0.297 -0.267 -0.7575 -0.8032 12.37 
0.432 2 2 2 -4.0 -4.0 -0.262 -0.263 -0.7872 -0.8366 12.37 
0.433 2 2 2 -4.0 -4.0 -0.271 -0.251 -0.7575 -0.8727 12.37 
0.434 2 2 2 -4.0 -4.0 -0.304 -0.275 -0.8193 -0.8924 12.37 
0.435 2 2 2 -4.0 -4.0 -0.321 -0.253 -0.7575 -0.8727 12.37 
0.436 2 2 2 -4.0 -4.0 -0.295 -0.236 -0.8366 -0.8366 12.37 
0.437 2 2 2 -4.0 -4.0 -0.261 -0.215 -0.7434 -0.8543 12.37 
0.438 2 2 2 -4.0 -4.0 -0.243 -0.231 -0.8366 -0.8543 12.37 
0.439 2 2 2 -4.0 -4.0 -0.273 -0.231 -0.7302 -0.8727 12.37 
0.440 2 2 2 -4.0 -4.0 -0.241 -0.248 -0.8366 -0.8924 12.36 
0.441 2 2 2 -4.0 -4.0 -0.236 -0.240 -0.7302 -0.9125 12.36 
0.442 2 2 2 -4.0 -4.0 -0.276 -0.255 -0.8032 -0.9338 12.37 
0.443 2 2 2 -4.0 -4.0 -0.275 -0.226 -0.8727 -0.9559 12.37 
0.444 2 2 2 -4.0 -4.0 -0.229 -0.214 -0.8727 -0.9338 12.37 
0.445 2 2 2 -4.0 -4.0 -0.226 -0.232 -0.8366 -0.9796 12.37 
0.446 2 2 2 -4.0 -4.0 -0.264 -0.237 -0.8543 -0.9559 12.40 
0.447 2 2 2 -4.0 -4.0 -0.261 -0.208 -0.8193 -0.9559 12.38 
0.448 2 2 2 -4.0 -4.0 -0.234 -0.201 -0.8727 -1.0041 12.37 
0.449 2 2 2 -4.0 -4.0 -0.241 -0.210 -0.8193 -0.9559 12.37 
0.450 2 2 2 -4.0 -4.0 -0.247 -0.186 -0.8727 -0.9559 12.37 
0.451 2 2 2 -4.0 -4.0 -0.260 -0.176 -0.8366 -1.0041 12.37 
0.452 2 2 2 -4.0 -4.0 -0.228 -0.197 -0.8727 -0.9125 12.37 
0.453 2 2 2 -4.0 -4.0 -0.191 -0.196 -0.9125 -0.9796 12.37 
0.454 2 2 2 -4.0 -4.0 -0.219 -0.193 -0.8543 -1.0041 12.37 
0.455 2 2 2 -4.0 -4.0 -0.200 -0.207 -0.8924 -1.0041 12.37 
0.456 2 2 2 -4.0 -4.0 -0.210 -0.193 -0.9125 -0.9559 12.37 
0.457 2 2 2 -4.0 -4.0 -0.266 -0.170 -0.9125 -0.9338 12.36 
0.458 2 2 2 -4.0 -4.0 -0.251 -0.179 -0.8924 -1.0567 12.37 
0.459 2 2 2 -4.0 -4.0 -0.219 -0.186 -0.8924 -1.0041 12.37 
0.460 2 2 2 -4.0 -4.0 -0.209 -0.203 -0.9125 -1.0041 12.37 
0.461 2 2 2 -4.0 -4.0 -0.200 -0.191 -0.8032 -0.9796 12.38 
0.462 2 2 2 -4.0 -4.0 -0.190 -0.210 -0.9125 -1.0298 12.37 
0.463 2 2 2 -4.0 -4.0 -0.165 -0.201 -0.7872 -1.0567 12.37 
0.464 2 2 2 -4.0 -4.0 -0.212 -0.185 -0.8924 -0.8727 12.37 
0.465 2 2 2 -4.0 -4.0 -0.203 -0.169 -0.9559 -1.0298 12.38 
0.466 2 2 2 -4.0 -4.0 -0.180 -0.193 -0.9559 -1.0567 12.37 
0.467 2 2 2 -4.0 -4.0 -0.175 -0.164 -0.9338 -1.0298 12.37 
0.468 2 2 2 -4.0 -4.0 -0.212 -0.175 -0.8193 -1.0298 12.37 
0.469 2 2 2 -4.0 -4.0 -0.198 -0.175 -0.9338 -1.0298 12.37 
0.470 2 2 2 -4.0 -4.0 -0.165 -0.144 -0.8366 -1.0298 12.37 
0.471 2 2 2 -4.0 -4.0 -0.225 -0.167 -0.9338 -1.0852 12.37 
0.472 2 2 2 -4.0 -4.0 -0.219 -0.169 -0.8924 -0.9559 12.36 
0.473 2 2 2 -4.0 -4.0 -0.179 -0.160 -0.9338 -1.0852 12.37 
0.474 2 2 2 -4.0 -4.0 -0.161 -0.165 -0.9796 -1.0852 12.37 
0.475 2 2 2 -4.0 -4.0 -0.185 -0.164 -0.9559 -1.0567 12.37 
0.476 2 2 2 -4.0 -4.0 -0.183 -0.136 -0.9796 -1.0298 12.37 
0.477 2 2 2 -4.0 -4.0 -0.181 -0.134 -1.0041 -1.0567 12.37 
0.478 2 2 2 -4.0 -4.0 -0.225 -0.172 -1.0041 -1.0567 12.38 
0.479 2 2 2 -4.0 -4.0 -0.218 -0.186 -1.0041 -1.0567 12.38 
0.480 2 2 2 -4.0 -4.0 -0.161 -0.165 -0.8727 -1.0298 12.37 
0.481 2 2 2 -4.0 -4.0 -0.179 -0.174 -0.9796 -1.0852 12.37 
0.482 2 2 2 -4.0 -4.0 -0.201 -0.158 -0.8924 -1.1153 12.37 
0.483 2 2 2 -4.0 -4.0 -0.172 -0.138 -0.9559 -1.0567 12.38 
0.484 2 2 2 -4.0 -4.0 -0.168 -0.153 -0.8924 -1.0567 12.38 
0.485 2 2 2 -4.0 -4.0 -0.203 -0.153 -0.9559 -1.1153 12.37 
0.486 2 2 2 -4.0 -4.0 -0.178 -0.121 -1.0041 -1.0852 12.37 
0.487 2 2 2 -4.0 -4.0 -0.151 -0.130 -1.0041 -1.0852 12.37 
0.488 2 2 2 -4.0 -4.0 -0.148 -0.134 -1.0041 -1.1474 12.37 
0.489 2 2 2 -4.0 -4.0 -0.164 -0.115 -0.9338 -1.0852 12.38 
0.490 2 2 2 -4.0 -4.0 -0.164 -0.136 -0.8727 -1.0852 12.38 
0.491 2 2 2 -4.0 -4.0 -0.176 -0.171 -0.9796 -1.1153 12.37 
0.492 2 2 2 -4.0 -4.0 -0.192 -0.135 -0.9559 -1.0567 12.37 
0.493 2 2 2 -4.0 -4.0 -0.174 -0.147 -0.9796 -1.1153 12.37 
0.494 2 2 2 -4.0 -4.0 -0.146 -0.138 -1.0298 -1.1153 12.37 
0.495 2 2 2 -4.0 -4.0 -0.168 -0.130 -1.0041 -1.0852 12.37 
0.496 2 2 2 -4.0 -4.0 -0.149 -0.125 -1.0298 -1.0852 12.37 
0.497 2 2 2 -4.0 -4.0 -0.137 -0.157 -1.0567 -1.1474 12.37 
0.498 2 2 2 -4.0 -4.0 -0.171 -0.138 -1.0567 -1.1153 12.37 
0.499 2 2 2 -4.0 -4.0 -0.176 -0.163 -1.0567 -1.1812 12.37 
0.500 2 2 2 -4.0 -4.0 -0.149 -0.142 -0.8924 -1.1474 12.37 
0.501 2 2 2 -4.0 -4.0 -0.177 -0.146 -0.9796 -1.1153 12.37 
0.502 2 2 2 -4.0 -4.0 -0.073 -0.268 -0.9125 -1.1474 12.37 
0.503 2 2 3 0.0 0.0 -0.019 -0.286 -0.9796 -1.1474 12.37 
0.504 2 2 3 0.0 0.0 -0.036 -0.115 -0.9125 -1.1153 12.37 
0.505 2 2 3 0.0 0.0 0.187 0.217 -0.9559 -1.1153 12.38 
0.506 2 2 3 0.0 0.0 0.405 0.436 -1.0041 -1.1153 12.38 
0.507 2 2 3 0.0 0.0 0.567 0.652 -0.9125 -1.0298 12.38 
0.508 2 2 3 0.0 0.0 0.658 0.750 -0.9125 -1.0041 12.38 
0.509 2 2 3 0.0 0.0 0.589 0.699 -0.8366 -0.9338 12.38 
0.510 2 2 3 0.0 0.0 0.611 0.760 -0.8727 -1.0041 12.38 
0.511 2 2 3 0.0 0.0 0.649 0.816 -0.8032 -0.9338 12.38 
0.512 2 2 3 0.0 0.0 0.630 0.768 -0.8193 -0.8924 12.38 
0.513 2 2 3 0.0 0.0 0.577 0.680 -0.7723 -0.8727 12.38 
0.514 2 2 3 0.0 0.0 0.600 0.694 -0.7575 -0.8032 12.38 
0.515 2 2 3 0.0 0.0 0.615 0.714 -0.7723 -0.8543 12.38 
0.516 2 2 3 0.0 0.0 0.613 0.619 -0.7169 -0.7723 12.38 
0.517 2 2 3 0.0 0.0 0.539 0.611 -0.6583 -0.8032 12.38 
0.518 2 2 3 0.0 0.0 0.495 0.662 -0.6691 -0.7302 12.38 
0.519 2 2 3 0.0 0.0 0.516 0.690 -0.6583 -0.6691 12.38 
0.520 2 2 3 0.0 0.0 0.520 0.665 -0.6583 -0.7302 12.38 
0.521 2 2 3 0.0 0.0 0.524 0.554 -0.6273 -0.6583 12.38 
0.522 2 2 3 0.0 0.0 0.436 0.547 -0.5426 -0.7044 12.38 
0.523 2 2 3 0.0 0.0 0.404 0.576 -0.5904 -0.6374 12.38 
0.524 2 2 3 0.0 0.0 0.426 0.570 -0.5575 -0.5820 12.38 
0.525 2 2 3 0.0 0.0 0.436 0.524 -0.4723 -0.6085 12.38 
0.526 2 2 3 0.0 0.0 0.425 0.464 -0.5213 -0.5735 12.38 
0.527 2 2 3 0.0 0.0 0.417 0.458 -0.5354 -0.5426 12.38 
0.528 2 2 3 0.0 0.0 0.364 0.487 -0.5020 -0.5426 12.38 
0.529 2 2 3 0.0 0.0 0.313 0.488 -0.3490 -0.5081 12.38 
0.530 2 2 3 0.0 0.0 0.328 0.459 -0.4779 -0.4956 12.38 
0.531 2 2 3 0.0 0.0 0.330 0.449 -0.4510 -0.5213 12.38 
0.532 2 2 3 0.0 0.0 0.320 0.391 -0.3430 -0.4723 12.38 
0.533 2 2 3 0.0 0.0 0.319 0.353 -0.3040 -0.4462 12.38 
0.534 2 2 3 0.0 0.0 0.311 0.357 -0.3615 -0.4667 12.38 
0.535 2 2 3 0.0 0.0 0.293 0.370 -0.3683 -0.3751 12.38 
0.536 2 2 3 0.0 0.0 0.261 0.367 -0.3683 -0.3490 12.38 
0.537 2 2 3 0.0 0.0 0.239 0.347 -0.3522 -0.3582 12.38 
0.538 2 2 3 0.0 0.0 0.248 0.336 -0.3976 -0.3896 12.40 
0.539 2 2 3 0.0 0.0 0.250 0.300 -0.3289 -0.4181 12.38 
0.540 2 2 3 0.0 0.0 0.238 0.280 -0.3137 -0.3016 12.38 
0.541 2 2 3 0.0 0.0 0.222 0.292 -0.3137 -0.3317 12.38 
0.542 2 2 3 0.0 0.0 0.223 0.289 -0.2478 -0.2908 12.38 
0.543 2 2 3 0.0 0.0 0.219 0.293 -0.3289 -0.2908 12.38 
0.544 2 2 3 0.0 0.0 0.204 0.288 -0.3137 -0.3787 12.39 
0.545 2 2 3 0.0 0.0 0.196 0.296 -0.2868 -0.3462 12.38 
0.546 2 2 3 0.0 0.0 0.176 0.296 -0.2639 -0.2675 12.38 
0.547 2 2 3 0.0 0.0 0.152 0.291 -0.2639 -0.2675 12.38 
0.548 2 2 3 0.0 0.0 0.140 0.278 -0.1948 -0.2418 12.38 
0.549 2 2 3 0.0 0.0 0.146 0.254 -0.1948 -0.2996 12.38 
0.550 2 2 3 0.0 0.0 0.148 0.235 -0.2659 -0.2996 12.38 
0.551 2 2 3 0.0 0.0 0.151 0.202 -0.2538 -0.2229 12.38 
0.552 2 2 3 0.0 0.0 0.147 0.177 -0.2538 -0.2229 12.38 
0.553 2 2 3 0.0 0.0 0.144 0.168 -0.2016 -0.2145 12.38 
0.554 2 2 3 0.0 0.0 0.139 0.159 -0.2016 -0.2145 12.38 
0.555 2 2 3 0.0 0.0 0.119 0.156 -0.1807 -0.1928 12.38 
0.556 2 2 3 0.0 0.0 0.116 0.146 -0.1470 -0.1928 12.38 
0.557 2 2 3 0.0 0.0 0.113 0.151 -0.1470 -0.2253 12.37 
0.558 2 2 3 0.0 0.0 0.112 0.150 -0.1928 -0.2241 12.37 
0.559 2 2 3 0.0 0.0 0.112 0.152 -0.1928 -0.1550 12.38 
0.560 2 2 3 0.0 0.0 0.114 0.140 -0.1743 -0.1550 12.38 
0.561 2 2 3 0.0 0.0 0.117 0.117 -0.1743 -0.1550 12.38 
0.562 2 2 3 0.0 0.0 0.111 0.117 -0.1743 -0.1538 12.39 
0.563 2 2 3 0.0 0.0 0.111 0.108 -0.1442 -0.1538 12.38 
0.564 2 2 3 0.0 0.0 0.100 0.104 -0.1442 -0.1586 12.38 
0.565 2 2 3 0.0 0.0 0.087 0.115 -0.1442 -0.1586 12.38 
0.566 2 2 3 0.0 0.0 0.081 0.126 -0.1205 -0.1586 12.38 
0.567 2 2 3 0.0 0.0 0.074 0.116 -0.1004 -0.1659 12.38 
0.568 2 2 3 0.0 0.0 0.064 0.112 -0.1004 -0.1659 12.38 
0.569 2 2 3 0.0 0.0 0.069 0.115 -0.1004 -0.1518 12.38 
0.570 2 2 3 0.0 0.0 0.070 0.115 -0.1004 -0.1100 12.38 
0.571 2 2 3 0.0 0.0 0.069 0.104 -0.1145 -0.1100 12.38 
0.572 2 2 3 0.0 0.0 0.069 0.102 -0.1145 -0.1100 12.38 
0.573 2 2 3 0.0 0.0 0.071 0.097 -0.1145 -0.1100 12.38 
0.574 2 2 3 0.0 0.0 0.068 0.093 -0.1044 -0.1000 12.38 
0.575 2 2 3 0.0 0.0 0.073 0.096 -0.0827 -0.1000 12.38 
0.576 2 2 3 0.0 0.0 0.066 0.079 -0.0803 -0.1000 12.38 
0.577 2 2 3 0.0 0.0 0.064 0.073 -0.0803 -0.1000 12.38 
0.578 2 2 3 0.0 0.0 0.063 0.065 -0.0803 -0.1000 12.38 
0.579 2 2 3 0.0 0.0 0.052 0.062 -0.0803 -0.0803 12.38 
0.580 2 2 3 0.0 0.0 0.053 0.058 -0.0803 -0.0759 12.38 
0.581 2 2 3 0.0 0.0 0.045 0.073 -0.0683 -0.0759 12.38 
0.582 2 2 3 0.0 0.0 0.037 0.083 -0.0610 -0.0759 12.38 
0.583 2 2 3 0.0 0.0 0.027 0.071 -0.0610 -0.0759 12.38 
0.584 2 2 3 0.0 0.0 0.029 0.068 -0.0610 -0.0759 12.38 
0.585 2 2 3 0.0 0.0 0.028 0.064 -0.0610 -0.0703 12.38 
0.586 2 2 3 0.0 0.0 0.021 0.062 -0.0610 -0.0598 12.38 
0.587 2 2 3 0.0 0.0 0.014 0.054 -0.0610 -0.0538 12.38 
0.588 2 2 3 0.0 0.0 0.011 0.056 -0.0610 -0.0538 12.38 
0.589 2 2 3 0.0 0.0 0.007 0.052 -0.0550 -0.0538 12.37 
0.590 2 2 3 0.0 0.0 0.008 0.050 -0.0482 -0.0538 12.37 
0.591 2 2 3 0.0 0.0 0.009 0.052 -0.0430 -0.0538 12.38 
0.592 2 2 3 0.0 0.0 0.001 0.042 -0.0390 -0.0538 12.38 
0.593 2 2 3 0.0 0.0 0.003 0.033 -0.0382 -0.0538 12.38 
0.594 2 2 3 0.0 0.0 0.005 0.029 -0.0382 -0.0538 12.38 
0.595 2 2 3 0.0 0.0 0.008 0.029 -0.0382 -0.0482 12.38 
0.596 2 2 3 0.0 0.0 0.014 0.026 -0.0382 -0.0430 12.38 
0.597 2 2 3 0.0 0.0 0.007 0.023 -0.0382 -0.0390 12.38 
0.598 2 2 3 0.0 0.0 0.003 0.026 -0.0382 -0.0353 12.38 
0.599 2 2 3 0.0 0.0 0.004 0.026 -0.0382 -0.0325 12.38 
0.600 2 2 3 0.0 0.0 0.008 0.018 -0.0382 -0.0301 12.38 
0.601 2 2 3 0.0 0.0 0.010 0.020 -0.0382 -0.0277 12.38 
0.602 2 2 3 0.0 0.0 0.007 0.018 -0.0382 -0.0261 12.38 
0.603 2 2 3 0.0 0.0 0.005 0.023 -0.0369 -0.0245 12.38 
0.604 2 2 3 0.0 0.0 0.120 -0.100 -0.0337 -0.0229 12.37 
0.605 2 2 3 0.0 0.0 0.131 -0.112 -0.0313 -0.0217 12.38 
0.606 2 2 3 0.0 0.0 0.044 -0.022 -0.0289 -0.0205 12.38 
0.607 2 2 3 0.0 0.0 0.004 0.007 -0.0269 -0.0197 12.38 
0.608 2 2 3 0.0 0.0 -0.003 0.019 -0.0253 -0.0185 12.38 
0.609 2 2 3 0.0 0.0 -0.005 0.022 -0.0237 -0.0177 12.38 
0.610 2 2 3 0.0 0.0 -0.001 0.014 -0.0237 -0.0169 12.37 
0.611 2 2 3 0.0 0.0 0.001 0.014 -0.0237 -0.0165 12.38 
0.612 2 2 3 0.0 0.0 0.009 0.015 -0.0237 -0.0157 12.37 
0.613 2 2 3 0.0 0.0 0.007 0.011 -0.0237 -0.0153 12.38 
0.614 2 2 3 0.0 0.0 0.002 0.010 -0.0237 -0.0145 12.38 
0.615 2 2 3 0.0 0.0 0.002 0.011 -0.0237 -0.0141 12.38 
0.616 2 2 3 0.0 0.0 0.000 0.017 -0.0237 -0.0137 12.38 
0.617 2 2 3 0.0 0.0 -0.001 0.004 -0.0237 -0.0133 12.38 
0.618 2 2 3 0.0 0.0 -0.009 0.010 -0.0237 -0.0125 12.38 
0.619 2 2 3 0.0 0.0 -0.003 0.007 -0.0237 -0.0120 12.38 
0.620 2 2 3 0.0 0.0 -0.001 0.008 -0.0237 -0.0120 12.38 
0.621 2 2 3 0.0 0.0 0.003 0.007 -0.0237 -0.0116 12.38 
0.622 2 2 3 0.0 0.0 0.006 -0.004 -0.0237 -0.0112 12.38 
0.623 2 2 3 0.0 0.0 -0.005 0.003 -0.0237 -0.0108 12.38 
0.624 2 2 3 0.0 0.0 -0.005 0.003 -0.0237 -0.0104 12.38 
0.625 2 2 3 0.0 0.0 -0.005 0.003 -0.0237 -0.0104 12.38 
0.626 2 2 3 0.0 0.0 -0.007 0.008 -0.0233 -0.0100 12.38 
0.627 2 2 3 0.0 0.0 -0.002 0.006 -0.0221 -0.0096 12.38 
0.628 2 2 3 0.0 0.0 -0.009 -0.001 -0.0209 -0.0096 12.38 
0.629 2 2 3 0.0 0.0 -0.006 -0.001 -0.0197 -0.0092 12.38 
0.630 2 2 3 0.0 0.0 -0.003 -0.005 -0.0189 -0.0092 12.37 
0.631 2 2 3 0.0 0.0 -0.005 0.003 -0.0181 -0.0088 12.38 
0.632 2 2 3 0.0 0.0 -0.004 0.001 -0.0173 -0.0088 12.38 
0.633 2 2 3 0.0 0.0 -0.005 0.005 -0.0165 -0.0084 12.38 
0.634 2 2 3 0.0 0.0 -0.008 0.002 -0.0157 -0.0084 12.38 
0.635 2 2 3 0.0 0.0 -0.009 0.005 -0.0153 -0.0080 12.38 
0.636 2 2 3 0.0 0.0 -0.003 0.007 -0.0145 -0.0080 12.38 
0.637 2 2 3 0.0 0.0 -0.006 0.005 -0.0141 -0.0076 12.38 
0.638 2 2 3 0.0 0.0 -0.001 0.009 -0.0137 -0.0076 12.38 
0.639 2 2 3 0.0 0.0 -0.005 0.005 -0.0133 -0.0076 12.38 
0.640 2 2 3 0.0 0.0 -0.005 0.002 -0.0129 -0.0072 12.37 
0.641 2 2 3 0.0 0.0 -0.005 0.012 -0.0125 -0.0072 12.37 
0.642 2 2 3 0.0 0.0 -0.002 0.008 -0.0120 -0.0072 12.37 
0.643 2 2 3 0.0 0.0 -0.010 0.008 -0.0116 -0.0068 12.38 
0.644 2 2 3 0.0 0.0 -0.003 0.009 -0.0112 -0.0068 12.38 
0.645 2 2 3 0.0 0.0 -0.003 0.006 -0.0108 -0.0068 12.38 
0.646 2 2 3 0.0 0.0 -0.008 0.001 -0.0104 -0.0064 12.38 
0.647 2 2 3 0.0 0.0 -0.006 0.002 -0.0104 -0.0064 12.38 
0.648 2 2 3 0.0 0.0 -0.005 0.007 -0.0100 -0.0064 12.38 
0.649 2 2 3 0.0 0.0 -0.007 0.012 -0.0096 -0.0064 12.37 
0.650 2 2 3 0.0 0.0 -0.005 0.003 -0.0096 -0.0060 12.38 
0.651 2 2 3 0.0 0.0 -0.001 0.003 -0.0092 -0.0060 12.38 
0.652 2 2 3 0.0 0.0 -0.003 0.007 -0.0092 -0.0060 12.38 
0.653 2 2 3 0.0 0.0 -0.007 0.004 -0.0088 -0.0060 12.38 
0.654 2 2 3 0.0 0.0 -0.004 0.013 -0.0088 -0.0056 12.38 
0.655 2 2 3 0.0 0.0 -0.002 0.015 -0.0084 -0.0056 12.38 
0.656 2 2 3 0.0 0.0 -0.008 0.006 -0.0084 -0.0056 12.38 
0.657 2 2 3 0.0 0.0 -0.007 0.008 -0.0080 -0.0056 12.38 
0.658 2 2 3 0.0 0.0 -0.006 0.004 -0.0080 -0.0056 12.38 
0.659 2 2 3 0.0 0.0 -0.007 0.000 -0.0076 -0.0052 12.38 
0.660 2 2 3 0.0 0.0 -0.006 -0.003 -0.0076 -0.0052 12.38 
0.661 2 2 3 0.0 0.0 -0.008 0.002 -0.0076 -0.0052 12.38 
0.662 2 2 3 0.0 0.0 -0.006 0.011 -0.0072 -0.0052 12.38 
0.663 2 2 3 0.0 0.0 0.001 0.007 -0.0072 -0.0052 12.38 
0.664 2 2 3 0.0 0.0 0.003 -0.003 -0.0072 -0.0048 12.38 
0.665 2 2 3 0.0 0.0 0.001 0.009 -0.0068 -0.0048 12.38 
