%% logfile from robot Mia (87)
% Mia (87)
%  1    time 0.000 sec
%  2  3  4   (mission 0), state 2, thread 1, line 0
%  5  6 Motor voltage [V] left, right: -1.2 -1.2
%  7  8 Motor current left, right [A]: 0.024 -0.044
%  9 10 Wheel velocity [m/s] left, right: 0.0000 0.0000
% 11    Battery voltage [V]: 12.24
0.001 2 1 0 -1.2 -1.2 -0.035 0.033 0.0000 0.0000 12.24 
0.002 2 1 0 -1.2 -1.2 -0.067 0.017 0.0000 0.0000 12.23 
0.003 2 1 0 -1.2 -1.2 -0.071 0.015 0.0000 0.0000 12.23 
0.004 2 1 0 -1.2 -1.2 -0.052 -0.024 0.0000 0.0000 12.23 
0.005 2 1 0 -1.2 -1.2 -0.048 -0.072 0.0000 0.0000 12.23 
0.006 2 1 0 -1.2 -1.2 -0.065 -0.083 0.0000 0.0000 12.23 
0.007 2 1 0 -1.2 -1.2 -0.074 -0.107 0.0000 0.0000 12.21 
0.008 2 1 0 -1.2 -1.2 -0.068 -0.112 0.0000 0.0000 12.22 
0.009 2 1 0 -1.2 -1.2 -0.052 -0.116 0.0000 0.0000 12.23 
0.010 2 1 0 -1.2 -1.2 -0.068 -0.118 0.0000 0.0000 12.22 
0.011 2 1 0 -1.2 -1.2 -0.089 -0.123 0.0000 0.0000 12.22 
0.012 2 1 0 -1.2 -1.2 -0.087 -0.128 0.0000 0.0000 12.23 
0.013 2 1 0 -1.2 -1.2 -0.083 -0.122 0.0000 0.0000 12.23 
0.014 2 1 0 -1.2 -1.2 -0.068 -0.123 0.0000 0.0000 12.23 
0.015 2 1 0 -1.2 -1.2 -0.063 -0.135 0.0000 0.0000 12.23 
0.016 2 1 0 -1.2 -1.2 -0.067 -0.150 0.0000 0.0000 12.23 
0.017 2 1 0 -1.2 -1.2 -0.067 -0.158 0.0000 0.0000 12.22 
0.018 2 1 0 -1.2 -1.2 -0.073 -0.153 0.0000 0.0000 12.22 
0.019 2 1 0 -1.2 -1.2 -0.066 -0.137 0.0000 0.0000 12.22 
0.020 2 1 0 -1.2 -1.2 -0.074 -0.130 0.0000 0.0000 12.23 
0.021 2 1 0 -1.2 -1.2 -0.110 -0.116 0.0000 0.0000 12.22 
0.022 2 1 0 -1.2 -1.2 -0.104 -0.104 0.0000 0.0000 12.22 
0.023 2 1 0 -1.2 -1.2 -0.106 -0.088 0.0000 0.0000 12.23 
0.024 2 1 0 -1.2 -1.2 -0.115 -0.070 0.0000 0.0000 12.22 
0.025 2 1 0 -1.2 -1.2 -0.097 -0.061 0.0000 0.0000 12.22 
0.026 2 1 0 -1.2 -1.2 -0.114 -0.060 0.0000 -0.0550 12.22 
0.027 2 1 0 -1.2 -1.2 -0.086 -0.061 0.0000 -0.0550 12.23 
0.028 2 1 0 -1.2 -1.2 -0.086 -0.058 0.0000 -0.0550 12.23 
0.029 2 1 0 -1.2 -1.2 -0.084 -0.050 0.0000 -0.0550 12.23 
0.030 2 1 0 -1.2 -1.2 -0.090 -0.047 0.0000 -0.0550 12.22 
0.031 2 1 0 -1.2 -1.2 -0.101 -0.042 0.0000 -0.0550 12.23 
0.032 2 1 0 -1.2 -1.2 -0.089 -0.045 0.0000 -0.0747 12.22 
0.033 2 1 0 -1.2 -1.2 -0.082 -0.057 0.0000 -0.0747 12.22 
0.034 2 1 0 -1.2 -1.2 -0.078 -0.058 0.0000 -0.0747 12.22 
0.035 2 1 0 -1.2 -1.2 -0.084 -0.057 0.0000 -0.0747 12.23 
0.036 2 1 0 -1.2 -1.2 -0.091 -0.036 0.0000 -0.0900 12.23 
0.037 2 1 0 -1.2 -1.2 -0.105 -0.038 0.0000 -0.0900 12.23 
0.038 2 1 0 -1.2 -1.2 -0.088 -0.047 0.0000 -0.0900 12.23 
0.039 2 1 0 -1.2 -1.2 -0.086 -0.052 0.0000 -0.0900 12.22 
0.040 2 1 0 -1.2 -1.2 -0.103 -0.053 0.0000 -0.1008 12.23 
0.041 2 1 0 -1.2 -1.2 -0.094 -0.044 0.0000 -0.1008 12.22 
0.042 2 1 0 -1.2 -1.2 -0.108 -0.069 0.0000 -0.1008 12.22 
0.043 2 1 0 -1.2 -1.2 -0.098 -0.065 0.0000 -0.1008 12.23 
0.044 2 1 0 -1.2 -1.2 0.101 -0.272 0.0000 -0.0928 12.21 
0.045 2 1 0 -1.2 -1.2 0.177 -0.323 0.0000 -0.0928 12.22 
0.046 2 1 0 -1.2 -1.2 0.018 -0.154 0.0000 -0.0928 12.23 
0.047 2 1 0 -1.2 -1.2 -0.054 -0.097 0.0000 -0.0928 12.23 
0.048 2 1 0 -1.2 -1.2 -0.093 -0.064 0.0000 -0.1040 12.23 
0.049 2 1 0 -1.2 -1.2 -0.089 -0.075 0.0000 -0.1040 12.22 
0.050 2 1 0 -1.2 -1.2 -0.076 -0.070 0.0000 -0.1040 12.22 
0.051 2 1 0 -1.2 -1.2 -0.074 -0.069 0.0000 -0.1040 12.22 
0.052 2 1 0 -1.2 -1.2 -0.062 -0.070 0.0000 -0.1088 12.22 
0.053 2 1 0 -1.2 -1.2 -0.084 -0.057 0.0000 -0.1088 12.23 
0.054 2 1 0 -1.2 -1.2 -0.100 -0.050 0.0000 -0.1088 12.22 
0.055 2 1 0 -1.2 -1.2 -0.082 -0.054 0.0000 -0.1169 12.22 
0.056 2 1 0 -1.2 -1.2 -0.097 -0.040 0.0000 -0.1169 12.23 
0.057 2 1 0 -1.2 -1.2 -0.094 -0.043 0.0000 -0.1169 12.22 
0.058 2 1 0 -1.2 -1.2 -0.103 -0.041 0.0000 -0.1169 12.22 
0.059 2 1 0 -1.2 -1.2 -0.103 -0.039 0.0000 -0.1100 12.22 
0.060 2 1 0 -1.2 -1.2 -0.084 -0.039 0.0000 -0.1100 12.23 
0.061 2 1 0 -1.2 -1.2 -0.084 -0.039 0.0000 -0.1100 12.22 
0.062 2 1 0 -1.2 -1.2 -0.099 -0.032 0.0000 -0.1153 12.22 
0.063 2 1 0 -1.2 -1.2 -0.090 -0.036 0.0000 -0.1153 12.23 
0.064 2 1 0 -1.2 -1.2 -0.092 -0.039 0.0000 -0.1153 12.23 
0.065 2 1 0 -1.2 -1.2 -0.082 -0.038 0.0000 -0.1153 12.22 
0.066 2 1 0 -1.2 -1.2 -0.080 -0.033 0.0000 -0.1177 12.23 
0.067 2 1 0 -1.2 -1.2 -0.088 -0.017 0.0000 -0.1177 12.23 
0.068 2 1 0 -1.2 -1.2 -0.094 0.003 0.0000 -0.1177 12.23 
0.069 2 1 0 -1.2 -1.2 -0.093 0.011 0.0000 -0.1273 12.23 
0.070 2 1 0 -1.2 -1.2 -0.101 0.021 0.0000 -0.1273 12.23 
0.071 2 1 0 -1.2 -1.2 -0.114 0.025 0.0000 -0.1273 12.22 
0.072 2 1 0 -1.2 -1.2 -0.106 0.011 0.0000 -0.1129 12.23 
0.073 2 1 0 -1.2 -1.2 -0.098 -0.008 0.0000 -0.1112 12.22 
0.074 2 1 0 -1.2 -1.2 -0.085 -0.035 0.0000 -0.1112 12.23 
0.075 2 1 0 -1.2 -1.2 -0.086 -0.045 0.0000 -0.1112 12.22 
0.076 2 1 0 -1.2 -1.2 -0.104 -0.039 0.0000 -0.1141 12.22 
0.077 2 1 0 -1.2 -1.2 -0.086 -0.028 0.0000 -0.1141 12.22 
0.078 2 1 0 -1.2 -1.2 -0.082 -0.028 0.0000 -0.1141 12.23 
0.079 2 1 0 -1.2 -1.2 -0.074 -0.028 0.0000 -0.1173 12.22 
0.080 2 1 0 -1.2 -1.2 -0.082 -0.013 0.0000 -0.1173 12.23 
0.081 2 1 0 -1.2 -1.2 -0.098 -0.015 0.0000 -0.1173 12.22 
0.082 2 1 0 -1.2 -1.2 -0.086 -0.017 0.0000 -0.1173 12.23 
0.083 2 1 0 -1.2 -1.2 -0.091 -0.014 0.0000 -0.1153 12.23 
0.084 2 1 0 -1.2 -1.2 -0.106 -0.017 0.0000 -0.1153 12.23 
0.085 2 1 0 -1.2 -1.2 -0.107 -0.021 0.0000 -0.1153 12.23 
0.086 2 1 0 -1.2 -1.2 -0.097 -0.010 0.0000 -0.1137 12.23 
0.087 2 1 0 -1.2 -1.2 -0.082 -0.008 0.0000 -0.1000 12.23 
0.088 2 1 0 -1.2 -1.2 -0.083 -0.017 0.0000 -0.1000 12.23 
0.089 2 1 0 -1.2 -1.2 -0.080 -0.018 0.0000 -0.1000 12.22 
0.090 2 1 0 -1.2 -1.2 -0.078 -0.017 0.0000 -0.1000 12.22 
0.091 2 1 0 -1.2 -1.2 -0.078 -0.028 0.0000 -0.1072 12.23 
0.092 2 1 0 -1.2 -1.2 -0.085 -0.036 0.0000 -0.1072 12.23 
0.093 2 1 0 -1.2 -1.2 -0.088 -0.045 0.0000 -0.1072 12.23 
0.094 2 1 0 -1.2 -1.2 -0.092 -0.051 0.0000 -0.1209 12.22 
0.095 2 1 0 -1.2 -1.2 -0.066 -0.021 0.0000 -0.1209 12.23 
0.096 2 1 0 -1.2 -1.2 -0.089 -0.024 0.0000 -0.1209 12.23 
0.097 2 1 0 -1.2 -1.2 -0.097 -0.044 0.0000 -0.1245 12.23 
0.098 2 1 0 -1.2 -1.2 -0.089 -0.027 0.0000 -0.1245 12.22 
0.099 2 1 0 -1.2 -1.2 -0.113 -0.046 0.0000 -0.1245 12.22 
0.100 2 1 0 -1.2 -1.2 -0.090 -0.049 0.0000 -0.1237 12.22 
0.101 2 1 0 -1.2 -1.2 -0.116 -0.062 0.0000 -0.0996 12.22 
0.102 2 1 0 -1.2 -1.2 -0.092 -0.066 0.0000 -0.0996 12.23 
0.103 2 1 0 -1.2 -1.2 -0.107 -0.061 0.0000 -0.0996 12.23 
0.104 2 1 0 -1.2 -1.2 -0.079 -0.059 0.0000 -0.0996 12.23 
0.105 2 1 0 -1.2 -1.2 -0.082 -0.049 0.0000 -0.1181 12.23 
0.106 2 1 0 -1.2 -1.2 -0.078 -0.045 0.0000 -0.1181 12.23 
0.107 2 1 0 -1.2 -1.2 -0.082 -0.064 0.0000 -0.1181 12.23 
0.108 2 1 0 -1.2 -1.2 -0.089 -0.049 0.0000 -0.1261 12.22 
0.109 2 1 0 -1.2 -1.2 -0.106 -0.043 0.0000 -0.1261 12.22 
0.110 2 1 0 -1.2 -1.2 -0.090 -0.052 0.0000 -0.1261 12.23 
0.111 2 1 0 -1.2 -1.2 -0.091 -0.049 0.0000 -0.1261 12.22 
0.112 2 1 0 -1.2 -1.2 -0.108 -0.032 0.0000 -0.1261 12.23 
0.113 2 1 0 -1.2 -1.2 -0.105 -0.026 0.0000 -0.1261 12.22 
0.114 2 1 0 -1.2 -1.2 -0.109 -0.018 0.0000 -0.1165 12.22 
0.115 2 1 0 -1.2 -1.2 -0.081 -0.026 0.0000 -0.1165 12.23 
0.116 2 1 0 -1.2 -1.2 -0.099 -0.028 0.0000 -0.1165 12.22 
0.117 2 1 0 -1.2 -1.2 -0.105 -0.021 0.0000 -0.1165 12.22 
0.118 2 1 0 -1.2 -1.2 -0.098 -0.016 0.0000 -0.1221 12.23 
0.119 2 1 0 -1.2 -1.2 -0.074 -0.023 0.0000 -0.1221 12.23 
0.120 2 1 0 -1.2 -1.2 -0.060 -0.033 0.0000 -0.1221 12.22 
0.121 2 1 0 -1.2 -1.2 -0.081 -0.023 0.0000 -0.1438 12.22 
0.122 2 1 0 -1.2 -1.2 -0.116 -0.012 0.0000 -0.1438 12.23 
0.123 2 1 0 -1.2 -1.2 -0.077 0.006 0.0000 -0.1414 12.23 
0.124 2 1 0 -1.2 -1.2 -0.097 0.006 0.0000 -0.1414 12.23 
0.125 2 1 0 -1.2 -1.2 -0.101 0.021 0.0000 -0.1414 12.22 
0.126 2 1 0 -1.2 -1.2 -0.109 0.016 0.0000 -0.1285 12.22 
0.127 2 1 0 -1.2 -1.2 -0.107 -0.005 0.0000 -0.1233 12.23 
0.128 2 1 0 -1.2 -1.2 -0.094 -0.003 0.0000 -0.1233 12.23 
0.129 2 1 0 -1.2 -1.2 -0.100 -0.003 0.0000 -0.1233 12.23 
0.130 2 1 0 -1.2 -1.2 -0.103 -0.005 0.0000 -0.1273 12.22 
0.131 2 1 0 -1.2 -1.2 -0.074 -0.014 0.0000 -0.1273 12.23 
0.132 2 1 0 -1.2 -1.2 -0.080 -0.033 0.0000 -0.1273 12.23 
0.133 2 1 0 -1.2 -1.2 -0.066 -0.046 0.0000 -0.1145 12.23 
0.134 2 1 0 -1.2 -1.2 -0.073 -0.040 0.0000 -0.1145 12.23 
0.135 2 1 0 -1.2 -1.2 -0.097 -0.035 0.0000 -0.1145 12.23 
0.136 2 1 0 -1.2 -1.2 -0.105 -0.032 0.0000 -0.1273 12.23 
0.137 2 1 0 -1.2 -1.2 -0.082 -0.024 0.0000 -0.1273 12.22 
0.138 2 1 0 -1.2 -1.2 -0.115 -0.025 0.0000 -0.1273 12.23 
0.139 2 1 0 -1.2 -1.2 -0.101 -0.021 0.0000 -0.1273 12.23 
0.140 2 1 0 -1.2 -1.2 -0.120 -0.021 0.0000 -0.1169 12.23 
0.141 2 1 0 -1.2 -1.2 -0.101 -0.036 0.0000 -0.1169 12.23 
0.142 2 1 0 -1.2 -1.2 -0.117 -0.037 0.0000 -0.1169 12.22 
0.143 2 1 0 -1.2 -1.2 -0.154 -0.028 0.0000 -0.1189 12.22 
0.144 2 1 0 -1.2 -1.2 -0.158 -0.032 0.0000 -0.1189 12.23 
0.145 2 1 0 -1.2 -1.2 -0.160 -0.037 0.0000 -0.1189 12.23 
0.146 2 1 0 -1.2 -1.2 0.037 -0.226 0.0000 -0.1189 12.22 
0.147 2 1 0 -1.2 -1.2 0.141 -0.280 0.0000 -0.1197 12.22 
0.148 2 1 0 -1.2 -1.2 -0.059 -0.081 0.0000 -0.1197 12.22 
0.149 2 1 0 -1.2 -1.2 -0.127 -0.013 0.0000 -0.1197 12.22 
0.150 2 1 0 -1.2 -1.2 -0.139 -0.005 0.0000 -0.1333 12.23 
0.151 2 1 0 -1.2 -1.2 -0.119 -0.021 0.0000 -0.1333 12.22 
0.152 2 1 0 -1.2 -1.2 -0.120 -0.042 0.0000 -0.1333 12.23 
0.153 2 1 0 -1.2 -1.2 -0.107 -0.047 0.0000 -0.1185 12.24 
0.154 2 1 0 -1.2 -1.2 -0.081 -0.067 0.0000 -0.1185 12.22 
0.155 2 1 0 -1.2 -1.2 -0.067 -0.078 0.0000 -0.1185 12.23 
0.156 2 1 0 -1.2 -1.2 -0.057 -0.068 0.0000 -0.1217 12.23 
0.157 2 1 0 -1.2 -1.2 -0.075 -0.055 0.0000 -0.1217 12.23 
0.158 2 1 0 -1.2 -1.2 -0.079 -0.049 0.0000 -0.1217 12.23 
0.159 2 1 0 -1.2 -1.2 -0.069 -0.042 0.0000 -0.1217 12.22 
0.160 2 1 0 -1.2 -1.2 -0.058 -0.043 0.0000 -0.1189 12.22 
0.161 2 1 0 -1.2 -1.2 -0.037 -0.035 0.0000 -0.1189 12.22 
0.162 2 1 0 -1.2 -1.2 -0.063 -0.032 0.0000 -0.1189 12.23 
0.163 2 1 0 -1.2 -1.2 -0.092 -0.032 0.0000 -0.1241 12.23 
0.164 2 1 0 -1.2 -1.2 -0.109 -0.042 0.0000 -0.1241 12.23 
0.165 2 1 0 -1.2 -1.2 -0.078 -0.039 0.0000 -0.1241 12.23 
0.166 2 1 0 -1.2 -1.2 -0.067 -0.047 -0.0237 -0.1100 12.22 
0.167 2 1 0 -1.2 -1.2 -0.050 -0.062 -0.0237 -0.1088 12.23 
0.168 2 1 0 -1.2 -1.2 -0.046 -0.067 -0.0237 -0.1088 12.22 
0.169 2 1 0 -1.2 -1.2 -0.042 -0.079 -0.0237 -0.1088 12.22 
0.170 2 1 0 -1.2 -1.2 -0.049 -0.075 -0.0237 -0.1157 12.23 
0.171 2 1 0 -1.2 -1.2 -0.063 -0.078 -0.0237 -0.1157 12.23 
0.172 2 1 0 -1.2 -1.2 -0.080 -0.065 -0.0237 -0.1157 12.23 
0.173 2 1 0 -1.2 -1.2 -0.106 -0.065 -0.0237 -0.1261 12.22 
0.174 2 1 0 -1.2 -1.2 -0.119 -0.062 -0.0237 -0.1261 12.22 
0.175 2 1 0 -1.2 -1.2 -0.127 -0.051 -0.0237 -0.1261 12.22 
0.176 2 1 0 -1.2 -1.2 -0.121 -0.022 -0.0237 -0.1378 12.23 
0.177 2 1 0 -1.2 -1.2 -0.124 -0.012 -0.0237 -0.1378 12.23 
0.178 2 1 0 -1.2 -1.2 -0.125 -0.031 -0.0237 -0.1378 12.23 
0.179 2 1 0 -1.2 -1.2 -0.129 -0.046 -0.0237 -0.1213 12.22 
0.180 2 1 0 -1.2 -1.2 -0.133 -0.085 -0.0237 -0.1213 12.22 
0.181 2 1 0 -1.2 -1.2 -0.100 -0.089 -0.0237 -0.1213 12.23 
0.182 2 1 0 -1.2 -1.2 -0.118 -0.073 -0.0237 -0.1213 12.22 
0.183 2 1 0 -1.2 -1.2 -0.079 -0.070 -0.0229 -0.1289 12.22 
0.184 2 1 0 -1.2 -1.2 -0.093 -0.070 -0.0229 -0.1289 12.23 
0.185 2 1 0 -1.2 -1.2 -0.086 -0.070 -0.0229 -0.1289 12.22 
0.186 2 1 0 -1.2 -1.2 -0.097 -0.066 -0.0229 -0.1297 12.23 
0.187 2 1 0 -1.2 -1.2 -0.093 -0.064 -0.0229 -0.1297 12.22 
0.188 2 1 0 -1.2 -1.2 -0.109 -0.075 -0.0229 -0.1297 12.23 
0.189 2 1 0 -1.2 -1.2 -0.132 -0.084 -0.0229 -0.1390 12.22 
0.190 2 1 0 -1.2 -1.2 -0.130 -0.078 -0.0229 -0.1390 12.22 
0.191 2 1 0 -1.2 -1.2 -0.120 -0.064 -0.0229 -0.1337 12.22 
0.192 2 1 0 -1.2 -1.2 -0.106 -0.051 -0.0229 -0.1185 12.22 
0.193 2 1 0 -1.2 -1.2 -0.074 -0.036 -0.0414 -0.1185 12.23 
0.194 2 1 0 -1.2 -1.2 -0.094 -0.026 -0.0414 -0.1185 12.22 
0.195 2 1 0 -1.2 -1.2 -0.098 -0.037 -0.0414 -0.1345 12.23 
0.196 2 1 0 -1.2 -1.2 -0.080 -0.036 -0.0414 -0.1345 12.23 
0.197 2 1 0 -1.2 -1.2 -0.091 -0.043 -0.0414 -0.1345 12.22 
0.198 2 1 0 -1.2 -1.2 -0.092 -0.031 -0.0414 -0.1482 12.23 
0.199 2 1 0 -1.2 -1.2 -0.094 -0.024 -0.0414 -0.1482 12.23 
0.200 2 1 0 -1.2 -1.2 -0.102 -0.028 -0.0414 -0.1554 12.23 
0.201 2 1 1 -3.0 -3.0 -0.072 -0.040 -0.0494 -0.1554 12.22 
0.202 2 1 1 -3.0 -3.0 -0.094 -0.104 -0.0494 -0.1554 12.21 
0.203 2 1 1 -3.0 -3.0 -0.202 -0.275 -0.0494 -0.1366 12.19 
0.204 2 1 1 -3.0 -3.0 -0.340 -0.435 -0.0494 -0.1366 12.19 
0.205 2 1 1 -3.0 -3.0 -0.448 -0.472 -0.0494 -0.1691 12.18 
0.206 2 1 1 -3.0 -3.0 -0.514 -0.481 -0.0494 -0.1691 12.18 
0.207 2 1 1 -3.0 -3.0 -0.546 -0.515 -0.0675 -0.2016 12.18 
0.208 2 1 1 -3.0 -3.0 -0.531 -0.510 -0.0675 -0.2016 12.18 
0.209 2 1 1 -3.0 -3.0 -0.519 -0.493 -0.0675 -0.2402 12.18 
0.210 2 1 1 -3.0 -3.0 -0.514 -0.487 -0.1201 -0.2402 12.17 
0.211 2 1 1 -3.0 -3.0 -0.533 -0.458 -0.1201 -0.2418 12.17 
0.212 2 1 1 -3.0 -3.0 -0.498 -0.444 -0.1201 -0.2623 12.18 
0.213 2 1 1 -3.0 -3.0 -0.458 -0.429 -0.1518 -0.2623 12.19 
0.214 2 1 1 -3.0 -3.0 -0.456 -0.415 -0.1518 -0.2848 12.19 
0.215 2 1 1 -3.0 -3.0 -0.450 -0.405 -0.1996 -0.3265 12.19 
0.216 2 1 1 -3.0 -3.0 -0.420 -0.391 -0.2362 -0.3064 12.19 
0.217 2 1 1 -3.0 -3.0 -0.382 -0.374 -0.2362 -0.3289 12.19 
0.218 2 1 1 -3.0 -3.0 -0.359 -0.368 -0.2293 -0.3289 12.20 
0.219 2 1 1 -3.0 -3.0 -0.375 -0.352 -0.2293 -0.3683 12.19 
0.220 2 1 1 -3.0 -3.0 -0.370 -0.329 -0.2494 -0.3751 12.20 
0.221 2 1 1 -3.0 -3.0 -0.367 -0.311 -0.2888 -0.3402 12.19 
0.222 2 1 1 -3.0 -3.0 -0.366 -0.311 -0.3137 -0.3651 12.19 
0.223 2 1 1 -3.0 -3.0 -0.360 -0.325 -0.3137 -0.3896 12.19 
0.224 2 1 1 -3.0 -3.0 -0.325 -0.340 -0.2639 -0.4056 12.19 
0.225 2 1 1 -3.0 -3.0 -0.344 -0.352 -0.2952 -0.3402 12.19 
0.226 2 1 1 -3.0 -3.0 -0.340 -0.357 -0.3582 -0.3715 12.19 
0.227 2 1 1 -3.0 -3.0 -0.313 -0.321 -0.3651 -0.4056 12.19 
0.228 2 1 1 -3.0 -3.0 -0.318 -0.303 -0.3651 -0.4317 12.20 
0.229 2 1 1 -3.0 -3.0 -0.321 -0.285 -0.3185 -0.4317 12.19 
0.230 2 1 1 -3.0 -3.0 -0.336 -0.263 -0.3346 -0.4723 12.19 
0.231 2 1 1 -3.0 -3.0 -0.341 -0.251 -0.3683 -0.4836 12.20 
0.232 2 1 1 -3.0 -3.0 -0.337 -0.241 -0.3896 -0.4562 12.20 
0.233 2 1 1 -3.0 -3.0 -0.260 -0.244 -0.3715 -0.4562 12.20 
0.234 2 1 1 -3.0 -3.0 -0.233 -0.250 -0.3683 -0.4462 12.20 
0.235 2 1 1 -3.0 -3.0 -0.228 -0.245 -0.3787 -0.4723 12.20 
0.236 2 1 1 -3.0 -3.0 -0.247 -0.244 -0.4056 -0.4723 12.20 
0.237 2 1 1 -3.0 -3.0 -0.230 -0.253 -0.3787 -0.4723 12.20 
0.238 2 1 1 -3.0 -3.0 -0.256 -0.237 -0.3823 -0.5020 12.20 
0.239 2 1 1 -3.0 -3.0 -0.253 -0.242 -0.3976 -0.4896 12.20 
0.240 2 1 1 -3.0 -3.0 -0.246 -0.248 -0.4317 -0.4956 12.20 
0.241 2 1 1 -3.0 -3.0 -0.213 -0.244 -0.4016 -0.5281 12.21 
0.242 2 1 1 -3.0 -3.0 -0.236 -0.215 -0.4056 -0.5081 12.21 
0.243 2 1 1 -3.0 -3.0 -0.247 -0.199 -0.4137 -0.5149 12.21 
0.244 2 1 1 -3.0 -3.0 -0.223 -0.211 -0.4510 -0.5498 12.21 
0.245 2 1 1 -3.0 -3.0 -0.207 -0.214 -0.4462 -0.5281 12.20 
0.246 2 1 1 -3.0 -3.0 -0.229 -0.205 -0.4362 -0.5354 12.20 
0.247 2 1 1 -3.0 -3.0 -0.222 -0.201 -0.4836 -0.5655 12.20 
0.248 2 1 1 -3.0 -3.0 -0.218 -0.209 -0.4723 -0.5281 12.21 
0.249 2 1 1 -3.0 -3.0 -0.036 -0.370 -0.4562 -0.5655 12.20 
0.250 2 1 1 -3.0 -3.0 0.140 -0.451 -0.4667 -0.5904 12.21 
0.251 2 1 1 -3.0 -3.0 -0.024 -0.332 -0.4896 -0.5498 12.21 
0.252 2 1 1 -3.0 -3.0 -0.116 -0.269 -0.4667 -0.5575 12.21 
0.253 2 1 1 -3.0 -3.0 -0.155 -0.222 -0.4562 -0.5820 12.20 
0.254 2 1 1 -3.0 -3.0 -0.180 -0.200 -0.4896 -0.5735 12.20 
0.255 2 1 1 -3.0 -3.0 -0.153 -0.194 -0.4779 -0.5735 12.21 
0.256 2 1 1 -3.0 -3.0 -0.140 -0.176 -0.4667 -0.5655 12.22 
0.257 2 1 1 -3.0 -3.0 -0.158 -0.173 -0.4836 -0.5904 12.21 
0.258 2 1 1 -3.0 -3.0 -0.143 -0.190 -0.4779 -0.6273 12.21 
0.259 2 1 1 -3.0 -3.0 -0.169 -0.177 -0.4723 -0.5904 12.21 
0.260 2 1 1 -3.0 -3.0 -0.193 -0.165 -0.4956 -0.6273 12.21 
0.261 2 1 1 -3.0 -3.0 -0.211 -0.170 -0.5149 -0.6374 12.21 
0.262 2 1 1 -3.0 -3.0 -0.212 -0.200 -0.4956 -0.5735 12.21 
0.263 2 1 1 -3.0 -3.0 -0.182 -0.204 -0.5081 -0.6177 12.21 
0.264 2 1 1 -3.0 -3.0 -0.171 -0.180 -0.5281 -0.6273 12.21 
0.265 2 1 1 -3.0 -3.0 -0.161 -0.150 -0.5081 -0.6273 12.20 
0.266 2 1 1 -3.0 -3.0 -0.174 -0.139 -0.5149 -0.6804 12.21 
0.267 2 1 1 -3.0 -3.0 -0.211 -0.131 -0.5354 -0.6374 12.21 
0.268 2 1 1 -3.0 -3.0 -0.188 -0.150 -0.5020 -0.6177 12.21 
0.269 2 1 1 -3.0 -3.0 -0.210 -0.130 -0.5498 -0.6474 12.21 
0.270 2 1 1 -3.0 -3.0 -0.193 -0.130 -0.5655 -0.6474 12.21 
0.271 2 1 1 -3.0 -3.0 -0.204 -0.131 -0.5281 -0.6691 12.21 
0.272 2 1 1 -3.0 -3.0 -0.207 -0.138 -0.5354 -0.6474 12.21 
0.273 2 1 1 -3.0 -3.0 -0.203 -0.150 -0.5655 -0.6583 12.21 
0.274 2 1 1 -3.0 -3.0 -0.188 -0.137 -0.5498 -0.6583 12.21 
0.275 2 1 1 -3.0 -3.0 -0.173 -0.125 -0.5354 -0.6583 12.21 
0.276 2 1 1 -3.0 -3.0 -0.155 -0.133 -0.5655 -0.6924 12.21 
0.277 2 1 1 -3.0 -3.0 -0.179 -0.123 -0.5426 -0.6583 12.21 
0.278 2 1 1 -3.0 -3.0 -0.190 -0.135 -0.5354 -0.6583 12.21 
0.279 2 1 1 -3.0 -3.0 -0.190 -0.135 -0.5735 -0.6374 12.21 
0.280 2 1 1 -3.0 -3.0 -0.181 -0.110 -0.5498 -0.6691 12.21 
0.281 2 1 1 -3.0 -3.0 -0.197 -0.097 -0.5354 -0.6924 12.21 
0.282 2 1 1 -3.0 -3.0 -0.184 -0.125 -0.5735 -0.6583 12.21 
0.283 2 1 1 -3.0 -3.0 -0.169 -0.159 -0.5498 -0.6924 12.21 
0.284 2 1 1 -3.0 -3.0 -0.143 -0.138 -0.5655 -0.6804 12.21 
0.285 2 1 1 -3.0 -3.0 -0.137 -0.119 -0.5992 -0.6804 12.21 
0.286 2 1 1 -3.0 -3.0 -0.131 -0.104 -0.5655 -0.6804 12.21 
0.287 2 1 1 -3.0 -3.0 -0.134 -0.107 -0.5735 -0.7044 12.22 
0.288 2 1 1 -3.0 -3.0 -0.089 -0.119 -0.5820 -0.7169 12.22 
0.289 2 1 1 -3.0 -3.0 -0.090 -0.108 -0.5655 -0.6804 12.21 
0.290 2 1 1 -3.0 -3.0 -0.109 -0.095 -0.5992 -0.7302 12.21 
0.291 2 1 1 -3.0 -3.0 -0.121 -0.135 -0.5904 -0.6474 12.22 
0.292 2 1 1 -3.0 -3.0 -0.097 -0.135 -0.5655 -0.7044 12.22 
0.293 2 1 1 -3.0 -3.0 -0.125 -0.115 -0.6177 -0.7169 12.21 
0.294 2 1 1 -3.0 -3.0 -0.120 -0.095 -0.5820 -0.7575 12.21 
0.295 2 1 1 -3.0 -3.0 -0.153 -0.066 -0.5904 -0.7169 12.21 
0.296 2 1 1 -3.0 -3.0 -0.165 -0.081 -0.6177 -0.7169 12.21 
0.297 2 1 1 -3.0 -3.0 -0.159 -0.101 -0.5904 -0.7302 12.21 
0.298 2 1 1 -3.0 -3.0 -0.144 -0.085 -0.5992 -0.7169 12.20 
0.299 2 1 1 -3.0 -3.0 -0.129 -0.090 -0.5904 -0.7434 12.21 
0.300 2 1 1 -3.0 -3.0 -0.112 -0.099 -0.5820 -0.7169 12.21 
0.301 2 1 1 -3.0 -3.0 -0.135 -0.116 -0.6273 -0.7044 12.21 
0.302 2 1 1 -3.0 -3.0 -0.165 -0.116 -0.5820 -0.7044 12.21 
0.303 2 1 1 -3.0 -3.0 -0.162 -0.102 -0.6273 -0.7169 12.21 
0.304 2 1 1 -3.0 -3.0 -0.153 -0.084 -0.6474 -0.6804 12.22 
0.305 2 1 1 -3.0 -3.0 -0.120 -0.100 -0.5904 -0.7169 12.21 
0.306 2 1 1 -3.0 -3.0 -0.120 -0.100 -0.5992 -0.7434 12.21 
0.307 2 1 1 -3.0 -3.0 -0.154 -0.097 -0.6085 -0.7044 12.22 
0.308 2 1 1 -3.0 -3.0 -0.149 -0.081 -0.5904 -0.7575 12.22 
0.309 2 1 1 -3.0 -3.0 -0.118 -0.093 -0.6374 -0.7044 12.22 
0.310 2 1 1 -3.0 -3.0 -0.142 -0.118 -0.5992 -0.7302 12.21 
0.311 2 1 1 -3.0 -3.0 -0.142 -0.090 -0.5904 -0.7434 12.21 
0.312 2 1 1 -3.0 -3.0 -0.130 -0.093 -0.6273 -0.7434 12.21 
0.313 2 1 1 -3.0 -3.0 -0.149 -0.093 -0.5820 -0.7434 12.20 
0.314 2 1 1 -3.0 -3.0 -0.164 -0.095 -0.5820 -0.7723 12.21 
0.315 2 1 1 -3.0 -3.0 -0.155 -0.083 -0.6085 -0.7434 12.21 
0.316 2 1 1 -3.0 -3.0 -0.124 -0.070 -0.5904 -0.7434 12.22 
0.317 2 1 1 -3.0 -3.0 -0.148 -0.081 -0.6474 -0.7872 12.21 
0.318 2 1 1 -3.0 -3.0 -0.146 -0.123 -0.6273 -0.7302 12.21 
0.319 2 1 1 -3.0 -3.0 -0.137 -0.114 -0.6177 -0.7723 12.21 
0.320 2 1 1 -3.0 -3.0 -0.120 -0.085 -0.6474 -0.7575 12.21 
0.321 2 1 1 -3.0 -3.0 -0.096 -0.074 -0.6085 -0.8032 12.22 
0.322 2 1 1 -3.0 -3.0 -0.135 -0.054 -0.6177 -0.7575 12.21 
0.323 2 1 1 -3.0 -3.0 -0.124 -0.066 -0.6374 -0.7723 12.21 
0.324 2 1 1 -3.0 -3.0 -0.127 -0.064 -0.6374 -0.7434 12.21 
0.325 2 1 1 -3.0 -3.0 -0.113 -0.070 -0.6691 -0.7434 12.22 
0.326 2 1 1 -3.0 -3.0 -0.112 -0.071 -0.6085 -0.7575 12.22 
0.327 2 1 1 -3.0 -3.0 -0.112 -0.091 -0.6374 -0.7575 12.21 
0.328 2 1 1 -3.0 -3.0 -0.151 -0.084 -0.6583 -0.7575 12.21 
0.329 2 1 1 -3.0 -3.0 -0.139 -0.059 -0.6474 -0.7723 12.21 
0.330 2 1 1 -3.0 -3.0 -0.128 -0.059 -0.6691 -0.7575 12.21 
0.331 2 1 1 -3.0 -3.0 -0.101 -0.085 -0.6273 -0.7575 12.21 
0.332 2 1 1 -3.0 -3.0 -0.108 -0.084 -0.6474 -0.7302 12.22 
0.333 2 1 1 -3.0 -3.0 -0.131 -0.068 -0.6085 -0.7434 12.21 
0.334 2 1 1 -3.0 -3.0 -0.149 -0.061 -0.5992 -0.7872 12.21 
0.335 2 1 1 -3.0 -3.0 -0.151 -0.088 -0.6691 -0.7575 12.11 
0.336 2 1 1 -3.0 -3.0 -0.135 -0.110 -0.6177 -0.7723 12.19 
0.337 2 1 1 -3.0 -3.0 -0.161 -0.070 -0.6273 -0.7723 12.21 
0.338 2 1 1 -3.0 -3.0 -0.158 -0.081 -0.6374 -0.7872 12.21 
0.339 2 1 1 -3.0 -3.0 -0.143 -0.086 -0.6177 -0.7575 12.22 
0.340 2 1 1 -3.0 -3.0 -0.148 -0.091 -0.6583 -0.7872 12.21 
0.341 2 1 1 -3.0 -3.0 -0.148 -0.077 -0.6374 -0.7575 12.22 
0.342 2 1 1 -3.0 -3.0 -0.150 -0.058 -0.6273 -0.8032 12.21 
0.343 2 1 1 -3.0 -3.0 -0.151 -0.092 -0.6374 -0.7575 12.21 
0.344 2 1 1 -3.0 -3.0 -0.136 -0.111 -0.6273 -0.8032 12.21 
0.345 2 1 1 -3.0 -3.0 -0.146 -0.090 -0.6691 -0.7872 12.22 
0.346 2 1 1 -3.0 -3.0 -0.119 -0.062 -0.6583 -0.8366 12.21 
0.347 2 1 1 -3.0 -3.0 -0.120 -0.042 -0.6474 -0.7872 12.21 
0.348 2 1 1 -3.0 -3.0 -0.136 -0.062 -0.6691 -0.7575 12.21 
0.349 2 1 1 -3.0 -3.0 -0.106 -0.069 -0.6474 -0.7872 12.22 
0.350 2 1 1 -3.0 -3.0 -0.078 -0.066 -0.6924 -0.7723 12.22 
0.351 2 1 1 -3.0 -3.0 0.093 -0.234 -0.6273 -0.7872 12.21 
0.352 2 1 1 -3.0 -3.0 0.219 -0.371 -0.6474 -0.7872 12.22 
0.353 2 1 1 -3.0 -3.0 0.025 -0.175 -0.6691 -0.7723 12.21 
0.354 2 1 1 -3.0 -3.0 -0.055 -0.091 -0.6474 -0.7872 12.21 
0.355 2 1 1 -3.0 -3.0 -0.096 -0.081 -0.7044 -0.7723 12.22 
0.356 2 1 1 -3.0 -3.0 -0.089 -0.085 -0.6474 -0.7872 12.22 
0.357 2 1 1 -3.0 -3.0 -0.136 -0.065 -0.6691 -0.7575 12.22 
0.358 2 1 1 -3.0 -3.0 -0.123 -0.069 -0.6924 -0.7872 12.22 
0.359 2 1 1 -3.0 -3.0 -0.131 -0.055 -0.6804 -0.7723 12.22 
0.360 2 1 1 -3.0 -3.0 -0.116 -0.094 -0.6474 -0.8032 12.21 
0.361 2 1 1 -3.0 -3.0 -0.110 -0.084 -0.6374 -0.8032 12.21 
0.362 2 1 1 -3.0 -3.0 -0.116 -0.078 -0.6804 -0.8032 12.22 
0.363 2 1 1 -3.0 -3.0 -0.132 -0.060 -0.6273 -0.7872 12.22 
0.364 2 1 1 -3.0 -3.0 -0.154 -0.066 -0.6691 -0.8032 12.21 
0.365 2 1 1 -3.0 -3.0 -0.147 -0.064 -0.5992 -0.7872 12.22 
0.366 2 1 1 -3.0 -3.0 -0.116 -0.061 -0.6273 -0.8193 12.22 
0.367 2 1 1 -3.0 -3.0 -0.138 -0.080 -0.6804 -0.7575 12.21 
0.368 2 1 1 -3.0 -3.0 -0.143 -0.104 -0.6583 -0.7872 12.21 
0.369 2 1 1 -3.0 -3.0 -0.127 -0.079 -0.6474 -0.8032 12.21 
0.370 2 1 1 -3.0 -3.0 -0.108 -0.058 -0.6691 -0.8366 12.21 
0.371 2 1 1 -3.0 -3.0 -0.107 -0.056 -0.6474 -0.8032 12.21 
0.372 2 1 1 -3.0 -3.0 -0.148 -0.066 -0.7044 -0.7872 12.22 
0.373 2 1 1 -3.0 -3.0 -0.154 -0.057 -0.6474 -0.8032 12.22 
0.374 2 1 1 -3.0 -3.0 -0.154 -0.040 -0.6474 -0.8032 12.22 
0.375 2 1 1 -3.0 -3.0 -0.134 -0.053 -0.6804 -0.8032 12.22 
0.376 2 1 1 -3.0 -3.0 -0.126 -0.081 -0.6691 -0.8032 12.21 
0.377 2 1 1 -3.0 -3.0 -0.108 -0.067 -0.7044 -0.8032 12.22 
0.378 2 1 1 -3.0 -3.0 -0.108 -0.044 -0.6691 -0.8193 12.22 
0.379 2 1 1 -3.0 -3.0 -0.107 -0.034 -0.7169 -0.8032 12.22 
0.380 2 1 1 -3.0 -3.0 -0.064 -0.065 -0.6804 -0.8032 12.22 
0.381 2 1 1 -3.0 -3.0 -0.082 -0.067 -0.6583 -0.7723 12.22 
0.382 2 1 1 -3.0 -3.0 -0.074 -0.051 -0.6804 -0.8032 12.22 
0.383 2 1 1 -3.0 -3.0 -0.104 -0.045 -0.6474 -0.7723 12.22 
0.384 2 1 1 -3.0 -3.0 -0.117 -0.066 -0.6924 -0.8032 12.22 
0.385 2 1 1 -3.0 -3.0 -0.118 -0.081 -0.6374 -0.8032 12.21 
0.386 2 1 1 -3.0 -3.0 -0.134 -0.081 -0.6691 -0.8032 12.21 
0.387 2 1 1 -3.0 -3.0 -0.134 -0.076 -0.6804 -0.8032 12.21 
0.388 2 1 1 -3.0 -3.0 -0.143 -0.087 -0.6691 -0.8193 12.21 
0.389 2 1 1 -3.0 -3.0 -0.135 -0.086 -0.6924 -0.8032 12.22 
0.390 2 1 1 -3.0 -3.0 -0.090 -0.070 -0.6474 -0.8193 12.21 
0.391 2 1 1 -3.0 -3.0 -0.128 -0.062 -0.6924 -0.7575 12.21 
0.392 2 1 1 -3.0 -3.0 -0.135 -0.104 -0.6374 -0.8032 12.21 
0.393 2 1 1 -3.0 -3.0 -0.159 -0.068 -0.6924 -0.8032 12.21 
0.394 2 1 1 -3.0 -3.0 -0.152 -0.053 -0.6583 -0.8366 12.21 
0.395 2 1 1 -3.0 -3.0 -0.132 -0.044 -0.6474 -0.8193 12.22 
0.396 2 1 1 -3.0 -3.0 -0.121 -0.062 -0.7044 -0.8032 12.21 
0.397 2 1 1 -3.0 -3.0 -0.135 -0.061 -0.6583 -0.8193 12.21 
0.398 2 1 1 -3.0 -3.0 -0.126 -0.045 -0.6691 -0.8032 12.21 
0.399 2 1 1 -3.0 -3.0 -0.093 -0.062 -0.6804 -0.8032 12.21 
0.400 2 1 1 -3.0 -3.0 -0.115 -0.077 -0.6691 -0.8366 12.21 
0.401 2 1 1 -3.0 -3.0 -0.122 -0.065 -0.7169 -0.8032 12.22 
0.402 2 1 1 -3.0 -3.0 -0.114 -0.051 -0.6691 -0.8366 12.21 
0.403 2 1 1 -3.0 -3.0 -0.128 -0.047 -0.7169 -0.8032 12.22 
0.404 2 1 1 -3.0 -3.0 -0.124 -0.074 -0.6924 -0.8366 12.21 
0.405 2 1 1 -3.0 -3.0 -0.117 -0.042 -0.6924 -0.8032 12.21 
0.406 2 1 1 -3.0 -3.0 -0.125 -0.046 -0.7044 -0.8366 12.22 
0.407 2 1 1 -3.0 -3.0 -0.114 -0.061 -0.6924 -0.8032 12.22 
0.408 2 1 1 -3.0 -3.0 -0.076 -0.096 -0.7302 -0.8366 12.22 
0.409 2 1 1 -3.0 -3.0 -0.062 -0.076 -0.6691 -0.8366 12.22 
0.410 2 1 1 -3.0 -3.0 -0.088 -0.048 -0.7169 -0.8366 12.22 
0.411 2 1 1 -3.0 -3.0 -0.099 -0.063 -0.6924 -0.8193 12.21 
0.412 2 1 1 -3.0 -3.0 -0.072 -0.097 -0.7044 -0.8543 12.22 
0.413 2 1 1 -3.0 -3.0 -0.067 -0.071 -0.6804 -0.8366 12.22 
0.414 2 1 1 -3.0 -3.0 -0.074 -0.063 -0.6924 -0.8727 12.22 
0.415 2 1 1 -3.0 -3.0 -0.116 -0.085 -0.7169 -0.8032 12.22 
0.416 2 1 1 -3.0 -3.0 -0.116 -0.106 -0.6804 -0.8366 12.22 
0.417 2 1 1 -3.0 -3.0 -0.121 -0.061 -0.7169 -0.8193 12.22 
0.418 2 1 1 -3.0 -3.0 -0.063 -0.067 -0.6804 -0.7872 12.21 
0.419 2 1 1 -3.0 -3.0 -0.077 -0.052 -0.6924 -0.8032 12.21 
0.420 2 1 1 -3.0 -3.0 -0.101 -0.090 -0.6583 -0.8032 12.22 
0.421 2 1 1 -3.0 -3.0 -0.144 -0.072 -0.7044 -0.8032 12.22 
0.422 2 1 1 -3.0 -3.0 -0.143 -0.071 -0.7302 -0.8032 12.22 
0.423 2 1 1 -3.0 -3.0 -0.114 -0.091 -0.6691 -0.8032 12.21 
0.424 2 1 1 -3.0 -3.0 -0.118 -0.093 -0.7169 -0.8193 12.21 
0.425 2 1 1 -3.0 -3.0 -0.124 -0.082 -0.6924 -0.8032 12.22 
0.426 2 1 1 -3.0 -3.0 -0.120 -0.058 -0.6691 -0.7575 12.22 
0.427 2 1 1 -3.0 -3.0 -0.090 -0.069 -0.6924 -0.8193 12.22 
0.428 2 1 1 -3.0 -3.0 -0.112 -0.076 -0.6691 -0.7872 12.21 
0.429 2 1 1 -3.0 -3.0 -0.105 -0.062 -0.7302 -0.8193 12.22 
0.430 2 1 1 -3.0 -3.0 -0.070 -0.059 -0.6691 -0.8032 12.21 
0.431 2 1 1 -3.0 -3.0 -0.108 -0.091 -0.7169 -0.8366 12.22 
0.432 2 1 1 -3.0 -3.0 -0.059 -0.112 -0.6924 -0.8543 12.22 
0.433 2 1 1 -3.0 -3.0 -0.074 -0.075 -0.6924 -0.8543 12.22 
0.434 2 1 1 -3.0 -3.0 -0.104 -0.078 -0.7044 -0.8366 12.22 
0.435 2 1 1 -3.0 -3.0 -0.075 -0.097 -0.6804 -0.8543 12.22 
0.436 2 1 1 -3.0 -3.0 -0.058 -0.102 -0.7302 -0.8366 12.22 
0.437 2 1 1 -3.0 -3.0 -0.019 -0.074 -0.6804 -0.8543 12.22 
0.438 2 1 1 -3.0 -3.0 -0.059 -0.102 -0.7302 -0.7872 12.22 
0.439 2 1 1 -3.0 -3.0 -0.046 -0.132 -0.7044 -0.8193 12.22 
0.440 2 1 1 -3.0 -3.0 -0.073 -0.092 -0.7044 -0.8193 12.22 
0.441 2 1 1 -3.0 -3.0 -0.084 -0.070 -0.6924 -0.8727 12.22 
0.442 2 1 1 -3.0 -3.0 -0.088 -0.065 -0.7044 -0.8193 12.22 
0.443 2 1 1 -3.0 -3.0 -0.120 -0.085 -0.7302 -0.8193 12.21 
0.444 2 1 1 -3.0 -3.0 -0.106 -0.094 -0.6924 -0.8193 12.21 
0.445 2 1 1 -3.0 -3.0 -0.111 -0.087 -0.7434 -0.8366 12.21 
0.446 2 1 1 -3.0 -3.0 -0.051 -0.109 -0.6924 -0.8193 12.22 
0.447 2 1 1 -3.0 -3.0 -0.089 -0.104 -0.7434 -0.8366 12.22 
0.448 2 1 1 -3.0 -3.0 -0.082 -0.101 -0.6804 -0.8193 12.22 
0.449 2 1 1 -3.0 -3.0 -0.102 -0.074 -0.7302 -0.8543 12.22 
0.450 2 1 1 -3.0 -3.0 -0.111 -0.064 -0.6924 -0.8193 12.23 
0.451 2 1 1 -3.0 -3.0 -0.047 -0.074 -0.6804 -0.8366 12.22 
0.452 2 1 1 -3.0 -3.0 -0.045 -0.076 -0.7434 -0.8032 12.21 
0.453 2 1 1 -3.0 -3.0 0.075 -0.211 -0.6924 -0.8366 12.21 
0.454 2 1 1 -3.0 -3.0 0.182 -0.359 -0.7302 -0.8193 12.22 
0.455 2 1 1 -3.0 -3.0 0.037 -0.193 -0.6924 -0.8543 12.22 
0.456 2 1 1 -3.0 -3.0 -0.048 -0.105 -0.6924 -0.8543 12.22 
0.457 2 1 1 -3.0 -3.0 -0.036 -0.085 -0.7044 -0.8727 12.22 
0.458 2 1 1 -3.0 -3.0 -0.112 -0.074 -0.6691 -0.8543 12.22 
0.459 2 1 1 -3.0 -3.0 -0.112 -0.083 -0.7302 -0.8366 12.21 
0.460 2 1 1 -3.0 -3.0 -0.075 -0.081 -0.6924 -0.8543 12.22 
0.461 2 1 1 -3.0 -3.0 -0.093 -0.074 -0.7434 -0.7872 12.22 
0.462 2 1 1 -3.0 -3.0 -0.063 -0.109 -0.6924 -0.8193 12.22 
0.463 2 1 1 -3.0 -3.0 -0.080 -0.084 -0.7044 -0.8366 12.22 
0.464 2 1 1 -3.0 -3.0 -0.061 -0.083 -0.7044 -0.8727 12.22 
0.465 2 1 1 -3.0 -3.0 -0.060 -0.058 -0.6924 -0.8366 12.22 
0.466 2 1 1 -3.0 -3.0 -0.073 -0.073 -0.7044 -0.8193 12.21 
0.467 2 1 1 -3.0 -3.0 -0.070 -0.074 -0.6804 -0.8366 12.22 
0.468 2 1 1 -3.0 -3.0 -0.064 -0.062 -0.7434 -0.8543 12.22 
0.469 2 1 1 -3.0 -3.0 -0.055 -0.075 -0.6804 -0.8366 12.22 
0.470 2 1 1 -3.0 -3.0 -0.076 -0.087 -0.7434 -0.8543 12.21 
0.471 2 1 1 -3.0 -3.0 -0.108 -0.066 -0.7302 -0.8366 12.21 
0.472 2 1 1 -3.0 -3.0 -0.127 -0.031 -0.7169 -0.8727 12.21 
0.473 2 1 1 -3.0 -3.0 -0.084 -0.044 -0.7044 -0.8366 12.22 
0.474 2 1 1 -3.0 -3.0 -0.101 -0.054 -0.7169 -0.8543 12.22 
0.475 2 1 1 -3.0 -3.0 -0.116 -0.048 -0.7434 -0.8193 12.22 
0.476 2 1 1 -3.0 -3.0 -0.102 -0.049 -0.6804 -0.8543 12.22 
0.477 2 1 1 -3.0 -3.0 -0.131 -0.071 -0.7575 -0.8193 12.22 
0.478 2 1 1 -3.0 -3.0 -0.093 -0.086 -0.6924 -0.8543 12.22 
0.479 2 1 1 -3.0 -3.0 -0.117 -0.050 -0.7044 -0.8543 12.22 
0.480 2 1 1 -3.0 -3.0 -0.101 -0.047 -0.7169 -0.8366 12.22 
0.481 2 1 1 -3.0 -3.0 -0.106 -0.061 -0.6924 -0.8543 12.22 
0.482 2 1 1 -3.0 -3.0 -0.088 -0.076 -0.7044 -0.8366 12.22 
0.483 2 1 1 -3.0 -3.0 -0.112 -0.063 -0.6924 -0.8543 12.22 
0.484 2 1 1 -3.0 -3.0 -0.127 -0.069 -0.7434 -0.7872 12.21 
0.485 2 1 1 -3.0 -3.0 -0.111 -0.095 -0.6924 -0.8366 12.21 
0.486 2 1 1 -3.0 -3.0 -0.121 -0.077 -0.7434 -0.8543 12.22 
0.487 2 1 1 -3.0 -3.0 -0.097 -0.068 -0.7169 -0.8924 12.22 
0.488 2 1 1 -3.0 -3.0 -0.082 -0.047 -0.7044 -0.8543 12.22 
0.489 2 1 1 -3.0 -3.0 -0.112 -0.067 -0.7302 -0.8543 12.22 
0.490 2 1 1 -3.0 -3.0 -0.120 -0.064 -0.7169 -0.8543 12.22 
0.491 2 1 1 -3.0 -3.0 -0.053 -0.059 -0.7169 -0.8543 12.22 
0.492 2 1 1 -3.0 -3.0 -0.044 -0.079 -0.6924 -0.8543 12.22 
0.493 2 1 1 -3.0 -3.0 -0.069 -0.093 -0.7434 -0.8727 12.22 
0.494 2 1 1 -3.0 -3.0 -0.089 -0.069 -0.7044 -0.8366 12.22 
0.495 2 1 1 -3.0 -3.0 -0.084 -0.062 -0.7575 -0.8543 12.22 
0.496 2 1 1 -3.0 -3.0 -0.079 -0.067 -0.7169 -0.8366 12.22 
0.497 2 1 1 -3.0 -3.0 -0.061 -0.077 -0.7302 -0.8543 12.22 
0.498 2 1 1 -3.0 -3.0 -0.089 -0.063 -0.7434 -0.8193 12.22 
0.499 2 1 1 -3.0 -3.0 -0.124 -0.058 -0.7302 -0.8543 12.22 
0.500 2 1 1 -3.0 -3.0 -0.114 -0.074 -0.7169 -0.8193 12.22 
0.501 2 1 1 -3.0 -3.0 -0.084 -0.085 -0.7044 -0.8543 12.22 
0.502 2 1 1 -3.0 -3.0 -0.090 -0.062 -0.7575 -0.8543 12.22 
0.503 2 1 1 -3.0 -3.0 -0.118 -0.054 -0.6924 -0.8366 12.22 
0.504 2 1 1 -3.0 -3.0 -0.106 -0.070 -0.7723 -0.8543 12.22 
0.505 2 1 1 -3.0 -3.0 -0.106 -0.068 -0.7169 -0.8366 12.22 
0.506 2 1 1 -3.0 -3.0 -0.105 -0.064 -0.7044 -0.8543 12.21 
0.507 2 1 1 -3.0 -3.0 -0.112 -0.077 -0.7302 -0.7872 12.21 
0.508 2 1 1 -3.0 -3.0 -0.093 -0.118 -0.7044 -0.8366 12.22 
0.509 2 1 1 -3.0 -3.0 -0.089 -0.079 -0.7169 -0.8543 12.22 
0.510 2 1 1 -3.0 -3.0 -0.103 -0.070 -0.6924 -0.9125 12.22 
0.511 2 1 1 -3.0 -3.0 -0.098 -0.059 -0.7434 -0.8543 12.22 
0.512 2 1 1 -3.0 -3.0 -0.116 -0.078 -0.6924 -0.8543 12.21 
0.513 2 1 1 -3.0 -3.0 -0.109 -0.049 -0.7434 -0.8543 12.22 
0.514 2 1 1 -3.0 -3.0 -0.100 -0.054 -0.7169 -0.8727 12.22 
0.515 2 1 1 -3.0 -3.0 -0.089 -0.053 -0.7169 -0.8727 12.22 
0.516 2 1 1 -3.0 -3.0 -0.111 -0.084 -0.7434 -0.8924 12.22 
0.517 2 1 1 -3.0 -3.0 -0.103 -0.062 -0.7169 -0.8543 12.22 
0.518 2 1 1 -3.0 -3.0 -0.063 -0.055 -0.7302 -0.8366 12.22 
0.519 2 1 1 -3.0 -3.0 -0.040 -0.051 -0.7044 -0.8543 12.22 
0.520 2 1 1 -3.0 -3.0 -0.061 -0.050 -0.7434 -0.8193 12.22 
0.521 2 1 1 -3.0 -3.0 -0.076 -0.051 -0.7044 -0.8543 12.22 
0.522 2 1 1 -3.0 -3.0 -0.085 -0.026 -0.7575 -0.8366 12.22 
0.523 2 1 1 -3.0 -3.0 -0.074 -0.078 -0.7169 -0.8543 12.22 
0.524 2 1 1 -3.0 -3.0 -0.101 -0.059 -0.7302 -0.8727 12.22 
0.525 2 1 1 -3.0 -3.0 -0.088 -0.060 -0.7434 -0.8924 12.22 
0.526 2 1 1 -3.0 -3.0 -0.118 -0.053 -0.7434 -0.8727 12.22 
0.527 2 1 1 -3.0 -3.0 -0.086 -0.077 -0.7169 -0.9125 12.22 
0.528 2 1 1 -3.0 -3.0 -0.066 -0.064 -0.7302 -0.8924 12.22 
0.529 2 1 1 -3.0 -3.0 -0.119 -0.052 -0.7575 -0.9125 12.22 
0.530 2 1 1 -3.0 -3.0 -0.108 -0.076 -0.6924 -0.8366 12.21 
0.531 2 1 1 -3.0 -3.0 -0.100 -0.085 -0.7575 -0.8727 12.21 
0.532 2 1 1 -3.0 -3.0 -0.083 -0.061 -0.6924 -0.8924 12.21 
0.533 2 1 1 -3.0 -3.0 -0.100 -0.034 -0.7575 -0.8543 12.22 
0.534 2 1 1 -3.0 -3.0 -0.126 -0.047 -0.7302 -0.8366 12.22 
0.535 2 1 1 -3.0 -3.0 -0.143 -0.034 -0.7169 -0.8727 12.22 
0.536 2 1 1 -3.0 -3.0 -0.130 -0.032 -0.7169 -0.8727 12.22 
0.537 2 1 1 -3.0 -3.0 -0.125 -0.045 -0.7169 -0.8727 12.22 
0.538 2 1 1 -3.0 -3.0 -0.112 -0.070 -0.7575 -0.8727 12.21 
0.539 2 1 1 -3.0 -3.0 -0.127 -0.054 -0.6924 -0.8543 12.22 
0.540 2 1 1 -3.0 -3.0 -0.123 -0.051 -0.7302 -0.8727 12.22 
0.541 2 1 1 -3.0 -3.0 -0.086 -0.047 -0.6804 -0.8366 12.22 
0.542 2 1 1 -3.0 -3.0 -0.103 -0.055 -0.7044 -0.8727 12.21 
0.543 2 1 1 -3.0 -3.0 -0.121 -0.077 -0.7169 -0.8366 12.22 
0.544 2 1 1 -3.0 -3.0 -0.121 -0.032 -0.7044 -0.8727 12.22 
0.545 2 1 1 -3.0 -3.0 -0.121 -0.056 -0.7169 -0.8366 12.22 
0.546 2 1 1 -3.0 -3.0 -0.094 -0.078 -0.6924 -0.8727 12.21 
0.547 2 1 1 -3.0 -3.0 -0.115 -0.056 -0.7302 -0.8727 12.21 
0.548 2 1 1 -3.0 -3.0 -0.094 -0.062 -0.6924 -0.8727 12.22 
0.549 2 1 1 -3.0 -3.0 -0.104 -0.058 -0.7575 -0.8924 12.22 
0.550 2 1 1 -3.0 -3.0 -0.082 -0.068 -0.7044 -0.8543 12.22 
0.551 2 1 1 -3.0 -3.0 -0.076 -0.049 -0.7302 -0.8727 12.22 
0.552 2 1 1 -3.0 -3.0 -0.113 -0.056 -0.7434 -0.8032 12.21 
0.553 2 1 1 -3.0 -3.0 -0.116 -0.078 -0.7434 -0.8366 12.22 
0.554 2 1 1 -3.0 -3.0 -0.098 -0.066 -0.7302 -0.8543 12.21 
0.555 2 1 1 -3.0 -3.0 -0.099 -0.037 -0.7302 -0.9125 12.21 
0.556 2 1 1 -3.0 -3.0 -0.006 -0.157 -0.7434 -0.8543 12.20 
0.557 2 1 1 -3.0 -3.0 0.182 -0.340 -0.6924 -0.8727 12.21 
0.558 2 1 1 -3.0 -3.0 -0.003 -0.144 -0.7723 -0.8727 12.21 
0.559 2 1 1 -3.0 -3.0 -0.072 -0.072 -0.7044 -0.8924 12.21 
0.560 2 1 1 -3.0 -3.0 -0.098 -0.051 -0.7575 -0.8727 12.21 
0.561 2 1 1 -3.0 -3.0 -0.116 -0.069 -0.7302 -0.8543 12.22 
0.562 2 1 1 -3.0 -3.0 -0.112 -0.043 -0.7044 -0.8727 12.21 
0.563 2 1 1 -3.0 -3.0 -0.108 -0.021 -0.7044 -0.8727 12.22 
0.564 2 1 1 -3.0 -3.0 -0.104 -0.032 -0.6924 -0.8727 12.22 
0.565 2 1 1 -3.0 -3.0 -0.111 -0.047 -0.7434 -0.8193 12.21 
0.566 2 1 1 -3.0 -3.0 -0.124 -0.036 -0.6804 -0.8543 12.22 
0.567 2 1 1 -3.0 -3.0 -0.131 -0.041 -0.7302 -0.8366 12.22 
0.568 2 1 1 -3.0 -3.0 -0.093 -0.068 -0.6924 -0.8727 12.22 
0.569 2 1 1 -3.0 -3.0 -0.101 -0.051 -0.7044 -0.8727 12.21 
0.570 2 1 1 -3.0 -3.0 -0.097 -0.059 -0.7302 -0.8924 12.21 
0.571 2 1 1 -3.0 -3.0 -0.121 -0.043 -0.7169 -0.8924 12.22 
0.572 2 1 1 -3.0 -3.0 -0.090 -0.069 -0.7169 -0.9338 12.22 
0.573 2 1 1 -3.0 -3.0 -0.054 -0.057 -0.7044 -0.8727 12.22 
0.574 2 1 1 -3.0 -3.0 -0.072 -0.044 -0.7434 -0.7723 12.22 
0.575 2 1 1 -3.0 -3.0 -0.094 -0.068 -0.7044 -0.8543 12.22 
0.576 2 1 1 -3.0 -3.0 -0.095 -0.055 -0.7575 -0.8727 12.22 
0.577 2 1 1 -3.0 -3.0 -0.070 -0.041 -0.7044 -0.9125 12.22 
0.578 2 1 1 -3.0 -3.0 -0.100 -0.027 -0.7575 -0.9125 12.21 
0.579 2 1 1 -3.0 -3.0 -0.093 -0.048 -0.7434 -0.8924 12.22 
0.580 2 1 1 -3.0 -3.0 -0.124 -0.039 -0.7302 -0.9125 12.22 
0.581 2 1 1 -3.0 -3.0 -0.095 -0.040 -0.7169 -0.9125 12.22 
0.582 2 1 1 -3.0 -3.0 -0.117 -0.038 -0.7302 -0.8924 12.22 
0.583 2 1 1 -3.0 -3.0 -0.108 -0.072 -0.6583 -0.9125 12.22 
0.584 2 1 1 -3.0 -3.0 -0.135 -0.052 -0.6804 -0.8924 12.21 
0.585 2 1 1 -3.0 -3.0 -0.138 -0.021 -0.7575 -0.8727 12.22 
0.586 2 1 1 -3.0 -3.0 -0.115 -0.031 -0.6924 -0.8727 12.21 
0.587 2 1 1 -3.0 -3.0 -0.092 -0.036 -0.7434 -0.8366 12.21 
0.588 2 1 1 -3.0 -3.0 -0.116 -0.039 -0.7169 -0.8727 12.22 
0.589 2 1 1 -3.0 -3.0 -0.101 -0.034 -0.7044 -0.8543 12.21 
0.590 2 1 1 -3.0 -3.0 -0.078 -0.069 -0.7044 -0.8727 12.22 
0.591 2 1 1 -3.0 -3.0 -0.101 -0.050 -0.7044 -0.8924 12.22 
0.592 2 1 1 -3.0 -3.0 -0.101 -0.032 -0.7575 -0.9125 12.22 
0.593 2 1 1 -3.0 -3.0 -0.125 -0.052 -0.7044 -0.8924 12.22 
0.594 2 1 1 -3.0 -3.0 -0.135 -0.068 -0.7434 -0.9125 12.21 
0.595 2 1 1 -3.0 -3.0 -0.115 -0.055 -0.7044 -0.8543 12.22 
0.596 2 1 1 -3.0 -3.0 -0.118 -0.030 -0.7575 -0.8924 12.21 
0.597 2 1 1 -3.0 -3.0 -0.108 -0.078 -0.7302 -0.8193 12.21 
0.598 2 1 1 -3.0 -3.0 -0.103 -0.074 -0.7169 -0.8543 12.22 
0.599 2 1 1 -3.0 -3.0 -0.051 -0.077 -0.7302 -0.8543 12.22 
0.600 2 1 1 -3.0 -3.0 -0.059 -0.048 -0.7044 -0.8543 12.22 
0.601 2 1 1 -3.0 -3.0 -0.090 -0.058 -0.7302 -0.8366 12.22 
0.602 2 1 1 -3.0 -3.0 -0.079 -0.044 -0.7044 -0.8727 12.22 
0.603 2 1 1 -3.0 -3.0 -0.098 -0.044 -0.7723 -0.8727 12.23 
0.604 2 1 1 -3.0 -3.0 -0.087 -0.051 -0.7044 -0.8924 12.22 
0.605 2 1 1 -3.0 -3.0 -0.108 -0.072 -0.7723 -0.8924 12.22 
0.606 2 1 1 -3.0 -3.0 -0.112 -0.072 -0.7302 -0.8924 12.21 
0.607 2 1 1 -3.0 -3.0 -0.124 -0.029 -0.7434 -0.9125 12.22 
0.608 2 1 1 -3.0 -3.0 -0.101 -0.034 -0.7302 -0.8924 12.22 
0.609 2 1 1 -3.0 -3.0 -0.093 -0.054 -0.7302 -0.9125 12.22 
0.610 2 1 1 -3.0 -3.0 -0.103 -0.050 -0.6924 -0.8543 12.22 
0.611 2 1 1 -3.0 -3.0 -0.122 -0.020 -0.7434 -0.8727 12.21 
0.612 2 1 1 -3.0 -3.0 -0.115 -0.048 -0.7723 -0.8366 12.21 
0.613 2 1 1 -3.0 -3.0 -0.105 -0.075 -0.7044 -0.8727 12.22 
0.614 2 1 1 -3.0 -3.0 -0.125 -0.044 -0.7575 -0.8727 12.22 
0.615 2 1 1 -3.0 -3.0 -0.135 -0.034 -0.7044 -0.8727 12.22 
0.616 2 1 1 -3.0 -3.0 -0.122 -0.039 -0.7044 -0.8924 12.22 
0.617 2 1 1 -3.0 -3.0 -0.097 -0.057 -0.7169 -0.8543 12.22 
0.618 2 1 1 -3.0 -3.0 -0.086 -0.047 -0.7044 -0.8924 12.22 
0.619 2 1 1 -3.0 -3.0 -0.101 -0.070 -0.7169 -0.8032 12.22 
0.620 2 1 1 -3.0 -3.0 -0.125 -0.074 -0.7044 -0.8543 12.21 
0.621 2 1 1 -3.0 -3.0 -0.135 -0.047 -0.7434 -0.8543 12.22 
0.622 2 1 1 -3.0 -3.0 -0.095 -0.036 -0.7044 -0.9125 12.22 
0.623 2 1 1 -3.0 -3.0 -0.100 -0.040 -0.7575 -0.8543 12.22 
0.624 2 1 1 -3.0 -3.0 -0.101 -0.061 -0.7169 -0.8727 12.22 
0.625 2 1 1 -3.0 -3.0 -0.107 -0.044 -0.7575 -0.8543 12.22 
0.626 2 1 1 -3.0 -3.0 -0.064 -0.032 -0.7302 -0.8727 12.22 
0.627 2 1 1 -3.0 -3.0 -0.093 -0.048 -0.7169 -0.8727 12.23 
0.628 2 1 1 -3.0 -3.0 -0.117 -0.045 -0.7434 -0.8727 12.22 
0.629 2 1 1 -3.0 -3.0 -0.112 -0.032 -0.7434 -0.8727 12.22 
0.630 2 1 1 -3.0 -3.0 -0.093 -0.032 -0.7302 -0.8727 12.22 
0.631 2 1 1 -3.0 -3.0 -0.059 -0.051 -0.7044 -0.8727 12.22 
0.632 2 1 1 -3.0 -3.0 -0.068 -0.046 -0.7723 -0.8366 12.22 
0.633 2 1 1 -3.0 -3.0 -0.107 -0.035 -0.7169 -0.8924 12.22 
0.634 2 1 1 -3.0 -3.0 -0.117 -0.031 -0.7723 -0.8543 12.22 
0.635 2 1 1 -3.0 -3.0 -0.088 -0.078 -0.7044 -0.8924 12.21 
0.636 2 1 1 -3.0 -3.0 -0.116 -0.056 -0.7575 -0.8924 12.22 
0.637 2 1 1 -3.0 -3.0 -0.123 -0.053 -0.7044 -0.9125 12.22 
0.638 2 1 1 -3.0 -3.0 -0.124 -0.040 -0.7302 -0.9125 12.22 
0.639 2 1 1 -3.0 -3.0 -0.100 -0.073 -0.7044 -0.9125 12.22 
0.640 2 1 1 -3.0 -3.0 -0.107 -0.047 -0.7169 -0.9338 12.22 
0.641 2 1 1 -3.0 -3.0 -0.091 -0.053 -0.7302 -0.8193 12.22 
0.642 2 1 1 -3.0 -3.0 -0.097 -0.107 -0.7169 -0.8543 12.22 
0.643 2 1 1 -3.0 -3.0 -0.120 -0.062 -0.7575 -0.8924 12.22 
0.644 2 1 1 -3.0 -3.0 -0.080 -0.047 -0.7044 -0.9338 12.22 
0.645 2 1 1 -3.0 -3.0 -0.127 -0.021 -0.7575 -0.9125 12.22 
0.646 2 1 1 -3.0 -3.0 -0.112 -0.043 -0.7169 -0.9125 12.22 
0.647 2 1 1 -3.0 -3.0 -0.119 -0.050 -0.7044 -0.9125 12.22 
0.648 2 1 1 -3.0 -3.0 -0.105 -0.043 -0.7302 -0.9338 12.22 
0.649 2 1 1 -3.0 -3.0 -0.095 -0.047 -0.7169 -0.9125 12.22 
0.650 2 1 1 -3.0 -3.0 -0.101 -0.059 -0.7434 -0.9125 12.22 
0.651 2 1 1 -3.0 -3.0 -0.093 -0.043 -0.7169 -0.9125 12.22 
0.652 2 1 1 -3.0 -3.0 -0.086 -0.027 -0.7575 -0.9125 12.22 
0.653 2 1 1 -3.0 -3.0 -0.067 -0.044 -0.7169 -0.9125 12.22 
0.654 2 1 1 -3.0 -3.0 -0.087 -0.035 -0.7575 -0.8543 12.22 
0.655 2 1 1 -3.0 -3.0 -0.096 -0.030 -0.7044 -0.8924 12.22 
0.656 2 1 1 -3.0 -3.0 -0.111 -0.032 -0.7723 -0.8543 12.22 
0.657 2 1 1 -3.0 -3.0 -0.065 -0.076 -0.7302 -0.8924 12.22 
0.658 2 1 1 -3.0 -3.0 -0.029 -0.137 -0.7434 -0.8924 12.21 
0.659 2 1 1 -3.0 -3.0 0.219 -0.340 -0.7575 -0.9125 12.22 
0.660 2 1 1 -3.0 -3.0 0.015 -0.169 -0.7434 -0.8924 12.22 
0.661 2 1 1 -3.0 -3.0 -0.068 -0.090 -0.7302 -0.9125 12.22 
0.662 2 1 1 -3.0 -3.0 -0.074 -0.067 -0.7044 -0.9338 12.22 
0.663 2 1 1 -3.0 -3.0 -0.103 -0.058 -0.7575 -0.8366 12.22 
0.664 2 1 1 -3.0 -3.0 -0.084 -0.094 -0.7044 -0.8727 12.22 
0.665 2 1 1 -3.0 -3.0 -0.083 -0.070 -0.7575 -0.8924 12.22 
