%% logfile from robot Lily (19)
% Lily (19)
%  1    time 0.000 sec
%  2  3  4   (mission 0), state 2, thread 2, line 0
%  5  6 Motor voltage [V] left, right: 2.0 2.0
%  7  8 Motor current left, right [A]: -0.020 -0.020
%  9 10 Wheel velocity [m/s] left, right: 0.0000 0.0000
% 11    Battery voltage [V]: 12.35
0.001 2 2 0 2.0 2.0 0.096 0.010 0.0000 0.0000 12.34 
0.002 2 2 0 2.0 2.0 0.293 0.236 0.0000 0.0000 12.34 
0.003 2 2 0 2.0 2.0 0.409 0.403 0.0000 0.0000 12.34 
0.004 2 2 0 2.0 2.0 0.473 0.511 0.0000 0.0000 12.34 
0.005 2 2 0 2.0 2.0 0.493 0.551 0.0000 0.0000 12.33 
0.006 2 2 0 2.0 2.0 0.481 0.552 0.0000 0.0000 12.33 
0.007 2 2 0 2.0 2.0 0.447 0.554 0.0000 0.0000 12.33 
0.008 2 2 0 2.0 2.0 0.444 0.511 0.0000 0.0000 12.33 
0.009 2 2 0 2.0 2.0 0.429 0.484 0.0000 0.0000 12.34 
0.010 2 2 0 2.0 2.0 0.462 0.442 0.0000 0.1193 12.33 
0.011 2 2 0 2.0 2.0 0.464 0.439 0.0000 0.1193 12.33 
0.012 2 2 0 2.0 2.0 0.437 0.423 0.0000 0.1193 12.33 
0.013 2 2 0 2.0 2.0 0.457 0.403 0.0000 0.1490 12.33 
0.014 2 2 0 2.0 2.0 0.455 0.396 0.0000 0.1490 12.33 
0.015 2 2 0 2.0 2.0 0.468 0.401 0.0000 0.1723 12.33 
0.016 2 2 0 2.0 2.0 0.449 0.431 0.0000 0.1723 12.33 
0.017 2 2 0 2.0 2.0 0.432 0.426 0.0000 0.1723 12.33 
0.018 2 2 0 2.0 2.0 0.424 0.430 0.0000 0.1735 12.31 
0.019 2 2 0 2.0 2.0 0.414 0.392 0.0000 0.1735 12.32 
0.020 2 2 0 2.0 2.0 0.428 0.407 0.0000 0.2100 12.33 
0.021 2 2 0 2.0 2.0 0.435 0.390 0.0000 0.2157 12.33 
0.022 2 2 0 2.0 2.0 0.445 0.388 0.0000 0.2157 12.33 
0.023 2 2 0 2.0 2.0 0.458 0.374 0.0000 0.2293 12.33 
0.024 2 2 0 2.0 2.0 0.448 0.383 0.0000 0.2293 12.33 
0.025 2 2 0 2.0 2.0 0.449 0.373 0.0000 0.2462 12.33 
0.026 2 2 0 2.0 2.0 0.452 0.369 0.0333 0.2928 12.33 
0.027 2 2 0 2.0 2.0 0.444 0.386 0.0333 0.2928 12.33 
0.028 2 2 0 2.0 2.0 0.436 0.377 0.0333 0.2807 12.33 
0.029 2 2 0 2.0 2.0 0.431 0.345 0.0333 0.2827 12.33 
0.030 2 2 0 2.0 2.0 0.431 0.337 0.0333 0.2888 12.33 
0.031 2 2 0 2.0 2.0 0.455 0.321 0.0333 0.2888 12.33 
0.032 2 2 0 2.0 2.0 0.460 0.304 0.0333 0.3185 12.33 
0.033 2 2 0 2.0 2.0 0.449 0.286 0.0333 0.3113 12.33 
0.034 2 2 0 2.0 2.0 0.447 0.295 0.0474 0.3430 12.33 
0.035 2 2 0 2.0 2.0 0.454 0.293 0.0474 0.3237 12.33 
0.036 2 2 0 2.0 2.0 0.429 0.263 0.0474 0.3237 12.33 
0.037 2 2 0 2.0 2.0 0.439 0.274 0.0474 0.3751 12.33 
0.038 2 2 0 2.0 2.0 0.425 0.273 0.0474 0.3402 12.34 
0.039 2 2 0 2.0 2.0 0.405 0.294 0.0743 0.3651 12.34 
0.040 2 2 0 2.0 2.0 0.419 0.278 0.0743 0.3430 12.33 
0.041 2 2 0 2.0 2.0 0.406 0.281 0.0743 0.3430 12.33 
0.042 2 2 0 2.0 2.0 0.403 0.266 0.0743 0.3615 12.33 
0.043 2 2 0 2.0 2.0 0.395 0.255 0.1004 0.3936 12.33 
0.044 2 2 0 2.0 2.0 0.371 0.247 0.1004 0.3683 12.33 
0.045 2 2 0 2.0 2.0 0.370 0.244 0.1004 0.4016 12.33 
0.046 2 2 0 2.0 2.0 0.371 0.262 0.1317 0.3860 12.34 
0.047 2 2 0 2.0 2.0 0.357 0.258 0.1317 0.3976 12.33 
0.048 2 2 0 2.0 2.0 0.369 0.253 0.1317 0.3823 12.33 
0.049 2 2 0 2.0 2.0 0.366 0.242 0.1450 0.3976 12.33 
0.050 2 2 0 2.0 2.0 0.333 0.236 0.1450 0.3936 12.33 
0.051 2 2 0 2.0 2.0 0.332 0.221 0.1450 0.3976 12.33 
0.052 2 2 0 2.0 2.0 0.335 0.206 0.1619 0.3896 12.33 
0.053 2 2 0 2.0 2.0 0.317 0.228 0.1619 0.4097 12.33 
0.054 2 2 0 2.0 2.0 0.349 0.252 0.1715 0.4016 12.33 
0.055 2 2 0 2.0 2.0 0.337 0.231 0.1715 0.4097 12.33 
0.056 2 2 0 2.0 2.0 0.347 0.245 0.1912 0.3976 12.34 
0.057 2 2 0 2.0 2.0 0.334 0.221 0.1912 0.4097 12.33 
0.058 2 2 0 2.0 2.0 0.345 0.217 0.1856 0.4016 12.33 
0.059 2 2 0 2.0 2.0 0.345 0.199 0.1856 0.4097 12.35 
0.060 2 2 0 2.0 2.0 0.330 0.199 0.1868 0.3976 12.34 
0.061 2 2 0 2.0 2.0 0.329 0.203 0.1868 0.4137 12.33 
0.062 2 2 0 2.0 2.0 0.314 0.240 0.2016 0.4137 12.33 
0.063 2 2 0 2.0 2.0 0.313 0.243 0.2016 0.4137 12.33 
0.064 2 2 0 2.0 2.0 0.317 0.242 0.2374 0.4137 12.33 
0.065 2 2 0 2.0 2.0 0.301 0.216 0.2374 0.4269 12.33 
0.066 2 2 0 2.0 2.0 0.314 0.189 0.2241 0.4225 12.34 
0.067 2 2 0 2.0 2.0 0.316 0.180 0.2241 0.4225 12.33 
0.068 2 2 0 2.0 2.0 0.302 0.169 0.2265 0.4225 12.33 
0.069 2 2 0 2.0 2.0 0.266 0.169 0.2402 0.4410 12.33 
0.070 2 2 0 2.0 2.0 0.276 0.190 0.2402 0.4317 12.33 
0.071 2 2 0 2.0 2.0 0.274 0.221 0.2574 0.4362 12.33 
0.072 2 2 0 2.0 2.0 0.295 0.237 0.2574 0.4462 12.33 
0.073 2 2 0 2.0 2.0 0.279 0.228 0.2494 0.4410 12.33 
0.074 2 2 0 2.0 2.0 0.275 0.215 0.2747 0.4362 12.33 
0.075 2 2 0 2.0 2.0 0.269 0.209 0.2731 0.4362 12.34 
0.076 2 2 0 2.0 2.0 0.258 0.189 0.2538 0.4615 12.33 
0.077 2 2 0 2.0 2.0 0.257 0.222 0.2952 0.4562 12.33 
0.078 2 2 0 2.0 2.0 0.258 0.208 0.2659 0.4510 12.33 
0.079 2 2 0 2.0 2.0 0.250 0.198 0.2659 0.4462 12.34 
0.080 2 2 0 2.0 2.0 0.261 0.162 0.2807 0.4615 12.33 
0.081 2 2 0 2.0 2.0 0.261 0.151 0.2659 0.4779 12.33 
0.082 2 2 0 2.0 2.0 0.277 0.144 0.2659 0.4667 12.33 
0.083 2 2 0 2.0 2.0 0.284 0.142 0.2554 0.4956 12.33 
0.084 2 2 0 2.0 2.0 0.297 0.159 0.2554 0.4836 12.33 
0.085 2 2 0 2.0 2.0 0.296 0.173 0.2590 0.4779 12.33 
0.086 2 2 0 2.0 2.0 0.283 0.183 0.2711 0.4667 12.33 
0.087 2 2 0 2.0 2.0 0.290 0.156 0.2711 0.4723 12.33 
0.088 2 2 0 2.0 2.0 0.276 0.145 0.2446 0.4896 12.34 
0.089 2 2 0 2.0 2.0 0.284 0.158 0.2554 0.4836 12.34 
0.090 2 2 0 2.0 2.0 0.298 0.184 0.2554 0.4956 12.33 
0.091 2 2 0 2.0 2.0 0.274 0.213 0.2418 0.5081 12.33 
0.092 2 2 0 2.0 2.0 0.291 0.197 0.2494 0.4896 12.33 
0.093 2 2 0 2.0 2.0 0.307 0.178 0.2494 0.5020 12.33 
0.094 2 2 0 2.0 2.0 0.264 0.164 0.2229 0.4956 12.33 
0.095 2 2 0 2.0 2.0 0.285 0.156 0.2229 0.4836 12.33 
0.096 2 2 0 2.0 2.0 0.309 0.156 0.2293 0.5081 12.34 
0.097 2 2 0 2.0 2.0 0.301 0.152 0.2293 0.4956 12.33 
0.098 2 2 0 2.0 2.0 0.309 0.167 0.1976 0.4956 12.33 
0.099 2 2 0 2.0 2.0 0.329 0.165 0.1976 0.4956 12.33 
0.100 2 2 0 2.0 2.0 0.341 0.153 0.1831 0.4896 12.33 
0.101 2 2 0 2.0 2.0 0.324 0.138 0.1831 0.4956 12.34 
0.102 2 2 0 2.0 2.0 0.336 0.141 0.1799 0.4836 12.34 
0.103 2 2 0 2.0 2.0 0.339 0.158 0.1715 0.4896 12.33 
0.104 2 2 0 2.0 2.0 0.352 0.185 0.1715 0.4896 12.33 
0.105 2 2 0 2.0 2.0 0.343 0.186 0.1856 0.4836 12.33 
0.106 2 2 0 2.0 2.0 0.359 0.171 0.1856 0.5020 12.33 
0.107 2 2 0 2.0 2.0 0.359 0.157 0.1574 0.4956 12.33 
0.108 2 2 0 2.0 2.0 0.374 0.126 0.1574 0.4956 12.33 
0.109 2 2 0 2.0 2.0 0.363 0.115 0.1574 0.5020 12.34 
0.110 2 2 0 2.0 2.0 0.368 0.120 0.1486 0.4956 12.33 
0.111 2 2 0 2.0 2.0 0.364 0.140 0.1486 0.5020 12.33 
0.112 2 2 0 2.0 2.0 0.359 0.178 0.1486 0.4896 12.33 
0.113 2 2 0 2.0 2.0 0.360 0.167 0.1345 0.5020 12.33 
0.114 2 2 0 2.0 2.0 0.382 0.160 0.1345 0.4956 12.33 
0.115 2 2 0 2.0 2.0 0.398 0.152 0.1345 0.4956 12.33 
0.116 2 2 0 2.0 2.0 0.408 0.162 0.1241 0.5213 12.33 
0.117 2 2 0 2.0 2.0 0.408 0.184 0.1241 0.5081 12.33 
0.118 2 2 0 2.0 2.0 0.421 0.169 0.1241 0.5020 12.33 
0.119 2 2 0 2.0 2.0 0.409 0.147 0.1225 0.5149 12.33 
0.120 2 2 0 2.0 2.0 0.417 0.122 0.0968 0.5081 12.33 
0.121 2 2 0 2.0 2.0 0.439 0.096 0.0968 0.5081 12.32 
0.122 2 2 0 2.0 2.0 0.427 0.093 0.0968 0.5354 12.32 
0.123 2 2 0 2.0 2.0 0.426 0.129 0.0968 0.5213 12.33 
0.124 2 2 0 2.0 2.0 0.418 0.160 0.0968 0.5149 12.33 
0.125 2 2 0 2.0 2.0 0.420 0.156 0.0807 0.5020 12.32 
0.126 2 2 0 2.0 2.0 0.426 0.129 0.0807 0.5081 12.33 
0.127 2 2 0 2.0 2.0 0.432 0.112 0.0807 0.5149 12.33 
0.128 2 2 0 2.0 2.0 0.426 0.132 0.0807 0.5354 12.33 
0.129 2 2 0 2.0 2.0 0.428 0.175 0.0807 0.5281 12.32 
0.130 2 2 0 2.0 2.0 0.438 0.179 0.0799 0.5426 12.33 
0.131 2 2 0 2.0 2.0 0.443 0.148 0.0799 0.5354 12.33 
0.132 2 2 0 2.0 2.0 0.417 0.119 0.0799 0.5281 12.33 
0.133 2 2 0 2.0 2.0 0.420 0.093 0.0799 0.5281 12.33 
0.134 2 2 0 2.0 2.0 0.430 0.110 0.0799 0.5354 12.33 
0.135 2 2 0 2.0 2.0 0.427 0.106 0.0924 0.5281 12.33 
0.136 2 2 0 2.0 2.0 0.409 0.121 0.0924 0.5281 12.34 
0.137 2 2 0 2.0 2.0 0.400 0.131 0.0924 0.5281 12.33 
0.138 2 2 0 2.0 2.0 0.407 0.118 0.0924 0.5213 12.33 
0.139 2 2 0 2.0 2.0 0.408 0.114 0.1028 0.5213 12.33 
0.140 2 2 0 2.0 2.0 0.390 0.115 0.1028 0.5081 12.32 
0.141 2 2 0 2.0 2.0 0.384 0.139 0.1028 0.5081 12.33 
0.142 2 2 0 2.0 2.0 0.382 0.164 0.1096 0.5149 12.32 
0.143 2 2 0 2.0 2.0 0.398 0.163 0.1096 0.5081 12.33 
0.144 2 2 0 2.0 2.0 0.405 0.139 0.1096 0.5213 12.33 
0.145 2 2 0 2.0 2.0 0.351 0.127 0.1096 0.5149 12.33 
0.146 2 2 0 2.0 2.0 0.368 0.127 0.1064 0.5020 12.33 
0.147 2 2 0 2.0 2.0 0.378 0.124 0.1064 0.5213 12.33 
0.148 2 2 0 2.0 2.0 0.379 0.143 0.1064 0.5213 12.33 
0.149 2 2 0 2.0 2.0 0.384 0.163 0.1064 0.5081 12.33 
0.150 2 2 0 2.0 2.0 0.398 0.174 0.1141 0.5281 12.32 
0.151 2 2 0 2.0 2.0 0.403 0.156 0.1141 0.5213 12.33 
0.152 2 2 0 2.0 2.0 0.405 0.144 0.1141 0.5081 12.32 
0.153 2 2 0 2.0 2.0 0.383 0.144 0.1112 0.5354 12.33 
0.154 2 2 0 2.0 2.0 0.398 0.175 0.1112 0.5281 12.30 
0.155 2 2 0 2.0 2.0 0.404 0.181 0.1112 0.5081 12.30 
0.156 2 2 0 2.0 2.0 0.389 0.163 0.1233 0.5281 12.32 
0.157 2 2 0 2.0 2.0 0.375 0.125 0.1233 0.5213 12.32 
0.158 2 2 0 2.0 2.0 0.375 0.101 0.1233 0.5213 12.33 
0.159 2 2 0 2.0 2.0 0.376 0.096 0.1345 0.5575 12.33 
0.160 2 2 0 2.0 2.0 0.356 0.105 0.1345 0.5354 12.33 
0.161 2 2 0 2.0 2.0 0.357 0.138 0.1345 0.5149 12.33 
0.162 2 2 0 2.0 2.0 0.363 0.138 0.1578 0.5213 12.33 
0.163 2 2 0 2.0 2.0 0.372 0.117 0.1578 0.5213 12.33 
0.164 2 2 0 2.0 2.0 0.352 0.099 0.1643 0.5426 12.33 
0.165 2 2 0 2.0 2.0 0.348 0.108 0.1643 0.5426 12.33 
0.166 2 2 0 2.0 2.0 0.333 0.142 0.1643 0.5354 12.33 
0.167 2 2 0 2.0 2.0 0.317 0.154 0.1759 0.5498 12.32 
0.168 2 2 0 2.0 2.0 0.323 0.144 0.1759 0.5498 12.32 
0.169 2 2 0 2.0 2.0 0.347 0.125 0.1831 0.5354 12.33 
0.170 2 2 0 2.0 2.0 0.359 0.105 0.1831 0.5354 12.33 
0.171 2 2 0 2.0 2.0 0.355 0.107 0.2036 0.5498 12.32 
0.172 2 2 0 2.0 2.0 0.340 0.120 0.2036 0.5354 12.32 
0.173 2 2 0 2.0 2.0 0.323 0.145 0.1956 0.5426 12.32 
0.174 2 2 0 2.0 2.0 0.329 0.137 0.1956 0.5426 12.33 
0.175 2 2 0 2.0 2.0 0.326 0.118 0.1928 0.5281 12.33 
0.176 2 2 0 2.0 2.0 0.321 0.106 0.1928 0.5281 12.32 
0.177 2 2 0 2.0 2.0 0.309 0.106 0.2068 0.5281 12.30 
0.178 2 2 0 2.0 2.0 0.320 0.136 0.2068 0.5213 12.32 
0.179 2 2 0 2.0 2.0 0.311 0.149 0.2418 0.5213 12.32 
0.180 2 2 0 2.0 2.0 0.320 0.143 0.2293 0.5354 12.33 
0.181 2 2 0 2.0 2.0 0.318 0.138 0.2293 0.5281 12.31 
0.182 2 2 0 2.0 2.0 0.315 0.118 0.2321 0.5281 12.30 
0.183 2 2 0 2.0 2.0 0.281 0.111 0.2321 0.5213 12.32 
0.184 2 2 0 2.0 2.0 0.288 0.129 0.2434 0.5281 12.32 
0.185 2 2 0 2.0 2.0 0.275 0.157 0.2639 0.5281 12.33 
0.186 2 2 0 2.0 2.0 0.278 0.164 0.2639 0.5213 12.30 
0.187 2 2 0 2.0 2.0 0.283 0.153 0.2538 0.5281 12.32 
0.188 2 2 0 2.0 2.0 0.278 0.129 0.2807 0.5213 12.34 
0.189 2 2 0 2.0 2.0 0.271 0.128 0.2807 0.5149 12.32 
0.190 2 2 0 2.0 2.0 0.261 0.152 0.2590 0.5354 12.30 
0.191 2 2 0 2.0 2.0 0.253 0.164 0.3016 0.5281 12.30 
0.192 2 2 0 2.0 2.0 0.254 0.156 0.2767 0.5213 12.30 
0.193 2 2 0 2.0 2.0 0.255 0.126 0.2711 0.5354 12.30 
0.194 2 2 0 2.0 2.0 0.273 0.106 0.2848 0.5498 12.30 
0.195 2 2 0 2.0 2.0 0.256 0.086 0.2711 0.5354 12.30 
0.196 2 2 0 2.0 2.0 0.284 0.099 0.2711 0.5498 12.30 
0.197 2 2 0 2.0 2.0 0.292 0.133 0.2623 0.5575 12.28 
0.198 2 2 0 2.0 2.0 0.280 0.146 0.2659 0.5426 12.28 
0.199 2 2 0 2.0 2.0 0.277 0.137 0.2659 0.5354 12.30 
0.200 2 2 0 2.0 2.0 0.293 0.134 0.2807 0.5575 12.32 
0.201 2 2 1 4.0 4.0 0.287 0.103 0.2494 0.5426 12.30 
0.202 2 2 1 4.0 4.0 0.374 0.164 0.2494 0.5498 12.30 
0.203 2 2 1 4.0 4.0 0.584 0.367 0.2639 0.5655 12.28 
0.204 2 2 1 4.0 4.0 0.717 0.487 0.2639 0.5735 12.25 
0.205 2 2 1 4.0 4.0 0.798 0.541 0.2607 0.5735 12.26 
0.206 2 2 1 4.0 4.0 0.827 0.535 0.2952 0.5820 12.24 
0.207 2 2 1 4.0 4.0 0.740 0.559 0.2868 0.6177 12.26 
0.208 2 2 1 4.0 4.0 0.733 0.536 0.2868 0.6273 12.24 
0.209 2 2 1 4.0 4.0 0.770 0.555 0.3137 0.6177 12.25 
0.210 2 2 1 4.0 4.0 0.797 0.567 0.3040 0.6374 12.25 
0.211 2 2 1 4.0 4.0 0.797 0.561 0.3137 0.6474 12.26 
0.212 2 2 1 4.0 4.0 0.795 0.550 0.3237 0.6583 12.26 
0.213 2 2 1 4.0 4.0 0.794 0.562 0.3237 0.6691 12.25 
0.214 2 2 1 4.0 4.0 0.810 0.534 0.3715 0.6691 12.24 
0.215 2 2 1 4.0 4.0 0.816 0.514 0.3490 0.6924 12.26 
0.216 2 2 1 4.0 4.0 0.758 0.487 0.3550 0.7044 12.27 
0.217 2 2 1 4.0 4.0 0.719 0.483 0.3550 0.7302 12.28 
0.218 2 2 1 4.0 4.0 0.748 0.443 0.3715 0.7169 12.28 
0.219 2 2 1 4.0 4.0 0.763 0.448 0.3651 0.7434 12.27 
0.220 2 2 1 4.0 4.0 0.772 0.433 0.3651 0.7434 12.24 
0.221 2 2 1 4.0 4.0 0.763 0.430 0.3751 0.7723 12.26 
0.222 2 2 1 4.0 4.0 0.755 0.437 0.3936 0.7575 12.25 
0.223 2 2 1 4.0 4.0 0.786 0.405 0.4016 0.7872 12.24 
0.224 2 2 1 4.0 4.0 0.763 0.400 0.4097 0.8032 12.24 
0.225 2 2 1 4.0 4.0 0.627 0.403 0.4097 0.8193 12.26 
0.226 2 2 1 4.0 4.0 0.645 0.403 0.4269 0.8366 12.26 
0.227 2 2 1 4.0 4.0 0.659 0.434 0.4269 0.8032 12.27 
0.228 2 2 1 4.0 4.0 0.677 0.415 0.4317 0.8366 12.28 
0.229 2 2 1 4.0 4.0 0.649 0.418 0.4362 0.8366 12.27 
0.230 2 2 1 4.0 4.0 0.651 0.414 0.4615 0.8543 12.28 
0.231 2 2 1 4.0 4.0 0.659 0.395 0.4779 0.8727 12.28 
0.232 2 2 1 4.0 4.0 0.579 0.341 0.4779 0.8727 12.26 
0.233 2 2 1 4.0 4.0 0.616 0.359 0.5020 0.8924 12.27 
0.234 2 2 1 4.0 4.0 0.629 0.340 0.5020 0.9125 12.27 
0.235 2 2 1 4.0 4.0 0.619 0.340 0.5081 0.9125 12.28 
0.236 2 2 1 4.0 4.0 0.607 0.313 0.5498 0.9125 12.26 
0.237 2 2 1 4.0 4.0 0.617 0.362 0.5575 0.9125 12.27 
0.238 2 2 1 4.0 4.0 0.540 0.341 0.5575 0.9338 12.25 
0.239 2 2 1 4.0 4.0 0.524 0.331 0.5820 0.9338 12.25 
0.240 2 2 1 4.0 4.0 0.527 0.314 0.6085 0.9559 12.26 
0.241 2 2 1 4.0 4.0 0.508 0.310 0.5992 0.9559 12.29 
0.242 2 2 1 4.0 4.0 0.519 0.312 0.6273 0.9559 12.29 
0.243 2 2 1 4.0 4.0 0.479 0.280 0.6273 0.9338 12.29 
0.244 2 2 1 4.0 4.0 0.508 0.329 0.6085 0.9559 12.29 
0.245 2 2 1 4.0 4.0 0.507 0.322 0.6474 0.9559 12.28 
0.246 2 2 1 4.0 4.0 0.518 0.262 0.6273 0.9559 12.29 
0.247 2 2 1 4.0 4.0 0.527 0.259 0.6374 1.0041 12.28 
0.248 2 2 1 4.0 4.0 0.488 0.259 0.6583 0.9796 12.26 
0.249 2 2 1 4.0 4.0 0.478 0.284 0.6474 1.0041 12.28 
0.250 2 2 1 4.0 4.0 0.474 0.272 0.6273 1.0041 12.26 
0.251 2 2 1 4.0 4.0 0.490 0.320 0.6177 1.0041 12.28 
0.252 2 2 1 4.0 4.0 0.494 0.307 0.6374 1.0298 12.29 
0.253 2 2 1 4.0 4.0 0.531 0.279 0.6273 1.0298 12.28 
0.254 2 2 1 4.0 4.0 0.492 0.275 0.6177 1.0298 12.27 
0.255 2 2 1 4.0 4.0 0.530 0.280 0.6085 1.0298 12.30 
0.256 2 2 1 4.0 4.0 0.516 0.274 0.5904 1.0298 12.27 
0.257 2 2 1 4.0 4.0 0.518 0.270 0.6085 1.0298 12.28 
0.258 2 2 1 4.0 4.0 0.533 0.282 0.5992 1.0567 12.27 
0.259 2 2 1 4.0 4.0 0.454 0.248 0.5992 1.0567 12.29 
0.260 2 2 1 4.0 4.0 0.489 0.247 0.6085 1.0567 12.30 
0.261 2 2 1 4.0 4.0 0.504 0.251 0.6085 1.0567 12.29 
0.262 2 2 1 4.0 4.0 0.486 0.251 0.6273 1.0567 12.29 
0.263 2 2 1 4.0 4.0 0.503 0.218 0.6273 1.0852 12.28 
0.264 2 2 1 4.0 4.0 0.448 0.264 0.6273 1.0567 12.28 
0.265 2 2 1 4.0 4.0 0.503 0.244 0.6474 1.0567 12.29 
0.266 2 2 1 4.0 4.0 0.496 0.205 0.6374 1.0852 12.29 
0.267 2 2 1 4.0 4.0 0.487 0.213 0.6804 1.0567 12.29 
0.268 2 2 1 4.0 4.0 0.510 0.221 0.6691 1.0567 12.28 
0.269 2 2 1 4.0 4.0 0.443 0.200 0.6691 1.0852 12.29 
0.270 2 2 1 4.0 4.0 0.443 0.240 0.6804 1.0852 12.29 
0.271 2 2 1 4.0 4.0 0.437 0.251 0.7044 1.0852 12.30 
0.272 2 2 1 4.0 4.0 0.436 0.202 0.7302 1.0852 12.30 
0.273 2 2 1 4.0 4.0 0.442 0.195 0.7169 1.1153 12.30 
0.274 2 2 1 4.0 4.0 0.441 0.218 0.6924 1.0852 12.28 
0.275 2 2 1 4.0 4.0 0.442 0.199 0.6924 1.0852 12.28 
0.276 2 2 1 4.0 4.0 0.452 0.247 0.7044 1.0852 12.29 
0.277 2 2 1 4.0 4.0 0.447 0.257 0.7169 1.1153 12.29 
0.278 2 2 1 4.0 4.0 0.392 0.229 0.7044 1.1153 12.29 
0.279 2 2 1 4.0 4.0 0.405 0.232 0.6924 1.1153 12.31 
0.280 2 2 1 4.0 4.0 0.420 0.256 0.7044 1.1153 12.29 
0.281 2 2 1 4.0 4.0 0.428 0.240 0.7044 1.1153 12.29 
0.282 2 2 1 4.0 4.0 0.455 0.237 0.6804 1.1153 12.28 
0.283 2 2 1 4.0 4.0 0.446 0.251 0.6691 1.1153 12.30 
0.284 2 2 1 4.0 4.0 0.481 0.194 0.6691 1.1474 12.31 
0.285 2 2 1 4.0 4.0 0.496 0.185 0.6583 1.1474 12.30 
0.286 2 2 1 4.0 4.0 0.474 0.198 0.6474 1.1153 12.30 
0.287 2 2 1 4.0 4.0 0.487 0.188 0.6474 1.1474 12.31 
0.288 2 2 1 4.0 4.0 0.443 0.207 0.6374 1.1474 12.30 
0.289 2 2 1 4.0 4.0 0.439 0.233 0.6474 1.0852 12.30 
0.290 2 2 1 4.0 4.0 0.466 0.171 0.6474 1.1474 12.31 
0.291 2 2 1 4.0 4.0 0.475 0.149 0.6583 1.1812 12.30 
0.292 2 2 1 4.0 4.0 0.469 0.171 0.6583 1.1474 12.30 
0.293 2 2 1 4.0 4.0 0.447 0.153 0.6583 1.1474 12.29 
0.294 2 2 1 4.0 4.0 0.484 0.197 0.6804 1.1474 12.30 
0.295 2 2 1 4.0 4.0 0.461 0.194 0.6691 1.1474 12.30 
0.296 2 2 1 4.0 4.0 0.456 0.183 0.7044 1.1474 12.31 
0.297 2 2 1 4.0 4.0 0.470 0.154 0.6924 1.1474 12.29 
0.298 2 2 1 4.0 4.0 0.420 0.190 0.7169 1.1474 12.31 
0.299 2 2 1 4.0 4.0 0.398 0.167 0.7575 1.1474 12.31 
0.300 2 2 1 4.0 4.0 0.390 0.202 0.7723 1.1474 12.30 
0.301 2 2 1 4.0 4.0 0.409 0.198 0.7575 1.1474 12.29 
0.302 2 2 1 4.0 4.0 0.394 0.157 0.7434 1.1812 12.29 
0.303 2 2 1 4.0 4.0 0.405 0.171 0.7302 1.1812 12.30 
0.304 2 2 1 4.0 4.0 0.439 0.182 0.7302 1.1474 12.32 
0.305 2 2 1 4.0 4.0 0.408 0.194 0.7302 1.1474 12.31 
0.306 2 2 1 4.0 4.0 0.407 0.213 0.7302 1.1474 12.31 
0.307 2 2 1 4.0 4.0 0.403 0.223 0.7434 1.1474 12.31 
0.308 2 2 1 4.0 4.0 0.393 0.211 0.7044 1.1812 12.31 
0.309 2 2 1 4.0 4.0 0.421 0.196 0.7169 1.1474 12.31 
0.310 2 2 1 4.0 4.0 0.439 0.191 0.7044 1.1474 12.32 
0.311 2 2 1 4.0 4.0 0.417 0.164 0.6804 1.1474 12.32 
0.312 2 2 1 4.0 4.0 0.466 0.222 0.6804 1.1474 12.32 
0.313 2 2 1 4.0 4.0 0.477 0.177 0.6583 1.1474 12.31 
0.314 2 2 1 4.0 4.0 0.468 0.157 0.6583 1.1474 12.32 
0.315 2 2 1 4.0 4.0 0.500 0.162 0.6583 1.1474 12.32 
0.316 2 2 1 4.0 4.0 0.409 0.170 0.6474 1.1474 12.31 
0.317 2 2 1 4.0 4.0 0.439 0.156 0.6583 1.1812 12.30 
0.318 2 2 1 4.0 4.0 0.449 0.195 0.6474 1.1474 12.30 
0.319 2 2 1 4.0 4.0 0.427 0.177 0.6691 1.1153 12.30 
0.320 2 2 1 4.0 4.0 0.440 0.141 0.6691 1.1812 12.31 
0.321 2 2 1 4.0 4.0 0.454 0.172 0.6924 1.1474 12.32 
0.322 2 2 1 4.0 4.0 0.453 0.145 0.6924 1.1812 12.32 
0.323 2 2 1 4.0 4.0 0.469 0.162 0.6804 1.1812 12.32 
0.324 2 2 1 4.0 4.0 0.469 0.186 0.7169 1.1812 12.32 
0.325 2 2 1 4.0 4.0 0.417 0.141 0.7044 1.1812 12.32 
0.326 2 2 1 4.0 4.0 0.398 0.148 0.7302 1.2169 12.30 
0.327 2 2 1 4.0 4.0 0.396 0.167 0.7575 1.1812 12.32 
0.328 2 2 1 4.0 4.0 0.392 0.128 0.7575 1.1812 12.32 
0.329 2 2 1 4.0 4.0 0.393 0.187 0.7575 1.1153 12.32 
0.330 2 2 1 4.0 4.0 0.401 0.170 0.7302 1.1812 12.32 
0.331 2 2 1 4.0 4.0 0.418 0.144 0.7723 1.1812 12.32 
0.332 2 2 1 4.0 4.0 0.397 0.152 0.7575 1.1812 12.31 
0.333 2 2 1 4.0 4.0 0.395 0.148 0.7434 1.1812 12.32 
0.334 2 2 1 4.0 4.0 0.381 0.145 0.7434 1.1812 12.33 
0.335 2 2 1 4.0 4.0 0.380 0.181 0.7302 1.1812 12.32 
0.336 2 2 1 4.0 4.0 0.412 0.151 0.7044 1.1812 12.32 
0.337 2 2 1 4.0 4.0 0.417 0.125 0.7169 1.2169 12.32 
0.338 2 2 1 4.0 4.0 0.437 0.141 0.7169 1.1812 12.32 
0.339 2 2 1 4.0 4.0 0.436 0.163 0.6924 1.0852 12.32 
0.340 2 2 1 4.0 4.0 0.460 0.175 0.6804 1.1812 12.32 
0.341 2 2 1 4.0 4.0 0.473 0.223 0.6583 1.1812 12.32 
0.342 2 2 1 4.0 4.0 0.456 0.178 0.6691 1.1812 12.31 
0.343 2 2 1 4.0 4.0 0.450 0.152 0.6583 1.2169 12.32 
0.344 2 2 1 4.0 4.0 0.409 0.200 0.6804 1.2169 12.31 
0.345 2 2 1 4.0 4.0 0.437 0.158 0.6691 1.1812 12.31 
0.346 2 2 1 4.0 4.0 0.439 0.198 0.6804 1.1812 12.31 
0.347 2 2 1 4.0 4.0 0.441 0.189 0.6804 1.1812 12.32 
0.348 2 2 1 4.0 4.0 0.423 0.164 0.6691 1.1812 12.32 
0.349 2 2 1 4.0 4.0 0.442 0.156 0.6924 1.1812 12.32 
0.350 2 2 1 4.0 4.0 0.445 0.170 0.6804 1.1812 12.32 
0.351 2 2 1 4.0 4.0 0.438 0.120 0.7302 1.1812 12.32 
0.352 2 2 2 -4.0 -4.0 0.450 0.169 0.7044 1.1812 12.32 
0.353 2 2 2 -4.0 -4.0 -0.080 -0.030 0.7302 1.2169 12.31 
0.354 2 2 2 -4.0 -4.0 -0.736 -0.820 0.7302 1.1812 12.28 
0.355 2 2 2 -4.0 -4.0 -1.184 -1.275 0.6924 1.0852 12.23 
0.356 2 2 2 -4.0 -4.0 -1.451 -1.643 0.6374 1.0852 12.21 
0.357 2 2 2 -4.0 -4.0 -1.528 -1.902 0.5904 1.0298 12.20 
0.358 2 2 2 -4.0 -4.0 -1.272 -1.845 0.5354 0.9338 12.22 
0.359 2 2 2 -4.0 -4.0 -1.300 -1.765 0.4836 0.8193 12.20 
0.360 2 2 2 -4.0 -4.0 -1.356 -1.843 0.4510 0.8193 12.22 
0.361 2 2 2 -4.0 -4.0 -1.386 -1.898 0.3860 0.7434 12.23 
0.362 2 2 2 -4.0 -4.0 -1.390 -1.787 0.2747 0.6924 12.22 
0.363 2 2 2 -4.0 -4.0 -1.390 -1.574 0.2747 0.6374 12.23 
0.364 2 2 2 -4.0 -4.0 -1.347 -1.608 0.1807 0.5281 12.23 
0.365 2 2 2 -4.0 -4.0 -1.286 -1.688 0.1538 0.5213 12.24 
0.366 2 2 2 -4.0 -4.0 -1.217 -1.697 0.1538 0.4615 12.24 
0.367 2 2 2 -4.0 -4.0 -1.184 -1.704 -0.1574 0.3615 12.24 
0.368 2 2 2 -4.0 -4.0 -1.131 -1.679 -0.1574 0.3615 12.24 
0.369 2 2 2 -4.0 -4.0 -1.074 -1.727 -0.1574 0.2848 12.24 
0.370 2 2 2 -4.0 -4.0 -1.038 -1.440 -0.1309 0.2434 12.24 
0.371 2 2 2 -4.0 -4.0 -1.018 -1.396 -0.1157 0.2321 12.24 
0.372 2 2 2 -4.0 -4.0 -0.996 -1.359 -0.1157 0.2088 12.24 
0.373 2 2 2 -4.0 -4.0 -0.968 -1.362 -0.1707 0.1374 12.25 
0.374 2 2 2 -4.0 -4.0 -0.951 -1.316 -0.1707 0.1112 12.26 
0.375 2 2 2 -4.0 -4.0 -0.948 -1.310 -0.2229 0.1112 12.25 
0.376 2 2 2 -4.0 -4.0 -0.928 -1.263 -0.2229 -0.1839 12.26 
0.377 2 2 2 -4.0 -4.0 -0.921 -1.252 -0.2402 -0.1839 12.26 
0.378 2 2 2 -4.0 -4.0 -0.927 -1.198 -0.2478 -0.1839 12.27 
0.379 2 2 2 -4.0 -4.0 -0.916 -1.194 -0.2478 -0.1281 12.27 
0.380 2 2 2 -4.0 -4.0 -0.784 -1.141 -0.2695 -0.1084 12.27 
0.381 2 2 2 -4.0 -4.0 -0.775 -1.133 -0.2888 -0.1084 12.27 
0.382 2 2 2 -4.0 -4.0 -0.784 -1.140 -0.2888 -0.1940 12.27 
0.383 2 2 2 -4.0 -4.0 -0.804 -1.120 -0.3064 -0.1940 12.28 
0.384 2 2 2 -4.0 -4.0 -0.785 -1.003 -0.3550 -0.2293 12.28 
0.385 2 2 2 -4.0 -4.0 -0.774 -0.997 -0.3430 -0.2787 12.26 
0.386 2 2 2 -4.0 -4.0 -0.789 -0.970 -0.3936 -0.2787 12.27 
0.387 2 2 2 -4.0 -4.0 -0.777 -0.985 -0.3823 -0.2888 12.27 
0.388 2 2 2 -4.0 -4.0 -0.688 -0.945 -0.3976 -0.3374 12.28 
0.389 2 2 2 -4.0 -4.0 -0.662 -0.896 -0.4016 -0.3550 12.28 
0.390 2 2 2 -4.0 -4.0 -0.650 -0.853 -0.3896 -0.3823 12.25 
0.391 2 2 2 -4.0 -4.0 -0.695 -0.844 -0.4056 -0.4016 12.27 
0.392 2 2 2 -4.0 -4.0 -0.686 -0.788 -0.4362 -0.4137 12.29 
0.393 2 2 2 -4.0 -4.0 -0.692 -0.687 -0.4317 -0.4225 12.28 
0.394 2 2 2 -4.0 -4.0 -0.706 -0.663 -0.4410 -0.4510 12.28 
0.395 2 2 2 -4.0 -4.0 -0.743 -0.701 -0.4615 -0.4667 12.27 
0.396 2 2 2 -4.0 -4.0 -0.654 -0.690 -0.4615 -0.4779 12.27 
0.397 2 2 2 -4.0 -4.0 -0.595 -0.694 -0.4615 -0.5081 12.27 
0.398 2 2 2 -4.0 -4.0 -0.601 -0.696 -0.4667 -0.5081 12.27 
0.399 2 2 2 -4.0 -4.0 -0.614 -0.688 -0.4779 -0.5354 12.28 
0.400 2 2 2 -4.0 -4.0 -0.622 -0.642 -0.4723 -0.5498 12.28 
0.401 2 2 2 -4.0 -4.0 -0.669 -0.648 -0.4779 -0.5820 12.27 
0.402 2 2 2 -4.0 -4.0 -0.679 -0.625 -0.4896 -0.5820 12.28 
0.403 2 2 2 -4.0 -4.0 -0.603 -0.622 -0.4836 -0.5820 12.28 
0.404 2 2 2 -4.0 -4.0 -0.603 -0.628 -0.4779 -0.6085 12.28 
0.405 2 2 2 -4.0 -4.0 -0.630 -0.523 -0.4779 -0.6583 12.29 
0.406 2 2 2 -4.0 -4.0 -0.637 -0.506 -0.4723 -0.6374 12.29 
0.407 2 2 2 -4.0 -4.0 -0.658 -0.511 -0.4723 -0.6474 12.29 
0.408 2 2 2 -4.0 -4.0 -0.695 -0.525 -0.4779 -0.6583 12.28 
0.409 2 2 2 -4.0 -4.0 -0.703 -0.560 -0.4836 -0.6583 12.29 
0.410 2 2 2 -4.0 -4.0 -0.603 -0.498 -0.4779 -0.7044 12.29 
0.411 2 2 2 -4.0 -4.0 -0.616 -0.498 -0.4723 -0.6924 12.28 
0.412 2 2 2 -4.0 -4.0 -0.629 -0.483 -0.4896 -0.7044 12.28 
0.413 2 2 2 -4.0 -4.0 -0.639 -0.494 -0.4779 -0.7169 12.28 
0.414 2 2 2 -4.0 -4.0 -0.645 -0.460 -0.4779 -0.7302 12.28 
0.415 2 2 2 -4.0 -4.0 -0.669 -0.441 -0.4836 -0.7434 12.27 
0.416 2 2 2 -4.0 -4.0 -0.568 -0.421 -0.4836 -0.7575 12.28 
0.417 2 2 2 -4.0 -4.0 -0.604 -0.408 -0.4956 -0.7723 12.28 
0.418 2 2 2 -4.0 -4.0 -0.601 -0.447 -0.4896 -0.7872 12.29 
0.419 2 2 2 -4.0 -4.0 -0.625 -0.405 -0.4956 -0.7872 12.29 
0.420 2 2 2 -4.0 -4.0 -0.622 -0.382 -0.5149 -0.7872 12.29 
0.421 2 2 2 -4.0 -4.0 -0.669 -0.398 -0.5149 -0.7872 12.28 
0.422 2 2 2 -4.0 -4.0 -0.684 -0.378 -0.5020 -0.8032 12.27 
0.423 2 2 2 -4.0 -4.0 -0.591 -0.366 -0.5081 -0.8032 12.29 
0.424 2 2 2 -4.0 -4.0 -0.557 -0.344 -0.5281 -0.8193 12.29 
0.425 2 2 2 -4.0 -4.0 -0.572 -0.371 -0.5575 -0.8193 12.29 
0.426 2 2 2 -4.0 -4.0 -0.576 -0.388 -0.5655 -0.8366 12.28 
0.427 2 2 2 -4.0 -4.0 -0.594 -0.398 -0.5655 -0.8366 12.27 
0.428 2 2 2 -4.0 -4.0 -0.524 -0.422 -0.5735 -0.8543 12.27 
0.429 2 2 2 -4.0 -4.0 -0.538 -0.360 -0.5426 -0.8366 12.29 
0.430 2 2 2 -4.0 -4.0 -0.575 -0.350 -0.5498 -0.8543 12.28 
0.431 2 2 2 -4.0 -4.0 -0.582 -0.316 -0.5820 -0.8924 12.29 
0.432 2 2 2 -4.0 -4.0 -0.588 -0.305 -0.5575 -0.8924 12.28 
0.433 2 2 2 -4.0 -4.0 -0.595 -0.346 -0.5655 -0.8924 12.28 
0.434 2 2 2 -4.0 -4.0 -0.579 -0.361 -0.5735 -0.9125 12.29 
0.435 2 2 2 -4.0 -4.0 -0.523 -0.342 -0.5735 -0.9125 12.29 
0.436 2 2 2 -4.0 -4.0 -0.516 -0.314 -0.5820 -0.9338 12.29 
0.437 2 2 2 -4.0 -4.0 -0.524 -0.308 -0.5735 -0.9338 12.29 
0.438 2 2 2 -4.0 -4.0 -0.542 -0.288 -0.5735 -0.9338 12.28 
0.439 2 2 2 -4.0 -4.0 -0.603 -0.290 -0.5820 -0.9338 12.28 
0.440 2 2 2 -4.0 -4.0 -0.513 -0.280 -0.5655 -0.9559 12.28 
0.441 2 2 2 -4.0 -4.0 -0.542 -0.290 -0.5575 -0.9559 12.28 
0.442 2 2 2 -4.0 -4.0 -0.560 -0.277 -0.5575 -0.9559 12.28 
0.443 2 2 2 -4.0 -4.0 -0.560 -0.263 -0.5498 -0.9796 12.28 
0.444 2 2 2 -4.0 -4.0 -0.606 -0.280 -0.5498 -0.9796 12.28 
0.445 2 2 2 -4.0 -4.0 -0.656 -0.297 -0.5575 -0.9796 12.28 
0.446 2 2 2 -4.0 -4.0 -0.565 -0.294 -0.5426 -0.9796 12.29 
0.447 2 2 2 -4.0 -4.0 -0.546 -0.321 -0.5354 -1.0041 12.28 
0.448 2 2 2 -4.0 -4.0 -0.581 -0.330 -0.5498 -0.9796 12.28 
0.449 2 2 2 -4.0 -4.0 -0.576 -0.317 -0.5354 -1.0041 12.28 
0.450 2 2 2 -4.0 -4.0 -0.618 -0.300 -0.5281 -0.9796 12.28 
0.451 2 2 2 -4.0 -4.0 -0.626 -0.305 -0.5426 -1.0041 12.26 
0.452 2 2 2 -4.0 -4.0 -0.555 -0.250 -0.5354 -1.0298 12.28 
0.453 2 2 2 -4.0 -4.0 -0.563 -0.254 -0.5354 -1.0298 12.27 
0.454 2 2 2 -4.0 -4.0 -0.596 -0.252 -0.5426 -1.0041 12.28 
0.455 2 2 2 -4.0 -4.0 -0.601 -0.293 -0.5354 -1.0298 12.26 
0.456 2 2 2 -4.0 -4.0 -0.604 -0.262 -0.5575 -1.0298 12.27 
0.457 2 2 2 -4.0 -4.0 -0.667 -0.285 -0.5426 -1.0298 12.26 
0.458 2 2 2 -4.0 -4.0 -0.552 -0.247 -0.5426 -1.0298 12.26 
0.459 2 2 2 -4.0 -4.0 -0.542 -0.220 -0.5575 -1.0298 12.27 
0.460 2 2 2 -4.0 -4.0 -0.536 -0.213 -0.5904 -1.0567 12.27 
0.461 2 2 2 -4.0 -4.0 -0.559 -0.258 -0.5904 -1.0567 12.28 
0.462 2 2 2 -4.0 -4.0 -0.570 -0.234 -0.5904 -1.0567 12.28 
0.463 2 2 2 -4.0 -4.0 -0.523 -0.216 -0.5904 -1.0567 12.29 
0.464 2 2 2 -4.0 -4.0 -0.522 -0.205 -0.5820 -1.0852 12.29 
0.465 2 2 2 -4.0 -4.0 -0.533 -0.187 -0.6177 -1.0567 12.26 
0.466 2 2 2 -4.0 -4.0 -0.550 -0.204 -0.6085 -1.0567 12.28 
0.467 2 2 2 -4.0 -4.0 -0.558 -0.224 -0.5820 -1.0567 12.28 
0.468 2 2 2 -4.0 -4.0 -0.629 -0.231 -0.5992 -1.0852 12.28 
0.469 2 2 2 -4.0 -4.0 -0.512 -0.205 -0.5904 -1.0567 12.29 
0.470 2 2 2 -4.0 -4.0 -0.509 -0.237 -0.5904 -1.0567 12.28 
0.471 2 2 2 -4.0 -4.0 -0.534 -0.233 -0.5992 -1.0567 12.28 
0.472 2 2 2 -4.0 -4.0 -0.532 -0.203 -0.5820 -1.0852 12.29 
0.473 2 2 2 -4.0 -4.0 -0.568 -0.251 -0.5820 -1.0567 12.28 
0.474 2 2 2 -4.0 -4.0 -0.535 -0.278 -0.5735 -1.0852 12.29 
0.475 2 2 2 -4.0 -4.0 -0.516 -0.232 -0.5655 -1.0852 12.29 
0.476 2 2 2 -4.0 -4.0 -0.560 -0.235 -0.5655 -1.0852 12.28 
0.477 2 2 2 -4.0 -4.0 -0.574 -0.240 -0.5575 -1.0852 12.27 
0.478 2 2 2 -4.0 -4.0 -0.578 -0.214 -0.5498 -1.0852 12.25 
0.479 2 2 2 -4.0 -4.0 -0.639 -0.240 -0.5655 -1.0852 12.27 
0.480 2 2 2 -4.0 -4.0 -0.561 -0.253 -0.5575 -1.0852 12.28 
0.481 2 2 2 -4.0 -4.0 -0.565 -0.231 -0.5498 -1.0852 12.28 
0.482 2 2 2 -4.0 -4.0 -0.580 -0.224 -0.5655 -1.0852 12.28 
0.483 2 2 2 -4.0 -4.0 -0.565 -0.228 -0.5498 -1.0298 12.28 
0.484 2 2 2 -4.0 -4.0 -0.594 -0.232 -0.5354 -1.0852 12.29 
0.485 2 2 2 -4.0 -4.0 -0.629 -0.211 -0.5498 -1.1153 12.27 
0.486 2 2 2 -4.0 -4.0 -0.528 -0.243 -0.5354 -1.1153 12.26 
0.487 2 2 2 -4.0 -4.0 -0.568 -0.216 -0.5498 -1.1153 12.29 
0.488 2 2 2 -4.0 -4.0 -0.576 -0.213 -0.5498 -1.0852 12.29 
0.489 2 2 2 -4.0 -4.0 -0.573 -0.207 -0.5426 -1.1153 12.28 
0.490 2 2 2 -4.0 -4.0 -0.616 -0.194 -0.5575 -1.1153 12.28 
0.491 2 2 2 -4.0 -4.0 -0.664 -0.170 -0.5354 -1.0567 12.29 
0.492 2 2 2 -4.0 -4.0 -0.553 -0.220 -0.5426 -1.1474 12.29 
0.493 2 2 2 -4.0 -4.0 -0.568 -0.183 -0.5575 -1.1153 12.29 
0.494 2 2 2 -4.0 -4.0 -0.542 -0.156 -0.5820 -1.1153 12.29 
0.495 2 2 2 -4.0 -4.0 -0.550 -0.180 -0.5735 -1.1474 12.29 
0.496 2 2 2 -4.0 -4.0 -0.575 -0.167 -0.5904 -1.1153 12.29 
0.497 2 2 2 -4.0 -4.0 -0.523 -0.177 -0.5992 -1.1153 12.29 
0.498 2 2 2 -4.0 -4.0 -0.527 -0.185 -0.5820 -1.1153 12.29 
0.499 2 2 2 -4.0 -4.0 -0.537 -0.170 -0.5904 -1.1153 12.29 
0.500 2 2 2 -4.0 -4.0 -0.567 -0.154 -0.5992 -1.1153 12.29 
0.501 2 2 2 -4.0 -4.0 -0.567 -0.170 -0.5820 -1.1474 12.28 
0.502 2 2 2 -4.0 -4.0 -0.611 -0.176 -0.5992 -1.1153 12.29 
0.503 2 2 3 0.0 0.0 -0.525 -0.176 -0.5904 -1.1474 12.29 
0.504 2 2 3 0.0 0.0 -0.268 -0.125 -0.5904 -1.1474 12.32 
0.505 2 2 3 0.0 0.0 0.061 0.280 -0.5904 -1.1153 12.33 
0.506 2 2 3 0.0 0.0 0.280 0.634 -0.5655 -1.0567 12.33 
0.507 2 2 3 0.0 0.0 0.382 0.689 -0.5213 -1.0852 12.33 
0.508 2 2 3 0.0 0.0 0.409 0.781 -0.5020 -0.9796 12.33 
0.509 2 2 3 0.0 0.0 0.316 0.911 -0.4615 -1.0041 12.33 
0.510 2 2 3 0.0 0.0 0.317 0.818 -0.3896 -0.9559 12.33 
0.511 2 2 3 0.0 0.0 0.337 0.771 -0.3582 -0.9338 12.33 
0.512 2 2 3 0.0 0.0 0.345 0.820 -0.3522 -0.8924 12.33 
0.513 2 2 3 0.0 0.0 0.328 0.870 -0.3213 -0.8366 12.34 
0.514 2 2 3 0.0 0.0 0.314 0.717 -0.2695 -0.8032 12.33 
0.515 2 2 3 0.0 0.0 0.297 0.677 -0.2695 -0.7723 12.33 
0.516 2 2 3 0.0 0.0 0.246 0.740 -0.2181 -0.7575 12.33 
0.517 2 2 3 0.0 0.0 0.209 0.792 -0.2181 -0.7302 12.33 
0.518 2 2 3 0.0 0.0 0.174 0.653 -0.1578 -0.7044 12.33 
0.519 2 2 3 0.0 0.0 0.150 0.611 -0.1578 -0.7044 12.33 
0.520 2 2 3 0.0 0.0 0.120 0.640 -0.1578 -0.6691 12.34 
0.521 2 2 3 0.0 0.0 0.097 0.688 -0.1329 -0.6474 12.33 
0.522 2 2 3 0.0 0.0 0.068 0.690 -0.0996 -0.6085 12.33 
0.523 2 2 3 0.0 0.0 0.048 0.607 -0.0799 -0.5992 12.34 
0.524 2 2 3 0.0 0.0 0.028 0.477 -0.0667 -0.5820 12.34 
0.525 2 2 3 0.0 0.0 0.010 0.488 -0.0570 -0.5426 12.33 
0.526 2 2 3 0.0 0.0 -0.007 0.537 -0.0498 -0.5281 12.33 
0.527 2 2 3 0.0 0.0 -0.010 0.554 -0.0442 -0.5020 12.33 
0.528 2 2 3 0.0 0.0 -0.012 0.546 -0.0398 -0.4615 12.33 
0.529 2 2 3 0.0 0.0 -0.021 0.510 -0.0361 -0.4562 12.33 
0.530 2 2 3 0.0 0.0 0.001 0.403 -0.0333 -0.4317 12.32 
0.531 2 2 3 0.0 0.0 -0.001 0.362 -0.0305 -0.4269 12.33 
0.532 2 2 3 0.0 0.0 -0.004 0.376 -0.0285 -0.3751 12.33 
0.533 2 2 3 0.0 0.0 -0.009 0.395 -0.0265 -0.3751 12.33 
0.534 2 2 3 0.0 0.0 -0.007 0.416 -0.0249 -0.3896 12.33 
0.535 2 2 3 0.0 0.0 -0.002 0.418 -0.0233 -0.3402 12.33 
0.536 2 2 3 0.0 0.0 -0.003 0.403 -0.0221 -0.3113 12.33 
0.537 2 2 3 0.0 0.0 -0.002 0.374 -0.0209 -0.2952 12.34 
0.538 2 2 3 0.0 0.0 -0.012 0.339 -0.0197 -0.2952 12.34 
0.539 2 2 3 0.0 0.0 -0.007 0.274 -0.0189 -0.2952 12.34 
0.540 2 2 3 0.0 0.0 -0.007 0.231 -0.0181 -0.2711 12.34 
0.541 2 2 3 0.0 0.0 -0.010 0.232 -0.0173 -0.2711 12.34 
0.542 2 2 3 0.0 0.0 -0.007 0.244 -0.0165 -0.2827 12.33 
0.543 2 2 3 0.0 0.0 -0.004 0.266 -0.0157 -0.2321 12.34 
0.544 2 2 3 0.0 0.0 -0.005 0.276 -0.0153 -0.2321 12.34 
0.545 2 2 3 0.0 0.0 -0.004 0.273 -0.0149 -0.2293 12.33 
0.546 2 2 3 0.0 0.0 -0.001 0.263 -0.0141 -0.2293 12.34 
0.547 2 2 3 0.0 0.0 0.003 0.257 -0.0137 -0.1920 12.34 
0.548 2 2 3 0.0 0.0 -0.003 0.246 -0.0133 -0.1920 12.34 
0.549 2 2 3 0.0 0.0 -0.009 0.240 -0.0129 -0.1831 12.34 
0.550 2 2 3 0.0 0.0 -0.008 0.223 -0.0125 -0.1831 12.34 
0.551 2 2 3 0.0 0.0 0.006 0.194 -0.0120 -0.1831 12.34 
0.552 2 2 3 0.0 0.0 -0.001 0.175 -0.0116 -0.1550 12.34 
0.553 2 2 3 0.0 0.0 -0.018 0.162 -0.0112 -0.1550 12.34 
0.554 2 2 3 0.0 0.0 -0.011 0.147 -0.0108 -0.1550 12.34 
0.555 2 2 3 0.0 0.0 -0.001 0.133 -0.0108 -0.1426 12.34 
0.556 2 2 3 0.0 0.0 0.006 0.112 -0.0104 -0.1426 12.34 
0.557 2 2 3 0.0 0.0 -0.001 0.120 -0.0100 -0.1426 12.34 
0.558 2 2 3 0.0 0.0 0.002 0.122 -0.0096 -0.1289 12.33 
0.559 2 2 3 0.0 0.0 -0.006 0.122 -0.0096 -0.1289 12.34 
0.560 2 2 3 0.0 0.0 0.001 0.110 -0.0092 -0.1289 12.34 
0.561 2 2 3 0.0 0.0 0.000 0.113 -0.0092 -0.1165 12.33 
0.562 2 2 3 0.0 0.0 0.001 0.108 -0.0088 -0.1165 12.34 
0.563 2 2 3 0.0 0.0 0.001 0.094 -0.0088 -0.1165 12.33 
0.564 2 2 3 0.0 0.0 0.006 0.108 -0.0084 -0.1165 12.33 
0.565 2 2 3 0.0 0.0 -0.002 0.104 -0.0084 -0.0956 12.33 
0.566 2 2 3 0.0 0.0 -0.008 0.096 -0.0080 -0.0771 12.34 
0.567 2 2 3 0.0 0.0 -0.013 0.094 -0.0080 -0.0735 12.33 
0.568 2 2 3 0.0 0.0 -0.014 0.076 -0.0076 -0.0735 12.33 
0.569 2 2 3 0.0 0.0 -0.009 0.074 -0.0076 -0.0735 12.33 
0.570 2 2 3 0.0 0.0 -0.002 0.073 -0.0076 -0.0735 12.33 
0.571 2 2 3 0.0 0.0 0.003 0.071 -0.0072 -0.0735 12.34 
0.572 2 2 3 0.0 0.0 0.006 0.064 -0.0072 -0.0699 12.34 
0.573 2 2 3 0.0 0.0 -0.002 0.056 -0.0072 -0.0594 12.34 
0.574 2 2 3 0.0 0.0 -0.001 0.044 -0.0068 -0.0518 12.34 
0.575 2 2 3 0.0 0.0 0.003 0.046 -0.0068 -0.0458 12.34 
0.576 2 2 3 0.0 0.0 0.003 0.045 -0.0068 -0.0410 12.33 
0.577 2 2 3 0.0 0.0 0.001 0.040 -0.0064 -0.0374 12.33 
0.578 2 2 3 0.0 0.0 0.008 0.027 -0.0064 -0.0341 12.34 
0.579 2 2 3 0.0 0.0 0.000 0.025 -0.0064 -0.0325 12.34 
0.580 2 2 3 0.0 0.0 0.003 0.015 -0.0064 -0.0325 12.34 
0.581 2 2 3 0.0 0.0 -0.004 0.014 -0.0060 -0.0325 12.34 
0.582 2 2 3 0.0 0.0 0.003 0.012 -0.0060 -0.0325 12.34 
0.583 2 2 3 0.0 0.0 0.001 0.019 -0.0060 -0.0325 12.34 
0.584 2 2 3 0.0 0.0 0.002 0.011 -0.0060 -0.0325 12.34 
0.585 2 2 3 0.0 0.0 -0.003 0.012 -0.0056 -0.0325 12.33 
0.586 2 2 3 0.0 0.0 0.003 0.002 -0.0056 -0.0325 12.34 
0.587 2 2 3 0.0 0.0 -0.002 0.008 -0.0056 -0.0325 12.34 
0.588 2 2 3 0.0 0.0 -0.005 0.005 -0.0056 -0.0325 12.34 
0.589 2 2 3 0.0 0.0 -0.003 0.001 -0.0056 -0.0325 12.34 
0.590 2 2 3 0.0 0.0 -0.005 0.000 -0.0052 -0.0325 12.34 
0.591 2 2 3 0.0 0.0 0.004 -0.007 -0.0052 -0.0321 12.34 
0.592 2 2 3 0.0 0.0 -0.004 -0.008 -0.0052 -0.0297 12.34 
0.593 2 2 3 0.0 0.0 -0.002 -0.002 -0.0052 -0.0277 12.34 
0.594 2 2 3 0.0 0.0 0.001 -0.008 -0.0052 -0.0257 12.34 
0.595 2 2 3 0.0 0.0 -0.003 -0.005 -0.0048 -0.0241 12.34 
0.596 2 2 3 0.0 0.0 0.002 -0.008 -0.0048 -0.0229 12.34 
0.597 2 2 3 0.0 0.0 -0.004 -0.002 -0.0048 -0.0217 12.34 
0.598 2 2 3 0.0 0.0 -0.007 -0.008 -0.0048 -0.0205 12.34 
0.599 2 2 3 0.0 0.0 -0.008 0.004 -0.0048 -0.0193 12.34 
0.600 2 2 3 0.0 0.0 -0.002 0.005 -0.0048 -0.0185 12.34 
0.601 2 2 3 0.0 0.0 0.002 0.000 -0.0048 -0.0177 12.34 
0.602 2 2 3 0.0 0.0 -0.008 -0.002 -0.0044 -0.0169 12.34 
0.603 2 2 3 0.0 0.0 0.000 0.007 -0.0044 -0.0161 12.34 
0.604 2 2 3 0.0 0.0 -0.004 0.007 -0.0044 -0.0157 12.34 
0.605 2 2 3 0.0 0.0 -0.002 0.008 -0.0044 -0.0149 12.34 
0.606 2 2 3 0.0 0.0 -0.004 0.004 -0.0044 -0.0145 12.34 
0.607 2 2 3 0.0 0.0 -0.002 -0.002 -0.0044 -0.0141 12.34 
0.608 2 2 3 0.0 0.0 0.005 -0.007 -0.0044 -0.0133 12.34 
0.609 2 2 3 0.0 0.0 -0.002 0.001 -0.0040 -0.0129 12.34 
0.610 2 2 3 0.0 0.0 -0.010 -0.005 -0.0040 -0.0125 12.34 
0.611 2 2 3 0.0 0.0 0.007 -0.019 -0.0040 -0.0120 12.34 
0.612 2 2 3 0.0 0.0 0.003 -0.017 -0.0040 -0.0116 12.34 
0.613 2 2 3 0.0 0.0 0.002 -0.018 -0.0040 -0.0116 12.34 
0.614 2 2 3 0.0 0.0 -0.004 -0.011 -0.0040 -0.0112 12.34 
0.615 2 2 3 0.0 0.0 -0.002 -0.017 -0.0040 -0.0108 12.34 
0.616 2 2 3 0.0 0.0 -0.006 -0.010 -0.0040 -0.0104 12.34 
0.617 2 2 3 0.0 0.0 0.000 -0.000 -0.0040 -0.0100 12.34 
0.618 2 2 3 0.0 0.0 0.005 -0.011 -0.0036 -0.0100 12.34 
0.619 2 2 3 0.0 0.0 -0.005 -0.000 -0.0036 -0.0096 12.34 
0.620 2 2 3 0.0 0.0 0.000 0.006 -0.0036 -0.0096 12.34 
0.621 2 2 3 0.0 0.0 -0.001 -0.001 -0.0036 -0.0092 12.34 
0.622 2 2 3 0.0 0.0 0.005 0.002 -0.0036 -0.0088 12.34 
0.623 2 2 3 0.0 0.0 0.007 -0.004 -0.0036 -0.0088 12.34 
0.624 2 2 3 0.0 0.0 0.004 -0.006 -0.0036 -0.0084 12.34 
0.625 2 2 3 0.0 0.0 0.001 -0.004 -0.0036 -0.0084 12.34 
0.626 2 2 3 0.0 0.0 -0.002 -0.000 -0.0036 -0.0084 12.34 
0.627 2 2 3 0.0 0.0 0.005 -0.004 -0.0036 -0.0080 12.34 
0.628 2 2 3 0.0 0.0 -0.003 -0.004 -0.0036 -0.0080 12.34 
0.629 2 2 3 0.0 0.0 0.002 -0.005 -0.0036 -0.0076 12.34 
0.630 2 2 3 0.0 0.0 0.001 -0.001 -0.0032 -0.0076 12.33 
0.631 2 2 3 0.0 0.0 0.006 0.001 -0.0032 -0.0076 12.34 
0.632 2 2 3 0.0 0.0 -0.002 -0.002 -0.0032 -0.0072 12.34 
0.633 2 2 3 0.0 0.0 0.025 -0.013 -0.0032 -0.0072 12.32 
0.634 2 2 3 0.0 0.0 0.006 0.000 -0.0032 -0.0072 12.33 
0.635 2 2 3 0.0 0.0 0.004 -0.000 -0.0032 -0.0068 12.34 
0.636 2 2 3 0.0 0.0 -0.002 0.004 -0.0032 -0.0068 12.34 
0.637 2 2 3 0.0 0.0 -0.002 0.005 -0.0032 -0.0068 12.34 
0.638 2 2 3 0.0 0.0 -0.006 -0.003 -0.0032 -0.0064 12.34 
0.639 2 2 3 0.0 0.0 0.003 -0.004 -0.0032 -0.0064 12.34 
0.640 2 2 3 0.0 0.0 0.002 -0.008 -0.0032 -0.0064 12.34 
0.641 2 2 3 0.0 0.0 -0.004 -0.013 -0.0032 -0.0064 12.34 
0.642 2 2 3 0.0 0.0 -0.001 -0.011 -0.0032 -0.0060 12.34 
0.643 2 2 3 0.0 0.0 0.006 -0.002 -0.0028 -0.0060 12.34 
0.644 2 2 3 0.0 0.0 0.011 0.000 -0.0028 -0.0060 12.34 
0.645 2 2 3 0.0 0.0 0.002 -0.000 -0.0028 -0.0060 12.33 
0.646 2 2 3 0.0 0.0 0.004 -0.002 -0.0028 -0.0056 12.34 
0.647 2 2 3 0.0 0.0 0.008 -0.003 -0.0028 -0.0056 12.34 
0.648 2 2 3 0.0 0.0 0.004 0.005 -0.0028 -0.0056 12.34 
0.649 2 2 3 0.0 0.0 0.012 -0.000 -0.0028 -0.0056 12.34 
0.650 2 2 3 0.0 0.0 0.004 -0.010 -0.0028 -0.0052 12.34 
0.651 2 2 3 0.0 0.0 0.002 0.009 -0.0028 -0.0052 12.34 
0.652 2 2 3 0.0 0.0 -0.002 0.011 -0.0028 -0.0052 12.34 
0.653 2 2 3 0.0 0.0 -0.009 -0.000 -0.0028 -0.0052 12.34 
0.654 2 2 3 0.0 0.0 -0.012 0.002 -0.0028 -0.0052 12.34 
0.655 2 2 3 0.0 0.0 -0.007 -0.010 -0.0028 -0.0052 12.34 
0.656 2 2 3 0.0 0.0 -0.011 -0.000 -0.0028 -0.0048 12.34 
0.657 2 2 3 0.0 0.0 -0.007 0.000 -0.0028 -0.0048 12.34 
0.658 2 2 3 0.0 0.0 -0.006 0.001 -0.0028 -0.0048 12.34 
0.659 2 2 3 0.0 0.0 0.001 -0.004 -0.0028 -0.0048 12.34 
0.660 2 2 3 0.0 0.0 0.002 -0.004 -0.0028 -0.0048 12.34 
0.661 2 2 3 0.0 0.0 -0.002 -0.009 -0.0024 -0.0048 12.34 
0.662 2 2 3 0.0 0.0 0.002 -0.001 -0.0024 -0.0044 12.34 
0.663 2 2 3 0.0 0.0 0.008 -0.012 -0.0024 -0.0044 12.35 
0.664 2 2 3 0.0 0.0 0.008 -0.003 -0.0024 -0.0044 12.35 
0.665 2 2 3 0.0 0.0 0.007 -0.008 -0.0024 -0.0044 12.34 
