%% logfile from robot Ida (3)
% Ida (3)
%  1    time 0.000 sec
%  2  3  4   (mission 0), state 2, thread 2, line 0
%  5  6 Motor voltage [V] left, right: 2.0 2.0
%  7  8 Motor current left, right [A]: -0.016 -0.012
%  9 10 Wheel velocity [m/s] left, right: -0.0000 -0.0000
% 11    Battery voltage [V]: 11.47
0.001 2 2 0 2.0 2.0 0.042 0.001 -0.0000 -0.0000 11.46 
0.002 2 2 0 2.0 2.0 0.231 0.145 -0.0000 -0.0000 11.46 
0.003 2 2 0 2.0 2.0 0.354 0.308 -0.0000 -0.0000 11.46 
0.004 2 2 0 2.0 2.0 0.410 0.385 -0.0000 -0.0000 11.46 
0.005 2 2 0 2.0 2.0 0.392 0.441 0.0000 -0.0000 11.46 
0.006 2 2 0 2.0 2.0 0.348 0.471 0.0000 -0.0000 11.46 
0.007 2 2 0 2.0 2.0 0.324 0.471 0.0000 -0.0000 11.46 
0.008 2 2 0 2.0 2.0 0.336 0.475 0.0000 0.0000 11.46 
0.009 2 2 0 2.0 2.0 0.314 0.449 0.0000 0.0000 11.46 
0.010 2 2 0 2.0 2.0 0.350 0.444 0.0000 0.0000 11.46 
0.011 2 2 0 2.0 2.0 0.453 0.337 0.0000 0.0000 11.46 
0.012 2 2 0 2.0 2.0 0.408 0.340 0.0635 0.0936 11.46 
0.013 2 2 0 2.0 2.0 0.354 0.381 0.0635 0.0936 11.45 
0.014 2 2 0 2.0 2.0 0.350 0.378 0.0635 0.0936 11.45 
0.015 2 2 0 2.0 2.0 0.324 0.353 0.1060 0.1578 11.46 
0.016 2 2 0 2.0 2.0 0.335 0.345 0.1060 0.1578 11.45 
0.017 2 2 0 2.0 2.0 0.329 0.342 0.1060 0.1831 11.45 
0.018 2 2 0 2.0 2.0 0.325 0.324 0.1374 0.1831 11.46 
0.019 2 2 0 2.0 2.0 0.330 0.339 0.1374 0.2008 11.46 
0.020 2 2 0 2.0 2.0 0.329 0.328 0.1374 0.2008 11.46 
0.021 2 2 0 2.0 2.0 0.337 0.277 0.1514 0.1807 11.46 
0.022 2 2 0 2.0 2.0 0.330 0.270 0.1514 0.1807 11.46 
0.023 2 2 0 2.0 2.0 0.315 0.272 0.1856 0.2293 11.46 
0.024 2 2 0 2.0 2.0 0.321 0.275 0.1856 0.2293 11.46 
0.025 2 2 0 2.0 2.0 0.318 0.271 0.2113 0.2293 11.46 
0.026 2 2 0 2.0 2.0 0.309 0.256 0.2113 0.2538 11.46 
0.027 2 2 0 2.0 2.0 0.298 0.253 0.2293 0.2538 11.46 
0.028 2 2 0 2.0 2.0 0.288 0.226 0.2293 0.2205 11.46 
0.029 2 2 0 2.0 2.0 0.288 0.228 0.2333 0.2767 11.46 
0.030 2 2 0 2.0 2.0 0.250 0.239 0.2446 0.2767 11.46 
0.031 2 2 0 2.0 2.0 0.230 0.228 0.2446 0.2711 11.46 
0.032 2 2 0 2.0 2.0 0.233 0.228 0.2402 0.2908 11.46 
0.033 2 2 0 2.0 2.0 0.251 0.232 0.2639 0.2908 11.46 
0.034 2 2 0 2.0 2.0 0.241 0.255 0.2639 0.2434 11.45 
0.035 2 2 0 2.0 2.0 0.260 0.273 0.2675 0.3088 11.46 
0.036 2 2 0 2.0 2.0 0.235 0.252 0.2747 0.3088 11.46 
0.037 2 2 0 2.0 2.0 0.225 0.230 0.2747 0.3088 11.46 
0.038 2 2 0 2.0 2.0 0.209 0.238 0.3040 0.3213 11.46 
0.039 2 2 0 2.0 2.0 0.215 0.235 0.2996 0.2787 11.46 
0.040 2 2 0 2.0 2.0 0.219 0.221 0.2952 0.3430 11.46 
0.041 2 2 0 2.0 2.0 0.209 0.225 0.2952 0.3490 11.46 
0.042 2 2 0 2.0 2.0 0.197 0.244 0.3088 0.3490 11.46 
0.043 2 2 0 2.0 2.0 0.185 0.237 0.3040 0.3550 11.46 
0.044 2 2 0 2.0 2.0 0.193 0.193 0.3237 0.3040 11.46 
0.045 2 2 0 2.0 2.0 0.194 0.200 0.3237 0.3683 11.46 
0.046 2 2 0 2.0 2.0 0.183 0.197 0.3237 0.3522 11.46 
0.047 2 2 0 2.0 2.0 0.190 0.177 0.3346 0.3751 11.46 
0.048 2 2 0 2.0 2.0 0.185 0.169 0.3040 0.3213 11.46 
0.049 2 2 0 2.0 2.0 0.195 0.172 0.3522 0.3016 11.46 
0.050 2 2 0 2.0 2.0 0.217 0.157 0.3751 0.3896 11.46 
0.051 2 2 0 2.0 2.0 0.206 0.140 0.3615 0.4016 11.46 
0.052 2 2 0 2.0 2.0 0.191 0.136 0.3402 0.3860 11.46 
0.053 2 2 0 2.0 2.0 0.164 0.166 0.3402 0.3213 11.47 
0.054 2 2 0 2.0 2.0 0.161 0.162 0.3651 0.3896 11.47 
0.055 2 2 0 2.0 2.0 0.161 0.167 0.3402 0.3582 11.46 
0.056 2 2 0 2.0 2.0 0.171 0.165 0.3651 0.3976 11.46 
0.057 2 2 0 2.0 2.0 0.182 0.148 0.3787 0.3462 11.46 
0.058 2 2 0 2.0 2.0 0.181 0.169 0.3787 0.3751 11.46 
0.059 2 2 0 2.0 2.0 0.174 0.167 0.3651 0.4016 11.46 
0.060 2 2 0 2.0 2.0 0.141 0.172 0.3823 0.4097 11.45 
0.061 2 2 0 2.0 2.0 0.167 0.164 0.3787 0.3582 11.46 
0.062 2 2 0 2.0 2.0 0.141 0.160 0.3936 0.3896 11.45 
0.063 2 2 0 2.0 2.0 0.135 0.151 0.3683 0.3683 11.46 
0.064 2 2 0 2.0 2.0 0.143 0.126 0.3936 0.3976 11.46 
0.065 2 2 0 2.0 2.0 0.182 0.151 0.4016 0.3936 11.46 
0.066 2 2 0 2.0 2.0 0.201 0.159 0.4056 0.4137 11.46 
0.067 2 2 0 2.0 2.0 0.194 0.146 0.3751 0.3787 11.46 
0.068 2 2 0 2.0 2.0 0.159 0.134 0.3936 0.4056 11.46 
0.069 2 2 0 2.0 2.0 0.143 0.140 0.4097 0.4137 11.46 
0.070 2 2 0 2.0 2.0 0.160 0.163 0.4137 0.4317 11.46 
0.071 2 2 0 2.0 2.0 0.145 0.170 0.4016 0.4225 11.46 
0.072 2 2 0 2.0 2.0 0.136 0.157 0.4097 0.4362 11.46 
0.073 2 2 0 2.0 2.0 0.109 0.145 0.4269 0.3715 11.46 
0.074 2 2 0 2.0 2.0 0.124 0.137 0.4317 0.4137 11.46 
0.075 2 2 0 2.0 2.0 0.119 0.161 0.4225 0.4362 11.46 
0.076 2 2 0 2.0 2.0 0.136 0.170 0.4269 0.4137 11.46 
0.077 2 2 0 2.0 2.0 0.146 0.147 0.4269 0.4225 11.46 
0.078 2 2 0 2.0 2.0 0.139 0.117 0.4317 0.4317 11.46 
0.079 2 2 0 2.0 2.0 0.127 0.084 0.4016 0.4462 11.46 
0.080 2 2 0 2.0 2.0 0.124 0.081 0.4137 0.3896 11.46 
0.081 2 2 0 2.0 2.0 0.145 0.083 0.4225 0.4269 11.46 
0.082 2 2 0 2.0 2.0 0.170 0.102 0.4317 0.4362 11.46 
0.083 2 2 0 2.0 2.0 0.160 0.102 0.4410 0.4510 11.46 
0.084 2 2 0 2.0 2.0 0.133 0.125 0.4317 0.3860 11.46 
0.085 2 2 0 2.0 2.0 0.119 0.122 0.4410 0.4269 11.46 
0.086 2 2 0 2.0 2.0 0.113 0.091 0.4410 0.4615 11.46 
0.087 2 2 0 2.0 2.0 0.112 0.122 0.4462 0.3976 11.46 
0.088 2 2 0 2.0 2.0 0.111 0.096 0.4615 0.4362 11.47 
0.089 2 2 0 2.0 2.0 0.129 0.123 0.4615 0.4615 11.47 
0.090 2 2 0 2.0 2.0 0.127 0.161 0.4510 0.4723 11.47 
0.091 2 2 0 2.0 2.0 0.167 0.145 0.4510 0.4410 11.47 
0.092 2 2 0 2.0 2.0 0.142 0.142 0.4562 0.4667 11.46 
0.093 2 2 0 2.0 2.0 0.104 0.113 0.4562 0.4779 11.46 
0.094 2 2 0 2.0 2.0 0.099 0.103 0.4615 0.3936 11.47 
0.095 2 2 0 2.0 2.0 0.106 0.099 0.4362 0.4410 11.46 
0.096 2 2 0 2.0 2.0 0.131 0.089 0.4562 0.4723 11.46 
0.097 2 2 0 2.0 2.0 0.146 0.091 0.4779 0.4836 11.46 
0.098 2 2 0 2.0 2.0 0.128 0.092 0.4510 0.4462 11.46 
0.099 2 2 0 2.0 2.0 0.113 0.104 0.4723 0.4723 11.46 
0.100 2 2 0 2.0 2.0 0.096 0.089 0.4615 0.4836 11.46 
0.101 2 2 0 2.0 2.0 0.094 0.102 0.4667 0.4615 11.46 
0.102 2 2 0 2.0 2.0 0.110 0.101 0.4779 0.4836 11.46 
0.103 2 2 0 2.0 2.0 0.132 0.119 0.4836 0.5081 11.46 
0.104 2 2 0 2.0 2.0 0.125 0.105 0.4779 0.4462 11.46 
0.105 2 2 0 2.0 2.0 0.113 0.096 0.4779 0.4896 11.46 
0.106 2 2 0 2.0 2.0 0.108 0.077 0.4836 0.4667 11.46 
0.107 2 2 0 2.0 2.0 0.095 0.066 0.4723 0.4896 11.47 
0.108 2 2 0 2.0 2.0 0.100 0.074 0.4836 0.4779 11.46 
0.109 2 2 0 2.0 2.0 0.103 0.103 0.4896 0.4615 11.46 
0.110 2 2 0 2.0 2.0 0.125 0.099 0.4723 0.4956 11.46 
0.111 2 2 0 2.0 2.0 0.108 0.086 0.4836 0.4896 11.46 
0.112 2 2 0 2.0 2.0 0.106 0.090 0.4956 0.5081 11.46 
0.113 2 2 0 2.0 2.0 0.081 0.091 0.4956 0.4896 11.46 
0.114 2 2 0 2.0 2.0 0.204 0.028 0.4896 0.4615 11.46 
0.115 2 2 0 2.0 2.0 0.126 0.049 0.5020 0.4896 11.46 
0.116 2 2 0 2.0 2.0 0.106 0.083 0.5020 0.5020 11.46 
0.117 2 2 0 2.0 2.0 0.089 0.119 0.4896 0.5149 11.46 
0.118 2 2 0 2.0 2.0 0.093 0.108 0.4956 0.4667 11.46 
0.119 2 2 0 2.0 2.0 0.095 0.106 0.5020 0.4956 11.46 
0.120 2 2 0 2.0 2.0 0.085 0.112 0.4836 0.5081 11.46 
0.121 2 2 0 2.0 2.0 0.085 0.070 0.4956 0.4667 11.46 
0.122 2 2 0 2.0 2.0 0.102 0.078 0.5020 0.4956 11.46 
0.123 2 2 0 2.0 2.0 0.118 0.090 0.5081 0.5081 11.46 
0.124 2 2 0 2.0 2.0 0.117 0.085 0.5081 0.4615 11.46 
0.125 2 2 0 2.0 2.0 0.095 0.069 0.4956 0.4956 11.47 
0.126 2 2 0 2.0 2.0 0.078 0.063 0.5020 0.5020 11.46 
0.127 2 2 0 2.0 2.0 0.079 0.066 0.5020 0.4723 11.46 
0.128 2 2 0 2.0 2.0 0.086 0.101 0.5149 0.5020 11.46 
0.129 2 2 0 2.0 2.0 0.104 0.087 0.5149 0.5149 11.46 
0.130 2 2 0 2.0 2.0 0.106 0.125 0.5020 0.5213 11.46 
0.131 2 2 0 2.0 2.0 0.107 0.090 0.4956 0.4779 11.46 
0.132 2 2 0 2.0 2.0 0.102 0.074 0.5020 0.5020 11.46 
0.133 2 2 0 2.0 2.0 0.099 0.054 0.5020 0.5149 11.46 
0.134 2 2 0 2.0 2.0 0.087 0.073 0.5081 0.4667 11.46 
0.135 2 2 0 2.0 2.0 0.098 0.088 0.4956 0.5020 11.46 
0.136 2 2 0 2.0 2.0 0.120 0.095 0.5213 0.5281 11.45 
0.137 2 2 0 2.0 2.0 0.098 0.079 0.5213 0.4836 11.46 
0.138 2 2 0 2.0 2.0 0.084 0.087 0.5020 0.5081 11.46 
0.139 2 2 0 2.0 2.0 0.078 0.105 0.4956 0.5020 11.46 
0.140 2 2 0 2.0 2.0 0.075 0.096 0.5020 0.4896 11.46 
0.141 2 2 0 2.0 2.0 0.082 0.111 0.5149 0.5149 11.45 
0.142 2 2 0 2.0 2.0 0.096 0.099 0.5081 0.5354 11.45 
0.143 2 2 0 2.0 2.0 0.096 0.086 0.5149 0.5020 11.47 
0.144 2 2 0 2.0 2.0 0.093 0.096 0.5149 0.5213 11.46 
0.145 2 2 0 2.0 2.0 0.086 0.107 0.5213 0.4956 11.46 
0.146 2 2 0 2.0 2.0 0.072 0.077 0.5149 0.5213 11.46 
0.147 2 2 0 2.0 2.0 0.077 0.084 0.5213 0.5281 11.46 
0.148 2 2 0 2.0 2.0 0.094 0.071 0.5213 0.4956 11.46 
0.149 2 2 0 2.0 2.0 0.105 0.053 0.5020 0.5213 11.46 
0.150 2 2 0 2.0 2.0 0.097 0.070 0.5213 0.5354 11.46 
0.151 2 2 0 2.0 2.0 0.080 0.092 0.5281 0.5213 11.46 
0.152 2 2 0 2.0 2.0 0.071 0.100 0.5149 0.5281 11.46 
0.153 2 2 0 2.0 2.0 0.066 0.107 0.5354 0.4836 11.46 
0.154 2 2 0 2.0 2.0 0.082 0.108 0.5354 0.5354 11.45 
0.155 2 2 0 2.0 2.0 0.084 0.110 0.5213 0.5426 11.45 
0.156 2 2 0 2.0 2.0 0.078 0.104 0.5213 0.4956 11.46 
0.157 2 2 0 2.0 2.0 0.073 0.088 0.5281 0.5213 11.46 
0.158 2 2 0 2.0 2.0 0.064 0.053 0.5081 0.5354 11.46 
0.159 2 2 0 2.0 2.0 0.066 0.059 0.5149 0.4896 11.46 
0.160 2 2 0 2.0 2.0 0.075 0.072 0.5281 0.5213 11.46 
0.161 2 2 0 2.0 2.0 0.106 0.076 0.5281 0.5281 11.46 
0.162 2 2 0 2.0 2.0 0.101 0.065 0.5281 0.4836 11.46 
0.163 2 2 0 2.0 2.0 0.083 0.088 0.5281 0.5149 11.45 
0.164 2 2 0 2.0 2.0 0.065 0.058 0.5281 0.5213 11.46 
0.165 2 2 0 2.0 2.0 0.067 0.084 0.5281 0.4896 11.45 
0.166 2 2 0 2.0 2.0 0.081 0.073 0.5426 0.5149 11.45 
0.167 2 2 0 2.0 2.0 0.099 0.110 0.5281 0.5281 11.45 
0.168 2 2 0 2.0 2.0 0.099 0.131 0.5281 0.4896 11.45 
0.169 2 2 0 2.0 2.0 0.085 0.106 0.5213 0.5213 11.46 
0.170 2 2 0 2.0 2.0 0.082 0.093 0.5354 0.5213 11.45 
0.171 2 2 0 2.0 2.0 0.074 0.072 0.5281 0.5354 11.45 
0.172 2 2 0 2.0 2.0 0.080 0.083 0.4956 0.5149 11.45 
0.173 2 2 0 2.0 2.0 0.107 0.054 0.5354 0.5354 11.46 
0.174 2 2 0 2.0 2.0 0.105 0.043 0.5281 0.5426 11.45 
0.175 2 2 0 2.0 2.0 0.086 0.057 0.5149 0.5281 11.46 
0.176 2 2 0 2.0 2.0 0.067 0.065 0.5213 0.5213 11.46 
0.177 2 2 0 2.0 2.0 0.066 0.090 0.5149 0.5354 11.46 
0.178 2 2 0 2.0 2.0 0.073 0.090 0.5281 0.5081 11.45 
0.179 2 2 0 2.0 2.0 0.088 0.109 0.5281 0.5575 11.46 
0.180 2 2 0 2.0 2.0 0.094 0.120 0.5213 0.5575 11.46 
0.181 2 2 0 2.0 2.0 0.084 0.094 0.5213 0.5213 11.46 
0.182 2 2 0 2.0 2.0 0.081 0.093 0.5281 0.5149 11.45 
0.183 2 2 0 2.0 2.0 0.076 0.062 0.5213 0.5354 11.46 
0.184 2 2 0 2.0 2.0 0.074 0.058 0.5213 0.5213 11.45 
0.185 2 2 0 2.0 2.0 0.095 0.054 0.5281 0.5081 11.45 
0.186 2 2 0 2.0 2.0 0.111 0.050 0.5081 0.5354 11.45 
0.187 2 2 0 2.0 2.0 0.098 0.081 0.5281 0.5281 11.46 
0.188 2 2 0 2.0 2.0 0.075 0.088 0.5354 0.5281 11.45 
0.189 2 2 0 2.0 2.0 0.068 0.078 0.5281 0.5426 11.46 
0.190 2 2 0 2.0 2.0 0.063 0.098 0.5426 0.4956 11.46 
0.191 2 2 0 2.0 2.0 0.068 0.096 0.5426 0.5426 11.46 
0.192 2 2 0 2.0 2.0 0.071 0.103 0.5281 0.5498 11.46 
0.193 2 2 0 2.0 2.0 0.065 0.123 0.5354 0.5020 11.46 
0.194 2 2 0 2.0 2.0 0.063 0.084 0.5426 0.5281 11.46 
0.195 2 2 0 2.0 2.0 0.065 0.058 0.5213 0.5426 11.46 
0.196 2 2 0 2.0 2.0 0.067 0.050 0.5354 0.5020 11.46 
0.197 2 2 0 2.0 2.0 0.081 0.033 0.5426 0.5281 11.46 
0.198 2 2 0 2.0 2.0 0.109 0.059 0.5426 0.5426 11.45 
0.199 2 2 0 2.0 2.0 0.090 0.072 0.5281 0.4956 11.45 
0.200 2 2 0 2.0 2.0 0.075 0.048 0.5354 0.5281 11.45 
0.201 2 2 1 4.0 4.0 0.064 0.043 0.5354 0.5426 11.45 
0.202 2 2 1 4.0 4.0 0.119 0.084 0.5575 0.5020 11.44 
0.203 2 2 1 4.0 4.0 0.310 0.238 0.5575 0.5281 11.44 
0.204 2 2 1 4.0 4.0 0.400 0.442 0.5498 0.5655 11.43 
0.205 2 2 1 4.0 4.0 0.440 0.507 0.5498 0.5281 11.43 
0.206 2 2 1 4.0 4.0 0.467 0.508 0.5735 0.5655 11.43 
0.207 2 2 1 4.0 4.0 0.482 0.525 0.5904 0.5992 11.43 
0.208 2 2 1 4.0 4.0 0.495 0.512 0.5735 0.5498 11.42 
0.209 2 2 1 4.0 4.0 0.523 0.486 0.6273 0.6374 11.42 
0.210 2 2 1 4.0 4.0 0.444 0.393 0.6374 0.6085 11.43 
0.211 2 2 1 4.0 4.0 0.406 0.385 0.6374 0.6474 11.43 
0.212 2 2 1 4.0 4.0 0.400 0.411 0.6474 0.6583 11.42 
0.213 2 2 1 4.0 4.0 0.401 0.459 0.6691 0.6374 11.42 
0.214 2 2 1 4.0 4.0 0.444 0.479 0.6691 0.7044 11.42 
0.215 2 2 1 4.0 4.0 0.391 0.494 0.6804 0.6691 11.43 
0.216 2 2 1 4.0 4.0 0.498 0.357 0.6924 0.6691 11.42 
0.217 2 2 1 4.0 4.0 0.415 0.320 0.6924 0.7169 11.43 
0.218 2 2 1 4.0 4.0 0.411 0.369 0.7169 0.7434 11.43 
0.219 2 2 1 4.0 4.0 0.414 0.411 0.7169 0.7434 11.43 
0.220 2 2 1 4.0 4.0 0.359 0.374 0.7434 0.7723 11.43 
0.221 2 2 1 4.0 4.0 0.329 0.383 0.7434 0.7723 11.43 
0.222 2 2 1 4.0 4.0 0.325 0.406 0.7723 0.7044 11.43 
0.223 2 2 1 4.0 4.0 0.330 0.415 0.7723 0.7723 11.43 
0.224 2 2 1 4.0 4.0 0.314 0.427 0.7723 0.7302 11.42 
0.225 2 2 1 4.0 4.0 0.323 0.377 0.7575 0.7723 11.43 
0.226 2 2 1 4.0 4.0 0.330 0.321 0.7872 0.7434 11.43 
0.227 2 2 1 4.0 4.0 0.370 0.321 0.8032 0.7872 11.43 
0.228 2 2 1 4.0 4.0 0.327 0.321 0.7872 0.7575 11.43 
0.229 2 2 1 4.0 4.0 0.288 0.290 0.8193 0.8032 11.44 
0.230 2 2 1 4.0 4.0 0.281 0.304 0.8366 0.7723 11.44 
0.231 2 2 1 4.0 4.0 0.303 0.321 0.8193 0.8366 11.44 
0.232 2 2 1 4.0 4.0 0.296 0.339 0.8193 0.8366 11.39 
0.233 2 2 1 4.0 4.0 0.294 0.316 0.8543 0.8727 11.43 
0.234 2 2 1 4.0 4.0 0.302 0.301 0.8193 0.8366 11.43 
0.235 2 2 1 4.0 4.0 0.312 0.249 0.8727 0.8727 11.44 
0.236 2 2 1 4.0 4.0 0.264 0.214 0.8924 0.8543 11.44 
0.237 2 2 1 4.0 4.0 0.243 0.210 0.8924 0.8727 11.44 
0.238 2 2 1 4.0 4.0 0.250 0.248 0.9125 0.8727 11.44 
0.239 2 2 1 4.0 4.0 0.270 0.297 0.9125 0.8543 11.43 
0.240 2 2 1 4.0 4.0 0.247 0.298 0.9125 0.8727 11.43 
0.241 2 2 1 4.0 4.0 0.236 0.267 0.9125 0.8924 11.44 
0.242 2 2 1 4.0 4.0 0.270 0.248 0.9125 0.8924 11.44 
0.243 2 2 1 4.0 4.0 0.239 0.241 0.9338 0.9338 11.44 
0.244 2 2 1 4.0 4.0 0.213 0.257 0.9338 0.9559 11.45 
0.245 2 2 1 4.0 4.0 0.216 0.267 0.9559 0.9125 11.44 
0.246 2 2 1 4.0 4.0 0.222 0.297 0.9338 0.8924 11.44 
0.247 2 2 1 4.0 4.0 0.224 0.281 0.9559 0.9559 11.44 
0.248 2 2 1 4.0 4.0 0.222 0.259 0.9338 0.9559 11.45 
0.249 2 2 1 4.0 4.0 0.245 0.202 0.9559 1.0041 11.45 
0.250 2 2 1 4.0 4.0 0.233 0.192 0.9559 0.9796 11.45 
0.251 2 2 1 4.0 4.0 0.196 0.228 0.9559 1.0041 11.44 
0.252 2 2 1 4.0 4.0 0.202 0.208 0.9796 1.0041 11.44 
0.253 2 2 1 4.0 4.0 0.223 0.263 0.9796 0.9796 11.44 
0.254 2 2 1 4.0 4.0 0.226 0.262 0.9796 1.0041 11.44 
0.255 2 2 1 4.0 4.0 0.212 0.218 0.9559 0.9559 11.45 
0.256 2 2 1 4.0 4.0 0.248 0.194 1.0041 1.0041 11.45 
0.257 2 2 1 4.0 4.0 0.201 0.173 1.0041 1.0041 11.44 
0.258 2 2 1 4.0 4.0 0.173 0.187 1.0041 1.0041 11.45 
0.259 2 2 1 4.0 4.0 0.201 0.209 1.0041 1.0567 11.45 
0.260 2 2 1 4.0 4.0 0.192 0.210 1.0041 1.0567 11.44 
0.261 2 2 1 4.0 4.0 0.180 0.179 1.0041 0.9796 11.45 
0.262 2 2 1 4.0 4.0 0.200 0.132 1.0041 1.0298 11.44 
0.263 2 2 1 4.0 4.0 0.213 0.145 1.0298 1.0298 11.44 
0.264 2 2 1 4.0 4.0 0.169 0.200 1.0298 1.0567 11.44 
0.265 2 2 1 4.0 4.0 0.163 0.154 1.0298 1.0298 11.45 
0.266 2 2 1 4.0 4.0 0.170 0.232 1.0298 1.0298 11.45 
0.267 2 2 1 4.0 4.0 0.166 0.223 1.0298 1.0567 11.45 
0.268 2 2 1 4.0 4.0 0.166 0.199 1.0298 1.0567 11.44 
0.269 2 2 1 4.0 4.0 0.212 0.165 1.0298 1.0567 11.44 
0.270 2 2 1 4.0 4.0 0.175 0.157 1.0298 1.0567 11.45 
0.271 2 2 1 4.0 4.0 0.147 0.160 1.0567 1.0567 11.45 
0.272 2 2 1 4.0 4.0 0.174 0.187 1.0567 1.0852 11.45 
0.273 2 2 1 4.0 4.0 0.183 0.212 1.0567 1.0852 11.45 
0.274 2 2 1 4.0 4.0 0.171 0.186 1.0567 1.0298 11.45 
0.275 2 2 1 4.0 4.0 0.191 0.160 1.0852 1.0852 11.46 
0.276 2 2 1 4.0 4.0 0.162 0.158 1.0567 1.0852 11.45 
0.277 2 2 1 4.0 4.0 0.132 0.170 1.0567 1.0567 11.45 
0.278 2 2 1 4.0 4.0 0.154 0.164 1.0567 1.1153 11.44 
0.279 2 2 1 4.0 4.0 0.169 0.195 1.0567 1.1153 11.45 
0.280 2 2 1 4.0 4.0 0.151 0.174 1.0567 1.0852 11.45 
0.281 2 2 1 4.0 4.0 0.163 0.138 1.0852 1.0852 11.44 
0.282 2 2 1 4.0 4.0 0.165 0.148 1.0852 1.1153 11.45 
0.283 2 2 1 4.0 4.0 0.128 0.147 1.0852 0.9338 11.45 
0.284 2 2 1 4.0 4.0 0.136 0.160 1.1153 1.0852 11.44 
0.285 2 2 1 4.0 4.0 0.143 0.202 1.1153 1.1153 11.45 
0.286 2 2 1 4.0 4.0 0.129 0.176 1.0852 1.0852 11.45 
0.287 2 2 1 4.0 4.0 0.139 0.125 1.0852 1.1153 11.45 
0.288 2 2 1 4.0 4.0 0.166 0.092 1.0852 1.0852 11.45 
0.289 2 2 1 4.0 4.0 0.122 0.111 1.0852 1.1153 11.45 
0.290 2 2 1 4.0 4.0 0.140 0.113 1.1153 1.1153 11.45 
0.291 2 2 1 4.0 4.0 0.154 0.183 1.0852 1.1153 11.45 
0.292 2 2 1 4.0 4.0 0.175 0.194 1.0852 1.1153 11.45 
0.293 2 2 1 4.0 4.0 0.157 0.175 1.0852 1.1153 11.45 
0.294 2 2 1 4.0 4.0 0.165 0.158 1.0852 1.1153 11.44 
0.295 2 2 1 4.0 4.0 0.121 0.154 1.0852 1.1153 11.46 
0.296 2 2 1 4.0 4.0 0.128 0.151 1.0852 1.1474 11.44 
0.297 2 2 1 4.0 4.0 0.151 0.154 1.0852 1.1474 11.45 
0.298 2 2 1 4.0 4.0 0.127 0.147 1.0852 1.1474 11.44 
0.299 2 2 1 4.0 4.0 0.126 0.126 1.1153 1.1153 11.45 
0.300 2 2 1 4.0 4.0 0.140 0.132 1.1153 1.1474 11.45 
0.301 2 2 1 4.0 4.0 0.143 0.132 1.1153 1.0852 11.46 
0.302 2 2 1 4.0 4.0 0.128 0.132 1.1153 1.1474 11.45 
0.303 2 2 1 4.0 4.0 0.141 0.144 1.1153 1.1474 11.45 
0.304 2 2 1 4.0 4.0 0.119 0.149 1.1153 1.1153 11.45 
0.305 2 2 1 4.0 4.0 0.130 0.119 1.1153 1.1474 11.45 
0.306 2 2 1 4.0 4.0 0.138 0.112 1.1153 1.1474 11.44 
0.307 2 2 1 4.0 4.0 0.106 0.115 1.1153 1.1153 11.44 
0.308 2 2 1 4.0 4.0 0.124 0.124 1.1474 1.1812 11.45 
0.309 2 2 1 4.0 4.0 0.148 0.164 1.1474 1.1812 11.45 
0.310 2 2 1 4.0 4.0 0.132 0.145 1.1474 1.1153 11.45 
0.311 2 2 1 4.0 4.0 0.149 0.117 1.1474 1.1812 11.45 
0.312 2 2 1 4.0 4.0 0.133 0.119 1.1474 1.1153 11.45 
0.313 2 2 1 4.0 4.0 0.095 0.116 1.1474 1.1474 11.45 
0.314 2 2 1 4.0 4.0 0.134 0.115 1.1474 1.1812 11.45 
0.315 2 2 1 4.0 4.0 0.128 0.137 1.1474 1.1474 11.45 
0.316 2 2 1 4.0 4.0 0.145 0.118 1.1474 1.1812 11.45 
0.317 2 2 1 4.0 4.0 0.159 0.112 1.1153 1.1812 11.45 
0.318 2 2 1 4.0 4.0 0.275 0.039 1.1474 1.1812 11.45 
0.319 2 2 1 4.0 4.0 0.152 0.051 1.1474 1.1812 11.46 
0.320 2 2 1 4.0 4.0 0.121 0.111 1.1474 1.1474 11.45 
0.321 2 2 1 4.0 4.0 0.095 0.134 1.1474 1.1812 11.45 
0.322 2 2 1 4.0 4.0 0.102 0.122 1.1474 1.1812 11.45 
0.323 2 2 1 4.0 4.0 0.166 0.092 1.1474 1.1153 11.45 
0.324 2 2 1 4.0 4.0 0.117 0.108 1.1474 1.1812 11.45 
0.325 2 2 1 4.0 4.0 0.099 0.119 1.1812 1.1812 11.45 
0.326 2 2 1 4.0 4.0 0.127 0.137 1.1812 1.1474 11.45 
0.327 2 2 1 4.0 4.0 0.129 0.148 1.1474 1.1812 11.45 
0.328 2 2 1 4.0 4.0 0.106 0.128 1.1474 1.1812 11.44 
0.329 2 2 1 4.0 4.0 0.140 0.110 1.1474 1.1812 11.45 
0.330 2 2 1 4.0 4.0 0.101 0.117 1.1474 1.1812 11.44 
0.331 2 2 1 4.0 4.0 0.088 0.109 1.1474 1.2169 11.44 
0.332 2 2 1 4.0 4.0 0.105 0.134 1.1474 1.1812 11.45 
0.333 2 2 1 4.0 4.0 0.101 0.137 1.1474 1.1812 11.45 
0.334 2 2 1 4.0 4.0 0.136 0.104 1.1474 1.1812 11.44 
0.335 2 2 1 4.0 4.0 0.133 0.127 1.1474 1.1812 11.45 
0.336 2 2 1 4.0 4.0 0.094 0.141 1.1474 1.1474 11.45 
0.337 2 2 1 4.0 4.0 0.096 0.122 1.1812 1.2169 11.45 
0.338 2 2 1 4.0 4.0 0.101 0.140 1.1812 1.2169 11.45 
0.339 2 2 1 4.0 4.0 0.080 0.118 1.1812 1.2169 11.45 
0.340 2 2 1 4.0 4.0 0.115 0.091 1.1812 1.0567 11.45 
0.341 2 2 1 4.0 4.0 0.097 0.108 1.1812 1.1812 11.45 
0.342 2 2 1 4.0 4.0 0.087 0.095 1.1812 1.1812 11.45 
0.343 2 2 1 4.0 4.0 0.113 0.130 1.1812 1.1812 11.45 
0.344 2 2 1 4.0 4.0 0.108 0.141 1.1812 1.2169 11.45 
0.345 2 2 1 4.0 4.0 0.103 0.104 1.1812 1.2169 11.45 
0.346 2 2 1 4.0 4.0 0.124 0.102 1.1812 1.2169 11.45 
0.347 2 2 1 4.0 4.0 0.090 0.108 1.1812 1.1812 11.46 
0.348 2 2 1 4.0 4.0 0.118 0.100 1.1812 1.2169 11.46 
0.349 2 2 1 4.0 4.0 0.141 0.126 1.1812 1.2169 11.46 
0.350 2 2 1 4.0 4.0 0.125 0.109 1.1812 1.2169 11.46 
0.351 2 2 1 4.0 4.0 0.106 0.089 1.1812 1.1812 11.45 
0.352 2 2 2 -4.0 -4.0 0.113 0.117 1.1812 1.1812 11.45 
0.353 2 2 2 -4.0 -4.0 -0.178 0.022 1.1812 1.1812 11.44 
0.354 2 2 2 -4.0 -4.0 -0.738 -0.562 1.1474 1.2169 11.40 
0.355 2 2 2 -4.0 -4.0 -1.031 -1.025 1.1474 1.1474 11.39 
0.356 2 2 2 -4.0 -4.0 -1.339 -1.140 1.0852 1.0852 11.38 
0.357 2 2 2 -4.0 -4.0 -1.535 -1.169 1.0298 1.0567 11.37 
0.358 2 2 2 -4.0 -4.0 -1.434 -1.176 0.9559 0.9338 11.38 
0.359 2 2 2 -4.0 -4.0 -1.412 -1.178 0.9125 0.9338 11.38 
0.360 2 2 2 -4.0 -4.0 -1.513 -1.178 0.8543 0.8366 11.36 
0.361 2 2 2 -4.0 -4.0 -1.592 -1.178 0.7723 0.8193 11.38 
0.362 2 2 2 -4.0 -4.0 -1.340 -1.178 0.7044 0.7302 11.39 
0.363 2 2 2 -4.0 -4.0 -1.341 -1.178 0.6924 0.7044 11.40 
0.364 2 2 2 -4.0 -4.0 -1.402 -1.178 0.6177 0.5735 11.40 
0.365 2 2 2 -4.0 -4.0 -1.449 -1.178 0.5426 0.5820 11.40 
0.366 2 2 2 -4.0 -4.0 -1.457 -1.178 0.5213 0.5655 11.38 
0.367 2 2 2 -4.0 -4.0 -1.425 -1.178 0.5081 0.4896 11.40 
0.368 2 2 2 -4.0 -4.0 -1.206 -1.174 0.4615 0.3860 11.41 
0.369 2 2 2 -4.0 -4.0 -1.154 -1.178 0.3582 0.4056 11.39 
0.370 2 2 2 -4.0 -4.0 -1.167 -1.178 0.3213 0.3346 11.39 
0.371 2 2 2 -4.0 -4.0 -1.195 -1.178 0.3016 0.3016 11.40 
0.372 2 2 2 -4.0 -4.0 -1.209 -1.178 0.2281 0.3016 11.40 
0.373 2 2 2 -4.0 -4.0 -1.195 -1.178 0.2281 0.1868 11.41 
0.374 2 2 2 -4.0 -4.0 -1.181 -1.178 0.1562 0.1868 11.41 
0.375 2 2 2 -4.0 -4.0 -1.150 -1.178 0.1149 0.1856 11.41 
0.376 2 2 2 -4.0 -4.0 -1.119 -1.178 0.1149 0.1273 11.41 
0.377 2 2 2 -4.0 -4.0 -1.082 -1.178 0.1149 0.0964 11.41 
0.378 2 2 2 -4.0 -4.0 -1.058 -1.161 -0.1791 0.0779 11.42 
0.379 2 2 2 -4.0 -4.0 -1.035 -1.125 -0.1791 0.0651 11.42 
0.380 2 2 2 -4.0 -4.0 -1.014 -1.091 -0.1414 0.0558 11.41 
0.381 2 2 2 -4.0 -4.0 -0.978 -1.036 -0.1253 -0.0546 11.42 
0.382 2 2 2 -4.0 -4.0 -0.938 -1.003 -0.1253 -0.0546 11.42 
0.383 2 2 2 -4.0 -4.0 -0.895 -0.977 -0.2036 -0.1651 11.40 
0.384 2 2 2 -4.0 -4.0 -0.854 -0.956 -0.2787 -0.1651 11.42 
0.385 2 2 2 -4.0 -4.0 -0.822 -0.923 -0.2787 -0.2510 11.43 
0.386 2 2 2 -4.0 -4.0 -0.753 -0.865 -0.2952 -0.2731 11.43 
0.387 2 2 2 -4.0 -4.0 -0.695 -0.772 -0.3462 -0.3289 11.43 
0.388 2 2 2 -4.0 -4.0 -0.693 -0.749 -0.3896 -0.3289 11.42 
0.389 2 2 2 -4.0 -4.0 -0.701 -0.752 -0.3936 -0.2908 11.43 
0.390 2 2 2 -4.0 -4.0 -0.698 -0.661 -0.3651 -0.3787 11.43 
0.391 2 2 2 -4.0 -4.0 -0.686 -0.647 -0.3976 -0.3936 11.43 
0.392 2 2 2 -4.0 -4.0 -0.666 -0.665 -0.4181 -0.4056 11.43 
0.393 2 2 2 -4.0 -4.0 -0.649 -0.699 -0.4615 -0.3462 11.42 
0.394 2 2 2 -4.0 -4.0 -0.686 -0.707 -0.4896 -0.3936 11.43 
0.395 2 2 2 -4.0 -4.0 -0.613 -0.697 -0.4956 -0.4615 11.43 
0.396 2 2 2 -4.0 -4.0 -0.579 -0.692 -0.5498 -0.4462 11.43 
0.397 2 2 2 -4.0 -4.0 -0.558 -0.674 -0.5575 -0.4836 11.43 
0.398 2 2 2 -4.0 -4.0 -0.541 -0.612 -0.5655 -0.5149 11.43 
0.399 2 2 2 -4.0 -4.0 -0.556 -0.589 -0.5655 -0.5081 11.44 
0.400 2 2 2 -4.0 -4.0 -0.496 -0.557 -0.5904 -0.5354 11.44 
0.401 2 2 2 -4.0 -4.0 -0.498 -0.529 -0.6177 -0.5575 11.46 
0.402 2 2 2 -4.0 -4.0 -0.500 -0.528 -0.6273 -0.5426 11.45 
0.403 2 2 2 -4.0 -4.0 -0.483 -0.513 -0.6273 -0.5820 11.44 
0.404 2 2 2 -4.0 -4.0 -0.481 -0.472 -0.6583 -0.6085 11.45 
0.405 2 2 2 -4.0 -4.0 -0.446 -0.452 -0.6804 -0.5655 11.45 
0.406 2 2 2 -4.0 -4.0 -0.371 -0.460 -0.6924 -0.6085 11.45 
0.407 2 2 2 -4.0 -4.0 -0.384 -0.483 -0.7169 -0.6374 11.45 
0.408 2 2 2 -4.0 -4.0 -0.389 -0.490 -0.7302 -0.6374 11.45 
0.409 2 2 2 -4.0 -4.0 -0.385 -0.494 -0.7434 -0.6804 11.45 
0.410 2 2 2 -4.0 -4.0 -0.380 -0.473 -0.7169 -0.6273 11.44 
0.411 2 2 2 -4.0 -4.0 -0.385 -0.457 -0.7434 -0.6691 11.44 
0.412 2 2 2 -4.0 -4.0 -0.386 -0.452 -0.7434 -0.7044 11.44 
0.413 2 2 2 -4.0 -4.0 -0.404 -0.433 -0.7723 -0.7169 11.44 
0.414 2 2 2 -4.0 -4.0 -0.361 -0.361 -0.7575 -0.7169 11.45 
0.415 2 2 2 -4.0 -4.0 -0.351 -0.351 -0.8032 -0.7302 11.44 
0.416 2 2 2 -4.0 -4.0 -0.338 -0.352 -0.7872 -0.7302 11.44 
0.417 2 2 2 -4.0 -4.0 -0.347 -0.378 -0.7872 -0.6924 11.45 
0.418 2 2 2 -4.0 -4.0 -0.353 -0.350 -0.8193 -0.7723 11.45 
0.419 2 2 2 -4.0 -4.0 -0.364 -0.349 -0.7872 -0.7302 11.45 
0.420 2 2 2 -4.0 -4.0 -0.341 -0.346 -0.8193 -0.7434 11.45 
0.421 2 2 2 -4.0 -4.0 -0.216 -0.397 -0.8193 -0.7169 11.43 
0.422 2 2 2 -4.0 -4.0 -0.288 -0.413 -0.8366 -0.7872 11.45 
0.423 2 2 2 -4.0 -4.0 -0.314 -0.348 -0.8727 -0.7302 11.45 
0.424 2 2 2 -4.0 -4.0 -0.297 -0.335 -0.8924 -0.7723 11.45 
0.425 2 2 2 -4.0 -4.0 -0.303 -0.367 -0.8924 -0.7434 11.45 
0.426 2 2 2 -4.0 -4.0 -0.287 -0.366 -0.9125 -0.7872 11.44 
0.427 2 2 2 -4.0 -4.0 -0.300 -0.340 -0.9125 -0.7723 11.44 
0.428 2 2 2 -4.0 -4.0 -0.288 -0.316 -0.9125 -0.8193 11.45 
0.429 2 2 2 -4.0 -4.0 -0.280 -0.335 -0.9338 -0.7723 11.44 
0.430 2 2 2 -4.0 -4.0 -0.248 -0.314 -0.9559 -0.8193 11.44 
0.431 2 2 2 -4.0 -4.0 -0.238 -0.267 -0.9559 -0.7872 11.44 
0.432 2 2 2 -4.0 -4.0 -0.239 -0.268 -0.9559 -0.8366 11.45 
0.433 2 2 2 -4.0 -4.0 -0.260 -0.278 -0.9559 -0.8032 11.44 
0.434 2 2 2 -4.0 -4.0 -0.264 -0.306 -0.9559 -0.8543 11.44 
0.435 2 2 2 -4.0 -4.0 -0.267 -0.310 -0.9796 -0.8193 11.44 
0.436 2 2 2 -4.0 -4.0 -0.252 -0.279 -0.9796 -0.8727 11.45 
0.437 2 2 2 -4.0 -4.0 -0.244 -0.291 -0.9796 -0.8924 11.44 
0.438 2 2 2 -4.0 -4.0 -0.214 -0.266 -0.9796 -0.8727 11.45 
0.439 2 2 2 -4.0 -4.0 -0.218 -0.247 -0.9796 -0.8924 11.45 
0.440 2 2 2 -4.0 -4.0 -0.242 -0.237 -0.9796 -0.8727 11.45 
0.441 2 2 2 -4.0 -4.0 -0.241 -0.251 -0.9796 -0.8727 11.44 
0.442 2 2 2 -4.0 -4.0 -0.256 -0.266 -1.0041 -0.9125 11.45 
0.443 2 2 2 -4.0 -4.0 -0.245 -0.258 -1.0298 -0.9338 11.45 
0.444 2 2 2 -4.0 -4.0 -0.218 -0.251 -1.0567 -0.8727 11.45 
0.445 2 2 2 -4.0 -4.0 -0.215 -0.239 -1.0298 -0.9338 11.47 
0.446 2 2 2 -4.0 -4.0 -0.210 -0.231 -1.0567 -0.8924 11.45 
0.447 2 2 2 -4.0 -4.0 -0.215 -0.240 -1.0567 -0.9338 11.44 
0.448 2 2 2 -4.0 -4.0 -0.210 -0.251 -1.0567 -0.9338 11.44 
0.449 2 2 2 -4.0 -4.0 -0.221 -0.246 -1.0567 -0.9559 11.45 
0.450 2 2 2 -4.0 -4.0 -0.206 -0.223 -1.0567 -0.9796 11.45 
0.451 2 2 2 -4.0 -4.0 -0.193 -0.241 -1.0567 -0.8924 11.45 
0.452 2 2 2 -4.0 -4.0 -0.180 -0.212 -1.0567 -0.9559 11.45 
0.453 2 2 2 -4.0 -4.0 -0.179 -0.202 -1.0567 -0.9559 11.45 
0.454 2 2 2 -4.0 -4.0 -0.183 -0.205 -1.0852 -0.9796 11.45 
0.455 2 2 2 -4.0 -4.0 -0.203 -0.227 -1.0852 -1.0041 11.45 
0.456 2 2 2 -4.0 -4.0 -0.203 -0.233 -1.0852 -0.9796 11.45 
0.457 2 2 2 -4.0 -4.0 -0.140 -0.216 -1.0852 -1.0298 11.45 
0.458 2 2 2 -4.0 -4.0 -0.152 -0.224 -1.1153 -1.0298 11.45 
0.459 2 2 2 -4.0 -4.0 -0.168 -0.174 -1.0852 -1.0298 11.45 
0.460 2 2 2 -4.0 -4.0 -0.180 -0.184 -1.0852 -1.0041 11.45 
0.461 2 2 2 -4.0 -4.0 -0.208 -0.227 -1.0852 -1.0041 11.45 
0.462 2 2 2 -4.0 -4.0 -0.185 -0.208 -1.1153 -1.0567 11.45 
0.463 2 2 2 -4.0 -4.0 -0.158 -0.221 -1.1153 -1.0298 11.46 
0.464 2 2 2 -4.0 -4.0 -0.175 -0.183 -1.1153 -0.9559 11.44 
0.465 2 2 2 -4.0 -4.0 -0.188 -0.191 -1.1153 -1.0567 11.45 
0.466 2 2 2 -4.0 -4.0 -0.173 -0.182 -1.1153 -1.0041 11.45 
0.467 2 2 2 -4.0 -4.0 -0.167 -0.171 -1.1153 -1.0567 11.45 
0.468 2 2 2 -4.0 -4.0 -0.164 -0.199 -1.1474 -1.0298 11.45 
0.469 2 2 2 -4.0 -4.0 -0.150 -0.205 -1.1474 -1.0298 11.45 
0.470 2 2 2 -4.0 -4.0 -0.164 -0.187 -1.1153 -1.0567 11.45 
0.471 2 2 2 -4.0 -4.0 -0.169 -0.193 -1.1153 -1.0298 11.45 
0.472 2 2 2 -4.0 -4.0 -0.145 -0.193 -1.0852 -1.0567 11.45 
0.473 2 2 2 -4.0 -4.0 -0.142 -0.163 -1.1474 -1.0567 11.45 
0.474 2 2 2 -4.0 -4.0 -0.126 -0.170 -1.1474 -1.0298 11.44 
0.475 2 2 2 -4.0 -4.0 -0.134 -0.199 -1.1153 -1.0852 11.45 
0.476 2 2 2 -4.0 -4.0 -0.163 -0.176 -1.1474 -1.0567 11.45 
0.477 2 2 2 -4.0 -4.0 -0.166 -0.162 -1.1474 -1.0852 11.45 
0.478 2 2 2 -4.0 -4.0 -0.121 -0.169 -1.1474 -1.0567 11.45 
0.479 2 2 2 -4.0 -4.0 -0.165 -0.139 -1.1474 -1.0852 11.45 
0.480 2 2 2 -4.0 -4.0 -0.140 -0.140 -1.1812 -0.9338 11.45 
0.481 2 2 2 -4.0 -4.0 -0.150 -0.184 -1.1474 -1.1153 11.45 
0.482 2 2 2 -4.0 -4.0 -0.179 -0.178 -1.1474 -1.0852 11.44 
0.483 2 2 2 -4.0 -4.0 -0.157 -0.132 -1.1474 -1.0852 11.44 
0.484 2 2 2 -4.0 -4.0 -0.156 -0.130 -1.1812 -1.1153 11.44 
0.485 2 2 2 -4.0 -4.0 -0.148 -0.140 -1.1812 -1.0852 11.45 
0.486 2 2 2 -4.0 -4.0 -0.131 -0.137 -1.1812 -1.0852 11.45 
0.487 2 2 2 -4.0 -4.0 -0.136 -0.185 -1.1812 -1.0852 11.45 
0.488 2 2 2 -4.0 -4.0 -0.151 -0.184 -1.1812 -1.0852 11.44 
0.489 2 2 2 -4.0 -4.0 -0.141 -0.158 -1.1812 -1.1153 11.44 
0.490 2 2 2 -4.0 -4.0 -0.139 -0.167 -1.1812 -1.0852 11.45 
0.491 2 2 2 -4.0 -4.0 -0.119 -0.138 -1.1812 -1.0567 11.45 
0.492 2 2 2 -4.0 -4.0 -0.115 -0.138 -1.1812 -1.1153 11.44 
0.493 2 2 2 -4.0 -4.0 -0.146 -0.165 -1.2169 -1.0852 11.45 
0.494 2 2 2 -4.0 -4.0 -0.138 -0.174 -1.1812 -1.0852 11.45 
0.495 2 2 2 -4.0 -4.0 -0.141 -0.153 -1.1812 -1.1153 11.45 
0.496 2 2 2 -4.0 -4.0 -0.138 -0.168 -1.1812 -1.1153 11.45 
0.497 2 2 2 -4.0 -4.0 -0.106 -0.147 -1.2169 -1.0852 11.45 
0.498 2 2 2 -4.0 -4.0 -0.126 -0.123 -1.2169 -1.0852 11.44 
0.499 2 2 2 -4.0 -4.0 -0.154 -0.146 -1.2169 -1.1153 11.45 
0.500 2 2 2 -4.0 -4.0 -0.139 -0.159 -1.2169 -1.1153 11.45 
0.501 2 2 2 -4.0 -4.0 -0.147 -0.141 -1.2169 -1.1153 11.45 
0.502 2 2 2 -4.0 -4.0 -0.126 -0.144 -1.2169 -1.1153 11.45 
0.503 2 2 3 0.0 0.0 -0.119 -0.132 -1.2169 -1.0852 11.46 
0.504 2 2 3 0.0 0.0 0.007 -0.108 -1.2169 -1.1153 11.46 
0.505 2 2 3 0.0 0.0 0.332 0.165 -1.2169 -1.1153 11.47 
0.506 2 2 3 0.0 0.0 0.587 0.389 -1.1812 -1.0852 11.46 
0.507 2 2 3 0.0 0.0 0.581 0.600 -1.1812 -1.0852 11.46 
0.508 2 2 3 0.0 0.0 0.684 0.729 -1.1474 -1.0298 11.47 
0.509 2 2 3 0.0 0.0 0.727 0.662 -1.1153 -1.0298 11.47 
0.510 2 2 3 0.0 0.0 0.641 0.688 -1.1153 -0.9796 11.47 
0.511 2 2 3 0.0 0.0 0.695 0.732 -0.9796 -0.7872 11.46 
0.512 2 2 3 0.0 0.0 0.757 0.638 -1.0298 -0.9125 11.46 
0.513 2 2 3 0.0 0.0 0.697 0.643 -0.9796 -0.8366 11.46 
0.514 2 2 3 0.0 0.0 0.649 0.685 -0.9338 -0.8193 11.46 
0.515 2 2 3 0.0 0.0 0.685 0.714 -0.9559 -0.8193 11.46 
0.516 2 2 3 0.0 0.0 0.627 0.624 -0.9338 -0.7723 11.46 
0.517 2 2 3 0.0 0.0 0.548 0.565 -0.9125 -0.7723 11.46 
0.518 2 2 3 0.0 0.0 0.592 0.599 -0.8924 -0.7434 11.46 
0.519 2 2 3 0.0 0.0 0.640 0.628 -0.8366 -0.6924 11.46 
0.520 2 2 3 0.0 0.0 0.635 0.565 -0.8032 -0.7302 11.47 
0.521 2 2 3 0.0 0.0 0.514 0.517 -0.7723 -0.7434 11.47 
0.522 2 2 3 0.0 0.0 0.513 0.541 -0.7575 -0.6924 11.46 
0.523 2 2 3 0.0 0.0 0.671 0.490 -0.7302 -0.6583 11.45 
0.524 2 2 3 0.0 0.0 0.606 0.474 -0.7169 -0.6085 11.46 
0.525 2 2 3 0.0 0.0 0.449 0.435 -0.6583 -0.6273 11.46 
0.526 2 2 3 0.0 0.0 0.446 0.396 -0.6691 -0.6374 11.46 
0.527 2 2 3 0.0 0.0 0.478 0.435 -0.6474 -0.5575 11.46 
0.528 2 2 3 0.0 0.0 0.513 0.474 -0.6177 -0.5735 11.46 
0.529 2 2 3 0.0 0.0 0.516 0.503 -0.5992 -0.5820 11.46 
0.530 2 2 3 0.0 0.0 0.397 0.477 -0.5904 -0.5213 11.46 
0.531 2 2 3 0.0 0.0 0.358 0.373 -0.5655 -0.5354 11.47 
0.532 2 2 3 0.0 0.0 0.400 0.356 -0.5655 -0.5354 11.46 
0.533 2 2 3 0.0 0.0 0.433 0.395 -0.5575 -0.4723 11.46 
0.534 2 2 3 0.0 0.0 0.440 0.430 -0.5213 -0.4836 11.46 
0.535 2 2 3 0.0 0.0 0.425 0.423 -0.4896 -0.4779 11.46 
0.536 2 2 3 0.0 0.0 0.322 0.396 -0.4896 -0.4723 11.46 
0.537 2 2 3 0.0 0.0 0.306 0.345 -0.4956 -0.3651 11.46 
0.538 2 2 3 0.0 0.0 0.327 0.262 -0.4836 -0.4016 11.46 
0.539 2 2 3 0.0 0.0 0.345 0.238 -0.3936 -0.4056 11.46 
0.540 2 2 3 0.0 0.0 0.358 0.272 -0.4097 -0.4137 11.46 
0.541 2 2 3 0.0 0.0 0.357 0.297 -0.3936 -0.3374 11.47 
0.542 2 2 3 0.0 0.0 0.337 0.310 -0.3896 -0.3860 11.47 
0.543 2 2 3 0.0 0.0 0.319 0.286 -0.3522 -0.3582 11.47 
0.544 2 2 3 0.0 0.0 0.289 0.279 -0.3550 -0.3683 11.47 
0.545 2 2 3 0.0 0.0 0.247 0.243 -0.3237 -0.2952 11.47 
0.546 2 2 3 0.0 0.0 0.243 0.204 -0.3237 -0.2952 11.47 
0.547 2 2 3 0.0 0.0 0.256 0.214 -0.3346 -0.3462 11.46 
0.548 2 2 3 0.0 0.0 0.261 0.218 -0.3265 -0.3289 11.47 
0.549 2 2 3 0.0 0.0 0.256 0.239 -0.2996 -0.3161 11.46 
0.550 2 2 3 0.0 0.0 0.246 0.248 -0.2868 -0.2787 11.46 
0.551 2 2 3 0.0 0.0 0.235 0.254 -0.2731 -0.2434 11.46 
0.552 2 2 3 0.0 0.0 0.229 0.259 -0.2639 -0.2787 11.47 
0.553 2 2 3 0.0 0.0 0.224 0.244 -0.2639 -0.2787 11.46 
0.554 2 2 3 0.0 0.0 0.191 0.221 -0.2305 -0.2434 11.47 
0.555 2 2 3 0.0 0.0 0.146 0.187 -0.2305 -0.2522 11.47 
0.556 2 2 3 0.0 0.0 0.117 0.153 -0.2333 -0.2522 11.46 
0.557 2 2 3 0.0 0.0 0.127 0.148 -0.2217 -0.2241 11.47 
0.558 2 2 3 0.0 0.0 0.154 0.107 -0.2217 -0.2241 11.47 
0.559 2 2 3 0.0 0.0 0.161 0.107 -0.2229 -0.2293 11.47 
0.560 2 2 3 0.0 0.0 0.160 0.091 -0.2229 -0.2293 11.46 
0.561 2 2 3 0.0 0.0 0.166 0.081 -0.2008 -0.1856 11.46 
0.562 2 2 3 0.0 0.0 0.174 0.084 -0.2008 -0.1856 11.47 
0.563 2 2 3 0.0 0.0 0.166 0.109 -0.1807 -0.2028 11.46 
0.564 2 2 3 0.0 0.0 0.155 0.140 -0.1807 -0.2028 11.46 
0.565 2 2 3 0.0 0.0 0.147 0.145 -0.1807 -0.1679 11.47 
0.566 2 2 3 0.0 0.0 0.141 0.149 -0.1470 -0.1679 11.47 
0.567 2 2 3 0.0 0.0 0.121 0.149 -0.1470 -0.1679 11.47 
0.568 2 2 3 0.0 0.0 0.120 0.135 -0.1470 -0.1671 11.47 
0.569 2 2 3 0.0 0.0 0.114 0.114 -0.1434 -0.1671 11.47 
0.570 2 2 3 0.0 0.0 0.109 0.100 -0.1434 -0.1518 11.47 
0.571 2 2 3 0.0 0.0 0.106 0.093 -0.1434 -0.1325 11.47 
0.572 2 2 3 0.0 0.0 0.099 0.096 -0.1257 -0.1325 11.47 
0.573 2 2 3 0.0 0.0 0.089 0.099 -0.1257 -0.1325 11.46 
0.574 2 2 3 0.0 0.0 0.075 0.104 -0.1257 -0.1422 11.46 
0.575 2 2 3 0.0 0.0 0.063 0.103 -0.1181 -0.1422 11.47 
0.576 2 2 3 0.0 0.0 0.060 0.103 -0.1145 -0.1422 11.47 
0.577 2 2 3 0.0 0.0 0.054 0.083 -0.1145 -0.1088 11.47 
0.578 2 2 3 0.0 0.0 0.051 0.064 -0.1145 -0.1088 11.47 
0.579 2 2 3 0.0 0.0 0.042 0.062 -0.1028 -0.1088 11.46 
0.580 2 2 3 0.0 0.0 0.038 0.070 -0.0920 -0.1088 11.46 
0.581 2 2 3 0.0 0.0 0.041 0.064 -0.0920 -0.1121 11.46 
0.582 2 2 3 0.0 0.0 0.048 0.043 -0.0920 -0.1121 11.47 
0.583 2 2 3 0.0 0.0 0.061 0.037 -0.0920 -0.1121 11.46 
0.584 2 2 3 0.0 0.0 0.057 0.032 -0.0884 -0.1121 11.47 
0.585 2 2 3 0.0 0.0 0.052 0.039 -0.0763 -0.0936 11.47 
0.586 2 2 3 0.0 0.0 0.047 0.043 -0.0763 -0.0936 11.47 
0.587 2 2 3 0.0 0.0 0.055 0.044 -0.0763 -0.0936 11.47 
0.588 2 2 3 0.0 0.0 0.050 0.038 -0.0763 -0.0936 11.47 
0.589 2 2 3 0.0 0.0 0.049 0.045 -0.0763 -0.0936 11.47 
0.590 2 2 3 0.0 0.0 0.045 0.046 -0.0755 -0.0763 11.47 
0.591 2 2 3 0.0 0.0 0.044 0.046 -0.0635 -0.0659 11.46 
0.592 2 2 3 0.0 0.0 0.034 0.045 -0.0546 -0.0659 11.47 
0.593 2 2 3 0.0 0.0 0.033 0.044 -0.0482 -0.0659 11.47 
0.594 2 2 3 0.0 0.0 0.023 0.033 -0.0450 -0.0659 11.47 
0.595 2 2 3 0.0 0.0 0.029 0.035 -0.0450 -0.0659 11.47 
0.596 2 2 3 0.0 0.0 0.020 0.040 -0.0450 -0.0659 11.47 
0.597 2 2 3 0.0 0.0 0.014 0.037 -0.0450 -0.0651 11.47 
0.598 2 2 3 0.0 0.0 0.019 0.030 -0.0450 -0.0558 11.47 
0.599 2 2 3 0.0 0.0 0.019 0.027 -0.0450 -0.0490 11.47 
0.600 2 2 3 0.0 0.0 0.012 0.021 -0.0450 -0.0438 11.47 
0.601 2 2 3 0.0 0.0 0.014 0.020 -0.0450 -0.0394 11.47 
0.602 2 2 3 0.0 0.0 0.007 0.022 -0.0450 -0.0357 11.47 
0.603 2 2 3 0.0 0.0 0.004 0.031 -0.0422 -0.0329 11.47 
0.604 2 2 3 0.0 0.0 0.004 0.021 -0.0382 -0.0301 11.47 
0.605 2 2 3 0.0 0.0 -0.001 0.027 -0.0349 -0.0281 11.47 
0.606 2 2 3 0.0 0.0 -0.003 0.020 -0.0321 -0.0261 11.47 
0.607 2 2 3 0.0 0.0 -0.004 0.016 -0.0297 -0.0245 11.47 
0.608 2 2 3 0.0 0.0 -0.007 0.012 -0.0277 -0.0233 11.48 
0.609 2 2 3 0.0 0.0 -0.008 0.014 -0.0257 -0.0221 11.47 
0.610 2 2 3 0.0 0.0 -0.004 0.008 -0.0241 -0.0209 11.47 
0.611 2 2 3 0.0 0.0 -0.005 0.009 -0.0229 -0.0197 11.47 
0.612 2 2 3 0.0 0.0 -0.005 0.008 -0.0217 -0.0189 11.47 
0.613 2 2 3 0.0 0.0 0.006 -0.005 -0.0205 -0.0181 11.47 
0.614 2 2 3 0.0 0.0 0.007 0.004 -0.0193 -0.0173 11.47 
0.615 2 2 3 0.0 0.0 -0.001 0.008 -0.0185 -0.0165 11.47 
0.616 2 2 3 0.0 0.0 0.000 0.006 -0.0177 -0.0157 11.47 
0.617 2 2 3 0.0 0.0 0.005 0.002 -0.0169 -0.0153 11.47 
0.618 2 2 3 0.0 0.0 0.003 0.005 -0.0161 -0.0145 11.47 
0.619 2 2 3 0.0 0.0 0.010 0.003 -0.0157 -0.0141 11.47 
0.620 2 2 3 0.0 0.0 0.003 0.001 -0.0149 -0.0137 11.46 
0.621 2 2 3 0.0 0.0 0.001 -0.006 -0.0145 -0.0133 11.46 
0.622 2 2 3 0.0 0.0 0.005 -0.003 -0.0141 -0.0129 11.46 
0.623 2 2 3 0.0 0.0 0.008 -0.008 -0.0133 -0.0125 11.47 
0.624 2 2 3 0.0 0.0 -0.005 -0.007 -0.0129 -0.0120 11.47 
0.625 2 2 3 0.0 0.0 -0.006 -0.007 -0.0125 -0.0116 11.47 
0.626 2 2 3 0.0 0.0 0.108 -0.075 -0.0120 -0.0112 11.46 
0.627 2 2 3 0.0 0.0 0.037 -0.085 -0.0116 -0.0108 11.47 
0.628 2 2 3 0.0 0.0 0.010 -0.022 -0.0116 -0.0104 11.47 
0.629 2 2 3 0.0 0.0 -0.001 -0.002 -0.0112 -0.0104 11.47 
0.630 2 2 3 0.0 0.0 0.003 0.005 -0.0108 -0.0100 11.47 
0.631 2 2 3 0.0 0.0 0.005 -0.001 -0.0104 -0.0096 11.46 
0.632 2 2 3 0.0 0.0 -0.001 0.009 -0.0104 -0.0096 11.46 
0.633 2 2 3 0.0 0.0 0.004 0.016 -0.0100 -0.0092 11.47 
0.634 2 2 3 0.0 0.0 0.000 0.011 -0.0096 -0.0092 11.47 
0.635 2 2 3 0.0 0.0 0.003 0.004 -0.0096 -0.0088 11.47 
0.636 2 2 3 0.0 0.0 0.003 0.005 -0.0092 -0.0088 11.46 
0.637 2 2 3 0.0 0.0 0.010 -0.004 -0.0092 -0.0084 11.47 
0.638 2 2 3 0.0 0.0 0.007 0.002 -0.0088 -0.0084 11.47 
0.639 2 2 3 0.0 0.0 0.004 0.005 -0.0088 -0.0080 11.47 
0.640 2 2 3 0.0 0.0 -0.001 0.001 -0.0084 -0.0080 11.47 
0.641 2 2 3 0.0 0.0 -0.003 0.001 -0.0084 -0.0076 11.47 
0.642 2 2 3 0.0 0.0 -0.003 -0.011 -0.0080 -0.0076 11.47 
0.643 2 2 3 0.0 0.0 -0.005 -0.011 -0.0080 -0.0076 11.47 
0.644 2 2 3 0.0 0.0 -0.006 -0.011 -0.0076 -0.0072 11.47 
0.645 2 2 3 0.0 0.0 -0.005 -0.007 -0.0076 -0.0072 11.47 
0.646 2 2 3 0.0 0.0 0.001 0.001 -0.0076 -0.0072 11.47 
0.647 2 2 3 0.0 0.0 0.004 -0.004 -0.0072 -0.0068 11.47 
0.648 2 2 3 0.0 0.0 0.003 -0.000 -0.0072 -0.0068 11.47 
0.649 2 2 3 0.0 0.0 -0.001 0.005 -0.0072 -0.0068 11.47 
0.650 2 2 3 0.0 0.0 0.002 -0.004 -0.0068 -0.0064 11.47 
0.651 2 2 3 0.0 0.0 -0.001 0.001 -0.0068 -0.0064 11.46 
0.652 2 2 3 0.0 0.0 -0.001 -0.003 -0.0068 -0.0064 11.46 
0.653 2 2 3 0.0 0.0 0.003 -0.000 -0.0064 -0.0064 11.46 
0.654 2 2 3 0.0 0.0 -0.004 0.001 -0.0064 -0.0060 11.46 
0.655 2 2 3 0.0 0.0 -0.007 -0.003 -0.0064 -0.0060 11.46 
0.656 2 2 3 0.0 0.0 0.003 0.002 -0.0064 -0.0060 11.46 
0.657 2 2 3 0.0 0.0 0.000 -0.001 -0.0060 -0.0060 11.46 
0.658 2 2 3 0.0 0.0 0.003 -0.005 -0.0060 -0.0056 11.46 
0.659 2 2 3 0.0 0.0 0.003 -0.012 -0.0060 -0.0056 11.47 
0.660 2 2 3 0.0 0.0 -0.001 -0.018 -0.0060 -0.0056 11.47 
0.661 2 2 3 0.0 0.0 -0.003 -0.012 -0.0056 -0.0056 11.47 
0.662 2 2 3 0.0 0.0 -0.004 -0.010 -0.0056 -0.0056 11.47 
0.663 2 2 3 0.0 0.0 -0.005 -0.005 -0.0056 -0.0052 11.46 
0.664 2 2 3 0.0 0.0 0.000 -0.004 -0.0056 -0.0052 11.47 
0.665 2 2 3 0.0 0.0 0.001 -0.001 -0.0052 -0.0052 11.47 
