%% logfile from robot Silke (54)
% Silke (54)
%  1    time 0.000 sec
%  2  3  4   (mission 0), state 2, thread 2, line 0
%  5  6 Motor voltage [V] left, right: 2.0 2.0
%  7  8 Motor current left, right [A]: 0.066 0.078
%  9 10 Wheel velocity [m/s] left, right: -0.0000 -0.0000
% 11    Battery voltage [V]: 10.74
0.001 2 2 0 2.0 2.0 0.066 -0.003 -0.0000 -0.0000 10.74 
0.002 2 2 0 2.0 2.0 0.203 0.171 -0.0000 -0.0000 10.74 
0.003 2 2 0 2.0 2.0 0.300 0.353 -0.0000 -0.0000 10.73 
0.004 2 2 0 2.0 2.0 0.360 0.451 -0.0000 -0.0000 10.74 
0.005 2 2 0 2.0 2.0 0.372 0.504 0.0000 -0.0000 10.73 
0.006 2 2 0 2.0 2.0 0.382 0.529 0.0000 -0.0000 10.73 
0.007 2 2 0 2.0 2.0 0.400 0.544 0.0000 0.0000 10.73 
0.008 2 2 0 2.0 2.0 0.417 0.543 0.0000 0.0000 10.73 
0.009 2 2 0 2.0 2.0 0.424 0.530 0.0000 0.0000 10.73 
0.010 2 2 0 2.0 2.0 0.429 0.517 0.0000 0.0000 10.73 
0.011 2 2 0 2.0 2.0 0.420 0.503 0.0000 0.0896 10.73 
0.012 2 2 0 2.0 2.0 0.399 0.487 0.0631 0.0896 10.73 
0.013 2 2 0 2.0 2.0 0.391 0.467 0.0631 0.0896 10.73 
0.014 2 2 0 2.0 2.0 0.384 0.446 0.0631 0.1586 10.73 
0.015 2 2 0 2.0 2.0 0.366 0.439 0.1084 0.1586 10.73 
0.016 2 2 0 2.0 2.0 0.367 0.423 0.1084 0.1799 10.73 
0.017 2 2 0 2.0 2.0 0.370 0.402 0.1084 0.1799 10.73 
0.018 2 2 0 2.0 2.0 0.376 0.387 0.1402 0.2100 10.73 
0.019 2 2 0 2.0 2.0 0.347 0.372 0.1402 0.2100 10.73 
0.020 2 2 0 2.0 2.0 0.352 0.373 0.1402 0.2113 10.73 
0.021 2 2 0 2.0 2.0 0.343 0.393 0.1566 0.2554 10.73 
0.022 2 2 0 2.0 2.0 0.339 0.339 0.1566 0.2554 10.73 
0.023 2 2 0 2.0 2.0 0.331 0.322 0.1956 0.2538 10.74 
0.024 2 2 0 2.0 2.0 0.293 0.320 0.1956 0.2711 10.73 
0.025 2 2 0 2.0 2.0 0.303 0.320 0.2133 0.2711 10.73 
0.026 2 2 0 2.0 2.0 0.303 0.324 0.2133 0.2659 10.73 
0.027 2 2 0 2.0 2.0 0.307 0.314 0.2241 0.2996 10.73 
0.028 2 2 0 2.0 2.0 0.270 0.312 0.2229 0.2996 10.73 
0.029 2 2 0 2.0 2.0 0.262 0.313 0.2229 0.2868 10.73 
0.030 2 2 0 2.0 2.0 0.247 0.317 0.2418 0.3161 10.74 
0.031 2 2 0 2.0 2.0 0.246 0.329 0.2418 0.3113 10.73 
0.032 2 2 0 2.0 2.0 0.239 0.328 0.2345 0.3462 10.73 
0.033 2 2 0 2.0 2.0 0.268 0.295 0.2538 0.3462 10.73 
0.034 2 2 0 2.0 2.0 0.267 0.290 0.2538 0.3522 10.73 
0.035 2 2 0 2.0 2.0 0.249 0.278 0.2639 0.3522 10.73 
0.036 2 2 0 2.0 2.0 0.217 0.265 0.2787 0.3317 10.73 
0.037 2 2 0 2.0 2.0 0.238 0.257 0.2787 0.3787 10.73 
0.038 2 2 0 2.0 2.0 0.215 0.250 0.2623 0.3896 10.73 
0.039 2 2 0 2.0 2.0 0.217 0.251 0.2888 0.3823 10.74 
0.040 2 2 0 2.0 2.0 0.184 0.255 0.2888 0.3237 10.73 
0.041 2 2 0 2.0 2.0 0.225 0.272 0.2972 0.3615 10.74 
0.042 2 2 0 2.0 2.0 0.236 0.244 0.2972 0.3896 10.73 
0.043 2 2 0 2.0 2.0 0.246 0.229 0.2675 0.3936 10.74 
0.044 2 2 0 2.0 2.0 0.222 0.229 0.2675 0.3751 10.74 
0.045 2 2 0 2.0 2.0 0.202 0.232 0.3088 0.3936 10.74 
0.046 2 2 0 2.0 2.0 0.208 0.213 0.3522 0.4137 10.74 
0.047 2 2 0 2.0 2.0 0.205 0.200 0.3265 0.4137 10.73 
0.048 2 2 0 2.0 2.0 0.203 0.202 0.2888 0.3860 10.74 
0.049 2 2 0 2.0 2.0 0.202 0.218 0.2888 0.4097 10.73 
0.050 2 2 0 2.0 2.0 0.212 0.201 0.3374 0.3896 10.74 
0.051 2 2 0 2.0 2.0 0.186 0.210 0.3237 0.4097 10.74 
0.052 2 2 0 2.0 2.0 0.160 0.216 0.3490 0.4181 10.74 
0.053 2 2 0 2.0 2.0 0.132 0.202 0.3787 0.4362 10.74 
0.054 2 2 0 2.0 2.0 0.142 0.197 0.3402 0.4225 10.74 
0.055 2 2 0 2.0 2.0 0.170 0.191 0.3346 0.4362 10.74 
0.056 2 2 0 2.0 2.0 0.196 0.194 0.3346 0.4362 10.74 
0.057 2 2 0 2.0 2.0 0.196 0.193 0.3490 0.4562 10.74 
0.058 2 2 0 2.0 2.0 0.189 0.193 0.3374 0.4562 10.74 
0.059 2 2 0 2.0 2.0 0.177 0.183 0.3582 0.4462 10.74 
0.060 2 2 0 2.0 2.0 0.171 0.185 0.3615 0.4667 10.73 
0.061 2 2 0 2.0 2.0 0.197 0.177 0.3615 0.4615 10.73 
0.062 2 2 0 2.0 2.0 0.215 0.161 0.3317 0.4667 10.73 
0.063 2 2 0 2.0 2.0 0.206 0.170 0.3615 0.4562 10.73 
0.064 2 2 0 2.0 2.0 0.192 0.172 0.3860 0.4779 10.74 
0.065 2 2 0 2.0 2.0 0.180 0.160 0.3787 0.4779 10.74 
0.066 2 2 0 2.0 2.0 0.175 0.155 0.3787 0.4510 10.74 
0.067 2 2 0 2.0 2.0 0.194 0.145 0.3462 0.4779 10.73 
0.068 2 2 0 2.0 2.0 0.238 0.136 0.3860 0.4779 10.74 
0.069 2 2 0 2.0 2.0 0.179 0.136 0.4016 0.4896 10.74 
0.070 2 2 0 2.0 2.0 0.114 0.164 0.3896 0.4896 10.73 
0.071 2 2 0 2.0 2.0 0.072 0.165 0.3582 0.4836 10.74 
0.072 2 2 0 2.0 2.0 0.083 0.175 0.3860 0.4896 10.74 
0.073 2 2 0 2.0 2.0 0.115 0.172 0.3715 0.4836 10.74 
0.074 2 2 0 2.0 2.0 0.138 0.157 0.3976 0.5020 10.74 
0.075 2 2 0 2.0 2.0 0.134 0.151 0.4137 0.4956 10.74 
0.076 2 2 0 2.0 2.0 0.124 0.143 0.3936 0.4896 10.74 
0.077 2 2 0 2.0 2.0 0.116 0.163 0.3823 0.5081 10.74 
0.078 2 2 0 2.0 2.0 0.146 0.165 0.4016 0.5149 10.73 
0.079 2 2 0 2.0 2.0 0.167 0.157 0.3936 0.4956 10.74 
0.080 2 2 0 2.0 2.0 0.169 0.145 0.3976 0.5149 10.74 
0.081 2 2 0 2.0 2.0 0.158 0.128 0.3683 0.5281 10.74 
0.082 2 2 0 2.0 2.0 0.154 0.126 0.3860 0.4615 10.74 
0.083 2 2 0 2.0 2.0 0.172 0.129 0.3976 0.5081 10.74 
0.084 2 2 0 2.0 2.0 0.182 0.132 0.4016 0.5213 10.74 
0.085 2 2 0 2.0 2.0 0.158 0.138 0.3896 0.5281 10.74 
0.086 2 2 0 2.0 2.0 0.139 0.145 0.4016 0.5354 10.74 
0.087 2 2 0 2.0 2.0 0.131 0.126 0.3936 0.5498 10.74 
0.088 2 2 0 2.0 2.0 0.135 0.119 0.4016 0.5426 10.74 
0.089 2 2 0 2.0 2.0 0.141 0.138 0.4097 0.5426 10.74 
0.090 2 2 0 2.0 2.0 0.132 0.136 0.4181 0.5149 10.74 
0.091 2 2 0 2.0 2.0 0.147 0.129 0.3896 0.5281 10.73 
0.092 2 2 0 2.0 2.0 0.123 0.124 0.4056 0.5426 10.73 
0.093 2 2 0 2.0 2.0 0.148 0.111 0.4181 0.5213 10.73 
0.094 2 2 0 2.0 2.0 0.156 0.094 0.4225 0.5354 10.74 
0.095 2 2 0 2.0 2.0 0.155 0.113 0.3751 0.5498 10.73 
0.096 2 2 0 2.0 2.0 0.155 0.130 0.4016 0.5354 10.74 
0.097 2 2 0 2.0 2.0 0.162 0.130 0.4362 0.5498 10.74 
0.098 2 2 0 2.0 2.0 0.138 0.111 0.4362 0.5498 10.74 
0.099 2 2 0 2.0 2.0 0.154 0.098 0.3787 0.5426 10.75 
0.100 2 2 0 2.0 2.0 0.131 0.095 0.4056 0.5498 10.74 
0.101 2 2 0 2.0 2.0 0.126 0.111 0.4317 0.5575 10.74 
0.102 2 2 0 2.0 2.0 0.106 0.122 0.4615 0.5426 10.74 
0.103 2 2 0 2.0 2.0 0.097 0.122 0.4510 0.5498 10.74 
0.104 2 2 0 2.0 2.0 0.101 0.110 0.4410 0.5426 10.74 
0.105 2 2 0 2.0 2.0 0.126 0.113 0.4410 0.5426 10.74 
0.106 2 2 0 2.0 2.0 0.154 0.100 0.4362 0.5498 10.74 
0.107 2 2 0 2.0 2.0 0.145 0.105 0.4410 0.5498 10.74 
0.108 2 2 0 2.0 2.0 0.127 0.108 0.4462 0.5498 10.74 
0.109 2 2 0 2.0 2.0 0.128 0.122 0.4510 0.5575 10.73 
0.110 2 2 0 2.0 2.0 0.156 0.115 0.4269 0.5575 10.73 
0.111 2 2 0 2.0 2.0 0.147 0.103 0.4723 0.5426 10.73 
0.112 2 2 0 2.0 2.0 0.146 0.096 0.4667 0.5354 10.73 
0.113 2 2 0 2.0 2.0 0.136 0.100 0.4410 0.5655 10.74 
0.114 2 2 0 2.0 2.0 0.138 0.107 0.4510 0.5735 10.74 
0.115 2 2 0 2.0 2.0 0.120 0.100 0.4667 0.5498 10.74 
0.116 2 2 0 2.0 2.0 0.097 0.098 0.4667 0.5655 10.74 
0.117 2 2 0 2.0 2.0 0.061 0.081 0.4410 0.5735 10.74 
0.118 2 2 0 2.0 2.0 0.070 0.106 0.4462 0.5213 10.73 
0.119 2 2 0 2.0 2.0 0.081 0.117 0.4510 0.5498 10.73 
0.120 2 2 0 2.0 2.0 0.106 0.100 0.4723 0.5655 10.73 
0.121 2 2 0 2.0 2.0 0.129 0.103 0.4615 0.5575 10.73 
0.122 2 2 0 2.0 2.0 0.128 0.088 0.4510 0.5904 10.73 
0.123 2 2 0 2.0 2.0 0.128 0.091 0.4562 0.5820 10.74 
0.124 2 2 0 2.0 2.0 0.118 0.100 0.4562 0.5575 10.74 
0.125 2 2 0 2.0 2.0 0.118 0.111 0.4562 0.5498 10.73 
0.126 2 2 0 2.0 2.0 0.124 0.117 0.4362 0.5655 10.74 
0.127 2 2 0 2.0 2.0 0.143 0.103 0.4615 0.5820 10.74 
0.128 2 2 0 2.0 2.0 0.157 0.081 0.4615 0.5498 10.73 
0.129 2 2 0 2.0 2.0 0.135 0.082 0.4562 0.5655 10.73 
0.130 2 2 0 2.0 2.0 0.107 0.095 0.4667 0.5820 10.72 
0.131 2 2 0 2.0 2.0 0.094 0.115 0.4562 0.5655 10.73 
0.132 2 2 0 2.0 2.0 0.098 0.098 0.4615 0.5426 10.74 
0.133 2 2 0 2.0 2.0 0.103 0.103 0.4667 0.5820 10.74 
0.134 2 2 0 2.0 2.0 0.108 0.101 0.4510 0.5735 10.73 
0.135 2 2 0 2.0 2.0 0.105 0.100 0.4615 0.5655 10.74 
0.136 2 2 0 2.0 2.0 0.101 0.104 0.4723 0.5820 10.73 
0.137 2 2 0 2.0 2.0 0.131 0.106 0.4723 0.5735 10.73 
0.138 2 2 0 2.0 2.0 0.140 0.084 0.4462 0.5426 10.73 
0.139 2 2 0 2.0 2.0 0.130 0.080 0.4562 0.5735 10.73 
0.140 2 2 0 2.0 2.0 0.117 0.065 0.4836 0.5820 10.74 
0.141 2 2 0 2.0 2.0 0.101 0.067 0.4462 0.5575 10.74 
0.142 2 2 0 2.0 2.0 0.113 0.092 0.4615 0.5820 10.74 
0.143 2 2 0 2.0 2.0 0.116 0.073 0.4562 0.5904 10.74 
0.144 2 2 0 2.0 2.0 0.100 0.097 0.4723 0.5904 10.73 
0.145 2 2 0 2.0 2.0 0.077 0.092 0.5020 0.5735 10.73 
0.146 2 2 0 2.0 2.0 0.069 0.088 0.4779 0.5820 10.74 
0.147 2 2 0 2.0 2.0 0.086 0.100 0.4779 0.5904 10.74 
0.148 2 2 0 2.0 2.0 0.111 0.113 0.4667 0.5904 10.73 
0.149 2 2 0 2.0 2.0 0.130 0.100 0.4723 0.5655 10.73 
0.150 2 2 0 2.0 2.0 0.137 0.100 0.4779 0.5820 10.73 
0.151 2 2 0 2.0 2.0 0.145 0.087 0.4779 0.5904 10.73 
0.152 2 2 0 2.0 2.0 0.134 0.087 0.4667 0.5354 10.74 
0.153 2 2 0 2.0 2.0 0.116 0.096 0.5020 0.5655 10.73 
0.154 2 2 0 2.0 2.0 0.113 0.095 0.4956 0.5820 10.73 
0.155 2 2 0 2.0 2.0 0.123 0.087 0.4667 0.5735 10.73 
0.156 2 2 0 2.0 2.0 0.137 0.087 0.4779 0.6085 10.73 
0.157 2 2 0 2.0 2.0 0.103 0.094 0.4956 0.5992 10.73 
0.158 2 2 0 2.0 2.0 0.058 0.083 0.4723 0.5904 10.73 
0.159 2 2 0 2.0 2.0 0.047 0.079 0.4779 0.5575 10.73 
0.160 2 2 0 2.0 2.0 0.068 0.096 0.4723 0.5735 10.73 
0.161 2 2 0 2.0 2.0 0.074 0.114 0.4836 0.5904 10.73 
0.162 2 2 0 2.0 2.0 0.104 0.102 0.4956 0.5655 10.73 
0.163 2 2 0 2.0 2.0 0.123 0.104 0.4836 0.5735 10.74 
0.164 2 2 0 2.0 2.0 0.129 0.103 0.4896 0.5904 10.73 
0.165 2 2 0 2.0 2.0 0.116 0.105 0.4896 0.5820 10.74 
0.166 2 2 0 2.0 2.0 0.109 0.097 0.4836 0.5655 10.73 
0.167 2 2 0 2.0 2.0 0.103 0.072 0.4779 0.5820 10.74 
0.168 2 2 0 2.0 2.0 0.123 0.065 0.4836 0.5904 10.73 
0.169 2 2 0 2.0 2.0 0.144 0.077 0.4836 0.5735 10.73 
0.170 2 2 0 2.0 2.0 0.127 0.096 0.4723 0.5820 10.73 
0.171 2 2 0 2.0 2.0 0.104 0.097 0.4836 0.5904 10.73 
0.172 2 2 0 2.0 2.0 0.085 0.077 0.4723 0.5904 10.73 
0.173 2 2 0 2.0 2.0 0.080 0.073 0.4836 0.5904 10.73 
0.174 2 2 0 2.0 2.0 0.089 0.066 0.4896 0.5820 10.73 
0.175 2 2 0 2.0 2.0 0.106 0.083 0.4667 0.5992 10.72 
0.176 2 2 0 2.0 2.0 0.104 0.107 0.4779 0.6085 10.73 
0.177 2 2 0 2.0 2.0 0.093 0.115 0.4896 0.5904 10.73 
0.178 2 2 0 2.0 2.0 0.107 0.080 0.4615 0.5904 10.74 
0.179 2 2 0 2.0 2.0 0.103 0.060 0.4723 0.5992 10.72 
0.180 2 2 0 2.0 2.0 0.114 0.073 0.5081 0.6085 10.73 
0.181 2 2 0 2.0 2.0 0.111 0.095 0.5020 0.6085 10.73 
0.182 2 2 0 2.0 2.0 0.110 0.100 0.4615 0.5575 10.73 
0.183 2 2 0 2.0 2.0 0.101 0.064 0.4779 0.5992 10.73 
0.184 2 2 0 2.0 2.0 0.091 0.038 0.4896 0.6085 10.73 
0.185 2 2 0 2.0 2.0 0.083 0.039 0.5149 0.5498 10.73 
0.186 2 2 0 2.0 2.0 0.090 0.075 0.5081 0.5820 10.73 
0.187 2 2 0 2.0 2.0 0.097 0.104 0.5020 0.5992 10.73 
0.188 2 2 0 2.0 2.0 0.105 0.100 0.4896 0.5904 10.73 
0.189 2 2 0 2.0 2.0 0.110 0.097 0.4956 0.6177 10.73 
0.190 2 2 0 2.0 2.0 0.116 0.080 0.4956 0.6085 10.73 
0.191 2 2 0 2.0 2.0 0.135 0.101 0.5020 0.5904 10.73 
0.192 2 2 0 2.0 2.0 0.140 0.103 0.4896 0.5655 10.73 
0.193 2 2 0 2.0 2.0 0.123 0.095 0.5213 0.5820 10.73 
0.194 2 2 0 2.0 2.0 0.103 0.080 0.5149 0.5992 10.73 
0.195 2 2 0 2.0 2.0 0.109 0.075 0.4896 0.5655 10.72 
0.196 2 2 0 2.0 2.0 0.116 0.062 0.5081 0.5735 10.72 
0.197 2 2 0 2.0 2.0 0.084 0.088 0.5081 0.5904 10.73 
0.198 2 2 0 2.0 2.0 0.057 0.110 0.4836 0.5904 10.73 
0.199 2 2 0 2.0 2.0 0.058 0.100 0.4956 0.5655 10.74 
0.200 2 2 0 2.0 2.0 0.055 0.091 0.4956 0.5820 10.74 
0.201 2 2 1 4.0 4.0 0.066 0.087 0.5213 0.5904 10.74 
0.202 2 2 1 4.0 4.0 0.157 0.123 0.5149 0.5992 10.72 
0.203 2 2 1 4.0 4.0 0.311 0.272 0.5020 0.5904 10.70 
0.204 2 2 1 4.0 4.0 0.431 0.420 0.5149 0.5904 10.70 
0.205 2 2 1 4.0 4.0 0.499 0.501 0.5213 0.6177 10.69 
0.206 2 2 1 4.0 4.0 0.546 0.524 0.5149 0.6474 10.69 
0.207 2 2 1 4.0 4.0 0.578 0.552 0.5575 0.6374 10.68 
0.208 2 2 1 4.0 4.0 0.611 0.506 0.5735 0.6691 10.69 
0.209 2 2 1 4.0 4.0 0.494 0.497 0.5820 0.6924 10.70 
0.210 2 2 1 4.0 4.0 0.477 0.534 0.5735 0.7169 10.69 
0.211 2 2 1 4.0 4.0 0.496 0.520 0.6085 0.7169 10.69 
0.212 2 2 1 4.0 4.0 0.495 0.522 0.6177 0.7434 10.69 
0.213 2 2 1 4.0 4.0 0.507 0.476 0.6177 0.7723 10.69 
0.214 2 2 1 4.0 4.0 0.431 0.469 0.6374 0.7723 10.70 
0.215 2 2 1 4.0 4.0 0.440 0.465 0.6085 0.7872 10.69 
0.216 2 2 1 4.0 4.0 0.451 0.484 0.6374 0.7575 10.70 
0.217 2 2 1 4.0 4.0 0.458 0.442 0.6924 0.7872 10.70 
0.218 2 2 1 4.0 4.0 0.479 0.408 0.6691 0.8032 10.70 
0.219 2 2 1 4.0 4.0 0.403 0.412 0.6691 0.8193 10.70 
0.220 2 2 1 4.0 4.0 0.336 0.431 0.7434 0.8032 10.70 
0.221 2 2 1 4.0 4.0 0.339 0.413 0.7169 0.8032 10.71 
0.222 2 2 1 4.0 4.0 0.382 0.404 0.7169 0.8366 10.71 
0.223 2 2 1 4.0 4.0 0.375 0.397 0.7434 0.8193 10.70 
0.224 2 2 1 4.0 4.0 0.379 0.376 0.7169 0.8543 10.70 
0.225 2 2 1 4.0 4.0 0.404 0.339 0.7302 0.8543 10.70 
0.226 2 2 1 4.0 4.0 0.420 0.333 0.7575 0.8543 10.70 
0.227 2 2 1 4.0 4.0 0.439 0.363 0.7575 0.8727 10.70 
0.228 2 2 1 4.0 4.0 0.337 0.370 0.7872 0.8924 10.71 
0.229 2 2 1 4.0 4.0 0.284 0.361 0.7723 0.8543 10.71 
0.230 2 2 1 4.0 4.0 0.290 0.339 0.7872 0.8924 10.72 
0.231 2 2 1 4.0 4.0 0.325 0.336 0.8032 0.8924 10.71 
0.232 2 2 1 4.0 4.0 0.306 0.315 0.8193 0.9125 10.70 
0.233 2 2 1 4.0 4.0 0.320 0.307 0.8193 0.9559 10.72 
0.234 2 2 1 4.0 4.0 0.321 0.299 0.8032 0.9559 10.71 
0.235 2 2 1 4.0 4.0 0.355 0.310 0.8366 0.9559 10.70 
0.236 2 2 1 4.0 4.0 0.302 0.304 0.8366 0.9559 10.70 
0.237 2 2 1 4.0 4.0 0.287 0.305 0.8366 0.9796 10.71 
0.238 2 2 1 4.0 4.0 0.283 0.293 0.8543 0.9338 10.71 
0.239 2 2 1 4.0 4.0 0.281 0.301 0.8366 0.9796 10.71 
0.240 2 2 1 4.0 4.0 0.274 0.294 0.8366 1.0041 10.71 
0.241 2 2 1 4.0 4.0 0.285 0.291 0.8543 1.0041 10.67 
0.242 2 2 1 4.0 4.0 0.298 0.274 0.8193 1.0041 10.70 
0.243 2 2 1 4.0 4.0 0.307 0.266 0.8366 1.0298 10.71 
0.244 2 2 1 4.0 4.0 0.256 0.262 0.8924 1.0041 10.72 
0.245 2 2 1 4.0 4.0 0.244 0.279 0.8924 1.0298 10.71 
0.246 2 2 1 4.0 4.0 0.280 0.263 0.8924 1.0298 10.71 
0.247 2 2 1 4.0 4.0 0.274 0.247 0.9125 1.0567 10.71 
0.248 2 2 1 4.0 4.0 0.281 0.274 0.9125 1.0567 10.71 
0.249 2 2 1 4.0 4.0 0.282 0.248 0.9338 1.0567 10.71 
0.250 2 2 1 4.0 4.0 0.304 0.240 0.9125 1.0567 10.72 
0.251 2 2 1 4.0 4.0 0.222 0.210 0.9125 1.0298 10.72 
0.252 2 2 1 4.0 4.0 0.181 0.237 0.9125 1.0567 10.71 
0.253 2 2 1 4.0 4.0 0.195 0.229 0.9559 1.0567 10.71 
0.254 2 2 1 4.0 4.0 0.216 0.242 0.9559 1.0852 10.71 
0.255 2 2 1 4.0 4.0 0.230 0.257 0.9559 1.1153 10.72 
0.256 2 2 1 4.0 4.0 0.238 0.237 0.9338 1.1153 10.71 
0.257 2 2 1 4.0 4.0 0.275 0.204 0.9559 1.0567 10.72 
0.258 2 2 1 4.0 4.0 0.222 0.217 0.9559 1.0852 10.72 
0.259 2 2 1 4.0 4.0 0.211 0.223 0.9559 1.1153 10.72 
0.260 2 2 1 4.0 4.0 0.217 0.207 0.9338 1.1153 10.72 
0.261 2 2 1 4.0 4.0 0.206 0.209 0.9796 1.1153 10.72 
0.262 2 2 1 4.0 4.0 0.221 0.210 0.9559 1.0852 10.72 
0.263 2 2 1 4.0 4.0 0.228 0.195 0.8924 1.1153 10.72 
0.264 2 2 1 4.0 4.0 0.241 0.192 0.9559 1.1153 10.72 
0.265 2 2 1 4.0 4.0 0.198 0.206 1.0041 1.1153 10.72 
0.266 2 2 1 4.0 4.0 0.189 0.205 1.0041 1.1153 10.72 
0.267 2 2 1 4.0 4.0 0.213 0.223 0.9796 1.1153 10.72 
0.268 2 2 1 4.0 4.0 0.211 0.214 0.9338 1.1153 10.72 
0.269 2 2 1 4.0 4.0 0.218 0.198 1.0298 1.1153 10.72 
0.270 2 2 1 4.0 4.0 0.226 0.187 1.0041 1.1474 10.71 
0.271 2 2 1 4.0 4.0 0.195 0.180 1.0298 1.0852 10.72 
0.272 2 2 1 4.0 4.0 0.140 0.182 1.0041 1.1474 10.72 
0.273 2 2 1 4.0 4.0 0.147 0.190 1.0298 1.1474 10.72 
0.274 2 2 1 4.0 4.0 0.166 0.190 1.0298 1.1474 10.73 
0.275 2 2 1 4.0 4.0 0.196 0.180 1.0298 1.0852 10.72 
0.276 2 2 1 4.0 4.0 0.206 0.151 1.0041 1.1153 10.72 
0.277 2 2 1 4.0 4.0 0.226 0.166 1.0041 1.1812 10.72 
0.278 2 2 1 4.0 4.0 0.197 0.184 1.0041 1.1812 10.72 
0.279 2 2 1 4.0 4.0 0.174 0.206 1.0298 1.1474 10.64 
0.280 2 2 1 4.0 4.0 0.195 0.183 1.0298 1.1474 10.70 
0.281 2 2 1 4.0 4.0 0.209 0.184 1.0041 1.1812 10.72 
0.282 2 2 1 4.0 4.0 0.216 0.185 1.0567 1.1474 10.73 
0.283 2 2 1 4.0 4.0 0.231 0.175 1.0298 1.1812 10.72 
0.284 2 2 1 4.0 4.0 0.212 0.173 1.0298 1.1812 10.72 
0.285 2 2 1 4.0 4.0 0.185 0.189 1.0567 1.1474 10.73 
0.286 2 2 1 4.0 4.0 0.204 0.148 1.0567 1.1812 10.72 
0.287 2 2 1 4.0 4.0 0.206 0.140 1.0567 1.1812 10.72 
0.288 2 2 1 4.0 4.0 0.201 0.152 1.0298 1.1812 10.72 
0.289 2 2 1 4.0 4.0 0.203 0.143 1.0298 1.1812 10.72 
0.290 2 2 1 4.0 4.0 0.198 0.150 1.0852 1.2169 10.72 
0.291 2 2 1 4.0 4.0 0.146 0.160 1.0567 1.2169 10.72 
0.292 2 2 1 4.0 4.0 0.124 0.149 1.0852 1.1474 10.72 
0.293 2 2 1 4.0 4.0 0.152 0.165 1.0852 1.1812 10.72 
0.294 2 2 1 4.0 4.0 0.145 0.162 1.0852 1.2551 10.72 
0.295 2 2 1 4.0 4.0 0.148 0.165 1.0567 1.2169 10.72 
0.296 2 2 1 4.0 4.0 0.176 0.157 1.0567 1.1812 10.72 
0.297 2 2 1 4.0 4.0 0.163 0.134 1.0567 1.1812 10.72 
0.298 2 2 1 4.0 4.0 0.165 0.122 1.0852 1.1812 10.72 
0.299 2 2 1 4.0 4.0 0.157 0.154 1.0567 1.1812 10.72 
0.300 2 2 1 4.0 4.0 0.179 0.157 1.0567 1.1812 10.72 
0.301 2 2 1 4.0 4.0 0.181 0.135 1.0852 1.2169 10.72 
0.302 2 2 1 4.0 4.0 0.213 0.116 1.0567 1.2169 10.72 
0.303 2 2 1 4.0 4.0 0.191 0.108 1.0852 1.1812 10.73 
0.304 2 2 1 4.0 4.0 0.177 0.153 1.0852 1.2169 10.73 
0.305 2 2 1 4.0 4.0 0.185 0.167 1.0852 1.2169 10.72 
0.306 2 2 1 4.0 4.0 0.192 0.150 1.0567 1.2169 10.72 
0.307 2 2 1 4.0 4.0 0.184 0.164 1.0852 1.2169 10.72 
0.308 2 2 1 4.0 4.0 0.203 0.143 1.0567 1.2169 10.72 
0.309 2 2 1 4.0 4.0 0.147 0.135 1.0567 1.2169 10.72 
0.310 2 2 1 4.0 4.0 0.108 0.151 1.0567 1.2169 10.73 
0.311 2 2 1 4.0 4.0 0.120 0.138 1.1153 1.2551 10.72 
0.312 2 2 1 4.0 4.0 0.136 0.147 1.1153 1.1812 10.73 
0.313 2 2 1 4.0 4.0 0.149 0.154 1.0852 1.2169 10.72 
0.314 2 2 1 4.0 4.0 0.176 0.130 1.0852 1.1812 10.72 
0.315 2 2 1 4.0 4.0 0.143 0.126 1.0852 1.2169 10.72 
0.316 2 2 1 4.0 4.0 0.126 0.132 1.1153 1.2551 10.72 
0.317 2 2 1 4.0 4.0 0.131 0.124 1.0852 1.2551 10.72 
0.318 2 2 1 4.0 4.0 0.136 0.136 1.0852 1.2169 10.71 
0.319 2 2 1 4.0 4.0 0.131 0.122 1.1153 1.2169 10.72 
0.320 2 2 1 4.0 4.0 0.146 0.107 1.0852 1.2551 10.72 
0.321 2 2 1 4.0 4.0 0.124 0.119 1.1153 1.2551 10.73 
0.322 2 2 1 4.0 4.0 0.121 0.117 1.1153 1.2169 10.72 
0.323 2 2 1 4.0 4.0 0.147 0.121 1.1153 1.2551 10.72 
0.324 2 2 1 4.0 4.0 0.181 0.135 1.0852 1.2551 10.73 
0.325 2 2 1 4.0 4.0 0.171 0.113 1.1474 1.1812 10.72 
0.326 2 2 1 4.0 4.0 0.188 0.107 1.1153 1.2169 10.73 
0.327 2 2 1 4.0 4.0 0.151 0.111 1.1153 1.2551 10.73 
0.328 2 2 1 4.0 4.0 0.131 0.122 1.1153 1.2551 10.73 
0.329 2 2 1 4.0 4.0 0.153 0.146 1.1474 1.2169 10.73 
0.330 2 2 1 4.0 4.0 0.164 0.134 1.1474 1.2169 10.72 
0.331 2 2 1 4.0 4.0 0.174 0.122 1.1153 1.2169 10.72 
0.332 2 2 1 4.0 4.0 0.198 0.134 1.1153 1.2169 10.72 
0.333 2 2 1 4.0 4.0 0.168 0.118 1.1153 1.2169 10.72 
0.334 2 2 1 4.0 4.0 0.157 0.135 1.1153 1.2169 10.73 
0.335 2 2 1 4.0 4.0 0.151 0.127 1.0852 1.2169 10.73 
0.336 2 2 1 4.0 4.0 0.163 0.107 1.0852 1.2551 10.73 
0.337 2 2 1 4.0 4.0 0.150 0.118 1.1474 1.2551 10.72 
0.338 2 2 1 4.0 4.0 0.169 0.106 1.0852 1.2551 10.72 
0.339 2 2 1 4.0 4.0 0.120 0.114 1.1474 1.2551 10.72 
0.340 2 2 1 4.0 4.0 0.107 0.135 1.1474 1.2551 10.72 
0.341 2 2 1 4.0 4.0 0.131 0.117 1.1153 1.0567 10.72 
0.342 2 2 1 4.0 4.0 0.169 0.115 1.0852 1.2551 10.72 
0.343 2 2 1 4.0 4.0 0.169 0.108 1.1474 1.2952 10.72 
0.344 2 2 1 4.0 4.0 0.190 0.098 1.1474 1.2551 10.72 
0.345 2 2 1 4.0 4.0 0.155 0.125 1.1153 1.2169 10.73 
0.346 2 2 1 4.0 4.0 0.109 0.119 1.1153 1.2169 10.72 
0.347 2 2 1 4.0 4.0 0.122 0.107 1.1474 1.1812 10.73 
0.348 2 2 1 4.0 4.0 0.129 0.119 1.1474 1.2169 10.73 
0.349 2 2 1 4.0 4.0 0.129 0.112 1.1153 1.2551 10.72 
0.350 2 2 1 4.0 4.0 0.140 0.123 1.1153 1.2551 10.72 
0.351 2 2 1 4.0 4.0 0.133 0.129 1.1153 1.2551 10.73 
0.352 2 2 2 -4.0 -4.0 0.132 0.111 1.1153 1.2551 10.73 
0.353 2 2 2 -4.0 -4.0 -0.109 0.025 1.1474 1.2551 10.71 
0.354 2 2 2 -4.0 -4.0 -0.745 -0.657 1.1153 1.2169 10.67 
0.355 2 2 2 -4.0 -4.0 -1.249 -1.339 1.0852 1.1812 10.64 
0.356 2 2 2 -4.0 -4.0 -1.382 -1.519 1.0298 1.1474 10.64 
0.357 2 2 2 -4.0 -4.0 -1.273 -1.740 1.0298 1.1474 10.63 
0.358 2 2 2 -4.0 -4.0 -1.433 -1.992 0.9559 0.9338 10.62 
0.359 2 2 2 -4.0 -4.0 -1.570 -1.897 0.8366 0.9338 10.62 
0.360 2 2 2 -4.0 -4.0 -1.354 -1.768 0.8032 0.8727 10.62 
0.361 2 2 2 -4.0 -4.0 -1.368 -1.870 0.7434 0.8193 10.61 
0.362 2 2 2 -4.0 -4.0 -1.475 -1.927 0.7575 0.7434 10.62 
0.363 2 2 2 -4.0 -4.0 -1.541 -1.750 0.6374 0.6691 10.62 
0.364 2 2 2 -4.0 -4.0 -1.552 -1.627 0.6085 0.6273 10.63 
0.365 2 2 2 -4.0 -4.0 -1.287 -1.681 0.5904 0.6085 10.64 
0.366 2 2 2 -4.0 -4.0 -1.176 -1.780 0.4779 0.5281 10.64 
0.367 2 2 2 -4.0 -4.0 -1.217 -1.804 0.4615 0.4956 10.63 
0.368 2 2 2 -4.0 -4.0 -1.291 -1.783 0.3976 0.3715 10.63 
0.369 2 2 2 -4.0 -4.0 -1.335 -1.739 0.3787 0.3402 10.65 
0.370 2 2 2 -4.0 -4.0 -1.337 -1.502 0.3462 0.3016 10.64 
0.371 2 2 2 -4.0 -4.0 -1.322 -1.391 0.2996 0.2510 10.64 
0.372 2 2 2 -4.0 -4.0 -1.278 -1.386 0.2767 0.2321 10.65 
0.373 2 2 2 -4.0 -4.0 -1.256 -1.373 0.2056 0.2048 10.66 
0.374 2 2 2 -4.0 -4.0 -1.201 -1.379 0.2056 0.2048 10.67 
0.375 2 2 2 -4.0 -4.0 -1.000 -1.395 0.1606 0.1450 10.66 
0.376 2 2 2 -4.0 -4.0 -1.014 -1.409 0.1145 0.1064 10.67 
0.377 2 2 2 -4.0 -4.0 -1.053 -1.380 0.0892 0.0839 10.67 
0.378 2 2 2 -4.0 -4.0 -1.087 -1.346 0.0727 0.0695 10.67 
0.379 2 2 2 -4.0 -4.0 -1.085 -1.308 0.0614 -0.0590 10.67 
0.380 2 2 2 -4.0 -4.0 -1.096 -1.254 0.0534 -0.0590 10.66 
0.381 2 2 2 -4.0 -4.0 -1.099 -1.222 0.0470 -0.0590 10.67 
0.382 2 2 2 -4.0 -4.0 -1.057 -1.186 0.0422 -0.1759 10.67 
0.383 2 2 2 -4.0 -4.0 -0.892 -1.126 0.0382 -0.1759 10.67 
0.384 2 2 2 -4.0 -4.0 -0.877 -1.086 -0.0374 -0.2305 10.68 
0.385 2 2 2 -4.0 -4.0 -0.909 -0.952 -0.0374 -0.2888 10.68 
0.386 2 2 2 -4.0 -4.0 -0.894 -0.918 -0.1775 -0.3088 10.68 
0.387 2 2 2 -4.0 -4.0 -0.885 -0.923 -0.1775 -0.3317 10.68 
0.388 2 2 2 -4.0 -4.0 -0.846 -0.924 -0.2478 -0.3317 10.68 
0.389 2 2 2 -4.0 -4.0 -0.831 -0.915 -0.2711 -0.3430 10.68 
0.390 2 2 2 -4.0 -4.0 -0.816 -0.911 -0.2908 -0.3715 10.68 
0.391 2 2 2 -4.0 -4.0 -0.764 -0.908 -0.2908 -0.4225 10.68 
0.392 2 2 2 -4.0 -4.0 -0.732 -0.909 -0.3374 -0.4317 10.69 
0.393 2 2 2 -4.0 -4.0 -0.728 -0.833 -0.3402 -0.4667 10.69 
0.394 2 2 2 -4.0 -4.0 -0.625 -0.752 -0.3896 -0.4723 10.69 
0.395 2 2 2 -4.0 -4.0 -0.588 -0.717 -0.4056 -0.5354 10.69 
0.396 2 2 2 -4.0 -4.0 -0.614 -0.695 -0.4137 -0.5426 10.70 
0.397 2 2 2 -4.0 -4.0 -0.611 -0.693 -0.4016 -0.5354 10.70 
0.398 2 2 2 -4.0 -4.0 -0.601 -0.711 -0.4779 -0.5735 10.70 
0.399 2 2 2 -4.0 -4.0 -0.580 -0.657 -0.4836 -0.5820 10.70 
0.400 2 2 2 -4.0 -4.0 -0.550 -0.627 -0.4723 -0.5735 10.69 
0.401 2 2 2 -4.0 -4.0 -0.578 -0.634 -0.4896 -0.6177 10.69 
0.402 2 2 2 -4.0 -4.0 -0.505 -0.628 -0.5213 -0.6177 10.70 
0.403 2 2 2 -4.0 -4.0 -0.485 -0.620 -0.5213 -0.6273 10.70 
0.404 2 2 2 -4.0 -4.0 -0.478 -0.617 -0.5426 -0.6583 10.70 
0.405 2 2 2 -4.0 -4.0 -0.447 -0.562 -0.5655 -0.6583 10.70 
0.406 2 2 2 -4.0 -4.0 -0.446 -0.569 -0.6085 -0.6583 10.70 
0.407 2 2 2 -4.0 -4.0 -0.395 -0.567 -0.5992 -0.6804 10.71 
0.408 2 2 2 -4.0 -4.0 -0.406 -0.539 -0.5992 -0.7044 10.71 
0.409 2 2 2 -4.0 -4.0 -0.429 -0.502 -0.5904 -0.7044 10.71 
0.410 2 2 2 -4.0 -4.0 -0.426 -0.480 -0.6374 -0.7302 10.71 
0.411 2 2 2 -4.0 -4.0 -0.418 -0.477 -0.5992 -0.7575 10.71 
0.412 2 2 2 -4.0 -4.0 -0.387 -0.483 -0.6474 -0.7434 10.71 
0.413 2 2 2 -4.0 -4.0 -0.360 -0.467 -0.6583 -0.7723 10.71 
0.414 2 2 2 -4.0 -4.0 -0.382 -0.429 -0.6583 -0.7723 10.71 
0.415 2 2 2 -4.0 -4.0 -0.376 -0.440 -0.6804 -0.7872 10.72 
0.416 2 2 2 -4.0 -4.0 -0.363 -0.459 -0.6691 -0.8032 10.71 
0.417 2 2 2 -4.0 -4.0 -0.329 -0.456 -0.6924 -0.8193 10.71 
0.418 2 2 2 -4.0 -4.0 -0.341 -0.408 -0.7169 -0.8366 10.71 
0.419 2 2 2 -4.0 -4.0 -0.335 -0.387 -0.6924 -0.8193 10.72 
0.420 2 2 2 -4.0 -4.0 -0.340 -0.384 -0.7169 -0.8543 10.72 
0.421 2 2 2 -4.0 -4.0 -0.398 -0.398 -0.7434 -0.8366 10.72 
0.422 2 2 2 -4.0 -4.0 -0.385 -0.386 -0.7575 -0.8543 10.72 
0.423 2 2 2 -4.0 -4.0 -0.364 -0.365 -0.7723 -0.8924 10.69 
0.424 2 2 2 -4.0 -4.0 -0.345 -0.380 -0.7575 -0.8924 10.71 
0.425 2 2 2 -4.0 -4.0 -0.346 -0.378 -0.7575 -0.8193 10.71 
0.426 2 2 2 -4.0 -4.0 -0.314 -0.372 -0.7872 -0.8727 10.71 
0.427 2 2 2 -4.0 -4.0 -0.313 -0.356 -0.7575 -0.8924 10.72 
0.428 2 2 2 -4.0 -4.0 -0.284 -0.361 -0.8032 -0.9338 10.71 
0.429 2 2 2 -4.0 -4.0 -0.288 -0.345 -0.7723 -0.9338 10.72 
0.430 2 2 2 -4.0 -4.0 -0.295 -0.330 -0.8032 -0.9338 10.71 
0.431 2 2 2 -4.0 -4.0 -0.285 -0.311 -0.7872 -0.9338 10.72 
0.432 2 2 2 -4.0 -4.0 -0.272 -0.336 -0.8193 -0.9338 10.72 
0.433 2 2 2 -4.0 -4.0 -0.237 -0.329 -0.8543 -0.9338 10.72 
0.434 2 2 2 -4.0 -4.0 -0.254 -0.320 -0.8366 -0.9338 10.72 
0.435 2 2 2 -4.0 -4.0 -0.261 -0.326 -0.8032 -0.9559 10.72 
0.436 2 2 2 -4.0 -4.0 -0.287 -0.294 -0.8366 -0.9796 10.72 
0.437 2 2 2 -4.0 -4.0 -0.303 -0.277 -0.8193 -0.9796 10.72 
0.438 2 2 2 -4.0 -4.0 -0.266 -0.266 -0.8543 -0.9796 10.72 
0.439 2 2 2 -4.0 -4.0 -0.263 -0.287 -0.8366 -1.0041 10.72 
0.440 2 2 2 -4.0 -4.0 -0.247 -0.294 -0.8727 -0.9796 10.72 
0.441 2 2 2 -4.0 -4.0 -0.251 -0.304 -0.8727 -0.9796 10.72 
0.442 2 2 2 -4.0 -4.0 -0.280 -0.312 -0.8924 -0.9796 10.72 
0.443 2 2 2 -4.0 -4.0 -0.274 -0.304 -0.8727 -1.0041 10.72 
0.444 2 2 2 -4.0 -4.0 -0.262 -0.283 -0.8924 -1.0041 10.72 
0.445 2 2 2 -4.0 -4.0 -0.257 -0.292 -0.9125 -1.0298 10.72 
0.446 2 2 2 -4.0 -4.0 -0.270 -0.265 -0.9338 -1.0041 10.72 
0.447 2 2 2 -4.0 -4.0 -0.261 -0.257 -0.9338 -1.0298 10.72 
0.448 2 2 2 -4.0 -4.0 -0.247 -0.258 -0.9338 -1.0298 10.72 
0.449 2 2 2 -4.0 -4.0 -0.244 -0.262 -0.9559 -1.0298 10.72 
0.450 2 2 2 -4.0 -4.0 -0.259 -0.264 -0.9559 -1.0567 10.72 
0.451 2 2 2 -4.0 -4.0 -0.220 -0.254 -0.9338 -1.0567 10.72 
0.452 2 2 2 -4.0 -4.0 -0.217 -0.254 -0.9338 -1.0567 10.72 
0.453 2 2 2 -4.0 -4.0 -0.218 -0.250 -0.9338 -1.0852 10.72 
0.454 2 2 2 -4.0 -4.0 -0.190 -0.222 -0.9338 -1.0567 10.72 
0.455 2 2 2 -4.0 -4.0 -0.177 -0.224 -0.9796 -1.0567 10.72 
0.456 2 2 2 -4.0 -4.0 -0.204 -0.228 -0.8924 -1.0567 10.72 
0.457 2 2 2 -4.0 -4.0 -0.219 -0.223 -0.9559 -1.0852 10.71 
0.458 2 2 2 -4.0 -4.0 -0.229 -0.215 -0.9338 -1.0852 10.72 
0.459 2 2 2 -4.0 -4.0 -0.223 -0.208 -0.9796 -1.0567 10.72 
0.460 2 2 2 -4.0 -4.0 -0.204 -0.200 -0.9559 -1.0852 10.72 
0.461 2 2 2 -4.0 -4.0 -0.185 -0.220 -0.9796 -1.0852 10.71 
0.462 2 2 2 -4.0 -4.0 -0.207 -0.228 -0.9796 -1.1153 10.72 
0.463 2 2 2 -4.0 -4.0 -0.233 -0.208 -0.9796 -1.1153 10.72 
0.464 2 2 2 -4.0 -4.0 -0.220 -0.186 -0.9796 -1.1153 10.72 
0.465 2 2 2 -4.0 -4.0 -0.211 -0.212 -1.0041 -1.0852 10.72 
0.466 2 2 2 -4.0 -4.0 -0.210 -0.207 -1.0041 -1.0852 10.72 
0.467 2 2 2 -4.0 -4.0 -0.211 -0.238 -1.0298 -1.1153 10.72 
0.468 2 2 2 -4.0 -4.0 -0.206 -0.258 -1.0041 -1.0852 10.72 
0.469 2 2 2 -4.0 -4.0 -0.188 -0.242 -1.0298 -1.0852 10.71 
0.470 2 2 2 -4.0 -4.0 -0.196 -0.227 -1.0041 -1.1153 10.72 
0.471 2 2 2 -4.0 -4.0 -0.175 -0.220 -1.0298 -1.0852 10.72 
0.472 2 2 2 -4.0 -4.0 -0.168 -0.205 -1.0298 -1.0852 10.72 
0.473 2 2 2 -4.0 -4.0 -0.159 -0.207 -1.0298 -1.1153 10.72 
0.474 2 2 2 -4.0 -4.0 -0.142 -0.221 -1.0298 -1.1153 10.72 
0.475 2 2 2 -4.0 -4.0 -0.121 -0.215 -1.0567 -1.1153 10.72 
0.476 2 2 2 -4.0 -4.0 -0.166 -0.208 -1.0041 -1.1153 10.72 
0.477 2 2 2 -4.0 -4.0 -0.165 -0.208 -1.0567 -1.1153 10.72 
0.478 2 2 2 -4.0 -4.0 -0.171 -0.172 -1.0298 -1.1153 10.71 
0.479 2 2 2 -4.0 -4.0 -0.166 -0.183 -0.9559 -1.1474 10.72 
0.480 2 2 2 -4.0 -4.0 -0.152 -0.186 -1.0298 -1.1474 10.72 
0.481 2 2 2 -4.0 -4.0 -0.158 -0.167 -1.0298 -1.1474 10.72 
0.482 2 2 2 -4.0 -4.0 -0.170 -0.174 -1.0298 -1.1153 10.72 
0.483 2 2 2 -4.0 -4.0 -0.185 -0.168 -1.0298 -1.1474 10.72 
0.484 2 2 2 -4.0 -4.0 -0.161 -0.162 -1.0298 -1.1474 10.73 
0.485 2 2 2 -4.0 -4.0 -0.177 -0.180 -1.0567 -1.1474 10.72 
0.486 2 2 2 -4.0 -4.0 -0.174 -0.190 -1.0852 -1.1474 10.72 
0.487 2 2 2 -4.0 -4.0 -0.158 -0.189 -1.0567 -1.1474 10.71 
0.488 2 2 2 -4.0 -4.0 -0.143 -0.198 -1.0852 -1.1474 10.72 
0.489 2 2 2 -4.0 -4.0 -0.154 -0.173 -1.0567 -1.1474 10.72 
0.490 2 2 2 -4.0 -4.0 -0.134 -0.161 -1.0567 -1.1474 10.72 
0.491 2 2 2 -4.0 -4.0 -0.149 -0.170 -1.0852 -1.1474 10.72 
0.492 2 2 2 -4.0 -4.0 -0.143 -0.194 -1.0852 -1.1474 10.72 
0.493 2 2 2 -4.0 -4.0 -0.123 -0.199 -1.1153 -1.1474 10.73 
0.494 2 2 2 -4.0 -4.0 -0.116 -0.221 -1.1153 -1.1474 10.73 
0.495 2 2 2 -4.0 -4.0 -0.147 -0.191 -1.0852 -1.1812 10.72 
0.496 2 2 2 -4.0 -4.0 -0.150 -0.170 -1.1153 -1.1474 10.72 
0.497 2 2 2 -4.0 -4.0 -0.165 -0.170 -1.1153 -1.1474 10.72 
0.498 2 2 2 -4.0 -4.0 -0.156 -0.166 -1.0852 -1.1812 10.72 
0.499 2 2 2 -4.0 -4.0 -0.148 -0.159 -1.0852 -1.1812 10.72 
0.500 2 2 2 -4.0 -4.0 -0.143 -0.166 -1.0852 -1.1812 10.72 
0.501 2 2 2 -4.0 -4.0 -0.177 -0.145 -1.0852 -1.1812 10.72 
0.502 2 2 2 -4.0 -4.0 -0.163 -0.159 -1.0852 -1.1812 10.71 
0.503 2 2 3 0.0 0.0 -0.158 -0.180 -1.0852 -1.1812 10.71 
0.504 2 2 3 0.0 0.0 -0.029 -0.121 -1.1153 -1.1812 10.73 
0.505 2 2 3 0.0 0.0 0.268 0.165 -1.1153 -1.1474 10.74 
0.506 2 2 3 0.0 0.0 0.424 0.492 -1.0852 -1.1474 10.74 
0.507 2 2 3 0.0 0.0 0.462 0.766 -1.0567 -1.1153 10.74 
0.508 2 2 3 0.0 0.0 0.573 0.837 -1.0567 -1.0852 10.74 
0.509 2 2 3 0.0 0.0 0.652 0.796 -1.0298 -1.0567 10.74 
0.510 2 2 3 0.0 0.0 0.561 0.890 -1.0298 -1.0298 10.74 
0.511 2 2 3 0.0 0.0 0.564 0.938 -1.0041 -1.0041 10.74 
0.512 2 2 3 0.0 0.0 0.597 0.800 -1.0041 -0.9796 10.74 
0.513 2 2 3 0.0 0.0 0.523 0.842 -0.9559 -0.9559 10.74 
0.514 2 2 3 0.0 0.0 0.465 0.881 -0.8366 -0.9125 10.74 
0.515 2 2 3 0.0 0.0 0.520 0.808 -0.8924 -0.8543 10.74 
0.516 2 2 3 0.0 0.0 0.584 0.712 -0.8032 -0.8366 10.74 
0.517 2 2 3 0.0 0.0 0.522 0.759 -0.8193 -0.8032 10.74 
0.518 2 2 3 0.0 0.0 0.435 0.808 -0.7723 -0.8032 10.73 
0.519 2 2 3 0.0 0.0 0.467 0.727 -0.7872 -0.7723 10.74 
0.520 2 2 3 0.0 0.0 0.515 0.649 -0.7434 -0.7044 10.74 
0.521 2 2 3 0.0 0.0 0.481 0.701 -0.7434 -0.7169 10.74 
0.522 2 2 3 0.0 0.0 0.420 0.716 -0.7169 -0.6691 10.74 
0.523 2 2 3 0.0 0.0 0.444 0.711 -0.7169 -0.6474 10.74 
0.524 2 2 3 0.0 0.0 0.491 0.615 -0.6804 -0.6474 10.74 
0.525 2 2 3 0.0 0.0 0.507 0.539 -0.6691 -0.6085 10.74 
0.526 2 2 3 0.0 0.0 0.444 0.557 -0.6474 -0.5820 10.74 
0.527 2 2 3 0.0 0.0 0.382 0.584 -0.6374 -0.5354 10.74 
0.528 2 2 3 0.0 0.0 0.378 0.590 -0.6374 -0.5498 10.74 
0.529 2 2 3 0.0 0.0 0.397 0.575 -0.6085 -0.5354 10.74 
0.530 2 2 3 0.0 0.0 0.401 0.466 -0.5655 -0.5281 10.74 
0.531 2 2 3 0.0 0.0 0.355 0.455 -0.5655 -0.4896 10.74 
0.532 2 2 3 0.0 0.0 0.294 0.458 -0.5426 -0.4723 10.74 
0.533 2 2 3 0.0 0.0 0.310 0.469 -0.5213 -0.4615 10.73 
0.534 2 2 3 0.0 0.0 0.337 0.484 -0.5281 -0.3751 10.74 
0.535 2 2 3 0.0 0.0 0.368 0.479 -0.5498 -0.3976 10.74 
0.536 2 2 3 0.0 0.0 0.387 0.447 -0.5213 -0.3715 10.74 
0.537 2 2 3 0.0 0.0 0.379 0.386 -0.4836 -0.3715 10.74 
0.538 2 2 3 0.0 0.0 0.328 0.341 -0.4779 -0.3787 10.74 
0.539 2 2 3 0.0 0.0 0.276 0.323 -0.4723 -0.3374 10.74 
0.540 2 2 3 0.0 0.0 0.288 0.331 -0.4510 -0.3402 10.74 
0.541 2 2 3 0.0 0.0 0.314 0.349 -0.4510 -0.3213 10.74 
0.542 2 2 3 0.0 0.0 0.323 0.367 -0.4317 -0.3185 10.74 
0.543 2 2 3 0.0 0.0 0.280 0.371 -0.4225 -0.3185 10.75 
0.544 2 2 3 0.0 0.0 0.241 0.359 -0.4362 -0.2767 10.74 
0.545 2 2 3 0.0 0.0 0.206 0.343 -0.3936 -0.2711 10.75 
0.546 2 2 3 0.0 0.0 0.162 0.298 -0.3651 -0.2711 10.74 
0.547 2 2 3 0.0 0.0 0.164 0.266 -0.3751 -0.2478 10.74 
0.548 2 2 3 0.0 0.0 0.182 0.221 -0.3161 -0.2478 10.75 
0.549 2 2 3 0.0 0.0 0.207 0.209 -0.3550 -0.2478 10.74 
0.550 2 2 3 0.0 0.0 0.235 0.202 -0.3787 -0.2181 10.74 
0.551 2 2 3 0.0 0.0 0.260 0.218 -0.3615 -0.2181 10.74 
0.552 2 2 3 0.0 0.0 0.265 0.226 -0.3237 -0.2048 10.74 
0.553 2 2 3 0.0 0.0 0.261 0.232 -0.2787 -0.2048 10.74 
0.554 2 2 3 0.0 0.0 0.242 0.233 -0.3064 -0.1868 10.74 
0.555 2 2 3 0.0 0.0 0.199 0.229 -0.3064 -0.1715 10.74 
0.556 2 2 3 0.0 0.0 0.147 0.216 -0.2972 -0.1715 10.74 
0.557 2 2 3 0.0 0.0 0.112 0.207 -0.2848 -0.1659 10.74 
0.558 2 2 3 0.0 0.0 0.122 0.187 -0.2848 -0.1659 10.74 
0.559 2 2 3 0.0 0.0 0.147 0.175 -0.2574 -0.1659 10.74 
0.560 2 2 3 0.0 0.0 0.158 0.164 -0.2659 -0.1390 10.74 
0.561 2 2 3 0.0 0.0 0.154 0.153 -0.2659 -0.1390 10.75 
0.562 2 2 3 0.0 0.0 0.143 0.152 -0.2510 -0.1390 10.74 
0.563 2 2 3 0.0 0.0 0.137 0.146 -0.2374 -0.1221 10.74 
0.564 2 2 3 0.0 0.0 0.136 0.139 -0.2362 -0.1221 10.74 
0.565 2 2 3 0.0 0.0 0.124 0.133 -0.2157 -0.1221 10.74 
0.566 2 2 3 0.0 0.0 0.127 0.120 -0.2157 -0.1221 10.74 
0.567 2 2 3 0.0 0.0 0.133 0.108 -0.2157 -0.0984 10.75 
0.568 2 2 3 0.0 0.0 0.117 0.099 -0.2157 -0.0984 10.74 
0.569 2 2 3 0.0 0.0 0.099 0.089 -0.1968 -0.0984 10.74 
0.570 2 2 3 0.0 0.0 0.100 0.069 -0.1968 -0.0984 10.74 
0.571 2 2 3 0.0 0.0 0.105 0.059 -0.1956 -0.0972 10.74 
0.572 2 2 3 0.0 0.0 0.099 0.055 -0.1956 -0.0884 10.74 
0.573 2 2 3 0.0 0.0 0.104 0.060 -0.1856 -0.0884 10.74 
0.574 2 2 3 0.0 0.0 0.110 0.058 -0.1856 -0.0884 10.74 
0.575 2 2 3 0.0 0.0 0.116 0.054 -0.1856 -0.0884 10.74 
0.576 2 2 3 0.0 0.0 0.119 0.053 -0.1691 -0.0872 10.74 
0.577 2 2 3 0.0 0.0 0.115 0.046 -0.1691 -0.0715 10.74 
0.578 2 2 3 0.0 0.0 0.110 0.044 -0.1514 -0.0606 10.74 
0.579 2 2 3 0.0 0.0 0.104 0.040 -0.1374 -0.0526 10.74 
0.580 2 2 3 0.0 0.0 0.102 0.050 -0.1374 -0.0518 10.74 
0.581 2 2 3 0.0 0.0 0.093 0.030 -0.1374 -0.0518 10.74 
0.582 2 2 3 0.0 0.0 0.075 0.031 -0.1341 -0.0518 10.74 
0.583 2 2 3 0.0 0.0 0.066 0.023 -0.1341 -0.0518 10.74 
0.584 2 2 3 0.0 0.0 0.059 0.022 -0.1341 -0.0518 10.74 
0.585 2 2 3 0.0 0.0 0.070 0.030 -0.1245 -0.0518 10.75 
0.586 2 2 3 0.0 0.0 0.066 0.027 -0.1245 -0.0518 10.74 
0.587 2 2 3 0.0 0.0 0.070 0.024 -0.1245 -0.0506 10.74 
0.588 2 2 3 0.0 0.0 0.071 0.015 -0.1165 -0.0450 10.74 
0.589 2 2 3 0.0 0.0 0.066 0.010 -0.1165 -0.0406 10.74 
0.590 2 2 3 0.0 0.0 0.065 0.011 -0.1165 -0.0365 10.75 
0.591 2 2 3 0.0 0.0 0.058 0.002 -0.1165 -0.0337 10.74 
0.592 2 2 3 0.0 0.0 0.057 -0.006 -0.1008 -0.0309 10.74 
0.593 2 2 3 0.0 0.0 0.055 -0.005 -0.1008 -0.0285 10.74 
0.594 2 2 3 0.0 0.0 0.055 -0.002 -0.1008 -0.0269 10.74 
0.595 2 2 3 0.0 0.0 0.056 -0.007 -0.1008 -0.0249 10.74 
0.596 2 2 3 0.0 0.0 0.050 -0.001 -0.0976 -0.0237 10.74 
0.597 2 2 3 0.0 0.0 0.047 -0.001 -0.0904 -0.0221 10.74 
0.598 2 2 3 0.0 0.0 0.049 0.003 -0.0904 -0.0209 10.74 
0.599 2 2 3 0.0 0.0 0.051 0.004 -0.0904 -0.0201 10.74 
0.600 2 2 3 0.0 0.0 0.047 0.003 -0.0904 -0.0189 10.74 
0.601 2 2 3 0.0 0.0 0.040 0.002 -0.0859 -0.0181 10.75 
0.602 2 2 3 0.0 0.0 0.033 0.001 -0.0771 -0.0173 10.75 
0.603 2 2 3 0.0 0.0 0.028 -0.003 -0.0771 -0.0165 10.74 
0.604 2 2 3 0.0 0.0 0.027 -0.005 -0.0771 -0.0161 10.74 
0.605 2 2 3 0.0 0.0 0.031 -0.007 -0.0771 -0.0153 10.73 
0.606 2 2 3 0.0 0.0 0.028 -0.025 -0.0771 -0.0149 10.74 
0.607 2 2 3 0.0 0.0 0.032 -0.012 -0.0731 -0.0141 10.74 
0.608 2 2 3 0.0 0.0 0.025 -0.011 -0.0619 -0.0137 10.74 
0.609 2 2 3 0.0 0.0 0.023 -0.014 -0.0534 -0.0133 10.74 
0.610 2 2 3 0.0 0.0 0.016 -0.018 -0.0474 -0.0129 10.74 
0.611 2 2 3 0.0 0.0 0.009 -0.020 -0.0462 -0.0125 10.74 
0.612 2 2 3 0.0 0.0 0.013 -0.017 -0.0462 -0.0120 10.74 
0.613 2 2 3 0.0 0.0 0.022 -0.009 -0.0462 -0.0116 10.74 
0.614 2 2 3 0.0 0.0 0.021 -0.005 -0.0462 -0.0112 10.74 
0.615 2 2 3 0.0 0.0 0.018 -0.010 -0.0462 -0.0108 10.74 
0.616 2 2 3 0.0 0.0 0.017 -0.009 -0.0462 -0.0108 10.74 
0.617 2 2 3 0.0 0.0 0.016 -0.007 -0.0462 -0.0104 10.74 
0.618 2 2 3 0.0 0.0 0.017 -0.001 -0.0462 -0.0100 10.75 
0.619 2 2 3 0.0 0.0 0.011 0.001 -0.0454 -0.0100 10.74 
0.620 2 2 3 0.0 0.0 0.011 0.005 -0.0410 -0.0096 10.74 
0.621 2 2 3 0.0 0.0 0.009 0.005 -0.0369 -0.0092 10.75 
0.622 2 2 3 0.0 0.0 0.004 0.001 -0.0337 -0.0092 10.75 
0.623 2 2 3 0.0 0.0 -0.000 -0.005 -0.0313 -0.0088 10.75 
0.624 2 2 3 0.0 0.0 -0.002 -0.005 -0.0289 -0.0088 10.74 
0.625 2 2 3 0.0 0.0 -0.003 -0.003 -0.0269 -0.0084 10.74 
0.626 2 2 3 0.0 0.0 -0.005 -0.002 -0.0253 -0.0084 10.75 
0.627 2 2 3 0.0 0.0 -0.006 -0.007 -0.0237 -0.0080 10.75 
0.628 2 2 3 0.0 0.0 0.003 -0.013 -0.0225 -0.0080 10.74 
0.629 2 2 3 0.0 0.0 0.009 -0.016 -0.0213 -0.0080 10.74 
0.630 2 2 3 0.0 0.0 0.009 -0.010 -0.0201 -0.0076 10.74 
0.631 2 2 3 0.0 0.0 0.003 -0.014 -0.0193 -0.0076 10.74 
0.632 2 2 3 0.0 0.0 0.006 -0.008 -0.0181 0.0076 10.74 
0.633 2 2 3 0.0 0.0 0.007 -0.011 -0.0173 0.0076 10.74 
0.634 2 2 3 0.0 0.0 0.002 -0.013 -0.0169 0.0076 10.74 
0.635 2 2 3 0.0 0.0 0.005 -0.015 -0.0161 0.0076 10.74 
0.636 2 2 3 0.0 0.0 0.002 -0.011 -0.0153 0.0076 10.74 
0.637 2 2 3 0.0 0.0 0.002 -0.008 -0.0149 0.0076 10.74 
0.638 2 2 3 0.0 0.0 0.002 -0.007 -0.0141 0.0076 10.74 
0.639 2 2 3 0.0 0.0 0.009 0.008 -0.0137 0.0076 10.74 
0.640 2 2 3 0.0 0.0 0.003 0.012 -0.0133 0.0076 10.74 
0.641 2 2 3 0.0 0.0 0.008 0.010 -0.0129 0.0076 10.74 
0.642 2 2 3 0.0 0.0 0.003 0.005 -0.0125 0.0076 10.74 
0.643 2 2 3 0.0 0.0 0.002 0.001 -0.0120 0.0076 10.74 
0.644 2 2 3 0.0 0.0 -0.001 -0.003 -0.0116 0.0076 10.74 
0.645 2 2 3 0.0 0.0 -0.002 -0.002 -0.0112 0.0076 10.75 
0.646 2 2 3 0.0 0.0 -0.002 -0.002 -0.0108 0.0076 10.74 
0.647 2 2 3 0.0 0.0 0.006 -0.006 -0.0108 0.0076 10.74 
0.648 2 2 3 0.0 0.0 0.006 -0.004 -0.0104 0.0076 10.74 
0.649 2 2 3 0.0 0.0 0.009 -0.004 -0.0100 0.0076 10.74 
0.650 2 2 3 0.0 0.0 0.011 -0.006 -0.0100 0.0076 10.74 
0.651 2 2 3 0.0 0.0 0.002 -0.008 -0.0096 0.0076 10.74 
0.652 2 2 3 0.0 0.0 0.008 -0.005 -0.0092 0.0076 10.74 
0.653 2 2 3 0.0 0.0 -0.000 -0.005 -0.0092 0.0076 10.74 
0.654 2 2 3 0.0 0.0 0.005 -0.006 -0.0088 0.0076 10.74 
0.655 2 2 3 0.0 0.0 0.003 -0.003 -0.0088 0.0076 10.74 
0.656 2 2 3 0.0 0.0 0.006 -0.003 -0.0084 0.0076 10.74 
0.657 2 2 3 0.0 0.0 0.009 -0.003 -0.0084 0.0076 10.74 
0.658 2 2 3 0.0 0.0 0.011 -0.004 -0.0080 0.0076 10.74 
0.659 2 2 3 0.0 0.0 0.008 -0.001 -0.0080 0.0076 10.74 
0.660 2 2 3 0.0 0.0 -0.006 -0.002 -0.0080 0.0076 10.75 
0.661 2 2 3 0.0 0.0 0.003 0.004 -0.0076 0.0076 10.75 
0.662 2 2 3 0.0 0.0 -0.003 -0.002 -0.0076 0.0076 10.75 
0.663 2 2 3 0.0 0.0 0.004 -0.006 -0.0072 0.0076 10.75 
0.664 2 2 3 0.0 0.0 0.002 -0.006 -0.0072 0.0076 10.75 
0.665 2 2 3 0.0 0.0 -0.002 -0.006 -0.0072 0.0076 10.75 
