%% logfile from robot Andrea (49)
% Andrea (49)
%  1    time 0.000 sec
%  2  3  4   (mission 0), state 2, thread 2, line 0
%  5  6 Motor voltage [V] left, right: 2.0 2.0
%  7  8 Motor current left, right [A]: 0.049 0.059
%  9 10 Wheel velocity [m/s] left, right: -0.0000 -0.0000
% 11    Battery voltage [V]: 12.39
0.001 2 2 0 2.0 2.0 0.108 0.065 -0.0000 -0.0000 12.38 
0.002 2 2 0 2.0 2.0 0.281 0.274 -0.0000 -0.0000 12.37 
0.003 2 2 0 2.0 2.0 0.391 0.392 -0.0000 -0.0000 12.35 
0.004 2 2 0 2.0 2.0 0.450 0.473 -0.0000 -0.0000 12.36 
0.005 2 2 0 2.0 2.0 0.482 0.485 0.0000 -0.0000 12.37 
0.006 2 2 0 2.0 2.0 0.483 0.518 0.0000 -0.0000 12.36 
0.007 2 2 0 2.0 2.0 0.467 0.524 0.0000 -0.0000 12.36 
0.008 2 2 0 2.0 2.0 0.461 0.464 0.0000 -0.0000 12.34 
0.009 2 2 0 2.0 2.0 0.444 0.452 0.0000 0.0000 12.35 
0.010 2 2 0 2.0 2.0 0.447 0.445 0.0892 0.0000 12.36 
0.011 2 2 0 2.0 2.0 0.429 0.457 0.0892 0.0000 12.35 
0.012 2 2 0 2.0 2.0 0.427 0.507 0.0892 0.1176 12.35 
0.013 2 2 0 2.0 2.0 0.414 0.470 0.1237 0.1176 12.36 
0.014 2 2 0 2.0 2.0 0.391 0.421 0.1237 0.1176 12.34 
0.015 2 2 0 2.0 2.0 0.393 0.372 0.1809 0.1639 12.34 
0.016 2 2 0 2.0 2.0 0.372 0.350 0.1809 0.1639 12.33 
0.017 2 2 0 2.0 2.0 0.350 0.288 0.2649 0.1903 12.36 
0.018 2 2 0 2.0 2.0 0.334 0.317 0.2426 0.1903 12.34 
0.019 2 2 0 2.0 2.0 0.289 0.354 0.2215 0.1959 12.35 
0.020 2 2 0 2.0 2.0 0.306 0.376 0.2203 0.1959 12.34 
0.021 2 2 0 2.0 2.0 0.311 0.378 0.1968 0.1976 12.35 
0.022 2 2 0 2.0 2.0 0.320 0.369 0.2385 0.1976 12.35 
0.023 2 2 0 2.0 2.0 0.334 0.333 0.2385 0.2239 12.35 
0.024 2 2 0 2.0 2.0 0.325 0.309 0.2759 0.2316 12.37 
0.025 2 2 0 2.0 2.0 0.305 0.319 0.2633 0.2316 12.36 
0.026 2 2 0 2.0 2.0 0.297 0.272 0.2633 0.2536 12.36 
0.027 2 2 0 2.0 2.0 0.299 0.292 0.2937 0.2738 12.36 
0.028 2 2 0 2.0 2.0 0.305 0.309 0.2917 0.2738 12.37 
0.029 2 2 0 2.0 2.0 0.289 0.327 0.3144 0.2795 12.37 
0.030 2 2 0 2.0 2.0 0.231 0.262 0.3144 0.3002 12.36 
0.031 2 2 0 2.0 2.0 0.234 0.262 0.3071 0.3002 12.36 
0.032 2 2 0 2.0 2.0 0.243 0.278 0.3026 0.2917 12.35 
0.033 2 2 0 2.0 2.0 0.255 0.253 0.3193 0.2917 12.36 
0.034 2 2 0 2.0 2.0 0.240 0.238 0.3193 0.3002 12.37 
0.035 2 2 0 2.0 2.0 0.232 0.258 0.3558 0.3002 12.35 
0.036 2 2 0 2.0 2.0 0.229 0.262 0.3351 0.2775 12.36 
0.037 2 2 0 2.0 2.0 0.232 0.272 0.3168 0.3193 12.35 
0.038 2 2 0 2.0 2.0 0.219 0.256 0.3497 0.3351 12.37 
0.039 2 2 0 2.0 2.0 0.215 0.299 0.3789 0.3351 12.36 
0.040 2 2 0 2.0 2.0 0.194 0.248 0.3619 0.3351 12.36 
0.041 2 2 0 2.0 2.0 0.193 0.207 0.3436 0.3168 12.35 
0.042 2 2 0 2.0 2.0 0.209 0.224 0.3270 0.3408 12.36 
0.043 2 2 0 2.0 2.0 0.213 0.238 0.3688 0.3586 12.36 
0.044 2 2 0 2.0 2.0 0.194 0.228 0.4016 0.3497 12.37 
0.045 2 2 0 2.0 2.0 0.197 0.233 0.3753 0.3436 12.38 
0.046 2 2 0 2.0 2.0 0.201 0.217 0.3323 0.3436 12.38 
0.047 2 2 0 2.0 2.0 0.205 0.242 0.3899 0.3586 12.36 
0.048 2 2 0 2.0 2.0 0.227 0.228 0.4312 0.3436 12.35 
0.049 2 2 0 2.0 2.0 0.188 0.272 0.4016 0.3720 12.36 
0.050 2 2 0 2.0 2.0 0.186 0.264 0.3408 0.3862 12.35 
0.051 2 2 0 2.0 2.0 0.194 0.251 0.4016 0.3753 12.36 
0.052 2 2 0 2.0 2.0 0.170 0.205 0.4507 0.3619 12.38 
0.053 2 2 0 2.0 2.0 0.159 0.223 0.4312 0.3826 12.37 
0.054 2 2 0 2.0 2.0 0.166 0.194 0.3525 0.3789 12.36 
0.055 2 2 0 2.0 2.0 0.150 0.169 0.3826 0.3935 12.37 
0.056 2 2 0 2.0 2.0 0.161 0.210 0.4179 0.3753 12.36 
0.057 2 2 0 2.0 2.0 0.160 0.190 0.4223 0.3935 12.36 
0.058 2 2 0 2.0 2.0 0.164 0.190 0.4406 0.3899 12.35 
0.059 2 2 0 2.0 2.0 0.163 0.228 0.4556 0.4016 12.36 
0.060 2 2 0 2.0 2.0 0.152 0.188 0.4454 0.3899 12.38 
0.061 2 2 0 2.0 2.0 0.156 0.184 0.3826 0.3753 12.38 
0.062 2 2 0 2.0 2.0 0.171 0.210 0.4097 0.3935 12.37 
0.063 2 2 0 2.0 2.0 0.196 0.205 0.4507 0.4097 12.37 
0.064 2 2 0 2.0 2.0 0.163 0.209 0.4507 0.4057 12.36 
0.065 2 2 0 2.0 2.0 0.169 0.211 0.3976 0.4179 12.38 
0.066 2 2 0 2.0 2.0 0.153 0.186 0.4223 0.4268 12.37 
0.067 2 2 0 2.0 2.0 0.143 0.220 0.4884 0.4268 12.37 
0.068 2 2 0 2.0 2.0 0.134 0.224 0.4454 0.4268 12.37 
0.069 2 2 0 2.0 2.0 0.157 0.170 0.3899 0.4312 12.38 
0.070 2 2 0 2.0 2.0 0.156 0.141 0.4945 0.4312 12.36 
0.071 2 2 0 2.0 2.0 0.149 0.138 0.4828 0.4361 12.35 
0.072 2 2 0 2.0 2.0 0.168 0.161 0.3976 0.4223 12.36 
0.073 2 2 0 2.0 2.0 0.148 0.173 0.4268 0.4361 12.37 
0.074 2 2 0 2.0 2.0 0.129 0.157 0.4661 0.4507 12.37 
0.075 2 2 0 2.0 2.0 0.134 0.163 0.4828 0.4507 12.38 
0.076 2 2 0 2.0 2.0 0.134 0.172 0.4771 0.4361 12.37 
0.077 2 2 0 2.0 2.0 0.148 0.146 0.4884 0.4454 12.38 
0.078 2 2 0 2.0 2.0 0.141 0.117 0.4828 0.4454 12.38 
0.079 2 2 0 2.0 2.0 0.151 0.179 0.4714 0.4609 12.36 
0.080 2 2 0 2.0 2.0 0.133 0.187 0.4771 0.4609 12.37 
0.081 2 2 0 2.0 2.0 0.121 0.152 0.4884 0.4771 12.37 
0.082 2 2 0 2.0 2.0 0.129 0.128 0.4661 0.4714 12.37 
0.083 2 2 0 2.0 2.0 0.124 0.125 0.4771 0.4609 12.37 
0.084 2 2 0 2.0 2.0 0.151 0.137 0.5201 0.4609 12.37 
0.085 2 2 0 2.0 2.0 0.142 0.148 0.5071 0.4361 12.38 
0.086 2 2 0 2.0 2.0 0.155 0.144 0.4828 0.4609 12.38 
0.087 2 2 0 2.0 2.0 0.125 0.158 0.5201 0.4661 12.38 
0.088 2 2 0 2.0 2.0 0.125 0.172 0.5071 0.4507 12.39 
0.089 2 2 0 2.0 2.0 0.083 0.172 0.4661 0.4609 12.39 
0.090 2 2 0 2.0 2.0 0.122 0.163 0.5408 0.4714 12.39 
0.091 2 2 0 2.0 2.0 0.118 0.176 0.5201 0.4714 12.38 
0.092 2 2 0 2.0 2.0 0.126 0.174 0.4714 0.4609 12.39 
0.093 2 2 0 2.0 2.0 0.110 0.143 0.4828 0.4556 12.38 
0.094 2 2 0 2.0 2.0 0.106 0.158 0.5266 0.4661 12.38 
0.095 2 2 0 2.0 2.0 0.104 0.148 0.4771 0.4771 12.38 
0.096 2 2 0 2.0 2.0 0.094 0.179 0.4884 0.4771 12.38 
0.097 2 2 0 2.0 2.0 0.123 0.160 0.5132 0.4661 12.38 
0.098 2 2 0 2.0 2.0 0.122 0.129 0.5132 0.4714 12.38 
0.099 2 2 0 2.0 2.0 0.127 0.132 0.5266 0.4714 12.38 
0.100 2 2 0 2.0 2.0 0.086 0.133 0.5481 0.4714 12.39 
0.101 2 2 0 2.0 2.0 0.106 0.113 0.5335 0.4771 12.39 
0.102 2 2 0 2.0 2.0 0.087 0.143 0.4884 0.4771 12.40 
0.103 2 2 0 2.0 2.0 0.112 0.146 0.5408 0.4828 12.39 
0.104 2 2 0 2.0 2.0 0.107 0.139 0.5266 0.4714 12.39 
0.105 2 2 0 2.0 2.0 0.108 0.133 0.4945 0.4884 12.39 
0.106 2 2 0 2.0 2.0 0.115 0.112 0.5712 0.4884 12.38 
0.107 2 2 0 2.0 2.0 0.080 0.109 0.5481 0.4828 12.38 
0.108 2 2 0 2.0 2.0 0.066 0.128 0.4945 0.4884 12.38 
0.109 2 2 0 2.0 2.0 0.106 0.117 0.5793 0.4945 12.38 
0.110 2 2 0 2.0 2.0 0.094 0.148 0.5481 0.4828 12.38 
0.111 2 2 0 2.0 2.0 0.125 0.140 0.4945 0.4884 12.38 
0.112 2 2 0 2.0 2.0 0.114 0.133 0.5071 0.4945 12.38 
0.113 2 2 0 2.0 2.0 0.092 0.113 0.5335 0.4945 12.39 
0.114 2 2 0 2.0 2.0 0.103 0.129 0.5408 0.4771 12.40 
0.115 2 2 0 2.0 2.0 0.120 0.146 0.5335 0.5071 12.39 
0.116 2 2 0 2.0 2.0 0.099 0.139 0.5335 0.5006 12.39 
0.117 2 2 0 2.0 2.0 0.094 0.155 0.5201 0.4884 12.39 
0.118 2 2 0 2.0 2.0 0.110 0.155 0.5201 0.4945 12.39 
0.119 2 2 0 2.0 2.0 0.102 0.103 0.5335 0.4884 12.38 
0.120 2 2 0 2.0 2.0 0.078 0.120 0.5132 0.5071 12.39 
0.121 2 2 0 2.0 2.0 0.068 0.138 0.5201 0.5071 12.39 
0.122 2 2 0 2.0 2.0 0.092 0.143 0.5481 0.5201 12.39 
0.123 2 2 0 2.0 2.0 0.120 0.196 0.5071 0.5132 12.39 
0.124 2 2 0 2.0 2.0 0.090 0.149 0.5201 0.5006 12.39 
0.125 2 2 0 2.0 2.0 0.118 0.103 0.5631 0.4771 12.39 
0.126 2 2 0 2.0 2.0 0.080 0.114 0.5006 0.4884 12.39 
0.127 2 2 0 2.0 2.0 0.094 0.148 0.5132 0.5006 12.39 
0.128 2 2 0 2.0 2.0 0.123 0.144 0.5712 0.5006 12.39 
0.129 2 2 0 2.0 2.0 0.097 0.142 0.4661 0.4945 12.39 
0.130 2 2 0 2.0 2.0 0.083 0.121 0.5132 0.5071 12.39 
0.131 2 2 0 2.0 2.0 0.076 0.168 0.5793 0.5071 12.39 
0.132 2 2 0 2.0 2.0 0.066 0.122 0.4884 0.5006 12.39 
0.133 2 2 0 2.0 2.0 0.058 0.133 0.5132 0.4771 12.39 
0.134 2 2 0 2.0 2.0 0.072 0.151 0.5408 0.4945 12.38 
0.135 2 2 0 2.0 2.0 0.112 0.144 0.5408 0.5132 12.39 
0.136 2 2 0 2.0 2.0 0.108 0.176 0.5554 0.5071 12.38 
0.137 2 2 0 2.0 2.0 0.102 0.168 0.5712 0.4945 12.39 
0.138 2 2 0 2.0 2.0 0.098 0.113 0.5071 0.4945 12.39 
0.139 2 2 0 2.0 2.0 0.108 0.137 0.5266 0.5006 12.39 
0.140 2 2 0 2.0 2.0 0.076 0.115 0.5712 0.4945 12.39 
0.141 2 2 0 2.0 2.0 0.101 0.133 0.5335 0.5006 12.40 
0.142 2 2 0 2.0 2.0 0.074 0.114 0.5335 0.5071 12.39 
0.143 2 2 0 2.0 2.0 0.073 0.155 0.6053 0.4884 12.39 
0.144 2 2 0 2.0 2.0 0.057 0.151 0.4945 0.5006 12.39 
0.145 2 2 0 2.0 2.0 0.078 0.143 0.5266 0.5071 12.39 
0.146 2 2 0 2.0 2.0 0.089 0.079 0.6053 0.4945 12.38 
0.147 2 2 0 2.0 2.0 0.079 0.126 0.4714 0.5071 12.38 
0.148 2 2 0 2.0 2.0 0.107 0.145 0.5266 0.5132 12.38 
0.149 2 2 0 2.0 2.0 0.086 0.133 0.5554 0.5132 12.38 
0.150 2 2 0 2.0 2.0 0.081 0.068 0.5631 0.5132 12.39 
0.151 2 2 0 2.0 2.0 0.109 0.052 0.5554 0.5132 12.39 
0.152 2 2 0 2.0 2.0 0.139 0.091 0.5631 0.5132 12.39 
0.153 2 2 0 2.0 2.0 0.118 0.072 0.5408 0.4945 12.38 
0.154 2 2 0 2.0 2.0 0.116 0.134 0.5408 0.5201 12.38 
0.155 2 2 0 2.0 2.0 0.080 0.146 0.5631 0.5201 12.39 
0.156 2 2 0 2.0 2.0 0.064 0.152 0.5335 0.5071 12.39 
0.157 2 2 0 2.0 2.0 0.061 0.094 0.5408 0.5132 12.39 
0.158 2 2 0 2.0 2.0 0.076 0.089 0.5554 0.5132 12.39 
0.159 2 2 0 2.0 2.0 0.104 0.079 0.5266 0.5266 12.39 
0.160 2 2 0 2.0 2.0 0.075 0.113 0.5408 0.5266 12.39 
0.161 2 2 0 2.0 2.0 0.074 0.102 0.5712 0.5408 12.39 
0.162 2 2 0 2.0 2.0 0.076 0.114 0.5201 0.5266 12.39 
0.163 2 2 0 2.0 2.0 0.088 0.125 0.5335 0.5201 12.39 
0.164 2 2 0 2.0 2.0 0.101 0.096 0.5712 0.4945 12.39 
0.165 2 2 0 2.0 2.0 0.090 0.044 0.5132 0.5071 12.39 
0.166 2 2 0 2.0 2.0 0.092 0.058 0.5266 0.5201 12.38 
0.167 2 2 0 2.0 2.0 0.100 0.129 0.5712 0.5071 12.38 
0.168 2 2 0 2.0 2.0 0.044 0.101 0.5132 0.5132 12.39 
0.169 2 2 0 2.0 2.0 0.071 0.119 0.5266 0.5201 12.39 
0.170 2 2 0 2.0 2.0 0.082 0.114 0.5481 0.5132 12.39 
0.171 2 2 0 2.0 2.0 0.091 0.110 0.5712 0.5132 12.39 
0.172 2 2 0 2.0 2.0 0.104 0.111 0.5631 0.5006 12.39 
0.173 2 2 0 2.0 2.0 0.095 0.183 0.5631 0.5201 12.38 
0.174 2 2 0 2.0 2.0 0.066 0.124 0.5201 0.5201 12.39 
0.175 2 2 0 2.0 2.0 0.077 0.139 0.5335 0.5071 12.39 
0.176 2 2 0 2.0 2.0 0.084 0.063 0.5631 0.5132 12.39 
0.177 2 2 0 2.0 2.0 0.101 0.088 0.5266 0.5132 12.39 
0.178 2 2 0 2.0 2.0 0.084 0.121 0.6146 0.5071 12.38 
0.179 2 2 0 2.0 2.0 0.068 0.136 0.5793 0.5132 12.39 
0.180 2 2 0 2.0 2.0 0.064 0.097 0.5201 0.5132 12.39 
0.181 2 2 0 2.0 2.0 0.072 0.097 0.6146 0.5006 12.39 
0.182 2 2 0 2.0 2.0 0.077 0.098 0.5793 0.5132 12.39 
0.183 2 2 0 2.0 2.0 0.090 0.053 0.5201 0.5201 12.39 
0.184 2 2 0 2.0 2.0 0.089 0.011 0.5712 0.5201 12.38 
0.185 2 2 0 2.0 2.0 0.068 0.095 0.5631 0.5201 12.39 
0.186 2 2 0 2.0 2.0 0.080 0.147 0.5554 0.5266 12.39 
0.187 2 2 0 2.0 2.0 0.102 0.148 0.5712 0.5266 12.38 
0.188 2 2 0 2.0 2.0 0.118 0.094 0.5631 0.5201 12.39 
0.189 2 2 0 2.0 2.0 0.084 0.080 0.5481 0.5201 12.39 
0.190 2 2 0 2.0 2.0 0.080 0.088 0.5712 0.5266 12.38 
0.191 2 2 0 2.0 2.0 0.071 0.038 0.5631 0.5071 12.39 
0.192 2 2 0 2.0 2.0 0.074 0.036 0.5481 0.5335 12.38 
0.193 2 2 0 2.0 2.0 0.091 0.083 0.5964 0.5335 12.38 
0.194 2 2 0 2.0 2.0 0.084 0.080 0.5481 0.5132 12.39 
0.195 2 2 0 2.0 2.0 0.077 0.082 0.5408 0.5201 12.39 
0.196 2 2 0 2.0 2.0 0.060 0.111 0.5878 0.5201 12.39 
0.197 2 2 0 2.0 2.0 0.045 0.055 0.5006 0.5335 12.39 
0.198 2 2 0 2.0 2.0 0.086 0.085 0.5335 0.5266 12.39 
0.199 2 2 0 2.0 2.0 0.086 0.079 0.5964 0.5335 12.39 
0.200 2 2 0 2.0 2.0 0.093 0.027 0.5201 0.5266 12.39 
0.201 2 2 1 4.0 4.0 0.090 0.104 0.5335 0.5266 12.38 
0.202 2 2 1 4.0 4.0 0.187 0.137 0.6053 0.4945 12.38 
0.203 2 2 1 4.0 4.0 0.345 0.304 0.5266 0.5266 12.37 
0.204 2 2 1 4.0 4.0 0.467 0.444 0.5481 0.5335 12.36 
0.205 2 2 1 4.0 4.0 0.471 0.504 0.5878 0.5266 12.36 
0.206 2 2 1 4.0 4.0 0.511 0.549 0.6239 0.5631 12.36 
0.207 2 2 1 4.0 4.0 0.540 0.568 0.6540 0.5712 12.36 
0.208 2 2 1 4.0 4.0 0.540 0.569 0.6438 0.5964 12.36 
0.209 2 2 1 4.0 4.0 0.553 0.581 0.6239 0.5878 12.36 
0.210 2 2 1 4.0 4.0 0.501 0.617 0.6759 0.6337 12.36 
0.211 2 2 1 4.0 4.0 0.433 0.527 0.6337 0.6438 12.36 
0.212 2 2 1 4.0 4.0 0.441 0.478 0.6994 0.6438 12.37 
0.213 2 2 1 4.0 4.0 0.452 0.515 0.6146 0.6649 12.36 
0.214 2 2 1 4.0 4.0 0.474 0.467 0.6759 0.6649 12.37 
0.215 2 2 1 4.0 4.0 0.457 0.460 0.7241 0.6872 12.37 
0.216 2 2 1 4.0 4.0 0.448 0.465 0.6994 0.6759 12.36 
0.217 2 2 1 4.0 4.0 0.454 0.460 0.7509 0.6994 12.36 
0.218 2 2 1 4.0 4.0 0.480 0.417 0.7651 0.7241 12.37 
0.219 2 2 1 4.0 4.0 0.439 0.487 0.7651 0.7375 12.37 
0.220 2 2 1 4.0 4.0 0.380 0.463 0.7509 0.7509 12.37 
0.221 2 2 1 4.0 4.0 0.405 0.461 0.7951 0.7651 12.37 
0.222 2 2 1 4.0 4.0 0.372 0.449 0.7651 0.7801 12.36 
0.223 2 2 1 4.0 4.0 0.387 0.453 0.8114 0.7509 12.37 
0.224 2 2 1 4.0 4.0 0.348 0.410 0.7651 0.7801 12.36 
0.225 2 2 1 4.0 4.0 0.310 0.415 0.8450 0.7651 12.36 
0.226 2 2 1 4.0 4.0 0.331 0.392 0.7801 0.7801 12.37 
0.227 2 2 1 4.0 4.0 0.367 0.327 0.8450 0.8114 12.37 
0.228 2 2 1 4.0 4.0 0.327 0.366 0.7801 0.8450 12.37 
0.229 2 2 1 4.0 4.0 0.314 0.394 0.8629 0.8276 12.37 
0.230 2 2 1 4.0 4.0 0.290 0.453 0.8114 0.7951 12.36 
0.231 2 2 1 4.0 4.0 0.351 0.374 0.8629 0.8450 12.37 
0.232 2 2 1 4.0 4.0 0.336 0.412 0.8815 0.8450 12.38 
0.233 2 2 1 4.0 4.0 0.318 0.373 0.9014 0.8629 12.37 
0.234 2 2 1 4.0 4.0 0.290 0.357 0.8629 0.8815 12.37 
0.235 2 2 1 4.0 4.0 0.299 0.363 0.8450 0.8629 12.37 
0.236 2 2 1 4.0 4.0 0.287 0.316 0.9217 0.8815 12.37 
0.237 2 2 1 4.0 4.0 0.286 0.372 0.8450 0.8815 12.37 
0.238 2 2 1 4.0 4.0 0.292 0.311 0.9217 0.9014 12.37 
0.239 2 2 1 4.0 4.0 0.298 0.349 0.8629 0.9014 12.37 
0.240 2 2 1 4.0 4.0 0.262 0.300 0.9217 0.9014 12.37 
0.241 2 2 1 4.0 4.0 0.266 0.327 0.9432 0.9217 12.38 
0.242 2 2 1 4.0 4.0 0.245 0.272 0.9655 0.9217 12.37 
0.243 2 2 1 4.0 4.0 0.237 0.400 0.9895 0.9432 12.37 
0.244 2 2 1 4.0 4.0 0.208 0.320 0.9655 0.9432 12.37 
0.245 2 2 1 4.0 4.0 0.236 0.293 1.0142 0.9432 12.37 
0.246 2 2 1 4.0 4.0 0.258 0.361 0.9895 0.9217 12.37 
0.247 2 2 1 4.0 4.0 0.247 0.308 1.0142 0.9432 12.38 
0.248 2 2 1 4.0 4.0 0.235 0.314 1.0142 0.9432 12.37 
0.249 2 2 1 4.0 4.0 0.252 0.430 0.9655 0.9655 12.37 
0.250 2 2 1 4.0 4.0 0.231 0.338 1.0142 0.9895 12.37 
0.251 2 2 1 4.0 4.0 0.204 0.257 0.9895 0.9895 12.37 
0.252 2 2 1 4.0 4.0 0.210 0.303 1.0142 0.9655 12.38 
0.253 2 2 1 4.0 4.0 0.232 0.337 1.0673 0.9895 12.37 
0.254 2 2 1 4.0 4.0 0.243 0.418 1.0142 0.9895 12.37 
0.255 2 2 1 4.0 4.0 0.212 0.303 1.0402 0.9655 12.37 
0.256 2 2 1 4.0 4.0 0.196 0.376 1.0142 0.9895 12.38 
0.257 2 2 1 4.0 4.0 0.182 0.372 0.8815 1.0142 12.37 
0.258 2 2 1 4.0 4.0 0.206 0.334 1.0673 1.0142 12.37 
0.259 2 2 1 4.0 4.0 0.224 0.257 1.0142 1.0142 12.37 
0.260 2 2 1 4.0 4.0 0.201 0.327 1.0402 1.0142 12.37 
0.261 2 2 1 4.0 4.0 0.217 0.254 1.0673 0.9895 12.37 
0.262 2 2 1 4.0 4.0 0.216 0.243 1.0402 1.0142 12.36 
0.263 2 2 1 4.0 4.0 0.189 0.266 1.0673 1.0142 12.37 
0.264 2 2 1 4.0 4.0 0.190 0.456 1.0402 1.0142 12.37 
0.265 2 2 1 4.0 4.0 0.184 0.282 1.0402 1.0142 12.37 
0.266 2 2 1 4.0 4.0 0.178 0.308 1.0961 1.0142 12.37 
0.267 2 2 1 4.0 4.0 0.172 0.316 1.0402 1.0142 12.37 
0.268 2 2 1 4.0 4.0 0.183 0.387 1.0961 1.0142 12.37 
0.269 2 2 1 4.0 4.0 0.175 0.266 1.0961 1.0402 12.38 
0.270 2 2 1 4.0 4.0 0.170 0.286 1.0402 1.0673 12.38 
0.271 2 2 1 4.0 4.0 0.167 0.202 1.0673 1.0402 12.37 
0.272 2 2 1 4.0 4.0 0.188 0.193 1.1266 1.0673 12.38 
0.273 2 2 1 4.0 4.0 0.167 0.279 1.0961 1.0673 12.38 
0.274 2 2 1 4.0 4.0 0.193 0.240 1.1266 1.0673 12.38 
0.275 2 2 1 4.0 4.0 0.179 0.265 1.1590 1.0673 12.37 
0.276 2 2 1 4.0 4.0 0.139 0.372 1.0673 1.0673 12.37 
0.277 2 2 1 4.0 4.0 0.169 0.262 1.1266 1.0673 12.37 
0.278 2 2 1 4.0 4.0 0.192 0.175 1.0673 1.0673 12.38 
0.279 2 2 1 4.0 4.0 0.186 0.191 1.0961 1.0673 12.37 
0.280 2 2 1 4.0 4.0 0.174 0.341 1.0961 1.0673 12.37 
0.281 2 2 1 4.0 4.0 0.171 0.178 1.0961 1.0673 12.37 
0.282 2 2 1 4.0 4.0 0.129 0.330 1.0961 1.0961 12.37 
0.283 2 2 1 4.0 4.0 0.137 0.284 1.1266 1.0961 12.37 
0.284 2 2 1 4.0 4.0 0.174 0.378 1.0961 1.0961 12.37 
0.285 2 2 1 4.0 4.0 0.155 0.254 1.0961 1.0961 12.38 
0.286 2 2 1 4.0 4.0 0.189 0.194 1.1590 1.0961 12.37 
0.287 2 2 1 4.0 4.0 0.165 0.152 1.0961 1.0961 12.36 
0.288 2 2 1 4.0 4.0 0.136 0.337 1.0961 1.0961 12.37 
0.289 2 2 1 4.0 4.0 0.174 0.217 1.1266 1.1266 12.37 
0.290 2 2 1 4.0 4.0 0.172 0.263 1.1590 1.0961 12.37 
0.291 2 2 1 4.0 4.0 0.146 0.217 1.1266 1.0961 12.38 
0.292 2 2 1 4.0 4.0 0.154 0.313 1.1590 1.0961 12.37 
0.293 2 2 1 4.0 4.0 0.152 0.225 1.1266 1.0961 12.36 
0.294 2 2 1 4.0 4.0 0.136 0.201 1.1266 1.0961 12.37 
0.295 2 2 1 4.0 4.0 0.152 0.179 1.1931 1.0961 12.36 
0.296 2 2 1 4.0 4.0 0.163 0.310 1.1266 1.0961 12.37 
0.297 2 2 1 4.0 4.0 0.145 0.182 1.1590 1.0961 12.37 
0.298 2 2 1 4.0 4.0 0.148 0.224 1.1590 1.0142 12.37 
0.299 2 2 1 4.0 4.0 0.146 0.177 1.1590 1.0961 12.37 
0.300 2 2 1 4.0 4.0 0.140 0.229 1.1266 1.0961 12.37 
0.301 2 2 1 4.0 4.0 0.144 0.196 1.1590 1.0961 12.37 
0.302 2 2 1 4.0 4.0 0.156 0.258 1.1590 1.0961 12.38 
0.303 2 2 1 4.0 4.0 0.135 0.139 1.1266 1.0961 12.37 
0.304 2 2 1 4.0 4.0 0.156 0.300 1.1931 1.0402 12.37 
0.305 2 2 1 4.0 4.0 0.144 0.203 1.1931 1.0961 12.37 
0.306 2 2 1 4.0 4.0 0.132 0.160 1.1266 1.1266 12.36 
0.307 2 2 1 4.0 4.0 0.167 0.172 1.1590 1.1590 12.35 
0.308 2 2 1 4.0 4.0 0.143 0.183 1.1931 1.1266 12.34 
0.309 2 2 1 4.0 4.0 0.124 0.124 1.1266 1.1266 12.36 
0.310 2 2 1 4.0 4.0 0.147 0.230 1.0142 1.1266 12.37 
0.311 2 2 1 4.0 4.0 0.124 0.197 1.1931 1.1266 12.37 
0.312 2 2 1 4.0 4.0 0.102 0.204 1.1266 1.1266 12.37 
0.313 2 2 1 4.0 4.0 0.118 0.331 1.1266 1.1266 12.38 
0.314 2 2 1 4.0 4.0 0.131 0.238 1.1590 1.1266 12.37 
0.315 2 2 1 4.0 4.0 0.137 0.114 1.1931 1.1266 12.36 
0.316 2 2 1 4.0 4.0 0.144 0.167 1.1590 1.1266 12.36 
0.317 2 2 1 4.0 4.0 0.130 0.148 1.1931 1.1266 12.37 
0.318 2 2 1 4.0 4.0 0.121 0.155 1.1931 1.1266 12.37 
0.319 2 2 1 4.0 4.0 0.130 0.253 1.1590 1.1266 12.35 
0.320 2 2 1 4.0 4.0 0.125 0.204 1.1931 1.1266 12.36 
0.321 2 2 1 4.0 4.0 0.133 0.256 1.2292 1.1266 12.36 
0.322 2 2 1 4.0 4.0 0.135 0.185 1.1590 1.1266 12.36 
0.323 2 2 1 4.0 4.0 0.102 0.130 1.1590 1.1266 12.38 
0.324 2 2 1 4.0 4.0 0.129 0.112 1.1590 1.1266 12.37 
0.325 2 2 1 4.0 4.0 0.150 0.254 1.1931 1.1590 12.37 
0.326 2 2 1 4.0 4.0 0.113 0.146 1.1590 1.1266 12.37 
0.327 2 2 1 4.0 4.0 0.141 0.162 1.1931 1.1266 12.36 
0.328 2 2 1 4.0 4.0 0.125 0.178 1.2292 1.1266 12.37 
0.329 2 2 1 4.0 4.0 0.102 0.330 1.1590 1.1266 12.38 
0.330 2 2 1 4.0 4.0 0.133 0.201 1.2292 1.1590 12.37 
0.331 2 2 1 4.0 4.0 0.130 0.205 1.1931 1.1266 12.36 
0.332 2 2 1 4.0 4.0 0.115 0.098 1.1931 1.1266 12.36 
0.333 2 2 1 4.0 4.0 0.143 0.194 1.1931 1.1266 12.37 
0.334 2 2 1 4.0 4.0 0.105 0.204 1.2292 1.1266 12.37 
0.335 2 2 1 4.0 4.0 0.098 0.106 1.1931 1.1266 12.37 
0.336 2 2 1 4.0 4.0 0.128 0.145 1.1931 1.1590 12.36 
0.337 2 2 1 4.0 4.0 0.110 0.148 1.2292 1.1590 12.37 
0.338 2 2 1 4.0 4.0 0.103 0.171 1.2292 1.1590 12.37 
0.339 2 2 1 4.0 4.0 0.110 0.125 1.1590 1.1590 12.37 
0.340 2 2 1 4.0 4.0 0.108 0.113 1.1266 1.1590 12.38 
0.341 2 2 1 4.0 4.0 0.122 0.105 1.1931 1.1590 12.36 
0.342 2 2 1 4.0 4.0 0.140 0.199 1.2292 1.1931 12.36 
0.343 2 2 1 4.0 4.0 0.102 0.150 1.1931 1.1931 12.36 
0.344 2 2 1 4.0 4.0 0.128 0.134 1.2292 1.1590 12.37 
0.345 2 2 1 4.0 4.0 0.114 0.119 1.2678 1.1590 12.37 
0.346 2 2 1 4.0 4.0 0.083 0.210 1.1931 1.1590 12.37 
0.347 2 2 1 4.0 4.0 0.122 0.139 1.2292 1.1266 12.35 
0.348 2 2 1 4.0 4.0 0.121 0.155 1.1931 1.1590 12.36 
0.349 2 2 1 4.0 4.0 0.109 0.118 1.2292 1.1590 12.36 
0.350 2 2 1 4.0 4.0 0.126 0.129 1.1931 1.1590 12.35 
0.351 2 2 1 4.0 4.0 0.127 0.179 1.1931 1.1590 12.36 
0.352 2 2 2 -4.0 -4.0 0.117 0.140 1.1590 1.1590 12.36 
0.353 2 2 2 -4.0 -4.0 -0.309 -0.131 1.1590 1.1590 12.34 
0.354 2 2 2 -4.0 -4.0 -1.029 -0.821 1.1931 1.1590 12.33 
0.355 2 2 2 -4.0 -4.0 -1.548 -1.429 1.1590 1.1266 12.28 
0.356 2 2 2 -4.0 -4.0 -1.525 -1.845 1.0402 1.0402 12.28 
0.357 2 2 2 -4.0 -4.0 -1.670 -1.718 1.0402 0.9895 12.29 
0.358 2 2 2 -4.0 -4.0 -1.836 -1.759 0.8629 0.8450 12.27 
0.359 2 2 2 -4.0 -4.0 -1.831 -1.848 0.8629 0.8450 12.26 
0.360 2 2 2 -4.0 -4.0 -1.530 -1.849 0.8276 0.8114 12.28 
0.361 2 2 2 -4.0 -4.0 -1.609 -1.761 0.7801 0.7509 12.27 
0.362 2 2 2 -4.0 -4.0 -1.672 -1.614 0.5631 0.6759 12.29 
0.363 2 2 2 -4.0 -4.0 -1.693 -1.660 0.5964 0.6337 12.27 
0.364 2 2 2 -4.0 -4.0 -1.620 -1.764 0.6053 0.5631 12.28 
0.365 2 2 2 -4.0 -4.0 -1.363 -1.799 0.5006 0.5132 12.29 
0.366 2 2 2 -4.0 -4.0 -1.382 -1.836 0.4771 0.4507 12.29 
0.367 2 2 2 -4.0 -4.0 -1.413 -1.567 0.4406 0.3935 12.28 
0.368 2 2 2 -4.0 -4.0 -1.424 -1.390 0.4097 0.3193 12.28 
0.369 2 2 2 -4.0 -4.0 -1.448 -1.505 0.2917 0.2836 12.30 
0.370 2 2 2 -4.0 -4.0 -1.427 -1.449 0.2536 0.2836 12.30 
0.371 2 2 2 -4.0 -4.0 -1.406 -1.572 0.1558 0.2134 12.29 
0.372 2 2 2 -4.0 -4.0 -1.357 -1.448 0.1347 0.2134 12.28 
0.373 2 2 2 -4.0 -4.0 -1.326 -1.448 0.1347 0.1785 12.29 
0.374 2 2 2 -4.0 -4.0 -1.289 -1.392 0.1347 0.1237 12.31 
0.375 2 2 2 -4.0 -4.0 -1.268 -1.499 0.1128 0.0949 12.29 
0.376 2 2 2 -4.0 -4.0 -1.206 -1.360 -0.1006 0.0767 12.31 
0.377 2 2 2 -4.0 -4.0 -1.131 -1.221 -0.1006 0.0645 12.30 
0.378 2 2 2 -4.0 -4.0 -1.071 -1.221 -0.1006 -0.0568 12.32 
0.379 2 2 2 -4.0 -4.0 -1.035 -1.129 -0.1396 -0.0568 12.30 
0.380 2 2 2 -4.0 -4.0 -0.993 -1.190 -0.1396 -0.1903 12.32 
0.381 2 2 2 -4.0 -4.0 -0.940 -1.096 -0.2414 -0.1903 12.32 
0.382 2 2 2 -4.0 -4.0 -0.914 -1.195 -0.3720 -0.2369 12.31 
0.383 2 2 2 -4.0 -4.0 -0.887 -1.117 -0.3351 -0.2369 12.31 
0.384 2 2 2 -4.0 -4.0 -0.902 -1.077 -0.3270 -0.2617 12.31 
0.385 2 2 2 -4.0 -4.0 -0.734 -1.001 -0.3976 -0.3047 12.33 
0.386 2 2 2 -4.0 -4.0 -0.707 -1.035 -0.4268 -0.3436 12.32 
0.387 2 2 2 -4.0 -4.0 -0.716 -0.935 -0.4312 -0.3525 12.31 
0.388 2 2 2 -4.0 -4.0 -0.704 -0.924 -0.3935 -0.3525 12.32 
0.389 2 2 2 -4.0 -4.0 -0.708 -0.845 -0.4361 -0.3497 12.33 
0.390 2 2 2 -4.0 -4.0 -0.685 -0.860 -0.5071 -0.4016 12.33 
0.391 2 2 2 -4.0 -4.0 -0.704 -0.906 -0.5408 -0.4268 12.33 
0.392 2 2 2 -4.0 -4.0 -0.589 -0.924 -0.5631 -0.4556 12.32 
0.393 2 2 2 -4.0 -4.0 -0.580 -0.754 -0.5554 -0.4661 12.34 
0.394 2 2 2 -4.0 -4.0 -0.586 -0.825 -0.5132 -0.4884 12.34 
0.395 2 2 2 -4.0 -4.0 -0.581 -0.725 -0.6239 -0.5006 12.34 
0.396 2 2 2 -4.0 -4.0 -0.588 -0.704 -0.6239 -0.5132 12.34 
0.397 2 2 2 -4.0 -4.0 -0.548 -0.713 -0.6053 -0.5132 12.33 
0.398 2 2 2 -4.0 -4.0 -0.528 -0.683 -0.6759 -0.5631 12.33 
0.399 2 2 2 -4.0 -4.0 -0.510 -0.636 -0.6146 -0.5712 12.35 
0.400 2 2 2 -4.0 -4.0 -0.501 -0.548 -0.7116 -0.5631 12.34 
0.401 2 2 2 -4.0 -4.0 -0.506 -0.704 -0.7116 -0.5964 12.34 
0.402 2 2 2 -4.0 -4.0 -0.460 -0.615 -0.6872 -0.6053 12.34 
0.403 2 2 2 -4.0 -4.0 -0.439 -0.666 -0.7375 -0.6239 12.34 
0.404 2 2 2 -4.0 -4.0 -0.440 -0.685 -0.7241 -0.6438 12.34 
0.405 2 2 2 -4.0 -4.0 -0.437 -0.656 -0.7651 -0.6438 12.35 
0.406 2 2 2 -4.0 -4.0 -0.473 -0.614 -0.7509 -0.6759 12.35 
0.407 2 2 2 -4.0 -4.0 -0.404 -0.518 -0.7801 -0.6759 12.35 
0.408 2 2 2 -4.0 -4.0 -0.384 -0.600 -0.7801 -0.6759 12.35 
0.409 2 2 2 -4.0 -4.0 -0.359 -0.472 -0.7801 -0.6994 12.34 
0.410 2 2 2 -4.0 -4.0 -0.393 -0.521 -0.7116 -0.6994 12.35 
0.411 2 2 2 -4.0 -4.0 -0.377 -0.398 -0.7951 -0.7116 12.35 
0.412 2 2 2 -4.0 -4.0 -0.401 -0.560 -0.7375 -0.7116 12.35 
0.413 2 2 2 -4.0 -4.0 -0.345 -0.590 -0.8276 -0.7509 12.34 
0.414 2 2 2 -4.0 -4.0 -0.379 -0.514 -0.7801 -0.7375 12.34 
0.415 2 2 2 -4.0 -4.0 -0.350 -0.414 -0.8276 -0.7509 12.34 
0.416 2 2 2 -4.0 -4.0 -0.313 -0.497 -0.7801 -0.7651 12.34 
0.417 2 2 2 -4.0 -4.0 -0.324 -0.411 -0.8276 -0.7801 12.34 
0.418 2 2 2 -4.0 -4.0 -0.362 -0.427 -0.8629 -0.7801 12.34 
0.419 2 2 2 -4.0 -4.0 -0.331 -0.380 -0.9014 -0.7951 12.35 
0.420 2 2 2 -4.0 -4.0 -0.294 -0.497 -0.8450 -0.7801 12.34 
0.421 2 2 2 -4.0 -4.0 -0.312 -0.419 -0.9014 -0.7951 12.35 
0.422 2 2 2 -4.0 -4.0 -0.322 -0.443 -0.8629 -0.8114 12.35 
0.423 2 2 2 -4.0 -4.0 -0.336 -0.419 -0.9217 -0.8276 12.36 
0.424 2 2 2 -4.0 -4.0 -0.313 -0.455 -0.9014 -0.8276 12.35 
0.425 2 2 2 -4.0 -4.0 -0.301 -0.425 -0.8629 -0.8114 12.34 
0.426 2 2 2 -4.0 -4.0 -0.266 -0.365 -0.9217 -0.8450 12.35 
0.427 2 2 2 -4.0 -4.0 -0.250 -0.323 -0.9217 -0.8276 12.35 
0.428 2 2 2 -4.0 -4.0 -0.259 -0.400 -0.9655 -0.8450 12.35 
0.429 2 2 2 -4.0 -4.0 -0.247 -0.393 -0.9432 -0.8629 12.35 
0.430 2 2 2 -4.0 -4.0 -0.265 -0.386 -0.9655 -0.8815 12.35 
0.431 2 2 2 -4.0 -4.0 -0.287 -0.415 -0.9895 -0.8815 12.36 
0.432 2 2 2 -4.0 -4.0 -0.265 -0.457 -0.8815 -0.8815 12.35 
0.433 2 2 2 -4.0 -4.0 -0.287 -0.424 -0.9655 -0.8815 12.36 
0.434 2 2 2 -4.0 -4.0 -0.255 -0.309 -0.9217 -0.8815 12.36 
0.435 2 2 2 -4.0 -4.0 -0.236 -0.363 -0.9895 -0.8815 12.35 
0.436 2 2 2 -4.0 -4.0 -0.251 -0.240 -1.0142 -0.8815 12.35 
0.437 2 2 2 -4.0 -4.0 -0.222 -0.347 -0.9895 -0.9217 12.35 
0.438 2 2 2 -4.0 -4.0 -0.226 -0.278 -1.0142 -0.9217 12.35 
0.439 2 2 2 -4.0 -4.0 -0.232 -0.387 -1.0402 -0.9217 12.36 
0.440 2 2 2 -4.0 -4.0 -0.245 -0.354 -0.9655 -0.9432 12.36 
0.441 2 2 2 -4.0 -4.0 -0.220 -0.293 -1.0673 -0.9432 12.35 
0.442 2 2 2 -4.0 -4.0 -0.209 -0.316 -1.0142 -0.9217 12.35 
0.443 2 2 2 -4.0 -4.0 -0.219 -0.371 -1.0673 -0.9217 12.35 
0.444 2 2 2 -4.0 -4.0 -0.194 -0.339 -1.0142 -0.9432 12.35 
0.445 2 2 2 -4.0 -4.0 -0.212 -0.263 -1.0402 -0.9655 12.35 
0.446 2 2 2 -4.0 -4.0 -0.218 -0.305 -1.0673 -0.9655 12.35 
0.447 2 2 2 -4.0 -4.0 -0.199 -0.305 -1.0402 -0.9432 12.34 
0.448 2 2 2 -4.0 -4.0 -0.215 -0.312 -1.0673 -0.9655 12.35 
0.449 2 2 2 -4.0 -4.0 -0.236 -0.261 -1.0673 -0.9432 12.36 
0.450 2 2 2 -4.0 -4.0 -0.182 -0.331 -1.0673 -0.9432 12.37 
0.451 2 2 2 -4.0 -4.0 -0.183 -0.394 -1.0961 -0.9655 12.36 
0.452 2 2 2 -4.0 -4.0 -0.202 -0.281 -1.1266 -0.9655 12.35 
0.453 2 2 2 -4.0 -4.0 -0.193 -0.225 -1.0673 -0.9895 12.36 
0.454 2 2 2 -4.0 -4.0 -0.160 -0.331 -1.1266 -0.9655 12.36 
0.455 2 2 2 -4.0 -4.0 -0.179 -0.270 -1.0673 -0.9655 12.36 
0.456 2 2 2 -4.0 -4.0 -0.181 -0.198 -1.0673 -0.9655 12.35 
0.457 2 2 2 -4.0 -4.0 -0.196 -0.193 -1.0961 -0.9655 12.35 
0.458 2 2 2 -4.0 -4.0 -0.225 -0.294 -1.1266 -0.9895 12.36 
0.459 2 2 2 -4.0 -4.0 -0.211 -0.252 -1.0673 -0.9895 12.36 
0.460 2 2 2 -4.0 -4.0 -0.221 -0.212 -1.1590 -0.9895 12.36 
0.461 2 2 2 -4.0 -4.0 -0.225 -0.312 -1.0961 -1.0142 12.36 
0.462 2 2 2 -4.0 -4.0 -0.157 -0.243 -1.0961 -1.0142 12.36 
0.463 2 2 2 -4.0 -4.0 -0.119 -0.213 -1.1266 -0.9895 12.37 
0.464 2 2 2 -4.0 -4.0 -0.152 -0.213 -1.0961 -0.9895 12.35 
0.465 2 2 2 -4.0 -4.0 -0.153 -0.323 -1.0961 -1.0142 12.36 
0.466 2 2 2 -4.0 -4.0 -0.146 -0.247 -1.1266 -1.0142 12.36 
0.467 2 2 2 -4.0 -4.0 -0.197 -0.253 -1.0961 -1.0142 12.36 
0.468 2 2 2 -4.0 -4.0 -0.169 -0.183 -1.1266 -1.0402 12.36 
0.469 2 2 2 -4.0 -4.0 -0.148 -0.228 -1.0961 -1.0142 12.36 
0.470 2 2 2 -4.0 -4.0 -0.189 -0.200 -1.0961 -1.0142 12.36 
0.471 2 2 2 -4.0 -4.0 -0.175 -0.191 -1.0961 -1.0142 12.35 
0.472 2 2 2 -4.0 -4.0 -0.162 -0.198 -1.1931 -1.0142 12.35 
0.473 2 2 2 -4.0 -4.0 -0.185 -0.206 -1.1266 -1.0402 12.36 
0.474 2 2 2 -4.0 -4.0 -0.157 -0.222 -1.0961 -1.0142 12.36 
0.475 2 2 2 -4.0 -4.0 -0.122 -0.214 -1.1590 -1.0142 12.36 
0.476 2 2 2 -4.0 -4.0 -0.156 -0.188 -1.1590 -1.0142 12.36 
0.477 2 2 2 -4.0 -4.0 -0.150 -0.166 -1.0961 -1.0142 12.36 
0.478 2 2 2 -4.0 -4.0 -0.114 -0.237 -1.1931 -1.0402 12.35 
0.479 2 2 2 -4.0 -4.0 -0.156 -0.231 -1.1931 -1.0402 12.36 
0.480 2 2 2 -4.0 -4.0 -0.141 -0.186 -1.1266 -1.0402 12.35 
0.481 2 2 2 -4.0 -4.0 -0.122 -0.186 -1.1590 -1.0402 12.36 
0.482 2 2 2 -4.0 -4.0 -0.111 -0.202 -1.1590 -1.0402 12.36 
0.483 2 2 2 -4.0 -4.0 -0.129 -0.147 -1.1266 -1.0142 12.35 
0.484 2 2 2 -4.0 -4.0 -0.127 -0.200 -1.1590 -1.0402 12.36 
0.485 2 2 2 -4.0 -4.0 -0.169 -0.217 -1.1590 -1.0402 12.35 
0.486 2 2 2 -4.0 -4.0 -0.138 -0.197 -1.1590 -1.0402 12.37 
0.487 2 2 2 -4.0 -4.0 -0.143 -0.199 -1.0142 -1.0673 12.36 
0.488 2 2 2 -4.0 -4.0 -0.171 -0.169 -1.1931 -1.0402 12.36 
0.489 2 2 2 -4.0 -4.0 -0.133 -0.130 -1.1590 -1.0402 12.37 
0.490 2 2 2 -4.0 -4.0 -0.145 -0.172 -1.1931 -1.0402 12.35 
0.491 2 2 2 -4.0 -4.0 -0.154 -0.183 -1.2292 -1.0673 12.37 
0.492 2 2 2 -4.0 -4.0 -0.147 -0.170 -1.1590 -1.0673 12.36 
0.493 2 2 2 -4.0 -4.0 -0.158 -0.172 -1.1931 -1.0402 12.35 
0.494 2 2 2 -4.0 -4.0 -0.168 -0.179 -1.1931 -1.0402 12.36 
0.495 2 2 2 -4.0 -4.0 -0.123 -0.167 -1.2292 -1.0402 12.36 
0.496 2 2 2 -4.0 -4.0 -0.118 -0.145 -1.1590 -1.0402 12.36 
0.497 2 2 2 -4.0 -4.0 -0.133 -0.203 -1.2292 -1.0673 12.35 
0.498 2 2 2 -4.0 -4.0 -0.111 -0.208 -1.1931 -1.0673 12.37 
0.499 2 2 2 -4.0 -4.0 -0.130 -0.186 -1.1590 -1.0961 12.37 
0.500 2 2 2 -4.0 -4.0 -0.118 -0.239 -1.1590 -1.0673 12.36 
0.501 2 2 2 -4.0 -4.0 -0.112 -0.151 -1.1931 -1.0673 12.36 
0.502 2 2 2 -4.0 -4.0 -0.138 -0.158 -1.1931 -1.0402 12.36 
0.503 2 2 3 0.0 0.0 -0.124 -0.198 -1.1931 -1.0673 12.36 
0.504 2 2 3 0.0 0.0 0.121 -0.147 -1.1931 -1.0673 12.37 
0.505 2 2 3 0.0 0.0 0.371 0.322 -1.2292 -1.0673 12.38 
0.506 2 2 3 0.0 0.0 0.661 0.650 -1.1590 -1.0402 12.38 
0.507 2 2 3 0.0 0.0 0.859 0.711 -1.1931 -1.0142 12.38 
0.508 2 2 3 0.0 0.0 0.764 0.809 -1.1266 -1.0142 12.38 
0.509 2 2 3 0.0 0.0 0.785 0.875 -1.0402 -0.9655 12.38 
0.510 2 2 3 0.0 0.0 0.882 0.891 -0.9655 -0.9217 12.39 
0.511 2 2 3 0.0 0.0 0.824 0.747 -1.0142 -0.8815 12.39 
0.512 2 2 3 0.0 0.0 0.725 0.792 -0.9895 -0.8450 12.38 
0.513 2 2 3 0.0 0.0 0.797 0.878 -0.8815 -0.7951 12.38 
0.514 2 2 3 0.0 0.0 0.830 0.814 -0.9014 -0.7801 12.38 
0.515 2 2 3 0.0 0.0 0.657 0.642 -0.8114 -0.7375 12.38 
0.516 2 2 3 0.0 0.0 0.672 0.725 -0.8276 -0.7241 12.38 
0.517 2 2 3 0.0 0.0 0.724 0.735 -0.7651 -0.6759 12.38 
0.518 2 2 3 0.0 0.0 0.742 0.761 -0.7651 -0.6649 12.38 
0.519 2 2 3 0.0 0.0 0.615 0.643 -0.6994 -0.6540 12.39 
0.520 2 2 3 0.0 0.0 0.553 0.558 -0.7116 -0.6146 12.39 
0.521 2 2 3 0.0 0.0 0.601 0.587 -0.6649 -0.5793 12.39 
0.522 2 2 3 0.0 0.0 0.654 0.657 -0.6759 -0.5712 12.39 
0.523 2 2 3 0.0 0.0 0.662 0.679 -0.6540 -0.5712 12.39 
0.524 2 2 3 0.0 0.0 0.566 0.618 -0.6053 -0.5335 12.39 
0.525 2 2 3 0.0 0.0 0.477 0.504 -0.5964 -0.5006 12.39 
0.526 2 2 3 0.0 0.0 0.501 0.467 -0.5878 -0.4945 12.39 
0.527 2 2 3 0.0 0.0 0.526 0.443 -0.5554 -0.4714 12.38 
0.528 2 2 3 0.0 0.0 0.535 0.487 -0.5481 -0.3899 12.38 
0.529 2 2 3 0.0 0.0 0.487 0.498 -0.5201 -0.4016 12.38 
0.530 2 2 3 0.0 0.0 0.398 0.479 -0.3976 -0.3789 12.38 
0.531 2 2 3 0.0 0.0 0.355 0.464 -0.4312 -0.3720 12.39 
0.532 2 2 3 0.0 0.0 0.391 0.372 -0.4661 -0.3753 12.39 
0.533 2 2 3 0.0 0.0 0.411 0.330 -0.3789 -0.3753 12.39 
0.534 2 2 3 0.0 0.0 0.442 0.311 -0.3525 -0.3351 12.38 
0.535 2 2 3 0.0 0.0 0.433 0.323 -0.4361 -0.3298 12.38 
0.536 2 2 3 0.0 0.0 0.424 0.357 -0.3826 -0.2937 12.39 
0.537 2 2 3 0.0 0.0 0.400 0.378 -0.3586 -0.2937 12.39 
0.538 2 2 3 0.0 0.0 0.372 0.349 -0.3026 -0.2617 12.39 
0.539 2 2 3 0.0 0.0 0.277 0.322 -0.3323 -0.2458 12.39 
0.540 2 2 3 0.0 0.0 0.247 0.286 -0.3497 -0.2458 12.38 
0.541 2 2 3 0.0 0.0 0.277 0.273 -0.3351 -0.2146 12.39 
0.542 2 2 3 0.0 0.0 0.286 0.281 -0.3026 -0.2146 12.39 
0.543 2 2 3 0.0 0.0 0.304 0.238 -0.2398 -0.2008 12.39 
0.544 2 2 3 0.0 0.0 0.293 0.200 -0.2398 -0.2008 12.39 
0.545 2 2 3 0.0 0.0 0.281 0.193 -0.2600 -0.1919 12.39 
0.546 2 2 3 0.0 0.0 0.287 0.170 -0.2564 -0.1911 12.39 
0.547 2 2 3 0.0 0.0 0.262 0.171 -0.2564 -0.1911 12.39 
0.548 2 2 3 0.0 0.0 0.246 0.150 -0.2203 -0.1623 12.39 
0.549 2 2 3 0.0 0.0 0.209 0.134 -0.2203 -0.1623 12.39 
0.550 2 2 3 0.0 0.0 0.187 0.144 -0.2154 -0.1623 12.39 
0.551 2 2 3 0.0 0.0 0.153 0.161 -0.2154 -0.1262 12.39 
0.552 2 2 3 0.0 0.0 0.143 0.144 -0.1939 -0.1262 12.39 
0.553 2 2 3 0.0 0.0 0.133 0.163 -0.1939 -0.1262 12.39 
0.554 2 2 3 0.0 0.0 0.138 0.156 -0.1866 -0.1233 12.39 
0.555 2 2 3 0.0 0.0 0.133 0.115 -0.1866 -0.1039 12.39 
0.556 2 2 3 0.0 0.0 0.148 0.139 -0.1866 -0.1039 12.39 
0.557 2 2 3 0.0 0.0 0.137 0.155 -0.1578 -0.1039 12.39 
0.558 2 2 3 0.0 0.0 0.147 0.126 -0.1578 -0.1039 12.39 
0.559 2 2 3 0.0 0.0 0.150 0.128 -0.1578 -0.0925 12.39 
0.560 2 2 3 0.0 0.0 0.133 0.110 -0.1160 -0.0751 12.38 
0.561 2 2 3 0.0 0.0 0.130 0.094 -0.1063 -0.0677 12.39 
0.562 2 2 3 0.0 0.0 0.127 0.053 -0.1063 -0.0677 12.39 
0.563 2 2 3 0.0 0.0 0.122 0.099 -0.1063 -0.0677 12.39 
0.564 2 2 3 0.0 0.0 0.114 0.067 -0.1063 -0.0677 12.39 
0.565 2 2 3 0.0 0.0 0.111 0.046 -0.0990 -0.0677 12.39 
0.566 2 2 3 0.0 0.0 0.095 0.057 -0.0990 -0.0677 12.38 
0.567 2 2 3 0.0 0.0 0.101 0.045 -0.0990 -0.0633 12.39 
0.568 2 2 3 0.0 0.0 0.081 0.049 -0.0990 -0.0544 12.39 
0.569 2 2 3 0.0 0.0 0.094 0.047 -0.0884 -0.0479 12.39 
0.570 2 2 3 0.0 0.0 0.069 0.026 -0.0884 -0.0430 12.39 
0.571 2 2 3 0.0 0.0 0.088 0.028 -0.0884 -0.0389 12.39 
0.572 2 2 3 0.0 0.0 0.076 0.026 -0.0884 -0.0353 12.39 
0.573 2 2 3 0.0 0.0 0.063 -0.016 -0.0884 -0.0325 12.39 
0.574 2 2 3 0.0 0.0 0.047 0.031 -0.0807 -0.0300 12.39 
0.575 2 2 3 0.0 0.0 0.042 0.027 -0.0673 -0.0280 12.39 
0.576 2 2 3 0.0 0.0 0.036 -0.011 -0.0576 -0.0260 12.39 
0.577 2 2 3 0.0 0.0 0.036 -0.007 -0.0503 -0.0243 12.39 
0.578 2 2 3 0.0 0.0 0.041 -0.021 -0.0467 -0.0231 12.39 
0.579 2 2 3 0.0 0.0 0.038 -0.004 -0.0467 -0.0219 12.39 
0.580 2 2 3 0.0 0.0 0.038 -0.024 -0.0467 -0.0207 12.39 
0.581 2 2 3 0.0 0.0 0.036 0.017 -0.0467 -0.0195 12.39 
0.582 2 2 3 0.0 0.0 0.029 0.011 -0.0467 -0.0187 12.39 
0.583 2 2 3 0.0 0.0 0.042 0.017 -0.0467 -0.0178 12.39 
0.584 2 2 3 0.0 0.0 0.036 0.025 -0.0467 -0.0170 12.39 
0.585 2 2 3 0.0 0.0 0.035 0.020 -0.0467 -0.0162 12.39 
0.586 2 2 3 0.0 0.0 0.039 0.031 -0.0467 -0.0158 12.39 
0.587 2 2 3 0.0 0.0 0.041 -0.042 -0.0430 -0.0150 12.39 
0.588 2 2 3 0.0 0.0 0.030 0.002 -0.0389 -0.0146 12.39 
0.589 2 2 3 0.0 0.0 0.019 -0.014 -0.0357 -0.0142 12.39 
0.590 2 2 3 0.0 0.0 0.029 0.003 -0.0325 -0.0138 12.39 
0.591 2 2 3 0.0 0.0 0.021 0.014 -0.0300 -0.0130 12.39 
0.592 2 2 3 0.0 0.0 0.021 0.022 -0.0280 -0.0126 12.39 
0.593 2 2 3 0.0 0.0 0.017 0.010 -0.0264 -0.0122 12.39 
0.594 2 2 3 0.0 0.0 0.011 0.039 -0.0247 -0.0118 12.39 
0.595 2 2 3 0.0 0.0 0.020 0.022 -0.0231 -0.0118 12.39 
0.596 2 2 3 0.0 0.0 0.015 -0.012 -0.0219 -0.0114 12.39 
0.597 2 2 3 0.0 0.0 0.016 0.005 -0.0207 -0.0110 12.39 
0.598 2 2 3 0.0 0.0 0.003 0.028 -0.0199 -0.0105 12.39 
0.599 2 2 3 0.0 0.0 0.010 0.012 -0.0187 -0.0105 12.39 
0.600 2 2 3 0.0 0.0 0.003 -0.002 -0.0183 -0.0101 12.39 
0.601 2 2 3 0.0 0.0 0.010 -0.027 -0.0183 -0.0097 12.39 
0.602 2 2 3 0.0 0.0 0.005 -0.008 -0.0183 -0.0097 12.39 
0.603 2 2 3 0.0 0.0 0.000 -0.016 -0.0183 -0.0093 12.39 
0.604 2 2 3 0.0 0.0 0.003 0.034 -0.0183 -0.0093 12.39 
0.605 2 2 3 0.0 0.0 0.010 0.010 -0.0183 -0.0089 12.39 
0.606 2 2 3 0.0 0.0 0.002 0.014 -0.0183 -0.0089 12.39 
0.607 2 2 3 0.0 0.0 0.000 0.015 -0.0183 -0.0085 12.39 
0.608 2 2 3 0.0 0.0 -0.001 -0.005 -0.0183 -0.0085 12.39 
0.609 2 2 3 0.0 0.0 0.002 0.005 -0.0183 -0.0081 12.39 
0.610 2 2 3 0.0 0.0 -0.004 -0.016 -0.0183 -0.0081 12.39 
0.611 2 2 3 0.0 0.0 0.010 -0.007 -0.0183 -0.0077 12.39 
0.612 2 2 3 0.0 0.0 0.003 0.011 -0.0183 -0.0077 12.39 
0.613 2 2 3 0.0 0.0 0.000 -0.002 -0.0183 -0.0077 12.39 
0.614 2 2 3 0.0 0.0 -0.000 -0.000 -0.0183 -0.0073 12.39 
0.615 2 2 3 0.0 0.0 -0.003 0.007 -0.0183 -0.0073 12.39 
0.616 2 2 3 0.0 0.0 -0.012 -0.002 -0.0183 -0.0073 12.39 
0.617 2 2 3 0.0 0.0 -0.011 -0.040 -0.0183 -0.0069 12.39 
0.618 2 2 3 0.0 0.0 -0.003 0.021 -0.0183 -0.0069 12.39 
0.619 2 2 3 0.0 0.0 -0.003 -0.004 -0.0183 -0.0069 12.39 
0.620 2 2 3 0.0 0.0 0.004 -0.023 -0.0183 -0.0065 12.38 
0.621 2 2 3 0.0 0.0 -0.000 -0.002 -0.0183 -0.0065 12.39 
0.622 2 2 3 0.0 0.0 0.007 0.001 -0.0183 -0.0065 12.39 
0.623 2 2 3 0.0 0.0 0.017 -0.023 -0.0174 -0.0065 12.40 
0.624 2 2 3 0.0 0.0 0.002 0.010 -0.0166 -0.0061 12.39 
0.625 2 2 3 0.0 0.0 0.000 0.019 -0.0158 -0.0061 12.40 
0.626 2 2 3 0.0 0.0 0.003 0.013 -0.0154 -0.0061 12.39 
0.627 2 2 3 0.0 0.0 -0.000 0.009 -0.0146 -0.0061 12.39 
0.628 2 2 3 0.0 0.0 -0.001 -0.001 -0.0142 -0.0057 12.39 
0.629 2 2 3 0.0 0.0 -0.008 -0.015 -0.0138 -0.0057 12.38 
0.630 2 2 3 0.0 0.0 -0.007 0.015 -0.0134 -0.0057 12.40 
0.631 2 2 3 0.0 0.0 0.018 0.006 -0.0130 -0.0057 12.39 
0.632 2 2 3 0.0 0.0 -0.000 0.007 -0.0126 -0.0057 12.39 
0.633 2 2 3 0.0 0.0 -0.011 0.007 -0.0122 -0.0053 12.39 
0.634 2 2 3 0.0 0.0 -0.004 0.022 -0.0118 -0.0053 12.39 
0.635 2 2 3 0.0 0.0 -0.016 -0.012 -0.0114 -0.0053 12.39 
0.636 2 2 3 0.0 0.0 -0.002 -0.014 -0.0110 -0.0053 12.38 
0.637 2 2 3 0.0 0.0 0.012 -0.042 -0.0105 -0.0053 12.39 
0.638 2 2 3 0.0 0.0 0.000 -0.021 -0.0105 -0.0049 12.39 
0.639 2 2 3 0.0 0.0 -0.005 0.008 -0.0101 -0.0049 12.39 
0.640 2 2 3 0.0 0.0 0.003 -0.004 -0.0097 -0.0049 12.39 
0.641 2 2 3 0.0 0.0 -0.008 -0.013 -0.0097 -0.0049 12.39 
0.642 2 2 3 0.0 0.0 -0.009 0.018 -0.0093 -0.0049 12.39 
0.643 2 2 3 0.0 0.0 0.001 -0.001 -0.0093 -0.0049 12.39 
0.644 2 2 3 0.0 0.0 0.003 0.016 -0.0089 -0.0045 12.39 
0.645 2 2 3 0.0 0.0 -0.003 0.025 -0.0089 -0.0045 12.39 
0.646 2 2 3 0.0 0.0 -0.012 0.002 -0.0085 -0.0045 12.39 
0.647 2 2 3 0.0 0.0 -0.005 0.007 -0.0085 -0.0045 12.39 
0.648 2 2 3 0.0 0.0 -0.004 0.010 -0.0081 -0.0045 12.39 
0.649 2 2 3 0.0 0.0 0.009 0.001 -0.0081 -0.0045 12.39 
0.650 2 2 3 0.0 0.0 0.006 -0.020 -0.0077 -0.0045 12.39 
0.651 2 2 3 0.0 0.0 0.011 -0.004 -0.0077 -0.0045 12.39 
0.652 2 2 3 0.0 0.0 0.005 -0.023 -0.0077 -0.0041 12.39 
0.653 2 2 3 0.0 0.0 0.008 -0.012 -0.0073 -0.0041 12.40 
0.654 2 2 3 0.0 0.0 -0.004 0.032 -0.0073 -0.0041 12.39 
0.655 2 2 3 0.0 0.0 -0.007 0.012 -0.0073 -0.0041 12.39 
0.656 2 2 3 0.0 0.0 0.004 0.041 -0.0069 -0.0041 12.39 
0.657 2 2 3 0.0 0.0 0.003 0.015 -0.0069 -0.0041 12.39 
0.658 2 2 3 0.0 0.0 0.005 -0.020 -0.0069 -0.0041 12.39 
0.659 2 2 3 0.0 0.0 0.006 -0.031 -0.0065 -0.0041 12.39 
0.660 2 2 3 0.0 0.0 0.000 0.001 -0.0065 -0.0041 12.39 
0.661 2 2 3 0.0 0.0 0.001 -0.020 -0.0065 -0.0037 12.39 
0.662 2 2 3 0.0 0.0 0.015 -0.000 -0.0065 -0.0037 12.39 
0.663 2 2 3 0.0 0.0 0.007 -0.001 -0.0061 -0.0037 12.39 
0.664 2 2 3 0.0 0.0 -0.001 -0.017 -0.0061 -0.0037 12.39 
0.665 2 2 3 0.0 0.0 0.015 -0.032 -0.0061 -0.0037 12.40 
