%% logfile from robot Caroline (20)
% Caroline (20)
%  1    time 0.000 sec
%  2  3  4   (mission 0), state 2, thread 2, line 0
%  5  6 Motor voltage [V] left, right: 2.0 2.0
%  7  8 Motor current left, right [A]: -0.026 -0.036
%  9 10 Wheel velocity [m/s] left, right: -0.0000 0.0000
% 11    Battery voltage [V]: 12.57
0.001 2 2 0 2.0 2.0 0.141 0.006 -0.0000 0.0000 12.55 
0.002 2 2 0 2.0 2.0 0.302 0.267 -0.0000 0.0000 12.56 
0.003 2 2 0 2.0 2.0 0.411 0.428 -0.0000 0.0000 12.55 
0.004 2 2 0 2.0 2.0 0.448 0.517 -0.0000 0.0000 12.55 
0.005 2 2 0 2.0 2.0 0.465 0.568 -0.0000 0.0000 12.55 
0.006 2 2 0 2.0 2.0 0.476 0.478 -0.0000 0.0000 12.55 
0.007 2 2 0 2.0 2.0 0.484 0.418 -0.0000 0.0000 12.55 
0.008 2 2 0 2.0 2.0 0.442 0.368 0.0000 0.0000 12.55 
0.009 2 2 0 2.0 2.0 0.430 0.347 0.0000 0.0000 12.55 
0.010 2 2 0 2.0 2.0 0.440 0.392 0.0000 0.0000 12.55 
0.011 2 2 0 2.0 2.0 0.446 0.406 0.0000 0.0558 12.55 
0.012 2 2 0 2.0 2.0 0.448 0.440 0.0000 0.0558 12.55 
0.013 2 2 0 2.0 2.0 0.441 0.436 0.0876 0.0558 12.55 
0.014 2 2 0 2.0 2.0 0.426 0.433 0.0876 0.0558 12.56 
0.015 2 2 0 2.0 2.0 0.390 0.411 0.0876 0.0948 12.56 
0.016 2 2 0 2.0 2.0 0.387 0.409 0.1237 0.0948 12.55 
0.017 2 2 0 2.0 2.0 0.395 0.437 0.1237 0.0948 12.55 
0.018 2 2 0 2.0 2.0 0.388 0.423 0.1237 0.0948 12.55 
0.019 2 2 0 2.0 2.0 0.371 0.396 0.1482 0.1185 12.55 
0.020 2 2 0 2.0 2.0 0.374 0.392 0.1482 0.1185 12.55 
0.021 2 2 0 2.0 2.0 0.341 0.360 0.1775 0.1506 12.55 
0.022 2 2 0 2.0 2.0 0.358 0.344 0.1775 0.1506 12.55 
0.023 2 2 0 2.0 2.0 0.338 0.357 0.1912 0.1506 12.55 
0.024 2 2 0 2.0 2.0 0.350 0.342 0.1912 0.1735 12.55 
0.025 2 2 0 2.0 2.0 0.366 0.338 0.2145 0.1735 12.55 
0.026 2 2 0 2.0 2.0 0.371 0.336 0.2145 0.1892 12.55 
0.027 2 2 0 2.0 2.0 0.318 0.328 0.2390 0.1892 12.55 
0.028 2 2 0 2.0 2.0 0.301 0.356 0.2418 0.1968 12.55 
0.029 2 2 0 2.0 2.0 0.225 0.350 0.2418 0.1968 12.56 
0.030 2 2 0 2.0 2.0 0.236 0.359 0.2362 0.2229 12.55 
0.031 2 2 0 2.0 2.0 0.245 0.354 0.2362 0.2374 12.55 
0.032 2 2 0 2.0 2.0 0.248 0.316 0.2462 0.2374 12.54 
0.033 2 2 0 2.0 2.0 0.251 0.312 0.2731 0.2333 12.55 
0.034 2 2 0 2.0 2.0 0.270 0.340 0.2731 0.2333 12.55 
0.035 2 2 0 2.0 2.0 0.242 0.320 0.2711 0.2181 12.55 
0.036 2 2 0 2.0 2.0 0.259 0.327 0.2607 0.2494 12.55 
0.037 2 2 0 2.0 2.0 0.287 0.318 0.2607 0.2494 12.55 
0.038 2 2 0 2.0 2.0 0.250 0.305 0.2868 0.2711 12.55 
0.039 2 2 0 2.0 2.0 0.229 0.308 0.3088 0.2731 12.55 
0.040 2 2 0 2.0 2.0 0.245 0.301 0.3040 0.2731 12.55 
0.041 2 2 0 2.0 2.0 0.229 0.312 0.3040 0.2695 12.55 
0.042 2 2 0 2.0 2.0 0.264 0.305 0.3016 0.2888 12.55 
0.043 2 2 0 2.0 2.0 0.244 0.263 0.2996 0.3161 12.55 
0.044 2 2 0 2.0 2.0 0.255 0.223 0.3137 0.3161 12.55 
0.045 2 2 0 2.0 2.0 0.261 0.256 0.3185 0.2928 12.55 
0.046 2 2 0 2.0 2.0 0.247 0.240 0.3185 0.2787 12.55 
0.047 2 2 0 2.0 2.0 0.267 0.230 0.3289 0.2787 12.55 
0.048 2 2 0 2.0 2.0 0.282 0.260 0.3265 0.2996 12.55 
0.049 2 2 0 2.0 2.0 0.272 0.258 0.3137 0.2972 12.55 
0.050 2 2 0 2.0 2.0 0.238 0.260 0.3430 0.3113 12.55 
0.051 2 2 0 2.0 2.0 0.229 0.253 0.3374 0.3113 12.55 
0.052 2 2 0 2.0 2.0 0.212 0.264 0.3374 0.3064 12.55 
0.053 2 2 0 2.0 2.0 0.229 0.284 0.3430 0.3265 12.55 
0.054 2 2 0 2.0 2.0 0.216 0.254 0.3823 0.3213 12.55 
0.055 2 2 0 2.0 2.0 0.207 0.290 0.3582 0.3317 12.55 
0.056 2 2 0 2.0 2.0 0.204 0.254 0.3787 0.3430 12.55 
0.057 2 2 0 2.0 2.0 0.197 0.247 0.3582 0.3430 12.55 
0.058 2 2 0 2.0 2.0 0.221 0.230 0.3787 0.3346 12.54 
0.059 2 2 0 2.0 2.0 0.229 0.231 0.3715 0.3237 12.55 
0.060 2 2 0 2.0 2.0 0.243 0.216 0.3462 0.3462 12.55 
0.061 2 2 0 2.0 2.0 0.216 0.207 0.3683 0.3402 12.55 
0.062 2 2 0 2.0 2.0 0.227 0.226 0.3860 0.3582 12.55 
0.063 2 2 0 2.0 2.0 0.221 0.212 0.3823 0.3582 12.55 
0.064 2 2 0 2.0 2.0 0.175 0.205 0.3751 0.3582 12.55 
0.065 2 2 0 2.0 2.0 0.206 0.202 0.3582 0.3550 12.55 
0.066 2 2 0 2.0 2.0 0.192 0.188 0.3787 0.3346 12.54 
0.067 2 2 0 2.0 2.0 0.187 0.197 0.3936 0.3615 12.54 
0.068 2 2 0 2.0 2.0 0.193 0.215 0.3896 0.3896 12.54 
0.069 2 2 0 2.0 2.0 0.199 0.210 0.3715 0.3651 12.55 
0.070 2 2 0 2.0 2.0 0.179 0.232 0.3823 0.3550 12.55 
0.071 2 2 0 2.0 2.0 0.166 0.225 0.3976 0.3715 12.55 
0.072 2 2 0 2.0 2.0 0.119 0.240 0.3936 0.3374 12.53 
0.073 2 2 0 2.0 2.0 0.141 0.220 0.3823 0.3751 12.55 
0.074 2 2 0 2.0 2.0 0.183 0.215 0.3896 0.4016 12.55 
0.075 2 2 0 2.0 2.0 0.192 0.232 0.4056 0.3936 12.55 
0.076 2 2 0 2.0 2.0 0.199 0.194 0.4016 0.3751 12.55 
0.077 2 2 0 2.0 2.0 0.199 0.169 0.3787 0.3550 12.55 
0.078 2 2 0 2.0 2.0 0.196 0.183 0.3936 0.3860 12.55 
0.079 2 2 0 2.0 2.0 0.191 0.190 0.3936 0.3787 12.55 
0.080 2 2 0 2.0 2.0 0.156 0.197 0.4016 0.3936 12.55 
0.081 2 2 0 2.0 2.0 0.168 0.191 0.3936 0.3936 12.55 
0.082 2 2 0 2.0 2.0 0.231 0.201 0.4016 0.3976 12.55 
0.083 2 2 0 2.0 2.0 0.187 0.202 0.4097 0.3823 12.54 
0.084 2 2 0 2.0 2.0 0.145 0.159 0.4137 0.3976 12.55 
0.085 2 2 0 2.0 2.0 0.156 0.164 0.3936 0.3976 12.55 
0.086 2 2 0 2.0 2.0 0.164 0.171 0.4016 0.4016 12.53 
0.087 2 2 0 2.0 2.0 0.151 0.159 0.4181 0.3860 12.52 
0.088 2 2 0 2.0 2.0 0.175 0.196 0.4181 0.3976 12.53 
0.089 2 2 0 2.0 2.0 0.178 0.209 0.3896 0.4097 12.55 
0.090 2 2 0 2.0 2.0 0.165 0.195 0.3976 0.4097 12.55 
0.091 2 2 0 2.0 2.0 0.151 0.172 0.4137 0.3715 12.55 
0.092 2 2 0 2.0 2.0 0.153 0.182 0.4181 0.3896 12.55 
0.093 2 2 0 2.0 2.0 0.180 0.191 0.4137 0.4097 12.55 
0.094 2 2 0 2.0 2.0 0.160 0.182 0.4137 0.4097 12.52 
0.095 2 2 0 2.0 2.0 0.160 0.199 0.4181 0.4016 12.52 
0.096 2 2 0 2.0 2.0 0.169 0.211 0.4269 0.4137 12.52 
0.097 2 2 0 2.0 2.0 0.232 0.190 0.4225 0.4362 12.53 
0.098 2 2 0 2.0 2.0 0.221 0.168 0.3936 0.4317 12.53 
0.099 2 2 0 2.0 2.0 0.205 0.176 0.4097 0.3976 12.55 
0.100 2 2 0 2.0 2.0 0.166 0.168 0.4137 0.4097 12.55 
0.101 2 2 0 2.0 2.0 0.158 0.165 0.4181 0.4097 12.55 
0.102 2 2 0 2.0 2.0 0.163 0.175 0.4410 0.4181 12.55 
0.103 2 2 0 2.0 2.0 0.130 0.188 0.4362 0.4269 12.55 
0.104 2 2 0 2.0 2.0 0.137 0.202 0.4462 0.4269 12.55 
0.105 2 2 0 2.0 2.0 0.168 0.199 0.4362 0.4362 12.55 
0.106 2 2 0 2.0 2.0 0.203 0.196 0.4410 0.4410 12.54 
0.107 2 2 0 2.0 2.0 0.183 0.175 0.4410 0.4410 12.55 
0.108 2 2 0 2.0 2.0 0.198 0.146 0.4016 0.4269 12.55 
0.109 2 2 0 2.0 2.0 0.170 0.139 0.4137 0.4362 12.54 
0.110 2 2 0 2.0 2.0 0.162 0.172 0.4410 0.4317 12.55 
0.111 2 2 0 2.0 2.0 0.142 0.170 0.4269 0.4362 12.52 
0.112 2 2 0 2.0 2.0 0.200 0.194 0.4317 0.4410 12.52 
0.113 2 2 0 2.0 2.0 0.186 0.161 0.4510 0.4410 12.52 
0.114 2 2 0 2.0 2.0 0.179 0.156 0.4462 0.4269 12.53 
0.115 2 2 0 2.0 2.0 0.165 0.138 0.4362 0.4562 12.55 
0.116 2 2 0 2.0 2.0 0.168 0.141 0.4317 0.4510 12.54 
0.117 2 2 0 2.0 2.0 0.128 0.154 0.4462 0.4362 12.53 
0.118 2 2 0 2.0 2.0 0.117 0.156 0.4410 0.4410 12.54 
0.119 2 2 0 2.0 2.0 0.141 0.174 0.4317 0.4016 12.53 
0.120 2 2 0 2.0 2.0 0.175 0.179 0.4317 0.4269 12.53 
0.121 2 2 0 2.0 2.0 0.167 0.182 0.4462 0.4510 12.53 
0.122 2 2 0 2.0 2.0 0.165 0.192 0.4317 0.4510 12.53 
0.123 2 2 0 2.0 2.0 0.149 0.159 0.4317 0.4362 12.52 
0.124 2 2 0 2.0 2.0 0.169 0.160 0.4317 0.4510 12.54 
0.125 2 2 0 2.0 2.0 0.153 0.156 0.4362 0.4562 12.55 
0.126 2 2 0 2.0 2.0 0.144 0.153 0.4317 0.4562 12.54 
0.127 2 2 0 2.0 2.0 0.195 0.148 0.4362 0.4615 12.55 
0.128 2 2 0 2.0 2.0 0.178 0.145 0.4462 0.4562 12.52 
0.129 2 2 0 2.0 2.0 0.167 0.130 0.4462 0.4615 12.52 
0.130 2 2 0 2.0 2.0 0.161 0.122 0.4362 0.4615 12.54 
0.131 2 2 0 2.0 2.0 0.157 0.118 0.4362 0.4510 12.53 
0.132 2 2 0 2.0 2.0 0.130 0.159 0.4510 0.4615 12.56 
0.133 2 2 0 2.0 2.0 0.160 0.156 0.4317 0.4723 12.52 
0.134 2 2 0 2.0 2.0 0.181 0.149 0.4362 0.4723 12.54 
0.135 2 2 0 2.0 2.0 0.167 0.178 0.4510 0.4510 12.54 
0.136 2 2 0 2.0 2.0 0.170 0.160 0.4510 0.4615 12.54 
0.137 2 2 0 2.0 2.0 0.196 0.160 0.4462 0.4723 12.54 
0.138 2 2 0 2.0 2.0 0.167 0.160 0.4410 0.4667 12.53 
0.139 2 2 0 2.0 2.0 0.160 0.152 0.4462 0.4723 12.55 
0.140 2 2 0 2.0 2.0 0.156 0.147 0.4462 0.4956 12.55 
0.141 2 2 0 2.0 2.0 0.188 0.153 0.4510 0.4836 12.55 
0.142 2 2 0 2.0 2.0 0.207 0.141 0.4462 0.4667 12.53 
0.143 2 2 0 2.0 2.0 0.174 0.141 0.4410 0.4667 12.54 
0.144 2 2 0 2.0 2.0 0.179 0.126 0.4410 0.4667 12.53 
0.145 2 2 0 2.0 2.0 0.148 0.156 0.4410 0.4615 12.53 
0.146 2 2 0 2.0 2.0 0.141 0.161 0.4667 0.4723 12.52 
0.147 2 2 0 2.0 2.0 0.150 0.169 0.4615 0.4667 12.54 
0.148 2 2 0 2.0 2.0 0.120 0.156 0.4667 0.4723 12.55 
0.149 2 2 0 2.0 2.0 0.172 0.152 0.4562 0.4836 12.54 
0.150 2 2 0 2.0 2.0 0.172 0.136 0.4615 0.4723 12.55 
0.151 2 2 0 2.0 2.0 0.192 0.109 0.4362 0.4779 12.55 
0.152 2 2 0 2.0 2.0 0.195 0.129 0.4410 0.4723 12.53 
0.153 2 2 0 2.0 2.0 0.166 0.156 0.4615 0.4836 12.53 
0.154 2 2 0 2.0 2.0 0.141 0.152 0.4562 0.4836 12.54 
0.155 2 2 0 2.0 2.0 0.144 0.136 0.4410 0.4723 12.55 
0.156 2 2 0 2.0 2.0 0.177 0.137 0.4410 0.4779 12.54 
0.157 2 2 0 2.0 2.0 0.175 0.118 0.4615 0.5020 12.55 
0.158 2 2 0 2.0 2.0 0.144 0.115 0.4615 0.4896 12.55 
0.159 2 2 0 2.0 2.0 0.125 0.143 0.4462 0.4779 12.55 
0.160 2 2 0 2.0 2.0 0.135 0.153 0.4615 0.4317 12.54 
0.161 2 2 0 2.0 2.0 0.118 0.141 0.4562 0.4667 12.54 
0.162 2 2 0 2.0 2.0 0.122 0.152 0.4462 0.4896 12.53 
0.163 2 2 0 2.0 2.0 0.178 0.151 0.4462 0.4896 12.54 
0.164 2 2 0 2.0 2.0 0.149 0.099 0.4615 0.4667 12.54 
0.165 2 2 0 2.0 2.0 0.159 0.118 0.4615 0.4779 12.55 
0.166 2 2 0 2.0 2.0 0.156 0.141 0.4462 0.4836 12.56 
0.167 2 2 0 2.0 2.0 0.154 0.153 0.4410 0.4836 12.55 
0.168 2 2 0 2.0 2.0 0.160 0.130 0.4510 0.4896 12.56 
0.169 2 2 0 2.0 2.0 0.151 0.142 0.4462 0.4779 12.54 
0.170 2 2 0 2.0 2.0 0.182 0.132 0.4462 0.4836 12.53 
0.171 2 2 0 2.0 2.0 0.176 0.132 0.4562 0.4836 12.54 
0.172 2 2 0 2.0 2.0 0.146 0.112 0.4562 0.4723 12.54 
0.173 2 2 0 2.0 2.0 0.137 0.117 0.4462 0.4779 12.55 
0.174 2 2 0 2.0 2.0 0.112 0.141 0.4462 0.4896 12.56 
0.175 2 2 0 2.0 2.0 0.118 0.155 0.4615 0.4836 12.55 
0.176 2 2 0 2.0 2.0 0.141 0.158 0.4225 0.4723 12.56 
0.177 2 2 0 2.0 2.0 0.156 0.141 0.4462 0.4836 12.55 
0.178 2 2 0 2.0 2.0 0.162 0.134 0.4562 0.4896 12.54 
0.179 2 2 0 2.0 2.0 0.183 0.139 0.4562 0.4779 12.52 
0.180 2 2 0 2.0 2.0 0.148 0.162 0.4562 0.4836 12.54 
0.181 2 2 0 2.0 2.0 0.169 0.146 0.4510 0.5020 12.54 
0.182 2 2 0 2.0 2.0 0.171 0.137 0.4510 0.4836 12.55 
0.183 2 2 0 2.0 2.0 0.145 0.116 0.4562 0.4836 12.55 
0.184 2 2 0 2.0 2.0 0.167 0.105 0.4562 0.4779 12.54 
0.185 2 2 0 2.0 2.0 0.225 0.102 0.4410 0.4836 12.53 
0.186 2 2 0 2.0 2.0 0.188 0.140 0.4510 0.4836 12.53 
0.187 2 2 0 2.0 2.0 0.176 0.168 0.4510 0.4779 12.55 
0.188 2 2 0 2.0 2.0 0.164 0.185 0.4510 0.4836 12.54 
0.189 2 2 0 2.0 2.0 0.140 0.149 0.4723 0.4956 12.55 
0.190 2 2 0 2.0 2.0 0.130 0.141 0.4667 0.4956 12.55 
0.191 2 2 0 2.0 2.0 0.153 0.121 0.4723 0.4836 12.55 
0.192 2 2 0 2.0 2.0 0.164 0.153 0.4667 0.4836 12.55 
0.193 2 2 0 2.0 2.0 0.171 0.160 0.4667 0.4896 12.55 
0.194 2 2 0 2.0 2.0 0.172 0.150 0.4462 0.4896 12.56 
0.195 2 2 0 2.0 2.0 0.177 0.152 0.4462 0.4896 12.55 
0.196 2 2 0 2.0 2.0 0.156 0.118 0.4667 0.4836 12.54 
0.197 2 2 0 2.0 2.0 0.136 0.096 0.4615 0.5020 12.55 
0.198 2 2 0 2.0 2.0 0.148 0.098 0.4462 0.4956 12.55 
0.199 2 2 0 2.0 2.0 0.190 0.112 0.4462 0.4836 12.55 
0.200 2 2 0 2.0 2.0 0.172 0.170 0.4615 0.4836 12.55 
0.201 2 2 1 4.0 4.0 0.156 0.155 0.4510 0.4779 12.56 
0.202 2 2 1 4.0 4.0 0.239 0.200 0.4510 0.5020 12.55 
0.203 2 2 1 4.0 4.0 0.409 0.383 0.4667 0.5020 12.53 
0.204 2 2 1 4.0 4.0 0.506 0.521 0.4723 0.4836 12.53 
0.205 2 2 1 4.0 4.0 0.556 0.558 0.4667 0.5149 12.50 
0.206 2 2 1 4.0 4.0 0.640 0.610 0.5020 0.5281 12.50 
0.207 2 2 1 4.0 4.0 0.607 0.533 0.5081 0.5354 12.51 
0.208 2 2 1 4.0 4.0 0.600 0.550 0.5081 0.5575 12.52 
0.209 2 2 1 4.0 4.0 0.582 0.555 0.5213 0.5655 12.52 
0.210 2 2 1 4.0 4.0 0.592 0.539 0.5354 0.5992 12.52 
0.211 2 2 1 4.0 4.0 0.617 0.516 0.5426 0.5904 12.51 
0.212 2 2 1 4.0 4.0 0.669 0.561 0.5735 0.6177 12.51 
0.213 2 2 1 4.0 4.0 0.549 0.560 0.5904 0.6177 12.51 
0.214 2 2 1 4.0 4.0 0.523 0.559 0.5904 0.6177 12.52 
0.215 2 2 1 4.0 4.0 0.510 0.533 0.6177 0.6474 12.53 
0.216 2 2 1 4.0 4.0 0.503 0.519 0.6085 0.6474 12.51 
0.217 2 2 1 4.0 4.0 0.559 0.519 0.6177 0.7044 12.52 
0.218 2 2 1 4.0 4.0 0.501 0.445 0.6474 0.6804 12.52 
0.219 2 2 1 4.0 4.0 0.502 0.435 0.6474 0.6924 12.50 
0.220 2 2 1 4.0 4.0 0.485 0.423 0.6691 0.6924 12.50 
0.221 2 2 1 4.0 4.0 0.505 0.442 0.6804 0.7044 12.52 
0.222 2 2 1 4.0 4.0 0.568 0.466 0.6583 0.7044 12.51 
0.223 2 2 1 4.0 4.0 0.479 0.468 0.6804 0.7434 12.53 
0.224 2 2 1 4.0 4.0 0.423 0.438 0.6804 0.7169 12.53 
0.225 2 2 1 4.0 4.0 0.410 0.426 0.7302 0.7434 12.54 
0.226 2 2 1 4.0 4.0 0.445 0.453 0.7302 0.7575 12.53 
0.227 2 2 1 4.0 4.0 0.469 0.406 0.7434 0.7434 12.52 
0.228 2 2 1 4.0 4.0 0.442 0.382 0.7169 0.7872 12.52 
0.229 2 2 1 4.0 4.0 0.427 0.380 0.7723 0.7723 12.52 
0.230 2 2 1 4.0 4.0 0.459 0.396 0.7434 0.7575 12.53 
0.231 2 2 1 4.0 4.0 0.442 0.399 0.7723 0.7723 12.54 
0.232 2 2 1 4.0 4.0 0.415 0.415 0.7575 0.8032 12.54 
0.233 2 2 1 4.0 4.0 0.389 0.383 0.7723 0.7872 12.54 
0.234 2 2 1 4.0 4.0 0.353 0.417 0.7723 0.8032 12.53 
0.235 2 2 1 4.0 4.0 0.423 0.367 0.7872 0.8193 12.53 
0.236 2 2 1 4.0 4.0 0.423 0.351 0.7723 0.8193 12.51 
0.237 2 2 1 4.0 4.0 0.400 0.303 0.7723 0.8193 12.52 
0.238 2 2 1 4.0 4.0 0.384 0.355 0.7872 0.8193 12.53 
0.239 2 2 1 4.0 4.0 0.423 0.367 0.7872 0.7872 12.52 
0.240 2 2 1 4.0 4.0 0.377 0.348 0.8032 0.8366 12.54 
0.241 2 2 1 4.0 4.0 0.362 0.339 0.7872 0.8543 12.54 
0.242 2 2 1 4.0 4.0 0.319 0.386 0.8193 0.8727 12.54 
0.243 2 2 1 4.0 4.0 0.391 0.316 0.8032 0.8727 12.52 
0.244 2 2 1 4.0 4.0 0.383 0.300 0.8366 0.8727 12.53 
0.245 2 2 1 4.0 4.0 0.369 0.291 0.8366 0.8727 12.53 
0.246 2 2 1 4.0 4.0 0.371 0.350 0.8543 0.8727 12.54 
0.247 2 2 1 4.0 4.0 0.407 0.328 0.8032 0.8924 12.53 
0.248 2 2 1 4.0 4.0 0.369 0.301 0.8193 0.8924 12.52 
0.249 2 2 1 4.0 4.0 0.357 0.307 0.8543 0.8924 12.54 
0.250 2 2 1 4.0 4.0 0.312 0.329 0.8727 0.8924 12.54 
0.251 2 2 1 4.0 4.0 0.341 0.293 0.8727 0.8924 12.54 
0.252 2 2 1 4.0 4.0 0.387 0.257 0.8366 0.9125 12.53 
0.253 2 2 1 4.0 4.0 0.347 0.309 0.8727 0.8543 12.52 
0.254 2 2 1 4.0 4.0 0.340 0.307 0.8727 0.9125 12.53 
0.255 2 2 1 4.0 4.0 0.338 0.293 0.8924 0.9125 12.54 
0.256 2 2 1 4.0 4.0 0.335 0.303 0.8924 0.9338 12.54 
0.257 2 2 1 4.0 4.0 0.286 0.307 0.8924 0.9338 12.54 
0.258 2 2 1 4.0 4.0 0.297 0.275 0.8924 0.9338 12.53 
0.259 2 2 1 4.0 4.0 0.313 0.254 0.9125 0.9338 12.54 
0.260 2 2 1 4.0 4.0 0.347 0.285 0.8924 0.9559 12.54 
0.261 2 2 1 4.0 4.0 0.296 0.297 0.8924 0.9338 12.53 
0.262 2 2 1 4.0 4.0 0.333 0.295 0.9125 0.9559 12.53 
0.263 2 2 1 4.0 4.0 0.297 0.288 0.9125 0.9559 12.53 
0.264 2 2 1 4.0 4.0 0.262 0.276 0.9338 0.9796 12.54 
0.265 2 2 1 4.0 4.0 0.282 0.259 0.9125 0.9796 12.54 
0.266 2 2 1 4.0 4.0 0.305 0.227 0.9125 0.9796 12.54 
0.267 2 2 1 4.0 4.0 0.326 0.268 0.9125 0.9796 12.55 
0.268 2 2 1 4.0 4.0 0.286 0.282 0.9125 1.0041 12.54 
0.269 2 2 1 4.0 4.0 0.316 0.250 0.9125 0.9796 12.54 
0.270 2 2 1 4.0 4.0 0.299 0.276 0.9125 0.9796 12.54 
0.271 2 2 1 4.0 4.0 0.292 0.276 0.9338 0.9796 12.54 
0.272 2 2 1 4.0 4.0 0.285 0.259 0.9559 1.0041 12.54 
0.273 2 2 1 4.0 4.0 0.330 0.242 0.9559 1.0041 12.54 
0.274 2 2 1 4.0 4.0 0.328 0.253 0.9338 0.9796 12.53 
0.275 2 2 1 4.0 4.0 0.280 0.249 0.9559 1.0041 12.54 
0.276 2 2 1 4.0 4.0 0.307 0.229 0.9338 0.9796 12.55 
0.277 2 2 1 4.0 4.0 0.308 0.257 0.9338 0.9796 12.54 
0.278 2 2 1 4.0 4.0 0.281 0.247 0.9559 0.9796 12.55 
0.279 2 2 1 4.0 4.0 0.252 0.232 0.9559 1.0041 12.55 
0.280 2 2 1 4.0 4.0 0.318 0.223 0.9559 1.0041 12.55 
0.281 2 2 1 4.0 4.0 0.285 0.251 0.9338 1.0041 12.54 
0.282 2 2 1 4.0 4.0 0.236 0.231 0.9338 1.0298 12.55 
0.283 2 2 1 4.0 4.0 0.302 0.209 0.9338 1.0298 12.54 
0.284 2 2 1 4.0 4.0 0.281 0.214 0.9338 1.0567 12.54 
0.285 2 2 1 4.0 4.0 0.257 0.227 0.9559 1.0298 12.54 
0.286 2 2 1 4.0 4.0 0.241 0.206 0.9338 1.0298 12.54 
0.287 2 2 1 4.0 4.0 0.320 0.208 0.9559 1.0298 12.55 
0.288 2 2 1 4.0 4.0 0.324 0.242 0.9559 1.0567 12.54 
0.289 2 2 1 4.0 4.0 0.282 0.212 0.9559 1.0298 12.55 
0.290 2 2 1 4.0 4.0 0.313 0.213 0.9559 1.0298 12.54 
0.291 2 2 1 4.0 4.0 0.296 0.202 0.9338 1.0298 12.54 
0.292 2 2 1 4.0 4.0 0.282 0.210 0.9559 1.0567 12.54 
0.293 2 2 1 4.0 4.0 0.259 0.218 0.9796 1.0567 12.55 
0.294 2 2 1 4.0 4.0 0.312 0.247 0.9796 1.0567 12.54 
0.295 2 2 1 4.0 4.0 0.293 0.210 0.9559 1.0298 12.54 
0.296 2 2 1 4.0 4.0 0.271 0.204 0.9796 1.0298 12.54 
0.297 2 2 1 4.0 4.0 0.303 0.225 0.9559 1.0298 12.54 
0.298 2 2 1 4.0 4.0 0.302 0.191 0.9796 1.0298 12.54 
0.299 2 2 1 4.0 4.0 0.267 0.193 0.9796 1.0298 12.55 
0.300 2 2 1 4.0 4.0 0.233 0.242 0.9796 1.0567 12.55 
0.301 2 2 1 4.0 4.0 0.278 0.239 0.9796 1.0298 12.54 
0.302 2 2 1 4.0 4.0 0.250 0.206 0.9796 1.0298 12.54 
0.303 2 2 1 4.0 4.0 0.234 0.232 0.9796 1.0298 12.54 
0.304 2 2 1 4.0 4.0 0.264 0.204 0.9796 1.0567 12.54 
0.305 2 2 1 4.0 4.0 0.250 0.168 0.9559 1.0041 12.54 
0.306 2 2 1 4.0 4.0 0.238 0.195 0.9796 1.0567 12.54 
0.307 2 2 1 4.0 4.0 0.254 0.229 0.9559 1.0567 12.55 
0.308 2 2 1 4.0 4.0 0.305 0.214 0.9796 1.0567 12.55 
0.309 2 2 1 4.0 4.0 0.288 0.233 0.9796 1.0567 12.54 
0.310 2 2 1 4.0 4.0 0.278 0.210 0.9796 1.0567 12.55 
0.311 2 2 1 4.0 4.0 0.301 0.188 0.9559 1.0852 12.54 
0.312 2 2 1 4.0 4.0 0.276 0.194 0.9559 1.0852 12.54 
0.313 2 2 1 4.0 4.0 0.231 0.221 0.9796 1.0852 12.55 
0.314 2 2 1 4.0 4.0 0.261 0.198 1.0041 1.0567 12.54 
0.315 2 2 1 4.0 4.0 0.282 0.186 0.9796 1.0567 12.54 
0.316 2 2 1 4.0 4.0 0.251 0.222 1.0041 1.0567 12.54 
0.317 2 2 1 4.0 4.0 0.233 0.195 0.9796 1.0567 12.54 
0.318 2 2 1 4.0 4.0 0.295 0.168 1.0041 1.0567 12.54 
0.319 2 2 1 4.0 4.0 0.252 0.232 0.9796 1.0567 12.54 
0.320 2 2 1 4.0 4.0 0.232 0.223 0.9796 1.0567 12.54 
0.321 2 2 1 4.0 4.0 0.271 0.192 1.0041 1.0567 12.54 
0.322 2 2 1 4.0 4.0 0.273 0.201 0.9796 1.0852 12.54 
0.323 2 2 1 4.0 4.0 0.242 0.198 0.9796 1.0852 12.55 
0.324 2 2 1 4.0 4.0 0.258 0.173 0.9796 1.0852 12.54 
0.325 2 2 1 4.0 4.0 0.255 0.191 0.9796 1.0852 12.55 
0.326 2 2 1 4.0 4.0 0.233 0.216 1.0041 1.0852 12.55 
0.327 2 2 1 4.0 4.0 0.240 0.182 0.9796 1.0852 12.54 
0.328 2 2 1 4.0 4.0 0.296 0.210 0.9796 1.0852 12.55 
0.329 2 2 1 4.0 4.0 0.285 0.187 0.9796 1.0852 12.54 
0.330 2 2 1 4.0 4.0 0.248 0.144 0.9796 1.1153 12.54 
0.331 2 2 1 4.0 4.0 0.283 0.187 0.9796 1.0852 12.54 
0.332 2 2 1 4.0 4.0 0.253 0.228 0.9796 1.1153 12.54 
0.333 2 2 1 4.0 4.0 0.240 0.183 1.0041 1.0852 12.55 
0.334 2 2 1 4.0 4.0 0.255 0.194 1.0041 1.0852 12.54 
0.335 2 2 1 4.0 4.0 0.271 0.217 1.0041 1.0852 12.54 
0.336 2 2 1 4.0 4.0 0.271 0.179 1.0041 1.0852 12.55 
0.337 2 2 1 4.0 4.0 0.255 0.204 0.9796 1.0852 12.54 
0.338 2 2 1 4.0 4.0 0.258 0.210 1.0041 1.0567 12.54 
0.339 2 2 1 4.0 4.0 0.273 0.163 1.0041 1.0852 12.53 
0.340 2 2 1 4.0 4.0 0.215 0.181 1.0041 1.1153 12.54 
0.341 2 2 1 4.0 4.0 0.267 0.185 1.0041 1.0852 12.54 
0.342 2 2 1 4.0 4.0 0.269 0.177 0.9796 1.0852 12.54 
0.343 2 2 1 4.0 4.0 0.244 0.161 0.9796 1.0852 12.54 
0.344 2 2 1 4.0 4.0 0.266 0.216 0.9796 1.1153 12.54 
0.345 2 2 1 4.0 4.0 0.290 0.194 0.9796 1.0852 12.54 
0.346 2 2 1 4.0 4.0 0.264 0.203 1.0041 1.0852 12.54 
0.347 2 2 1 4.0 4.0 0.242 0.210 0.9796 1.0852 12.54 
0.348 2 2 1 4.0 4.0 0.268 0.183 1.0041 1.1153 12.55 
0.349 2 2 1 4.0 4.0 0.267 0.175 1.0041 1.1153 12.54 
0.350 2 2 1 4.0 4.0 0.233 0.200 1.0041 1.1153 12.54 
0.351 2 2 1 4.0 4.0 0.266 0.184 0.9796 1.0852 12.54 
0.352 2 2 2 -4.0 -4.0 0.248 0.176 0.9796 1.0852 12.54 
0.353 2 2 2 -4.0 -4.0 -0.232 0.029 1.0041 1.0852 12.52 
0.354 2 2 2 -4.0 -4.0 -0.954 -0.728 0.9796 1.0852 12.46 
0.355 2 2 2 -4.0 -4.0 -1.276 -1.333 0.9559 1.0567 12.44 
0.356 2 2 2 -4.0 -4.0 -1.455 -1.608 0.8727 1.0041 12.42 
0.357 2 2 2 -4.0 -4.0 -1.580 -1.612 0.8193 0.9338 12.41 
0.358 2 2 2 -4.0 -4.0 -1.721 -1.733 0.7169 0.8727 12.40 
0.359 2 2 2 -4.0 -4.0 -1.521 -1.833 0.7044 0.7872 12.42 
0.360 2 2 2 -4.0 -4.0 -1.452 -1.624 0.6177 0.7575 12.43 
0.361 2 2 2 -4.0 -4.0 -1.502 -1.566 0.5820 0.6691 12.42 
0.362 2 2 2 -4.0 -4.0 -1.522 -1.620 0.5655 0.6177 12.41 
0.363 2 2 2 -4.0 -4.0 -1.542 -1.664 0.4779 0.5904 12.41 
0.364 2 2 2 -4.0 -4.0 -1.517 -1.654 0.4562 0.5354 12.41 
0.365 2 2 2 -4.0 -4.0 -1.576 -1.662 0.3490 0.4462 12.41 
0.366 2 2 2 -4.0 -4.0 -1.503 -1.436 0.3088 0.4269 12.41 
0.367 2 2 2 -4.0 -4.0 -1.430 -1.392 0.2868 0.3936 12.42 
0.368 2 2 2 -4.0 -4.0 -1.304 -1.431 0.2265 0.3490 12.43 
0.369 2 2 2 -4.0 -4.0 -1.241 -1.422 0.2265 0.2659 12.44 
0.370 2 2 2 -4.0 -4.0 -1.214 -1.430 0.1526 0.2659 12.43 
0.371 2 2 2 -4.0 -4.0 -1.182 -1.408 0.1213 0.1775 12.41 
0.372 2 2 2 -4.0 -4.0 -1.195 -1.363 0.1213 0.1578 12.42 
0.373 2 2 2 -4.0 -4.0 -1.194 -1.323 0.1213 0.1578 12.44 
0.374 2 2 2 -4.0 -4.0 -1.173 -1.264 -0.1309 0.1474 12.44 
0.375 2 2 2 -4.0 -4.0 -1.121 -1.213 -0.1309 0.1076 12.45 
0.376 2 2 2 -4.0 -4.0 -1.087 -1.159 -0.1309 0.0847 12.45 
0.377 2 2 2 -4.0 -4.0 -1.118 -1.155 -0.1229 -0.0783 12.43 
0.378 2 2 2 -4.0 -4.0 -1.180 -1.118 -0.1193 -0.0783 12.44 
0.379 2 2 2 -4.0 -4.0 -1.208 -1.087 -0.1193 -0.0783 12.43 
0.380 2 2 2 -4.0 -4.0 -1.094 -1.033 -0.2088 -0.1474 12.44 
0.381 2 2 2 -4.0 -4.0 -0.929 -1.010 -0.2590 -0.2253 12.46 
0.382 2 2 2 -4.0 -4.0 -0.874 -0.969 -0.2590 -0.2253 12.45 
0.383 2 2 2 -4.0 -4.0 -0.869 -0.961 -0.2767 -0.2888 12.45 
0.384 2 2 2 -4.0 -4.0 -0.850 -0.972 -0.3040 -0.3113 12.46 
0.385 2 2 2 -4.0 -4.0 -0.825 -0.996 -0.3490 -0.3317 12.47 
0.386 2 2 2 -4.0 -4.0 -0.794 -0.899 -0.3896 -0.3615 12.47 
0.387 2 2 2 -4.0 -4.0 -0.792 -0.817 -0.3936 -0.3787 12.47 
0.388 2 2 2 -4.0 -4.0 -0.799 -0.794 -0.4016 -0.3936 12.27 
0.389 2 2 2 -4.0 -4.0 -0.764 -0.766 -0.4225 -0.4097 12.43 
0.390 2 2 2 -4.0 -4.0 -0.669 -0.766 -0.4510 -0.4269 12.47 
0.391 2 2 2 -4.0 -4.0 -0.676 -0.712 -0.4510 -0.4410 12.48 
0.392 2 2 2 -4.0 -4.0 -0.669 -0.699 -0.4723 -0.4615 12.48 
0.393 2 2 2 -4.0 -4.0 -0.661 -0.627 -0.5081 -0.5020 12.48 
0.394 2 2 2 -4.0 -4.0 -0.650 -0.642 -0.5149 -0.5020 12.48 
0.395 2 2 2 -4.0 -4.0 -0.745 -0.658 -0.5354 -0.5149 12.48 
0.396 2 2 2 -4.0 -4.0 -0.669 -0.633 -0.5498 -0.5426 12.48 
0.397 2 2 2 -4.0 -4.0 -0.589 -0.631 -0.5820 -0.5354 12.49 
0.398 2 2 2 -4.0 -4.0 -0.576 -0.643 -0.5820 -0.5575 12.48 
0.399 2 2 2 -4.0 -4.0 -0.562 -0.572 -0.6085 -0.5904 12.47 
0.400 2 2 2 -4.0 -4.0 -0.590 -0.559 -0.6085 -0.5904 12.48 
0.401 2 2 2 -4.0 -4.0 -0.571 -0.509 -0.5992 -0.6177 12.49 
0.402 2 2 2 -4.0 -4.0 -0.544 -0.471 -0.6177 -0.6273 12.47 
0.403 2 2 2 -4.0 -4.0 -0.515 -0.498 -0.6474 -0.6374 12.48 
0.404 2 2 2 -4.0 -4.0 -0.508 -0.505 -0.6583 -0.6474 12.51 
0.405 2 2 2 -4.0 -4.0 -0.547 -0.487 -0.6583 -0.6474 12.47 
0.406 2 2 2 -4.0 -4.0 -0.589 -0.513 -0.6924 -0.6474 12.48 
0.407 2 2 2 -4.0 -4.0 -0.498 -0.486 -0.6804 -0.6583 12.48 
0.408 2 2 2 -4.0 -4.0 -0.428 -0.497 -0.6924 -0.7044 12.50 
0.409 2 2 2 -4.0 -4.0 -0.426 -0.492 -0.7044 -0.6804 12.50 
0.410 2 2 2 -4.0 -4.0 -0.484 -0.464 -0.7169 -0.7044 12.50 
0.411 2 2 2 -4.0 -4.0 -0.487 -0.458 -0.7302 -0.7434 12.48 
0.412 2 2 2 -4.0 -4.0 -0.447 -0.422 -0.7169 -0.7169 12.49 
0.413 2 2 2 -4.0 -4.0 -0.433 -0.410 -0.7302 -0.7434 12.51 
0.414 2 2 2 -4.0 -4.0 -0.499 -0.409 -0.7169 -0.7434 12.51 
0.415 2 2 2 -4.0 -4.0 -0.471 -0.400 -0.7723 -0.7434 12.51 
0.416 2 2 2 -4.0 -4.0 -0.437 -0.398 -0.7575 -0.7723 12.49 
0.417 2 2 2 -4.0 -4.0 -0.438 -0.448 -0.7872 -0.7723 12.49 
0.418 2 2 2 -4.0 -4.0 -0.445 -0.433 -0.7723 -0.7872 12.50 
0.419 2 2 2 -4.0 -4.0 -0.481 -0.399 -0.8032 -0.7723 12.49 
0.420 2 2 2 -4.0 -4.0 -0.450 -0.381 -0.7872 -0.7872 12.49 
0.421 2 2 2 -4.0 -4.0 -0.395 -0.381 -0.7872 -0.7872 12.51 
0.422 2 2 2 -4.0 -4.0 -0.401 -0.376 -0.8032 -0.8193 12.51 
0.423 2 2 2 -4.0 -4.0 -0.474 -0.383 -0.8032 -0.8193 12.49 
0.424 2 2 2 -4.0 -4.0 -0.387 -0.346 -0.8366 -0.7872 12.51 
0.425 2 2 2 -4.0 -4.0 -0.358 -0.384 -0.8543 -0.8193 12.51 
0.426 2 2 2 -4.0 -4.0 -0.361 -0.361 -0.8543 -0.8193 12.50 
0.427 2 2 2 -4.0 -4.0 -0.391 -0.347 -0.8193 -0.8366 12.51 
0.428 2 2 2 -4.0 -4.0 -0.368 -0.284 -0.8543 -0.8543 12.52 
0.429 2 2 2 -4.0 -4.0 -0.345 -0.317 -0.8543 -0.8543 12.52 
0.430 2 2 2 -4.0 -4.0 -0.388 -0.338 -0.8543 -0.8543 12.52 
0.431 2 2 2 -4.0 -4.0 -0.404 -0.326 -0.8924 -0.8366 12.50 
0.432 2 2 2 -4.0 -4.0 -0.368 -0.286 -0.8543 -0.8924 12.52 
0.433 2 2 2 -4.0 -4.0 -0.346 -0.311 -0.8727 -0.8366 12.52 
0.434 2 2 2 -4.0 -4.0 -0.356 -0.329 -0.8727 -0.8727 12.53 
0.435 2 2 2 -4.0 -4.0 -0.380 -0.286 -0.8727 -0.8924 12.52 
0.436 2 2 2 -4.0 -4.0 -0.346 -0.264 -0.8727 -0.8924 12.53 
0.437 2 2 2 -4.0 -4.0 -0.331 -0.292 -0.8727 -0.8924 12.53 
0.438 2 2 2 -4.0 -4.0 -0.406 -0.300 -0.8727 -0.9125 12.52 
0.439 2 2 2 -4.0 -4.0 -0.368 -0.284 -0.8924 -0.9338 12.52 
0.440 2 2 2 -4.0 -4.0 -0.317 -0.322 -0.9125 -0.9338 12.53 
0.441 2 2 2 -4.0 -4.0 -0.325 -0.326 -0.9125 -0.9338 12.53 
0.442 2 2 2 -4.0 -4.0 -0.398 -0.304 -0.9338 -0.9338 12.52 
0.443 2 2 2 -4.0 -4.0 -0.331 -0.285 -0.9125 -0.9338 12.51 
0.444 2 2 2 -4.0 -4.0 -0.292 -0.243 -0.9338 -0.9559 12.51 
0.445 2 2 2 -4.0 -4.0 -0.392 -0.273 -0.9125 -0.9796 12.51 
0.446 2 2 2 -4.0 -4.0 -0.375 -0.265 -0.9338 -0.9559 12.52 
0.447 2 2 2 -4.0 -4.0 -0.332 -0.281 -0.9559 -0.9559 12.52 
0.448 2 2 2 -4.0 -4.0 -0.296 -0.305 -0.9559 -0.9559 12.53 
0.449 2 2 2 -4.0 -4.0 -0.358 -0.290 -0.9338 -0.9559 12.53 
0.450 2 2 2 -4.0 -4.0 -0.316 -0.239 -0.9338 -0.9559 12.53 
0.451 2 2 2 -4.0 -4.0 -0.305 -0.258 -0.9338 -0.9559 12.52 
0.452 2 2 2 -4.0 -4.0 -0.359 -0.277 -0.9338 -0.9559 12.53 
0.453 2 2 2 -4.0 -4.0 -0.324 -0.241 -0.9559 -0.9796 12.53 
0.454 2 2 2 -4.0 -4.0 -0.290 -0.257 -0.9338 -0.9559 12.53 
0.455 2 2 2 -4.0 -4.0 -0.308 -0.251 -0.9559 -0.9559 12.53 
0.456 2 2 2 -4.0 -4.0 -0.346 -0.243 -0.9559 -0.9796 12.53 
0.457 2 2 2 -4.0 -4.0 -0.349 -0.238 -0.9559 -0.9796 12.53 
0.458 2 2 2 -4.0 -4.0 -0.287 -0.242 -0.9559 -0.9796 12.54 
0.459 2 2 2 -4.0 -4.0 -0.349 -0.262 -0.9559 -0.9796 12.53 
0.460 2 2 2 -4.0 -4.0 -0.334 -0.263 -0.9559 -1.0041 12.51 
0.461 2 2 2 -4.0 -4.0 -0.300 -0.276 -0.9559 -1.0041 12.52 
0.462 2 2 2 -4.0 -4.0 -0.304 -0.241 -0.9796 -1.0041 12.53 
0.463 2 2 2 -4.0 -4.0 -0.348 -0.225 -0.9796 -1.0041 12.54 
0.464 2 2 2 -4.0 -4.0 -0.310 -0.226 -0.9559 -1.0298 12.54 
0.465 2 2 2 -4.0 -4.0 -0.266 -0.231 -0.9796 -1.0298 12.52 
0.466 2 2 2 -4.0 -4.0 -0.357 -0.233 -0.9559 -1.0041 12.53 
0.467 2 2 2 -4.0 -4.0 -0.326 -0.234 -0.9559 -1.0298 12.53 
0.468 2 2 2 -4.0 -4.0 -0.295 -0.236 -1.0041 -1.0298 12.53 
0.469 2 2 2 -4.0 -4.0 -0.316 -0.215 -1.0041 -1.0298 12.52 
0.470 2 2 2 -4.0 -4.0 -0.327 -0.197 -0.9796 -1.0298 12.51 
0.471 2 2 2 -4.0 -4.0 -0.312 -0.212 -0.9796 -1.0298 12.51 
0.472 2 2 2 -4.0 -4.0 -0.298 -0.215 -0.9796 -1.0298 12.52 
0.473 2 2 2 -4.0 -4.0 -0.340 -0.190 -1.0041 -1.0567 12.52 
0.474 2 2 2 -4.0 -4.0 -0.306 -0.229 -0.9796 -1.0298 12.53 
0.475 2 2 2 -4.0 -4.0 -0.231 -0.220 -1.0041 -1.0567 12.54 
0.476 2 2 2 -4.0 -4.0 -0.294 -0.192 -0.9796 -1.0567 12.53 
0.477 2 2 2 -4.0 -4.0 -0.286 -0.198 -0.9796 -1.0567 12.53 
0.478 2 2 2 -4.0 -4.0 -0.264 -0.213 -0.9559 -1.0567 12.51 
0.479 2 2 2 -4.0 -4.0 -0.277 -0.206 -0.9796 -1.0567 12.50 
0.480 2 2 2 -4.0 -4.0 -0.295 -0.253 -0.9796 -1.0567 12.53 
0.481 2 2 2 -4.0 -4.0 -0.285 -0.243 -0.9796 -1.0567 12.54 
0.482 2 2 2 -4.0 -4.0 -0.268 -0.218 -1.0041 -1.0567 12.54 
0.483 2 2 2 -4.0 -4.0 -0.351 -0.196 -1.0041 -1.0852 12.54 
0.484 2 2 2 -4.0 -4.0 -0.300 -0.230 -1.0041 -1.0567 12.53 
0.485 2 2 2 -4.0 -4.0 -0.263 -0.216 -1.0298 -1.0567 12.54 
0.486 2 2 2 -4.0 -4.0 -0.320 -0.245 -1.0041 -1.0298 12.54 
0.487 2 2 2 -4.0 -4.0 -0.308 -0.228 -1.0041 -1.0567 12.53 
0.488 2 2 2 -4.0 -4.0 -0.262 -0.210 -1.0567 -1.0567 12.54 
0.489 2 2 2 -4.0 -4.0 -0.276 -0.171 -1.0298 -1.0567 12.54 
0.490 2 2 2 -4.0 -4.0 -0.304 -0.197 -1.0041 -1.0567 12.54 
0.491 2 2 2 -4.0 -4.0 -0.273 -0.209 -1.0041 -1.0567 12.54 
0.492 2 2 2 -4.0 -4.0 -0.267 -0.168 -1.0041 -1.0852 12.53 
0.493 2 2 2 -4.0 -4.0 -0.346 -0.190 -1.0041 -1.0567 12.53 
0.494 2 2 2 -4.0 -4.0 -0.308 -0.188 -0.9796 -1.0852 12.53 
0.495 2 2 2 -4.0 -4.0 -0.261 -0.177 -1.0041 -1.0852 12.52 
0.496 2 2 2 -4.0 -4.0 -0.312 -0.196 -1.0041 -1.0852 12.51 
0.497 2 2 2 -4.0 -4.0 -0.286 -0.196 -1.0041 -1.0852 12.52 
0.498 2 2 2 -4.0 -4.0 -0.258 -0.190 -1.0041 -1.0852 12.53 
0.499 2 2 2 -4.0 -4.0 -0.296 -0.227 -1.0041 -1.0852 12.53 
0.500 2 2 2 -4.0 -4.0 -0.279 -0.221 -1.0298 -1.0852 12.53 
0.501 2 2 2 -4.0 -4.0 -0.258 -0.179 -1.0298 -1.0852 12.54 
0.502 2 2 2 -4.0 -4.0 -0.245 -0.171 -1.0298 -1.1153 12.54 
0.503 2 2 3 0.0 0.0 -0.301 -0.208 -1.0298 -1.1153 12.54 
0.504 2 2 3 0.0 0.0 0.001 -0.108 -1.0041 -1.0852 12.55 
0.505 2 2 3 0.0 0.0 0.400 0.229 -1.0041 -1.0852 12.55 
0.506 2 2 3 0.0 0.0 0.580 0.467 -0.9796 -1.0852 12.55 
0.507 2 2 3 0.0 0.0 0.574 0.686 -0.9796 -1.0567 12.55 
0.508 2 2 3 0.0 0.0 0.671 0.811 -0.9559 -0.9338 12.56 
0.509 2 2 3 0.0 0.0 0.757 0.727 -0.9125 -0.9796 12.56 
0.510 2 2 3 0.0 0.0 0.730 0.761 -0.8032 -0.9338 12.55 
0.511 2 2 3 0.0 0.0 0.659 0.811 -0.7872 -0.9338 12.55 
0.512 2 2 3 0.0 0.0 0.702 0.782 -0.7723 -0.8193 12.57 
0.513 2 2 3 0.0 0.0 0.704 0.656 -0.7434 -0.8032 12.56 
0.514 2 2 3 0.0 0.0 0.674 0.693 -0.7169 -0.8193 12.56 
0.515 2 2 3 0.0 0.0 0.564 0.746 -0.6924 -0.7575 12.55 
0.516 2 2 3 0.0 0.0 0.560 0.739 -0.6474 -0.7434 12.55 
0.517 2 2 3 0.0 0.0 0.611 0.567 -0.6474 -0.7434 12.55 
0.518 2 2 3 0.0 0.0 0.624 0.604 -0.6177 -0.7169 12.55 
0.519 2 2 3 0.0 0.0 0.566 0.658 -0.5820 -0.6691 12.56 
0.520 2 2 3 0.0 0.0 0.453 0.701 -0.5735 -0.6804 12.56 
0.521 2 2 3 0.0 0.0 0.453 0.651 -0.5498 -0.6374 12.56 
0.522 2 2 3 0.0 0.0 0.473 0.537 -0.5213 -0.6177 12.56 
0.523 2 2 3 0.0 0.0 0.491 0.529 -0.4956 -0.5820 12.56 
0.524 2 2 3 0.0 0.0 0.482 0.560 -0.4779 -0.5655 12.55 
0.525 2 2 3 0.0 0.0 0.459 0.587 -0.4510 -0.5498 12.55 
0.526 2 2 3 0.0 0.0 0.376 0.559 -0.4462 -0.5213 12.56 
0.527 2 2 3 0.0 0.0 0.330 0.440 -0.4410 -0.5354 12.56 
0.528 2 2 3 0.0 0.0 0.331 0.373 -0.3936 -0.5149 12.55 
0.529 2 2 3 0.0 0.0 0.345 0.404 -0.3683 -0.4836 12.55 
0.530 2 2 3 0.0 0.0 0.343 0.453 -0.3615 -0.4723 12.56 
0.531 2 2 3 0.0 0.0 0.344 0.461 -0.3522 -0.4269 12.55 
0.532 2 2 3 0.0 0.0 0.346 0.470 -0.3522 -0.4137 12.56 
0.533 2 2 3 0.0 0.0 0.339 0.444 -0.3161 -0.3651 12.55 
0.534 2 2 3 0.0 0.0 0.300 0.400 -0.2888 -0.3787 12.56 
0.535 2 2 3 0.0 0.0 0.261 0.286 -0.2888 -0.3860 12.55 
0.536 2 2 3 0.0 0.0 0.206 0.267 -0.2888 -0.3582 12.56 
0.537 2 2 3 0.0 0.0 0.187 0.289 -0.2868 -0.3317 12.56 
0.538 2 2 3 0.0 0.0 0.200 0.289 -0.2510 -0.3317 12.56 
0.539 2 2 3 0.0 0.0 0.233 0.302 -0.2510 -0.3265 12.55 
0.540 2 2 3 0.0 0.0 0.222 0.316 -0.2205 -0.3161 12.56 
0.541 2 2 3 0.0 0.0 0.244 0.291 -0.2205 -0.2928 12.56 
0.542 2 2 3 0.0 0.0 0.212 0.280 -0.2100 -0.2695 12.55 
0.543 2 2 3 0.0 0.0 0.214 0.241 -0.2100 -0.2695 12.54 
0.544 2 2 3 0.0 0.0 0.200 0.232 -0.2048 -0.2607 12.55 
0.545 2 2 3 0.0 0.0 0.198 0.211 -0.2048 -0.2574 12.55 
0.546 2 2 3 0.0 0.0 0.191 0.181 -0.1679 -0.2510 12.56 
0.547 2 2 3 0.0 0.0 0.164 0.186 -0.1679 -0.2362 12.56 
0.548 2 2 3 0.0 0.0 0.147 0.202 -0.1679 -0.2362 12.56 
0.549 2 2 3 0.0 0.0 0.151 0.213 -0.1442 -0.2145 12.56 
0.550 2 2 3 0.0 0.0 0.148 0.217 -0.1442 -0.2145 12.56 
0.551 2 2 3 0.0 0.0 0.128 0.206 -0.1442 -0.1940 12.56 
0.552 2 2 3 0.0 0.0 0.104 0.196 -0.1442 -0.1940 12.56 
0.553 2 2 3 0.0 0.0 0.107 0.193 -0.1442 -0.1731 12.56 
0.554 2 2 3 0.0 0.0 0.070 0.180 -0.1442 -0.1611 12.55 
0.555 2 2 3 0.0 0.0 0.111 0.155 -0.1269 -0.1611 12.55 
0.556 2 2 3 0.0 0.0 0.089 0.184 -0.1269 -0.1458 12.55 
0.557 2 2 3 0.0 0.0 0.096 0.174 -0.1269 -0.1458 12.56 
0.558 2 2 3 0.0 0.0 0.084 0.137 -0.1217 -0.1458 12.56 
0.559 2 2 3 0.0 0.0 0.086 0.116 -0.0936 -0.1390 12.55 
0.560 2 2 3 0.0 0.0 0.077 0.118 -0.0928 -0.1390 12.55 
0.561 2 2 3 0.0 0.0 0.077 0.113 -0.0928 -0.1390 12.55 
0.562 2 2 3 0.0 0.0 0.076 0.103 -0.0928 -0.1253 12.56 
0.563 2 2 3 0.0 0.0 0.044 0.094 -0.0928 -0.1165 12.56 
0.564 2 2 3 0.0 0.0 0.058 0.092 -0.0807 -0.1165 12.56 
0.565 2 2 3 0.0 0.0 0.058 0.079 -0.0671 -0.1165 12.56 
0.566 2 2 3 0.0 0.0 0.027 0.050 -0.0578 -0.1068 12.55 
0.567 2 2 3 0.0 0.0 0.019 0.061 -0.0578 -0.0924 12.56 
0.568 2 2 3 0.0 0.0 0.033 0.038 -0.0578 -0.0924 12.56 
0.569 2 2 3 0.0 0.0 0.029 0.050 -0.0578 -0.0924 12.56 
0.570 2 2 3 0.0 0.0 0.020 0.053 -0.0578 -0.0924 12.56 
0.571 2 2 3 0.0 0.0 0.019 0.073 -0.0578 -0.0908 12.55 
0.572 2 2 3 0.0 0.0 0.017 0.076 -0.0578 -0.0775 12.55 
0.573 2 2 3 0.0 0.0 0.025 0.054 -0.0566 -0.0775 12.56 
0.574 2 2 3 0.0 0.0 0.011 0.055 -0.0498 -0.0775 12.56 
0.575 2 2 3 0.0 0.0 0.016 0.042 -0.0442 -0.0775 12.56 
0.576 2 2 3 0.0 0.0 -0.018 0.057 -0.0398 -0.0775 12.56 
0.577 2 2 3 0.0 0.0 -0.015 0.040 -0.0361 -0.0763 12.56 
0.578 2 2 3 0.0 0.0 -0.010 0.038 -0.0329 -0.0643 12.55 
0.579 2 2 3 0.0 0.0 -0.003 0.023 -0.0305 -0.0554 12.55 
0.580 2 2 3 0.0 0.0 0.004 0.050 -0.0285 -0.0486 12.56 
0.581 2 2 3 0.0 0.0 -0.005 0.039 -0.0265 -0.0434 12.56 
0.582 2 2 3 0.0 0.0 -0.013 0.046 -0.0249 -0.0390 12.56 
0.583 2 2 3 0.0 0.0 -0.008 0.019 -0.0233 -0.0353 12.56 
0.584 2 2 3 0.0 0.0 -0.001 0.026 -0.0221 -0.0345 12.56 
0.585 2 2 3 0.0 0.0 -0.018 0.021 -0.0209 -0.0345 12.56 
0.586 2 2 3 0.0 0.0 -0.020 -0.007 -0.0197 -0.0345 12.55 
0.587 2 2 3 0.0 0.0 -0.003 0.011 -0.0189 -0.0345 12.55 
0.588 2 2 3 0.0 0.0 0.004 0.012 -0.0181 -0.0345 12.55 
0.589 2 2 3 0.0 0.0 0.008 0.004 -0.0173 -0.0345 12.55 
0.590 2 2 3 0.0 0.0 -0.017 0.004 -0.0165 -0.0345 12.56 
0.591 2 2 3 0.0 0.0 0.011 -0.012 -0.0157 -0.0345 12.55 
0.592 2 2 3 0.0 0.0 -0.005 -0.011 -0.0153 -0.0345 12.56 
0.593 2 2 3 0.0 0.0 -0.000 -0.007 -0.0145 -0.0345 12.56 
0.594 2 2 3 0.0 0.0 0.006 -0.002 -0.0141 -0.0345 12.56 
0.595 2 2 3 0.0 0.0 0.007 -0.017 -0.0137 -0.0345 12.56 
0.596 2 2 3 0.0 0.0 0.002 -0.011 -0.0133 -0.0317 12.56 
0.597 2 2 3 0.0 0.0 0.005 -0.011 -0.0129 -0.0293 12.55 
0.598 2 2 3 0.0 0.0 0.008 -0.010 -0.0125 -0.0273 12.56 
0.599 2 2 3 0.0 0.0 -0.011 -0.005 -0.0120 -0.0257 12.56 
0.600 2 2 3 0.0 0.0 0.002 -0.007 -0.0116 -0.0241 12.56 
0.601 2 2 3 0.0 0.0 -0.005 -0.007 -0.0112 -0.0225 12.56 
0.602 2 2 3 0.0 0.0 0.005 -0.011 -0.0108 -0.0213 12.57 
0.603 2 2 3 0.0 0.0 0.001 -0.005 -0.0104 -0.0201 12.56 
0.604 2 2 3 0.0 0.0 0.002 -0.003 -0.0104 -0.0193 12.55 
0.605 2 2 3 0.0 0.0 -0.008 -0.016 -0.0100 -0.0185 12.56 
0.606 2 2 3 0.0 0.0 -0.010 -0.011 -0.0096 -0.0177 12.56 
0.607 2 2 3 0.0 0.0 0.001 0.003 -0.0096 -0.0169 12.56 
0.608 2 2 3 0.0 0.0 -0.022 0.002 -0.0092 -0.0161 12.56 
0.609 2 2 3 0.0 0.0 0.006 0.015 -0.0092 -0.0157 12.56 
0.610 2 2 3 0.0 0.0 0.005 0.031 -0.0088 -0.0149 12.56 
0.611 2 2 3 0.0 0.0 0.012 0.011 -0.0088 -0.0145 12.56 
0.612 2 2 3 0.0 0.0 0.005 0.004 -0.0084 -0.0137 12.56 
0.613 2 2 3 0.0 0.0 0.021 -0.007 -0.0084 -0.0133 12.57 
0.614 2 2 3 0.0 0.0 -0.007 0.007 -0.0080 -0.0129 12.56 
0.615 2 2 3 0.0 0.0 -0.010 0.011 -0.0080 -0.0125 12.56 
0.616 2 2 3 0.0 0.0 0.004 -0.006 -0.0076 -0.0120 12.56 
0.617 2 2 3 0.0 0.0 0.012 0.000 -0.0076 -0.0116 12.56 
0.618 2 2 3 0.0 0.0 0.004 -0.004 -0.0076 -0.0112 12.56 
0.619 2 2 3 0.0 0.0 -0.009 -0.019 -0.0072 -0.0112 12.56 
0.620 2 2 3 0.0 0.0 -0.016 -0.023 -0.0072 -0.0108 12.56 
0.621 2 2 3 0.0 0.0 0.001 0.000 -0.0072 -0.0104 12.56 
0.622 2 2 3 0.0 0.0 0.005 -0.005 -0.0068 -0.0100 12.56 
0.623 2 2 3 0.0 0.0 0.008 -0.026 -0.0068 -0.0100 12.57 
0.624 2 2 3 0.0 0.0 -0.005 -0.003 -0.0068 -0.0096 12.56 
0.625 2 2 3 0.0 0.0 -0.005 0.002 -0.0064 -0.0096 12.56 
0.626 2 2 3 0.0 0.0 0.011 -0.002 -0.0064 -0.0092 12.56 
0.627 2 2 3 0.0 0.0 0.009 0.000 -0.0064 -0.0088 12.56 
0.628 2 2 3 0.0 0.0 -0.002 -0.006 -0.0064 -0.0088 12.56 
0.629 2 2 3 0.0 0.0 0.017 -0.005 -0.0060 -0.0084 12.56 
0.630 2 2 3 0.0 0.0 -0.013 0.012 -0.0060 -0.0084 12.56 
0.631 2 2 3 0.0 0.0 0.011 0.024 -0.0060 -0.0080 12.56 
0.632 2 2 3 0.0 0.0 0.001 0.007 -0.0060 -0.0080 12.56 
0.633 2 2 3 0.0 0.0 0.004 0.009 -0.0056 -0.0080 12.56 
0.634 2 2 3 0.0 0.0 0.011 -0.002 -0.0056 -0.0076 12.57 
0.635 2 2 3 0.0 0.0 -0.006 -0.014 -0.0056 -0.0076 12.56 
0.636 2 2 3 0.0 0.0 -0.005 -0.008 -0.0056 -0.0076 12.56 
0.637 2 2 3 0.0 0.0 -0.006 0.019 -0.0056 -0.0072 12.56 
0.638 2 2 3 0.0 0.0 -0.015 -0.000 -0.0052 -0.0072 12.55 
0.639 2 2 3 0.0 0.0 -0.004 0.001 -0.0052 -0.0068 12.56 
0.640 2 2 3 0.0 0.0 0.003 -0.008 -0.0052 -0.0068 12.56 
0.641 2 2 3 0.0 0.0 0.016 -0.008 -0.0052 -0.0068 12.56 
0.642 2 2 3 0.0 0.0 -0.003 -0.011 -0.0052 -0.0068 12.56 
0.643 2 2 3 0.0 0.0 -0.009 -0.003 -0.0048 -0.0064 12.56 
0.644 2 2 3 0.0 0.0 0.013 0.008 -0.0048 -0.0064 12.56 
0.645 2 2 3 0.0 0.0 -0.015 -0.000 -0.0048 -0.0064 12.57 
0.646 2 2 3 0.0 0.0 -0.011 -0.003 -0.0048 -0.0060 12.57 
0.647 2 2 3 0.0 0.0 -0.006 0.004 -0.0048 -0.0060 12.56 
0.648 2 2 3 0.0 0.0 -0.000 0.012 -0.0048 -0.0060 12.57 
0.649 2 2 3 0.0 0.0 -0.004 -0.014 -0.0048 -0.0060 12.56 
0.650 2 2 3 0.0 0.0 -0.007 -0.020 -0.0044 -0.0060 12.56 
0.651 2 2 3 0.0 0.0 -0.005 -0.013 -0.0044 -0.0056 12.56 
0.652 2 2 3 0.0 0.0 0.002 -0.012 -0.0044 -0.0056 12.56 
0.653 2 2 3 0.0 0.0 -0.011 0.008 -0.0044 -0.0056 12.56 
0.654 2 2 3 0.0 0.0 -0.011 0.012 -0.0044 -0.0056 12.56 
0.655 2 2 3 0.0 0.0 -0.004 0.010 -0.0044 -0.0052 12.55 
0.656 2 2 3 0.0 0.0 -0.006 -0.007 -0.0044 -0.0052 12.56 
0.657 2 2 3 0.0 0.0 0.001 0.000 -0.0040 -0.0052 12.56 
0.658 2 2 3 0.0 0.0 -0.029 -0.003 -0.0040 -0.0052 12.56 
0.659 2 2 3 0.0 0.0 -0.012 -0.002 -0.0040 -0.0052 12.56 
0.660 2 2 3 0.0 0.0 -0.007 -0.005 -0.0040 -0.0052 12.56 
0.661 2 2 3 0.0 0.0 -0.008 -0.006 -0.0040 -0.0048 12.56 
0.662 2 2 3 0.0 0.0 -0.015 0.010 -0.0040 -0.0048 12.56 
0.663 2 2 3 0.0 0.0 -0.014 0.010 -0.0040 -0.0048 12.56 
0.664 2 2 3 0.0 0.0 -0.003 0.001 -0.0040 -0.0048 12.56 
0.665 2 2 3 0.0 0.0 -0.011 -0.005 -0.0040 -0.0048 12.56 
