%% logfile from robot Lea (31)
% Lea (31)
%  1    time 0.000 sec
%  2  3  4   (mission 0), state 2, thread 2, line 0
%  5  6 Motor voltage [V] left, right: 2.0 2.0
%  7  8 Motor current left, right [A]: 0.056 0.071
%  9 10 Wheel velocity [m/s] left, right: -0.0000 0.0000
% 11    Battery voltage [V]: 12.12
0.001 2 2 0 2.0 2.0 0.128 0.050 -0.0000 0.0000 12.10 
0.002 2 2 0 2.0 2.0 0.280 0.270 -0.0000 0.0000 12.09 
0.003 2 2 0 2.0 2.0 0.377 0.426 -0.0000 0.0000 12.08 
0.004 2 2 0 2.0 2.0 0.450 0.490 -0.0000 0.0000 12.08 
0.005 2 2 0 2.0 2.0 0.446 0.531 -0.0000 0.0000 12.07 
0.006 2 2 0 2.0 2.0 0.487 0.547 -0.0000 0.0000 12.10 
0.007 2 2 0 2.0 2.0 0.457 0.554 -0.0000 0.0000 12.09 
0.008 2 2 0 2.0 2.0 0.426 0.544 0.0000 0.0000 12.09 
0.009 2 2 0 2.0 2.0 0.437 0.520 0.0000 0.0000 12.09 
0.010 2 2 0 2.0 2.0 0.417 0.505 0.0000 0.0000 12.08 
0.011 2 2 0 2.0 2.0 0.409 0.488 0.0000 0.0000 12.09 
0.012 2 2 0 2.0 2.0 0.427 0.456 0.1217 0.0000 12.09 
0.013 2 2 0 2.0 2.0 0.378 0.415 0.1217 0.0000 12.08 
0.014 2 2 0 2.0 2.0 0.336 0.409 0.1550 0.1020 12.09 
0.015 2 2 0 2.0 2.0 0.302 0.410 0.1550 0.1020 12.10 
0.016 2 2 0 2.0 2.0 0.359 0.392 0.1823 0.1020 12.08 
0.017 2 2 0 2.0 2.0 0.354 0.384 0.1823 0.1370 12.08 
0.018 2 2 0 2.0 2.0 0.297 0.397 0.2028 0.1370 12.09 
0.019 2 2 0 2.0 2.0 0.261 0.391 0.2028 0.1651 12.07 
0.020 2 2 0 2.0 2.0 0.302 0.366 0.2241 0.1651 12.09 
0.021 2 2 0 2.0 2.0 0.295 0.366 0.2241 0.1856 12.07 
0.022 2 2 0 2.0 2.0 0.292 0.366 0.2217 0.1856 12.07 
0.023 2 2 0 2.0 2.0 0.305 0.337 0.2217 0.2100 12.09 
0.024 2 2 0 2.0 2.0 0.298 0.332 0.2293 0.2100 12.07 
0.025 2 2 0 2.0 2.0 0.291 0.336 0.2462 0.2418 12.08 
0.026 2 2 0 2.0 2.0 0.285 0.357 0.2462 0.2462 12.09 
0.027 2 2 0 2.0 2.0 0.294 0.345 0.2807 0.2462 12.09 
0.028 2 2 0 2.0 2.0 0.317 0.242 0.2639 0.2510 12.09 
0.029 2 2 0 2.0 2.0 0.305 0.265 0.2639 0.2510 12.08 
0.030 2 2 0 2.0 2.0 0.258 0.263 0.2659 0.2590 12.07 
0.031 2 2 0 2.0 2.0 0.221 0.277 0.2928 0.2607 12.08 
0.032 2 2 0 2.0 2.0 0.176 0.295 0.3346 0.2607 12.09 
0.033 2 2 0 2.0 2.0 0.268 0.285 0.3346 0.2787 12.10 
0.034 2 2 0 2.0 2.0 0.221 0.279 0.2952 0.2807 12.10 
0.035 2 2 0 2.0 2.0 0.205 0.297 0.2787 0.2972 12.10 
0.036 2 2 0 2.0 2.0 0.237 0.289 0.3113 0.2972 12.10 
0.037 2 2 0 2.0 2.0 0.235 0.261 0.3113 0.3185 12.10 
0.038 2 2 0 2.0 2.0 0.251 0.264 0.3751 0.3237 12.12 
0.039 2 2 0 2.0 2.0 0.222 0.255 0.3265 0.3317 12.09 
0.040 2 2 0 2.0 2.0 0.186 0.255 0.3040 0.3237 12.09 
0.041 2 2 0 2.0 2.0 0.154 0.257 0.3374 0.3237 12.08 
0.042 2 2 0 2.0 2.0 0.169 0.243 0.3751 0.3213 12.08 
0.043 2 2 0 2.0 2.0 0.185 0.234 0.3430 0.3374 12.09 
0.044 2 2 0 2.0 2.0 0.257 0.250 0.3430 0.3490 12.10 
0.045 2 2 0 2.0 2.0 0.185 0.224 0.3137 0.3462 12.11 
0.046 2 2 0 2.0 2.0 0.171 0.237 0.3490 0.3751 12.10 
0.047 2 2 0 2.0 2.0 0.256 0.246 0.3823 0.3683 12.07 
0.048 2 2 0 2.0 2.0 0.307 0.066 0.3615 0.3683 12.09 
0.049 2 2 0 2.0 2.0 0.201 0.178 0.3936 0.3651 12.11 
0.050 2 2 0 2.0 2.0 0.147 0.178 0.3683 0.3715 12.10 
0.051 2 2 0 2.0 2.0 0.142 0.183 0.3896 0.3715 12.09 
0.052 2 2 0 2.0 2.0 0.188 0.176 0.3683 0.3787 12.08 
0.053 2 2 0 2.0 2.0 0.179 0.173 0.3550 0.3896 12.09 
0.054 2 2 0 2.0 2.0 0.166 0.181 0.3751 0.3787 12.10 
0.055 2 2 0 2.0 2.0 0.154 0.216 0.4016 0.3582 12.09 
0.056 2 2 0 2.0 2.0 0.148 0.232 0.3860 0.4016 12.09 
0.057 2 2 0 2.0 2.0 0.158 0.215 0.3715 0.4181 12.11 
0.058 2 2 0 2.0 2.0 0.192 0.217 0.3976 0.3976 12.10 
0.059 2 2 0 2.0 2.0 0.193 0.207 0.4462 0.3860 12.13 
0.060 2 2 0 2.0 2.0 0.153 0.193 0.4016 0.3976 12.11 
0.061 2 2 0 2.0 2.0 0.144 0.191 0.3683 0.4016 12.10 
0.062 2 2 0 2.0 2.0 0.151 0.202 0.3860 0.4097 12.11 
0.063 2 2 0 2.0 2.0 0.217 0.205 0.4362 0.4181 12.11 
0.064 2 2 0 2.0 2.0 0.167 0.179 0.4269 0.4225 12.10 
0.065 2 2 0 2.0 2.0 0.159 0.166 0.3787 0.4225 12.09 
0.066 2 2 0 2.0 2.0 0.153 0.160 0.3976 0.4269 12.09 
0.067 2 2 0 2.0 2.0 0.142 0.137 0.4225 0.4317 12.10 
0.068 2 2 0 2.0 2.0 0.150 0.118 0.4225 0.4225 12.10 
0.069 2 2 0 2.0 2.0 0.162 0.119 0.4410 0.4269 12.10 
0.070 2 2 0 2.0 2.0 0.127 0.173 0.4362 0.4362 12.11 
0.071 2 2 0 2.0 2.0 0.130 0.140 0.4410 0.4410 12.08 
0.072 2 2 0 2.0 2.0 0.138 0.147 0.4362 0.4317 12.11 
0.073 2 2 0 2.0 2.0 0.135 0.163 0.4362 0.4362 12.09 
0.074 2 2 0 2.0 2.0 0.200 0.126 0.4462 0.4462 12.09 
0.075 2 2 0 2.0 2.0 0.171 0.128 0.4362 0.4510 12.11 
0.076 2 2 0 2.0 2.0 0.154 0.123 0.4362 0.4510 12.11 
0.077 2 2 0 2.0 2.0 0.127 0.127 0.4362 0.4615 12.12 
0.078 2 2 0 2.0 2.0 0.126 0.164 0.4562 0.4615 12.10 
0.079 2 2 0 2.0 2.0 0.125 0.153 0.4510 0.4562 12.11 
0.080 2 2 0 2.0 2.0 0.238 0.161 0.4362 0.4562 12.11 
0.081 2 2 0 2.0 2.0 0.135 0.151 0.4723 0.4562 12.09 
0.082 2 2 0 2.0 2.0 0.123 0.163 0.4615 0.4615 12.08 
0.083 2 2 0 2.0 2.0 0.089 0.183 0.4362 0.4615 12.08 
0.084 2 2 0 2.0 2.0 0.119 0.188 0.4410 0.4723 12.09 
0.085 2 2 0 2.0 2.0 0.131 0.195 0.4836 0.4779 12.11 
0.086 2 2 0 2.0 2.0 0.125 0.197 0.4667 0.4836 12.11 
0.087 2 2 0 2.0 2.0 0.108 0.154 0.4410 0.4779 12.11 
0.088 2 2 0 2.0 2.0 0.128 0.098 0.5020 0.4667 12.12 
0.089 2 2 0 2.0 2.0 0.119 0.094 0.4836 0.4779 12.12 
0.090 2 2 0 2.0 2.0 0.115 0.080 0.4462 0.4779 12.12 
0.091 2 2 0 2.0 2.0 0.157 0.094 0.4510 0.4896 12.11 
0.092 2 2 0 2.0 2.0 0.112 0.139 0.4723 0.4896 12.10 
0.093 2 2 0 2.0 2.0 0.114 0.117 0.4667 0.4836 12.11 
0.094 2 2 0 2.0 2.0 0.103 0.091 0.4836 0.4779 12.11 
0.095 2 2 0 2.0 2.0 0.134 0.091 0.5020 0.4836 12.12 
0.096 2 2 0 2.0 2.0 0.143 0.098 0.4836 0.4896 12.12 
0.097 2 2 0 2.0 2.0 0.117 0.117 0.4615 0.4836 12.12 
0.098 2 2 0 2.0 2.0 0.130 0.152 0.4667 0.4667 12.12 
0.099 2 2 0 2.0 2.0 0.085 0.161 0.4779 0.5149 12.12 
0.100 2 2 0 2.0 2.0 0.098 0.147 0.4667 0.4956 12.12 
0.101 2 2 0 2.0 2.0 0.152 0.162 0.4723 0.4779 12.11 
0.102 2 2 0 2.0 2.0 0.211 0.137 0.5281 0.4836 12.11 
0.103 2 2 0 2.0 2.0 0.128 0.133 0.5020 0.4896 12.11 
0.104 2 2 0 2.0 2.0 0.119 0.137 0.4667 0.5020 12.12 
0.105 2 2 0 2.0 2.0 0.146 0.134 0.5213 0.5020 12.12 
0.106 2 2 0 2.0 2.0 0.154 0.118 0.4956 0.4956 12.12 
0.107 2 2 0 2.0 2.0 0.151 0.090 0.4667 0.4956 12.12 
0.108 2 2 0 2.0 2.0 0.118 0.090 0.4723 0.5020 12.11 
0.109 2 2 0 2.0 2.0 0.107 0.091 0.4779 0.4956 12.11 
0.110 2 2 0 2.0 2.0 0.095 0.098 0.5020 0.4956 12.10 
0.111 2 2 0 2.0 2.0 0.082 0.126 0.4896 0.5020 12.11 
0.112 2 2 0 2.0 2.0 0.145 0.135 0.4956 0.4956 12.11 
0.113 2 2 0 2.0 2.0 0.113 0.140 0.4896 0.4956 12.12 
0.114 2 2 0 2.0 2.0 0.083 0.106 0.4896 0.5081 12.12 
0.115 2 2 0 2.0 2.0 0.253 -0.024 0.4956 0.5081 12.10 
0.116 2 2 0 2.0 2.0 0.156 -0.006 0.4896 0.5020 12.11 
0.117 2 2 0 2.0 2.0 0.097 0.046 0.4896 0.5149 12.10 
0.118 2 2 0 2.0 2.0 0.085 0.126 0.5149 0.5213 12.11 
0.119 2 2 0 2.0 2.0 0.108 0.107 0.5020 0.5081 12.10 
0.120 2 2 0 2.0 2.0 0.192 0.083 0.4836 0.5081 12.11 
0.121 2 2 0 2.0 2.0 0.136 0.090 0.4896 0.5149 12.12 
0.122 2 2 0 2.0 2.0 0.173 0.083 0.5081 0.5081 12.11 
0.123 2 2 0 2.0 2.0 0.233 0.062 0.4836 0.5213 12.10 
0.124 2 2 0 2.0 2.0 0.188 -0.054 0.4896 0.5213 12.10 
0.125 2 2 0 2.0 2.0 0.131 0.060 0.5354 0.5281 12.11 
0.126 2 2 0 2.0 2.0 0.092 0.090 0.5020 0.5213 12.12 
0.127 2 2 0 2.0 2.0 0.091 0.056 0.4896 0.5149 12.12 
0.128 2 2 0 2.0 2.0 0.136 0.053 0.5426 0.5213 12.12 
0.129 2 2 0 2.0 2.0 0.136 0.073 0.5213 0.5149 12.12 
0.130 2 2 0 2.0 2.0 0.110 0.117 0.4836 0.5281 12.12 
0.131 2 2 0 2.0 2.0 0.102 0.138 0.5081 0.5213 12.11 
0.132 2 2 0 2.0 2.0 0.057 0.124 0.5020 0.5213 12.12 
0.133 2 2 0 2.0 2.0 0.128 0.103 0.5426 0.5213 12.12 
0.134 2 2 0 2.0 2.0 0.110 0.084 0.5426 0.5281 12.12 
0.135 2 2 0 2.0 2.0 0.104 0.088 0.5213 0.5213 12.12 
0.136 2 2 0 2.0 2.0 0.078 0.097 0.4956 0.5020 12.12 
0.137 2 2 0 2.0 2.0 0.083 0.128 0.4956 0.5498 12.12 
0.138 2 2 0 2.0 2.0 0.048 0.132 0.5149 0.5354 12.11 
0.139 2 2 0 2.0 2.0 0.118 0.122 0.4956 0.5149 12.12 
0.140 2 2 0 2.0 2.0 0.113 0.140 0.5020 0.5213 12.12 
0.141 2 2 0 2.0 2.0 0.084 0.138 0.5281 0.5213 12.12 
0.142 2 2 0 2.0 2.0 0.059 0.196 0.4956 0.5354 12.11 
0.143 2 2 0 2.0 2.0 0.114 0.136 0.4956 0.5281 12.11 
0.144 2 2 0 2.0 2.0 0.102 0.098 0.5498 0.5281 12.11 
0.145 2 2 0 2.0 2.0 0.109 0.033 0.4723 0.5281 12.12 
0.146 2 2 0 2.0 2.0 0.078 0.029 0.4956 0.5354 12.12 
0.147 2 2 0 2.0 2.0 0.089 0.024 0.5149 0.5213 12.12 
0.148 2 2 0 2.0 2.0 0.100 0.079 0.5081 0.5281 12.12 
0.149 2 2 0 2.0 2.0 0.199 0.092 0.5149 0.5281 12.10 
0.150 2 2 0 2.0 2.0 0.134 -0.027 0.5213 0.5213 12.11 
0.151 2 2 0 2.0 2.0 0.104 0.048 0.5149 0.5281 12.12 
0.152 2 2 0 2.0 2.0 0.116 0.083 0.5149 0.5354 12.12 
0.153 2 2 0 2.0 2.0 0.113 0.066 0.5213 0.5213 12.12 
0.154 2 2 0 2.0 2.0 0.108 0.092 0.5149 0.5426 12.11 
0.155 2 2 0 2.0 2.0 0.116 0.148 0.5081 0.5426 12.12 
0.156 2 2 0 2.0 2.0 0.104 0.144 0.5354 0.5354 12.12 
0.157 2 2 0 2.0 2.0 0.076 0.144 0.5213 0.5281 12.12 
0.158 2 2 0 2.0 2.0 0.104 0.139 0.5081 0.5354 12.12 
0.159 2 2 0 2.0 2.0 0.093 0.103 0.5081 0.5281 12.12 
0.160 2 2 0 2.0 2.0 0.080 0.083 0.5281 0.5354 12.11 
0.161 2 2 0 2.0 2.0 0.119 0.072 0.4956 0.5426 12.12 
0.162 2 2 0 2.0 2.0 0.078 0.079 0.5081 0.5426 12.11 
0.163 2 2 0 2.0 2.0 0.078 0.052 0.5281 0.5281 12.12 
0.164 2 2 0 2.0 2.0 0.062 0.096 0.4956 0.5354 12.12 
0.165 2 2 0 2.0 2.0 0.105 0.081 0.5081 0.5426 12.12 
0.166 2 2 0 2.0 2.0 0.122 0.105 0.5354 0.5575 12.11 
0.167 2 2 0 2.0 2.0 0.106 0.126 0.5020 0.5498 12.12 
0.168 2 2 0 2.0 2.0 0.071 0.122 0.5081 0.5426 12.12 
0.169 2 2 0 2.0 2.0 0.028 0.092 0.5281 0.5426 12.12 
0.170 2 2 0 2.0 2.0 0.093 0.073 0.5575 0.5426 12.11 
0.171 2 2 0 2.0 2.0 0.084 0.064 0.5354 0.5426 12.12 
0.172 2 2 0 2.0 2.0 0.081 0.097 0.5575 0.5213 12.12 
0.173 2 2 0 2.0 2.0 0.093 0.124 0.5081 0.5354 12.12 
0.174 2 2 0 2.0 2.0 0.083 0.136 0.5081 0.5575 12.12 
0.175 2 2 0 2.0 2.0 0.093 0.128 0.5426 0.5354 12.12 
0.176 2 2 0 2.0 2.0 0.098 0.131 0.5149 0.5426 12.12 
0.177 2 2 0 2.0 2.0 0.120 0.103 0.5149 0.5426 12.12 
0.178 2 2 0 2.0 2.0 0.094 0.075 0.5735 0.5498 12.11 
0.179 2 2 0 2.0 2.0 0.113 0.113 0.5281 0.5575 12.12 
0.180 2 2 0 2.0 2.0 0.128 0.107 0.5081 0.5426 12.12 
0.181 2 2 0 2.0 2.0 0.078 0.107 0.5655 0.5426 12.12 
0.182 2 2 0 2.0 2.0 0.104 0.058 0.5354 0.5426 12.11 
0.183 2 2 0 2.0 2.0 0.138 0.062 0.5081 0.5354 12.11 
0.184 2 2 0 2.0 2.0 0.084 0.047 0.5281 0.5426 12.12 
0.185 2 2 0 2.0 2.0 0.087 0.098 0.5213 0.5426 12.12 
0.186 2 2 0 2.0 2.0 0.098 0.134 0.5281 0.5354 12.12 
0.187 2 2 0 2.0 2.0 0.047 0.133 0.5281 0.5426 12.12 
0.188 2 2 0 2.0 2.0 0.059 0.130 0.5213 0.5426 12.12 
0.189 2 2 0 2.0 2.0 0.094 0.138 0.5213 0.5354 12.11 
0.190 2 2 0 2.0 2.0 0.118 0.146 0.5281 0.5498 12.12 
0.191 2 2 0 2.0 2.0 0.089 0.152 0.5213 0.5498 12.11 
0.192 2 2 0 2.0 2.0 0.107 0.076 0.5149 0.5426 12.12 
0.193 2 2 0 2.0 2.0 0.086 0.034 0.5426 0.5426 12.12 
0.194 2 2 0 2.0 2.0 0.068 0.056 0.5281 0.5426 12.12 
0.195 2 2 0 2.0 2.0 0.085 0.068 0.5149 0.5354 12.12 
0.196 2 2 0 2.0 2.0 0.112 0.073 0.5575 0.5498 12.12 
0.197 2 2 0 2.0 2.0 0.085 0.121 0.5354 0.5498 12.12 
0.198 2 2 0 2.0 2.0 0.074 0.107 0.5081 0.5498 12.12 
0.199 2 2 0 2.0 2.0 0.062 0.081 0.5575 0.5426 12.12 
0.200 2 2 0 2.0 2.0 0.084 0.055 0.5354 0.5498 12.12 
0.201 2 2 1 4.0 4.0 0.108 0.061 0.5081 0.5498 12.12 
0.202 2 2 1 4.0 4.0 0.194 0.155 0.5735 0.5655 12.11 
0.203 2 2 1 4.0 4.0 0.367 0.409 0.5498 0.5655 12.11 
0.204 2 2 1 4.0 4.0 0.476 0.496 0.5149 0.5655 12.10 
0.205 2 2 1 4.0 4.0 0.519 0.562 0.5575 0.5820 12.09 
0.206 2 2 1 4.0 4.0 0.543 0.552 0.5575 0.5992 12.10 
0.207 2 2 1 4.0 4.0 0.534 0.539 0.5992 0.5820 12.08 
0.208 2 2 1 4.0 4.0 0.458 0.581 0.6374 0.6177 12.09 
0.209 2 2 1 4.0 4.0 0.455 0.576 0.5992 0.6583 12.09 
0.210 2 2 1 4.0 4.0 0.455 0.519 0.6085 0.6474 12.09 
0.211 2 2 1 4.0 4.0 0.496 0.491 0.6474 0.6583 12.09 
0.212 2 2 1 4.0 4.0 0.500 0.487 0.6273 0.6804 12.09 
0.213 2 2 1 4.0 4.0 0.467 0.535 0.6804 0.6924 12.10 
0.214 2 2 1 4.0 4.0 0.433 0.471 0.6474 0.6924 12.09 
0.215 2 2 1 4.0 4.0 0.424 0.500 0.7044 0.7169 12.09 
0.216 2 2 1 4.0 4.0 0.451 0.456 0.6924 0.7169 12.09 
0.217 2 2 1 4.0 4.0 0.421 0.421 0.6924 0.7434 12.09 
0.218 2 2 1 4.0 4.0 0.357 0.424 0.7302 0.7302 12.10 
0.219 2 2 1 4.0 4.0 0.370 0.406 0.7434 0.7575 12.10 
0.220 2 2 1 4.0 4.0 0.344 0.374 0.7434 0.7575 12.09 
0.221 2 2 1 4.0 4.0 0.394 0.391 0.7434 0.7872 12.09 
0.222 2 2 1 4.0 4.0 0.382 0.380 0.7723 0.7872 12.09 
0.223 2 2 1 4.0 4.0 0.388 0.361 0.7575 0.7872 12.09 
0.224 2 2 1 4.0 4.0 0.376 0.348 0.7723 0.8032 12.10 
0.225 2 2 1 4.0 4.0 0.397 0.375 0.7575 0.8193 12.10 
0.226 2 2 1 4.0 4.0 0.344 0.392 0.8032 0.8366 12.09 
0.227 2 2 1 4.0 4.0 0.315 0.417 0.7723 0.8193 12.10 
0.228 2 2 1 4.0 4.0 0.329 0.410 0.8193 0.8366 12.09 
0.229 2 2 1 4.0 4.0 0.312 0.370 0.7872 0.8727 12.10 
0.230 2 2 1 4.0 4.0 0.333 0.336 0.8543 0.8727 12.10 
0.231 2 2 1 4.0 4.0 0.306 0.335 0.8032 0.8727 12.10 
0.232 2 2 1 4.0 4.0 0.315 0.295 0.8366 0.8727 12.10 
0.233 2 2 1 4.0 4.0 0.291 0.338 0.8727 0.8924 12.10 
0.234 2 2 1 4.0 4.0 0.299 0.334 0.8924 0.9125 12.10 
0.235 2 2 1 4.0 4.0 0.290 0.323 0.8543 0.9125 12.10 
0.236 2 2 1 4.0 4.0 0.273 0.295 0.8727 0.9338 12.09 
0.237 2 2 1 4.0 4.0 0.298 0.311 0.8727 0.9338 12.10 
0.238 2 2 1 4.0 4.0 0.252 0.310 0.8727 0.9338 12.10 
0.239 2 2 1 4.0 4.0 0.279 0.315 0.9125 0.9338 12.10 
0.240 2 2 1 4.0 4.0 0.282 0.328 0.8924 0.9338 12.10 
0.241 2 2 1 4.0 4.0 0.250 0.340 0.9125 0.9125 12.11 
0.242 2 2 1 4.0 4.0 0.258 0.341 0.9338 0.9559 12.10 
0.243 2 2 1 4.0 4.0 0.252 0.284 0.9338 0.9796 12.10 
0.244 2 2 1 4.0 4.0 0.248 0.280 0.9338 0.9796 12.10 
0.245 2 2 1 4.0 4.0 0.291 0.228 0.9338 0.9796 12.10 
0.246 2 2 1 4.0 4.0 0.264 0.218 0.9338 0.9796 12.10 
0.247 2 2 1 4.0 4.0 0.306 0.223 0.9338 0.9796 12.10 
0.248 2 2 1 4.0 4.0 0.259 0.258 0.9559 1.0041 12.10 
0.249 2 2 1 4.0 4.0 0.230 0.218 0.9338 1.0041 12.09 
0.250 2 2 1 4.0 4.0 0.196 0.239 0.9796 1.0298 12.10 
0.251 2 2 1 4.0 4.0 0.272 0.252 0.9559 1.0298 12.09 
0.252 2 2 1 4.0 4.0 0.268 0.090 1.0041 1.0298 12.09 
0.253 2 2 1 4.0 4.0 0.220 0.210 0.9796 1.0041 12.10 
0.254 2 2 1 4.0 4.0 0.237 0.242 1.0298 1.0298 12.10 
0.255 2 2 1 4.0 4.0 0.199 0.257 1.0041 1.0298 12.10 
0.256 2 2 1 4.0 4.0 0.199 0.220 0.9796 1.0298 12.10 
0.257 2 2 1 4.0 4.0 0.188 0.225 1.0041 1.0298 12.09 
0.258 2 2 1 4.0 4.0 0.222 0.194 1.0298 1.0298 12.10 
0.259 2 2 1 4.0 4.0 0.231 0.167 1.0041 1.0298 12.10 
0.260 2 2 1 4.0 4.0 0.214 0.189 1.0298 1.0298 12.10 
0.261 2 2 1 4.0 4.0 0.188 0.192 1.0041 1.0298 12.10 
0.262 2 2 1 4.0 4.0 0.209 0.163 1.0298 1.0298 12.09 
0.263 2 2 1 4.0 4.0 0.197 0.190 1.0298 1.0567 12.10 
0.264 2 2 1 4.0 4.0 0.161 0.241 0.9796 1.0567 12.09 
0.265 2 2 1 4.0 4.0 0.188 0.224 1.0298 1.0567 12.10 
0.266 2 2 1 4.0 4.0 0.204 0.215 1.0298 1.0567 12.10 
0.267 2 2 1 4.0 4.0 0.203 0.213 1.0298 1.0567 12.09 
0.268 2 2 1 4.0 4.0 0.198 0.179 1.0298 1.0567 12.10 
0.269 2 2 1 4.0 4.0 0.184 0.157 1.0298 1.0852 12.10 
0.270 2 2 1 4.0 4.0 0.150 0.172 1.0567 1.0852 12.10 
0.271 2 2 1 4.0 4.0 0.153 0.167 1.0852 1.0852 12.11 
0.272 2 2 1 4.0 4.0 0.170 0.136 1.0298 1.0567 12.10 
0.273 2 2 1 4.0 4.0 0.160 0.204 1.0567 1.0852 12.10 
0.274 2 2 1 4.0 4.0 0.191 0.182 1.0852 1.0852 12.10 
0.275 2 2 1 4.0 4.0 0.155 0.201 1.0567 1.0852 12.10 
0.276 2 2 1 4.0 4.0 0.126 0.229 1.0567 1.0852 12.10 
0.277 2 2 1 4.0 4.0 0.138 0.213 1.0298 1.0852 12.10 
0.278 2 2 1 4.0 4.0 0.181 0.152 1.0567 1.0852 12.09 
0.279 2 2 1 4.0 4.0 0.189 0.168 1.0567 1.0567 12.10 
0.280 2 2 1 4.0 4.0 0.213 0.174 1.0567 1.0852 12.10 
0.281 2 2 1 4.0 4.0 0.145 0.155 1.0852 1.1153 12.09 
0.282 2 2 1 4.0 4.0 0.157 0.199 1.0852 1.1153 12.09 
0.283 2 2 1 4.0 4.0 0.152 0.172 1.0852 1.1153 12.10 
0.284 2 2 1 4.0 4.0 0.201 0.126 1.0852 1.1153 12.10 
0.285 2 2 1 4.0 4.0 0.201 0.148 1.1153 1.1153 12.10 
0.286 2 2 1 4.0 4.0 0.197 0.151 1.0567 1.1153 12.10 
0.287 2 2 1 4.0 4.0 0.158 0.155 1.0852 1.1474 12.08 
0.288 2 2 1 4.0 4.0 0.145 0.179 1.0852 1.1474 12.10 
0.289 2 2 1 4.0 4.0 0.142 0.184 1.0567 1.1474 12.10 
0.290 2 2 1 4.0 4.0 0.177 0.137 1.1153 1.1153 12.10 
0.291 2 2 1 4.0 4.0 0.154 0.192 1.0852 1.1474 12.10 
0.292 2 2 1 4.0 4.0 0.157 0.201 1.1474 1.1153 12.10 
0.293 2 2 1 4.0 4.0 0.146 0.190 1.1474 1.1474 12.10 
0.294 2 2 1 4.0 4.0 0.165 0.210 1.1153 1.1474 12.10 
0.295 2 2 1 4.0 4.0 0.150 0.175 1.0852 1.1474 12.10 
0.296 2 2 1 4.0 4.0 0.145 0.155 1.1474 1.1153 12.10 
0.297 2 2 1 4.0 4.0 0.145 0.144 1.1153 1.1153 12.10 
0.298 2 2 1 4.0 4.0 0.150 0.147 1.1153 1.1153 12.10 
0.299 2 2 1 4.0 4.0 0.173 0.106 1.1153 1.1474 12.09 
0.300 2 2 1 4.0 4.0 0.135 0.125 1.1153 1.1474 12.09 
0.301 2 2 1 4.0 4.0 0.120 0.102 1.1153 1.1474 12.10 
0.302 2 2 1 4.0 4.0 0.176 0.131 1.1153 1.1474 12.09 
0.303 2 2 1 4.0 4.0 0.177 0.197 1.1153 1.1474 12.10 
0.304 2 2 1 4.0 4.0 0.203 0.195 1.1153 1.1474 12.10 
0.305 2 2 1 4.0 4.0 0.175 0.184 1.1474 1.1812 12.09 
0.306 2 2 1 4.0 4.0 0.108 0.189 1.1153 1.1812 12.10 
0.307 2 2 1 4.0 4.0 0.123 0.145 1.0852 1.1812 12.10 
0.308 2 2 1 4.0 4.0 0.169 0.133 1.1474 1.1474 12.10 
0.309 2 2 1 4.0 4.0 0.150 0.174 1.1153 1.1474 12.12 
0.310 2 2 1 4.0 4.0 0.108 0.154 1.1474 1.1474 12.10 
0.311 2 2 1 4.0 4.0 0.127 0.143 1.1474 1.1474 12.09 
0.312 2 2 1 4.0 4.0 0.131 0.132 1.1474 1.1474 12.10 
0.313 2 2 1 4.0 4.0 0.172 0.078 1.1153 1.1474 12.10 
0.314 2 2 1 4.0 4.0 0.168 0.087 1.1812 1.1474 12.09 
0.315 2 2 1 4.0 4.0 0.134 0.096 1.1812 1.1474 12.09 
0.316 2 2 1 4.0 4.0 0.159 0.085 1.1153 1.1474 12.10 
0.317 2 2 1 4.0 4.0 0.117 0.158 1.1153 1.1812 12.10 
0.318 2 2 1 4.0 4.0 0.111 0.143 1.1474 1.1812 12.11 
0.319 2 2 1 4.0 4.0 0.104 0.089 1.1474 1.1812 12.10 
0.320 2 2 1 4.0 4.0 0.152 0.132 1.1474 1.1812 12.10 
0.321 2 2 1 4.0 4.0 0.148 0.147 1.1474 1.1812 12.10 
0.322 2 2 1 4.0 4.0 0.166 0.122 1.1153 1.1812 12.10 
0.323 2 2 1 4.0 4.0 0.161 0.137 1.1474 1.1812 12.08 
0.324 2 2 1 4.0 4.0 0.123 0.132 1.1474 1.1812 12.09 
0.325 2 2 1 4.0 4.0 0.103 0.113 1.1153 1.1474 12.10 
0.326 2 2 1 4.0 4.0 0.176 0.151 1.1474 1.1812 12.10 
0.327 2 2 1 4.0 4.0 0.157 0.136 1.1474 1.1474 12.10 
0.328 2 2 1 4.0 4.0 0.125 0.113 1.1812 1.1474 12.09 
0.329 2 2 1 4.0 4.0 0.104 0.125 1.1474 1.1474 12.09 
0.330 2 2 1 4.0 4.0 0.111 0.066 1.1812 1.1474 12.10 
0.331 2 2 1 4.0 4.0 0.161 0.085 1.1153 1.1474 12.09 
0.332 2 2 1 4.0 4.0 0.152 0.170 1.1474 1.1812 12.10 
0.333 2 2 1 4.0 4.0 0.109 0.147 1.1812 1.1474 12.10 
0.334 2 2 1 4.0 4.0 0.103 0.115 1.1474 1.1812 12.12 
0.335 2 2 1 4.0 4.0 0.115 0.132 1.1812 1.1812 12.10 
0.336 2 2 1 4.0 4.0 0.116 0.082 1.1812 1.1812 12.10 
0.337 2 2 1 4.0 4.0 0.165 0.127 1.1812 1.1812 12.09 
0.338 2 2 1 4.0 4.0 0.112 0.129 1.1812 1.1812 12.10 
0.339 2 2 1 4.0 4.0 0.106 0.088 1.1812 1.1812 12.10 
0.340 2 2 1 4.0 4.0 0.148 0.130 1.1812 1.2169 12.09 
0.341 2 2 1 4.0 4.0 0.134 0.117 1.1474 1.2169 12.09 
0.342 2 2 1 4.0 4.0 0.103 0.111 1.1812 1.1812 12.10 
0.343 2 2 1 4.0 4.0 0.101 0.136 1.2169 1.2169 12.09 
0.344 2 2 1 4.0 4.0 0.077 0.128 1.1474 1.2169 12.09 
0.345 2 2 1 4.0 4.0 0.123 0.113 1.1812 1.2169 12.10 
0.346 2 2 1 4.0 4.0 0.149 0.144 1.1812 1.2169 12.10 
0.347 2 2 1 4.0 4.0 0.101 0.148 1.1474 1.1812 12.11 
0.348 2 2 1 4.0 4.0 0.107 0.146 1.1474 1.1812 12.10 
0.349 2 2 1 4.0 4.0 0.157 0.130 1.1812 1.1812 12.08 
0.350 2 2 1 4.0 4.0 0.161 0.089 1.1474 1.1812 12.11 
0.351 2 2 1 4.0 4.0 0.157 0.110 1.1474 1.1474 12.10 
0.352 2 2 2 -4.0 -4.0 0.122 0.146 1.1474 1.2169 12.10 
0.353 2 2 2 -4.0 -4.0 -0.423 -0.164 1.1812 1.2169 12.08 
0.354 2 2 2 -4.0 -4.0 -0.998 -0.903 1.1474 1.2169 12.03 
0.355 2 2 2 -4.0 -4.0 -1.163 -1.515 1.0852 1.1474 12.02 
0.356 2 2 2 -4.0 -4.0 -1.545 -1.807 1.0298 1.0852 12.00 
0.357 2 2 2 -4.0 -4.0 -1.792 -1.966 0.9338 0.9559 12.00 
0.358 2 2 2 -4.0 -4.0 -1.508 -1.768 0.9338 0.9796 12.00 
0.359 2 2 2 -4.0 -4.0 -1.463 -1.860 0.8032 0.9338 12.04 
0.360 2 2 2 -4.0 -4.0 -1.601 -1.968 0.7723 0.7169 11.96 
0.361 2 2 2 -4.0 -4.0 -1.680 -1.932 0.7434 0.7575 11.98 
0.362 2 2 2 -4.0 -4.0 -1.495 -1.719 0.6273 0.7044 11.98 
0.363 2 2 2 -4.0 -4.0 -1.308 -1.667 0.6691 0.6474 12.01 
0.364 2 2 2 -4.0 -4.0 -1.385 -1.734 0.5655 0.5735 12.00 
0.365 2 2 2 -4.0 -4.0 -1.464 -1.738 0.4779 0.5213 11.96 
0.366 2 2 2 -4.0 -4.0 -1.493 -1.716 0.4615 0.4779 11.97 
0.367 2 2 2 -4.0 -4.0 -1.523 -1.697 0.3936 0.3936 11.99 
0.368 2 2 2 -4.0 -4.0 -1.491 -1.520 0.3522 0.3374 12.02 
0.369 2 2 2 -4.0 -4.0 -1.425 -1.421 0.3346 0.3317 12.02 
0.370 2 2 2 -4.0 -4.0 -1.370 -1.381 0.2390 0.2848 12.00 
0.371 2 2 2 -4.0 -4.0 -1.151 -1.377 0.2088 0.2229 12.00 
0.372 2 2 2 -4.0 -4.0 -1.048 -1.399 0.2088 0.1976 12.00 
0.373 2 2 2 -4.0 -4.0 -1.083 -1.385 0.1454 0.1976 12.02 
0.374 2 2 2 -4.0 -4.0 -1.105 -1.339 0.1313 0.1450 12.02 
0.375 2 2 2 -4.0 -4.0 -1.104 -1.306 0.1313 0.1064 12.02 
0.376 2 2 2 -4.0 -4.0 -1.108 -1.298 0.1313 0.0839 12.05 
0.377 2 2 2 -4.0 -4.0 -1.073 -1.286 0.1080 0.0695 12.04 
0.378 2 2 2 -4.0 -4.0 -1.057 -1.219 -0.1012 -0.0619 12.03 
0.379 2 2 2 -4.0 -4.0 -1.014 -1.201 -0.1012 -0.0619 12.03 
0.380 2 2 2 -4.0 -4.0 -0.942 -1.168 -0.1012 -0.1839 12.01 
0.381 2 2 2 -4.0 -4.0 -0.900 -1.096 -0.1293 -0.1839 12.03 
0.382 2 2 2 -4.0 -4.0 -0.900 -1.018 -0.1293 -0.2434 12.04 
0.383 2 2 2 -4.0 -4.0 -0.907 -0.943 -0.1799 -0.2827 12.05 
0.384 2 2 2 -4.0 -4.0 -0.911 -0.786 -0.1799 -0.2827 12.04 
0.385 2 2 2 -4.0 -4.0 -0.879 -0.761 -0.2574 -0.3161 12.05 
0.386 2 2 2 -4.0 -4.0 -0.866 -0.788 -0.2639 -0.3490 12.04 
0.387 2 2 2 -4.0 -4.0 -0.850 -0.783 -0.3265 -0.3550 12.04 
0.388 2 2 2 -4.0 -4.0 -0.831 -0.792 -0.3265 -0.3860 12.04 
0.389 2 2 2 -4.0 -4.0 -0.847 -0.770 -0.3462 -0.3976 12.04 
0.390 2 2 2 -4.0 -4.0 -0.854 -0.803 -0.3374 -0.4056 12.05 
0.391 2 2 2 -4.0 -4.0 -0.779 -0.859 -0.3976 -0.4269 12.05 
0.392 2 2 2 -4.0 -4.0 -0.631 -0.762 -0.4410 -0.4836 12.06 
0.393 2 2 2 -4.0 -4.0 -0.622 -0.691 -0.4269 -0.4779 12.06 
0.394 2 2 2 -4.0 -4.0 -0.618 -0.655 -0.4462 -0.4896 12.07 
0.395 2 2 2 -4.0 -4.0 -0.641 -0.611 -0.5020 -0.5149 12.07 
0.396 2 2 2 -4.0 -4.0 -0.680 -0.630 -0.5020 -0.5426 12.06 
0.397 2 2 2 -4.0 -4.0 -0.663 -0.639 -0.5149 -0.5498 12.05 
0.398 2 2 2 -4.0 -4.0 -0.565 -0.564 -0.5655 -0.5820 12.05 
0.399 2 2 2 -4.0 -4.0 -0.537 -0.527 -0.5575 -0.6085 12.04 
0.400 2 2 2 -4.0 -4.0 -0.513 -0.536 -0.5575 -0.6177 12.06 
0.401 2 2 2 -4.0 -4.0 -0.551 -0.512 -0.5904 -0.6273 12.06 
0.402 2 2 2 -4.0 -4.0 -0.560 -0.545 -0.5904 -0.6273 12.06 
0.403 2 2 2 -4.0 -4.0 -0.612 -0.527 -0.6085 -0.6583 12.06 
0.404 2 2 2 -4.0 -4.0 -0.552 -0.498 -0.6374 -0.6804 12.06 
0.405 2 2 2 -4.0 -4.0 -0.483 -0.495 -0.6474 -0.6691 12.06 
0.406 2 2 2 -4.0 -4.0 -0.464 -0.490 -0.6691 -0.6924 12.07 
0.407 2 2 2 -4.0 -4.0 -0.429 -0.493 -0.7044 -0.6924 12.07 
0.408 2 2 2 -4.0 -4.0 -0.400 -0.427 -0.7169 -0.7044 12.08 
0.409 2 2 2 -4.0 -4.0 -0.428 -0.422 -0.6474 -0.7169 12.07 
0.410 2 2 2 -4.0 -4.0 -0.402 -0.417 -0.6804 -0.7302 12.07 
0.411 2 2 2 -4.0 -4.0 -0.380 -0.405 -0.7169 -0.7434 12.07 
0.412 2 2 2 -4.0 -4.0 -0.414 -0.400 -0.7044 -0.7302 12.07 
0.413 2 2 2 -4.0 -4.0 -0.390 -0.375 -0.7434 -0.7575 12.07 
0.414 2 2 2 -4.0 -4.0 -0.396 -0.370 -0.7434 -0.7575 12.07 
0.415 2 2 2 -4.0 -4.0 -0.388 -0.366 -0.7723 -0.7723 12.08 
0.416 2 2 2 -4.0 -4.0 -0.375 -0.382 -0.7434 -0.7723 12.10 
0.417 2 2 2 -4.0 -4.0 -0.335 -0.366 -0.7872 -0.8032 12.09 
0.418 2 2 2 -4.0 -4.0 -0.337 -0.379 -0.8032 -0.8032 12.09 
0.419 2 2 2 -4.0 -4.0 -0.352 -0.363 -0.8193 -0.8032 12.08 
0.420 2 2 2 -4.0 -4.0 -0.371 -0.330 -0.7872 -0.8366 12.08 
0.421 2 2 2 -4.0 -4.0 -0.355 -0.306 -0.8366 -0.8032 12.08 
0.422 2 2 2 -4.0 -4.0 -0.300 -0.310 -0.8032 -0.8366 12.08 
0.423 2 2 2 -4.0 -4.0 -0.333 -0.282 -0.8366 -0.8543 12.08 
0.424 2 2 2 -4.0 -4.0 -0.343 -0.278 -0.8193 -0.8727 12.08 
0.425 2 2 2 -4.0 -4.0 -0.301 -0.315 -0.8543 -0.8924 12.08 
0.426 2 2 2 -4.0 -4.0 -0.295 -0.295 -0.8543 -0.8924 12.08 
0.427 2 2 2 -4.0 -4.0 -0.310 -0.299 -0.8727 -0.8924 12.08 
0.428 2 2 2 -4.0 -4.0 -0.363 -0.316 -0.8924 -0.8924 12.07 
0.429 2 2 2 -4.0 -4.0 -0.301 -0.338 -0.8924 -0.9125 12.07 
0.430 2 2 2 -4.0 -4.0 -0.315 -0.284 -0.8924 -0.9125 12.07 
0.431 2 2 2 -4.0 -4.0 -0.276 -0.276 -0.9125 -0.9125 12.08 
0.432 2 2 2 -4.0 -4.0 -0.272 -0.305 -0.8924 -0.9338 12.08 
0.433 2 2 2 -4.0 -4.0 -0.261 -0.328 -0.8924 -0.9338 12.07 
0.434 2 2 2 -4.0 -4.0 -0.288 -0.305 -0.9338 -0.9338 12.08 
0.435 2 2 2 -4.0 -4.0 -0.342 -0.280 -0.9125 -0.9125 12.08 
0.436 2 2 2 -4.0 -4.0 -0.300 -0.259 -0.9338 -0.9338 12.08 
0.437 2 2 2 -4.0 -4.0 -0.244 -0.243 -0.9559 -0.9338 12.08 
0.438 2 2 2 -4.0 -4.0 -0.222 -0.246 -0.9338 -0.9338 12.09 
0.439 2 2 2 -4.0 -4.0 -0.219 -0.256 -0.9559 -0.9559 12.08 
0.440 2 2 2 -4.0 -4.0 -0.265 -0.221 -0.9796 -0.9559 12.08 
0.441 2 2 2 -4.0 -4.0 -0.238 -0.233 -0.9796 -0.9559 12.08 
0.442 2 2 2 -4.0 -4.0 -0.257 -0.262 -1.0041 -0.9796 12.08 
0.443 2 2 2 -4.0 -4.0 -0.211 -0.222 -0.9796 -0.9559 12.08 
0.444 2 2 2 -4.0 -4.0 -0.201 -0.217 -1.0041 -0.9796 12.08 
0.445 2 2 2 -4.0 -4.0 -0.207 -0.231 -0.9796 -0.9796 12.08 
0.446 2 2 2 -4.0 -4.0 -0.237 -0.257 -1.0041 -1.0041 12.08 
0.447 2 2 2 -4.0 -4.0 -0.199 -0.247 -1.0041 -1.0041 12.08 
0.448 2 2 2 -4.0 -4.0 -0.179 -0.237 -1.0041 -1.0041 12.08 
0.449 2 2 2 -4.0 -4.0 -0.268 -0.272 -1.0041 -1.0041 12.09 
0.450 2 2 2 -4.0 -4.0 -0.223 -0.246 -1.0041 -1.0041 12.09 
0.451 2 2 2 -4.0 -4.0 -0.195 -0.197 -1.0298 -1.0041 12.09 
0.452 2 2 2 -4.0 -4.0 -0.252 -0.204 -1.0298 -1.0041 12.09 
0.453 2 2 2 -4.0 -4.0 -0.203 -0.215 -1.0041 -1.0298 12.08 
0.454 2 2 2 -4.0 -4.0 -0.167 -0.175 -1.0567 -1.0298 12.09 
0.455 2 2 2 -4.0 -4.0 -0.200 -0.195 -1.0852 -1.0041 12.08 
0.456 2 2 2 -4.0 -4.0 -0.108 -0.169 -1.0567 -1.0298 12.07 
0.457 2 2 2 -4.0 -4.0 -0.132 -0.334 -1.0852 -1.0298 12.09 
0.458 2 2 2 -4.0 -4.0 -0.182 -0.224 -1.0567 -1.0298 12.09 
0.459 2 2 2 -4.0 -4.0 -0.194 -0.207 -1.1153 -1.0298 12.09 
0.460 2 2 2 -4.0 -4.0 -0.194 -0.195 -1.0852 -1.0298 12.09 
0.461 2 2 2 -4.0 -4.0 -0.187 -0.220 -1.0567 -1.0298 12.08 
0.462 2 2 2 -4.0 -4.0 -0.142 -0.238 -1.0567 -1.0298 12.09 
0.463 2 2 2 -4.0 -4.0 -0.167 -0.202 -1.0852 -1.0567 12.09 
0.464 2 2 2 -4.0 -4.0 -0.160 -0.161 -1.0567 -1.0567 12.09 
0.465 2 2 2 -4.0 -4.0 -0.194 -0.199 -1.0852 -1.0567 12.08 
0.466 2 2 2 -4.0 -4.0 -0.181 -0.180 -1.0852 -1.0852 12.08 
0.467 2 2 2 -4.0 -4.0 -0.155 -0.123 -1.0852 -1.0852 12.08 
0.468 2 2 2 -4.0 -4.0 -0.204 -0.178 -1.0852 -1.0852 12.09 
0.469 2 2 2 -4.0 -4.0 -0.182 -0.157 -1.0852 -1.0852 12.08 
0.470 2 2 2 -4.0 -4.0 -0.158 -0.126 -1.1153 -1.0852 12.09 
0.471 2 2 2 -4.0 -4.0 -0.199 -0.144 -1.1153 -1.0852 12.09 
0.472 2 2 2 -4.0 -4.0 -0.143 -0.172 -1.0852 -1.0852 12.09 
0.473 2 2 2 -4.0 -4.0 -0.130 -0.150 -1.0852 -1.0852 12.09 
0.474 2 2 2 -4.0 -4.0 -0.229 -0.149 -1.1474 -1.0567 12.08 
0.475 2 2 2 -4.0 -4.0 -0.144 -0.168 -1.1153 -1.0567 12.09 
0.476 2 2 2 -4.0 -4.0 -0.112 -0.136 -1.1153 -1.0567 12.09 
0.477 2 2 2 -4.0 -4.0 -0.156 -0.140 -1.1474 -1.0567 12.09 
0.478 2 2 2 -4.0 -4.0 -0.195 -0.198 -1.1474 -1.0852 12.08 
0.479 2 2 2 -4.0 -4.0 -0.155 -0.174 -1.1153 -1.0852 12.09 
0.480 2 2 2 -4.0 -4.0 -0.159 -0.168 -1.1474 -1.1153 12.08 
0.481 2 2 2 -4.0 -4.0 -0.151 -0.172 -1.1153 -1.0852 12.09 
0.482 2 2 2 -4.0 -4.0 -0.116 -0.134 -1.1153 -1.0852 12.10 
0.483 2 2 2 -4.0 -4.0 -0.165 -0.142 -1.1474 -1.0852 12.09 
0.484 2 2 2 -4.0 -4.0 -0.145 -0.157 -1.1153 -1.1153 12.09 
0.485 2 2 2 -4.0 -4.0 -0.139 -0.130 -1.1153 -1.0852 12.10 
0.486 2 2 2 -4.0 -4.0 -0.215 -0.139 -1.1153 -1.1153 12.09 
0.487 2 2 2 -4.0 -4.0 -0.192 -0.123 -1.1153 -1.1153 12.09 
0.488 2 2 2 -4.0 -4.0 -0.132 -0.111 -1.1474 -1.1153 12.10 
0.489 2 2 2 -4.0 -4.0 -0.103 -0.132 -1.1474 -1.1153 12.10 
0.490 2 2 2 -4.0 -4.0 -0.119 -0.186 -1.1153 -1.1474 12.09 
0.491 2 2 2 -4.0 -4.0 -0.139 -0.173 -1.1153 -1.1474 12.09 
0.492 2 2 2 -4.0 -4.0 -0.181 -0.191 -1.1812 -1.1153 12.08 
0.493 2 2 2 -4.0 -4.0 -0.119 -0.198 -1.1812 -1.1153 12.08 
0.494 2 2 2 -4.0 -4.0 -0.108 -0.165 -1.1474 -1.1153 12.09 
0.495 2 2 2 -4.0 -4.0 -0.122 -0.156 -1.1812 -1.1153 12.08 
0.496 2 2 2 -4.0 -4.0 -0.082 -0.169 -1.1812 -1.1153 12.08 
0.497 2 2 2 -4.0 -4.0 -0.164 -0.164 -1.1474 -1.0852 12.09 
0.498 2 2 2 -4.0 -4.0 -0.128 -0.171 -1.1812 -1.1474 12.09 
0.499 2 2 2 -4.0 -4.0 -0.081 -0.146 -1.1812 -1.1153 12.08 
0.500 2 2 2 -4.0 -4.0 -0.110 -0.118 -1.1474 -1.0852 12.09 
0.501 2 2 2 -4.0 -4.0 -0.126 -0.123 -1.1474 -1.1153 12.09 
0.502 2 2 2 -4.0 -4.0 -0.135 -0.153 -1.1474 -1.1474 12.08 
0.503 2 2 3 0.0 0.0 -0.169 -0.116 -1.1474 -1.1474 12.08 
0.504 2 2 3 0.0 0.0 0.142 -0.016 -1.1474 -1.1474 12.10 
0.505 2 2 3 0.0 0.0 0.535 0.322 -1.1474 -1.1474 12.11 
0.506 2 2 3 0.0 0.0 0.751 0.655 -1.1474 -1.1153 12.11 
0.507 2 2 3 0.0 0.0 0.701 0.836 -1.0567 -1.0567 12.11 
0.508 2 2 3 0.0 0.0 0.815 0.706 -1.0852 -1.0567 12.11 
0.509 2 2 3 0.0 0.0 0.876 0.805 -1.0041 -1.0298 12.12 
0.510 2 2 3 0.0 0.0 0.706 0.911 -1.0041 -1.0041 12.11 
0.511 2 2 3 0.0 0.0 0.704 0.783 -0.9559 -0.9559 12.11 
0.512 2 2 3 0.0 0.0 0.804 0.775 -0.9338 -0.9125 12.11 
0.513 2 2 3 0.0 0.0 0.808 0.849 -0.8543 -0.8924 12.11 
0.514 2 2 3 0.0 0.0 0.647 0.855 -0.8924 -0.8193 12.11 
0.515 2 2 3 0.0 0.0 0.694 0.615 -0.8543 -0.8193 12.11 
0.516 2 2 3 0.0 0.0 0.724 0.638 -0.8032 -0.7872 12.12 
0.517 2 2 3 0.0 0.0 0.725 0.731 -0.7434 -0.7575 12.11 
0.518 2 2 3 0.0 0.0 0.535 0.764 -0.7434 -0.7169 12.11 
0.519 2 2 3 0.0 0.0 0.559 0.567 -0.6924 -0.7169 12.11 
0.520 2 2 3 0.0 0.0 0.637 0.550 -0.6924 -0.6691 12.11 
0.521 2 2 3 0.0 0.0 0.642 0.622 -0.6374 -0.6691 12.12 
0.522 2 2 3 0.0 0.0 0.567 0.678 -0.6583 -0.6273 12.11 
0.523 2 2 3 0.0 0.0 0.497 0.676 -0.6374 -0.6085 12.11 
0.524 2 2 3 0.0 0.0 0.531 0.486 -0.5904 -0.5992 12.11 
0.525 2 2 3 0.0 0.0 0.549 0.453 -0.5992 -0.5992 12.12 
0.526 2 2 3 0.0 0.0 0.574 0.478 -0.5735 -0.5655 12.12 
0.527 2 2 3 0.0 0.0 0.542 0.523 -0.5281 -0.5149 12.12 
0.528 2 2 3 0.0 0.0 0.435 0.551 -0.5213 -0.5081 12.12 
0.529 2 2 3 0.0 0.0 0.382 0.528 -0.5081 -0.4896 12.12 
0.530 2 2 3 0.0 0.0 0.409 0.447 -0.4896 -0.4896 12.12 
0.531 2 2 3 0.0 0.0 0.461 0.367 -0.4723 -0.4779 12.11 
0.532 2 2 3 0.0 0.0 0.453 0.383 -0.4615 -0.4667 12.12 
0.533 2 2 3 0.0 0.0 0.441 0.441 -0.4410 -0.4410 12.12 
0.534 2 2 3 0.0 0.0 0.382 0.448 -0.4362 -0.3976 12.12 
0.535 2 2 3 0.0 0.0 0.365 0.440 -0.3860 -0.3860 12.12 
0.536 2 2 3 0.0 0.0 0.286 0.407 -0.3936 -0.3651 12.11 
0.537 2 2 3 0.0 0.0 0.253 0.371 -0.3615 -0.3430 12.12 
0.538 2 2 3 0.0 0.0 0.298 0.269 -0.3137 -0.3402 12.11 
0.539 2 2 3 0.0 0.0 0.330 0.224 -0.3289 -0.3346 12.13 
0.540 2 2 3 0.0 0.0 0.358 0.246 -0.3751 -0.3346 12.12 
0.541 2 2 3 0.0 0.0 0.344 0.277 -0.3430 -0.3402 12.12 
0.542 2 2 3 0.0 0.0 0.357 0.263 -0.2928 -0.2972 12.11 
0.543 2 2 3 0.0 0.0 0.302 0.296 -0.2478 -0.2827 12.12 
0.544 2 2 3 0.0 0.0 0.275 0.311 -0.2478 -0.2827 12.11 
0.545 2 2 3 0.0 0.0 0.209 0.308 -0.2639 -0.2639 12.11 
0.546 2 2 3 0.0 0.0 0.165 0.291 -0.3113 -0.2522 12.11 
0.547 2 2 3 0.0 0.0 0.162 0.262 -0.2928 -0.2510 12.11 
0.548 2 2 3 0.0 0.0 0.170 0.223 -0.2402 -0.2229 12.12 
0.549 2 2 3 0.0 0.0 0.173 0.192 -0.2362 -0.2229 12.11 
0.550 2 2 3 0.0 0.0 0.167 0.144 -0.2068 -0.2048 12.12 
0.551 2 2 3 0.0 0.0 0.195 0.136 -0.2068 -0.2048 12.12 
0.552 2 2 3 0.0 0.0 0.186 0.130 -0.2016 -0.2016 12.12 
0.553 2 2 3 0.0 0.0 0.223 0.150 -0.2016 -0.2016 12.12 
0.554 2 2 3 0.0 0.0 0.184 0.159 -0.1996 -0.1884 12.12 
0.555 2 2 3 0.0 0.0 0.195 0.171 -0.1996 -0.1884 12.12 
0.556 2 2 3 0.0 0.0 0.203 0.173 -0.1574 -0.1884 12.11 
0.557 2 2 3 0.0 0.0 0.194 0.178 -0.1574 -0.1631 12.11 
0.558 2 2 3 0.0 0.0 0.256 0.162 -0.1574 -0.1631 12.10 
0.559 2 2 3 0.0 0.0 0.223 -0.009 -0.1249 -0.1518 12.11 
0.560 2 2 3 0.0 0.0 0.146 0.121 -0.1221 -0.1398 12.11 
0.561 2 2 3 0.0 0.0 0.103 0.143 -0.1221 -0.1398 12.12 
0.562 2 2 3 0.0 0.0 0.086 0.163 -0.1221 -0.1398 12.12 
0.563 2 2 3 0.0 0.0 0.085 0.144 -0.1185 -0.1169 12.12 
0.564 2 2 3 0.0 0.0 0.099 0.121 -0.1185 -0.1169 12.11 
0.565 2 2 3 0.0 0.0 0.101 0.144 -0.1185 -0.1169 12.11 
0.566 2 2 3 0.0 0.0 0.059 0.129 -0.1205 -0.1169 12.11 
0.567 2 2 3 0.0 0.0 0.094 0.109 -0.1205 -0.0948 12.11 
0.568 2 2 3 0.0 0.0 0.066 0.099 -0.1205 -0.0948 12.12 
0.569 2 2 3 0.0 0.0 0.063 0.087 -0.1205 -0.0948 12.12 
0.570 2 2 3 0.0 0.0 0.075 0.065 -0.0948 -0.0948 12.12 
0.571 2 2 3 0.0 0.0 0.045 0.064 -0.0924 -0.0948 12.12 
0.572 2 2 3 0.0 0.0 0.059 0.072 -0.0924 -0.0783 12.12 
0.573 2 2 3 0.0 0.0 0.056 0.081 -0.0924 -0.0783 12.12 
0.574 2 2 3 0.0 0.0 0.060 0.079 -0.0924 -0.0783 12.11 
0.575 2 2 3 0.0 0.0 0.059 0.058 -0.0819 -0.0783 12.12 
0.576 2 2 3 0.0 0.0 0.059 0.052 -0.0699 -0.0783 12.12 
0.577 2 2 3 0.0 0.0 0.059 0.049 -0.0699 -0.0783 12.12 
0.578 2 2 3 0.0 0.0 0.030 0.045 -0.0699 -0.0727 12.12 
0.579 2 2 3 0.0 0.0 0.030 0.052 -0.0699 -0.0727 12.12 
0.580 2 2 3 0.0 0.0 0.027 0.036 -0.0699 -0.0727 12.12 
0.581 2 2 3 0.0 0.0 0.015 0.033 -0.0699 -0.0727 12.12 
0.582 2 2 3 0.0 0.0 0.036 0.033 -0.0651 -0.0727 12.12 
0.583 2 2 3 0.0 0.0 0.022 0.036 -0.0558 -0.0727 12.12 
0.584 2 2 3 0.0 0.0 0.006 0.042 -0.0490 -0.0619 12.12 
0.585 2 2 3 0.0 0.0 0.012 0.030 -0.0438 -0.0534 12.12 
0.586 2 2 3 0.0 0.0 0.028 0.037 -0.0394 -0.0530 12.12 
0.587 2 2 3 0.0 0.0 0.010 0.036 -0.0357 -0.0530 12.12 
0.588 2 2 3 0.0 0.0 0.005 0.039 -0.0329 -0.0530 12.11 
0.589 2 2 3 0.0 0.0 0.016 0.026 -0.0305 -0.0530 12.12 
0.590 2 2 3 0.0 0.0 -0.014 0.018 -0.0281 -0.0530 12.11 
0.591 2 2 3 0.0 0.0 -0.001 0.021 -0.0265 -0.0530 12.12 
0.592 2 2 3 0.0 0.0 -0.021 0.015 -0.0245 -0.0530 12.12 
0.593 2 2 3 0.0 0.0 0.004 0.010 -0.0233 -0.0506 12.12 
0.594 2 2 3 0.0 0.0 0.003 -0.009 -0.0221 -0.0450 12.12 
0.595 2 2 3 0.0 0.0 0.006 -0.013 -0.0209 -0.0402 12.11 
0.596 2 2 3 0.0 0.0 -0.023 0.003 -0.0197 -0.0365 12.12 
0.597 2 2 3 0.0 0.0 0.005 -0.016 -0.0189 -0.0333 12.13 
0.598 2 2 3 0.0 0.0 -0.003 -0.005 -0.0181 -0.0309 12.13 
0.599 2 2 3 0.0 0.0 -0.022 -0.035 -0.0173 -0.0285 12.12 
0.600 2 2 3 0.0 0.0 -0.012 -0.005 -0.0165 -0.0265 12.12 
0.601 2 2 3 0.0 0.0 0.009 -0.012 -0.0157 -0.0249 12.12 
0.602 2 2 3 0.0 0.0 0.001 -0.025 -0.0153 -0.0237 12.12 
0.603 2 2 3 0.0 0.0 -0.004 -0.016 -0.0145 -0.0221 12.13 
0.604 2 2 3 0.0 0.0 0.013 -0.021 -0.0141 -0.0209 12.13 
0.605 2 2 3 0.0 0.0 0.005 -0.020 -0.0137 0.0209 12.12 
0.606 2 2 3 0.0 0.0 0.016 -0.029 -0.0133 0.0209 12.12 
0.607 2 2 3 0.0 0.0 -0.012 -0.020 -0.0129 0.0209 12.12 
0.608 2 2 3 0.0 0.0 -0.006 -0.016 -0.0125 0.0209 12.12 
0.609 2 2 3 0.0 0.0 -0.029 -0.021 -0.0120 0.0209 12.12 
0.610 2 2 3 0.0 0.0 -0.021 -0.019 -0.0116 0.0209 12.12 
0.611 2 2 3 0.0 0.0 -0.010 -0.020 -0.0112 0.0209 12.12 
0.612 2 2 3 0.0 0.0 -0.014 -0.016 -0.0108 0.0209 12.12 
0.613 2 2 3 0.0 0.0 0.002 -0.009 -0.0104 0.0209 12.12 
0.614 2 2 3 0.0 0.0 -0.006 -0.026 -0.0104 0.0209 12.13 
0.615 2 2 3 0.0 0.0 -0.024 -0.025 -0.0100 0.0209 12.12 
0.616 2 2 3 0.0 0.0 -0.005 -0.019 -0.0096 0.0209 12.12 
0.617 2 2 3 0.0 0.0 0.015 -0.020 -0.0096 0.0209 12.12 
0.618 2 2 3 0.0 0.0 0.015 -0.024 -0.0092 0.0209 12.12 
0.619 2 2 3 0.0 0.0 -0.030 -0.009 -0.0092 0.0209 12.12 
0.620 2 2 3 0.0 0.0 -0.001 -0.016 -0.0088 0.0209 12.12 
0.621 2 2 3 0.0 0.0 -0.020 -0.018 -0.0088 0.0209 12.12 
0.622 2 2 3 0.0 0.0 -0.036 -0.020 -0.0084 0.0209 12.12 
0.623 2 2 3 0.0 0.0 -0.003 -0.012 -0.0084 0.0209 12.12 
0.624 2 2 3 0.0 0.0 -0.011 -0.019 -0.0080 0.0201 12.11 
0.625 2 2 3 0.0 0.0 0.001 -0.006 -0.0080 0.0193 12.12 
0.626 2 2 3 0.0 0.0 -0.017 0.001 -0.0076 0.0181 12.12 
0.627 2 2 3 0.0 0.0 -0.002 0.001 -0.0076 0.0173 12.12 
0.628 2 2 3 0.0 0.0 -0.002 -0.016 -0.0076 0.0169 12.12 
0.629 2 2 3 0.0 0.0 0.008 0.002 0.0076 0.0161 12.12 
0.630 2 2 3 0.0 0.0 -0.004 -0.020 0.0076 0.0153 12.12 
0.631 2 2 3 0.0 0.0 0.006 -0.010 0.0076 0.0149 12.12 
0.632 2 2 3 0.0 0.0 -0.034 -0.003 0.0076 0.0141 12.12 
0.633 2 2 3 0.0 0.0 -0.002 0.013 0.0076 0.0137 12.12 
0.634 2 2 3 0.0 0.0 -0.029 -0.017 0.0076 0.0133 12.11 
0.635 2 2 3 0.0 0.0 -0.021 0.015 0.0076 0.0129 12.11 
0.636 2 2 3 0.0 0.0 -0.014 -0.004 0.0076 0.0125 12.12 
0.637 2 2 3 0.0 0.0 0.002 -0.008 0.0076 0.0120 12.12 
0.638 2 2 3 0.0 0.0 -0.014 0.006 0.0076 0.0116 12.12 
0.639 2 2 3 0.0 0.0 -0.006 -0.006 0.0076 0.0112 12.12 
0.640 2 2 3 0.0 0.0 0.012 0.014 0.0076 0.0108 12.12 
0.641 2 2 3 0.0 0.0 0.002 -0.004 0.0076 0.0108 12.13 
0.642 2 2 3 0.0 0.0 -0.021 -0.008 0.0076 0.0104 12.12 
0.643 2 2 3 0.0 0.0 -0.021 0.010 0.0076 0.0100 12.13 
0.644 2 2 3 0.0 0.0 -0.010 -0.008 0.0076 0.0100 12.12 
0.645 2 2 3 0.0 0.0 0.016 0.026 0.0076 0.0096 12.12 
0.646 2 2 3 0.0 0.0 -0.013 -0.003 0.0076 0.0092 12.12 
0.647 2 2 3 0.0 0.0 -0.006 -0.007 0.0076 0.0092 12.12 
0.648 2 2 3 0.0 0.0 -0.024 0.001 0.0076 0.0088 12.13 
0.649 2 2 3 0.0 0.0 -0.000 -0.012 0.0076 0.0088 12.12 
0.650 2 2 3 0.0 0.0 0.009 0.005 0.0076 0.0084 12.13 
0.651 2 2 3 0.0 0.0 -0.017 0.016 0.0076 0.0084 12.12 
0.652 2 2 3 0.0 0.0 -0.029 -0.001 0.0076 0.0080 12.11 
0.653 2 2 3 0.0 0.0 -0.027 -0.023 0.0076 0.0080 12.12 
0.654 2 2 3 0.0 0.0 -0.014 -0.034 0.0076 0.0080 12.13 
0.655 2 2 3 0.0 0.0 -0.014 -0.018 0.0149 0.0076 12.13 
0.656 2 2 3 0.0 0.0 -0.027 0.000 0.0149 0.0076 12.12 
0.657 2 2 3 0.0 0.0 -0.037 0.004 0.0149 0.0072 12.12 
0.658 2 2 3 0.0 0.0 -0.040 -0.006 0.0149 0.0072 12.13 
0.659 2 2 3 0.0 0.0 -0.013 -0.001 0.0149 0.0072 12.14 
0.660 2 2 3 0.0 0.0 0.005 0.001 0.0149 0.0068 12.13 
0.661 2 2 3 0.0 0.0 0.074 -0.006 0.0149 0.0068 12.12 
0.662 2 2 3 0.0 0.0 0.066 -0.164 0.0149 0.0068 12.11 
0.663 2 2 3 0.0 0.0 0.020 -0.037 0.0149 0.0068 12.12 
0.664 2 2 3 0.0 0.0 0.009 -0.018 0.0149 0.0064 12.12 
0.665 2 2 3 0.0 0.0 0.001 -0.008 0.0149 0.0064 12.12 
