%% logfile from robot Maja (15)
% Maja (15)
%  1    time 0.000 sec
%  2  3  4   (mission 0), state 2, thread 2, line 0
%  5  6 Motor voltage [V] left, right: 2.0 2.0
%  7  8 Motor current left, right [A]: -0.085 -0.086
%  9 10 Wheel velocity [m/s] left, right: -0.0000 -0.0000
% 11    Battery voltage [V]: 11.50
0.001 2 2 0 2.0 2.0 0.058 0.095 -0.0000 -0.0000 11.47 
0.002 2 2 0 2.0 2.0 0.243 0.200 -0.0000 -0.0000 11.45 
0.003 2 2 0 2.0 2.0 0.391 0.181 -0.0000 -0.0000 11.42 
0.004 2 2 0 2.0 2.0 0.458 0.244 -0.0000 -0.0000 11.42 
0.005 2 2 0 2.0 2.0 0.477 0.350 -0.0000 -0.0000 11.45 
0.006 2 2 0 2.0 2.0 0.492 0.447 0.0000 -0.0000 11.45 
0.007 2 2 0 2.0 2.0 0.494 0.475 0.0000 -0.0000 11.43 
0.008 2 2 0 2.0 2.0 0.491 0.544 0.0000 -0.0000 11.45 
0.009 2 2 0 2.0 2.0 0.484 0.569 0.0000 -0.0000 11.46 
0.010 2 2 0 2.0 2.0 0.400 0.510 0.0831 -0.0000 11.42 
0.011 2 2 0 2.0 2.0 0.258 0.536 0.0831 0.0000 11.45 
0.012 2 2 0 2.0 2.0 0.269 0.584 0.0831 0.0000 11.46 
0.013 2 2 0 2.0 2.0 0.330 0.554 0.0831 0.0000 11.46 
0.014 2 2 0 2.0 2.0 0.369 0.477 0.1221 0.0000 11.45 
0.015 2 2 0 2.0 2.0 0.380 0.504 0.1221 0.1000 11.42 
0.016 2 2 0 2.0 2.0 0.359 0.455 0.1221 0.1000 11.46 
0.017 2 2 0 2.0 2.0 0.339 0.253 0.1406 0.1000 11.47 
0.018 2 2 0 2.0 2.0 0.330 0.215 0.1406 0.1273 11.46 
0.019 2 2 0 2.0 2.0 0.329 0.241 0.1586 0.1273 11.46 
0.020 2 2 0 2.0 2.0 0.322 0.194 0.1586 0.1273 11.42 
0.021 2 2 0 2.0 2.0 0.318 0.311 0.1856 0.1273 11.41 
0.022 2 2 0 2.0 2.0 0.313 0.352 0.1856 0.1305 11.45 
0.023 2 2 0 2.0 2.0 0.289 0.375 0.2028 0.1305 11.46 
0.024 2 2 0 2.0 2.0 0.264 0.173 0.2028 0.1606 11.45 
0.025 2 2 0 2.0 2.0 0.269 0.421 0.2133 0.1606 11.46 
0.026 2 2 0 2.0 2.0 0.259 0.375 0.2133 0.1715 11.43 
0.027 2 2 0 2.0 2.0 0.262 0.288 0.2293 0.1715 11.45 
0.028 2 2 0 2.0 2.0 0.270 0.339 0.2293 0.1715 11.43 
0.029 2 2 0 2.0 2.0 0.201 0.318 0.2434 0.1783 11.46 
0.030 2 2 0 2.0 2.0 0.211 0.289 0.2522 0.1783 11.45 
0.031 2 2 0 2.0 2.0 0.252 0.284 0.2522 0.1940 11.47 
0.032 2 2 0 2.0 2.0 0.245 0.329 0.2538 0.1940 11.45 
0.033 2 2 0 2.0 2.0 0.241 0.303 0.2623 0.2113 11.44 
0.034 2 2 0 2.0 2.0 0.218 0.354 0.2623 0.2113 11.46 
0.035 2 2 0 2.0 2.0 0.229 0.371 0.2695 0.2080 11.43 
0.036 2 2 0 2.0 2.0 0.199 0.345 0.2807 0.2181 11.43 
0.037 2 2 0 2.0 2.0 0.199 0.398 0.2807 0.2181 11.45 
0.038 2 2 0 2.0 2.0 0.208 0.296 0.2827 0.2305 11.46 
0.039 2 2 0 2.0 2.0 0.215 0.377 0.2807 0.2305 11.46 
0.040 2 2 0 2.0 2.0 0.202 0.324 0.3016 0.2522 11.47 
0.041 2 2 0 2.0 2.0 0.184 0.346 0.3016 0.2510 11.48 
0.042 2 2 0 2.0 2.0 0.207 0.344 0.3016 0.2510 11.48 
0.043 2 2 0 2.0 2.0 0.199 0.296 0.3064 0.2695 11.48 
0.044 2 2 0 2.0 2.0 0.206 0.272 0.3113 0.2695 11.44 
0.045 2 2 0 2.0 2.0 0.181 0.333 0.3113 0.2695 11.46 
0.046 2 2 0 2.0 2.0 0.182 0.139 0.3213 0.2747 11.48 
0.047 2 2 0 2.0 2.0 0.172 0.205 0.3213 0.2711 11.44 
0.048 2 2 0 2.0 2.0 0.176 0.154 0.3265 0.2711 11.47 
0.049 2 2 0 2.0 2.0 0.171 0.185 0.3289 0.2848 11.47 
0.050 2 2 0 2.0 2.0 0.165 0.204 0.3402 0.2711 11.46 
0.051 2 2 0 2.0 2.0 0.139 0.228 0.3402 0.2711 11.46 
0.052 2 2 0 2.0 2.0 0.149 0.212 0.3550 0.2623 11.47 
0.053 2 2 0 2.0 2.0 0.141 0.176 0.3346 0.2731 11.47 
0.054 2 2 0 2.0 2.0 0.146 0.208 0.3289 0.3137 11.48 
0.055 2 2 0 2.0 2.0 0.137 0.230 0.3402 0.3137 11.48 
0.056 2 2 0 2.0 2.0 0.125 0.215 0.3430 0.2807 11.44 
0.057 2 2 0 2.0 2.0 0.118 0.289 0.3402 0.2607 11.47 
0.058 2 2 0 2.0 2.0 0.146 0.246 0.3402 0.2607 11.43 
0.059 2 2 0 2.0 2.0 0.155 0.208 0.3751 0.2787 11.46 
0.060 2 2 0 2.0 2.0 0.158 0.239 0.3522 0.2888 11.47 
0.061 2 2 0 2.0 2.0 0.180 0.160 0.3402 0.2888 11.46 
0.062 2 2 0 2.0 2.0 0.176 0.179 0.3550 0.2827 11.48 
0.063 2 2 0 2.0 2.0 0.151 0.213 0.3860 0.3185 11.48 
0.064 2 2 0 2.0 2.0 0.142 0.181 0.3582 0.2848 11.44 
0.065 2 2 0 2.0 2.0 0.129 0.259 0.3317 0.2848 11.47 
0.066 2 2 0 2.0 2.0 0.112 0.250 0.3615 0.2972 11.47 
0.067 2 2 0 2.0 2.0 0.113 0.263 0.3615 0.2972 11.48 
0.068 2 2 0 2.0 2.0 0.128 0.288 0.3751 0.3088 11.48 
0.069 2 2 0 2.0 2.0 0.098 0.290 0.3751 0.3088 11.48 
0.070 2 2 0 2.0 2.0 0.118 0.274 0.3976 0.2996 11.47 
0.071 2 2 0 2.0 2.0 0.115 0.205 0.3683 0.3161 11.48 
0.072 2 2 0 2.0 2.0 0.081 0.209 0.4016 0.3040 11.46 
0.073 2 2 0 2.0 2.0 0.084 0.281 0.3751 0.3040 11.43 
0.074 2 2 0 2.0 2.0 0.088 0.222 0.3651 0.2972 11.46 
0.075 2 2 0 2.0 2.0 0.108 0.138 0.3715 0.3040 11.48 
0.076 2 2 0 2.0 2.0 0.140 0.212 0.3715 0.3402 11.44 
0.077 2 2 0 2.0 2.0 0.140 0.200 0.3823 0.3137 11.45 
0.078 2 2 0 2.0 2.0 0.132 0.242 0.4016 0.3137 11.47 
0.079 2 2 0 2.0 2.0 0.142 0.217 0.3787 0.3161 11.48 
0.080 2 2 0 2.0 2.0 0.121 0.105 0.3683 0.3113 11.44 
0.081 2 2 0 2.0 2.0 0.104 0.119 0.3896 0.3213 11.47 
0.082 2 2 0 2.0 2.0 0.090 0.113 0.3896 0.3088 11.48 
0.083 2 2 0 2.0 2.0 0.076 0.168 0.3823 0.3088 11.46 
0.084 2 2 0 2.0 2.0 0.085 0.205 0.3823 0.3088 11.43 
0.085 2 2 0 2.0 2.0 0.105 0.268 0.3896 0.3064 11.44 
0.086 2 2 0 2.0 2.0 0.115 0.207 0.3936 0.3113 11.47 
0.087 2 2 0 2.0 2.0 0.140 0.215 0.3860 0.3113 11.47 
0.088 2 2 0 2.0 2.0 0.111 0.181 0.3860 0.3161 11.48 
0.089 2 2 0 2.0 2.0 0.088 0.239 0.3860 0.3522 11.46 
0.090 2 2 0 2.0 2.0 0.068 0.302 0.3936 0.3113 11.48 
0.091 2 2 0 2.0 2.0 0.071 0.198 0.3936 0.3237 11.47 
0.092 2 2 0 2.0 2.0 0.068 0.147 0.3896 0.3237 11.48 
0.093 2 2 0 2.0 2.0 0.096 0.175 0.3787 0.3161 11.48 
0.094 2 2 0 2.0 2.0 0.093 0.186 0.3976 0.3346 11.44 
0.095 2 2 0 2.0 2.0 0.114 0.250 0.3936 0.3137 11.46 
0.096 2 2 0 2.0 2.0 0.122 0.265 0.3936 0.3064 11.47 
0.097 2 2 0 2.0 2.0 0.117 0.247 0.3936 0.3064 11.48 
0.098 2 2 0 2.0 2.0 0.124 0.231 0.4016 0.3213 11.47 
0.099 2 2 0 2.0 2.0 0.108 0.178 0.3976 0.3402 11.44 
0.100 2 2 0 2.0 2.0 0.108 0.204 0.3976 0.3185 11.47 
0.101 2 2 0 2.0 2.0 0.109 0.204 0.4016 0.3213 11.48 
0.102 2 2 0 2.0 2.0 0.085 0.248 0.4056 0.3213 11.48 
0.103 2 2 0 2.0 2.0 0.095 0.209 0.4181 0.3289 11.48 
0.104 2 2 0 2.0 2.0 0.098 0.247 0.4016 0.3430 11.48 
0.105 2 2 0 2.0 2.0 0.108 0.226 0.3976 0.3289 11.47 
0.106 2 2 0 2.0 2.0 0.086 0.240 0.4016 0.3490 11.48 
0.107 2 2 0 2.0 2.0 0.083 0.238 0.4056 0.3430 11.45 
0.108 2 2 0 2.0 2.0 0.087 0.314 0.4016 0.3430 11.44 
0.109 2 2 0 2.0 2.0 0.099 0.263 0.4225 0.3430 11.48 
0.110 2 2 0 2.0 2.0 0.100 0.158 0.4181 0.3374 11.49 
0.111 2 2 0 2.0 2.0 0.123 0.166 0.3936 0.3522 11.49 
0.112 2 2 0 2.0 2.0 0.122 0.135 0.4225 0.3346 11.45 
0.113 2 2 0 2.0 2.0 0.111 0.178 0.4181 0.3213 11.48 
0.114 2 2 0 2.0 2.0 0.097 0.124 0.3823 0.3289 11.45 
0.115 2 2 0 2.0 2.0 0.103 0.116 0.3787 0.3787 11.48 
0.116 2 2 0 2.0 2.0 0.091 0.137 0.4056 0.3787 11.47 
0.117 2 2 0 2.0 2.0 0.096 0.128 0.4097 0.3317 11.48 
0.118 2 2 0 2.0 2.0 0.083 0.151 0.4225 0.3088 11.48 
0.119 2 2 0 2.0 2.0 0.108 0.184 0.4137 0.3265 11.47 
0.120 2 2 0 2.0 2.0 0.085 0.133 0.4269 0.3346 11.47 
0.121 2 2 0 2.0 2.0 0.076 0.143 0.4181 0.3346 11.44 
0.122 2 2 0 2.0 2.0 0.063 0.148 0.4016 0.3265 11.47 
0.123 2 2 0 2.0 2.0 0.040 0.191 0.4056 0.3615 11.48 
0.124 2 2 0 2.0 2.0 0.075 0.236 0.4016 0.3237 11.45 
0.125 2 2 0 2.0 2.0 0.094 0.276 0.4056 0.3346 11.48 
0.126 2 2 0 2.0 2.0 0.100 0.259 0.4181 0.3346 11.48 
0.127 2 2 0 2.0 2.0 0.116 0.208 0.4137 0.3346 11.48 
0.128 2 2 0 2.0 2.0 0.093 0.223 0.3976 0.3430 11.47 
0.129 2 2 0 2.0 2.0 0.089 0.166 0.4056 0.3317 11.48 
0.130 2 2 0 2.0 2.0 0.080 0.198 0.4097 0.3462 11.47 
0.131 2 2 0 2.0 2.0 0.072 0.115 0.4097 0.3402 11.48 
0.132 2 2 0 2.0 2.0 0.083 0.177 0.4097 0.3289 11.44 
0.133 2 2 0 2.0 2.0 0.081 -0.049 0.4137 0.3289 11.46 
0.134 2 2 0 2.0 2.0 0.097 0.046 0.4181 0.3374 11.46 
0.135 2 2 0 2.0 2.0 0.110 0.226 0.4137 0.3751 11.44 
0.136 2 2 0 2.0 2.0 0.097 0.249 0.4137 0.3462 11.47 
0.137 2 2 0 2.0 2.0 0.087 0.189 0.4137 0.3430 11.48 
0.138 2 2 0 2.0 2.0 0.080 0.066 0.4181 0.3346 11.47 
0.139 2 2 0 2.0 2.0 0.072 0.099 0.4181 0.3430 11.48 
0.140 2 2 0 2.0 2.0 0.100 0.032 0.4016 0.3346 11.47 
0.141 2 2 0 2.0 2.0 0.097 0.174 0.4097 0.3346 11.48 
0.142 2 2 0 2.0 2.0 0.115 0.187 0.4137 0.3346 11.48 
0.143 2 2 0 2.0 2.0 0.115 0.204 0.4137 0.3289 11.44 
0.144 2 2 0 2.0 2.0 0.097 0.267 0.4181 0.3374 11.47 
0.145 2 2 0 2.0 2.0 0.092 0.206 0.4225 0.3402 11.45 
0.146 2 2 0 2.0 2.0 0.073 0.244 0.4181 0.3751 11.48 
0.147 2 2 0 2.0 2.0 0.073 0.212 0.4181 0.3462 11.44 
0.148 2 2 0 2.0 2.0 0.081 0.246 0.4225 0.3374 11.45 
0.149 2 2 0 2.0 2.0 0.077 0.072 0.4362 0.3430 11.44 
0.150 2 2 0 2.0 2.0 0.085 0.184 0.4269 0.3346 11.47 
0.151 2 2 0 2.0 2.0 0.083 0.169 0.4181 0.3522 11.45 
0.152 2 2 0 2.0 2.0 0.054 0.227 0.4181 0.3289 11.47 
0.153 2 2 0 2.0 2.0 0.050 0.156 0.4181 0.3237 11.47 
0.154 2 2 0 2.0 2.0 0.054 0.231 0.4181 0.3237 11.48 
0.155 2 2 0 2.0 2.0 0.056 0.158 0.4317 0.3402 11.45 
0.156 2 2 0 2.0 2.0 0.065 0.247 0.4269 0.3582 11.48 
0.157 2 2 0 2.0 2.0 0.090 0.032 0.3976 0.3317 11.47 
0.158 2 2 0 2.0 2.0 0.090 -0.018 0.4056 0.3346 11.44 
0.159 2 2 0 2.0 2.0 0.083 0.204 0.4225 0.3346 11.44 
0.160 2 2 0 2.0 2.0 0.070 0.239 0.4181 0.3346 11.47 
0.161 2 2 0 2.0 2.0 0.066 0.242 0.3787 0.3490 11.48 
0.162 2 2 0 2.0 2.0 0.055 0.145 0.3936 0.3346 11.45 
0.163 2 2 0 2.0 2.0 0.079 0.126 0.4097 0.3522 11.47 
0.164 2 2 0 2.0 2.0 0.071 0.223 0.4137 0.3462 11.48 
0.165 2 2 0 2.0 2.0 0.073 0.197 0.4317 0.3550 11.44 
0.166 2 2 0 2.0 2.0 0.079 0.238 0.4225 0.3430 11.44 
0.167 2 2 0 2.0 2.0 0.066 0.138 0.4317 0.3582 11.43 
0.168 2 2 0 2.0 2.0 0.077 0.184 0.4269 0.3582 11.47 
0.169 2 2 0 2.0 2.0 0.062 0.047 0.4181 0.3402 11.48 
0.170 2 2 0 2.0 2.0 0.073 0.025 0.4137 0.3237 11.45 
0.171 2 2 0 2.0 2.0 0.102 0.090 0.4097 0.3346 11.47 
0.172 2 2 0 2.0 2.0 0.108 0.114 0.4225 0.3787 11.47 
0.173 2 2 0 2.0 2.0 0.106 0.086 0.4181 0.3374 11.48 
0.174 2 2 0 2.0 2.0 0.098 0.178 0.3936 0.3374 11.45 
0.175 2 2 0 2.0 2.0 0.078 0.242 0.4056 0.3113 11.43 
0.176 2 2 0 2.0 2.0 0.069 0.185 0.4137 0.3289 11.47 
0.177 2 2 0 2.0 2.0 0.051 0.133 0.4137 0.3374 11.47 
0.178 2 2 0 2.0 2.0 0.059 0.200 0.4137 0.3317 11.47 
0.179 2 2 0 2.0 2.0 0.084 0.237 0.4181 0.3683 11.46 
0.180 2 2 0 2.0 2.0 0.085 0.265 0.4225 0.3490 11.48 
0.181 2 2 0 2.0 2.0 0.091 0.204 0.4181 0.3265 11.46 
0.182 2 2 0 2.0 2.0 0.070 0.264 0.4181 0.3402 11.47 
0.183 2 2 0 2.0 2.0 0.067 0.332 0.4181 0.3374 11.47 
0.184 2 2 0 2.0 2.0 0.047 0.246 0.4225 0.3490 11.48 
0.185 2 2 0 2.0 2.0 0.061 0.237 0.4181 0.3346 11.46 
0.186 2 2 0 2.0 2.0 0.078 0.212 0.4016 0.3522 11.46 
0.187 2 2 0 2.0 2.0 0.081 0.201 0.4137 0.3522 11.46 
0.188 2 2 0 2.0 2.0 0.092 0.121 0.4137 0.3402 11.46 
0.189 2 2 0 2.0 2.0 0.092 0.238 0.4181 0.3374 11.48 
0.190 2 2 0 2.0 2.0 0.089 0.200 0.4181 0.3402 11.47 
0.191 2 2 0 2.0 2.0 0.087 0.190 0.4225 0.3787 11.48 
0.192 2 2 0 2.0 2.0 0.073 0.177 0.4225 0.3490 11.47 
0.193 2 2 0 2.0 2.0 0.081 0.099 0.4225 0.3522 11.46 
0.194 2 2 0 2.0 2.0 0.100 0.154 0.4181 0.3462 11.48 
0.195 2 2 0 2.0 2.0 0.093 0.133 0.4225 0.3402 11.44 
0.196 2 2 0 2.0 2.0 0.087 0.078 0.4269 0.3550 11.46 
0.197 2 2 0 2.0 2.0 0.102 0.114 0.4225 0.3402 11.46 
0.198 2 2 0 2.0 2.0 0.062 0.219 0.4225 0.3402 11.48 
0.199 2 2 0 2.0 2.0 0.033 0.208 0.4225 0.3346 11.45 
0.200 2 2 0 2.0 2.0 0.037 0.217 0.4181 0.3402 11.48 
0.201 2 2 1 4.0 4.0 0.041 0.266 0.4317 0.3402 11.48 
0.202 2 2 1 4.0 4.0 0.127 0.128 0.4269 0.3462 11.43 
0.203 2 2 1 4.0 4.0 0.279 0.305 0.4181 0.3823 11.45 
0.204 2 2 1 4.0 4.0 0.451 0.436 0.4225 0.3490 11.44 
0.205 2 2 1 4.0 4.0 0.530 0.482 0.4510 0.3751 11.44 
0.206 2 2 1 4.0 4.0 0.583 0.550 0.4615 0.3823 11.42 
0.207 2 2 1 4.0 4.0 0.602 0.594 0.4510 0.4056 11.37 
0.208 2 2 1 4.0 4.0 0.632 0.669 0.4956 0.4097 11.42 
0.209 2 2 1 4.0 4.0 0.563 0.691 0.5081 0.4137 11.40 
0.210 2 2 1 4.0 4.0 0.491 0.599 0.5354 0.4615 11.42 
0.211 2 2 1 4.0 4.0 0.535 0.570 0.5575 0.4667 11.44 
0.212 2 2 1 4.0 4.0 0.530 0.588 0.5575 0.4723 11.41 
0.213 2 2 1 4.0 4.0 0.515 0.602 0.5655 0.4896 11.41 
0.214 2 2 1 4.0 4.0 0.533 0.616 0.5735 0.5213 11.40 
0.215 2 2 1 4.0 4.0 0.453 0.604 0.6085 0.5354 11.41 
0.216 2 2 1 4.0 4.0 0.482 0.592 0.6085 0.5426 11.44 
0.217 2 2 1 4.0 4.0 0.492 0.535 0.6177 0.5575 11.41 
0.218 2 2 1 4.0 4.0 0.492 0.396 0.6273 0.5735 11.44 
0.219 2 2 1 4.0 4.0 0.463 0.405 0.6374 0.5735 11.42 
0.220 2 2 1 4.0 4.0 0.387 0.440 0.6691 0.5820 11.45 
0.221 2 2 1 4.0 4.0 0.353 0.457 0.6691 0.6177 11.44 
0.222 2 2 1 4.0 4.0 0.368 0.424 0.6804 0.5992 11.45 
0.223 2 2 1 4.0 4.0 0.366 0.375 0.6924 0.6177 11.45 
0.224 2 2 1 4.0 4.0 0.416 0.335 0.6924 0.6273 11.46 
0.225 2 2 1 4.0 4.0 0.393 0.398 0.7044 0.6583 11.43 
0.226 2 2 1 4.0 4.0 0.510 0.455 0.7169 0.6583 11.44 
0.227 2 2 1 4.0 4.0 0.404 0.438 0.7302 0.6691 11.44 
0.228 2 2 1 4.0 4.0 0.385 0.439 0.7302 0.6804 11.44 
0.229 2 2 1 4.0 4.0 0.336 0.432 0.7434 0.6804 11.43 
0.230 2 2 1 4.0 4.0 0.298 0.429 0.7723 0.6804 11.45 
0.231 2 2 1 4.0 4.0 0.304 0.390 0.7723 0.7169 11.44 
0.232 2 2 1 4.0 4.0 0.313 0.347 0.7723 0.7044 11.44 
0.233 2 2 1 4.0 4.0 0.317 0.256 0.7872 0.7169 11.45 
0.234 2 2 1 4.0 4.0 0.313 0.238 0.7872 0.7169 11.46 
0.235 2 2 1 4.0 4.0 0.286 0.316 0.8032 0.7169 11.46 
0.236 2 2 1 4.0 4.0 0.301 0.352 0.7872 0.7723 11.44 
0.237 2 2 1 4.0 4.0 0.292 0.305 0.8193 0.7434 11.44 
0.238 2 2 1 4.0 4.0 0.267 0.295 0.8193 0.7723 11.44 
0.239 2 2 1 4.0 4.0 0.263 0.314 0.8366 0.7434 11.43 
0.240 2 2 1 4.0 4.0 0.237 0.319 0.8193 0.7723 11.46 
0.241 2 2 1 4.0 4.0 0.266 0.335 0.8193 0.7575 11.45 
0.242 2 2 1 4.0 4.0 0.250 0.349 0.8366 0.7575 11.45 
0.243 2 2 1 4.0 4.0 0.247 0.360 0.8366 0.7723 11.44 
0.244 2 2 1 4.0 4.0 0.254 0.364 0.8543 0.7872 11.44 
0.245 2 2 1 4.0 4.0 0.228 0.322 0.8727 0.7872 11.45 
0.246 2 2 1 4.0 4.0 0.343 0.264 0.8727 0.8032 11.46 
0.247 2 2 1 4.0 4.0 0.271 0.234 0.8727 0.7872 11.45 
0.248 2 2 1 4.0 4.0 0.268 0.248 0.8727 0.8193 11.46 
0.249 2 2 1 4.0 4.0 0.234 0.257 0.8727 0.7872 11.45 
0.250 2 2 1 4.0 4.0 0.248 0.225 0.8727 0.8032 11.45 
0.251 2 2 1 4.0 4.0 0.235 0.234 0.8727 0.8193 11.47 
0.252 2 2 1 4.0 4.0 0.227 0.283 0.8924 0.8193 11.45 
0.253 2 2 1 4.0 4.0 0.227 0.291 0.9125 0.8193 11.46 
0.254 2 2 1 4.0 4.0 0.211 0.288 0.9125 0.8193 11.47 
0.255 2 2 1 4.0 4.0 0.206 0.272 0.9125 0.8543 11.46 
0.256 2 2 1 4.0 4.0 0.214 0.253 0.9125 0.8543 11.46 
0.257 2 2 1 4.0 4.0 0.285 0.204 0.9338 0.8543 11.47 
0.258 2 2 1 4.0 4.0 0.211 0.144 0.9125 0.8543 11.45 
0.259 2 2 1 4.0 4.0 0.189 0.181 0.9125 0.8543 11.46 
0.260 2 2 1 4.0 4.0 0.168 0.212 0.9559 0.8727 11.47 
0.261 2 2 1 4.0 4.0 0.159 0.209 0.9796 0.8727 11.47 
0.262 2 2 1 4.0 4.0 0.155 0.193 0.9559 0.8924 11.46 
0.263 2 2 1 4.0 4.0 0.177 0.205 0.9559 0.8543 11.47 
0.264 2 2 1 4.0 4.0 0.188 0.231 0.9338 0.8727 11.46 
0.265 2 2 1 4.0 4.0 0.162 0.243 0.9559 0.8727 11.46 
0.266 2 2 1 4.0 4.0 0.241 0.246 0.9559 0.8924 11.47 
0.267 2 2 1 4.0 4.0 0.271 0.273 0.9559 0.8924 11.47 
0.268 2 2 1 4.0 4.0 0.188 0.261 0.9559 0.8924 11.46 
0.269 2 2 1 4.0 4.0 0.161 0.189 0.9559 0.8924 11.44 
0.270 2 2 1 4.0 4.0 0.266 0.175 0.9559 0.9125 11.47 
0.271 2 2 1 4.0 4.0 0.195 0.168 0.9559 0.8924 11.46 
0.272 2 2 1 4.0 4.0 0.162 0.174 0.9559 0.8924 11.47 
0.273 2 2 1 4.0 4.0 0.165 0.167 0.9559 0.9125 11.46 
0.274 2 2 1 4.0 4.0 0.162 0.193 0.9796 0.9125 11.46 
0.275 2 2 1 4.0 4.0 0.142 0.212 0.9796 0.9125 11.44 
0.276 2 2 1 4.0 4.0 0.135 0.231 1.0041 0.9125 11.44 
0.277 2 2 1 4.0 4.0 0.150 0.227 0.9796 0.9125 11.46 
0.278 2 2 1 4.0 4.0 0.146 0.212 1.0041 0.9338 11.45 
0.279 2 2 1 4.0 4.0 0.152 0.178 0.9796 0.9338 11.47 
0.280 2 2 1 4.0 4.0 0.157 0.113 1.0041 0.9338 11.47 
0.281 2 2 1 4.0 4.0 0.140 0.143 1.0298 0.9338 11.46 
0.282 2 2 1 4.0 4.0 0.129 0.162 0.9796 0.9559 11.45 
0.283 2 2 1 4.0 4.0 0.153 0.182 1.0041 0.9338 11.47 
0.284 2 2 1 4.0 4.0 0.148 0.166 1.0298 0.9559 11.48 
0.285 2 2 1 4.0 4.0 0.134 0.188 1.0041 0.9338 11.45 
0.286 2 2 1 4.0 4.0 0.127 0.197 1.0041 0.9559 11.47 
0.287 2 2 1 4.0 4.0 0.130 0.185 1.0041 0.9559 11.47 
0.288 2 2 1 4.0 4.0 0.205 0.202 1.0041 0.9559 11.48 
0.289 2 2 1 4.0 4.0 0.141 0.223 1.0041 0.9559 11.47 
0.290 2 2 1 4.0 4.0 0.135 0.190 1.0041 0.9559 11.47 
0.291 2 2 1 4.0 4.0 0.149 0.116 1.0041 0.9338 11.46 
0.292 2 2 1 4.0 4.0 0.130 0.116 1.0041 0.9559 11.48 
0.293 2 2 1 4.0 4.0 0.191 0.142 1.0041 0.9338 11.48 
0.294 2 2 1 4.0 4.0 0.146 0.124 0.9559 0.9338 11.47 
0.295 2 2 1 4.0 4.0 0.163 0.137 1.0298 0.9559 11.47 
0.296 2 2 1 4.0 4.0 0.119 0.181 1.0298 0.9559 11.46 
0.297 2 2 1 4.0 4.0 0.108 0.188 1.0298 0.9559 11.47 
0.298 2 2 1 4.0 4.0 0.113 0.177 1.0567 0.9559 11.46 
0.299 2 2 1 4.0 4.0 0.070 0.197 1.0298 0.9796 11.47 
0.300 2 2 1 4.0 4.0 0.108 0.160 1.0567 0.9559 11.48 
0.301 2 2 1 4.0 4.0 0.115 0.094 1.0567 0.9559 11.47 
0.302 2 2 1 4.0 4.0 0.096 0.096 1.0567 0.9559 11.48 
0.303 2 2 1 4.0 4.0 0.067 0.116 1.0298 0.9796 11.48 
0.304 2 2 1 4.0 4.0 0.095 0.138 1.0041 0.9559 11.48 
0.305 2 2 1 4.0 4.0 0.103 0.130 1.0041 0.9559 11.48 
0.306 2 2 1 4.0 4.0 0.104 0.169 1.0041 0.9338 11.46 
0.307 2 2 1 4.0 4.0 0.114 0.170 1.0298 0.9559 11.47 
0.308 2 2 1 4.0 4.0 0.107 0.148 1.0298 0.9559 11.48 
0.309 2 2 1 4.0 4.0 0.124 0.154 1.0298 0.9559 11.46 
0.310 2 2 1 4.0 4.0 0.153 0.191 1.0298 0.9559 11.46 
0.311 2 2 1 4.0 4.0 0.123 0.158 1.0298 0.9559 11.47 
0.312 2 2 1 4.0 4.0 0.116 0.088 1.0298 0.9559 11.48 
0.313 2 2 1 4.0 4.0 0.119 0.095 1.0298 0.9796 11.48 
0.314 2 2 1 4.0 4.0 0.090 0.128 1.0567 0.9559 11.48 
0.315 2 2 1 4.0 4.0 0.090 0.118 1.0567 0.9796 11.47 
0.316 2 2 1 4.0 4.0 0.110 0.134 1.0567 0.9796 11.47 
0.317 2 2 1 4.0 4.0 0.118 0.191 1.0567 0.9796 11.47 
0.318 2 2 1 4.0 4.0 0.092 0.189 1.0298 0.9796 11.49 
0.319 2 2 1 4.0 4.0 0.102 0.168 1.0298 0.9796 11.48 
0.320 2 2 1 4.0 4.0 0.124 0.156 1.0567 1.0041 11.47 
0.321 2 2 1 4.0 4.0 0.100 0.120 0.9796 0.9796 11.48 
0.322 2 2 1 4.0 4.0 0.189 0.067 1.0298 0.9796 11.48 
0.323 2 2 1 4.0 4.0 0.136 0.094 1.0041 0.9796 11.48 
0.324 2 2 1 4.0 4.0 0.103 0.147 1.0298 0.9796 11.48 
0.325 2 2 1 4.0 4.0 0.102 0.143 1.0298 0.9796 11.48 
0.326 2 2 1 4.0 4.0 0.107 0.120 1.0298 0.9796 11.46 
0.327 2 2 1 4.0 4.0 0.099 0.139 1.0298 0.9796 11.45 
0.328 2 2 1 4.0 4.0 0.194 0.162 1.0298 0.9559 11.47 
0.329 2 2 1 4.0 4.0 0.146 0.152 1.0298 0.9796 11.45 
0.330 2 2 1 4.0 4.0 0.129 0.180 1.0298 0.9796 11.47 
0.331 2 2 1 4.0 4.0 0.106 0.186 1.0298 0.9796 11.48 
0.332 2 2 1 4.0 4.0 0.098 0.111 1.0567 0.9796 11.48 
0.333 2 2 1 4.0 4.0 0.294 0.048 1.0298 0.9796 11.48 
0.334 2 2 1 4.0 4.0 0.112 0.092 1.0298 0.9559 11.46 
0.335 2 2 1 4.0 4.0 0.100 0.141 1.0567 0.9559 11.47 
0.336 2 2 1 4.0 4.0 0.100 0.130 1.0567 0.9796 11.48 
0.337 2 2 1 4.0 4.0 0.080 0.166 1.0298 0.9796 11.47 
0.338 2 2 1 4.0 4.0 0.090 0.182 1.0298 0.9796 11.48 
0.339 2 2 1 4.0 4.0 0.095 0.165 1.0852 0.9796 11.47 
0.340 2 2 1 4.0 4.0 0.085 0.170 1.0852 1.0041 11.47 
0.341 2 2 1 4.0 4.0 0.092 0.162 1.0567 0.9559 11.47 
0.342 2 2 1 4.0 4.0 0.094 0.098 1.0852 1.0041 11.47 
0.343 2 2 1 4.0 4.0 0.081 0.073 1.0567 0.9796 11.48 
0.344 2 2 1 4.0 4.0 0.094 0.113 1.0567 1.0041 11.48 
0.345 2 2 1 4.0 4.0 0.100 0.132 1.0567 0.9796 11.48 
0.346 2 2 1 4.0 4.0 0.168 0.111 1.0567 1.0041 11.48 
0.347 2 2 1 4.0 4.0 0.110 0.123 1.0567 0.9559 11.48 
0.348 2 2 1 4.0 4.0 0.116 0.151 1.0567 0.9796 11.48 
0.349 2 2 1 4.0 4.0 0.111 0.155 1.0567 0.9796 11.47 
0.350 2 2 1 4.0 4.0 0.104 0.162 1.0567 0.9796 11.46 
0.351 2 2 1 4.0 4.0 0.088 0.193 1.0852 0.9796 11.48 
0.352 2 2 2 -4.0 -4.0 0.090 0.178 1.0567 0.9796 11.48 
0.353 2 2 2 -4.0 -4.0 -0.181 0.035 1.0567 0.9796 11.46 
0.354 2 2 2 -4.0 -4.0 -0.676 -0.544 1.0567 0.9796 11.41 
0.355 2 2 2 -4.0 -4.0 -1.007 -0.919 1.0298 0.9338 11.34 
0.356 2 2 2 -4.0 -4.0 -1.310 -1.230 0.9559 0.8924 11.26 
0.357 2 2 2 -4.0 -4.0 -1.505 -1.537 0.9125 0.8193 11.23 
0.358 2 2 2 -4.0 -4.0 -1.410 -1.726 0.8543 0.7434 11.32 
0.359 2 2 2 -4.0 -4.0 -1.348 -1.535 0.7872 0.7302 11.28 
0.360 2 2 2 -4.0 -4.0 -1.442 -1.455 0.7169 0.6804 11.27 
0.361 2 2 2 -4.0 -4.0 -1.487 -1.546 0.6804 0.6273 11.22 
0.362 2 2 2 -4.0 -4.0 -1.508 -1.622 0.6085 0.5498 11.24 
0.363 2 2 2 -4.0 -4.0 -1.217 -1.660 0.5904 0.5354 11.26 
0.364 2 2 2 -4.0 -4.0 -1.234 -1.494 0.5575 0.4779 11.29 
0.365 2 2 2 -4.0 -4.0 -1.301 -1.228 0.5081 0.3936 11.30 
0.366 2 2 2 -4.0 -4.0 -1.352 -1.199 0.4723 0.3462 11.30 
0.367 2 2 2 -4.0 -4.0 -1.356 -1.097 0.3823 0.3237 11.28 
0.368 2 2 2 -4.0 -4.0 -1.354 -1.085 0.3137 0.3088 11.26 
0.369 2 2 2 -4.0 -4.0 -1.329 -1.138 0.2787 0.2434 11.29 
0.370 2 2 2 -4.0 -4.0 -1.303 -1.266 0.2538 0.2434 11.25 
0.371 2 2 2 -4.0 -4.0 -1.277 -1.294 0.2157 0.1751 11.26 
0.372 2 2 2 -4.0 -4.0 -1.054 -1.360 0.1651 0.1586 11.35 
0.373 2 2 2 -4.0 -4.0 -0.869 -1.349 0.1651 0.1586 11.32 
0.374 2 2 2 -4.0 -4.0 -0.903 -1.336 0.1651 0.1454 11.30 
0.375 2 2 2 -4.0 -4.0 -0.968 -1.303 0.1169 0.1064 11.30 
0.376 2 2 2 -4.0 -4.0 -1.040 -1.257 0.0904 -0.0847 11.35 
0.377 2 2 2 -4.0 -4.0 -1.043 -1.218 0.0739 -0.0847 11.30 
0.378 2 2 2 -4.0 -4.0 -1.052 -1.163 0.0623 -0.0847 11.36 
0.379 2 2 2 -4.0 -4.0 -1.019 -1.097 0.0538 -0.1450 11.33 
0.380 2 2 2 -4.0 -4.0 -0.972 -1.028 0.0474 -0.1450 11.32 
0.381 2 2 2 -4.0 -4.0 -0.908 -0.924 -0.0470 -0.2181 11.34 
0.382 2 2 2 -4.0 -4.0 -0.880 -0.715 -0.0470 -0.2181 11.39 
0.383 2 2 2 -4.0 -4.0 -0.866 -0.668 -0.1518 -0.2623 11.36 
0.384 2 2 2 -4.0 -4.0 -0.903 -0.638 -0.1518 -0.2747 11.40 
0.385 2 2 2 -4.0 -4.0 -0.858 -0.682 -0.2068 -0.3040 11.35 
0.386 2 2 2 -4.0 -4.0 -0.832 -0.705 -0.2068 -0.3040 11.36 
0.387 2 2 2 -4.0 -4.0 -0.805 -0.689 -0.2554 -0.3237 11.39 
0.388 2 2 2 -4.0 -4.0 -0.760 -0.694 -0.2908 -0.3787 11.37 
0.389 2 2 2 -4.0 -4.0 -0.737 -0.638 -0.3265 -0.3615 11.38 
0.390 2 2 2 -4.0 -4.0 -0.708 -0.640 -0.3265 -0.3823 11.39 
0.391 2 2 2 -4.0 -4.0 -0.660 -0.629 -0.3374 -0.3976 11.41 
0.392 2 2 2 -4.0 -4.0 -0.732 -0.633 -0.3787 -0.4225 11.41 
0.393 2 2 2 -4.0 -4.0 -0.623 -0.632 -0.3976 -0.4317 11.37 
0.394 2 2 2 -4.0 -4.0 -0.596 -0.568 -0.4181 -0.4510 11.38 
0.395 2 2 2 -4.0 -4.0 -0.586 -0.525 -0.4317 -0.4615 11.38 
0.396 2 2 2 -4.0 -4.0 -0.583 -0.561 -0.4410 -0.4667 11.37 
0.397 2 2 2 -4.0 -4.0 -0.589 -0.523 -0.4562 -0.5081 11.37 
0.398 2 2 2 -4.0 -4.0 -0.596 -0.519 -0.4896 -0.5213 11.39 
0.399 2 2 2 -4.0 -4.0 -0.623 -0.510 -0.5213 -0.5213 11.38 
0.400 2 2 2 -4.0 -4.0 -0.553 -0.525 -0.5281 -0.5149 11.42 
0.401 2 2 2 -4.0 -4.0 -0.521 -0.480 -0.5426 -0.5735 11.42 
0.402 2 2 2 -4.0 -4.0 -0.520 -0.449 -0.5354 -0.5655 11.41 
0.403 2 2 2 -4.0 -4.0 -0.517 -0.394 -0.5575 -0.5735 11.41 
0.404 2 2 2 -4.0 -4.0 -0.493 -0.213 -0.5904 -0.5904 11.43 
0.405 2 2 2 -4.0 -4.0 -0.498 -0.103 -0.5820 -0.5820 11.41 
0.406 2 2 2 -4.0 -4.0 -0.454 -0.165 -0.6177 -0.5904 11.41 
0.407 2 2 2 -4.0 -4.0 -0.451 -0.272 -0.6085 -0.5992 11.42 
0.408 2 2 2 -4.0 -4.0 -0.454 -0.353 -0.6273 -0.6085 11.42 
0.409 2 2 2 -4.0 -4.0 -0.471 -0.341 -0.6273 -0.6085 11.42 
0.410 2 2 2 -4.0 -4.0 -0.459 -0.294 -0.6691 -0.6085 11.43 
0.411 2 2 2 -4.0 -4.0 -0.431 -0.360 -0.6583 -0.6177 11.42 
0.412 2 2 2 -4.0 -4.0 -0.394 -0.359 -0.6691 -0.6085 11.41 
0.413 2 2 2 -4.0 -4.0 -0.377 -0.383 -0.6924 -0.6374 11.42 
0.414 2 2 2 -4.0 -4.0 -0.398 -0.359 -0.6924 -0.6374 11.44 
0.415 2 2 2 -4.0 -4.0 -0.371 -0.240 -0.7044 -0.6474 11.46 
0.416 2 2 2 -4.0 -4.0 -0.360 -0.165 -0.7044 -0.6691 11.43 
0.417 2 2 2 -4.0 -4.0 -0.345 -0.159 -0.7302 -0.6583 11.42 
0.418 2 2 2 -4.0 -4.0 -0.341 -0.232 -0.7434 -0.6583 11.41 
0.419 2 2 2 -4.0 -4.0 -0.363 -0.309 -0.7575 -0.6691 11.44 
0.420 2 2 2 -4.0 -4.0 -0.337 -0.262 -0.7575 -0.6691 11.46 
0.421 2 2 2 -4.0 -4.0 -0.316 -0.282 -0.7723 -0.6804 11.43 
0.422 2 2 2 -4.0 -4.0 -0.296 -0.290 -0.7434 -0.6924 11.44 
0.423 2 2 2 -4.0 -4.0 -0.326 -0.268 -0.7723 -0.6924 11.42 
0.424 2 2 2 -4.0 -4.0 -0.288 -0.298 -0.8032 -0.7044 11.44 
0.425 2 2 2 -4.0 -4.0 -0.316 -0.292 -0.7872 -0.7169 11.45 
0.426 2 2 2 -4.0 -4.0 -0.282 -0.298 -0.8032 -0.7169 11.45 
0.427 2 2 2 -4.0 -4.0 -0.326 -0.317 -0.8032 -0.7169 11.43 
0.428 2 2 2 -4.0 -4.0 -0.291 -0.298 -0.8193 -0.7434 11.43 
0.429 2 2 2 -4.0 -4.0 -0.288 -0.263 -0.8193 -0.7302 11.44 
0.430 2 2 2 -4.0 -4.0 -0.209 -0.301 -0.8032 -0.7169 11.45 
0.431 2 2 2 -4.0 -4.0 -0.173 -0.290 -0.8193 -0.7434 11.46 
0.432 2 2 2 -4.0 -4.0 -0.235 -0.265 -0.8543 -0.7302 11.46 
0.433 2 2 2 -4.0 -4.0 -0.065 -0.118 -0.8543 -0.7575 11.47 
0.434 2 2 2 -4.0 -4.0 -0.204 -0.058 -0.8543 -0.7575 11.45 
0.435 2 2 2 -4.0 -4.0 -0.262 -0.119 -0.8727 -0.7575 11.45 
0.436 2 2 2 -4.0 -4.0 -0.248 -0.189 -0.8727 -0.7723 11.45 
0.437 2 2 2 -4.0 -4.0 -0.238 -0.186 -0.8727 -0.7575 11.46 
0.438 2 2 2 -4.0 -4.0 -0.238 -0.180 -0.8727 -0.7872 11.46 
0.439 2 2 2 -4.0 -4.0 -0.248 -0.216 -0.8924 -0.7575 11.47 
0.440 2 2 2 -4.0 -4.0 -0.231 -0.226 -0.8924 -0.7723 11.45 
0.441 2 2 2 -4.0 -4.0 -0.231 -0.221 -0.8924 -0.7723 11.46 
0.442 2 2 2 -4.0 -4.0 -0.238 -0.116 -0.8924 -0.7723 11.46 
0.443 2 2 2 -4.0 -4.0 -0.242 -0.089 -0.9125 -0.7872 11.47 
0.444 2 2 2 -4.0 -4.0 -0.239 -0.132 -0.9125 -0.7723 11.46 
0.445 2 2 2 -4.0 -4.0 -0.198 -0.166 -0.9125 -0.7872 11.45 
0.446 2 2 2 -4.0 -4.0 -0.192 -0.153 -0.9338 -0.7723 11.44 
0.447 2 2 2 -4.0 -4.0 -0.184 -0.165 -0.9338 -0.7872 11.44 
0.448 2 2 2 -4.0 -4.0 -0.185 -0.146 -0.9338 -0.7872 11.44 
0.449 2 2 2 -4.0 -4.0 -0.185 -0.150 -0.9559 -0.7872 11.45 
0.450 2 2 2 -4.0 -4.0 -0.210 -0.166 -0.9796 -0.7872 11.45 
0.451 2 2 2 -4.0 -4.0 -0.200 -0.173 -0.8924 -0.8032 11.46 
0.452 2 2 2 -4.0 -4.0 -0.197 -0.186 -0.9796 -0.8032 11.43 
0.453 2 2 2 -4.0 -4.0 -0.216 -0.185 -0.9559 -0.8193 11.44 
0.454 2 2 2 -4.0 -4.0 -0.203 -0.184 -0.9796 -0.8032 11.44 
0.455 2 2 2 -4.0 -4.0 -0.181 -0.199 -0.9796 -0.7872 11.46 
0.456 2 2 2 -4.0 -4.0 -0.197 -0.207 -0.9559 -0.8193 11.46 
0.457 2 2 2 -4.0 -4.0 -0.208 -0.159 -0.9559 -0.8032 11.47 
0.458 2 2 2 -4.0 -4.0 -0.188 -0.047 -0.9796 -0.8032 11.47 
0.459 2 2 2 -4.0 -4.0 -0.175 -0.058 -0.9796 -0.8032 11.47 
0.460 2 2 2 -4.0 -4.0 -0.179 -0.102 -0.9796 -0.8032 11.47 
0.461 2 2 2 -4.0 -4.0 -0.186 -0.141 -0.9559 -0.8032 11.47 
0.462 2 2 2 -4.0 -4.0 -0.175 -0.134 -0.9796 -0.8032 11.47 
0.463 2 2 2 -4.0 -4.0 -0.194 -0.156 -0.9796 -0.8193 11.47 
0.464 2 2 2 -4.0 -4.0 -0.175 -0.168 -0.9796 -0.8032 11.45 
0.465 2 2 2 -4.0 -4.0 -0.159 -0.171 -0.9796 -0.8193 11.47 
0.466 2 2 2 -4.0 -4.0 -0.151 -0.078 -0.9796 -0.8193 11.48 
0.467 2 2 2 -4.0 -4.0 -0.147 -0.022 -1.0041 -0.8366 11.46 
0.468 2 2 2 -4.0 -4.0 -0.145 -0.070 -1.0041 -0.8193 11.47 
0.469 2 2 2 -4.0 -4.0 -0.143 -0.091 -1.0298 -0.8366 11.48 
0.470 2 2 2 -4.0 -4.0 -0.151 -0.085 -1.0041 -0.8366 11.44 
0.471 2 2 2 -4.0 -4.0 -0.166 -0.131 -1.0298 -0.8543 11.45 
0.472 2 2 2 -4.0 -4.0 -0.155 -0.133 -1.0041 -0.8543 11.46 
0.473 2 2 2 -4.0 -4.0 -0.155 -0.112 -1.0298 -0.8543 11.47 
0.474 2 2 2 -4.0 -4.0 -0.160 -0.137 -1.0567 -0.8543 11.46 
0.475 2 2 2 -4.0 -4.0 -0.135 -0.124 -1.0298 -0.8543 11.46 
0.476 2 2 2 -4.0 -4.0 -0.128 -0.131 -1.0298 -0.8924 11.45 
0.477 2 2 2 -4.0 -4.0 -0.147 -0.139 -1.0298 -0.8924 11.46 
0.478 2 2 2 -4.0 -4.0 -0.128 -0.171 -1.0298 -0.8366 11.46 
0.479 2 2 2 -4.0 -4.0 -0.117 -0.174 -0.9796 -0.8366 11.47 
0.480 2 2 2 -4.0 -4.0 -0.144 -0.157 -1.0298 -0.8727 11.47 
0.481 2 2 2 -4.0 -4.0 -0.139 -0.061 -1.0298 -0.8727 11.46 
0.482 2 2 2 -4.0 -4.0 -0.124 -0.044 -1.0298 -0.8727 11.46 
0.483 2 2 2 -4.0 -4.0 -0.049 -0.088 -1.0298 -0.8727 11.47 
0.484 2 2 2 -4.0 -4.0 -0.105 -0.096 -1.0298 -0.8727 11.47 
0.485 2 2 2 -4.0 -4.0 -0.112 -0.089 -1.0298 -0.8727 11.45 
0.486 2 2 2 -4.0 -4.0 -0.117 -0.104 -1.0567 -0.8924 11.46 
0.487 2 2 2 -4.0 -4.0 -0.129 -0.129 -1.0567 -0.8366 11.46 
0.488 2 2 2 -4.0 -4.0 -0.098 -0.146 -1.0567 -0.8543 11.47 
0.489 2 2 2 -4.0 -4.0 -0.110 -0.070 -1.0567 -0.8727 11.47 
0.490 2 2 2 -4.0 -4.0 -0.128 -0.025 -1.0567 -0.8727 11.47 
0.491 2 2 2 -4.0 -4.0 -0.049 -0.043 -1.0298 -0.8727 11.47 
0.492 2 2 2 -4.0 -4.0 -0.083 -0.053 -1.0567 -0.8727 11.47 
0.493 2 2 2 -4.0 -4.0 -0.118 -0.074 -1.0567 -0.8727 11.46 
0.494 2 2 2 -4.0 -4.0 -0.131 -0.114 -1.0567 -0.8924 11.47 
0.495 2 2 2 -4.0 -4.0 -0.119 -0.074 -1.0567 -0.8727 11.47 
0.496 2 2 2 -4.0 -4.0 -0.143 -0.081 -1.0567 -0.8727 11.48 
0.497 2 2 2 -4.0 -4.0 -0.120 -0.101 -1.0567 -0.8924 11.47 
0.498 2 2 2 -4.0 -4.0 -0.039 -0.125 -1.0567 -0.8543 11.48 
0.499 2 2 2 -4.0 -4.0 -0.095 -0.124 -1.0567 -0.8924 11.46 
0.500 2 2 2 -4.0 -4.0 -0.132 -0.130 -1.0298 -0.8924 11.45 
0.501 2 2 2 -4.0 -4.0 -0.062 -0.176 -1.0298 -0.8543 11.46 
0.502 2 2 2 -4.0 -4.0 -0.107 -0.156 -1.0298 -0.8924 11.47 
0.503 2 2 3 0.0 0.0 -0.117 -0.106 -1.0298 -0.8924 11.47 
0.504 2 2 3 0.0 0.0 0.014 -0.032 -1.0298 -0.8924 11.48 
0.505 2 2 3 0.0 0.0 0.286 0.088 -1.0041 -0.8924 11.48 
0.506 2 2 3 0.0 0.0 0.356 0.236 -1.0041 -0.8727 11.48 
0.507 2 2 3 0.0 0.0 0.496 0.419 -1.0041 -0.8193 11.48 
0.508 2 2 3 0.0 0.0 0.613 0.477 -0.9796 -0.8193 11.49 
0.509 2 2 3 0.0 0.0 0.556 0.428 -0.9796 -0.7872 11.49 
0.510 2 2 3 0.0 0.0 0.519 0.402 -0.9338 -0.7575 11.49 
0.511 2 2 3 0.0 0.0 0.568 0.465 -0.8727 -0.7575 11.49 
0.512 2 2 3 0.0 0.0 0.601 0.419 -0.8727 -0.7434 11.49 
0.513 2 2 3 0.0 0.0 0.490 0.314 -0.8366 -0.7434 11.49 
0.514 2 2 3 0.0 0.0 0.503 0.236 -0.8193 -0.7169 11.49 
0.515 2 2 3 0.0 0.0 0.549 0.289 -0.8032 -0.7169 11.49 
0.516 2 2 3 0.0 0.0 0.568 0.332 -0.7723 -0.7044 11.49 
0.517 2 2 3 0.0 0.0 0.461 0.338 -0.7723 -0.6804 11.50 
0.518 2 2 3 0.0 0.0 0.428 0.309 -0.7302 -0.6691 11.49 
0.519 2 2 3 0.0 0.0 0.476 0.265 -0.7044 -0.6583 11.49 
0.520 2 2 3 0.0 0.0 0.513 0.301 -0.7044 -0.6374 11.49 
0.521 2 2 3 0.0 0.0 0.475 0.378 -0.6804 -0.6374 11.49 
0.522 2 2 3 0.0 0.0 0.378 0.394 -0.6474 -0.6177 11.49 
0.523 2 2 3 0.0 0.0 0.389 0.326 -0.6474 -0.5992 11.49 
0.524 2 2 3 0.0 0.0 0.435 0.284 -0.6374 -0.5992 11.50 
0.525 2 2 3 0.0 0.0 0.446 0.305 -0.6177 -0.6085 11.50 
0.526 2 2 3 0.0 0.0 0.439 0.337 -0.5992 -0.5820 11.49 
0.527 2 2 3 0.0 0.0 0.340 0.333 -0.5904 -0.5426 11.49 
0.528 2 2 3 0.0 0.0 0.333 0.304 -0.5735 -0.5149 11.49 
0.529 2 2 3 0.0 0.0 0.359 0.238 -0.5575 -0.5149 11.50 
0.530 2 2 3 0.0 0.0 0.378 0.231 -0.5498 -0.5213 11.49 
0.531 2 2 3 0.0 0.0 0.373 0.262 -0.5213 -0.4956 11.49 
0.532 2 2 3 0.0 0.0 0.362 0.232 -0.5149 -0.4836 11.49 
0.533 2 2 3 0.0 0.0 0.257 0.118 -0.5020 -0.4896 11.49 
0.534 2 2 3 0.0 0.0 0.250 0.058 -0.4836 -0.4779 11.49 
0.535 2 2 3 0.0 0.0 0.271 0.075 -0.4723 -0.4779 11.49 
0.536 2 2 3 0.0 0.0 0.300 0.109 -0.4615 -0.4723 11.50 
0.537 2 2 3 0.0 0.0 0.310 0.138 -0.4562 -0.4562 11.50 
0.538 2 2 3 0.0 0.0 0.302 0.200 -0.4562 -0.4562 11.49 
0.539 2 2 3 0.0 0.0 0.278 0.261 -0.4362 -0.4410 11.49 
0.540 2 2 3 0.0 0.0 0.200 0.243 -0.4410 -0.4269 11.50 
0.541 2 2 3 0.0 0.0 0.195 0.182 -0.4269 -0.3976 11.49 
0.542 2 2 3 0.0 0.0 0.192 0.181 -0.4016 -0.4097 11.49 
0.543 2 2 3 0.0 0.0 0.204 0.155 -0.3787 -0.3896 11.49 
0.544 2 2 3 0.0 0.0 0.220 0.131 -0.3430 -0.3715 11.50 
0.545 2 2 3 0.0 0.0 0.219 0.139 -0.3615 -0.3683 11.50 
0.546 2 2 3 0.0 0.0 0.195 0.169 -0.3751 -0.3860 11.49 
0.547 2 2 3 0.0 0.0 0.187 0.208 -0.3346 -0.3860 11.49 
0.548 2 2 3 0.0 0.0 0.172 0.170 -0.3137 -0.3522 11.50 
0.549 2 2 3 0.0 0.0 0.129 0.091 -0.3137 -0.3522 11.50 
0.550 2 2 3 0.0 0.0 0.141 0.062 -0.3185 -0.3346 11.49 
0.551 2 2 3 0.0 0.0 0.144 0.035 -0.3289 -0.3751 11.49 
0.552 2 2 3 0.0 0.0 0.156 0.023 -0.2952 -0.3346 11.49 
0.553 2 2 3 0.0 0.0 0.157 0.030 -0.2952 -0.3317 11.49 
0.554 2 2 3 0.0 0.0 0.149 0.055 -0.2827 -0.3317 11.49 
0.555 2 2 3 0.0 0.0 0.149 0.096 -0.2711 -0.3185 11.49 
0.556 2 2 3 0.0 0.0 0.136 0.124 -0.2711 -0.3185 11.50 
0.557 2 2 3 0.0 0.0 0.127 0.129 -0.2522 -0.3040 11.50 
0.558 2 2 3 0.0 0.0 0.129 0.094 -0.2462 -0.3040 11.49 
0.559 2 2 3 0.0 0.0 0.127 0.078 -0.2462 -0.3088 11.50 
0.560 2 2 3 0.0 0.0 0.101 0.063 -0.2522 -0.2888 11.50 
0.561 2 2 3 0.0 0.0 0.085 0.071 -0.2522 -0.2868 11.50 
0.562 2 2 3 0.0 0.0 0.084 0.083 -0.2362 -0.2868 11.50 
0.563 2 2 3 0.0 0.0 0.085 0.065 -0.2362 -0.2807 11.49 
0.564 2 2 3 0.0 0.0 0.090 0.069 -0.2241 -0.2996 11.49 
0.565 2 2 3 0.0 0.0 0.094 0.052 -0.2145 -0.2928 11.49 
0.566 2 2 3 0.0 0.0 0.091 0.060 -0.2145 -0.2590 11.50 
0.567 2 2 3 0.0 0.0 0.093 0.095 -0.2008 -0.2494 11.50 
0.568 2 2 3 0.0 0.0 0.101 0.124 -0.2008 -0.2494 11.50 
0.569 2 2 3 0.0 0.0 0.111 0.143 -0.1920 -0.2434 11.49 
0.570 2 2 3 0.0 0.0 0.118 0.140 -0.1920 -0.2434 11.50 
0.571 2 2 3 0.0 0.0 0.115 0.106 -0.1920 -0.2402 11.50 
0.572 2 2 3 0.0 0.0 0.093 0.079 -0.1775 -0.2193 11.50 
0.573 2 2 3 0.0 0.0 0.085 0.061 -0.1775 -0.2193 11.50 
0.574 2 2 3 0.0 0.0 0.085 0.054 -0.1663 -0.2217 11.50 
0.575 2 2 3 0.0 0.0 0.087 0.037 -0.1663 -0.2217 11.50 
0.576 2 2 3 0.0 0.0 0.089 0.021 -0.1663 -0.2100 11.50 
0.577 2 2 3 0.0 0.0 0.058 0.029 -0.1542 -0.2100 11.50 
0.578 2 2 3 0.0 0.0 0.046 0.024 -0.1542 -0.2056 11.50 
0.579 2 2 3 0.0 0.0 0.062 0.048 -0.1458 -0.2056 11.50 
0.580 2 2 3 0.0 0.0 0.077 0.049 -0.1458 -0.1876 11.50 
0.581 2 2 3 0.0 0.0 0.081 0.024 -0.1458 -0.1876 11.49 
0.582 2 2 3 0.0 0.0 0.062 0.010 -0.1333 -0.2048 11.49 
0.583 2 2 3 0.0 0.0 0.060 0.021 -0.1249 -0.2048 11.49 
0.584 2 2 3 0.0 0.0 0.058 0.043 -0.1249 -0.1751 11.50 
0.585 2 2 3 0.0 0.0 0.039 0.048 -0.1249 -0.1751 11.50 
0.586 2 2 3 0.0 0.0 0.030 0.058 -0.1125 -0.1751 11.49 
0.587 2 2 3 0.0 0.0 0.016 0.039 -0.1125 -0.1699 11.50 
0.588 2 2 3 0.0 0.0 0.031 0.030 -0.1125 -0.1699 11.49 
0.589 2 2 3 0.0 0.0 0.028 0.023 -0.1125 -0.1566 11.49 
0.590 2 2 3 0.0 0.0 0.038 0.033 -0.0992 -0.1566 11.49 
0.591 2 2 3 0.0 0.0 0.040 0.040 -0.0992 -0.1566 11.50 
0.592 2 2 3 0.0 0.0 0.040 0.048 -0.0992 -0.1414 11.49 
0.593 2 2 3 0.0 0.0 0.032 0.042 -0.0992 -0.1414 11.49 
0.594 2 2 3 0.0 0.0 0.020 0.029 -0.0956 -0.1414 11.49 
0.595 2 2 3 0.0 0.0 0.024 0.010 -0.0839 -0.1414 11.49 
0.596 2 2 3 0.0 0.0 0.019 0.018 -0.0839 -0.1414 11.49 
0.597 2 2 3 0.0 0.0 0.008 0.027 -0.0839 -0.1414 11.49 
0.598 2 2 3 0.0 0.0 0.012 0.044 -0.0839 -0.1482 11.49 
0.599 2 2 3 0.0 0.0 0.013 0.061 -0.0839 -0.1482 11.49 
0.600 2 2 3 0.0 0.0 0.012 0.063 -0.0739 -0.1482 11.49 
0.601 2 2 3 0.0 0.0 0.009 0.037 -0.0695 -0.1133 11.49 
0.602 2 2 3 0.0 0.0 0.016 0.023 -0.0695 -0.1133 11.49 
0.603 2 2 3 0.0 0.0 0.019 0.022 -0.0695 -0.1133 11.49 
0.604 2 2 3 0.0 0.0 0.020 0.029 -0.0695 -0.1133 11.49 
0.605 2 2 3 0.0 0.0 0.023 0.029 -0.0695 -0.0964 11.49 
0.606 2 2 3 0.0 0.0 0.032 0.027 -0.0695 -0.0964 11.49 
0.607 2 2 3 0.0 0.0 0.027 0.018 -0.0598 -0.0964 11.49 
0.608 2 2 3 0.0 0.0 0.020 0.021 -0.0586 -0.0964 11.49 
0.609 2 2 3 0.0 0.0 0.023 0.022 -0.0586 -0.0964 11.49 
0.610 2 2 3 0.0 0.0 0.031 0.024 -0.0586 -0.0872 11.49 
0.611 2 2 3 0.0 0.0 0.018 0.016 -0.0586 -0.0872 11.49 
0.612 2 2 3 0.0 0.0 0.009 0.021 -0.0586 -0.0872 11.49 
0.613 2 2 3 0.0 0.0 0.006 0.010 -0.0586 -0.0872 11.49 
0.614 2 2 3 0.0 0.0 0.009 0.006 -0.0582 -0.0872 11.49 
0.615 2 2 3 0.0 0.0 0.008 0.005 -0.0510 -0.0791 11.49 
0.616 2 2 3 0.0 0.0 0.001 0.014 -0.0478 -0.0791 11.49 
0.617 2 2 3 0.0 0.0 0.004 0.008 -0.0478 -0.0791 11.49 
0.618 2 2 3 0.0 0.0 0.026 -0.007 -0.0478 -0.0791 11.49 
0.619 2 2 3 0.0 0.0 0.018 0.002 -0.0478 -0.0791 11.49 
0.620 2 2 3 0.0 0.0 0.024 0.010 -0.0478 -0.0751 11.50 
0.621 2 2 3 0.0 0.0 0.025 -0.018 -0.0478 -0.0639 11.50 
0.622 2 2 3 0.0 0.0 0.009 -0.004 -0.0478 -0.0639 11.50 
0.623 2 2 3 0.0 0.0 0.007 0.002 -0.0478 -0.0639 11.49 
0.624 2 2 3 0.0 0.0 0.003 0.004 -0.0470 -0.0639 11.49 
0.625 2 2 3 0.0 0.0 0.005 0.002 -0.0422 -0.0639 11.50 
0.626 2 2 3 0.0 0.0 0.002 0.001 -0.0382 -0.0639 11.50 
0.627 2 2 3 0.0 0.0 0.005 0.006 -0.0349 -0.0639 11.49 
0.628 2 2 3 0.0 0.0 0.011 0.013 -0.0321 -0.0566 11.49 
0.629 2 2 3 0.0 0.0 0.013 0.010 -0.0297 -0.0546 11.49 
0.630 2 2 3 0.0 0.0 0.015 0.004 -0.0273 -0.0546 11.50 
0.631 2 2 3 0.0 0.0 0.014 0.002 -0.0257 -0.0546 11.49 
0.632 2 2 3 0.0 0.0 0.008 0.005 -0.0241 -0.0546 11.49 
0.633 2 2 3 0.0 0.0 0.002 0.005 -0.0229 -0.0546 11.49 
0.634 2 2 3 0.0 0.0 0.001 0.007 -0.0217 -0.0546 11.49 
0.635 2 2 3 0.0 0.0 0.007 0.008 -0.0205 -0.0546 11.49 
0.636 2 2 3 0.0 0.0 0.005 0.010 -0.0193 -0.0518 11.49 
0.637 2 2 3 0.0 0.0 0.008 0.003 -0.0185 -0.0458 11.50 
0.638 2 2 3 0.0 0.0 -0.000 0.001 -0.0177 -0.0414 11.49 
0.639 2 2 3 0.0 0.0 -0.005 0.001 -0.0169 -0.0374 11.49 
0.640 2 2 3 0.0 0.0 -0.002 0.003 -0.0161 -0.0341 11.49 
0.641 2 2 3 0.0 0.0 0.001 -0.001 -0.0157 -0.0313 11.50 
0.642 2 2 3 0.0 0.0 -0.001 0.009 -0.0149 -0.0289 11.50 
0.643 2 2 3 0.0 0.0 -0.003 0.010 -0.0145 -0.0273 11.50 
0.644 2 2 3 0.0 0.0 -0.001 0.006 -0.0141 -0.0253 11.50 
0.645 2 2 3 0.0 0.0 -0.005 -0.001 -0.0133 -0.0237 11.50 
0.646 2 2 3 0.0 0.0 -0.004 0.003 -0.0129 -0.0225 11.50 
0.647 2 2 3 0.0 0.0 -0.008 0.002 -0.0125 -0.0213 11.49 
0.648 2 2 3 0.0 0.0 0.005 0.005 -0.0120 -0.0201 11.49 
0.649 2 2 3 0.0 0.0 0.001 0.010 -0.0116 -0.0193 11.50 
0.650 2 2 3 0.0 0.0 -0.003 0.006 -0.0112 -0.0185 11.49 
0.651 2 2 3 0.0 0.0 -0.003 -0.001 -0.0112 -0.0177 11.49 
0.652 2 2 3 0.0 0.0 -0.001 0.005 -0.0108 -0.0169 11.49 
0.653 2 2 3 0.0 0.0 -0.001 0.000 -0.0104 -0.0161 11.50 
0.654 2 2 3 0.0 0.0 -0.003 0.012 -0.0100 -0.0153 11.50 
0.655 2 2 3 0.0 0.0 -0.006 0.018 -0.0100 -0.0149 11.50 
0.656 2 2 3 0.0 0.0 -0.001 0.006 -0.0096 -0.0145 11.50 
0.657 2 2 3 0.0 0.0 -0.004 0.014 -0.0096 -0.0137 11.49 
0.658 2 2 3 0.0 0.0 -0.003 0.006 -0.0092 -0.0133 11.49 
0.659 2 2 3 0.0 0.0 0.006 0.007 -0.0088 -0.0129 11.50 
0.660 2 2 3 0.0 0.0 0.009 0.007 -0.0088 -0.0125 11.50 
0.661 2 2 3 0.0 0.0 0.009 -0.003 -0.0084 -0.0120 11.49 
0.662 2 2 3 0.0 0.0 0.004 -0.004 -0.0084 -0.0116 11.49 
0.663 2 2 3 0.0 0.0 0.005 0.002 -0.0084 -0.0112 11.49 
0.664 2 2 3 0.0 0.0 0.003 0.009 -0.0080 -0.0112 11.49 
0.665 2 2 3 0.0 0.0 0.004 0.006 -0.0080 -0.0108 11.49 
