%% logfile from robot Filippa (33)
% Filippa (33)
%  1    time 0.000 sec
%  2  3  4   (mission 0), state 2, thread 2, line 0
%  5  6 Motor voltage [V] left, right: 1.6 1.6
%  7  8 Motor current left, right [A]: 0.001 -0.009
%  9 10 Wheel velocity [m/s] left, right: -0.0000 0.0000
% 11    Battery voltage [V]: 11.46
0.001 2 2 0 1.6 1.6 0.094 0.074 -0.0000 0.0000 11.46 
0.002 2 2 0 1.6 1.6 0.228 0.297 -0.0000 0.0000 11.45 
0.003 2 2 0 1.6 1.6 0.308 0.469 -0.0000 0.0000 11.45 
0.004 2 2 0 1.6 1.6 0.365 0.511 -0.0000 0.0000 11.45 
0.005 2 2 0 1.6 1.6 0.380 0.583 -0.0000 0.0000 11.45 
0.006 2 2 0 1.6 1.6 0.384 0.538 -0.0000 0.0000 11.45 
0.007 2 2 0 1.6 1.6 0.358 0.518 -0.0000 0.0000 11.45 
0.008 2 2 0 1.6 1.6 0.384 0.512 -0.0000 0.0000 11.45 
0.009 2 2 0 1.6 1.6 0.391 0.490 0.0000 0.0000 11.45 
0.010 2 2 0 1.6 1.6 0.361 0.523 0.0000 0.0000 11.45 
0.011 2 2 0 1.6 1.6 0.330 0.500 0.0000 0.0706 11.45 
0.012 2 2 0 1.6 1.6 0.319 0.428 0.0000 0.0706 11.45 
0.013 2 2 0 1.6 1.6 0.341 0.429 0.0000 0.0706 11.45 
0.014 2 2 0 1.6 1.6 0.360 0.389 0.0880 0.0706 11.45 
0.015 2 2 0 1.6 1.6 0.352 0.403 0.0880 0.0982 11.45 
0.016 2 2 0 1.6 1.6 0.322 0.349 0.0880 0.0982 11.45 
0.017 2 2 0 1.6 1.6 0.296 0.334 0.1152 0.0982 11.45 
0.018 2 2 0 1.6 1.6 0.290 0.355 0.1152 0.1371 11.45 
0.019 2 2 0 1.6 1.6 0.284 0.319 0.1152 0.1371 11.46 
0.020 2 2 0 1.6 1.6 0.281 0.355 0.1351 0.1371 11.45 
0.021 2 2 0 1.6 1.6 0.265 0.311 0.1351 0.1578 11.46 
0.022 2 2 0 1.6 1.6 0.258 0.305 0.1351 0.1578 11.46 
0.023 2 2 0 1.6 1.6 0.238 0.331 0.1351 0.1793 11.45 
0.024 2 2 0 1.6 1.6 0.219 0.295 0.1314 0.1793 11.45 
0.025 2 2 0 1.6 1.6 0.216 0.282 0.1314 0.1874 11.45 
0.026 2 2 0 1.6 1.6 0.224 0.275 0.1732 0.1874 11.45 
0.027 2 2 0 1.6 1.6 0.231 0.276 0.1732 0.2166 11.45 
0.028 2 2 0 1.6 1.6 0.282 0.328 0.1850 0.2166 11.46 
0.029 2 2 0 1.6 1.6 0.308 0.285 0.1850 0.2442 11.45 
0.030 2 2 0 1.6 1.6 0.293 0.270 0.2089 0.2442 11.45 
0.031 2 2 0 1.6 1.6 0.257 0.298 0.2089 0.2442 11.46 
0.032 2 2 0 1.6 1.6 0.237 0.281 0.1708 0.2357 11.45 
0.033 2 2 0 1.6 1.6 0.223 0.283 0.1708 0.2357 11.45 
0.034 2 2 0 1.6 1.6 0.218 0.278 0.2203 0.2536 11.45 
0.035 2 2 0 1.6 1.6 0.220 0.260 0.2203 0.2722 11.45 
0.036 2 2 0 1.6 1.6 0.205 0.192 0.2203 0.2722 11.44 
0.037 2 2 0 1.6 1.6 0.191 0.226 0.2203 0.2722 11.46 
0.038 2 2 0 1.6 1.6 0.187 0.221 0.2385 0.2548 11.45 
0.039 2 2 0 1.6 1.6 0.232 0.235 0.2385 0.2548 11.46 
0.040 2 2 0 1.6 1.6 0.239 0.237 0.2037 0.2876 11.45 
0.041 2 2 0 1.6 1.6 0.223 0.246 0.2487 0.3047 11.45 
0.042 2 2 0 1.6 1.6 0.200 0.264 0.2487 0.3047 11.45 
0.043 2 2 0 1.6 1.6 0.182 0.243 0.2414 0.3002 11.45 
0.044 2 2 0 1.6 1.6 0.177 0.236 0.2414 0.2897 11.45 
0.045 2 2 0 1.6 1.6 0.179 0.233 0.2738 0.3047 11.45 
0.046 2 2 0 1.6 1.6 0.180 0.203 0.2398 0.3047 11.45 
0.047 2 2 0 1.6 1.6 0.156 0.194 0.2398 0.3193 11.45 
0.048 2 2 0 1.6 1.6 0.147 0.203 0.2738 0.3193 11.45 
0.049 2 2 0 1.6 1.6 0.149 0.199 0.2458 0.3095 11.45 
0.050 2 2 0 1.6 1.6 0.164 0.207 0.2458 0.3245 11.45 
0.051 2 2 0 1.6 1.6 0.179 0.222 0.2856 0.3245 11.45 
0.052 2 2 0 1.6 1.6 0.173 0.227 0.2633 0.3436 11.45 
0.053 2 2 0 1.6 1.6 0.157 0.219 0.2633 0.3379 11.45 
0.054 2 2 0 1.6 1.6 0.163 0.199 0.2876 0.3270 11.45 
0.055 2 2 0 1.6 1.6 0.217 0.191 0.2414 0.3379 11.45 
0.056 2 2 0 1.6 1.6 0.253 0.161 0.2414 0.3245 11.45 
0.057 2 2 0 1.6 1.6 0.259 0.161 0.3071 0.3245 11.45 
0.058 2 2 0 1.6 1.6 0.218 0.168 0.3193 0.3465 11.45 
0.059 2 2 0 1.6 1.6 0.180 0.165 0.3095 0.3753 11.45 
0.060 2 2 0 1.6 1.6 0.184 0.226 0.3095 0.3558 11.45 
0.061 2 2 0 1.6 1.6 0.164 0.242 0.2458 0.3298 11.45 
0.062 2 2 0 1.6 1.6 0.167 0.242 0.3193 0.3651 11.46 
0.063 2 2 0 1.6 1.6 0.152 0.207 0.3193 0.3558 11.45 
0.064 2 2 0 1.6 1.6 0.137 0.181 0.2759 0.3651 11.45 
0.065 2 2 0 1.6 1.6 0.102 0.170 0.3193 0.3651 11.45 
0.066 2 2 0 1.6 1.6 0.103 0.148 0.3497 0.3688 11.45 
0.067 2 2 0 1.6 1.6 0.102 0.145 0.3379 0.3720 11.46 
0.068 2 2 0 1.6 1.6 0.117 0.132 0.3379 0.3525 11.45 
0.069 2 2 0 1.6 1.6 0.135 0.145 0.2856 0.3753 11.45 
0.070 2 2 0 1.6 1.6 0.145 0.203 0.3270 0.3899 11.45 
0.071 2 2 0 1.6 1.6 0.144 0.186 0.3026 0.3862 11.45 
0.072 2 2 0 1.6 1.6 0.167 0.187 0.3026 0.3651 11.46 
0.073 2 2 0 1.6 1.6 0.192 0.161 0.3351 0.3789 11.46 
0.074 2 2 0 1.6 1.6 0.166 0.134 0.2937 0.3586 11.46 
0.075 2 2 0 1.6 1.6 0.163 0.145 0.3298 0.3862 11.46 
0.076 2 2 0 1.6 1.6 0.140 0.125 0.3095 0.3826 11.45 
0.077 2 2 0 1.6 1.6 0.159 0.151 0.2897 0.3899 11.45 
0.078 2 2 0 1.6 1.6 0.155 0.186 0.3465 0.3899 11.45 
0.079 2 2 0 1.6 1.6 0.129 0.211 0.3351 0.4016 11.45 
0.080 2 2 0 1.6 1.6 0.090 0.205 0.3408 0.3789 11.45 
0.081 2 2 0 1.6 1.6 0.084 0.146 0.3026 0.3720 11.45 
0.082 2 2 0 1.6 1.6 0.092 0.111 0.2957 0.3976 11.45 
0.083 2 2 0 1.6 1.6 0.109 0.111 0.3465 0.3862 11.46 
0.084 2 2 0 1.6 1.6 0.106 0.108 0.3071 0.4016 11.45 
0.085 2 2 0 1.6 1.6 0.101 0.137 0.3436 0.3789 11.45 
0.086 2 2 0 1.6 1.6 0.116 0.154 0.3120 0.4057 11.45 
0.087 2 2 0 1.6 1.6 0.166 0.184 0.3047 0.4179 11.46 
0.088 2 2 0 1.6 1.6 0.222 0.180 0.3558 0.4179 11.45 
0.089 2 2 0 1.6 1.6 0.251 0.169 0.2957 0.3935 11.45 
0.090 2 2 0 1.6 1.6 0.194 0.160 0.3525 0.4016 11.45 
0.091 2 2 0 1.6 1.6 0.155 0.109 0.3651 0.4138 11.46 
0.092 2 2 0 1.6 1.6 0.154 0.100 0.3586 0.4138 11.45 
0.093 2 2 0 1.6 1.6 0.112 0.116 0.3586 0.3826 11.45 
0.094 2 2 0 1.6 1.6 0.071 0.124 0.3002 0.3976 11.43 
0.095 2 2 0 1.6 1.6 0.044 0.180 0.3525 0.4223 11.43 
0.096 2 2 0 1.6 1.6 0.085 0.145 0.3497 0.3976 11.44 
0.097 2 2 0 1.6 1.6 0.114 0.117 0.3651 0.4057 11.45 
0.098 2 2 0 1.6 1.6 0.119 0.127 0.3120 0.4138 11.45 
0.099 2 2 0 1.6 1.6 0.155 0.118 0.2897 0.4179 11.45 
0.100 2 2 0 1.6 1.6 0.198 0.116 0.3619 0.4016 11.45 
0.101 2 2 0 1.6 1.6 0.179 0.089 0.3465 0.4097 11.45 
0.102 2 2 0 1.6 1.6 0.117 0.131 0.3688 0.4223 11.44 
0.103 2 2 0 1.6 1.6 0.110 0.162 0.3047 0.4223 11.45 
0.104 2 2 0 1.6 1.6 0.117 0.134 0.3586 0.4179 11.45 
0.105 2 2 0 1.6 1.6 0.106 0.139 0.3586 0.4179 11.45 
0.106 2 2 0 1.6 1.6 0.113 0.109 0.3408 0.3935 11.44 
0.107 2 2 0 1.6 1.6 0.079 0.098 0.3753 0.4097 11.45 
0.108 2 2 0 1.6 1.6 0.079 0.104 0.3245 0.4312 11.45 
0.109 2 2 0 1.6 1.6 0.079 0.115 0.3688 0.4268 11.45 
0.110 2 2 0 1.6 1.6 0.114 0.151 0.3245 0.3862 11.45 
0.111 2 2 0 1.6 1.6 0.103 0.135 0.3688 0.4097 11.45 
0.112 2 2 0 1.6 1.6 0.092 0.135 0.3688 0.4138 11.45 
0.113 2 2 0 1.6 1.6 0.115 0.153 0.3408 0.4223 11.45 
0.114 2 2 0 1.6 1.6 0.178 0.112 0.3619 0.4268 11.43 
0.115 2 2 0 1.6 1.6 0.197 0.111 0.3002 0.4312 11.44 
0.116 2 2 0 1.6 1.6 0.205 0.087 0.3753 0.4016 11.45 
0.117 2 2 0 1.6 1.6 0.193 0.115 0.3899 0.4179 11.45 
0.118 2 2 0 1.6 1.6 0.140 0.173 0.3720 0.4312 11.45 
0.119 2 2 0 1.6 1.6 0.145 0.163 0.3351 0.4361 11.45 
0.120 2 2 0 1.6 1.6 0.120 0.151 0.2937 0.4268 11.45 
0.121 2 2 0 1.6 1.6 0.130 0.110 0.3753 0.4312 11.45 
0.122 2 2 0 1.6 1.6 0.125 0.099 0.3245 0.4057 11.45 
0.123 2 2 0 1.6 1.6 0.091 0.113 0.3720 0.4223 11.45 
0.124 2 2 0 1.6 1.6 0.046 0.108 0.4057 0.4312 11.45 
0.125 2 2 0 1.6 1.6 0.072 0.169 0.3899 0.4312 11.45 
0.126 2 2 0 1.6 1.6 0.087 0.199 0.3298 0.4361 11.45 
0.127 2 2 0 1.6 1.6 0.091 0.169 0.3789 0.4057 11.44 
0.128 2 2 0 1.6 1.6 0.098 0.141 0.3789 0.4179 11.44 
0.129 2 2 0 1.6 1.6 0.152 0.079 0.3465 0.4179 11.46 
0.130 2 2 0 1.6 1.6 0.182 0.087 0.3862 0.4312 11.45 
0.131 2 2 0 1.6 1.6 0.195 0.092 0.3351 0.4057 11.46 
0.132 2 2 0 1.6 1.6 0.206 0.118 0.3753 0.4223 11.45 
0.133 2 2 0 1.6 1.6 0.175 0.144 0.3217 0.4406 11.45 
0.134 2 2 0 1.6 1.6 0.158 0.135 0.3899 0.4406 11.43 
0.135 2 2 0 1.6 1.6 0.169 0.127 0.3720 0.4312 11.42 
0.136 2 2 0 1.6 1.6 0.127 0.127 0.3789 0.4361 11.44 
0.137 2 2 0 1.6 1.6 0.117 0.115 0.3688 0.4454 11.44 
0.138 2 2 0 1.6 1.6 0.153 0.100 0.3217 0.4361 11.43 
0.139 2 2 0 1.6 1.6 0.110 0.021 0.3789 0.4223 11.44 
0.140 2 2 0 1.6 1.6 0.033 0.112 0.3351 0.4406 11.44 
0.141 2 2 0 1.6 1.6 0.034 0.140 0.3753 0.4454 11.45 
0.142 2 2 0 1.6 1.6 0.085 0.136 0.3270 0.4361 11.45 
0.143 2 2 0 1.6 1.6 0.114 0.104 0.3862 0.4406 11.45 
0.144 2 2 0 1.6 1.6 0.163 0.097 0.3408 0.4454 11.45 
0.145 2 2 0 1.6 1.6 0.218 0.134 0.3193 0.4454 11.45 
0.146 2 2 0 1.6 1.6 0.224 0.100 0.3789 0.4361 11.45 
0.147 2 2 0 1.6 1.6 0.190 0.124 0.3935 0.4406 11.44 
0.148 2 2 0 1.6 1.6 0.142 0.138 0.3899 0.4507 11.45 
0.149 2 2 0 1.6 1.6 0.123 0.138 0.3217 0.4507 11.45 
0.150 2 2 0 1.6 1.6 0.102 0.131 0.3789 0.4406 11.43 
0.151 2 2 1 4.0 4.0 0.110 0.084 0.3753 0.4312 11.45 
0.152 2 2 1 4.0 4.0 0.319 0.142 0.3935 0.4406 11.42 
0.153 2 2 1 4.0 4.0 0.532 0.374 0.3144 0.4609 11.40 
0.154 2 2 1 4.0 4.0 0.646 0.612 0.4057 0.4609 11.38 
0.155 2 2 1 4.0 4.0 0.681 0.823 0.4138 0.4507 11.39 
0.156 2 2 1 4.0 4.0 0.655 0.743 0.4361 0.4771 11.39 
0.157 2 2 1 4.0 4.0 0.695 0.737 0.3935 0.5006 11.38 
0.158 2 2 1 4.0 4.0 0.677 0.747 0.4361 0.5201 11.38 
0.159 2 2 1 4.0 4.0 0.684 0.699 0.4556 0.5408 11.39 
0.160 2 2 1 4.0 4.0 0.578 0.698 0.4945 0.5631 11.38 
0.161 2 2 1 4.0 4.0 0.650 0.780 0.5132 0.5878 11.38 
0.162 2 2 1 4.0 4.0 0.677 0.724 0.5071 0.5964 11.38 
0.163 2 2 1 4.0 4.0 0.649 0.636 0.5408 0.6053 11.38 
0.164 2 2 1 4.0 4.0 0.619 0.601 0.5712 0.6239 11.38 
0.165 2 2 1 4.0 4.0 0.631 0.586 0.5266 0.6337 11.38 
0.166 2 2 1 4.0 4.0 0.715 0.648 0.6146 0.6649 11.38 
0.167 2 2 1 4.0 4.0 0.562 0.643 0.6337 0.6649 11.40 
0.168 2 2 1 4.0 4.0 0.589 0.570 0.6146 0.6872 11.40 
0.169 2 2 1 4.0 4.0 0.580 0.535 0.5964 0.6994 11.40 
0.170 2 2 1 4.0 4.0 0.515 0.517 0.6759 0.7116 11.41 
0.171 2 2 1 4.0 4.0 0.476 0.517 0.6872 0.7375 11.41 
0.172 2 2 1 4.0 4.0 0.517 0.535 0.6649 0.7375 11.41 
0.173 2 2 1 4.0 4.0 0.460 0.500 0.6994 0.7651 11.41 
0.174 2 2 1 4.0 4.0 0.427 0.489 0.6759 0.7375 11.41 
0.175 2 2 1 4.0 4.0 0.465 0.485 0.6649 0.7951 11.40 
0.176 2 2 1 4.0 4.0 0.452 0.481 0.7241 0.7801 11.41 
0.177 2 2 1 4.0 4.0 0.484 0.465 0.6994 0.8114 11.41 
0.178 2 2 1 4.0 4.0 0.479 0.443 0.7375 0.7951 11.39 
0.179 2 2 1 4.0 4.0 0.436 0.489 0.7509 0.8276 11.38 
0.180 2 2 1 4.0 4.0 0.452 0.482 0.7509 0.8276 11.39 
0.181 2 2 1 4.0 4.0 0.465 0.444 0.7509 0.8114 11.41 
0.182 2 2 1 4.0 4.0 0.418 0.431 0.7951 0.8629 11.38 
0.183 2 2 1 4.0 4.0 0.380 0.460 0.7801 0.8114 11.40 
0.184 2 2 1 4.0 4.0 0.429 0.432 0.8114 0.8450 11.41 
0.185 2 2 1 4.0 4.0 0.475 0.402 0.7651 0.8629 11.42 
0.186 2 2 1 4.0 4.0 0.399 0.391 0.8114 0.8815 11.39 
0.187 2 2 1 4.0 4.0 0.327 0.477 0.7509 0.9014 11.41 
0.188 2 2 1 4.0 4.0 0.350 0.405 0.7801 0.9014 11.39 
0.189 2 2 1 4.0 4.0 0.361 0.373 0.7801 0.9014 11.40 
0.190 2 2 1 4.0 4.0 0.355 0.412 0.7801 0.9014 11.41 
0.191 2 2 1 4.0 4.0 0.334 0.500 0.8276 0.9014 11.41 
0.192 2 2 1 4.0 4.0 0.363 0.397 0.7651 0.9217 11.42 
0.193 2 2 1 4.0 4.0 0.354 0.344 0.8450 0.9217 11.42 
0.194 2 2 1 4.0 4.0 0.404 0.383 0.7951 0.9432 11.43 
0.195 2 2 1 4.0 4.0 0.357 0.392 0.8114 0.9432 11.43 
0.196 2 2 1 4.0 4.0 0.336 0.349 0.8629 0.9655 11.43 
0.197 2 2 1 4.0 4.0 0.336 0.324 0.8450 0.9432 11.43 
0.198 2 2 1 4.0 4.0 0.312 0.424 0.8629 0.9655 11.43 
0.199 2 2 1 4.0 4.0 0.290 0.355 0.8629 0.9655 11.43 
0.200 2 2 1 4.0 4.0 0.344 0.320 0.8629 0.9895 11.42 
0.201 2 2 1 4.0 4.0 0.318 0.341 0.8629 1.0142 11.43 
0.202 2 2 1 4.0 4.0 0.326 0.319 0.8815 1.0142 11.42 
0.203 2 2 1 4.0 4.0 0.355 0.306 0.8629 0.9895 11.43 
0.204 2 2 1 4.0 4.0 0.331 0.357 0.8450 0.9895 11.42 
0.205 2 2 1 4.0 4.0 0.289 0.370 0.9014 0.9895 11.43 
0.206 2 2 1 4.0 4.0 0.261 0.320 0.8629 0.9895 11.42 
0.207 2 2 1 4.0 4.0 0.308 0.270 0.9217 0.9895 11.42 
0.208 2 2 1 4.0 4.0 0.299 0.343 0.8815 0.9895 11.42 
0.209 2 2 1 4.0 4.0 0.252 0.319 0.9217 0.9895 11.42 
0.210 2 2 1 4.0 4.0 0.258 0.302 0.8815 1.0142 11.43 
0.211 2 2 1 4.0 4.0 0.283 0.348 0.9217 1.0142 11.43 
0.212 2 2 1 4.0 4.0 0.343 0.294 0.9014 1.0142 11.43 
0.213 2 2 1 4.0 4.0 0.285 0.275 0.9217 1.0142 11.42 
0.214 2 2 1 4.0 4.0 0.281 0.313 0.8629 1.0402 11.41 
0.215 2 2 1 4.0 4.0 0.309 0.329 0.9655 1.0402 11.41 
0.216 2 2 1 4.0 4.0 0.279 0.288 0.9014 1.0673 11.42 
0.217 2 2 1 4.0 4.0 0.258 0.268 0.9217 1.0402 11.42 
0.218 2 2 1 4.0 4.0 0.317 0.282 0.9895 1.0402 11.42 
0.219 2 2 1 4.0 4.0 0.310 0.249 0.9655 1.0402 11.43 
0.220 2 2 1 4.0 4.0 0.228 0.256 0.9655 1.0402 11.43 
0.221 2 2 1 4.0 4.0 0.253 0.275 0.9432 1.0673 11.44 
0.222 2 2 1 4.0 4.0 0.254 0.267 0.9895 1.0673 11.42 
0.223 2 2 1 4.0 4.0 0.255 0.252 0.9895 1.0961 11.43 
0.224 2 2 1 4.0 4.0 0.206 0.294 0.9895 1.0673 11.42 
0.225 2 2 1 4.0 4.0 0.264 0.294 0.9217 1.0673 11.43 
0.226 2 2 1 4.0 4.0 0.277 0.270 1.0142 1.0673 11.43 
0.227 2 2 1 4.0 4.0 0.292 0.282 0.9895 1.0673 11.43 
0.228 2 2 1 4.0 4.0 0.300 0.257 1.0142 1.0673 11.43 
0.229 2 2 1 4.0 4.0 0.259 0.219 0.9432 1.0673 11.42 
0.230 2 2 1 4.0 4.0 0.230 0.321 0.9895 1.0673 11.42 
0.231 2 2 1 4.0 4.0 0.201 0.253 0.9895 1.0673 11.43 
0.232 2 2 1 4.0 4.0 0.250 0.194 0.9895 1.0673 11.42 
0.233 2 2 1 4.0 4.0 0.244 0.236 0.9895 1.1266 11.42 
0.234 2 2 1 4.0 4.0 0.236 0.264 1.0142 1.1266 11.43 
0.235 2 2 1 4.0 4.0 0.341 0.255 0.9895 1.0961 11.43 
0.236 2 2 1 4.0 4.0 0.266 0.294 0.9014 1.1266 11.43 
0.237 2 2 1 4.0 4.0 0.204 0.235 0.9432 1.1266 11.44 
0.238 2 2 1 4.0 4.0 0.211 0.211 1.0402 1.1266 11.44 
0.239 2 2 1 4.0 4.0 0.247 0.249 1.0402 1.1266 11.44 
0.240 2 2 1 4.0 4.0 0.254 0.261 1.0402 1.0961 11.43 
0.241 2 2 1 4.0 4.0 0.296 0.165 0.9895 1.1266 11.43 
0.242 2 2 1 4.0 4.0 0.306 0.267 1.0142 1.0961 11.42 
0.243 2 2 1 4.0 4.0 0.244 0.272 1.0402 1.0961 11.43 
0.244 2 2 1 4.0 4.0 0.189 0.226 1.0142 1.0961 11.43 
0.245 2 2 1 4.0 4.0 0.242 0.280 1.0142 1.1266 11.44 
0.246 2 2 1 4.0 4.0 0.269 0.239 1.0402 1.0961 11.47 
0.247 2 2 1 4.0 4.0 0.229 0.224 1.0142 1.1266 11.45 
0.248 2 2 1 4.0 4.0 0.253 0.298 1.0402 1.1266 11.44 
0.249 2 2 1 4.0 4.0 0.228 0.238 1.0142 1.0961 11.45 
0.250 2 2 1 4.0 4.0 0.227 0.182 0.9432 1.0961 11.43 
0.251 2 2 1 4.0 4.0 0.270 0.207 1.0402 1.1266 11.44 
0.252 2 2 1 4.0 4.0 0.278 0.279 1.0402 1.1266 11.44 
0.253 2 2 1 4.0 4.0 0.228 0.245 1.0402 1.1266 11.44 
0.254 2 2 1 4.0 4.0 0.186 0.269 1.0402 1.1266 11.45 
0.255 2 2 1 4.0 4.0 0.293 0.230 1.0402 1.1266 11.41 
0.256 2 2 1 4.0 4.0 0.224 0.202 0.9217 1.1266 11.43 
0.257 2 2 1 4.0 4.0 0.195 0.294 0.9655 1.1266 11.44 
0.258 2 2 1 4.0 4.0 0.216 0.231 1.0402 1.1266 11.44 
0.259 2 2 1 4.0 4.0 0.232 0.185 1.0402 1.1590 11.44 
0.260 2 2 1 4.0 4.0 0.262 0.264 1.0402 1.1266 11.44 
0.261 2 2 1 4.0 4.0 0.299 0.250 1.0142 1.1266 11.44 
0.262 2 2 1 4.0 4.0 0.254 0.224 1.0673 1.1266 11.43 
0.263 2 2 1 4.0 4.0 0.190 0.260 1.0673 1.0961 11.44 
0.264 2 2 1 4.0 4.0 0.176 0.229 1.0142 1.1266 11.45 
0.265 2 2 1 4.0 4.0 0.237 0.250 1.0142 1.1266 11.44 
0.266 2 2 1 4.0 4.0 0.234 0.297 1.0673 1.1266 11.44 
0.267 2 2 1 4.0 4.0 0.201 0.264 1.0673 1.1266 11.44 
0.268 2 2 1 4.0 4.0 0.270 0.187 1.0402 1.1590 11.44 
0.269 2 2 1 4.0 4.0 0.209 0.235 1.0402 1.1590 11.45 
0.270 2 2 1 4.0 4.0 0.205 0.236 1.0402 1.1590 11.44 
0.271 2 2 1 4.0 4.0 0.307 0.196 1.0673 1.1266 11.43 
0.272 2 2 1 4.0 4.0 0.292 0.276 1.0402 1.1590 11.44 
0.273 2 2 1 4.0 4.0 0.205 0.202 1.0673 1.1590 11.44 
0.274 2 2 1 4.0 4.0 0.224 0.218 1.0402 1.1590 11.43 
0.275 2 2 1 4.0 4.0 0.220 0.261 1.0673 1.1590 11.44 
0.276 2 2 1 4.0 4.0 0.200 0.207 1.0142 1.1590 11.45 
0.277 2 2 1 4.0 4.0 0.213 0.257 1.0673 1.1590 11.45 
0.278 2 2 1 4.0 4.0 0.240 0.267 1.0673 1.1590 11.44 
0.279 2 2 1 4.0 4.0 0.201 0.198 1.0673 1.1590 11.45 
0.280 2 2 1 4.0 4.0 0.190 0.251 0.9432 1.1590 11.44 
0.281 2 2 1 4.0 4.0 0.290 0.253 1.0673 1.1590 11.43 
0.282 2 2 1 4.0 4.0 0.292 0.259 1.0673 1.1590 11.44 
0.283 2 2 1 4.0 4.0 0.242 0.256 1.0673 1.1590 11.45 
0.284 2 2 1 4.0 4.0 0.243 0.237 0.9655 1.1590 11.45 
0.285 2 2 1 4.0 4.0 0.232 0.207 1.0673 1.1590 11.43 
0.286 2 2 1 4.0 4.0 0.202 0.226 1.0673 1.1590 11.43 
0.287 2 2 1 4.0 4.0 0.242 0.274 1.0961 1.1590 11.43 
0.288 2 2 1 4.0 4.0 0.213 0.230 1.0673 1.1590 11.44 
0.289 2 2 1 4.0 4.0 0.175 0.278 1.0402 1.1590 11.44 
0.290 2 2 1 4.0 4.0 0.183 0.256 1.0961 1.1590 11.45 
0.291 2 2 1 4.0 4.0 0.200 0.198 1.0673 1.1590 11.45 
0.292 2 2 1 4.0 4.0 0.183 0.249 1.0673 1.1590 11.44 
0.293 2 2 1 4.0 4.0 0.201 0.199 1.0142 1.1590 11.45 
0.294 2 2 1 4.0 4.0 0.235 0.183 1.0673 1.1931 11.44 
0.295 2 2 1 4.0 4.0 0.190 0.276 1.0402 1.1590 11.45 
0.296 2 2 1 4.0 4.0 0.205 0.227 1.0673 1.1590 11.45 
0.297 2 2 1 4.0 4.0 0.291 0.215 1.0673 1.1590 11.45 
0.298 2 2 1 4.0 4.0 0.261 0.237 1.0961 1.1590 11.45 
0.299 2 2 1 4.0 4.0 0.224 0.185 1.0961 1.1590 11.45 
0.300 2 2 1 4.0 4.0 0.230 0.244 1.0673 1.1590 11.45 
0.301 2 2 1 4.0 4.0 0.224 0.241 1.0402 1.1590 11.45 
0.302 2 2 2 -4.0 -4.0 0.168 0.183 1.0673 1.1590 11.45 
0.303 2 2 2 -4.0 -4.0 -0.355 -0.139 1.0673 1.1931 11.41 
0.304 2 2 2 -4.0 -4.0 -1.033 -0.841 1.0673 1.1931 11.39 
0.305 2 2 2 -4.0 -4.0 -1.477 -1.482 1.0142 1.0402 11.37 
0.306 2 2 2 -4.0 -4.0 -1.744 -1.793 0.9895 1.0673 11.32 
0.307 2 2 2 -4.0 -4.0 -1.660 -1.759 0.8114 1.0142 11.35 
0.308 2 2 2 -4.0 -4.0 -1.541 -1.827 0.7801 0.9655 11.33 
0.309 2 2 2 -4.0 -4.0 -1.652 -1.908 0.6759 0.8629 11.35 
0.310 2 2 2 -4.0 -4.0 -1.711 -1.924 0.6649 0.7801 11.32 
0.311 2 2 2 -4.0 -4.0 -1.697 -1.736 0.6146 0.7116 11.35 
0.312 2 2 2 -4.0 -4.0 -1.382 -1.685 0.5481 0.6872 11.34 
0.313 2 2 2 -4.0 -4.0 -1.391 -1.748 0.5335 0.6146 11.36 
0.314 2 2 2 -4.0 -4.0 -1.430 -1.795 0.4714 0.5964 11.36 
0.315 2 2 2 -4.0 -4.0 -1.461 -1.829 0.4454 0.5408 11.36 
0.316 2 2 2 -4.0 -4.0 -1.480 -1.834 0.3120 0.3976 11.36 
0.317 2 2 2 -4.0 -4.0 -1.472 -1.583 0.3120 0.3899 11.36 
0.318 2 2 2 -4.0 -4.0 -1.417 -1.502 0.2503 0.3323 11.36 
0.319 2 2 2 -4.0 -4.0 -1.379 -1.501 0.2503 0.3120 11.36 
0.320 2 2 2 -4.0 -4.0 -1.332 -1.470 0.1558 0.2722 11.36 
0.321 2 2 2 -4.0 -4.0 -1.264 -1.459 0.1124 0.2239 11.35 
0.322 2 2 2 -4.0 -4.0 -1.260 -1.395 0.0880 0.1659 11.36 
0.323 2 2 2 -4.0 -4.0 -1.195 -1.407 0.0722 0.1659 11.36 
0.324 2 2 2 -4.0 -4.0 -1.198 -1.380 0.0613 0.1659 11.36 
0.325 2 2 2 -4.0 -4.0 -1.152 -1.301 0.0531 0.1201 11.36 
0.326 2 2 2 -4.0 -4.0 -1.101 -1.273 0.0471 0.0925 11.36 
0.327 2 2 2 -4.0 -4.0 -1.035 -1.193 -0.0450 -0.0921 11.35 
0.328 2 2 2 -4.0 -4.0 -1.005 -1.158 -0.0450 -0.0921 11.38 
0.329 2 2 2 -4.0 -4.0 -0.974 -1.128 -0.2252 -0.1578 11.39 
0.330 2 2 2 -4.0 -4.0 -0.931 -1.069 -0.2600 -0.1578 11.40 
0.331 2 2 2 -4.0 -4.0 -0.917 -1.052 -0.3436 -0.2345 11.38 
0.332 2 2 2 -4.0 -4.0 -0.856 -1.035 -0.3436 -0.2775 11.39 
0.333 2 2 2 -4.0 -4.0 -0.835 -1.052 -0.3270 -0.2775 11.39 
0.334 2 2 2 -4.0 -4.0 -0.872 -1.107 -0.3976 -0.3217 11.40 
0.335 2 2 2 -4.0 -4.0 -0.788 -0.966 -0.3586 -0.3144 11.40 
0.336 2 2 2 -4.0 -4.0 -0.724 -0.862 -0.3976 -0.3753 11.41 
0.337 2 2 2 -4.0 -4.0 -0.701 -0.835 -0.4057 -0.3976 11.41 
0.338 2 2 2 -4.0 -4.0 -0.652 -0.814 -0.4268 -0.4057 11.41 
0.339 2 2 2 -4.0 -4.0 -0.624 -0.778 -0.4771 -0.4097 11.41 
0.340 2 2 2 -4.0 -4.0 -0.622 -0.801 -0.4945 -0.4312 11.41 
0.341 2 2 2 -4.0 -4.0 -0.682 -0.839 -0.5266 -0.4771 11.41 
0.342 2 2 2 -4.0 -4.0 -0.613 -0.778 -0.5266 -0.5006 11.41 
0.343 2 2 2 -4.0 -4.0 -0.583 -0.752 -0.5408 -0.5132 11.40 
0.344 2 2 2 -4.0 -4.0 -0.570 -0.691 -0.5712 -0.5335 11.41 
0.345 2 2 2 -4.0 -4.0 -0.586 -0.667 -0.5878 -0.5554 11.40 
0.346 2 2 2 -4.0 -4.0 -0.657 -0.649 -0.6438 -0.5631 11.41 
0.347 2 2 2 -4.0 -4.0 -0.594 -0.716 -0.5964 -0.5878 11.40 
0.348 2 2 2 -4.0 -4.0 -0.507 -0.668 -0.5964 -0.6053 11.41 
0.349 2 2 2 -4.0 -4.0 -0.472 -0.666 -0.6540 -0.5964 11.42 
0.350 2 2 2 -4.0 -4.0 -0.452 -0.598 -0.6759 -0.6239 11.42 
0.351 2 2 2 -4.0 -4.0 -0.489 -0.579 -0.6337 -0.6540 11.42 
0.352 2 2 2 -4.0 -4.0 -0.475 -0.631 -0.6872 -0.6649 11.41 
0.353 2 2 2 -4.0 -4.0 -0.533 -0.669 -0.6759 -0.6872 11.42 
0.354 2 2 2 -4.0 -4.0 -0.492 -0.580 -0.6649 -0.6649 11.42 
0.355 2 2 2 -4.0 -4.0 -0.445 -0.530 -0.7375 -0.6759 11.42 
0.356 2 2 2 -4.0 -4.0 -0.501 -0.505 -0.7375 -0.6994 11.42 
0.357 2 2 2 -4.0 -4.0 -0.422 -0.593 -0.7375 -0.7116 11.42 
0.358 2 2 2 -4.0 -4.0 -0.414 -0.545 -0.7801 -0.7241 11.42 
0.359 2 2 2 -4.0 -4.0 -0.411 -0.523 -0.7651 -0.7509 11.43 
0.360 2 2 2 -4.0 -4.0 -0.473 -0.485 -0.6872 -0.7509 11.43 
0.361 2 2 2 -4.0 -4.0 -0.491 -0.508 -0.7801 -0.7509 11.42 
0.362 2 2 2 -4.0 -4.0 -0.392 -0.512 -0.7241 -0.7801 11.42 
0.363 2 2 2 -4.0 -4.0 -0.365 -0.454 -0.7651 -0.7801 11.43 
0.364 2 2 2 -4.0 -4.0 -0.365 -0.414 -0.7651 -0.7951 11.43 
0.365 2 2 2 -4.0 -4.0 -0.364 -0.438 -0.7651 -0.7951 11.43 
0.366 2 2 2 -4.0 -4.0 -0.347 -0.530 -0.7951 -0.7651 11.43 
0.367 2 2 2 -4.0 -4.0 -0.320 -0.453 -0.7651 -0.8114 11.43 
0.368 2 2 2 -4.0 -4.0 -0.341 -0.393 -0.8114 -0.8114 11.43 
0.369 2 2 2 -4.0 -4.0 -0.408 -0.405 -0.7651 -0.8276 11.42 
0.370 2 2 2 -4.0 -4.0 -0.419 -0.424 -0.8114 -0.8629 11.42 
0.371 2 2 2 -4.0 -4.0 -0.358 -0.402 -0.7951 -0.8629 11.43 
0.372 2 2 2 -4.0 -4.0 -0.356 -0.386 -0.8629 -0.8815 11.45 
0.373 2 2 2 -4.0 -4.0 -0.342 -0.395 -0.8450 -0.8815 11.43 
0.374 2 2 2 -4.0 -4.0 -0.304 -0.403 -0.8450 -0.9014 11.43 
0.375 2 2 2 -4.0 -4.0 -0.286 -0.409 -0.8815 -0.8815 11.43 
0.376 2 2 2 -4.0 -4.0 -0.343 -0.394 -0.8629 -0.9014 11.43 
0.377 2 2 2 -4.0 -4.0 -0.305 -0.408 -0.9014 -0.9014 11.43 
0.378 2 2 2 -4.0 -4.0 -0.312 -0.405 -0.8815 -0.9014 11.43 
0.379 2 2 2 -4.0 -4.0 -0.331 -0.369 -0.8815 -0.9014 11.43 
0.380 2 2 2 -4.0 -4.0 -0.305 -0.364 -0.8629 -0.9014 11.43 
0.381 2 2 2 -4.0 -4.0 -0.270 -0.390 -0.9217 -0.9217 11.43 
0.382 2 2 2 -4.0 -4.0 -0.261 -0.375 -0.9217 -0.9217 11.43 
0.383 2 2 2 -4.0 -4.0 -0.287 -0.366 -0.8276 -0.9217 11.42 
0.384 2 2 2 -4.0 -4.0 -0.278 -0.388 -0.9432 -0.9432 11.42 
0.385 2 2 2 -4.0 -4.0 -0.268 -0.387 -0.8815 -0.9655 11.43 
0.386 2 2 2 -4.0 -4.0 -0.258 -0.334 -0.9217 -0.9655 11.43 
0.387 2 2 2 -4.0 -4.0 -0.345 -0.318 -0.9014 -0.9655 11.42 
0.388 2 2 2 -4.0 -4.0 -0.274 -0.413 -0.9217 -0.9432 11.42 
0.389 2 2 2 -4.0 -4.0 -0.267 -0.348 -0.9217 -0.9895 11.43 
0.390 2 2 2 -4.0 -4.0 -0.306 -0.290 -0.9432 -0.9895 11.43 
0.391 2 2 2 -4.0 -4.0 -0.297 -0.332 -0.9014 -0.9895 11.43 
0.392 2 2 2 -4.0 -4.0 -0.271 -0.326 -0.9432 -0.9895 11.43 
0.393 2 2 2 -4.0 -4.0 -0.269 -0.291 -0.9217 -0.9895 11.43 
0.394 2 2 2 -4.0 -4.0 -0.322 -0.286 -0.8815 -0.9895 11.42 
0.395 2 2 2 -4.0 -4.0 -0.276 -0.337 -0.9432 -1.0142 11.43 
0.396 2 2 2 -4.0 -4.0 -0.242 -0.306 -0.9432 -1.0142 11.43 
0.397 2 2 2 -4.0 -4.0 -0.259 -0.299 -0.9432 -1.0142 11.43 
0.398 2 2 2 -4.0 -4.0 -0.261 -0.372 -1.0142 -1.0402 11.43 
0.399 2 2 2 -4.0 -4.0 -0.295 -0.291 -0.9895 -1.0142 11.43 
0.400 2 2 2 -4.0 -4.0 -0.290 -0.251 -0.9655 -1.0142 11.43 
0.401 2 2 2 -4.0 -4.0 -0.282 -0.276 -0.9655 -1.0402 11.43 
0.402 2 2 2 -4.0 -4.0 -0.246 -0.303 -1.0142 -1.0402 11.43 
0.403 2 2 2 -4.0 -4.0 -0.215 -0.300 -1.0142 -1.0142 11.43 
0.404 2 2 2 -4.0 -4.0 -0.270 -0.329 -0.9432 -1.0402 11.42 
0.405 2 2 2 -4.0 -4.0 -0.248 -0.343 -0.9655 -1.0402 11.43 
0.406 2 2 2 -4.0 -4.0 -0.213 -0.274 -0.9895 -1.0402 11.43 
0.407 2 2 2 -4.0 -4.0 -0.220 -0.271 -0.9895 -1.0402 11.43 
0.408 2 2 2 -4.0 -4.0 -0.229 -0.321 -1.0142 -1.0402 11.43 
0.409 2 2 2 -4.0 -4.0 -0.213 -0.265 -1.0402 -1.0402 11.44 
0.410 2 2 2 -4.0 -4.0 -0.170 -0.243 -1.0402 -1.0402 11.43 
0.411 2 2 2 -4.0 -4.0 -0.295 -0.281 -1.0142 -1.0673 11.43 
0.412 2 2 2 -4.0 -4.0 -0.297 -0.262 -1.0673 -1.0673 11.43 
0.413 2 2 2 -4.0 -4.0 -0.223 -0.262 -1.0402 -1.0673 11.43 
0.414 2 2 2 -4.0 -4.0 -0.276 -0.287 -0.9014 -1.0673 11.43 
0.415 2 2 2 -4.0 -4.0 -0.251 -0.287 -1.0142 -1.0673 11.43 
0.416 2 2 2 -4.0 -4.0 -0.208 -0.261 -1.0142 -1.0961 11.43 
0.417 2 2 2 -4.0 -4.0 -0.229 -0.310 -1.0402 -1.0961 11.43 
0.418 2 2 2 -4.0 -4.0 -0.284 -0.282 -1.0142 -1.0961 11.43 
0.419 2 2 2 -4.0 -4.0 -0.202 -0.227 -1.0142 -1.0961 11.42 
0.420 2 2 2 -4.0 -4.0 -0.230 -0.256 -1.0142 -1.0673 11.42 
0.421 2 2 2 -4.0 -4.0 -0.277 -0.268 -1.0402 -1.0673 11.41 
0.422 2 2 2 -4.0 -4.0 -0.250 -0.236 -1.0673 -1.0673 11.43 
0.423 2 2 2 -4.0 -4.0 -0.207 -0.303 -0.9217 -1.0961 11.42 
0.424 2 2 2 -4.0 -4.0 -0.236 -0.281 -1.0142 -1.0961 11.43 
0.425 2 2 2 -4.0 -4.0 -0.230 -0.260 -1.0142 -1.0961 11.44 
0.426 2 2 2 -4.0 -4.0 -0.178 -0.258 -1.0402 -1.0961 11.43 
0.427 2 2 2 -4.0 -4.0 -0.243 -0.256 -1.0142 -1.1266 11.44 
0.428 2 2 2 -4.0 -4.0 -0.202 -0.251 -1.0402 -1.0961 11.43 
0.429 2 2 2 -4.0 -4.0 -0.135 -0.276 -1.0673 -1.0961 11.44 
0.430 2 2 2 -4.0 -4.0 -0.259 -0.302 -1.0673 -1.0961 11.44 
0.431 2 2 2 -4.0 -4.0 -0.284 -0.240 -1.0402 -1.0961 11.43 
0.432 2 2 2 -4.0 -4.0 -0.209 -0.254 -1.0402 -1.0961 11.43 
0.433 2 2 2 -4.0 -4.0 -0.237 -0.292 -1.0961 -1.0961 11.43 
0.434 2 2 2 -4.0 -4.0 -0.206 -0.230 -1.0961 -1.1266 11.43 
0.435 2 2 2 -4.0 -4.0 -0.201 -0.284 -1.0673 -1.1266 11.43 
0.436 2 2 2 -4.0 -4.0 -0.217 -0.274 -1.0673 -1.1266 11.43 
0.437 2 2 2 -4.0 -4.0 -0.213 -0.194 -1.1266 -1.1266 11.43 
0.438 2 2 2 -4.0 -4.0 -0.251 -0.243 -1.0673 -1.0961 11.43 
0.439 2 2 2 -4.0 -4.0 -0.251 -0.270 -1.0402 -1.0961 11.43 
0.440 2 2 2 -4.0 -4.0 -0.236 -0.281 -1.0402 -1.0961 11.43 
0.441 2 2 2 -4.0 -4.0 -0.202 -0.257 -1.0961 -1.1266 11.43 
0.442 2 2 2 -4.0 -4.0 -0.180 -0.244 -0.9432 -1.1266 11.42 
0.443 2 2 2 -4.0 -4.0 -0.225 -0.234 -1.0961 -1.1266 11.43 
0.444 2 2 2 -4.0 -4.0 -0.179 -0.229 -1.0961 -1.1266 11.43 
0.445 2 2 2 -4.0 -4.0 -0.202 -0.302 -1.0961 -1.1590 11.44 
0.446 2 2 2 -4.0 -4.0 -0.232 -0.304 -1.0673 -1.1266 11.40 
0.447 2 2 2 -4.0 -4.0 -0.191 -0.268 -1.0673 -1.1266 11.40 
0.448 2 2 2 -4.0 -4.0 -0.156 -0.242 -1.0961 -1.1590 11.43 
0.449 2 2 2 -4.0 -4.0 -0.178 -0.241 -1.0961 -1.1590 11.44 
0.450 2 2 2 -4.0 -4.0 -0.183 -0.234 -1.0673 -1.1590 11.44 
0.451 2 2 2 -4.0 -4.0 -0.193 -0.263 -1.0673 -1.1266 11.43 
0.452 2 2 2 -4.0 -4.0 -0.238 -0.205 -1.1266 -1.1590 11.44 
0.453 2 2 3 0.0 0.0 -0.200 -0.237 -1.0673 -1.1590 11.42 
0.454 2 2 3 0.0 0.0 0.144 -0.120 -1.0673 -1.1266 11.45 
0.455 2 2 3 0.0 0.0 0.503 0.351 -1.0673 -1.1266 11.46 
0.456 2 2 3 0.0 0.0 0.560 0.633 -1.0961 -1.0961 11.46 
0.457 2 2 3 0.0 0.0 0.702 0.678 -0.9432 -1.0961 11.46 
0.458 2 2 3 0.0 0.0 0.794 0.829 -0.9895 -1.0673 11.46 
0.459 2 2 3 0.0 0.0 0.679 0.933 -0.8815 -1.0402 11.46 
0.460 2 2 3 0.0 0.0 0.665 0.805 -0.9217 -1.0142 11.45 
0.461 2 2 3 0.0 0.0 0.741 0.802 -0.8450 -0.9014 11.45 
0.462 2 2 3 0.0 0.0 0.773 0.875 -0.7509 -0.9217 11.46 
0.463 2 2 3 0.0 0.0 0.657 0.873 -0.7951 -0.8276 11.45 
0.464 2 2 3 0.0 0.0 0.620 0.691 -0.7116 -0.8450 11.45 
0.465 2 2 3 0.0 0.0 0.655 0.721 -0.7116 -0.7951 11.46 
0.466 2 2 3 0.0 0.0 0.692 0.777 -0.7375 -0.7651 11.46 
0.467 2 2 3 0.0 0.0 0.660 0.774 -0.6994 -0.7801 11.45 
0.468 2 2 3 0.0 0.0 0.498 0.611 -0.6759 -0.7509 11.46 
0.469 2 2 3 0.0 0.0 0.503 0.616 -0.6438 -0.7116 11.45 
0.470 2 2 3 0.0 0.0 0.545 0.679 -0.5878 -0.6649 11.46 
0.471 2 2 3 0.0 0.0 0.553 0.708 -0.6146 -0.6540 11.45 
0.472 2 2 3 0.0 0.0 0.547 0.570 -0.5964 -0.6438 11.45 
0.473 2 2 3 0.0 0.0 0.464 0.491 -0.5071 -0.6239 11.45 
0.474 2 2 3 0.0 0.0 0.441 0.504 -0.5408 -0.5793 11.46 
0.475 2 2 3 0.0 0.0 0.459 0.566 -0.5266 -0.5712 11.45 
0.476 2 2 3 0.0 0.0 0.489 0.578 -0.5266 -0.5554 11.46 
0.477 2 2 3 0.0 0.0 0.497 0.565 -0.4609 -0.5266 11.46 
0.478 2 2 3 0.0 0.0 0.474 0.538 -0.4661 -0.5201 11.46 
0.479 2 2 3 0.0 0.0 0.423 0.449 -0.4507 -0.5006 11.46 
0.480 2 2 3 0.0 0.0 0.375 0.450 -0.3619 -0.4661 11.46 
0.481 2 2 3 0.0 0.0 0.305 0.461 -0.3436 -0.4609 11.46 
0.482 2 2 3 0.0 0.0 0.323 0.478 -0.3753 -0.4057 11.46 
0.483 2 2 3 0.0 0.0 0.353 0.471 -0.3270 -0.4057 11.46 
0.484 2 2 3 0.0 0.0 0.365 0.459 -0.3651 -0.3558 11.46 
0.485 2 2 3 0.0 0.0 0.373 0.429 -0.2957 -0.3720 11.46 
0.486 2 2 3 0.0 0.0 0.359 0.326 -0.3298 -0.3586 11.46 
0.487 2 2 3 0.0 0.0 0.328 0.312 -0.3298 -0.3525 11.46 
0.488 2 2 3 0.0 0.0 0.305 0.326 -0.2519 -0.3465 11.46 
0.489 2 2 3 0.0 0.0 0.296 0.338 -0.2519 -0.3193 11.46 
0.490 2 2 3 0.0 0.0 0.279 0.354 -0.2836 -0.3120 11.46 
0.491 2 2 3 0.0 0.0 0.217 0.339 -0.2536 -0.3120 11.46 
0.492 2 2 3 0.0 0.0 0.211 0.320 -0.2536 -0.2686 11.46 
0.493 2 2 3 0.0 0.0 0.209 0.305 -0.2519 -0.2665 11.46 
0.494 2 2 3 0.0 0.0 0.210 0.279 -0.2316 -0.2665 11.46 
0.495 2 2 3 0.0 0.0 0.220 0.266 -0.1858 -0.2398 11.46 
0.496 2 2 3 0.0 0.0 0.210 0.246 -0.1858 -0.2398 11.46 
0.497 2 2 3 0.0 0.0 0.193 0.205 -0.1939 -0.2385 11.46 
0.498 2 2 3 0.0 0.0 0.145 0.181 -0.1939 -0.2288 11.46 
0.499 2 2 3 0.0 0.0 0.130 0.181 -0.1635 -0.2288 11.46 
0.500 2 2 3 0.0 0.0 0.122 0.174 -0.1436 -0.2057 11.46 
0.501 2 2 3 0.0 0.0 0.127 0.182 -0.1436 -0.2057 11.46 
0.502 2 2 3 0.0 0.0 0.117 0.192 -0.1436 -0.1947 11.46 
0.503 2 2 3 0.0 0.0 0.102 0.212 -0.1497 -0.1732 11.46 
0.504 2 2 3 0.0 0.0 0.124 0.198 -0.1497 -0.1732 11.46 
0.505 2 2 3 0.0 0.0 0.109 0.209 -0.1371 -0.1602 11.46 
0.506 2 2 3 0.0 0.0 0.115 0.193 -0.1152 -0.1602 11.46 
0.507 2 2 3 0.0 0.0 0.117 0.173 -0.1152 -0.1602 11.46 
0.508 2 2 3 0.0 0.0 0.117 0.162 -0.1152 -0.1347 11.46 
0.509 2 2 3 0.0 0.0 0.087 0.157 -0.1152 -0.1347 11.46 
0.510 2 2 3 0.0 0.0 0.081 0.148 -0.1172 -0.1347 11.46 
0.511 2 2 3 0.0 0.0 0.082 0.142 -0.1172 -0.1266 11.46 
0.512 2 2 3 0.0 0.0 0.074 0.125 -0.1172 -0.1124 11.46 
0.513 2 2 3 0.0 0.0 0.037 0.127 -0.1018 -0.1124 11.46 
0.514 2 2 3 0.0 0.0 0.047 0.119 -0.0840 -0.1124 11.46 
0.515 2 2 3 0.0 0.0 0.046 0.111 -0.0840 -0.1124 11.46 
0.516 2 2 3 0.0 0.0 0.059 0.098 -0.0840 -0.0970 11.46 
0.517 2 2 3 0.0 0.0 0.069 0.100 -0.0840 -0.0970 11.46 
0.518 2 2 3 0.0 0.0 0.050 0.104 -0.0840 -0.0970 11.46 
0.519 2 2 3 0.0 0.0 0.060 0.097 -0.0783 -0.0970 11.46 
0.520 2 2 3 0.0 0.0 0.055 0.083 -0.0702 -0.0917 11.46 
0.521 2 2 3 0.0 0.0 0.041 0.074 -0.0702 -0.0901 11.46 
0.522 2 2 3 0.0 0.0 0.034 0.074 -0.0702 -0.0901 11.46 
0.523 2 2 3 0.0 0.0 0.045 0.080 -0.0702 -0.0901 11.46 
0.524 2 2 3 0.0 0.0 0.023 0.074 -0.0702 -0.0901 11.46 
0.525 2 2 3 0.0 0.0 0.022 0.080 -0.0702 -0.0824 11.46 
0.526 2 2 3 0.0 0.0 0.026 0.070 -0.0633 -0.0686 11.46 
0.527 2 2 3 0.0 0.0 0.014 0.058 -0.0548 -0.0604 11.46 
0.528 2 2 3 0.0 0.0 -0.000 0.036 -0.0483 -0.0604 11.46 
0.529 2 2 3 0.0 0.0 0.004 0.033 -0.0430 -0.0604 11.46 
0.530 2 2 3 0.0 0.0 -0.002 0.046 -0.0389 -0.0604 11.46 
0.531 2 2 3 0.0 0.0 0.001 0.032 -0.0353 -0.0604 11.46 
0.532 2 2 3 0.0 0.0 -0.000 0.026 -0.0325 -0.0604 11.46 
0.533 2 2 3 0.0 0.0 0.000 0.017 -0.0300 -0.0604 11.46 
0.534 2 2 3 0.0 0.0 0.000 0.027 -0.0280 -0.0560 11.46 
0.535 2 2 3 0.0 0.0 -0.011 0.015 -0.0260 -0.0491 11.46 
0.536 2 2 3 0.0 0.0 -0.009 0.016 -0.0243 -0.0438 11.46 
0.537 2 2 3 0.0 0.0 -0.004 0.009 -0.0231 -0.0394 11.46 
0.538 2 2 3 0.0 0.0 -0.017 0.013 -0.0219 -0.0357 11.46 
0.539 2 2 3 0.0 0.0 -0.017 0.002 -0.0207 -0.0329 11.46 
0.540 2 2 3 0.0 0.0 -0.016 -0.004 -0.0199 -0.0304 11.46 
0.541 2 2 3 0.0 0.0 -0.008 0.001 -0.0187 -0.0284 11.46 
0.542 2 2 3 0.0 0.0 -0.015 0.002 -0.0178 -0.0264 11.46 
0.543 2 2 3 0.0 0.0 -0.005 -0.010 -0.0170 -0.0247 11.46 
0.544 2 2 3 0.0 0.0 -0.005 -0.012 -0.0162 -0.0235 11.46 
0.545 2 2 3 0.0 0.0 -0.007 -0.006 -0.0158 -0.0219 11.46 
0.546 2 2 3 0.0 0.0 -0.011 -0.018 -0.0150 -0.0207 11.46 
0.547 2 2 3 0.0 0.0 -0.032 0.011 -0.0146 -0.0199 11.46 
0.548 2 2 3 0.0 0.0 0.007 -0.070 -0.0142 -0.0191 11.45 
0.549 2 2 3 0.0 0.0 -0.004 -0.015 -0.0138 -0.0178 11.46 
0.550 2 2 3 0.0 0.0 -0.030 -0.033 -0.0130 -0.0174 11.46 
0.551 2 2 3 0.0 0.0 -0.012 -0.017 0.0130 -0.0166 11.46 
0.552 2 2 3 0.0 0.0 -0.016 -0.025 0.0130 0.0166 11.46 
0.553 2 2 3 0.0 0.0 -0.012 -0.019 0.0130 0.0166 11.46 
0.554 2 2 3 0.0 0.0 -0.016 -0.037 0.0130 0.0166 11.46 
0.555 2 2 3 0.0 0.0 -0.026 -0.034 0.0130 0.0166 11.46 
0.556 2 2 3 0.0 0.0 -0.014 -0.021 0.0130 0.0166 11.46 
0.557 2 2 3 0.0 0.0 -0.024 -0.025 0.0130 0.0166 11.46 
0.558 2 2 3 0.0 0.0 -0.022 -0.019 0.0130 0.0166 11.46 
0.559 2 2 3 0.0 0.0 -0.020 -0.024 0.0130 0.0166 11.46 
0.560 2 2 3 0.0 0.0 -0.016 -0.014 0.0130 0.0166 11.45 
0.561 2 2 3 0.0 0.0 -0.018 0.002 0.0130 0.0166 11.46 
0.562 2 2 3 0.0 0.0 -0.006 -0.016 0.0130 0.0166 11.46 
0.563 2 2 3 0.0 0.0 -0.019 -0.032 0.0130 0.0166 11.46 
0.564 2 2 3 0.0 0.0 -0.009 -0.028 0.0130 0.0166 11.46 
0.565 2 2 3 0.0 0.0 -0.012 -0.006 0.0288 0.0166 11.46 
0.566 2 2 3 0.0 0.0 -0.008 -0.020 0.0288 0.0166 11.46 
0.567 2 2 3 0.0 0.0 -0.027 -0.009 0.0288 0.0166 11.46 
0.568 2 2 3 0.0 0.0 -0.031 -0.012 0.0288 0.0166 11.46 
0.569 2 2 3 0.0 0.0 -0.018 -0.009 0.0288 0.0166 11.46 
0.570 2 2 3 0.0 0.0 -0.014 0.015 0.0288 0.0166 11.46 
0.571 2 2 3 0.0 0.0 -0.031 -0.000 0.0288 0.0166 11.46 
0.572 2 2 3 0.0 0.0 -0.024 -0.005 0.0288 0.0166 11.46 
0.573 2 2 3 0.0 0.0 -0.019 -0.002 0.0288 0.0166 11.46 
0.574 2 2 3 0.0 0.0 -0.020 -0.007 0.0288 0.0166 11.46 
0.575 2 2 3 0.0 0.0 -0.017 0.009 0.0288 0.0166 11.46 
0.576 2 2 3 0.0 0.0 -0.010 -0.000 0.0288 0.0162 11.46 
0.577 2 2 3 0.0 0.0 -0.014 0.012 0.0288 0.0154 11.46 
0.578 2 2 3 0.0 0.0 -0.007 0.002 0.0288 0.0150 11.46 
0.579 2 2 3 0.0 0.0 -0.010 -0.003 0.0272 0.0142 11.46 
0.580 2 2 3 0.0 0.0 0.001 0.012 0.0256 0.0138 11.46 
0.581 2 2 3 0.0 0.0 0.006 0.002 0.0239 0.0134 11.46 
0.582 2 2 3 0.0 0.0 -0.004 0.020 0.0227 0.0130 11.46 
0.583 2 2 3 0.0 0.0 -0.010 0.003 0.0215 0.0126 11.46 
0.584 2 2 3 0.0 0.0 -0.008 0.004 0.0203 0.0122 11.46 
0.585 2 2 3 0.0 0.0 0.002 -0.006 0.0195 0.0118 11.46 
0.586 2 2 3 0.0 0.0 0.011 0.003 0.0187 0.0114 11.46 
0.587 2 2 3 0.0 0.0 0.007 0.013 0.0178 0.0110 11.46 
0.588 2 2 3 0.0 0.0 -0.000 0.010 0.0170 0.0110 11.46 
0.589 2 2 3 0.0 0.0 -0.006 0.006 0.0162 0.0105 11.46 
0.590 2 2 3 0.0 0.0 -0.012 0.008 0.0154 0.0101 11.46 
0.591 2 2 3 0.0 0.0 -0.004 0.002 0.0150 0.0101 11.46 
0.592 2 2 3 0.0 0.0 0.000 -0.000 0.0146 0.0097 11.46 
0.593 2 2 3 0.0 0.0 -0.002 0.009 0.0138 0.0093 11.46 
0.594 2 2 3 0.0 0.0 0.003 -0.008 0.0134 0.0093 11.46 
0.595 2 2 3 0.0 0.0 0.004 -0.009 0.0130 0.0089 11.46 
0.596 2 2 3 0.0 0.0 -0.002 -0.015 0.0126 0.0089 11.46 
0.597 2 2 3 0.0 0.0 0.007 0.002 0.0122 0.0085 11.46 
0.598 2 2 3 0.0 0.0 0.003 0.011 0.0118 0.0085 11.46 
0.599 2 2 3 0.0 0.0 0.006 0.002 0.0114 0.0081 11.46 
0.600 2 2 3 0.0 0.0 -0.014 -0.002 0.0110 0.0081 11.46 
0.601 2 2 3 0.0 0.0 0.002 0.001 0.0110 0.0081 11.46 
0.602 2 2 3 0.0 0.0 0.004 0.001 0.0105 0.0077 11.46 
0.603 2 2 3 0.0 0.0 -0.000 0.017 0.0101 0.0077 11.46 
0.604 2 2 3 0.0 0.0 -0.004 0.010 0.0101 0.0073 11.46 
0.605 2 2 3 0.0 0.0 -0.011 0.004 0.0097 0.0073 11.46 
0.606 2 2 3 0.0 0.0 -0.007 0.006 0.0093 0.0073 11.46 
0.607 2 2 3 0.0 0.0 0.005 0.010 0.0093 0.0069 11.46 
0.608 2 2 3 0.0 0.0 0.005 0.010 0.0089 0.0069 11.46 
0.609 2 2 3 0.0 0.0 -0.004 -0.002 0.0089 0.0069 11.46 
0.610 2 2 3 0.0 0.0 -0.001 -0.005 0.0085 0.0065 11.46 
0.611 2 2 3 0.0 0.0 -0.009 -0.005 0.0085 0.0065 11.46 
0.612 2 2 3 0.0 0.0 0.015 0.002 0.0081 0.0065 11.46 
0.613 2 2 3 0.0 0.0 0.001 0.005 0.0081 0.0065 11.46 
0.614 2 2 3 0.0 0.0 -0.010 0.013 0.0081 0.0061 11.46 
0.615 2 2 3 0.0 0.0 -0.002 0.009 0.0077 0.0061 11.46 
0.616 2 2 3 0.0 0.0 -0.000 0.002 0.0077 0.0061 11.46 
0.617 2 2 3 0.0 0.0 0.005 0.010 0.0073 0.0061 11.46 
0.618 2 2 3 0.0 0.0 -0.013 0.013 0.0073 0.0057 11.45 
0.619 2 2 3 0.0 0.0 -0.004 0.006 0.0073 0.0057 11.46 
0.620 2 2 3 0.0 0.0 0.003 0.004 0.0069 0.0057 11.46 
0.621 2 2 3 0.0 0.0 0.002 0.007 0.0069 0.0057 11.46 
0.622 2 2 3 0.0 0.0 0.011 0.005 0.0069 0.0057 11.46 
0.623 2 2 3 0.0 0.0 -0.001 -0.020 0.0069 0.0053 11.46 
0.624 2 2 3 0.0 0.0 -0.004 -0.007 0.0065 0.0053 11.46 
0.625 2 2 3 0.0 0.0 -0.016 -0.003 0.0065 0.0053 11.46 
0.626 2 2 3 0.0 0.0 -0.019 0.002 0.0065 0.0053 11.46 
0.627 2 2 3 0.0 0.0 -0.004 0.009 0.0061 0.0053 11.46 
0.628 2 2 3 0.0 0.0 0.007 0.009 0.0061 0.0053 11.46 
0.629 2 2 3 0.0 0.0 0.002 0.009 0.0061 0.0049 11.46 
0.630 2 2 3 0.0 0.0 0.007 0.002 0.0061 0.0049 11.46 
0.631 2 2 3 0.0 0.0 0.000 -0.001 0.0057 0.0049 11.46 
0.632 2 2 3 0.0 0.0 0.001 -0.005 0.0057 0.0049 11.46 
0.633 2 2 3 0.0 0.0 -0.000 -0.001 0.0057 0.0049 11.46 
0.634 2 2 3 0.0 0.0 -0.002 -0.003 0.0057 0.0049 11.46 
0.635 2 2 3 0.0 0.0 -0.017 0.009 0.0057 0.0045 11.46 
0.636 2 2 3 0.0 0.0 -0.011 0.013 0.0053 0.0045 11.46 
0.637 2 2 3 0.0 0.0 0.000 0.016 0.0053 0.0045 11.46 
0.638 2 2 3 0.0 0.0 0.014 0.010 0.0053 0.0045 11.46 
0.639 2 2 3 0.0 0.0 -0.004 0.009 0.0053 0.0045 11.46 
0.640 2 2 3 0.0 0.0 0.010 -0.003 0.0053 0.0045 11.46 
0.641 2 2 3 0.0 0.0 -0.004 -0.002 0.0053 0.0045 11.46 
0.642 2 2 3 0.0 0.0 0.007 0.012 0.0049 0.0045 11.46 
0.643 2 2 3 0.0 0.0 0.008 0.012 0.0049 0.0041 11.46 
0.644 2 2 3 0.0 0.0 0.019 0.002 0.0049 0.0041 11.46 
0.645 2 2 3 0.0 0.0 0.003 0.005 0.0049 0.0041 11.46 
0.646 2 2 3 0.0 0.0 -0.001 0.022 0.0049 0.0041 11.46 
0.647 2 2 3 0.0 0.0 -0.003 -0.005 0.0049 0.0041 11.46 
0.648 2 2 3 0.0 0.0 -0.013 0.007 0.0045 0.0041 11.46 
0.649 2 2 3 0.0 0.0 -0.008 0.005 0.0045 0.0041 11.46 
0.650 2 2 3 0.0 0.0 0.038 -0.053 0.0045 0.0041 11.44 
0.651 2 2 3 0.0 0.0 0.016 -0.024 0.0045 0.0041 11.45 
0.652 2 2 3 0.0 0.0 0.003 -0.002 0.0045 0.0037 11.46 
0.653 2 2 3 0.0 0.0 -0.010 0.003 0.0045 0.0037 11.47 
0.654 2 2 3 0.0 0.0 0.005 0.008 0.0045 0.0037 11.46 
0.655 2 2 3 0.0 0.0 0.014 -0.006 0.0045 0.0037 11.46 
0.656 2 2 3 0.0 0.0 -0.007 0.015 0.0041 0.0037 11.46 
0.657 2 2 3 0.0 0.0 -0.010 0.019 0.0041 0.0037 11.46 
0.658 2 2 3 0.0 0.0 0.015 0.015 0.0041 0.0037 11.46 
0.659 2 2 3 0.0 0.0 -0.006 -0.006 0.0041 0.0037 11.45 
0.660 2 2 3 0.0 0.0 -0.008 -0.004 0.0041 0.0037 11.46 
0.661 2 2 3 0.0 0.0 0.011 -0.003 0.0041 0.0037 11.46 
0.662 2 2 3 0.0 0.0 -0.016 0.017 0.0041 0.0037 11.46 
0.663 2 2 3 0.0 0.0 0.000 -0.013 0.0041 0.0032 11.46 
0.664 2 2 3 0.0 0.0 -0.009 0.013 0.0041 0.0032 11.46 
0.665 2 2 3 0.0 0.0 0.003 0.015 0.0037 0.0032 11.46 
