%% logfile from robot Birte (60)
% Birte (60)
%  1    time 0.000 sec
%  2  3  4   (mission 0), state 2, thread 2, line 0
%  5  6 Motor voltage [V] left, right: 2.0 2.0
%  7  8 Motor current left, right [A]: 0.044 0.044
%  9 10 Wheel velocity [m/s] left, right: -0.0000 -0.0000
% 11    Battery voltage [V]: 11.04
0.001 2 2 0 2.0 2.0 0.064 0.012 -0.0000 -0.0000 11.04 
0.002 2 2 0 2.0 2.0 0.210 0.177 -0.0000 -0.0000 11.03 
0.003 2 2 0 2.0 2.0 0.337 0.348 -0.0000 -0.0000 11.03 
0.004 2 2 0 2.0 2.0 0.360 0.461 -0.0000 -0.0000 11.03 
0.005 2 2 0 2.0 2.0 0.366 0.502 -0.0000 0.0000 11.03 
0.006 2 2 0 2.0 2.0 0.372 0.538 -0.0000 0.0000 11.03 
0.007 2 2 0 2.0 2.0 0.391 0.527 -0.0000 0.0000 11.03 
0.008 2 2 0 2.0 2.0 0.405 0.512 -0.0000 0.0000 11.02 
0.009 2 2 0 2.0 2.0 0.390 0.504 0.0000 0.0000 11.02 
0.010 2 2 0 2.0 2.0 0.388 0.474 0.0000 0.0851 11.02 
0.011 2 2 0 2.0 2.0 0.379 0.457 0.0000 0.0851 11.03 
0.012 2 2 0 2.0 2.0 0.345 0.425 0.1141 0.0851 11.03 
0.013 2 2 0 2.0 2.0 0.349 0.403 0.1141 0.1277 11.03 
0.014 2 2 0 2.0 2.0 0.314 0.391 0.1141 0.1277 11.03 
0.015 2 2 0 2.0 2.0 0.303 0.359 0.1542 0.1687 11.04 
0.016 2 2 0 2.0 2.0 0.326 0.358 0.1542 0.1687 11.03 
0.017 2 2 0 2.0 2.0 0.341 0.341 0.1542 0.1687 11.03 
0.018 2 2 0 2.0 2.0 0.364 0.309 0.1623 0.1823 11.03 
0.019 2 2 0 2.0 2.0 0.264 0.324 0.1623 0.2048 11.03 
0.020 2 2 0 2.0 2.0 0.240 0.286 0.1988 0.2048 11.03 
0.021 2 2 0 2.0 2.0 0.260 0.250 0.1988 0.2008 11.03 
0.022 2 2 0 2.0 2.0 0.250 0.256 0.1892 0.2008 11.03 
0.023 2 2 0 2.0 2.0 0.278 0.293 0.1892 0.2229 11.03 
0.024 2 2 0 2.0 2.0 0.244 0.317 0.2229 0.2229 11.03 
0.025 2 2 0 2.0 2.0 0.240 0.318 0.2016 0.2193 11.03 
0.026 2 2 0 2.0 2.0 0.254 0.322 0.1948 0.2193 11.03 
0.027 2 2 0 2.0 2.0 0.247 0.323 0.2446 0.2478 11.03 
0.028 2 2 0 2.0 2.0 0.252 0.318 0.2446 0.2522 11.03 
0.029 2 2 0 2.0 2.0 0.262 0.296 0.2293 0.2522 11.03 
0.030 2 2 0 2.0 2.0 0.258 0.272 0.2767 0.2787 11.03 
0.031 2 2 0 2.0 2.0 0.259 0.265 0.2767 0.2659 11.03 
0.032 2 2 0 2.0 2.0 0.231 0.224 0.2574 0.2659 11.03 
0.033 2 2 0 2.0 2.0 0.258 0.229 0.2952 0.2972 11.03 
0.034 2 2 0 2.0 2.0 0.244 0.247 0.2952 0.2952 11.04 
0.035 2 2 0 2.0 2.0 0.272 0.248 0.2510 0.3064 11.03 
0.036 2 2 0 2.0 2.0 0.235 0.258 0.3088 0.3064 11.04 
0.037 2 2 0 2.0 2.0 0.216 0.251 0.3088 0.2659 11.03 
0.038 2 2 0 2.0 2.0 0.208 0.262 0.2695 0.3185 11.03 
0.039 2 2 0 2.0 2.0 0.231 0.259 0.3161 0.3550 11.04 
0.040 2 2 0 2.0 2.0 0.220 0.236 0.2807 0.3289 11.04 
0.041 2 2 0 2.0 2.0 0.188 0.252 0.2807 0.3289 11.03 
0.042 2 2 0 2.0 2.0 0.185 0.247 0.3374 0.2787 11.03 
0.043 2 2 0 2.0 2.0 0.206 0.231 0.3161 0.3430 11.03 
0.044 2 2 0 2.0 2.0 0.174 0.221 0.3462 0.3346 11.04 
0.045 2 2 0 2.0 2.0 0.187 0.203 0.3064 0.3522 11.04 
0.046 2 2 0 2.0 2.0 0.180 0.235 0.3582 0.3615 11.03 
0.047 2 2 0 2.0 2.0 0.158 0.244 0.3582 0.3615 11.03 
0.048 2 2 0 2.0 2.0 0.178 0.239 0.3237 0.3615 11.03 
0.049 2 2 0 2.0 2.0 0.185 0.235 0.3615 0.3490 11.04 
0.050 2 2 0 2.0 2.0 0.184 0.232 0.3064 0.3715 11.04 
0.051 2 2 0 2.0 2.0 0.192 0.226 0.3787 0.3522 11.03 
0.052 2 2 0 2.0 2.0 0.168 0.187 0.3317 0.3823 11.04 
0.053 2 2 0 2.0 2.0 0.181 0.162 0.3823 0.3787 11.03 
0.054 2 2 0 2.0 2.0 0.147 0.145 0.3823 0.3860 11.03 
0.055 2 2 0 2.0 2.0 0.151 0.176 0.3346 0.3430 11.04 
0.056 2 2 0 2.0 2.0 0.147 0.202 0.3936 0.3936 11.03 
0.057 2 2 0 2.0 2.0 0.129 0.187 0.3490 0.4056 11.04 
0.058 2 2 0 2.0 2.0 0.121 0.180 0.3936 0.4056 11.03 
0.059 2 2 0 2.0 2.0 0.146 0.175 0.3490 0.3751 11.03 
0.060 2 2 0 2.0 2.0 0.182 0.160 0.3787 0.3936 11.03 
0.061 2 2 0 2.0 2.0 0.134 0.184 0.3715 0.3976 11.03 
0.062 2 2 0 2.0 2.0 0.130 0.191 0.3896 0.4097 11.03 
0.063 2 2 0 2.0 2.0 0.138 0.193 0.3582 0.3787 11.04 
0.064 2 2 0 2.0 2.0 0.170 0.175 0.3860 0.4016 11.03 
0.065 2 2 0 2.0 2.0 0.172 0.177 0.3430 0.3896 11.04 
0.066 2 2 0 2.0 2.0 0.182 0.164 0.3787 0.4097 11.04 
0.067 2 2 0 2.0 2.0 0.189 0.181 0.4016 0.4269 11.04 
0.068 2 2 0 2.0 2.0 0.155 0.179 0.4137 0.4317 11.04 
0.069 2 2 0 2.0 2.0 0.151 0.128 0.3346 0.4016 11.03 
0.070 2 2 0 2.0 2.0 0.158 0.104 0.3787 0.4181 11.03 
0.071 2 2 0 2.0 2.0 0.134 0.123 0.3936 0.4181 11.04 
0.072 2 2 0 2.0 2.0 0.131 0.152 0.4137 0.4269 11.03 
0.073 2 2 0 2.0 2.0 0.106 0.173 0.3582 0.3936 11.03 
0.074 2 2 0 2.0 2.0 0.090 0.146 0.3936 0.4181 11.04 
0.075 2 2 0 2.0 2.0 0.093 0.165 0.3860 0.4225 11.04 
0.076 2 2 0 2.0 2.0 0.093 0.137 0.4137 0.4362 11.04 
0.077 2 2 0 2.0 2.0 0.102 0.088 0.4137 0.4269 11.03 
0.078 2 2 0 2.0 2.0 0.121 0.113 0.4317 0.4317 11.04 
0.079 2 2 0 2.0 2.0 0.117 0.135 0.4016 0.4410 11.04 
0.080 2 2 0 2.0 2.0 0.106 0.149 0.4269 0.4362 11.04 
0.081 2 2 0 2.0 2.0 0.090 0.141 0.3715 0.4462 11.04 
0.082 2 2 0 2.0 2.0 0.099 0.140 0.4056 0.4362 11.04 
0.083 2 2 0 2.0 2.0 0.094 0.110 0.3936 0.4510 11.04 
0.084 2 2 0 2.0 2.0 0.117 0.126 0.4225 0.4510 11.04 
0.085 2 2 0 2.0 2.0 0.155 0.122 0.4137 0.4562 11.03 
0.086 2 2 0 2.0 2.0 0.147 0.115 0.4317 0.4317 11.03 
0.087 2 2 0 2.0 2.0 0.118 0.143 0.3787 0.4836 11.04 
0.088 2 2 0 2.0 2.0 0.121 0.142 0.4137 0.4779 11.03 
0.089 2 2 0 2.0 2.0 0.125 0.161 0.3936 0.3896 11.03 
0.090 2 2 0 2.0 2.0 0.109 0.145 0.4225 0.4269 11.04 
0.091 2 2 0 2.0 2.0 0.103 0.111 0.4269 0.4410 11.04 
0.092 2 2 0 2.0 2.0 0.109 0.122 0.4269 0.4562 11.04 
0.093 2 2 0 2.0 2.0 0.102 0.150 0.4462 0.4667 11.04 
0.094 2 2 0 2.0 2.0 0.104 0.158 0.4269 0.4615 11.04 
0.095 2 2 0 2.0 2.0 0.099 0.181 0.4510 0.4723 11.03 
0.096 2 2 0 2.0 2.0 0.095 0.153 0.4410 0.4667 11.03 
0.097 2 2 0 2.0 2.0 0.102 0.149 0.4562 0.4779 11.03 
0.098 2 2 0 2.0 2.0 0.113 0.108 0.3896 0.4723 11.04 
0.099 2 2 0 2.0 2.0 0.110 0.092 0.4317 0.4779 11.04 
0.100 2 2 0 2.0 2.0 0.121 0.111 0.4225 0.4723 11.03 
0.101 2 2 0 2.0 2.0 0.107 0.101 0.4269 0.4896 11.03 
0.102 2 2 0 2.0 2.0 0.109 0.122 0.4562 0.4896 11.03 
0.103 2 2 0 2.0 2.0 0.114 0.141 0.4410 0.4723 11.03 
0.104 2 2 0 2.0 2.0 0.115 0.170 0.4562 0.4836 11.04 
0.105 2 2 0 2.0 2.0 0.091 0.171 0.4362 0.4896 11.03 
0.106 2 2 0 2.0 2.0 0.095 0.126 0.4615 0.4723 11.04 
0.107 2 2 0 2.0 2.0 0.102 0.109 0.4510 0.4836 11.04 
0.108 2 2 0 2.0 2.0 0.099 0.106 0.4723 0.4723 11.04 
0.109 2 2 0 2.0 2.0 0.094 0.099 0.4723 0.4896 11.04 
0.110 2 2 0 2.0 2.0 0.097 0.122 0.4362 0.5081 11.04 
0.111 2 2 0 2.0 2.0 0.098 0.109 0.4615 0.4896 11.03 
0.112 2 2 0 2.0 2.0 0.105 0.080 0.4779 0.5020 11.03 
0.113 2 2 0 2.0 2.0 0.110 0.065 0.4896 0.4956 11.04 
0.114 2 2 0 2.0 2.0 0.117 0.096 0.3860 0.4779 11.03 
0.115 2 2 0 2.0 2.0 0.106 0.109 0.4362 0.4896 11.04 
0.116 2 2 0 2.0 2.0 0.090 0.098 0.4723 0.4896 11.04 
0.117 2 2 0 2.0 2.0 0.108 0.115 0.4410 0.5020 11.04 
0.118 2 2 0 2.0 2.0 0.087 0.081 0.4667 0.4896 11.04 
0.119 2 2 0 2.0 2.0 0.081 0.087 0.4510 0.4896 11.04 
0.120 2 2 0 2.0 2.0 0.070 0.113 0.4779 0.4956 11.04 
0.121 2 2 0 2.0 2.0 0.082 0.103 0.4723 0.4896 11.04 
0.122 2 2 0 2.0 2.0 0.094 0.125 0.4667 0.5020 11.04 
0.123 2 2 0 2.0 2.0 0.100 0.112 0.4896 0.5020 11.04 
0.124 2 2 0 2.0 2.0 0.090 0.116 0.4510 0.5020 11.04 
0.125 2 2 0 2.0 2.0 0.079 0.117 0.4779 0.5081 11.04 
0.126 2 2 0 2.0 2.0 0.079 0.076 0.4615 0.4779 11.04 
0.127 2 2 0 2.0 2.0 0.075 0.060 0.4836 0.5281 11.04 
0.128 2 2 0 2.0 2.0 0.109 0.058 0.4896 0.5213 11.04 
0.129 2 2 0 2.0 2.0 0.118 0.111 0.4562 0.4723 11.04 
0.130 2 2 0 2.0 2.0 0.111 0.137 0.4836 0.4956 11.04 
0.131 2 2 0 2.0 2.0 0.113 0.088 0.4615 0.4956 11.04 
0.132 2 2 0 2.0 2.0 0.103 0.076 0.4836 0.5149 11.04 
0.133 2 2 0 2.0 2.0 0.095 0.073 0.4615 0.5149 11.04 
0.134 2 2 0 2.0 2.0 0.090 0.092 0.4836 0.5081 11.04 
0.135 2 2 0 2.0 2.0 0.085 0.095 0.5020 0.5020 11.03 
0.136 2 2 0 2.0 2.0 0.090 0.100 0.4723 0.5149 11.03 
0.137 2 2 0 2.0 2.0 0.090 0.084 0.4956 0.5149 11.04 
0.138 2 2 0 2.0 2.0 0.078 0.074 0.4956 0.5213 11.04 
0.139 2 2 0 2.0 2.0 0.082 0.080 0.4615 0.5081 11.04 
0.140 2 2 0 2.0 2.0 0.083 0.072 0.4896 0.5281 11.04 
0.141 2 2 0 2.0 2.0 0.098 0.077 0.4723 0.5281 11.04 
0.142 2 2 0 2.0 2.0 0.098 0.092 0.4956 0.5213 11.04 
0.143 2 2 0 2.0 2.0 0.098 0.133 0.4723 0.5149 11.04 
0.144 2 2 0 2.0 2.0 0.089 0.126 0.4779 0.5281 11.03 
0.145 2 2 0 2.0 2.0 0.090 0.119 0.4956 0.5020 11.03 
0.146 2 2 0 2.0 2.0 0.072 0.105 0.4723 0.5020 11.03 
0.147 2 2 0 2.0 2.0 0.075 0.104 0.5020 0.5213 11.04 
0.148 2 2 0 2.0 2.0 0.082 0.118 0.5081 0.5354 11.03 
0.149 2 2 0 2.0 2.0 0.089 0.114 0.4836 0.5149 11.03 
0.150 2 2 0 2.0 2.0 0.084 0.089 0.5081 0.5213 11.03 
0.151 2 2 0 2.0 2.0 0.083 0.060 0.4723 0.5149 11.04 
0.152 2 2 0 2.0 2.0 0.080 0.076 0.5020 0.5213 11.04 
0.153 2 2 0 2.0 2.0 0.075 0.089 0.5281 0.5149 11.03 
0.154 2 2 0 2.0 2.0 0.086 0.078 0.4615 0.5149 11.03 
0.155 2 2 0 2.0 2.0 0.111 0.099 0.4956 0.5213 11.03 
0.156 2 2 0 2.0 2.0 0.091 0.082 0.4956 0.5081 11.03 
0.157 2 2 0 2.0 2.0 0.066 0.050 0.4723 0.5081 11.04 
0.158 2 2 0 2.0 2.0 0.075 0.064 0.4956 0.5149 11.03 
0.159 2 2 0 2.0 2.0 0.079 0.063 0.4779 0.5081 11.04 
0.160 2 2 0 2.0 2.0 0.065 0.063 0.5081 0.5213 11.03 
0.161 2 2 0 2.0 2.0 0.076 0.074 0.5149 0.5213 11.03 
0.162 2 2 0 2.0 2.0 0.086 0.086 0.4956 0.5213 11.03 
0.163 2 2 0 2.0 2.0 0.079 0.057 0.5149 0.5281 11.03 
0.164 2 2 0 2.0 2.0 0.072 0.069 0.4779 0.5149 11.03 
0.165 2 2 0 2.0 2.0 0.072 0.068 0.5020 0.5498 11.03 
0.166 2 2 0 2.0 2.0 0.070 0.084 0.5081 0.5426 11.03 
0.167 2 2 0 2.0 2.0 0.080 0.120 0.4896 0.4896 11.03 
0.168 2 2 0 2.0 2.0 0.098 0.102 0.5081 0.5149 11.03 
0.169 2 2 0 2.0 2.0 0.100 0.070 0.4723 0.5281 11.03 
0.170 2 2 0 2.0 2.0 0.084 0.080 0.4836 0.5354 11.03 
0.171 2 2 0 2.0 2.0 0.075 0.100 0.5081 0.5213 11.03 
0.172 2 2 0 2.0 2.0 0.082 0.130 0.4779 0.5281 11.03 
0.173 2 2 0 2.0 2.0 0.083 0.134 0.5081 0.5213 11.04 
0.174 2 2 0 2.0 2.0 0.086 0.116 0.5149 0.5281 11.03 
0.175 2 2 0 2.0 2.0 0.086 0.084 0.4896 0.5354 11.03 
0.176 2 2 0 2.0 2.0 0.089 0.050 0.5149 0.5081 11.04 
0.177 2 2 0 2.0 2.0 0.079 0.067 0.5020 0.5426 11.03 
0.178 2 2 0 2.0 2.0 0.084 0.071 0.4723 0.5426 11.03 
0.179 2 2 0 2.0 2.0 0.085 0.092 0.5081 0.5213 11.03 
0.180 2 2 0 2.0 2.0 0.078 0.106 0.4896 0.5281 11.04 
0.181 2 2 0 2.0 2.0 0.089 0.120 0.5149 0.5426 11.04 
0.182 2 2 0 2.0 2.0 0.096 0.149 0.4896 0.5213 11.03 
0.183 2 2 0 2.0 2.0 0.090 0.081 0.4956 0.5354 11.03 
0.184 2 2 0 2.0 2.0 0.075 0.078 0.5213 0.5426 11.03 
0.185 2 2 0 2.0 2.0 0.075 0.055 0.4956 0.5575 11.03 
0.186 2 2 0 2.0 2.0 0.082 0.076 0.4956 0.5426 11.03 
0.187 2 2 0 2.0 2.0 0.087 0.054 0.5281 0.5426 11.03 
0.188 2 2 0 2.0 2.0 0.081 0.025 0.5020 0.5354 11.03 
0.189 2 2 0 2.0 2.0 0.084 0.060 0.5213 0.5426 11.03 
0.190 2 2 0 2.0 2.0 0.083 0.065 0.5149 0.5354 11.03 
0.191 2 2 0 2.0 2.0 0.083 0.089 0.5354 0.5281 11.03 
0.192 2 2 0 2.0 2.0 0.083 0.103 0.5426 0.5426 11.04 
0.193 2 2 0 2.0 2.0 0.090 0.057 0.4779 0.5354 11.03 
0.194 2 2 0 2.0 2.0 0.086 0.069 0.5149 0.5281 11.03 
0.195 2 2 0 2.0 2.0 0.071 0.064 0.5354 0.5354 11.04 
0.196 2 2 0 2.0 2.0 0.059 0.070 0.4896 0.5354 11.04 
0.197 2 2 0 2.0 2.0 0.063 0.088 0.5149 0.5149 11.03 
0.198 2 2 0 2.0 2.0 0.064 0.079 0.5213 0.5281 11.03 
0.199 2 2 0 2.0 2.0 0.075 0.095 0.5149 0.5354 11.03 
0.200 2 2 0 2.0 2.0 0.075 0.071 0.5281 0.5020 11.03 
0.201 2 2 1 4.0 4.0 0.068 0.049 0.5281 0.5213 11.04 
0.202 2 2 1 4.0 4.0 0.134 0.082 0.4896 0.5498 11.02 
0.203 2 2 1 4.0 4.0 0.288 0.225 0.5213 0.5020 11.01 
0.204 2 2 1 4.0 4.0 0.405 0.344 0.5081 0.5281 11.00 
0.205 2 2 1 4.0 4.0 0.490 0.419 0.5354 0.5575 11.00 
0.206 2 2 1 4.0 4.0 0.490 0.499 0.5655 0.5735 11.00 
0.207 2 2 1 4.0 4.0 0.455 0.576 0.5820 0.5904 10.99 
0.208 2 2 1 4.0 4.0 0.472 0.607 0.5575 0.6085 10.99 
0.209 2 2 1 4.0 4.0 0.486 0.624 0.5820 0.6273 10.99 
0.210 2 2 1 4.0 4.0 0.481 0.519 0.6177 0.6374 10.99 
0.211 2 2 1 4.0 4.0 0.461 0.441 0.6374 0.6273 11.00 
0.212 2 2 1 4.0 4.0 0.421 0.471 0.6085 0.6474 10.99 
0.213 2 2 1 4.0 4.0 0.427 0.498 0.6374 0.6924 10.98 
0.214 2 2 1 4.0 4.0 0.429 0.471 0.6691 0.6804 10.99 
0.215 2 2 1 4.0 4.0 0.429 0.453 0.6691 0.7044 10.99 
0.216 2 2 1 4.0 4.0 0.420 0.438 0.6924 0.6804 11.00 
0.217 2 2 1 4.0 4.0 0.374 0.457 0.6691 0.6924 10.99 
0.218 2 2 1 4.0 4.0 0.370 0.474 0.6924 0.7575 10.99 
0.219 2 2 1 4.0 4.0 0.372 0.453 0.6924 0.7302 11.00 
0.220 2 2 1 4.0 4.0 0.385 0.384 0.7302 0.7434 11.00 
0.221 2 2 1 4.0 4.0 0.338 0.400 0.7302 0.7575 11.01 
0.222 2 2 1 4.0 4.0 0.340 0.396 0.7575 0.7575 11.00 
0.223 2 2 1 4.0 4.0 0.355 0.362 0.7575 0.7723 11.00 
0.224 2 2 1 4.0 4.0 0.368 0.315 0.8032 0.7723 11.01 
0.225 2 2 1 4.0 4.0 0.368 0.306 0.7575 0.7872 11.02 
0.226 2 2 1 4.0 4.0 0.322 0.354 0.7872 0.7872 11.01 
0.227 2 2 1 4.0 4.0 0.312 0.382 0.7723 0.8032 11.01 
0.228 2 2 1 4.0 4.0 0.312 0.330 0.7872 0.8193 11.01 
0.229 2 2 1 4.0 4.0 0.303 0.331 0.8032 0.7872 11.01 
0.230 2 2 1 4.0 4.0 0.291 0.336 0.8193 0.8366 11.01 
0.231 2 2 1 4.0 4.0 0.281 0.338 0.8032 0.8032 11.01 
0.232 2 2 1 4.0 4.0 0.295 0.323 0.8193 0.8193 11.01 
0.233 2 2 1 4.0 4.0 0.322 0.330 0.8366 0.8543 11.01 
0.234 2 2 1 4.0 4.0 0.292 0.340 0.8193 0.8727 11.01 
0.235 2 2 1 4.0 4.0 0.284 0.342 0.8366 0.8727 11.01 
0.236 2 2 1 4.0 4.0 0.286 0.314 0.8366 0.8366 11.01 
0.237 2 2 1 4.0 4.0 0.266 0.307 0.8727 0.8727 11.01 
0.238 2 2 1 4.0 4.0 0.261 0.336 0.8727 0.8924 11.01 
0.239 2 2 1 4.0 4.0 0.258 0.313 0.8366 0.9125 11.01 
0.240 2 2 1 4.0 4.0 0.259 0.268 0.8727 0.9125 11.02 
0.241 2 2 1 4.0 4.0 0.247 0.272 0.8543 0.9125 11.01 
0.242 2 2 1 4.0 4.0 0.248 0.338 0.8924 0.9338 11.02 
0.243 2 2 1 4.0 4.0 0.248 0.298 0.8924 0.9338 11.01 
0.244 2 2 1 4.0 4.0 0.252 0.269 0.9338 0.9125 11.02 
0.245 2 2 1 4.0 4.0 0.235 0.270 0.9338 0.9338 11.02 
0.246 2 2 1 4.0 4.0 0.227 0.246 0.9125 0.9338 11.01 
0.247 2 2 1 4.0 4.0 0.242 0.202 0.9559 0.9559 11.02 
0.248 2 2 1 4.0 4.0 0.243 0.212 0.9125 0.9559 11.02 
0.249 2 2 1 4.0 4.0 0.222 0.259 0.9125 0.9796 11.01 
0.250 2 2 1 4.0 4.0 0.221 0.246 0.9125 0.9796 11.02 
0.251 2 2 1 4.0 4.0 0.220 0.240 0.9559 1.0041 11.02 
0.252 2 2 1 4.0 4.0 0.212 0.252 0.9796 0.8924 11.02 
0.253 2 2 1 4.0 4.0 0.192 0.231 0.9796 0.9559 11.02 
0.254 2 2 1 4.0 4.0 0.210 0.249 0.9796 1.0041 11.02 
0.255 2 2 1 4.0 4.0 0.210 0.256 0.9796 1.0041 11.01 
0.256 2 2 1 4.0 4.0 0.206 0.273 0.9796 1.0041 11.01 
0.257 2 2 1 4.0 4.0 0.201 0.244 1.0041 1.0041 11.01 
0.258 2 2 1 4.0 4.0 0.197 0.217 1.0041 1.0298 11.02 
0.259 2 2 1 4.0 4.0 0.197 0.227 1.0041 1.0041 11.01 
0.260 2 2 1 4.0 4.0 0.187 0.241 0.9796 0.9796 11.01 
0.261 2 2 1 4.0 4.0 0.212 0.210 0.9796 0.9796 11.01 
0.262 2 2 1 4.0 4.0 0.194 0.253 1.0041 1.0298 11.02 
0.263 2 2 1 4.0 4.0 0.182 0.263 1.0298 1.0298 11.02 
0.264 2 2 1 4.0 4.0 0.183 0.196 1.0298 0.9796 11.02 
0.265 2 2 1 4.0 4.0 0.184 0.156 1.0298 1.0298 11.01 
0.266 2 2 1 4.0 4.0 0.187 0.160 1.0298 1.0298 11.02 
0.267 2 2 1 4.0 4.0 0.182 0.160 1.0852 1.0298 11.02 
0.268 2 2 1 4.0 4.0 0.189 0.190 1.0567 1.0041 11.02 
0.269 2 2 1 4.0 4.0 0.156 0.239 1.0298 1.0298 11.02 
0.270 2 2 1 4.0 4.0 0.150 0.217 1.0298 1.0298 11.02 
0.271 2 2 1 4.0 4.0 0.162 0.209 1.0852 1.0567 11.02 
0.272 2 2 1 4.0 4.0 0.159 0.204 1.0852 1.0567 11.02 
0.273 2 2 1 4.0 4.0 0.148 0.198 1.0298 1.0852 11.02 
0.274 2 2 1 4.0 4.0 0.175 0.196 1.0567 1.0567 11.02 
0.275 2 2 1 4.0 4.0 0.166 0.218 1.0567 1.0852 11.02 
0.276 2 2 1 4.0 4.0 0.174 0.180 1.0567 1.0567 11.02 
0.277 2 2 1 4.0 4.0 0.155 0.176 1.0567 1.0852 11.02 
0.278 2 2 1 4.0 4.0 0.158 0.190 1.0852 1.0852 11.03 
0.279 2 2 1 4.0 4.0 0.147 0.215 1.1153 1.0567 11.01 
0.280 2 2 1 4.0 4.0 0.155 0.205 1.0567 1.0567 11.02 
0.281 2 2 1 4.0 4.0 0.151 0.207 1.0567 1.1153 11.02 
0.282 2 2 1 4.0 4.0 0.132 0.191 1.0852 1.0852 10.98 
0.283 2 2 1 4.0 4.0 0.144 0.162 1.0852 1.0567 11.01 
0.284 2 2 1 4.0 4.0 0.159 0.178 1.0567 1.0852 11.02 
0.285 2 2 1 4.0 4.0 0.159 0.151 1.0567 1.0567 11.03 
0.286 2 2 1 4.0 4.0 0.161 0.115 1.1153 1.0852 11.03 
0.287 2 2 1 4.0 4.0 0.163 0.136 1.0852 1.0852 11.03 
0.288 2 2 1 4.0 4.0 0.119 0.173 1.0852 1.0852 11.02 
0.289 2 2 1 4.0 4.0 0.118 0.183 1.0852 1.1153 11.03 
0.290 2 2 1 4.0 4.0 0.144 0.164 1.0298 1.0852 11.02 
0.291 2 2 1 4.0 4.0 0.142 0.137 1.0852 1.1153 11.02 
0.292 2 2 1 4.0 4.0 0.133 0.126 1.1153 1.1153 11.02 
0.293 2 2 1 4.0 4.0 0.154 0.163 1.1153 1.1153 11.02 
0.294 2 2 1 4.0 4.0 0.148 0.186 1.0852 1.1153 11.02 
0.295 2 2 1 4.0 4.0 0.135 0.163 1.1153 1.1153 11.02 
0.296 2 2 1 4.0 4.0 0.138 0.181 1.1474 1.1153 11.03 
0.297 2 2 1 4.0 4.0 0.122 0.187 1.1153 1.1153 11.02 
0.298 2 2 1 4.0 4.0 0.137 0.180 1.1153 1.0852 11.02 
0.299 2 2 1 4.0 4.0 0.145 0.176 1.1153 1.1474 11.03 
0.300 2 2 1 4.0 4.0 0.128 0.151 1.1153 1.1474 11.03 
0.301 2 2 1 4.0 4.0 0.116 0.134 1.0852 1.1153 11.02 
0.302 2 2 1 4.0 4.0 0.136 0.146 1.1474 1.1153 11.02 
0.303 2 2 1 4.0 4.0 0.132 0.130 1.1153 1.1153 11.02 
0.304 2 2 1 4.0 4.0 0.114 0.116 1.1474 1.1474 11.03 
0.305 2 2 1 4.0 4.0 0.137 0.144 1.1153 1.1474 11.02 
0.306 2 2 1 4.0 4.0 0.126 0.159 1.1153 1.1153 11.03 
0.307 2 2 1 4.0 4.0 0.117 0.153 1.1153 1.1474 11.02 
0.308 2 2 1 4.0 4.0 0.121 0.164 1.1812 1.1153 11.02 
0.309 2 2 1 4.0 4.0 0.122 0.152 1.1153 1.1812 11.03 
0.310 2 2 1 4.0 4.0 0.124 0.156 1.1474 1.1812 11.03 
0.311 2 2 1 4.0 4.0 0.132 0.150 1.1474 1.1812 11.03 
0.312 2 2 1 4.0 4.0 0.124 0.136 1.1153 1.1474 11.03 
0.313 2 2 1 4.0 4.0 0.124 0.119 1.1474 1.1812 11.02 
0.314 2 2 1 4.0 4.0 0.143 0.156 1.1474 1.1474 11.02 
0.315 2 2 1 4.0 4.0 0.122 0.185 1.1474 1.1474 11.02 
0.316 2 2 1 4.0 4.0 0.109 0.138 1.1474 1.1812 11.03 
0.317 2 2 1 4.0 4.0 0.117 0.126 1.1153 1.1474 11.03 
0.318 2 2 1 4.0 4.0 0.136 0.100 1.1153 1.1474 11.03 
0.319 2 2 1 4.0 4.0 0.113 0.127 1.1474 1.1474 11.02 
0.320 2 2 1 4.0 4.0 0.124 0.125 1.1153 1.1474 11.03 
0.321 2 2 1 4.0 4.0 0.115 0.112 1.1153 1.1474 11.03 
0.322 2 2 1 4.0 4.0 0.105 0.129 1.1812 1.1474 11.03 
0.323 2 2 1 4.0 4.0 0.132 0.130 1.1474 1.1812 11.02 
0.324 2 2 1 4.0 4.0 0.105 0.145 1.1474 1.1812 11.02 
0.325 2 2 1 4.0 4.0 0.092 0.138 1.1474 1.1153 11.03 
0.326 2 2 1 4.0 4.0 0.104 0.142 1.1474 1.1474 11.03 
0.327 2 2 1 4.0 4.0 0.109 0.140 1.1812 1.1812 11.03 
0.328 2 2 1 4.0 4.0 0.116 0.153 1.1474 1.1812 11.03 
0.329 2 2 1 4.0 4.0 0.130 0.118 1.1474 1.1474 11.02 
0.330 2 2 1 4.0 4.0 0.111 0.122 1.1812 1.1812 11.02 
0.331 2 2 1 4.0 4.0 0.115 0.139 1.1812 1.1812 11.02 
0.332 2 2 1 4.0 4.0 0.122 0.164 1.1812 1.1812 11.02 
0.333 2 2 1 4.0 4.0 0.097 0.142 1.1812 1.1812 11.03 
0.334 2 2 1 4.0 4.0 0.095 0.144 1.1474 1.1812 11.03 
0.335 2 2 1 4.0 4.0 0.114 0.127 1.1812 1.1812 11.02 
0.336 2 2 1 4.0 4.0 0.111 0.112 1.1474 1.1474 11.03 
0.337 2 2 1 4.0 4.0 0.099 0.131 1.1812 1.1474 11.03 
0.338 2 2 1 4.0 4.0 0.108 0.118 1.1812 1.1812 11.03 
0.339 2 2 1 4.0 4.0 0.101 0.095 1.1812 1.1812 11.03 
0.340 2 2 1 4.0 4.0 0.111 0.126 1.1812 1.1812 11.02 
0.341 2 2 1 4.0 4.0 0.089 0.117 1.0041 1.2169 11.03 
0.342 2 2 1 4.0 4.0 0.090 0.108 1.1474 1.1474 11.02 
0.343 2 2 1 4.0 4.0 0.097 0.133 1.1812 1.1812 11.03 
0.344 2 2 1 4.0 4.0 0.115 0.123 1.1474 1.1812 11.02 
0.345 2 2 1 4.0 4.0 0.106 0.145 1.1812 1.1812 11.02 
0.346 2 2 1 4.0 4.0 0.109 0.121 1.0567 1.1474 11.02 
0.347 2 2 1 4.0 4.0 0.128 0.104 1.1474 1.1812 11.02 
0.348 2 2 1 4.0 4.0 0.107 0.121 1.1812 1.1153 11.02 
0.349 2 2 1 4.0 4.0 0.109 0.139 1.1474 1.1812 11.03 
0.350 2 2 1 4.0 4.0 0.118 0.139 1.1812 1.1812 11.02 
0.351 2 2 1 4.0 4.0 0.094 0.137 1.1812 1.1812 11.02 
0.352 2 2 2 -4.0 -4.0 0.105 0.105 1.1474 1.1812 11.02 
0.353 2 2 2 -4.0 -4.0 -0.193 0.002 1.1812 1.1812 11.01 
0.354 2 2 2 -4.0 -4.0 -0.826 -0.809 1.1474 1.1812 10.97 
0.355 2 2 2 -4.0 -4.0 -1.047 -1.137 1.1153 1.1474 10.94 
0.356 2 2 2 -4.0 -4.0 -1.324 -1.626 1.0567 1.0852 10.90 
0.357 2 2 2 -4.0 -4.0 -1.534 -1.677 1.0567 1.0567 10.91 
0.358 2 2 2 -4.0 -4.0 -1.591 -1.636 0.9125 0.9125 10.91 
0.359 2 2 2 -4.0 -4.0 -1.427 -1.793 0.8924 0.9125 10.91 
0.360 2 2 2 -4.0 -4.0 -1.487 -1.909 0.8032 0.7872 10.92 
0.361 2 2 2 -4.0 -4.0 -1.602 -1.626 0.7575 0.7723 10.92 
0.362 2 2 2 -4.0 -4.0 -1.553 -1.602 0.7169 0.7723 10.92 
0.363 2 2 2 -4.0 -4.0 -1.300 -1.740 0.6474 0.6804 10.92 
0.364 2 2 2 -4.0 -4.0 -1.330 -1.829 0.5655 0.6583 10.91 
0.365 2 2 2 -4.0 -4.0 -1.408 -1.810 0.5655 0.5575 10.92 
0.366 2 2 2 -4.0 -4.0 -1.455 -1.544 0.4956 0.5281 10.92 
0.367 2 2 2 -4.0 -4.0 -1.450 -1.429 0.4723 0.4956 10.91 
0.368 2 2 2 -4.0 -4.0 -1.396 -1.468 0.3582 0.3651 10.91 
0.369 2 2 2 -4.0 -4.0 -1.378 -1.517 0.3374 0.3430 10.92 
0.370 2 2 2 -4.0 -4.0 -1.121 -1.559 0.3374 0.3430 10.92 
0.371 2 2 2 -4.0 -4.0 -1.085 -1.586 0.2305 0.2807 10.94 
0.372 2 2 2 -4.0 -4.0 -1.119 -1.552 0.2305 0.2510 10.93 
0.373 2 2 2 -4.0 -4.0 -1.170 -1.497 0.1940 0.1659 10.94 
0.374 2 2 2 -4.0 -4.0 -1.166 -1.456 0.1940 0.1659 10.93 
0.375 2 2 2 -4.0 -4.0 -1.158 -1.433 0.1707 0.1659 10.94 
0.376 2 2 2 -4.0 -4.0 -1.141 -1.458 0.1197 0.1261 10.95 
0.377 2 2 2 -4.0 -4.0 -1.097 -1.463 0.0920 0.0956 10.94 
0.378 2 2 2 -4.0 -4.0 -1.062 -1.397 0.0747 0.0771 10.94 
0.379 2 2 2 -4.0 -4.0 -1.027 -1.299 0.0631 0.0647 10.95 
0.380 2 2 2 -4.0 -4.0 -0.989 -1.239 -0.0598 -0.0566 10.96 
0.381 2 2 2 -4.0 -4.0 -0.952 -1.220 -0.0598 -0.0566 10.96 
0.382 2 2 2 -4.0 -4.0 -0.917 -1.169 -0.1831 -0.0566 10.97 
0.383 2 2 2 -4.0 -4.0 -0.908 -1.139 -0.1831 -0.1767 10.97 
0.384 2 2 2 -4.0 -4.0 -0.771 -1.086 -0.2056 -0.2446 10.97 
0.385 2 2 2 -4.0 -4.0 -0.756 -1.011 -0.2827 -0.2446 10.98 
0.386 2 2 2 -4.0 -4.0 -0.774 -0.963 -0.2827 -0.2767 10.98 
0.387 2 2 2 -4.0 -4.0 -0.769 -0.941 -0.2868 -0.2848 10.98 
0.388 2 2 2 -4.0 -4.0 -0.762 -0.865 -0.3582 -0.3550 10.99 
0.389 2 2 2 -4.0 -4.0 -0.755 -0.798 -0.3462 -0.3715 10.98 
0.390 2 2 2 -4.0 -4.0 -0.745 -0.771 -0.3751 -0.3976 10.99 
0.391 2 2 2 -4.0 -4.0 -0.732 -0.711 -0.3582 -0.3936 11.00 
0.392 2 2 2 -4.0 -4.0 -0.709 -0.743 -0.4016 -0.4097 10.99 
0.393 2 2 2 -4.0 -4.0 -0.651 -0.773 -0.4181 -0.4181 10.99 
0.394 2 2 2 -4.0 -4.0 -0.558 -0.769 -0.4562 -0.4410 10.99 
0.395 2 2 2 -4.0 -4.0 -0.563 -0.760 -0.5020 -0.4723 10.99 
0.396 2 2 2 -4.0 -4.0 -0.568 -0.733 -0.4896 -0.4896 11.00 
0.397 2 2 2 -4.0 -4.0 -0.559 -0.713 -0.5213 -0.5213 11.00 
0.398 2 2 2 -4.0 -4.0 -0.543 -0.677 -0.5498 -0.4896 11.00 
0.399 2 2 2 -4.0 -4.0 -0.489 -0.625 -0.5655 -0.5281 11.00 
0.400 2 2 2 -4.0 -4.0 -0.499 -0.590 -0.5655 -0.5820 11.00 
0.401 2 2 2 -4.0 -4.0 -0.507 -0.577 -0.5655 -0.5575 11.00 
0.402 2 2 2 -4.0 -4.0 -0.514 -0.570 -0.5992 -0.5992 11.00 
0.403 2 2 2 -4.0 -4.0 -0.502 -0.583 -0.5820 -0.5992 11.00 
0.404 2 2 2 -4.0 -4.0 -0.489 -0.543 -0.6177 -0.6085 11.00 
0.405 2 2 2 -4.0 -4.0 -0.415 -0.546 -0.6474 -0.6085 11.01 
0.406 2 2 2 -4.0 -4.0 -0.413 -0.524 -0.6691 -0.6273 11.01 
0.407 2 2 2 -4.0 -4.0 -0.404 -0.506 -0.6474 -0.6374 11.01 
0.408 2 2 2 -4.0 -4.0 -0.411 -0.499 -0.6691 -0.6583 11.01 
0.409 2 2 2 -4.0 -4.0 -0.400 -0.479 -0.6691 -0.6691 11.01 
0.410 2 2 2 -4.0 -4.0 -0.370 -0.452 -0.6924 -0.6804 11.02 
0.411 2 2 2 -4.0 -4.0 -0.354 -0.450 -0.7302 -0.6924 11.01 
0.412 2 2 2 -4.0 -4.0 -0.358 -0.442 -0.7302 -0.7044 11.02 
0.413 2 2 2 -4.0 -4.0 -0.362 -0.418 -0.7575 -0.7434 11.02 
0.414 2 2 2 -4.0 -4.0 -0.331 -0.426 -0.7723 -0.7169 11.01 
0.415 2 2 2 -4.0 -4.0 -0.314 -0.437 -0.7872 -0.7169 11.01 
0.416 2 2 2 -4.0 -4.0 -0.309 -0.440 -0.7723 -0.7434 11.02 
0.417 2 2 2 -4.0 -4.0 -0.305 -0.453 -0.7723 -0.7575 11.01 
0.418 2 2 2 -4.0 -4.0 -0.305 -0.424 -0.7575 -0.7723 11.01 
0.419 2 2 2 -4.0 -4.0 -0.318 -0.391 -0.8032 -0.8032 11.01 
0.420 2 2 2 -4.0 -4.0 -0.322 -0.355 -0.8193 -0.7872 11.02 
0.421 2 2 2 -4.0 -4.0 -0.328 -0.341 -0.8032 -0.8193 11.02 
0.422 2 2 2 -4.0 -4.0 -0.324 -0.363 -0.8193 -0.8193 11.01 
0.423 2 2 2 -4.0 -4.0 -0.300 -0.368 -0.8543 -0.8193 11.02 
0.424 2 2 2 -4.0 -4.0 -0.293 -0.381 -0.8366 -0.8366 11.01 
0.425 2 2 2 -4.0 -4.0 -0.286 -0.391 -0.8366 -0.8366 11.01 
0.426 2 2 2 -4.0 -4.0 -0.275 -0.365 -0.8543 -0.7872 11.01 
0.427 2 2 2 -4.0 -4.0 -0.286 -0.333 -0.8193 -0.8366 11.01 
0.428 2 2 2 -4.0 -4.0 -0.291 -0.337 -0.8727 -0.8193 11.01 
0.429 2 2 2 -4.0 -4.0 -0.289 -0.329 -0.8543 -0.8543 11.01 
0.430 2 2 2 -4.0 -4.0 -0.267 -0.319 -0.8727 -0.8727 11.02 
0.431 2 2 2 -4.0 -4.0 -0.251 -0.315 -0.8727 -0.8727 11.02 
0.432 2 2 2 -4.0 -4.0 -0.246 -0.290 -0.8924 -0.8924 11.03 
0.433 2 2 2 -4.0 -4.0 -0.242 -0.283 -0.8924 -0.8924 11.02 
0.434 2 2 2 -4.0 -4.0 -0.244 -0.280 -0.9338 -0.8543 11.02 
0.435 2 2 2 -4.0 -4.0 -0.242 -0.282 -0.9125 -0.9125 11.03 
0.436 2 2 2 -4.0 -4.0 -0.229 -0.280 -0.9338 -0.9125 11.02 
0.437 2 2 2 -4.0 -4.0 -0.223 -0.275 -0.9338 -0.9338 11.02 
0.438 2 2 2 -4.0 -4.0 -0.210 -0.280 -0.9338 -0.9338 11.02 
0.439 2 2 2 -4.0 -4.0 -0.206 -0.300 -0.9338 -0.9338 11.03 
0.440 2 2 2 -4.0 -4.0 -0.216 -0.330 -0.9338 -0.9338 11.02 
0.441 2 2 2 -4.0 -4.0 -0.229 -0.288 -0.9796 -0.9796 11.02 
0.442 2 2 2 -4.0 -4.0 -0.222 -0.253 -0.9796 -0.9559 11.03 
0.443 2 2 2 -4.0 -4.0 -0.229 -0.240 -0.9796 -0.9559 11.02 
0.444 2 2 2 -4.0 -4.0 -0.227 -0.266 -1.0041 -0.9559 11.03 
0.445 2 2 2 -4.0 -4.0 -0.215 -0.289 -1.0041 -0.9796 11.03 
0.446 2 2 2 -4.0 -4.0 -0.202 -0.273 -0.9796 -0.9796 11.03 
0.447 2 2 2 -4.0 -4.0 -0.202 -0.272 -1.0298 -0.9338 11.03 
0.448 2 2 2 -4.0 -4.0 -0.212 -0.243 -1.0041 -0.9796 11.03 
0.449 2 2 2 -4.0 -4.0 -0.212 -0.239 -1.0041 -0.9796 11.02 
0.450 2 2 2 -4.0 -4.0 -0.207 -0.266 -1.0041 -0.9796 11.03 
0.451 2 2 2 -4.0 -4.0 -0.189 -0.262 -1.0567 -1.0041 11.03 
0.452 2 2 2 -4.0 -4.0 -0.170 -0.246 -1.0567 -1.0041 11.03 
0.453 2 2 2 -4.0 -4.0 -0.170 -0.213 -1.0298 -1.0041 11.03 
0.454 2 2 2 -4.0 -4.0 -0.183 -0.204 -1.0298 -1.0041 11.03 
0.455 2 2 2 -4.0 -4.0 -0.172 -0.195 -1.0567 -1.0041 11.03 
0.456 2 2 2 -4.0 -4.0 -0.180 -0.192 -1.0567 -1.0041 11.03 
0.457 2 2 2 -4.0 -4.0 -0.172 -0.199 -1.0567 -1.0567 11.02 
0.458 2 2 2 -4.0 -4.0 -0.178 -0.213 -1.0567 -1.0298 11.02 
0.459 2 2 2 -4.0 -4.0 -0.165 -0.224 -1.0852 -1.0298 11.02 
0.460 2 2 2 -4.0 -4.0 -0.161 -0.267 -1.0567 -1.0298 11.02 
0.461 2 2 2 -4.0 -4.0 -0.169 -0.239 -1.0567 -1.0567 11.02 
0.462 2 2 2 -4.0 -4.0 -0.172 -0.220 -1.0567 -1.0298 11.02 
0.463 2 2 2 -4.0 -4.0 -0.184 -0.211 -1.0852 -1.0567 11.02 
0.464 2 2 2 -4.0 -4.0 -0.181 -0.212 -1.1153 -1.0567 11.03 
0.465 2 2 2 -4.0 -4.0 -0.159 -0.222 -1.0567 -1.0567 11.03 
0.466 2 2 2 -4.0 -4.0 -0.158 -0.206 -1.0852 -1.0852 11.03 
0.467 2 2 2 -4.0 -4.0 -0.168 -0.206 -1.0852 -1.0852 11.02 
0.468 2 2 2 -4.0 -4.0 -0.161 -0.186 -1.0852 -1.0567 11.03 
0.469 2 2 2 -4.0 -4.0 -0.156 -0.189 -1.0852 -1.0852 11.02 
0.470 2 2 2 -4.0 -4.0 -0.141 -0.194 -1.1474 -1.0852 11.02 
0.471 2 2 2 -4.0 -4.0 -0.130 -0.211 -1.0852 -1.0852 11.02 
0.472 2 2 2 -4.0 -4.0 -0.123 -0.165 -1.0852 -1.0852 11.03 
0.473 2 2 2 -4.0 -4.0 -0.137 -0.148 -1.1153 -1.0852 11.02 
0.474 2 2 2 -4.0 -4.0 -0.128 -0.155 -1.1153 -1.0567 11.03 
0.475 2 2 2 -4.0 -4.0 -0.155 -0.152 -1.0852 -1.0567 11.02 
0.476 2 2 2 -4.0 -4.0 -0.155 -0.181 -1.1153 -1.0852 11.02 
0.477 2 2 2 -4.0 -4.0 -0.116 -0.199 -1.1153 -1.0567 11.03 
0.478 2 2 2 -4.0 -4.0 -0.119 -0.202 -1.0852 -1.0852 11.02 
0.479 2 2 2 -4.0 -4.0 -0.142 -0.216 -1.1474 -1.0567 11.03 
0.480 2 2 2 -4.0 -4.0 -0.149 -0.191 -1.1474 -1.1153 11.03 
0.481 2 2 2 -4.0 -4.0 -0.151 -0.165 -1.1153 -1.0852 11.02 
0.482 2 2 2 -4.0 -4.0 -0.141 -0.152 -1.1812 -1.0852 11.03 
0.483 2 2 2 -4.0 -4.0 -0.127 -0.175 -1.1474 -1.0852 11.02 
0.484 2 2 2 -4.0 -4.0 -0.122 -0.176 -1.1474 -1.1153 11.02 
0.485 2 2 2 -4.0 -4.0 -0.146 -0.190 -1.1153 -1.0567 11.02 
0.486 2 2 2 -4.0 -4.0 -0.150 -0.191 -1.1474 -1.1153 11.02 
0.487 2 2 2 -4.0 -4.0 -0.158 -0.171 -1.1153 -1.0852 11.02 
0.488 2 2 2 -4.0 -4.0 -0.142 -0.165 -1.1812 -1.1153 11.02 
0.489 2 2 2 -4.0 -4.0 -0.115 -0.161 -1.0852 -1.1153 11.02 
0.490 2 2 2 -4.0 -4.0 -0.115 -0.166 -1.1474 -1.1153 11.02 
0.491 2 2 2 -4.0 -4.0 -0.138 -0.110 -1.1474 -1.1153 11.02 
0.492 2 2 2 -4.0 -4.0 -0.122 -0.133 -1.1474 -1.1153 11.03 
0.493 2 2 2 -4.0 -4.0 -0.126 -0.136 -1.1474 -1.1153 11.03 
0.494 2 2 2 -4.0 -4.0 -0.108 -0.157 -1.1812 -1.1153 11.03 
0.495 2 2 2 -4.0 -4.0 -0.101 -0.165 -1.1474 -1.1153 11.03 
0.496 2 2 2 -4.0 -4.0 -0.104 -0.156 -1.1474 -1.1153 11.03 
0.497 2 2 2 -4.0 -4.0 -0.118 -0.165 -1.1812 -1.1153 11.03 
0.498 2 2 2 -4.0 -4.0 -0.113 -0.158 -1.1474 -1.1474 11.03 
0.499 2 2 2 -4.0 -4.0 -0.125 -0.112 -1.1812 -1.1153 11.03 
0.500 2 2 2 -4.0 -4.0 -0.134 -0.116 -1.1474 -1.1153 11.03 
0.501 2 2 2 -4.0 -4.0 -0.089 -0.136 -1.1474 -1.1474 11.02 
0.502 2 2 2 -4.0 -4.0 -0.119 -0.148 -1.1812 -1.1474 11.02 
0.503 2 2 3 0.0 0.0 -0.118 -0.173 -1.1812 -1.1153 11.02 
0.504 2 2 3 0.0 0.0 0.031 -0.111 -1.1812 -1.1153 11.03 
0.505 2 2 3 0.0 0.0 0.262 0.224 -1.1153 -1.1153 11.04 
0.506 2 2 3 0.0 0.0 0.489 0.450 -1.1474 -1.1153 11.04 
0.507 2 2 3 0.0 0.0 0.686 0.643 -1.1153 -1.0852 11.03 
0.508 2 2 3 0.0 0.0 0.634 0.804 -1.0852 -1.0567 11.03 
0.509 2 2 3 0.0 0.0 0.662 0.733 -1.0298 -1.0567 11.04 
0.510 2 2 3 0.0 0.0 0.752 0.719 -1.0298 -1.0298 11.04 
0.511 2 2 3 0.0 0.0 0.698 0.825 -1.0041 -1.0041 11.03 
0.512 2 2 3 0.0 0.0 0.627 0.757 -1.0041 -1.0041 11.03 
0.513 2 2 3 0.0 0.0 0.680 0.673 -0.9559 -0.9559 11.03 
0.514 2 2 3 0.0 0.0 0.708 0.743 -0.9338 -0.8727 11.04 
0.515 2 2 3 0.0 0.0 0.579 0.803 -0.8543 -0.8366 11.04 
0.516 2 2 3 0.0 0.0 0.562 0.752 -0.8543 -0.8032 11.04 
0.517 2 2 3 0.0 0.0 0.626 0.637 -0.8366 -0.8193 11.04 
0.518 2 2 3 0.0 0.0 0.653 0.676 -0.8032 -0.7575 11.04 
0.519 2 2 3 0.0 0.0 0.528 0.711 -0.7872 -0.7434 11.04 
0.520 2 2 3 0.0 0.0 0.516 0.616 -0.8032 -0.7302 11.04 
0.521 2 2 3 0.0 0.0 0.573 0.550 -0.7723 -0.7302 11.04 
0.522 2 2 3 0.0 0.0 0.597 0.606 -0.7302 -0.7044 11.04 
0.523 2 2 3 0.0 0.0 0.480 0.683 -0.7044 -0.6924 11.04 
0.524 2 2 3 0.0 0.0 0.412 0.662 -0.6273 -0.6691 11.04 
0.525 2 2 3 0.0 0.0 0.448 0.569 -0.6691 -0.5904 11.04 
0.526 2 2 3 0.0 0.0 0.500 0.480 -0.6691 -0.6085 11.04 
0.527 2 2 3 0.0 0.0 0.509 0.499 -0.6177 -0.6273 11.04 
0.528 2 2 3 0.0 0.0 0.452 0.562 -0.5735 -0.5655 11.04 
0.529 2 2 3 0.0 0.0 0.360 0.576 -0.5904 -0.5655 11.04 
0.530 2 2 3 0.0 0.0 0.379 0.550 -0.5820 -0.5498 11.03 
0.531 2 2 3 0.0 0.0 0.422 0.426 -0.5354 -0.5213 11.04 
0.532 2 2 3 0.0 0.0 0.452 0.412 -0.5426 -0.5213 11.03 
0.533 2 2 3 0.0 0.0 0.454 0.447 -0.5149 -0.4956 11.03 
0.534 2 2 3 0.0 0.0 0.402 0.481 -0.4723 -0.4723 11.04 
0.535 2 2 3 0.0 0.0 0.314 0.468 -0.4779 -0.4615 11.03 
0.536 2 2 3 0.0 0.0 0.291 0.385 -0.4462 -0.4362 11.04 
0.537 2 2 3 0.0 0.0 0.307 0.313 -0.4562 -0.4317 11.04 
0.538 2 2 3 0.0 0.0 0.341 0.267 -0.3683 -0.4181 11.04 
0.539 2 2 3 0.0 0.0 0.361 0.282 -0.3976 -0.4137 11.04 
0.540 2 2 3 0.0 0.0 0.361 0.325 -0.3787 -0.3550 11.04 
0.541 2 2 3 0.0 0.0 0.337 0.370 -0.3976 -0.3715 11.04 
0.542 2 2 3 0.0 0.0 0.301 0.396 -0.3522 -0.3651 11.04 
0.543 2 2 3 0.0 0.0 0.229 0.383 -0.3896 -0.3462 11.04 
0.544 2 2 3 0.0 0.0 0.226 0.335 -0.3522 -0.3374 11.04 
0.545 2 2 3 0.0 0.0 0.251 0.284 -0.3715 -0.3064 11.04 
0.546 2 2 3 0.0 0.0 0.265 0.235 -0.3715 -0.3137 11.04 
0.547 2 2 3 0.0 0.0 0.282 0.209 -0.3040 -0.3137 11.04 
0.548 2 2 3 0.0 0.0 0.285 0.222 -0.3317 -0.3213 11.04 
0.549 2 2 3 0.0 0.0 0.275 0.240 -0.2711 -0.3016 11.04 
0.550 2 2 3 0.0 0.0 0.250 0.264 -0.2711 -0.2659 11.05 
0.551 2 2 3 0.0 0.0 0.231 0.278 -0.3016 -0.2659 11.04 
0.552 2 2 3 0.0 0.0 0.214 0.284 -0.2402 -0.2639 11.03 
0.553 2 2 3 0.0 0.0 0.173 0.274 -0.2362 -0.2590 11.03 
0.554 2 2 3 0.0 0.0 0.149 0.256 -0.2711 -0.2253 11.04 
0.555 2 2 3 0.0 0.0 0.147 0.238 -0.2695 -0.2293 11.04 
0.556 2 2 3 0.0 0.0 0.149 0.223 -0.2293 -0.2293 11.04 
0.557 2 2 3 0.0 0.0 0.155 0.206 -0.2494 -0.2068 11.04 
0.558 2 2 3 0.0 0.0 0.173 0.183 -0.2494 -0.2068 11.04 
0.559 2 2 3 0.0 0.0 0.194 0.160 -0.2056 -0.2048 11.04 
0.560 2 2 3 0.0 0.0 0.199 0.153 -0.2056 -0.2048 11.04 
0.561 2 2 3 0.0 0.0 0.197 0.121 -0.2113 -0.1892 11.04 
0.562 2 2 3 0.0 0.0 0.191 0.129 -0.2113 -0.1767 11.04 
0.563 2 2 3 0.0 0.0 0.178 0.148 -0.1759 -0.1767 11.04 
0.564 2 2 3 0.0 0.0 0.161 0.154 -0.1578 -0.1759 11.04 
0.565 2 2 3 0.0 0.0 0.144 0.159 -0.1578 -0.1759 11.04 
0.566 2 2 3 0.0 0.0 0.131 0.167 -0.1751 -0.1671 11.04 
0.567 2 2 3 0.0 0.0 0.110 0.174 -0.1751 -0.1671 11.04 
0.568 2 2 3 0.0 0.0 0.094 0.170 -0.1639 -0.1671 11.04 
0.569 2 2 3 0.0 0.0 0.088 0.161 -0.1474 -0.1370 11.05 
0.570 2 2 3 0.0 0.0 0.075 0.148 -0.1474 -0.1370 11.04 
0.571 2 2 3 0.0 0.0 0.070 0.140 -0.1498 -0.1370 11.04 
0.572 2 2 3 0.0 0.0 0.093 0.118 -0.1498 -0.1237 11.03 
0.573 2 2 3 0.0 0.0 0.093 0.110 -0.1498 -0.0996 11.04 
0.574 2 2 3 0.0 0.0 0.094 0.097 -0.1313 -0.0996 11.04 
0.575 2 2 3 0.0 0.0 0.090 0.087 -0.1241 -0.0996 11.04 
0.576 2 2 3 0.0 0.0 0.092 0.068 -0.1241 -0.0996 11.04 
0.577 2 2 3 0.0 0.0 0.090 0.048 -0.1241 -0.0948 11.04 
0.578 2 2 3 0.0 0.0 0.083 0.045 -0.1125 -0.0912 11.04 
0.579 2 2 3 0.0 0.0 0.081 0.040 -0.1125 -0.0912 11.04 
0.580 2 2 3 0.0 0.0 0.081 0.037 -0.1125 -0.0912 11.04 
0.581 2 2 3 0.0 0.0 0.084 0.038 -0.1125 -0.0912 11.04 
0.582 2 2 3 0.0 0.0 0.079 0.040 -0.0940 -0.0831 11.04 
0.583 2 2 3 0.0 0.0 0.071 0.051 -0.0791 -0.0807 11.04 
0.584 2 2 3 0.0 0.0 0.075 0.061 -0.0791 -0.0807 11.04 
0.585 2 2 3 0.0 0.0 0.069 0.054 -0.0791 -0.0807 11.04 
0.586 2 2 3 0.0 0.0 0.064 0.042 -0.0791 -0.0807 11.04 
0.587 2 2 3 0.0 0.0 0.060 0.043 -0.0791 -0.0807 11.04 
0.588 2 2 3 0.0 0.0 0.056 0.044 -0.0771 -0.0699 11.04 
0.589 2 2 3 0.0 0.0 0.045 0.042 -0.0647 -0.0699 11.04 
0.590 2 2 3 0.0 0.0 0.039 0.042 -0.0623 -0.0699 11.04 
0.591 2 2 3 0.0 0.0 0.040 0.046 -0.0623 -0.0699 11.04 
0.592 2 2 3 0.0 0.0 0.033 0.044 -0.0623 -0.0699 11.05 
0.593 2 2 3 0.0 0.0 0.026 0.046 -0.0623 -0.0699 11.05 
0.594 2 2 3 0.0 0.0 0.026 0.035 -0.0623 -0.0655 11.05 
0.595 2 2 3 0.0 0.0 0.027 0.037 -0.0623 -0.0562 11.03 
0.596 2 2 3 0.0 0.0 0.025 0.037 -0.0590 -0.0494 11.04 
0.597 2 2 3 0.0 0.0 0.025 0.038 -0.0514 -0.0438 11.03 
0.598 2 2 3 0.0 0.0 0.025 0.028 -0.0458 -0.0430 11.03 
0.599 2 2 3 0.0 0.0 0.026 0.025 -0.0410 -0.0430 11.04 
0.600 2 2 3 0.0 0.0 0.024 0.023 -0.0369 -0.0430 11.05 
0.601 2 2 3 0.0 0.0 0.020 0.023 -0.0337 -0.0430 11.05 
0.602 2 2 3 0.0 0.0 0.018 0.020 -0.0313 -0.0430 11.05 
0.603 2 2 3 0.0 0.0 0.018 0.020 -0.0289 -0.0430 11.05 
0.604 2 2 3 0.0 0.0 0.017 0.018 -0.0289 -0.0430 11.04 
0.605 2 2 3 0.0 0.0 0.010 0.014 -0.0289 -0.0430 11.04 
0.606 2 2 3 0.0 0.0 0.012 0.012 -0.0289 -0.0430 11.04 
0.607 2 2 3 0.0 0.0 0.010 0.006 -0.0289 -0.0406 11.04 
0.608 2 2 3 0.0 0.0 0.008 0.004 -0.0289 -0.0369 11.04 
0.609 2 2 3 0.0 0.0 0.011 -0.003 -0.0289 -0.0337 11.04 
0.610 2 2 3 0.0 0.0 0.016 0.000 -0.0289 -0.0313 11.04 
0.611 2 2 3 0.0 0.0 0.018 0.001 -0.0289 -0.0289 11.05 
0.612 2 2 3 0.0 0.0 0.013 -0.009 -0.0289 -0.0269 11.04 
0.613 2 2 3 0.0 0.0 0.013 -0.004 -0.0289 -0.0253 11.04 
0.614 2 2 3 0.0 0.0 0.009 -0.007 -0.0289 -0.0237 11.04 
0.615 2 2 3 0.0 0.0 0.007 -0.008 -0.0289 -0.0225 11.04 
0.616 2 2 3 0.0 0.0 0.008 0.003 -0.0289 -0.0213 11.04 
0.617 2 2 3 0.0 0.0 0.016 -0.001 -0.0285 -0.0201 11.04 
0.618 2 2 3 0.0 0.0 0.010 -0.003 -0.0265 -0.0193 11.04 
0.619 2 2 3 0.0 0.0 0.011 -0.001 -0.0249 -0.0181 11.05 
0.620 2 2 3 0.0 0.0 0.008 -0.000 -0.0233 -0.0173 11.05 
0.621 2 2 3 0.0 0.0 0.004 -0.002 -0.0221 -0.0165 11.05 
0.622 2 2 3 0.0 0.0 0.007 -0.002 -0.0209 -0.0161 11.05 
0.623 2 2 3 0.0 0.0 0.010 -0.002 -0.0201 -0.0153 11.05 
0.624 2 2 3 0.0 0.0 0.001 -0.003 -0.0189 -0.0149 11.04 
0.625 2 2 3 0.0 0.0 -0.001 -0.004 -0.0181 -0.0141 11.04 
0.626 2 2 3 0.0 0.0 0.004 -0.000 -0.0173 -0.0137 11.04 
0.627 2 2 3 0.0 0.0 0.001 0.000 -0.0165 -0.0133 11.04 
0.628 2 2 3 0.0 0.0 0.007 -0.003 -0.0161 -0.0129 11.04 
0.629 2 2 3 0.0 0.0 -0.001 0.000 -0.0153 -0.0125 11.04 
0.630 2 2 3 0.0 0.0 -0.002 -0.002 -0.0149 -0.0120 11.04 
0.631 2 2 3 0.0 0.0 -0.001 0.003 -0.0141 -0.0116 11.04 
0.632 2 2 3 0.0 0.0 -0.005 -0.001 -0.0137 -0.0112 11.04 
0.633 2 2 3 0.0 0.0 -0.001 0.004 -0.0133 -0.0108 11.04 
0.634 2 2 3 0.0 0.0 -0.003 0.008 -0.0129 -0.0108 11.04 
0.635 2 2 3 0.0 0.0 0.007 0.009 -0.0125 -0.0104 11.03 
0.636 2 2 3 0.0 0.0 0.007 0.004 -0.0120 -0.0100 11.04 
0.637 2 2 3 0.0 0.0 0.007 0.002 -0.0116 -0.0100 11.03 
0.638 2 2 3 0.0 0.0 -0.002 0.000 -0.0112 -0.0096 11.04 
0.639 2 2 3 0.0 0.0 -0.005 0.005 -0.0108 -0.0092 11.03 
0.640 2 2 3 0.0 0.0 -0.001 0.002 -0.0108 -0.0092 11.04 
0.641 2 2 3 0.0 0.0 -0.002 0.004 -0.0104 -0.0088 11.04 
0.642 2 2 3 0.0 0.0 0.001 0.002 -0.0100 -0.0088 11.04 
0.643 2 2 3 0.0 0.0 0.003 0.003 -0.0100 -0.0084 11.04 
0.644 2 2 3 0.0 0.0 0.004 0.002 -0.0096 -0.0084 11.04 
0.645 2 2 3 0.0 0.0 -0.001 0.001 -0.0092 -0.0080 11.04 
0.646 2 2 3 0.0 0.0 0.000 0.002 -0.0092 -0.0080 11.04 
0.647 2 2 3 0.0 0.0 -0.004 0.004 -0.0088 -0.0080 11.04 
0.648 2 2 3 0.0 0.0 -0.001 0.001 -0.0088 -0.0076 11.04 
0.649 2 2 3 0.0 0.0 -0.001 0.000 -0.0084 -0.0076 11.04 
0.650 2 2 3 0.0 0.0 -0.003 -0.004 -0.0084 -0.0072 11.04 
0.651 2 2 3 0.0 0.0 -0.001 0.000 -0.0080 -0.0072 11.04 
0.652 2 2 3 0.0 0.0 -0.001 0.004 -0.0080 -0.0072 11.05 
0.653 2 2 3 0.0 0.0 -0.001 0.004 -0.0080 -0.0068 11.05 
0.654 2 2 3 0.0 0.0 -0.003 0.000 -0.0076 -0.0068 11.05 
0.655 2 2 3 0.0 0.0 -0.003 -0.001 -0.0076 -0.0068 11.04 
0.656 2 2 3 0.0 0.0 0.001 -0.000 -0.0072 -0.0068 11.04 
0.657 2 2 3 0.0 0.0 -0.005 0.004 -0.0072 -0.0064 11.05 
0.658 2 2 3 0.0 0.0 -0.001 0.000 -0.0072 -0.0064 11.04 
0.659 2 2 3 0.0 0.0 0.001 -0.000 -0.0068 -0.0064 11.04 
0.660 2 2 3 0.0 0.0 0.000 -0.000 -0.0068 -0.0060 11.04 
0.661 2 2 3 0.0 0.0 -0.003 -0.001 -0.0068 -0.0060 11.04 
0.662 2 2 3 0.0 0.0 -0.002 -0.003 -0.0064 -0.0060 11.04 
0.663 2 2 3 0.0 0.0 0.002 -0.003 -0.0064 -0.0060 11.04 
0.664 2 2 3 0.0 0.0 0.003 -0.007 -0.0064 -0.0056 11.05 
0.665 2 2 3 0.0 0.0 0.003 -0.003 -0.0064 -0.0056 11.05 
