%% logfile from robot Alberte (14)
% Alberte (14)
%  1    time 0.000 sec
%  2  3  4   (mission 0), state 2, thread 2, line 0
%  5  6 Motor voltage [V] left, right: 2.0 2.0
%  7  8 Motor current left, right [A]: 0.063 0.069
%  9 10 Wheel velocity [m/s] left, right: -0.0000 -0.0000
% 11    Battery voltage [V]: 11.54
0.001 2 2 0 2.0 2.0 0.007 -0.004 -0.0000 -0.0000 11.54 
0.002 2 2 0 2.0 2.0 0.169 0.115 -0.0000 -0.0000 11.53 
0.003 2 2 0 2.0 2.0 0.319 0.257 -0.0000 -0.0000 11.53 
0.004 2 2 0 2.0 2.0 0.398 0.330 -0.0000 -0.0000 11.53 
0.005 2 2 0 2.0 2.0 0.428 0.336 0.0000 -0.0000 11.53 
0.006 2 2 0 2.0 2.0 0.429 0.367 0.0000 -0.0000 11.53 
0.007 2 2 0 2.0 2.0 0.426 0.353 0.0000 -0.0000 11.53 
0.008 2 2 0 2.0 2.0 0.422 0.354 0.0000 -0.0000 11.53 
0.009 2 2 0 2.0 2.0 0.420 0.360 0.0000 0.0000 11.53 
0.010 2 2 0 2.0 2.0 0.380 0.350 0.0000 0.0000 11.53 
0.011 2 2 0 2.0 2.0 0.303 0.360 0.0000 0.0000 11.53 
0.012 2 2 0 2.0 2.0 0.302 0.377 0.0606 0.0000 11.53 
0.013 2 2 0 2.0 2.0 0.324 0.359 0.0606 0.0980 11.53 
0.014 2 2 0 2.0 2.0 0.353 0.329 0.0606 0.0980 11.53 
0.015 2 2 0 2.0 2.0 0.372 0.329 0.0606 0.0980 11.53 
0.016 2 2 0 2.0 2.0 0.380 0.249 0.0956 0.1309 11.53 
0.017 2 2 0 2.0 2.0 0.374 0.198 0.0956 0.1309 11.53 
0.018 2 2 0 2.0 2.0 0.370 0.199 0.0956 0.1309 11.53 
0.019 2 2 0 2.0 2.0 0.366 0.210 0.1370 0.1490 11.53 
0.020 2 2 0 2.0 2.0 0.361 0.230 0.1370 0.1490 11.53 
0.021 2 2 0 2.0 2.0 0.353 0.274 0.1370 0.1611 11.53 
0.022 2 2 0 2.0 2.0 0.353 0.259 0.1542 0.1611 11.53 
0.023 2 2 0 2.0 2.0 0.342 0.226 0.1542 0.1611 11.54 
0.024 2 2 0 2.0 2.0 0.333 0.211 0.1831 0.1735 11.53 
0.025 2 2 0 2.0 2.0 0.301 0.187 0.1831 0.1735 11.53 
0.026 2 2 0 2.0 2.0 0.195 0.196 0.1920 0.1807 11.53 
0.027 2 2 0 2.0 2.0 0.160 0.147 0.1920 0.1807 11.54 
0.028 2 2 0 2.0 2.0 0.186 0.117 0.2157 0.1856 11.53 
0.029 2 2 0 2.0 2.0 0.235 0.162 0.2157 0.1856 11.53 
0.030 2 2 0 2.0 2.0 0.235 0.192 0.2229 0.1892 11.53 
0.031 2 2 0 2.0 2.0 0.234 0.240 0.2265 0.1892 11.53 
0.032 2 2 0 2.0 2.0 0.240 0.267 0.2265 0.2028 11.53 
0.033 2 2 0 2.0 2.0 0.219 0.263 0.2157 0.2028 11.53 
0.034 2 2 0 2.0 2.0 0.240 0.258 0.2157 0.2145 11.53 
0.035 2 2 0 2.0 2.0 0.254 0.263 0.2478 0.2145 11.53 
0.036 2 2 0 2.0 2.0 0.269 0.229 0.2478 0.2321 11.53 
0.037 2 2 0 2.0 2.0 0.273 0.231 0.2494 0.2305 11.52 
0.038 2 2 0 2.0 2.0 0.267 0.231 0.2639 0.2305 11.53 
0.039 2 2 0 2.0 2.0 0.272 0.188 0.2639 0.2446 11.53 
0.040 2 2 0 2.0 2.0 0.263 0.168 0.2711 0.2446 11.53 
0.041 2 2 0 2.0 2.0 0.238 0.146 0.2908 0.2362 11.53 
0.042 2 2 0 2.0 2.0 0.252 0.149 0.2807 0.2494 11.53 
0.043 2 2 0 2.0 2.0 0.256 0.167 0.2807 0.2494 11.54 
0.044 2 2 0 2.0 2.0 0.196 0.187 0.2996 0.2522 11.53 
0.045 2 2 0 2.0 2.0 0.182 0.216 0.3113 0.2607 11.53 
0.046 2 2 0 2.0 2.0 0.209 0.229 0.3137 0.2607 11.53 
0.047 2 2 0 2.0 2.0 0.218 0.223 0.3137 0.2574 11.53 
0.048 2 2 0 2.0 2.0 0.229 0.176 0.3040 0.2731 11.53 
0.049 2 2 0 2.0 2.0 0.239 0.170 0.3213 0.2731 11.53 
0.050 2 2 0 2.0 2.0 0.216 0.162 0.2908 0.2731 11.53 
0.051 2 2 0 2.0 2.0 0.175 0.134 0.3402 0.2807 11.53 
0.052 2 2 0 2.0 2.0 0.180 0.156 0.3683 0.2807 11.53 
0.053 2 2 0 2.0 2.0 0.180 0.181 0.3683 0.2888 11.53 
0.054 2 2 0 2.0 2.0 0.202 0.170 0.3402 0.2888 11.53 
0.055 2 2 0 2.0 2.0 0.213 0.192 0.3161 0.2888 11.53 
0.056 2 2 0 2.0 2.0 0.234 0.188 0.3522 0.2827 11.54 
0.057 2 2 0 2.0 2.0 0.239 0.178 0.3462 0.2928 11.53 
0.058 2 2 0 2.0 2.0 0.232 0.202 0.3582 0.2908 11.52 
0.059 2 2 0 2.0 2.0 0.239 0.187 0.3615 0.2908 11.53 
0.060 2 2 0 2.0 2.0 0.227 0.152 0.3751 0.3113 11.53 
0.061 2 2 0 2.0 2.0 0.200 0.154 0.3751 0.3346 11.53 
0.062 2 2 0 2.0 2.0 0.209 0.130 0.3715 0.3161 11.54 
0.063 2 2 0 2.0 2.0 0.172 0.146 0.3787 0.2972 11.54 
0.064 2 2 0 2.0 2.0 0.166 0.154 0.3787 0.2972 11.54 
0.065 2 2 0 2.0 2.0 0.178 0.181 0.3860 0.3237 11.53 
0.066 2 2 0 2.0 2.0 0.194 0.169 0.3651 0.3430 11.53 
0.067 2 2 0 2.0 2.0 0.192 0.172 0.3896 0.3289 11.53 
0.068 2 2 0 2.0 2.0 0.140 0.169 0.3976 0.2928 11.53 
0.069 2 2 0 2.0 2.0 0.117 0.133 0.4016 0.2928 11.54 
0.070 2 2 0 2.0 2.0 0.130 0.133 0.3683 0.3317 11.53 
0.071 2 2 0 2.0 2.0 0.122 0.135 0.3976 0.3430 11.53 
0.072 2 2 0 2.0 2.0 0.102 0.127 0.4056 0.3374 11.53 
0.073 2 2 0 2.0 2.0 0.116 0.091 0.4016 0.3490 11.53 
0.074 2 2 0 2.0 2.0 0.133 0.065 0.3787 0.3374 11.54 
0.075 2 2 0 2.0 2.0 0.127 0.081 0.3976 0.3550 11.54 
0.076 2 2 0 2.0 2.0 0.126 0.114 0.4097 0.3550 11.53 
0.077 2 2 0 2.0 2.0 0.145 0.133 0.4097 0.3374 11.53 
0.078 2 2 0 2.0 2.0 0.171 0.159 0.3823 0.3289 11.53 
0.079 2 2 0 2.0 2.0 0.169 0.143 0.3936 0.3490 11.53 
0.080 2 2 0 2.0 2.0 0.177 0.144 0.3860 0.3402 11.53 
0.081 2 2 0 2.0 2.0 0.174 0.143 0.4016 0.3550 11.53 
0.082 2 2 0 2.0 2.0 0.167 0.151 0.3936 0.3651 11.53 
0.083 2 2 0 2.0 2.0 0.156 0.150 0.4056 0.3651 11.53 
0.084 2 2 0 2.0 2.0 0.113 0.143 0.3936 0.3582 11.53 
0.085 2 2 0 2.0 2.0 0.095 0.127 0.4097 0.3402 11.53 
0.086 2 2 0 2.0 2.0 0.116 0.138 0.4181 0.3615 11.53 
0.087 2 2 0 2.0 2.0 0.114 0.125 0.4181 0.3615 11.53 
0.088 2 2 0 2.0 2.0 0.116 0.099 0.3896 0.3651 11.54 
0.089 2 2 0 2.0 2.0 0.129 0.091 0.4097 0.3615 11.53 
0.090 2 2 0 2.0 2.0 0.137 0.094 0.4137 0.3615 11.53 
0.091 2 2 0 2.0 2.0 0.145 0.082 0.4181 0.3615 11.53 
0.092 2 2 0 2.0 2.0 0.142 0.065 0.4225 0.3615 11.54 
0.093 2 2 0 2.0 2.0 0.139 0.049 0.4317 0.3615 11.53 
0.094 2 2 0 2.0 2.0 0.163 0.078 0.4269 0.3582 11.53 
0.095 2 2 0 2.0 2.0 0.133 0.118 0.4410 0.3615 11.53 
0.096 2 2 0 2.0 2.0 0.113 0.127 0.4462 0.3615 11.53 
0.097 2 2 0 2.0 2.0 0.115 0.135 0.4362 0.3715 11.54 
0.098 2 2 0 2.0 2.0 0.129 0.146 0.4410 0.3615 11.53 
0.099 2 2 0 2.0 2.0 0.114 0.134 0.3936 0.3715 11.53 
0.100 2 2 0 2.0 2.0 0.095 0.129 0.4225 0.3550 11.54 
0.101 2 2 0 2.0 2.0 0.101 0.075 0.4510 0.3751 11.53 
0.102 2 2 0 2.0 2.0 0.123 0.105 0.4510 0.3683 11.54 
0.103 2 2 0 2.0 2.0 0.133 0.124 0.4317 0.3683 11.53 
0.104 2 2 0 2.0 2.0 0.153 0.135 0.4410 0.3751 11.53 
0.105 2 2 0 2.0 2.0 0.155 0.096 0.4510 0.3651 11.54 
0.106 2 2 0 2.0 2.0 0.163 0.067 0.4510 0.3787 11.54 
0.107 2 2 0 2.0 2.0 0.158 0.086 0.4562 0.3715 11.54 
0.108 2 2 0 2.0 2.0 0.160 0.076 0.4510 0.3823 11.53 
0.109 2 2 0 2.0 2.0 0.154 0.082 0.4562 0.3860 11.53 
0.110 2 2 0 2.0 2.0 0.126 0.119 0.4615 0.3823 11.53 
0.111 2 2 0 2.0 2.0 0.135 0.121 0.4615 0.3715 11.53 
0.112 2 2 0 2.0 2.0 0.136 0.124 0.4562 0.3823 11.53 
0.113 2 2 0 2.0 2.0 0.096 0.142 0.4667 0.3751 11.53 
0.114 2 2 0 2.0 2.0 0.075 0.116 0.4723 0.3936 11.53 
0.115 2 2 0 2.0 2.0 0.101 0.109 0.4510 0.4056 11.53 
0.116 2 2 0 2.0 2.0 0.095 0.109 0.4562 0.3936 11.54 
0.117 2 2 0 2.0 2.0 0.073 0.108 0.4667 0.3651 11.54 
0.118 2 2 0 2.0 2.0 0.084 0.111 0.4723 0.3976 11.54 
0.119 2 2 0 2.0 2.0 0.105 0.106 0.4615 0.4097 11.53 
0.120 2 2 0 2.0 2.0 0.118 0.116 0.4779 0.3936 11.53 
0.121 2 2 0 2.0 2.0 0.105 0.108 0.4779 0.3550 11.54 
0.122 2 2 0 2.0 2.0 0.126 0.074 0.4562 0.3976 11.54 
0.123 2 2 0 2.0 2.0 0.116 0.086 0.4615 0.4016 11.53 
0.124 2 2 0 2.0 2.0 0.118 0.094 0.4510 0.4016 11.54 
0.125 2 2 0 2.0 2.0 0.103 0.077 0.4615 0.4056 11.54 
0.126 2 2 0 2.0 2.0 0.104 0.050 0.4615 0.3976 11.54 
0.127 2 2 0 2.0 2.0 0.088 0.067 0.4562 0.4056 11.54 
0.128 2 2 0 2.0 2.0 0.071 0.086 0.4667 0.3896 11.53 
0.129 2 2 0 2.0 2.0 0.083 0.108 0.4723 0.3823 11.53 
0.130 2 2 0 2.0 2.0 0.083 0.118 0.4723 0.3976 11.54 
0.131 2 2 0 2.0 2.0 0.098 0.107 0.4510 0.3896 11.53 
0.132 2 2 0 2.0 2.0 0.107 0.110 0.4667 0.4016 11.53 
0.133 2 2 0 2.0 2.0 0.110 0.100 0.4723 0.4056 11.54 
0.134 2 2 0 2.0 2.0 0.125 0.089 0.4723 0.4056 11.54 
0.135 2 2 0 2.0 2.0 0.129 0.070 0.4779 0.3823 11.53 
0.136 2 2 0 2.0 2.0 0.143 0.087 0.4723 0.3936 11.53 
0.137 2 2 0 2.0 2.0 0.108 0.089 0.4779 0.4016 11.54 
0.138 2 2 0 2.0 2.0 0.104 0.074 0.4896 0.4056 11.53 
0.139 2 2 0 2.0 2.0 0.113 0.063 0.4779 0.4016 11.53 
0.140 2 2 0 2.0 2.0 0.112 0.060 0.4779 0.4056 11.53 
0.141 2 2 0 2.0 2.0 0.075 0.069 0.4510 0.4097 11.53 
0.142 2 2 0 2.0 2.0 0.091 0.050 0.4723 0.4097 11.53 
0.143 2 2 0 2.0 2.0 0.102 0.054 0.4956 0.4016 11.53 
0.144 2 2 0 2.0 2.0 0.107 0.068 0.4723 0.4016 11.53 
0.145 2 2 0 2.0 2.0 0.129 0.074 0.4836 0.4016 11.52 
0.146 2 2 0 2.0 2.0 0.126 0.086 0.4836 0.4056 11.53 
0.147 2 2 0 2.0 2.0 0.139 0.102 0.4836 0.3936 11.53 
0.148 2 2 0 2.0 2.0 0.140 0.099 0.4956 0.4016 11.53 
0.149 2 2 0 2.0 2.0 0.136 0.094 0.4896 0.3896 11.54 
0.150 2 2 0 2.0 2.0 0.121 0.076 0.4956 0.4016 11.53 
0.151 2 2 0 2.0 2.0 0.110 0.078 0.4956 0.4056 11.53 
0.152 2 2 0 2.0 2.0 0.107 0.113 0.4896 0.4056 11.53 
0.153 2 2 0 2.0 2.0 0.111 0.116 0.4896 0.3976 11.54 
0.154 2 2 0 2.0 2.0 0.082 0.072 0.4956 0.4056 11.54 
0.155 2 2 0 2.0 2.0 0.080 0.064 0.5020 0.4016 11.54 
0.156 2 2 0 2.0 2.0 0.095 0.050 0.4836 0.4056 11.54 
0.157 2 2 0 2.0 2.0 0.079 0.084 0.5020 0.4137 11.54 
0.158 2 2 0 2.0 2.0 0.075 0.086 0.5020 0.4137 11.54 
0.159 2 2 0 2.0 2.0 0.087 0.102 0.4896 0.3936 11.54 
0.160 2 2 0 2.0 2.0 0.081 0.093 0.4956 0.4016 11.53 
0.161 2 2 0 2.0 2.0 0.100 0.105 0.5081 0.3936 11.53 
0.162 2 2 0 2.0 2.0 0.116 0.096 0.4836 0.4056 11.53 
0.163 2 2 0 2.0 2.0 0.111 0.100 0.4896 0.4225 11.53 
0.164 2 2 0 2.0 2.0 0.098 0.097 0.4779 0.4181 11.54 
0.165 2 2 0 2.0 2.0 0.091 0.098 0.4896 0.3860 11.54 
0.166 2 2 0 2.0 2.0 0.098 0.097 0.4896 0.4016 11.54 
0.167 2 2 0 2.0 2.0 0.071 0.113 0.4779 0.4181 11.54 
0.168 2 2 0 2.0 2.0 0.063 0.116 0.4896 0.4181 11.54 
0.169 2 2 0 2.0 2.0 0.098 0.098 0.4956 0.3715 11.54 
0.170 2 2 0 2.0 2.0 0.093 0.078 0.4956 0.3936 11.53 
0.171 2 2 0 2.0 2.0 0.081 0.090 0.4956 0.4097 11.53 
0.172 2 2 0 2.0 2.0 0.083 0.061 0.4896 0.4181 11.54 
0.173 2 2 0 2.0 2.0 0.098 0.021 0.4956 0.4269 11.53 
0.174 2 2 0 2.0 2.0 0.112 0.036 0.4956 0.4225 11.53 
0.175 2 2 0 2.0 2.0 0.127 0.058 0.4896 0.4317 11.53 
0.176 2 2 0 2.0 2.0 0.140 0.074 0.4956 0.4225 11.53 
0.177 2 2 0 2.0 2.0 0.098 0.099 0.5081 0.3976 11.53 
0.178 2 2 0 2.0 2.0 0.097 0.092 0.5081 0.4097 11.53 
0.179 2 2 0 2.0 2.0 0.093 0.093 0.4956 0.4097 11.53 
0.180 2 2 0 2.0 2.0 0.083 0.106 0.4723 0.4181 11.54 
0.181 2 2 0 2.0 2.0 0.064 0.100 0.4896 0.4269 11.53 
0.182 2 2 0 2.0 2.0 0.091 0.078 0.5213 0.4016 11.54 
0.183 2 2 0 2.0 2.0 0.094 0.093 0.5149 0.4137 11.54 
0.184 2 2 0 2.0 2.0 0.095 0.086 0.5020 0.4181 11.53 
0.185 2 2 0 2.0 2.0 0.112 0.059 0.5020 0.4225 11.53 
0.186 2 2 0 2.0 2.0 0.120 0.056 0.5020 0.4225 11.53 
0.187 2 2 0 2.0 2.0 0.121 0.060 0.5020 0.4225 11.53 
0.188 2 2 0 2.0 2.0 0.116 0.048 0.5081 0.4269 11.54 
0.189 2 2 0 2.0 2.0 0.127 0.024 0.5081 0.4269 11.54 
0.190 2 2 0 2.0 2.0 0.102 0.032 0.5081 0.4225 11.53 
0.191 2 2 0 2.0 2.0 0.091 0.057 0.5149 0.4225 11.53 
0.192 2 2 0 2.0 2.0 0.107 0.072 0.5020 0.4225 11.54 
0.193 2 2 0 2.0 2.0 0.081 0.080 0.5081 0.4225 11.53 
0.194 2 2 0 2.0 2.0 0.076 0.108 0.5149 0.4181 11.53 
0.195 2 2 0 2.0 2.0 0.083 0.090 0.4896 0.4225 11.53 
0.196 2 2 0 2.0 2.0 0.079 0.067 0.5149 0.4137 11.53 
0.197 2 2 0 2.0 2.0 0.069 0.055 0.5149 0.4181 11.53 
0.198 2 2 0 2.0 2.0 0.077 0.073 0.5020 0.4181 11.53 
0.199 2 2 0 2.0 2.0 0.082 0.091 0.5020 0.4181 11.53 
0.200 2 2 0 2.0 2.0 0.089 0.074 0.5213 0.4137 11.54 
0.201 2 2 1 4.0 4.0 0.116 0.058 0.5020 0.4225 11.54 
0.202 2 2 1 4.0 4.0 0.175 0.063 0.5020 0.4181 11.53 
0.203 2 2 1 4.0 4.0 0.330 0.249 0.4956 0.4225 11.52 
0.204 2 2 1 4.0 4.0 0.451 0.417 0.5081 0.4410 11.51 
0.205 2 2 1 4.0 4.0 0.525 0.523 0.5213 0.4410 11.51 
0.206 2 2 1 4.0 4.0 0.513 0.561 0.5281 0.4562 11.50 
0.207 2 2 1 4.0 4.0 0.504 0.581 0.5655 0.4615 11.51 
0.208 2 2 1 4.0 4.0 0.462 0.584 0.5735 0.4836 11.51 
0.209 2 2 1 4.0 4.0 0.475 0.570 0.5820 0.5213 11.51 
0.210 2 2 1 4.0 4.0 0.508 0.484 0.5820 0.5020 11.51 
0.211 2 2 1 4.0 4.0 0.521 0.472 0.5992 0.5149 11.51 
0.212 2 2 1 4.0 4.0 0.559 0.489 0.6177 0.5498 11.51 
0.213 2 2 1 4.0 4.0 0.587 0.487 0.6273 0.5213 11.50 
0.214 2 2 1 4.0 4.0 0.457 0.494 0.6691 0.5498 11.51 
0.215 2 2 1 4.0 4.0 0.452 0.451 0.6583 0.5820 11.51 
0.216 2 2 1 4.0 4.0 0.464 0.352 0.6374 0.5992 11.51 
0.217 2 2 1 4.0 4.0 0.438 0.335 0.7044 0.6177 11.51 
0.218 2 2 1 4.0 4.0 0.395 0.390 0.7044 0.6085 11.51 
0.219 2 2 1 4.0 4.0 0.410 0.427 0.6924 0.6177 11.51 
0.220 2 2 1 4.0 4.0 0.430 0.451 0.7169 0.6273 11.52 
0.221 2 2 1 4.0 4.0 0.452 0.391 0.7302 0.6474 11.51 
0.222 2 2 1 4.0 4.0 0.494 0.390 0.7302 0.6374 11.51 
0.223 2 2 1 4.0 4.0 0.414 0.398 0.7434 0.6474 11.51 
0.224 2 2 1 4.0 4.0 0.381 0.387 0.7434 0.6691 11.51 
0.225 2 2 1 4.0 4.0 0.373 0.352 0.7723 0.6691 11.52 
0.226 2 2 1 4.0 4.0 0.343 0.314 0.7434 0.6804 11.52 
0.227 2 2 1 4.0 4.0 0.298 0.288 0.7872 0.6804 11.52 
0.228 2 2 1 4.0 4.0 0.301 0.303 0.7723 0.7044 11.52 
0.229 2 2 1 4.0 4.0 0.348 0.343 0.7872 0.6924 11.51 
0.230 2 2 1 4.0 4.0 0.399 0.344 0.7723 0.7044 11.51 
0.231 2 2 1 4.0 4.0 0.370 0.312 0.7723 0.7169 11.51 
0.232 2 2 1 4.0 4.0 0.332 0.314 0.7872 0.7302 11.52 
0.233 2 2 1 4.0 4.0 0.339 0.322 0.7872 0.7434 11.51 
0.234 2 2 1 4.0 4.0 0.305 0.318 0.8193 0.7434 11.51 
0.235 2 2 1 4.0 4.0 0.305 0.274 0.8032 0.7575 11.51 
0.236 2 2 1 4.0 4.0 0.300 0.291 0.8193 0.7434 11.52 
0.237 2 2 1 4.0 4.0 0.331 0.311 0.8366 0.7575 11.52 
0.238 2 2 1 4.0 4.0 0.377 0.348 0.8543 0.7872 11.52 
0.239 2 2 1 4.0 4.0 0.324 0.317 0.8727 0.7723 11.52 
0.240 2 2 1 4.0 4.0 0.306 0.312 0.8727 0.8032 11.52 
0.241 2 2 1 4.0 4.0 0.299 0.324 0.8366 0.7575 11.52 
0.242 2 2 1 4.0 4.0 0.289 0.322 0.8924 0.8032 11.51 
0.243 2 2 1 4.0 4.0 0.284 0.271 0.8924 0.8193 11.52 
0.244 2 2 1 4.0 4.0 0.285 0.216 0.8924 0.8366 11.52 
0.245 2 2 1 4.0 4.0 0.331 0.235 0.9125 0.8032 11.52 
0.246 2 2 1 4.0 4.0 0.330 0.276 0.9125 0.8032 11.52 
0.247 2 2 1 4.0 4.0 0.283 0.280 0.9125 0.8366 11.52 
0.248 2 2 1 4.0 4.0 0.275 0.257 0.9338 0.8193 11.52 
0.249 2 2 1 4.0 4.0 0.263 0.263 0.9125 0.8366 11.52 
0.250 2 2 1 4.0 4.0 0.220 0.260 0.9338 0.8366 11.52 
0.251 2 2 1 4.0 4.0 0.228 0.209 0.9338 0.8543 11.53 
0.252 2 2 1 4.0 4.0 0.280 0.177 0.9559 0.8543 11.52 
0.253 2 2 1 4.0 4.0 0.290 0.195 0.9338 0.8543 11.53 
0.254 2 2 1 4.0 4.0 0.253 0.249 0.9559 0.8543 11.53 
0.255 2 2 1 4.0 4.0 0.238 0.236 0.9559 0.8543 11.53 
0.256 2 2 1 4.0 4.0 0.239 0.230 0.9559 0.8543 11.52 
0.257 2 2 1 4.0 4.0 0.229 0.224 0.9559 0.8543 11.53 
0.258 2 2 1 4.0 4.0 0.239 0.207 0.9559 0.8727 11.53 
0.259 2 2 1 4.0 4.0 0.246 0.215 0.9796 0.8924 11.53 
0.260 2 2 1 4.0 4.0 0.266 0.233 1.0041 0.8924 11.52 
0.261 2 2 1 4.0 4.0 0.229 0.257 1.0041 0.9125 11.52 
0.262 2 2 1 4.0 4.0 0.231 0.253 0.9796 0.8924 11.52 
0.263 2 2 1 4.0 4.0 0.213 0.248 1.0298 0.9125 11.52 
0.264 2 2 1 4.0 4.0 0.228 0.255 1.0041 0.8543 11.53 
0.265 2 2 1 4.0 4.0 0.239 0.230 1.0041 0.8924 11.52 
0.266 2 2 1 4.0 4.0 0.278 0.178 1.0041 0.9125 11.53 
0.267 2 2 1 4.0 4.0 0.224 0.180 1.0041 0.9338 11.52 
0.268 2 2 1 4.0 4.0 0.216 0.203 1.0041 0.9338 11.52 
0.269 2 2 1 4.0 4.0 0.209 0.198 0.9796 0.9338 11.52 
0.270 2 2 1 4.0 4.0 0.183 0.196 1.0298 0.9125 11.52 
0.271 2 2 1 4.0 4.0 0.173 0.203 1.0041 0.9125 11.53 
0.272 2 2 1 4.0 4.0 0.199 0.182 1.0298 0.9338 11.53 
0.273 2 2 1 4.0 4.0 0.222 0.162 1.0041 0.9338 11.52 
0.274 2 2 1 4.0 4.0 0.204 0.146 1.0041 0.9338 11.52 
0.275 2 2 1 4.0 4.0 0.194 0.154 1.0041 0.9338 11.53 
0.276 2 2 1 4.0 4.0 0.169 0.176 1.0298 0.9338 11.53 
0.277 2 2 1 4.0 4.0 0.194 0.185 1.0298 0.9338 11.52 
0.278 2 2 1 4.0 4.0 0.203 0.185 1.0298 0.9338 11.52 
0.279 2 2 1 4.0 4.0 0.250 0.190 1.0298 0.9559 11.52 
0.280 2 2 1 4.0 4.0 0.220 0.196 1.0567 0.9559 11.53 
0.281 2 2 1 4.0 4.0 0.199 0.207 1.0567 0.9559 11.53 
0.282 2 2 1 4.0 4.0 0.200 0.193 1.0567 1.0041 11.52 
0.283 2 2 1 4.0 4.0 0.191 0.222 1.0567 0.9796 11.53 
0.284 2 2 1 4.0 4.0 0.191 0.209 1.0567 1.0041 11.52 
0.285 2 2 1 4.0 4.0 0.206 0.164 1.0567 0.9796 11.52 
0.286 2 2 1 4.0 4.0 0.195 0.163 1.0567 0.9796 11.53 
0.287 2 2 1 4.0 4.0 0.203 0.150 1.0567 1.0041 11.53 
0.288 2 2 1 4.0 4.0 0.166 0.140 1.0852 0.9796 11.53 
0.289 2 2 1 4.0 4.0 0.162 0.163 1.0852 0.9796 11.53 
0.290 2 2 1 4.0 4.0 0.167 0.179 1.0852 1.0041 11.52 
0.291 2 2 1 4.0 4.0 0.163 0.165 1.1153 0.9796 11.53 
0.292 2 2 1 4.0 4.0 0.180 0.130 1.0852 0.9796 11.53 
0.293 2 2 1 4.0 4.0 0.168 0.137 1.0852 0.9796 11.53 
0.294 2 2 1 4.0 4.0 0.148 0.115 1.0852 0.9796 11.53 
0.295 2 2 1 4.0 4.0 0.167 0.103 1.0852 0.9796 11.53 
0.296 2 2 1 4.0 4.0 0.163 0.150 1.0567 0.9796 11.53 
0.297 2 2 1 4.0 4.0 0.177 0.164 1.0567 0.9796 11.53 
0.298 2 2 1 4.0 4.0 0.213 0.141 1.0567 0.9796 11.53 
0.299 2 2 1 4.0 4.0 0.172 0.143 1.0852 0.9796 11.52 
0.300 2 2 1 4.0 4.0 0.159 0.162 1.0567 1.0041 11.53 
0.301 2 2 1 4.0 4.0 0.167 0.166 1.1153 1.0041 11.53 
0.302 2 2 1 4.0 4.0 0.182 0.162 1.0852 1.0298 11.53 
0.303 2 2 1 4.0 4.0 0.171 0.176 1.0852 1.0041 11.52 
0.304 2 2 1 4.0 4.0 0.218 0.176 1.0852 1.0041 11.53 
0.305 2 2 1 4.0 4.0 0.176 0.171 1.0852 1.0041 11.53 
0.306 2 2 1 4.0 4.0 0.152 0.157 1.0852 1.0041 11.53 
0.307 2 2 1 4.0 4.0 0.163 0.131 1.0852 1.0567 11.53 
0.308 2 2 1 4.0 4.0 0.134 0.122 1.1153 1.0298 11.53 
0.309 2 2 1 4.0 4.0 0.155 0.130 1.1474 1.0298 11.53 
0.310 2 2 1 4.0 4.0 0.175 0.151 1.1153 1.0298 11.53 
0.311 2 2 1 4.0 4.0 0.169 0.143 1.0852 1.0041 11.52 
0.312 2 2 1 4.0 4.0 0.141 0.124 1.0852 1.0041 11.53 
0.313 2 2 1 4.0 4.0 0.159 0.123 1.1153 1.0298 11.53 
0.314 2 2 1 4.0 4.0 0.160 0.096 1.0852 1.0298 11.53 
0.315 2 2 1 4.0 4.0 0.172 0.110 1.0852 1.0298 11.52 
0.316 2 2 1 4.0 4.0 0.194 0.146 1.1153 1.0298 11.53 
0.317 2 2 1 4.0 4.0 0.164 0.130 1.1153 1.0298 11.53 
0.318 2 2 1 4.0 4.0 0.164 0.139 1.0852 1.0298 11.52 
0.319 2 2 1 4.0 4.0 0.140 0.146 1.1153 1.0298 11.53 
0.320 2 2 1 4.0 4.0 0.147 0.146 1.1153 1.0298 11.53 
0.321 2 2 1 4.0 4.0 0.172 0.146 1.1153 1.0298 11.53 
0.322 2 2 1 4.0 4.0 0.197 0.172 1.1153 1.0567 11.53 
0.323 2 2 1 4.0 4.0 0.164 0.168 1.1153 1.0567 11.52 
0.324 2 2 1 4.0 4.0 0.144 0.149 1.1153 1.0298 11.53 
0.325 2 2 1 4.0 4.0 0.142 0.155 1.0852 1.0298 11.53 
0.326 2 2 1 4.0 4.0 0.129 0.124 1.1153 1.0567 11.53 
0.327 2 2 1 4.0 4.0 0.142 0.106 1.1474 1.0298 11.53 
0.328 2 2 1 4.0 4.0 0.177 0.116 1.1153 1.0298 11.52 
0.329 2 2 1 4.0 4.0 0.150 0.146 1.1153 1.0567 11.53 
0.330 2 2 1 4.0 4.0 0.142 0.141 1.1153 1.0567 11.53 
0.331 2 2 1 4.0 4.0 0.153 0.132 1.1153 1.0567 11.53 
0.332 2 2 1 4.0 4.0 0.157 0.121 1.1153 1.0567 11.53 
0.333 2 2 1 4.0 4.0 0.166 0.078 1.1153 1.0567 11.53 
0.334 2 2 1 4.0 4.0 0.171 0.086 1.1474 1.0567 11.53 
0.335 2 2 1 4.0 4.0 0.162 0.127 1.1474 1.0567 11.53 
0.336 2 2 1 4.0 4.0 0.154 0.134 1.1153 1.0567 11.53 
0.337 2 2 1 4.0 4.0 0.160 0.146 1.1153 1.0567 11.53 
0.338 2 2 1 4.0 4.0 0.154 0.131 1.1153 1.0567 11.53 
0.339 2 2 1 4.0 4.0 0.166 0.138 1.1153 1.0567 11.53 
0.340 2 2 1 4.0 4.0 0.178 0.133 1.1474 1.0567 11.53 
0.341 2 2 1 4.0 4.0 0.147 0.162 1.1474 1.0852 11.52 
0.342 2 2 1 4.0 4.0 0.145 0.168 1.1153 1.0567 11.52 
0.343 2 2 1 4.0 4.0 0.145 0.157 1.1474 1.0567 11.52 
0.344 2 2 1 4.0 4.0 0.139 0.143 1.1474 1.0567 11.53 
0.345 2 2 1 4.0 4.0 0.163 0.124 1.1474 1.0567 11.53 
0.346 2 2 1 4.0 4.0 0.147 0.094 1.1474 1.0567 11.53 
0.347 2 2 1 4.0 4.0 0.135 0.112 1.0852 1.0567 11.53 
0.348 2 2 1 4.0 4.0 0.108 0.142 1.1474 1.0567 11.53 
0.349 2 2 1 4.0 4.0 0.109 0.126 1.1474 1.0567 11.53 
0.350 2 2 1 4.0 4.0 0.133 0.086 1.1474 1.0567 11.53 
0.351 2 2 1 4.0 4.0 0.159 0.101 1.1153 1.0567 11.53 
0.352 2 2 2 -4.0 -4.0 0.167 0.077 1.1474 1.0567 11.53 
0.353 2 2 2 -4.0 -4.0 -0.160 0.002 1.1153 1.0041 11.51 
0.354 2 2 2 -4.0 -4.0 -0.636 -0.473 1.1474 1.0298 11.50 
0.355 2 2 2 -4.0 -4.0 -1.040 -1.044 1.1153 1.0298 11.46 
0.356 2 2 2 -4.0 -4.0 -1.423 -1.493 1.0567 0.9796 11.45 
0.357 2 2 2 -4.0 -4.0 -1.609 -1.722 1.0041 0.9338 11.44 
0.358 2 2 2 -4.0 -4.0 -1.421 -1.527 0.9559 0.8543 11.45 
0.359 2 2 2 -4.0 -4.0 -1.438 -1.611 0.8727 0.7575 11.45 
0.360 2 2 2 -4.0 -4.0 -1.520 -1.747 0.8366 0.7302 11.44 
0.361 2 2 2 -4.0 -4.0 -1.537 -1.784 0.7434 0.6924 11.44 
0.362 2 2 2 -4.0 -4.0 -1.300 -1.622 0.7302 0.6474 11.45 
0.363 2 2 2 -4.0 -4.0 -1.324 -1.488 0.6691 0.5655 11.45 
0.364 2 2 2 -4.0 -4.0 -1.431 -1.517 0.6273 0.5498 11.44 
0.365 2 2 2 -4.0 -4.0 -1.481 -1.579 0.6085 0.5081 11.44 
0.366 2 2 2 -4.0 -4.0 -1.463 -1.605 0.4836 0.3715 11.44 
0.367 2 2 2 -4.0 -4.0 -1.377 -1.576 0.4836 0.3615 11.45 
0.368 2 2 2 -4.0 -4.0 -1.160 -1.569 0.3860 0.3088 11.46 
0.369 2 2 2 -4.0 -4.0 -1.176 -1.416 0.3860 0.3064 11.46 
0.370 2 2 2 -4.0 -4.0 -1.230 -1.226 0.3751 0.2510 11.46 
0.371 2 2 2 -4.0 -4.0 -1.256 -1.169 0.2908 0.2510 11.45 
0.372 2 2 2 -4.0 -4.0 -1.282 -1.135 0.2522 0.1900 11.46 
0.373 2 2 2 -4.0 -4.0 -1.272 -1.143 0.2305 0.1900 11.46 
0.374 2 2 2 -4.0 -4.0 -1.209 -1.175 0.2181 0.1759 11.45 
0.375 2 2 2 -4.0 -4.0 -1.160 -1.207 0.1414 0.1221 11.46 
0.376 2 2 2 -4.0 -4.0 -1.124 -1.219 0.1040 0.0936 11.47 
0.377 2 2 2 -4.0 -4.0 -1.075 -1.204 0.0827 0.0759 11.47 
0.378 2 2 2 -4.0 -4.0 -1.048 -1.186 0.0683 0.0639 11.47 
0.379 2 2 2 -4.0 -4.0 -1.021 -1.141 0.0582 0.0550 11.47 
0.380 2 2 2 -4.0 -4.0 -0.991 -1.071 0.0510 -0.0522 11.47 
0.381 2 2 2 -4.0 -4.0 -0.966 -0.942 0.0450 -0.0522 11.47 
0.382 2 2 2 -4.0 -4.0 -0.966 -0.883 -0.0418 -0.1743 11.48 
0.383 2 2 2 -4.0 -4.0 -0.929 -0.878 -0.0418 -0.1743 11.47 
0.384 2 2 2 -4.0 -4.0 -0.887 -0.920 -0.2016 -0.2181 11.48 
0.385 2 2 2 -4.0 -4.0 -0.879 -0.822 -0.2016 -0.2181 11.48 
0.386 2 2 2 -4.0 -4.0 -0.844 -0.856 -0.2434 -0.2538 11.48 
0.387 2 2 2 -4.0 -4.0 -0.822 -0.893 -0.3040 -0.2868 11.49 
0.388 2 2 2 -4.0 -4.0 -0.760 -0.899 -0.3113 -0.2827 11.49 
0.389 2 2 2 -4.0 -4.0 -0.674 -0.864 -0.3113 -0.2827 11.50 
0.390 2 2 2 -4.0 -4.0 -0.660 -0.830 -0.3550 -0.3490 11.50 
0.391 2 2 2 -4.0 -4.0 -0.659 -0.804 -0.3462 -0.3976 11.49 
0.392 2 2 2 -4.0 -4.0 -0.663 -0.793 -0.4016 -0.4016 11.49 
0.393 2 2 2 -4.0 -4.0 -0.646 -0.785 -0.4181 -0.3896 11.49 
0.394 2 2 2 -4.0 -4.0 -0.645 -0.678 -0.4269 -0.4410 11.50 
0.395 2 2 2 -4.0 -4.0 -0.575 -0.653 -0.4510 -0.4562 11.50 
0.396 2 2 2 -4.0 -4.0 -0.568 -0.655 -0.4723 -0.4615 11.49 
0.397 2 2 2 -4.0 -4.0 -0.498 -0.671 -0.4836 -0.4779 11.50 
0.398 2 2 2 -4.0 -4.0 -0.486 -0.680 -0.4723 -0.4836 11.50 
0.399 2 2 2 -4.0 -4.0 -0.467 -0.693 -0.5149 -0.5281 11.50 
0.400 2 2 2 -4.0 -4.0 -0.508 -0.656 -0.5281 -0.5354 11.50 
0.401 2 2 2 -4.0 -4.0 -0.527 -0.590 -0.5281 -0.5575 11.50 
0.402 2 2 2 -4.0 -4.0 -0.477 -0.595 -0.5575 -0.5575 11.50 
0.403 2 2 2 -4.0 -4.0 -0.461 -0.578 -0.5655 -0.5735 11.50 
0.404 2 2 2 -4.0 -4.0 -0.479 -0.569 -0.5820 -0.5992 11.50 
0.405 2 2 2 -4.0 -4.0 -0.483 -0.578 -0.5904 -0.6177 11.50 
0.406 2 2 2 -4.0 -4.0 -0.466 -0.527 -0.6085 -0.6177 11.50 
0.407 2 2 2 -4.0 -4.0 -0.468 -0.515 -0.6273 -0.6474 11.51 
0.408 2 2 2 -4.0 -4.0 -0.427 -0.534 -0.6177 -0.6583 11.51 
0.409 2 2 2 -4.0 -4.0 -0.375 -0.507 -0.6583 -0.6804 11.51 
0.410 2 2 2 -4.0 -4.0 -0.363 -0.475 -0.6177 -0.6924 11.51 
0.411 2 2 2 -4.0 -4.0 -0.369 -0.415 -0.6374 -0.6804 11.51 
0.412 2 2 2 -4.0 -4.0 -0.386 -0.414 -0.6691 -0.6924 11.51 
0.413 2 2 2 -4.0 -4.0 -0.368 -0.434 -0.6924 -0.6924 11.51 
0.414 2 2 2 -4.0 -4.0 -0.366 -0.435 -0.6924 -0.7302 11.51 
0.415 2 2 2 -4.0 -4.0 -0.347 -0.417 -0.6924 -0.7169 11.51 
0.416 2 2 2 -4.0 -4.0 -0.358 -0.386 -0.7044 -0.7302 11.52 
0.417 2 2 2 -4.0 -4.0 -0.355 -0.408 -0.6924 -0.7434 11.51 
0.418 2 2 2 -4.0 -4.0 -0.320 -0.425 -0.7302 -0.7723 11.52 
0.419 2 2 2 -4.0 -4.0 -0.305 -0.399 -0.7434 -0.7872 11.52 
0.420 2 2 2 -4.0 -4.0 -0.306 -0.367 -0.7302 -0.7872 11.51 
0.421 2 2 2 -4.0 -4.0 -0.339 -0.384 -0.7434 -0.7723 11.51 
0.422 2 2 2 -4.0 -4.0 -0.340 -0.397 -0.7434 -0.7872 11.52 
0.423 2 2 2 -4.0 -4.0 -0.324 -0.409 -0.7575 -0.7872 11.51 
0.424 2 2 2 -4.0 -4.0 -0.328 -0.384 -0.7872 -0.8032 11.51 
0.425 2 2 2 -4.0 -4.0 -0.287 -0.385 -0.7872 -0.8193 11.52 
0.426 2 2 2 -4.0 -4.0 -0.300 -0.394 -0.8032 -0.8193 11.52 
0.427 2 2 2 -4.0 -4.0 -0.288 -0.397 -0.7723 -0.8366 11.52 
0.428 2 2 2 -4.0 -4.0 -0.262 -0.345 -0.8032 -0.8366 11.52 
0.429 2 2 2 -4.0 -4.0 -0.277 -0.327 -0.7872 -0.8543 11.52 
0.430 2 2 2 -4.0 -4.0 -0.301 -0.337 -0.8193 -0.8727 11.52 
0.431 2 2 2 -4.0 -4.0 -0.310 -0.343 -0.8032 -0.8543 11.52 
0.432 2 2 2 -4.0 -4.0 -0.293 -0.340 -0.8366 -0.8924 11.51 
0.433 2 2 2 -4.0 -4.0 -0.291 -0.332 -0.8543 -0.8924 11.51 
0.434 2 2 2 -4.0 -4.0 -0.281 -0.323 -0.8366 -0.9125 11.52 
0.435 2 2 2 -4.0 -4.0 -0.259 -0.296 -0.8727 -0.9125 11.52 
0.436 2 2 2 -4.0 -4.0 -0.254 -0.290 -0.8366 -0.8924 11.52 
0.437 2 2 2 -4.0 -4.0 -0.252 -0.295 -0.8543 -0.9125 11.52 
0.438 2 2 2 -4.0 -4.0 -0.259 -0.309 -0.8727 -0.9338 11.51 
0.439 2 2 2 -4.0 -4.0 -0.247 -0.283 -0.8543 -0.9338 11.52 
0.440 2 2 2 -4.0 -4.0 -0.248 -0.295 -0.8543 -0.9338 11.52 
0.441 2 2 2 -4.0 -4.0 -0.257 -0.299 -0.8727 -0.9559 11.52 
0.442 2 2 2 -4.0 -4.0 -0.228 -0.253 -0.8727 -0.9559 11.53 
0.443 2 2 2 -4.0 -4.0 -0.206 -0.265 -0.8924 -0.9338 11.52 
0.444 2 2 2 -4.0 -4.0 -0.211 -0.277 -0.8924 -0.9796 11.52 
0.445 2 2 2 -4.0 -4.0 -0.225 -0.314 -0.8924 -0.9559 11.52 
0.446 2 2 2 -4.0 -4.0 -0.243 -0.287 -0.8727 -0.9796 11.52 
0.447 2 2 2 -4.0 -4.0 -0.257 -0.291 -0.9125 -0.9796 11.52 
0.448 2 2 2 -4.0 -4.0 -0.220 -0.278 -0.9338 -0.9796 11.52 
0.449 2 2 2 -4.0 -4.0 -0.210 -0.256 -0.9338 -0.9796 11.53 
0.450 2 2 2 -4.0 -4.0 -0.202 -0.229 -0.9125 -0.9796 11.52 
0.451 2 2 2 -4.0 -4.0 -0.211 -0.239 -0.9338 -0.9796 11.52 
0.452 2 2 2 -4.0 -4.0 -0.194 -0.245 -0.9338 -0.9796 11.52 
0.453 2 2 2 -4.0 -4.0 -0.217 -0.241 -0.9338 -1.0041 11.53 
0.454 2 2 2 -4.0 -4.0 -0.234 -0.238 -0.9338 -1.0041 11.52 
0.455 2 2 2 -4.0 -4.0 -0.203 -0.235 -0.9338 -1.0041 11.52 
0.456 2 2 2 -4.0 -4.0 -0.221 -0.217 -0.9338 -1.0041 11.52 
0.457 2 2 2 -4.0 -4.0 -0.207 -0.211 -0.9559 -1.0041 11.52 
0.458 2 2 2 -4.0 -4.0 -0.189 -0.203 -0.9125 -1.0298 11.52 
0.459 2 2 2 -4.0 -4.0 -0.191 -0.221 -0.9559 -1.0298 11.52 
0.460 2 2 2 -4.0 -4.0 -0.196 -0.218 -0.9338 -1.0298 11.53 
0.461 2 2 2 -4.0 -4.0 -0.209 -0.208 -0.9559 -1.0567 11.52 
0.462 2 2 2 -4.0 -4.0 -0.194 -0.198 -0.9796 -1.0567 11.53 
0.463 2 2 2 -4.0 -4.0 -0.189 -0.209 -0.9559 -1.0298 11.53 
0.464 2 2 2 -4.0 -4.0 -0.161 -0.207 -0.9796 -1.0298 11.52 
0.465 2 2 2 -4.0 -4.0 -0.175 -0.221 -0.9559 -1.0567 11.53 
0.466 2 2 2 -4.0 -4.0 -0.173 -0.238 -0.9796 -1.0567 11.52 
0.467 2 2 2 -4.0 -4.0 -0.191 -0.224 -0.9796 -1.0567 11.52 
0.468 2 2 2 -4.0 -4.0 -0.205 -0.219 -1.0041 -1.0852 11.51 
0.469 2 2 2 -4.0 -4.0 -0.175 -0.203 -1.0041 -1.0852 11.52 
0.470 2 2 2 -4.0 -4.0 -0.164 -0.192 -0.9796 -1.0852 11.52 
0.471 2 2 2 -4.0 -4.0 -0.171 -0.191 -1.0041 -1.0567 11.52 
0.472 2 2 2 -4.0 -4.0 -0.183 -0.219 -1.0041 -1.0567 11.52 
0.473 2 2 2 -4.0 -4.0 -0.176 -0.212 -1.0041 -1.0567 11.53 
0.474 2 2 2 -4.0 -4.0 -0.197 -0.189 -1.0041 -1.0567 11.52 
0.475 2 2 2 -4.0 -4.0 -0.175 -0.181 -1.0041 -1.0567 11.53 
0.476 2 2 2 -4.0 -4.0 -0.172 -0.188 -0.9796 -1.0852 11.53 
0.477 2 2 2 -4.0 -4.0 -0.175 -0.174 -1.0298 -1.0852 11.53 
0.478 2 2 2 -4.0 -4.0 -0.164 -0.177 -1.0041 -1.0852 11.53 
0.479 2 2 2 -4.0 -4.0 -0.164 -0.202 -1.0298 -1.0852 11.52 
0.480 2 2 2 -4.0 -4.0 -0.163 -0.187 -1.0041 -1.1153 11.52 
0.481 2 2 2 -4.0 -4.0 -0.153 -0.175 -1.0298 -1.0852 11.53 
0.482 2 2 2 -4.0 -4.0 -0.139 -0.199 -1.0298 -1.1153 11.53 
0.483 2 2 2 -4.0 -4.0 -0.158 -0.183 -1.0041 -1.0852 11.52 
0.484 2 2 2 -4.0 -4.0 -0.125 -0.190 -1.0041 -1.1153 11.53 
0.485 2 2 2 -4.0 -4.0 -0.129 -0.183 -1.0041 -1.1153 11.53 
0.486 2 2 2 -4.0 -4.0 -0.162 -0.200 -1.0298 -1.1153 11.53 
0.487 2 2 2 -4.0 -4.0 -0.165 -0.174 -1.0298 -1.1153 11.52 
0.488 2 2 2 -4.0 -4.0 -0.172 -0.165 -1.0298 -1.1153 11.53 
0.489 2 2 2 -4.0 -4.0 -0.172 -0.187 -1.0041 -1.1153 11.52 
0.490 2 2 2 -4.0 -4.0 -0.152 -0.178 -1.0298 -1.1153 11.53 
0.491 2 2 2 -4.0 -4.0 -0.150 -0.177 -1.0041 -1.1153 11.52 
0.492 2 2 2 -4.0 -4.0 -0.135 -0.160 -1.0298 -1.1153 11.53 
0.493 2 2 2 -4.0 -4.0 -0.179 -0.166 -1.0567 -1.1153 11.53 
0.494 2 2 2 -4.0 -4.0 -0.157 -0.143 -1.0567 -1.1153 11.52 
0.495 2 2 2 -4.0 -4.0 -0.130 -0.148 -1.0298 -1.0852 11.52 
0.496 2 2 2 -4.0 -4.0 -0.144 -0.176 -1.0567 -1.1474 11.52 
0.497 2 2 2 -4.0 -4.0 -0.144 -0.170 -1.0298 -1.1474 11.53 
0.498 2 2 2 -4.0 -4.0 -0.145 -0.161 -1.0567 -1.1474 11.53 
0.499 2 2 2 -4.0 -4.0 -0.163 -0.154 -1.0567 -1.1153 11.53 
0.500 2 2 2 -4.0 -4.0 -0.156 -0.142 -1.0567 -1.1474 11.53 
0.501 2 2 2 -4.0 -4.0 -0.142 -0.156 -1.0567 -1.1474 11.53 
0.502 2 2 2 -4.0 -4.0 -0.146 -0.166 -1.0298 -1.1474 11.53 
0.503 2 2 3 0.0 0.0 -0.145 -0.172 -1.0567 -1.1474 11.53 
0.504 2 2 3 0.0 0.0 0.024 -0.131 -1.0298 -1.1474 11.53 
0.505 2 2 3 0.0 0.0 0.292 0.169 -1.0567 -1.1474 11.54 
0.506 2 2 3 0.0 0.0 0.472 0.502 -1.0298 -1.1474 11.54 
0.507 2 2 3 0.0 0.0 0.653 0.669 -1.0298 -1.0852 11.54 
0.508 2 2 3 0.0 0.0 0.740 0.671 -1.0298 -1.0852 11.54 
0.509 2 2 3 0.0 0.0 0.610 0.761 -0.9796 -1.0567 11.53 
0.510 2 2 3 0.0 0.0 0.619 0.811 -0.9559 -1.0567 11.54 
0.511 2 2 3 0.0 0.0 0.712 0.680 -0.9338 -1.0041 11.54 
0.512 2 2 3 0.0 0.0 0.605 0.711 -0.8924 -0.9796 11.53 
0.513 2 2 3 0.0 0.0 0.565 0.765 -0.8727 -0.9796 11.53 
0.514 2 2 3 0.0 0.0 0.617 0.671 -0.8366 -0.9338 11.54 
0.515 2 2 3 0.0 0.0 0.677 0.614 -0.7872 -0.8924 11.54 
0.516 2 2 3 0.0 0.0 0.658 0.694 -0.7434 -0.8924 11.53 
0.517 2 2 3 0.0 0.0 0.535 0.712 -0.7575 -0.8543 11.54 
0.518 2 2 3 0.0 0.0 0.530 0.583 -0.6924 -0.8193 11.54 
0.519 2 2 3 0.0 0.0 0.582 0.547 -0.6804 -0.7434 11.54 
0.520 2 2 3 0.0 0.0 0.579 0.617 -0.6924 -0.7575 11.54 
0.521 2 2 3 0.0 0.0 0.428 0.667 -0.6804 -0.7044 11.55 
0.522 2 2 3 0.0 0.0 0.387 0.584 -0.6474 -0.7169 11.54 
0.523 2 2 3 0.0 0.0 0.422 0.473 -0.6273 -0.7044 11.54 
0.524 2 2 3 0.0 0.0 0.475 0.507 -0.5992 -0.6691 11.54 
0.525 2 2 3 0.0 0.0 0.498 0.579 -0.5992 -0.6474 11.53 
0.526 2 2 3 0.0 0.0 0.456 0.613 -0.5575 -0.6374 11.54 
0.527 2 2 3 0.0 0.0 0.328 0.545 -0.5575 -0.6273 11.54 
0.528 2 2 3 0.0 0.0 0.338 0.434 -0.5575 -0.5904 11.54 
0.529 2 2 3 0.0 0.0 0.414 0.434 -0.5354 -0.5735 11.54 
0.530 2 2 3 0.0 0.0 0.465 0.512 -0.5020 -0.5426 11.54 
0.531 2 2 3 0.0 0.0 0.480 0.527 -0.5020 -0.5426 11.54 
0.532 2 2 3 0.0 0.0 0.447 0.523 -0.4723 -0.5149 11.54 
0.533 2 2 3 0.0 0.0 0.346 0.432 -0.4667 -0.5081 11.54 
0.534 2 2 3 0.0 0.0 0.321 0.342 -0.4410 -0.4956 11.53 
0.535 2 2 3 0.0 0.0 0.353 0.358 -0.4410 -0.4836 11.54 
0.536 2 2 3 0.0 0.0 0.374 0.395 -0.4410 -0.4723 11.54 
0.537 2 2 3 0.0 0.0 0.377 0.436 -0.4225 -0.4510 11.55 
0.538 2 2 3 0.0 0.0 0.371 0.407 -0.3683 -0.4410 11.54 
0.539 2 2 3 0.0 0.0 0.315 0.354 -0.3787 -0.4269 11.54 
0.540 2 2 3 0.0 0.0 0.277 0.318 -0.3683 -0.3976 11.54 
0.541 2 2 3 0.0 0.0 0.224 0.249 -0.3522 -0.3860 11.54 
0.542 2 2 3 0.0 0.0 0.199 0.241 -0.3137 -0.3860 11.54 
0.543 2 2 3 0.0 0.0 0.187 0.252 -0.3137 -0.3582 11.54 
0.544 2 2 3 0.0 0.0 0.190 0.284 -0.3346 -0.3550 11.54 
0.545 2 2 3 0.0 0.0 0.237 0.321 -0.3185 -0.3522 11.54 
0.546 2 2 3 0.0 0.0 0.272 0.340 -0.3016 -0.3185 11.54 
0.547 2 2 3 0.0 0.0 0.296 0.326 -0.3016 -0.3237 11.54 
0.548 2 2 3 0.0 0.0 0.292 0.309 -0.2711 -0.3088 11.54 
0.549 2 2 3 0.0 0.0 0.277 0.290 -0.2695 -0.3088 11.54 
0.550 2 2 3 0.0 0.0 0.258 0.197 -0.2695 -0.2972 11.54 
0.551 2 2 3 0.0 0.0 0.181 0.172 -0.2494 -0.2827 11.54 
0.552 2 2 3 0.0 0.0 0.125 0.157 -0.2402 -0.2848 11.54 
0.553 2 2 3 0.0 0.0 0.118 0.180 -0.2390 -0.2848 11.54 
0.554 2 2 3 0.0 0.0 0.123 0.218 -0.2229 -0.2538 11.54 
0.555 2 2 3 0.0 0.0 0.156 0.225 -0.2229 -0.2538 11.54 
0.556 2 2 3 0.0 0.0 0.163 0.236 -0.2181 -0.2510 11.54 
0.557 2 2 3 0.0 0.0 0.170 0.243 -0.2181 -0.2434 11.54 
0.558 2 2 3 0.0 0.0 0.171 0.230 -0.1956 -0.2434 11.54 
0.559 2 2 3 0.0 0.0 0.180 0.182 -0.1956 -0.2193 11.54 
0.560 2 2 3 0.0 0.0 0.180 0.130 -0.1815 -0.2193 11.54 
0.561 2 2 3 0.0 0.0 0.163 0.105 -0.1815 -0.2133 11.54 
0.562 2 2 3 0.0 0.0 0.155 0.093 -0.1815 -0.2133 11.54 
0.563 2 2 3 0.0 0.0 0.153 0.097 -0.1619 -0.1996 11.54 
0.564 2 2 3 0.0 0.0 0.150 0.096 -0.1619 -0.1996 11.54 
0.565 2 2 3 0.0 0.0 0.129 0.120 -0.1538 -0.1940 11.54 
0.566 2 2 3 0.0 0.0 0.098 0.123 -0.1490 -0.1940 11.54 
0.567 2 2 3 0.0 0.0 0.074 0.123 -0.1490 -0.1783 11.54 
0.568 2 2 3 0.0 0.0 0.069 0.119 -0.1374 -0.1783 11.54 
0.569 2 2 3 0.0 0.0 0.078 0.145 -0.1245 -0.1783 11.54 
0.570 2 2 3 0.0 0.0 0.079 0.135 -0.1245 -0.1450 11.54 
0.571 2 2 3 0.0 0.0 0.071 0.157 -0.1245 -0.1450 11.54 
0.572 2 2 3 0.0 0.0 0.070 0.154 -0.1265 -0.1450 11.54 
0.573 2 2 3 0.0 0.0 0.069 0.149 -0.1265 -0.1426 11.54 
0.574 2 2 3 0.0 0.0 0.069 0.146 -0.1265 -0.1426 11.54 
0.575 2 2 3 0.0 0.0 0.057 0.142 -0.1221 -0.1426 11.54 
0.576 2 2 3 0.0 0.0 0.045 0.136 -0.1221 -0.1289 11.54 
0.577 2 2 3 0.0 0.0 0.048 0.116 -0.1221 -0.1289 11.54 
0.578 2 2 3 0.0 0.0 0.041 0.077 -0.1221 -0.1289 11.54 
0.579 2 2 3 0.0 0.0 0.038 0.072 -0.0972 -0.1161 11.54 
0.580 2 2 3 0.0 0.0 0.032 0.085 -0.0972 -0.1076 11.54 
0.581 2 2 3 0.0 0.0 0.035 0.083 -0.0972 -0.1076 11.54 
0.582 2 2 3 0.0 0.0 0.034 0.067 -0.0972 -0.1076 11.54 
0.583 2 2 3 0.0 0.0 0.029 0.068 -0.0972 -0.1076 11.54 
0.584 2 2 3 0.0 0.0 0.026 0.071 -0.0783 -0.0876 11.54 
0.585 2 2 3 0.0 0.0 0.027 0.070 -0.0659 -0.0876 11.54 
0.586 2 2 3 0.0 0.0 0.037 0.064 -0.0659 -0.0876 11.54 
0.587 2 2 3 0.0 0.0 0.051 0.045 -0.0659 -0.0876 11.54 
0.588 2 2 3 0.0 0.0 0.055 0.035 -0.0659 -0.0876 11.54 
0.589 2 2 3 0.0 0.0 0.051 0.035 -0.0659 -0.0831 11.54 
0.590 2 2 3 0.0 0.0 0.053 0.038 -0.0659 -0.0831 11.54 
0.591 2 2 3 0.0 0.0 0.051 0.038 -0.0659 -0.0831 11.53 
0.592 2 2 3 0.0 0.0 0.048 0.043 -0.0570 -0.0831 11.54 
0.593 2 2 3 0.0 0.0 0.041 0.039 -0.0502 -0.0831 11.54 
0.594 2 2 3 0.0 0.0 0.042 0.019 -0.0502 -0.0751 11.54 
0.595 2 2 3 0.0 0.0 0.034 0.019 -0.0502 -0.0727 11.54 
0.596 2 2 3 0.0 0.0 0.029 0.027 -0.0502 -0.0727 11.54 
0.597 2 2 3 0.0 0.0 0.022 0.042 -0.0502 -0.0727 11.54 
0.598 2 2 3 0.0 0.0 0.031 0.036 -0.0502 -0.0727 11.54 
0.599 2 2 3 0.0 0.0 0.026 0.036 -0.0502 -0.0727 11.53 
0.600 2 2 3 0.0 0.0 0.017 0.033 -0.0502 -0.0687 11.54 
0.601 2 2 3 0.0 0.0 0.020 0.028 -0.0494 -0.0586 11.54 
0.602 2 2 3 0.0 0.0 0.019 0.025 -0.0442 -0.0510 11.53 
0.603 2 2 3 0.0 0.0 0.016 0.029 -0.0398 -0.0454 11.54 
0.604 2 2 3 0.0 0.0 0.016 0.015 -0.0361 -0.0406 11.54 
0.605 2 2 3 0.0 0.0 0.012 0.017 -0.0329 -0.0390 11.54 
0.606 2 2 3 0.0 0.0 0.012 0.019 -0.0305 -0.0390 11.54 
0.607 2 2 3 0.0 0.0 0.007 0.001 -0.0285 -0.0390 11.54 
0.608 2 2 3 0.0 0.0 0.011 0.010 -0.0265 -0.0390 11.54 
0.609 2 2 3 0.0 0.0 0.003 0.006 -0.0249 -0.0390 11.53 
0.610 2 2 3 0.0 0.0 0.005 -0.001 -0.0233 -0.0390 11.54 
0.611 2 2 3 0.0 0.0 0.000 0.003 -0.0221 -0.0390 11.54 
0.612 2 2 3 0.0 0.0 -0.001 -0.002 -0.0209 -0.0390 11.54 
0.613 2 2 3 0.0 0.0 0.003 0.000 -0.0197 -0.0390 11.54 
0.614 2 2 3 0.0 0.0 0.007 -0.006 -0.0189 -0.0390 11.54 
0.615 2 2 3 0.0 0.0 -0.002 -0.003 -0.0181 -0.0378 11.54 
0.616 2 2 3 0.0 0.0 0.003 -0.004 -0.0173 -0.0345 11.54 
0.617 2 2 3 0.0 0.0 -0.000 -0.006 -0.0165 -0.0317 11.54 
0.618 2 2 3 0.0 0.0 -0.007 -0.004 -0.0157 -0.0293 11.54 
0.619 2 2 3 0.0 0.0 0.002 -0.017 -0.0153 -0.0273 11.54 
0.620 2 2 3 0.0 0.0 0.003 -0.002 -0.0145 -0.0257 11.54 
0.621 2 2 3 0.0 0.0 -0.003 -0.006 -0.0141 -0.0241 11.54 
0.622 2 2 3 0.0 0.0 -0.001 -0.012 -0.0137 -0.0229 11.54 
0.623 2 2 3 0.0 0.0 -0.003 -0.009 -0.0133 -0.0213 11.54 
0.624 2 2 3 0.0 0.0 -0.000 -0.016 -0.0129 0.0209 11.54 
0.625 2 2 3 0.0 0.0 0.000 -0.013 -0.0125 0.0209 11.54 
0.626 2 2 3 0.0 0.0 0.000 -0.006 -0.0120 0.0209 11.54 
0.627 2 2 3 0.0 0.0 -0.002 -0.006 -0.0116 0.0209 11.54 
0.628 2 2 3 0.0 0.0 0.005 -0.007 -0.0112 0.0209 11.54 
0.629 2 2 3 0.0 0.0 0.010 -0.007 -0.0108 0.0209 11.54 
0.630 2 2 3 0.0 0.0 0.000 0.000 -0.0104 0.0209 11.54 
0.631 2 2 3 0.0 0.0 -0.000 -0.007 -0.0104 0.0209 11.53 
0.632 2 2 3 0.0 0.0 0.001 -0.009 -0.0100 0.0209 11.54 
0.633 2 2 3 0.0 0.0 -0.004 -0.014 -0.0096 0.0209 11.55 
0.634 2 2 3 0.0 0.0 -0.002 -0.011 -0.0096 0.0209 11.54 
0.635 2 2 3 0.0 0.0 0.001 -0.004 -0.0092 0.0209 11.54 
0.636 2 2 3 0.0 0.0 0.002 -0.007 -0.0092 0.0209 11.54 
0.637 2 2 3 0.0 0.0 0.006 -0.006 -0.0088 0.0209 11.54 
0.638 2 2 3 0.0 0.0 0.004 -0.016 -0.0088 0.0209 11.55 
0.639 2 2 3 0.0 0.0 0.008 -0.010 -0.0084 0.0209 11.54 
0.640 2 2 3 0.0 0.0 -0.004 -0.006 -0.0084 0.0209 11.54 
0.641 2 2 3 0.0 0.0 0.005 -0.013 -0.0080 0.0209 11.54 
0.642 2 2 3 0.0 0.0 -0.000 -0.015 -0.0080 0.0209 11.54 
0.643 2 2 3 0.0 0.0 -0.003 -0.014 -0.0076 0.0201 11.55 
0.644 2 2 3 0.0 0.0 0.003 -0.013 -0.0076 0.0193 11.55 
0.645 2 2 3 0.0 0.0 0.006 -0.018 -0.0076 0.0185 11.54 
0.646 2 2 3 0.0 0.0 0.003 -0.019 -0.0072 0.0177 11.54 
0.647 2 2 3 0.0 0.0 -0.000 -0.012 -0.0072 0.0169 11.54 
0.648 2 2 3 0.0 0.0 0.003 -0.015 -0.0072 0.0161 11.54 
0.649 2 2 3 0.0 0.0 0.000 -0.006 -0.0068 0.0157 11.54 
0.650 2 2 3 0.0 0.0 -0.000 -0.014 -0.0068 0.0149 11.53 
0.651 2 2 3 0.0 0.0 -0.005 -0.005 -0.0068 0.0145 11.54 
0.652 2 2 3 0.0 0.0 0.003 -0.013 -0.0064 0.0137 11.54 
0.653 2 2 3 0.0 0.0 0.007 -0.013 -0.0064 0.0133 11.54 
0.654 2 2 3 0.0 0.0 -0.001 -0.011 -0.0064 0.0133 11.54 
0.655 2 2 3 0.0 0.0 0.000 -0.009 -0.0064 0.0133 11.54 
0.656 2 2 3 0.0 0.0 0.003 -0.014 -0.0060 0.0133 11.54 
0.657 2 2 3 0.0 0.0 0.015 -0.017 -0.0060 0.0133 11.53 
0.658 2 2 3 0.0 0.0 0.003 -0.013 -0.0060 0.0133 11.54 
0.659 2 2 3 0.0 0.0 0.004 -0.005 -0.0060 0.0133 11.54 
0.660 2 2 3 0.0 0.0 -0.003 0.003 -0.0056 0.0133 11.54 
0.661 2 2 3 0.0 0.0 -0.003 -0.003 -0.0056 0.0133 11.54 
0.662 2 2 3 0.0 0.0 0.005 -0.006 -0.0056 0.0133 11.54 
0.663 2 2 3 0.0 0.0 -0.001 -0.007 -0.0056 0.0133 11.54 
0.664 2 2 3 0.0 0.0 -0.003 -0.012 -0.0056 0.0133 11.55 
0.665 2 2 3 0.0 0.0 0.000 -0.011 -0.0052 0.0133 11.54 
