%% logfile from robot Eva (55)
% Eva (55)
%  1    time 0.000 sec
%  2  3  4   (mission 0), state 2, thread 2, line 0
%  5  6 Motor voltage [V] left, right: 2.0 2.0
%  7  8 Motor current left, right [A]: 0.082 0.066
%  9 10 Wheel velocity [m/s] left, right: -0.0000 -0.0000
% 11    Battery voltage [V]: 11.47
0.001 2 2 0 2.0 2.0 -0.002 0.016 -0.0000 -0.0000 11.47 
0.002 2 2 0 2.0 2.0 0.220 0.095 -0.0000 -0.0000 11.47 
0.003 2 2 0 2.0 2.0 0.390 0.172 -0.0000 -0.0000 11.46 
0.004 2 2 0 2.0 2.0 0.439 0.202 -0.0000 -0.0000 11.46 
0.005 2 2 0 2.0 2.0 0.479 0.199 -0.0000 -0.0000 11.47 
0.006 2 2 0 2.0 2.0 0.487 0.180 -0.0000 -0.0000 11.46 
0.007 2 2 0 2.0 2.0 0.510 0.173 0.0000 -0.0000 11.47 
0.008 2 2 0 2.0 2.0 0.484 0.163 0.0000 -0.0000 11.47 
0.009 2 2 0 2.0 2.0 0.455 0.149 0.0000 -0.0000 11.47 
0.010 2 2 0 2.0 2.0 0.436 0.161 0.0000 -0.0000 11.47 
0.011 2 2 0 2.0 2.0 0.505 0.176 0.0944 0.0000 11.46 
0.012 2 2 0 2.0 2.0 0.464 0.180 0.0944 0.0000 11.46 
0.013 2 2 0 2.0 2.0 0.440 0.176 0.0944 0.0000 11.46 
0.014 2 2 0 2.0 2.0 0.409 0.157 0.1502 0.0000 11.47 
0.015 2 2 0 2.0 2.0 0.385 0.174 0.1502 0.0000 11.46 
0.016 2 2 0 2.0 2.0 0.439 0.161 0.1751 0.0000 11.46 
0.017 2 2 0 2.0 2.0 0.408 0.132 0.1751 0.0000 11.46 
0.018 2 2 0 2.0 2.0 0.382 0.182 0.2080 0.0000 11.46 
0.019 2 2 0 2.0 2.0 0.390 0.231 0.2080 0.0000 11.46 
0.020 2 2 0 2.0 2.0 0.427 0.270 0.2157 0.0438 11.47 
0.021 2 2 0 2.0 2.0 0.377 0.306 0.2418 0.0438 11.46 
0.022 2 2 0 2.0 2.0 0.329 0.324 0.2418 0.0438 11.46 
0.023 2 2 0 2.0 2.0 0.333 0.322 0.2333 0.0438 11.46 
0.024 2 2 0 2.0 2.0 0.303 0.315 0.2333 0.0438 11.47 
0.025 2 2 0 2.0 2.0 0.325 0.294 0.2675 0.0743 11.47 
0.026 2 2 0 2.0 2.0 0.306 0.275 0.2639 0.0743 11.46 
0.027 2 2 0 2.0 2.0 0.290 0.254 0.2996 0.0743 11.46 
0.028 2 2 0 2.0 2.0 0.261 0.247 0.2996 0.0743 11.47 
0.029 2 2 0 2.0 2.0 0.297 0.238 0.2848 0.0976 11.47 
0.030 2 2 0 2.0 2.0 0.316 0.242 0.3113 0.0976 11.46 
0.031 2 2 0 2.0 2.0 0.353 0.220 0.2996 0.0976 11.47 
0.032 2 2 0 2.0 2.0 0.295 0.192 0.2996 0.1249 11.47 
0.033 2 2 0 2.0 2.0 0.255 0.146 0.3374 0.1249 11.47 
0.034 2 2 0 2.0 2.0 0.259 0.124 0.3213 0.1249 11.47 
0.035 2 2 0 2.0 2.0 0.247 0.119 0.3430 0.1418 11.47 
0.036 2 2 0 2.0 2.0 0.238 0.115 0.3346 0.1418 11.47 
0.037 2 2 0 2.0 2.0 0.264 0.131 0.3615 0.1418 11.47 
0.038 2 2 0 2.0 2.0 0.280 0.156 0.3615 0.1297 11.47 
0.039 2 2 0 2.0 2.0 0.250 0.178 0.3522 0.1297 11.47 
0.040 2 2 0 2.0 2.0 0.235 0.167 0.3683 0.1297 11.47 
0.041 2 2 0 2.0 2.0 0.228 0.175 0.3615 0.1261 11.47 
0.042 2 2 0 2.0 2.0 0.282 0.199 0.3860 0.1233 11.47 
0.043 2 2 0 2.0 2.0 0.233 0.203 0.3615 0.1233 11.47 
0.044 2 2 0 2.0 2.0 0.226 0.155 0.3896 0.1442 11.47 
0.045 2 2 0 2.0 2.0 0.222 0.132 0.3751 0.1442 11.47 
0.046 2 2 0 2.0 2.0 0.216 0.119 0.3936 0.1442 11.47 
0.047 2 2 0 2.0 2.0 0.248 0.097 0.4016 0.1414 11.46 
0.048 2 2 0 2.0 2.0 0.253 0.142 0.4097 0.1414 11.46 
0.049 2 2 0 2.0 2.0 0.199 0.190 0.4137 0.1414 11.47 
0.050 2 2 0 2.0 2.0 0.197 0.221 0.4225 0.1434 11.46 
0.051 2 2 0 2.0 2.0 0.215 0.240 0.4016 0.1434 11.46 
0.052 2 2 0 2.0 2.0 0.232 0.229 0.4181 0.1434 11.47 
0.053 2 2 0 2.0 2.0 0.191 0.219 0.4317 0.1526 11.47 
0.054 2 2 0 2.0 2.0 0.204 0.220 0.4510 0.1526 11.46 
0.055 2 2 0 2.0 2.0 0.187 0.224 0.4510 0.1611 11.46 
0.056 2 2 0 2.0 2.0 0.183 0.221 0.4462 0.1611 11.47 
0.057 2 2 0 2.0 2.0 0.207 0.233 0.4410 0.1611 11.46 
0.058 2 2 0 2.0 2.0 0.249 0.171 0.3976 0.1631 11.47 
0.059 2 2 0 2.0 2.0 0.206 0.168 0.4181 0.1631 11.47 
0.060 2 2 0 2.0 2.0 0.171 0.181 0.4410 0.1707 11.47 
0.061 2 2 0 2.0 2.0 0.175 0.173 0.4510 0.1707 11.47 
0.062 2 2 0 2.0 2.0 0.165 0.175 0.4317 0.1743 11.47 
0.063 2 2 0 2.0 2.0 0.180 0.181 0.4462 0.1743 11.47 
0.064 2 2 0 2.0 2.0 0.172 0.195 0.4723 0.1759 11.47 
0.065 2 2 0 2.0 2.0 0.150 0.172 0.4510 0.1759 11.47 
0.066 2 2 0 2.0 2.0 0.150 0.172 0.4615 0.1759 11.47 
0.067 2 2 0 2.0 2.0 0.162 0.180 0.4562 0.1723 11.47 
0.068 2 2 0 2.0 2.0 0.201 0.193 0.4723 0.1723 11.47 
0.069 2 2 0 2.0 2.0 0.192 0.184 0.4723 0.1731 11.47 
0.070 2 2 0 2.0 2.0 0.189 0.177 0.4723 0.1731 11.47 
0.071 2 2 0 2.0 2.0 0.169 0.174 0.4896 0.1707 11.47 
0.072 2 2 0 2.0 2.0 0.149 0.175 0.4723 0.1651 11.47 
0.073 2 2 0 2.0 2.0 0.167 0.166 0.4836 0.1651 11.46 
0.074 2 2 0 2.0 2.0 0.127 0.142 0.4779 0.1839 11.47 
0.075 2 2 0 2.0 2.0 0.152 0.116 0.4836 0.1839 11.47 
0.076 2 2 0 2.0 2.0 0.200 0.105 0.4956 0.1868 11.46 
0.077 2 2 0 2.0 2.0 0.188 0.116 0.4836 0.1868 11.47 
0.078 2 2 0 2.0 2.0 0.162 0.172 0.5020 0.1799 11.47 
0.079 2 2 0 2.0 2.0 0.154 0.193 0.4956 0.1799 11.46 
0.080 2 2 0 2.0 2.0 0.150 0.202 0.5020 0.1783 11.47 
0.081 2 2 0 2.0 2.0 0.116 0.216 0.5149 0.1783 11.47 
0.082 2 2 0 2.0 2.0 0.171 0.176 0.5149 0.1783 11.47 
0.083 2 2 0 2.0 2.0 0.147 0.092 0.5149 0.1876 11.47 
0.084 2 2 0 2.0 2.0 0.134 0.071 0.5281 0.1876 11.47 
0.085 2 2 0 2.0 2.0 0.141 0.077 0.5081 0.1743 11.47 
0.086 2 2 0 2.0 2.0 0.182 0.093 0.5213 0.1743 11.47 
0.087 2 2 0 2.0 2.0 0.150 0.142 0.5213 0.1767 11.47 
0.088 2 2 0 2.0 2.0 0.169 0.171 0.5213 0.1767 11.47 
0.089 2 2 0 2.0 2.0 0.190 0.185 0.5213 0.1731 11.47 
0.090 2 2 0 2.0 2.0 0.173 0.202 0.5149 0.1731 11.47 
0.091 2 2 0 2.0 2.0 0.146 0.217 0.4956 0.1731 11.47 
0.092 2 2 0 2.0 2.0 0.154 0.207 0.5081 0.1920 11.47 
0.093 2 2 0 2.0 2.0 0.115 0.163 0.5213 0.1920 11.47 
0.094 2 2 0 2.0 2.0 0.127 0.111 0.5354 0.1823 11.47 
0.095 2 2 0 2.0 2.0 0.173 0.103 0.5281 0.1823 11.47 
0.096 2 2 0 2.0 2.0 0.177 0.134 0.5281 0.1868 11.47 
0.097 2 2 0 2.0 2.0 0.158 0.130 0.4836 0.1868 11.47 
0.098 2 2 0 2.0 2.0 0.134 0.104 0.5213 0.1956 11.47 
0.099 2 2 0 2.0 2.0 0.126 0.084 0.5354 0.1956 11.47 
0.100 2 2 0 2.0 2.0 0.108 0.073 0.5281 0.1831 11.47 
0.101 2 2 0 2.0 2.0 0.131 0.067 0.5213 0.1831 11.47 
0.102 2 2 0 2.0 2.0 0.120 0.115 0.5426 0.1687 11.47 
0.103 2 2 0 2.0 2.0 0.131 0.168 0.5426 0.1687 11.47 
0.104 2 2 0 2.0 2.0 0.165 0.191 0.5213 0.1687 11.47 
0.105 2 2 0 2.0 2.0 0.149 0.202 0.5149 0.1759 11.47 
0.106 2 2 0 2.0 2.0 0.147 0.209 0.5281 0.1759 11.47 
0.107 2 2 0 2.0 2.0 0.137 0.203 0.5213 0.1831 11.47 
0.108 2 2 0 2.0 2.0 0.141 0.195 0.5149 0.1831 11.47 
0.109 2 2 0 2.0 2.0 0.146 0.186 0.5281 0.1892 11.47 
0.110 2 2 0 2.0 2.0 0.141 0.148 0.5081 0.1892 11.47 
0.111 2 2 0 2.0 2.0 0.124 0.119 0.5149 0.1783 11.47 
0.112 2 2 0 2.0 2.0 0.093 0.103 0.5281 0.1783 11.47 
0.113 2 2 0 2.0 2.0 0.133 0.111 0.5149 0.1892 11.47 
0.114 2 2 0 2.0 2.0 0.181 0.144 0.5149 0.1892 11.47 
0.115 2 2 0 2.0 2.0 0.174 0.155 0.5354 0.1892 11.47 
0.116 2 2 0 2.0 2.0 0.166 0.178 0.5281 0.1900 11.47 
0.117 2 2 0 2.0 2.0 0.121 0.206 0.5281 0.1900 11.47 
0.118 2 2 0 2.0 2.0 0.075 0.190 0.5426 0.1940 11.47 
0.119 2 2 0 2.0 2.0 0.146 0.146 0.5426 0.1940 11.47 
0.120 2 2 0 2.0 2.0 0.151 0.125 0.5426 0.1839 11.47 
0.121 2 2 0 2.0 2.0 0.118 0.134 0.5498 0.1839 11.47 
0.122 2 2 0 2.0 2.0 0.119 0.144 0.5354 0.1868 11.47 
0.123 2 2 0 2.0 2.0 0.161 0.151 0.5281 0.1868 11.47 
0.124 2 2 0 2.0 2.0 0.139 0.157 0.5426 0.1884 11.47 
0.125 2 2 0 2.0 2.0 0.146 0.149 0.5426 0.1884 11.47 
0.126 2 2 0 2.0 2.0 0.143 0.145 0.5498 0.1956 11.47 
0.127 2 2 0 2.0 2.0 0.124 0.168 0.5575 0.1956 11.47 
0.128 2 2 0 2.0 2.0 0.128 0.176 0.5354 0.1912 11.47 
0.129 2 2 0 2.0 2.0 0.112 0.172 0.5575 0.1912 11.47 
0.130 2 2 0 2.0 2.0 0.091 0.163 0.5655 0.1976 11.47 
0.131 2 2 0 2.0 2.0 0.121 0.152 0.5655 0.1976 11.47 
0.132 2 2 0 2.0 2.0 0.179 0.145 0.5575 0.1988 11.47 
0.133 2 2 0 2.0 2.0 0.151 0.140 0.5575 0.1988 11.47 
0.134 2 2 0 2.0 2.0 0.133 0.128 0.5354 0.1996 11.47 
0.135 2 2 0 2.0 2.0 0.112 0.081 0.5498 0.1996 11.47 
0.136 2 2 0 2.0 2.0 0.095 0.047 0.5498 0.1900 11.47 
0.137 2 2 0 2.0 2.0 0.105 0.074 0.5426 0.1900 11.47 
0.138 2 2 0 2.0 2.0 0.132 0.136 0.5655 0.1900 11.47 
0.139 2 2 0 2.0 2.0 0.126 0.160 0.5655 0.1856 11.47 
0.140 2 2 0 2.0 2.0 0.099 0.162 0.5498 0.1856 11.47 
0.141 2 2 0 2.0 2.0 0.093 0.169 0.5426 0.1751 11.47 
0.142 2 2 0 2.0 2.0 0.113 0.165 0.5575 0.1751 11.47 
0.143 2 2 0 2.0 2.0 0.108 0.133 0.5575 0.1976 11.47 
0.144 2 2 0 2.0 2.0 0.123 0.115 0.5426 0.1976 11.47 
0.145 2 2 0 2.0 2.0 0.106 0.103 0.5354 0.2157 11.47 
0.146 2 2 0 2.0 2.0 0.078 0.099 0.5575 0.2157 11.47 
0.147 2 2 0 2.0 2.0 0.101 0.134 0.5426 0.1928 11.47 
0.148 2 2 0 2.0 2.0 0.088 0.155 0.5426 0.1928 11.47 
0.149 2 2 0 2.0 2.0 0.084 0.153 0.5575 0.1699 11.47 
0.150 2 2 0 2.0 2.0 0.116 0.183 0.5426 0.1699 11.47 
0.151 2 2 0 2.0 2.0 0.155 0.177 0.5498 0.1868 11.46 
0.152 2 2 0 2.0 2.0 0.120 0.135 0.5575 0.1868 11.47 
0.153 2 2 0 2.0 2.0 0.108 0.099 0.5498 0.1847 11.47 
0.154 2 2 0 2.0 2.0 0.105 0.088 0.5575 0.1799 11.47 
0.155 2 2 0 2.0 2.0 0.128 0.114 0.5575 0.1799 11.47 
0.156 2 2 0 2.0 2.0 0.138 0.144 0.5655 0.1775 11.47 
0.157 2 2 0 2.0 2.0 0.144 0.164 0.5498 0.1775 11.47 
0.158 2 2 0 2.0 2.0 0.102 0.171 0.5655 0.1839 11.47 
0.159 2 2 0 2.0 2.0 0.098 0.172 0.5655 0.1839 11.46 
0.160 2 2 0 2.0 2.0 0.149 0.144 0.5655 0.1884 11.46 
0.161 2 2 0 2.0 2.0 0.129 0.159 0.5655 0.1884 11.46 
0.162 2 2 0 2.0 2.0 0.112 0.180 0.5735 0.1876 11.47 
0.163 2 2 0 2.0 2.0 0.099 0.163 0.5575 0.1876 11.47 
0.164 2 2 0 2.0 2.0 0.101 0.179 0.5735 0.1940 11.47 
0.165 2 2 0 2.0 2.0 0.092 0.186 0.5820 0.1940 11.46 
0.166 2 2 0 2.0 2.0 0.076 0.170 0.5820 0.1968 11.47 
0.167 2 2 0 2.0 2.0 0.110 0.186 0.5820 0.1968 11.47 
0.168 2 2 0 2.0 2.0 0.142 0.171 0.5498 0.1968 11.47 
0.169 2 2 0 2.0 2.0 0.117 0.144 0.5655 0.1968 11.46 
0.170 2 2 0 2.0 2.0 0.107 0.138 0.5820 0.1928 11.46 
0.171 2 2 0 2.0 2.0 0.073 0.141 0.5498 0.1912 11.47 
0.172 2 2 0 2.0 2.0 0.095 0.156 0.5655 0.1912 11.47 
0.173 2 2 0 2.0 2.0 0.075 0.153 0.5904 0.1900 11.47 
0.174 2 2 0 2.0 2.0 0.114 0.170 0.5575 0.1900 11.47 
0.175 2 2 0 2.0 2.0 0.088 0.183 0.5735 0.1791 11.47 
0.176 2 2 0 2.0 2.0 0.066 0.183 0.5820 0.1791 11.47 
0.177 2 2 0 2.0 2.0 0.076 0.167 0.5735 0.1996 11.47 
0.178 2 2 0 2.0 2.0 0.131 0.138 0.5575 0.1996 11.46 
0.179 2 2 0 2.0 2.0 0.133 0.123 0.5655 0.2008 11.47 
0.180 2 2 0 2.0 2.0 0.135 0.103 0.5498 0.2008 11.47 
0.181 2 2 0 2.0 2.0 0.103 0.120 0.5498 0.1948 11.47 
0.182 2 2 0 2.0 2.0 0.097 0.143 0.5655 0.1948 11.47 
0.183 2 2 0 2.0 2.0 0.103 0.136 0.5655 0.1900 11.47 
0.184 2 2 0 2.0 2.0 0.126 0.168 0.5498 0.1900 11.47 
0.185 2 2 0 2.0 2.0 0.126 0.126 0.5655 0.1988 11.47 
0.186 2 2 0 2.0 2.0 0.089 0.084 0.5735 0.1988 11.47 
0.187 2 2 0 2.0 2.0 0.095 0.090 0.5655 0.1839 11.47 
0.188 2 2 0 2.0 2.0 0.078 0.108 0.5820 0.1839 11.47 
0.189 2 2 0 2.0 2.0 0.125 0.135 0.5820 0.1856 11.47 
0.190 2 2 0 2.0 2.0 0.118 0.167 0.5735 0.1856 11.47 
0.191 2 2 0 2.0 2.0 0.120 0.186 0.5655 0.1856 11.47 
0.192 2 2 0 2.0 2.0 0.121 0.187 0.5735 0.1791 11.47 
0.193 2 2 0 2.0 2.0 0.103 0.184 0.5820 0.1791 11.46 
0.194 2 2 0 2.0 2.0 0.084 0.177 0.5820 0.1976 11.47 
0.195 2 2 0 2.0 2.0 0.125 0.147 0.5904 0.1976 11.47 
0.196 2 2 0 2.0 2.0 0.107 0.103 0.5992 0.1892 11.47 
0.197 2 2 0 2.0 2.0 0.089 0.104 0.5904 0.1892 11.47 
0.198 2 2 0 2.0 2.0 0.093 0.138 0.5992 0.1940 11.47 
0.199 2 2 0 2.0 2.0 0.089 0.133 0.6177 0.1940 11.46 
0.200 2 2 0 2.0 2.0 0.119 0.115 0.6085 0.2008 11.47 
0.201 2 2 1 4.0 4.0 0.107 0.097 0.6085 0.2008 11.47 
0.202 2 2 1 4.0 4.0 0.146 0.096 0.5820 0.1884 11.46 
0.203 2 2 1 4.0 4.0 0.340 0.257 0.6177 0.1884 11.45 
0.204 2 2 1 4.0 4.0 0.435 0.450 0.6273 0.1839 11.45 
0.205 2 2 1 4.0 4.0 0.562 0.579 0.6273 0.1839 11.45 
0.206 2 2 1 4.0 4.0 0.508 0.672 0.6583 0.2205 11.44 
0.207 2 2 1 4.0 4.0 0.495 0.731 0.6474 0.2205 11.44 
0.208 2 2 1 4.0 4.0 0.541 0.731 0.6691 0.2607 11.44 
0.209 2 2 1 4.0 4.0 0.521 0.706 0.6924 0.2888 11.44 
0.210 2 2 1 4.0 4.0 0.584 0.604 0.7044 0.2908 11.45 
0.211 2 2 1 4.0 4.0 0.533 0.520 0.7169 0.2908 11.45 
0.212 2 2 1 4.0 4.0 0.484 0.504 0.7169 0.3185 11.45 
0.213 2 2 1 4.0 4.0 0.505 0.485 0.6924 0.3237 11.45 
0.214 2 2 1 4.0 4.0 0.489 0.486 0.7169 0.3346 11.45 
0.215 2 2 1 4.0 4.0 0.465 0.441 0.7169 0.3265 11.45 
0.216 2 2 1 4.0 4.0 0.489 0.467 0.7434 0.3462 11.42 
0.217 2 2 1 4.0 4.0 0.485 0.512 0.7575 0.3462 11.44 
0.218 2 2 1 4.0 4.0 0.452 0.549 0.7872 0.3550 11.45 
0.219 2 2 1 4.0 4.0 0.451 0.568 0.7872 0.3751 11.44 
0.220 2 2 1 4.0 4.0 0.402 0.608 0.7872 0.3787 11.44 
0.221 2 2 1 4.0 4.0 0.428 0.556 0.8032 0.3976 11.45 
0.222 2 2 1 4.0 4.0 0.416 0.440 0.8366 0.4056 11.44 
0.223 2 2 1 4.0 4.0 0.403 0.376 0.8366 0.4137 11.44 
0.224 2 2 1 4.0 4.0 0.396 0.395 0.8543 0.4137 11.45 
0.225 2 2 1 4.0 4.0 0.344 0.457 0.8924 0.4137 11.45 
0.226 2 2 1 4.0 4.0 0.359 0.485 0.9125 0.4137 11.45 
0.227 2 2 1 4.0 4.0 0.386 0.437 0.9125 0.4462 11.45 
0.228 2 2 1 4.0 4.0 0.356 0.381 0.9125 0.4462 11.45 
0.229 2 2 1 4.0 4.0 0.319 0.366 0.9338 0.4269 11.45 
0.230 2 2 1 4.0 4.0 0.367 0.368 0.9125 0.4410 11.46 
0.231 2 2 1 4.0 4.0 0.296 0.383 0.9125 0.4462 11.45 
0.232 2 2 1 4.0 4.0 0.288 0.421 0.9338 0.4562 11.45 
0.233 2 2 1 4.0 4.0 0.335 0.463 0.9338 0.4667 11.42 
0.234 2 2 1 4.0 4.0 0.344 0.482 0.9338 0.4667 11.44 
0.235 2 2 1 4.0 4.0 0.312 0.498 0.9338 0.4667 11.45 
0.236 2 2 1 4.0 4.0 0.321 0.450 0.9559 0.4723 11.45 
0.237 2 2 1 4.0 4.0 0.318 0.424 0.9559 0.4779 11.45 
0.238 2 2 1 4.0 4.0 0.294 0.460 0.9559 0.4779 11.45 
0.239 2 2 1 4.0 4.0 0.324 0.465 0.9559 0.4723 11.45 
0.240 2 2 1 4.0 4.0 0.295 0.461 0.9796 0.4896 11.45 
0.241 2 2 1 4.0 4.0 0.260 0.416 1.0041 0.5020 11.45 
0.242 2 2 1 4.0 4.0 0.291 0.390 1.0041 0.5081 11.46 
0.243 2 2 1 4.0 4.0 0.272 0.371 1.0041 0.5213 11.45 
0.244 2 2 1 4.0 4.0 0.271 0.315 1.0041 0.5081 11.46 
0.245 2 2 1 4.0 4.0 0.311 0.316 1.0298 0.5149 11.45 
0.246 2 2 1 4.0 4.0 0.278 0.371 1.0298 0.5081 11.45 
0.247 2 2 1 4.0 4.0 0.289 0.400 1.0567 0.5149 11.46 
0.248 2 2 1 4.0 4.0 0.261 0.389 1.0298 0.5281 11.43 
0.249 2 2 1 4.0 4.0 0.244 0.313 1.0567 0.5498 11.45 
0.250 2 2 1 4.0 4.0 0.217 0.258 1.0567 0.5354 11.46 
0.251 2 2 1 4.0 4.0 0.259 0.315 1.0567 0.5354 11.45 
0.252 2 2 1 4.0 4.0 0.245 0.385 1.0567 0.5426 11.45 
0.253 2 2 1 4.0 4.0 0.222 0.400 1.0852 0.5281 11.46 
0.254 2 2 1 4.0 4.0 0.192 0.366 1.0567 0.5426 11.45 
0.255 2 2 1 4.0 4.0 0.235 0.338 1.0567 0.5498 11.45 
0.256 2 2 1 4.0 4.0 0.232 0.303 1.0852 0.5426 11.46 
0.257 2 2 1 4.0 4.0 0.206 0.302 1.0852 0.5426 11.45 
0.258 2 2 1 4.0 4.0 0.283 0.339 1.0852 0.5426 11.45 
0.259 2 2 1 4.0 4.0 0.244 0.387 1.1153 0.5426 11.45 
0.260 2 2 1 4.0 4.0 0.225 0.414 1.1153 0.5498 11.45 
0.261 2 2 1 4.0 4.0 0.222 0.348 1.0852 0.5655 11.45 
0.262 2 2 1 4.0 4.0 0.245 0.277 1.1153 0.5575 11.46 
0.263 2 2 1 4.0 4.0 0.239 0.294 1.1153 0.5575 11.45 
0.264 2 2 1 4.0 4.0 0.192 0.335 1.1153 0.5498 11.45 
0.265 2 2 1 4.0 4.0 0.190 0.322 1.1474 0.5820 11.46 
0.266 2 2 1 4.0 4.0 0.185 0.331 1.1153 0.5213 11.45 
0.267 2 2 1 4.0 4.0 0.217 0.308 1.1153 0.5575 11.46 
0.268 2 2 1 4.0 4.0 0.186 0.292 1.0852 0.5575 11.46 
0.269 2 2 1 4.0 4.0 0.245 0.336 1.1153 0.5655 11.46 
0.270 2 2 1 4.0 4.0 0.202 0.375 1.1153 0.5655 11.45 
0.271 2 2 1 4.0 4.0 0.183 0.404 1.1474 0.5575 11.45 
0.272 2 2 1 4.0 4.0 0.175 0.396 1.1153 0.5735 11.43 
0.273 2 2 1 4.0 4.0 0.199 0.381 1.1153 0.5735 11.44 
0.274 2 2 1 4.0 4.0 0.184 0.377 1.1474 0.5735 11.45 
0.275 2 2 1 4.0 4.0 0.202 0.387 1.1474 0.5575 11.45 
0.276 2 2 1 4.0 4.0 0.235 0.377 1.1474 0.5820 11.46 
0.277 2 2 1 4.0 4.0 0.191 0.339 1.1474 0.5820 11.45 
0.278 2 2 1 4.0 4.0 0.187 0.329 1.1474 0.5735 11.46 
0.279 2 2 1 4.0 4.0 0.200 0.287 1.1474 0.5735 11.46 
0.280 2 2 1 4.0 4.0 0.181 0.269 1.1474 0.5735 11.43 
0.281 2 2 1 4.0 4.0 0.162 0.307 1.1474 0.5820 11.45 
0.282 2 2 1 4.0 4.0 0.207 0.343 1.1812 0.5655 11.46 
0.283 2 2 1 4.0 4.0 0.200 0.328 1.2169 0.5992 11.46 
0.284 2 2 1 4.0 4.0 0.158 0.271 1.1812 0.5992 11.46 
0.285 2 2 1 4.0 4.0 0.140 0.271 1.1474 0.5820 11.46 
0.286 2 2 1 4.0 4.0 0.188 0.325 1.2169 0.5904 11.43 
0.287 2 2 1 4.0 4.0 0.143 0.364 1.1812 0.5992 11.45 
0.288 2 2 1 4.0 4.0 0.113 0.327 1.1812 0.5820 11.45 
0.289 2 2 1 4.0 4.0 0.167 0.308 1.2169 0.5904 11.45 
0.290 2 2 1 4.0 4.0 0.170 0.297 1.1812 0.5820 11.46 
0.291 2 2 1 4.0 4.0 0.139 0.275 1.1812 0.5904 11.46 
0.292 2 2 1 4.0 4.0 0.148 0.314 1.1812 0.5992 11.46 
0.293 2 2 1 4.0 4.0 0.177 0.343 1.1812 0.5904 11.45 
0.294 2 2 1 4.0 4.0 0.135 0.364 1.1812 0.5992 11.45 
0.295 2 2 1 4.0 4.0 0.134 0.304 1.2169 0.6085 11.46 
0.296 2 2 1 4.0 4.0 0.182 0.263 1.2169 0.5992 11.46 
0.297 2 2 1 4.0 4.0 0.153 0.300 1.2169 0.5735 11.46 
0.298 2 2 1 4.0 4.0 0.135 0.327 1.2169 0.6273 11.46 
0.299 2 2 1 4.0 4.0 0.123 0.306 1.2169 0.6085 11.46 
0.300 2 2 1 4.0 4.0 0.155 0.297 1.2169 0.5735 11.46 
0.301 2 2 1 4.0 4.0 0.122 0.271 1.2169 0.5904 11.46 
0.302 2 2 1 4.0 4.0 0.161 0.277 1.1812 0.5992 11.46 
0.303 2 2 1 4.0 4.0 0.191 0.324 1.1812 0.6085 11.46 
0.304 2 2 1 4.0 4.0 0.138 0.374 1.2169 0.5904 11.45 
0.305 2 2 1 4.0 4.0 0.127 0.364 1.2169 0.5904 11.46 
0.306 2 2 1 4.0 4.0 0.169 0.350 1.1812 0.5904 11.46 
0.307 2 2 1 4.0 4.0 0.119 0.358 1.2169 0.5820 11.46 
0.308 2 2 1 4.0 4.0 0.139 0.369 1.1812 0.5655 11.46 
0.309 2 2 1 4.0 4.0 0.184 0.379 1.2169 0.5904 11.45 
0.310 2 2 1 4.0 4.0 0.143 0.347 1.2169 0.5904 11.46 
0.311 2 2 1 4.0 4.0 0.158 0.339 1.2169 0.5992 11.46 
0.312 2 2 1 4.0 4.0 0.131 0.273 1.1812 0.5904 11.46 
0.313 2 2 1 4.0 4.0 0.194 0.254 1.2169 0.5904 11.46 
0.314 2 2 1 4.0 4.0 0.127 0.303 1.2169 0.5992 11.46 
0.315 2 2 1 4.0 4.0 0.125 0.335 1.2169 0.5820 11.46 
0.316 2 2 1 4.0 4.0 0.177 0.327 1.2551 0.6273 11.46 
0.317 2 2 1 4.0 4.0 0.143 0.275 1.2169 0.6177 11.46 
0.318 2 2 1 4.0 4.0 0.116 0.271 1.2551 0.5992 11.46 
0.319 2 2 1 4.0 4.0 0.158 0.306 1.2551 0.6085 11.46 
0.320 2 2 1 4.0 4.0 0.115 0.324 1.2169 0.5904 11.46 
0.321 2 2 1 4.0 4.0 0.093 0.312 1.2169 0.5992 11.45 
0.322 2 2 1 4.0 4.0 0.177 0.306 1.2169 0.6085 11.46 
0.323 2 2 1 4.0 4.0 0.140 0.287 1.2169 0.5992 11.46 
0.324 2 2 1 4.0 4.0 0.116 0.284 1.2551 0.6085 11.46 
0.325 2 2 1 4.0 4.0 0.127 0.315 1.2551 0.6085 11.46 
0.326 2 2 1 4.0 4.0 0.148 0.349 1.2551 0.6085 11.46 
0.327 2 2 1 4.0 4.0 0.092 0.338 1.2551 0.6177 11.46 
0.328 2 2 1 4.0 4.0 0.129 0.279 1.2551 0.6177 11.46 
0.329 2 2 1 4.0 4.0 0.171 0.277 1.2551 0.6085 11.46 
0.330 2 2 1 4.0 4.0 0.164 0.313 1.2551 0.6085 11.46 
0.331 2 2 1 4.0 4.0 0.120 0.283 1.2551 0.6374 11.46 
0.332 2 2 1 4.0 4.0 0.113 0.271 1.2551 0.5904 11.45 
0.333 2 2 1 4.0 4.0 0.161 0.271 1.2169 0.5992 11.43 
0.334 2 2 1 4.0 4.0 0.095 0.271 1.2169 0.6085 11.45 
0.335 2 2 1 4.0 4.0 0.111 0.305 1.2169 0.6177 11.46 
0.336 2 2 1 4.0 4.0 0.174 0.357 1.2169 0.5992 11.45 
0.337 2 2 1 4.0 4.0 0.138 0.374 1.2169 0.5992 11.46 
0.338 2 2 1 4.0 4.0 0.146 0.349 1.2169 0.6177 11.46 
0.339 2 2 1 4.0 4.0 0.152 0.353 1.2169 0.6085 11.46 
0.340 2 2 1 4.0 4.0 0.162 0.355 1.2169 0.5904 11.46 
0.341 2 2 1 4.0 4.0 0.128 0.354 1.2169 0.6085 11.43 
0.342 2 2 1 4.0 4.0 0.160 0.332 1.2169 0.6177 11.45 
0.343 2 2 1 4.0 4.0 0.154 0.330 1.2169 0.6085 11.46 
0.344 2 2 1 4.0 4.0 0.154 0.274 1.2169 0.5992 11.46 
0.345 2 2 1 4.0 4.0 0.121 0.256 1.2551 0.6085 11.46 
0.346 2 2 1 4.0 4.0 0.170 0.298 1.2551 0.6085 11.46 
0.347 2 2 1 4.0 4.0 0.131 0.314 1.2551 0.5904 11.46 
0.348 2 2 1 4.0 4.0 0.083 0.307 1.2551 0.6273 11.46 
0.349 2 2 1 4.0 4.0 0.161 0.266 1.2551 0.6273 11.46 
0.350 2 2 1 4.0 4.0 0.139 0.282 1.2551 0.6085 11.46 
0.351 2 2 1 4.0 4.0 0.080 0.322 1.2169 0.6177 11.46 
0.352 2 2 2 -4.0 -4.0 0.108 0.335 1.2551 0.5904 11.46 
0.353 2 2 2 -4.0 -4.0 -0.153 0.218 1.2551 0.6085 11.45 
0.354 2 2 2 -4.0 -4.0 -0.810 -0.317 1.2169 0.6085 11.43 
0.355 2 2 2 -4.0 -4.0 -1.177 -0.787 1.1812 0.5820 11.41 
0.356 2 2 2 -4.0 -4.0 -1.494 -1.122 1.1474 0.4956 11.41 
0.357 2 2 2 -4.0 -4.0 -1.671 -1.362 1.0567 0.4779 11.40 
0.358 2 2 2 -4.0 -4.0 -1.511 -1.476 1.0298 0.3751 11.41 
0.359 2 2 2 -4.0 -4.0 -1.591 -1.508 0.9796 0.3651 11.40 
0.360 2 2 2 -4.0 -4.0 -1.714 -1.504 0.9338 0.3016 11.39 
0.361 2 2 2 -4.0 -4.0 -1.626 -1.222 0.8193 0.2446 11.40 
0.362 2 2 2 -4.0 -4.0 -1.451 -1.132 0.7575 0.2374 11.40 
0.363 2 2 2 -4.0 -4.0 -1.555 -1.091 0.7044 0.2056 11.41 
0.364 2 2 2 -4.0 -4.0 -1.603 -1.021 0.6924 0.1876 11.40 
0.365 2 2 2 -4.0 -4.0 -1.589 -0.999 0.6273 0.1876 11.40 
0.366 2 2 2 -4.0 -4.0 -1.408 -1.073 0.5820 0.1426 11.40 
0.367 2 2 2 -4.0 -4.0 -1.295 -1.163 0.5498 0.1052 11.41 
0.368 2 2 2 -4.0 -4.0 -1.384 -1.182 0.4896 0.0831 11.41 
0.369 2 2 2 -4.0 -4.0 -1.394 -1.206 0.4562 0.0691 11.40 
0.370 2 2 2 -4.0 -4.0 -1.374 -1.132 0.3751 0.0586 11.41 
0.371 2 2 2 -4.0 -4.0 -1.376 -1.070 0.2996 0.0514 11.41 
0.372 2 2 2 -4.0 -4.0 -1.377 -0.993 0.2747 -0.0474 11.41 
0.373 2 2 2 -4.0 -4.0 -1.306 -0.875 0.2113 -0.0474 11.41 
0.374 2 2 2 -4.0 -4.0 -1.258 -0.765 0.2113 -0.1799 11.41 
0.375 2 2 2 -4.0 -4.0 -1.232 -0.790 0.1562 -0.1799 11.42 
0.376 2 2 2 -4.0 -4.0 -1.220 -0.744 0.1125 -0.2217 11.43 
0.377 2 2 2 -4.0 -4.0 -1.142 -0.699 0.0876 -0.2217 11.43 
0.378 2 2 2 -4.0 -4.0 -1.105 -0.718 0.0719 -0.2446 11.42 
0.379 2 2 2 -4.0 -4.0 -1.084 -0.751 0.0610 -0.2522 11.42 
0.380 2 2 2 -4.0 -4.0 -1.059 -0.775 0.0530 -0.2522 11.42 
0.381 2 2 2 -4.0 -4.0 -1.002 -0.776 0.0466 -0.2928 11.43 
0.382 2 2 2 -4.0 -4.0 -0.979 -0.783 -0.0426 -0.3237 11.43 
0.383 2 2 2 -4.0 -4.0 -0.970 -0.758 -0.0426 -0.3462 11.43 
0.384 2 2 2 -4.0 -4.0 -0.940 -0.665 -0.2036 -0.3582 11.43 
0.385 2 2 2 -4.0 -4.0 -0.880 -0.634 -0.2036 -0.3860 11.43 
0.386 2 2 2 -4.0 -4.0 -0.858 -0.647 -0.2554 -0.4016 11.43 
0.387 2 2 2 -4.0 -4.0 -0.801 -0.589 -0.3113 -0.4016 11.44 
0.388 2 2 2 -4.0 -4.0 -0.835 -0.530 -0.3137 -0.3860 11.44 
0.389 2 2 2 -4.0 -4.0 -0.776 -0.545 -0.3137 -0.4056 11.43 
0.390 2 2 2 -4.0 -4.0 -0.759 -0.608 -0.3213 -0.4181 11.43 
0.391 2 2 2 -4.0 -4.0 -0.782 -0.661 -0.3715 -0.4225 11.43 
0.392 2 2 2 -4.0 -4.0 -0.665 -0.615 -0.3936 -0.4317 11.44 
0.393 2 2 2 -4.0 -4.0 -0.687 -0.563 -0.4056 -0.4462 11.44 
0.394 2 2 2 -4.0 -4.0 -0.665 -0.486 -0.4181 -0.4723 11.44 
0.395 2 2 2 -4.0 -4.0 -0.645 -0.442 -0.4410 -0.4667 11.44 
0.396 2 2 2 -4.0 -4.0 -0.578 -0.473 -0.4667 -0.4723 11.44 
0.397 2 2 2 -4.0 -4.0 -0.599 -0.529 -0.4779 -0.4723 11.44 
0.398 2 2 2 -4.0 -4.0 -0.652 -0.586 -0.5020 -0.4836 11.43 
0.399 2 2 2 -4.0 -4.0 -0.522 -0.452 -0.5213 -0.4896 11.44 
0.400 2 2 2 -4.0 -4.0 -0.508 -0.410 -0.5281 -0.5081 11.44 
0.401 2 2 2 -4.0 -4.0 -0.515 -0.413 -0.5426 -0.5149 11.44 
0.402 2 2 2 -4.0 -4.0 -0.501 -0.414 -0.5655 -0.5281 11.44 
0.403 2 2 2 -4.0 -4.0 -0.496 -0.446 -0.5655 -0.5149 11.44 
0.404 2 2 2 -4.0 -4.0 -0.528 -0.497 -0.5820 -0.5281 11.44 
0.405 2 2 2 -4.0 -4.0 -0.443 -0.524 -0.5992 -0.5354 11.45 
0.406 2 2 2 -4.0 -4.0 -0.477 -0.554 -0.6085 -0.5575 11.45 
0.407 2 2 2 -4.0 -4.0 -0.462 -0.494 -0.5992 -0.5498 11.45 
0.408 2 2 2 -4.0 -4.0 -0.474 -0.471 -0.6085 -0.5498 11.44 
0.409 2 2 2 -4.0 -4.0 -0.476 -0.505 -0.6374 -0.5735 11.44 
0.410 2 2 2 -4.0 -4.0 -0.447 -0.479 -0.6474 -0.5655 11.45 
0.411 2 2 2 -4.0 -4.0 -0.406 -0.408 -0.6691 -0.5820 11.44 
0.412 2 2 2 -4.0 -4.0 -0.428 -0.389 -0.6691 -0.5575 11.44 
0.413 2 2 2 -4.0 -4.0 -0.415 -0.368 -0.6691 -0.5655 11.45 
0.414 2 2 2 -4.0 -4.0 -0.413 -0.353 -0.7302 -0.5904 11.45 
0.415 2 2 2 -4.0 -4.0 -0.370 -0.391 -0.7044 -0.5655 11.45 
0.416 2 2 2 -4.0 -4.0 -0.381 -0.414 -0.7169 -0.5820 11.45 
0.417 2 2 2 -4.0 -4.0 -0.316 -0.395 -0.7434 -0.5904 11.45 
0.418 2 2 2 -4.0 -4.0 -0.360 -0.385 -0.7434 -0.5904 11.45 
0.419 2 2 2 -4.0 -4.0 -0.349 -0.392 -0.7575 -0.5904 11.45 
0.420 2 2 2 -4.0 -4.0 -0.329 -0.429 -0.7872 -0.6085 11.45 
0.421 2 2 2 -4.0 -4.0 -0.338 -0.436 -0.8032 -0.6085 11.45 
0.422 2 2 2 -4.0 -4.0 -0.367 -0.391 -0.7872 -0.6177 11.45 
0.423 2 2 2 -4.0 -4.0 -0.310 -0.390 -0.8032 -0.6273 11.45 
0.424 2 2 2 -4.0 -4.0 -0.323 -0.345 -0.8193 -0.6085 11.45 
0.425 2 2 2 -4.0 -4.0 -0.293 -0.353 -0.8193 -0.6177 11.45 
0.426 2 2 2 -4.0 -4.0 -0.277 -0.385 -0.8193 -0.6273 11.45 
0.427 2 2 2 -4.0 -4.0 -0.297 -0.401 -0.8193 -0.6177 11.45 
0.428 2 2 2 -4.0 -4.0 -0.319 -0.377 -0.8193 -0.6583 11.45 
0.429 2 2 2 -4.0 -4.0 -0.269 -0.336 -0.8193 -0.6273 11.45 
0.430 2 2 2 -4.0 -4.0 -0.293 -0.371 -0.8366 -0.6374 11.45 
0.431 2 2 2 -4.0 -4.0 -0.310 -0.402 -0.8193 -0.6273 11.45 
0.432 2 2 2 -4.0 -4.0 -0.276 -0.346 -0.8366 -0.6273 11.45 
0.433 2 2 2 -4.0 -4.0 -0.279 -0.324 -0.8366 -0.6374 11.45 
0.434 2 2 2 -4.0 -4.0 -0.344 -0.335 -0.8366 -0.6583 11.45 
0.435 2 2 2 -4.0 -4.0 -0.273 -0.319 -0.8543 -0.6583 11.45 
0.436 2 2 2 -4.0 -4.0 -0.246 -0.360 -0.8727 -0.6374 11.45 
0.437 2 2 2 -4.0 -4.0 -0.236 -0.412 -0.8366 -0.6474 11.46 
0.438 2 2 2 -4.0 -4.0 -0.223 -0.443 -0.9125 -0.6691 11.45 
0.439 2 2 2 -4.0 -4.0 -0.225 -0.369 -0.8543 -0.6583 11.45 
0.440 2 2 2 -4.0 -4.0 -0.295 -0.367 -0.8924 -0.6691 11.46 
0.441 2 2 2 -4.0 -4.0 -0.243 -0.384 -0.8924 -0.6691 11.46 
0.442 2 2 2 -4.0 -4.0 -0.250 -0.329 -0.9125 -0.6691 11.46 
0.443 2 2 2 -4.0 -4.0 -0.255 -0.310 -0.9338 -0.6374 11.45 
0.444 2 2 2 -4.0 -4.0 -0.184 -0.298 -0.9338 -0.6691 11.46 
0.445 2 2 2 -4.0 -4.0 -0.220 -0.302 -0.9338 -0.6583 11.45 
0.446 2 2 2 -4.0 -4.0 -0.259 -0.341 -0.9338 -0.6374 11.45 
0.447 2 2 2 -4.0 -4.0 -0.215 -0.360 -0.9338 -0.6474 11.46 
0.448 2 2 2 -4.0 -4.0 -0.200 -0.354 -0.9338 -0.6583 11.45 
0.449 2 2 2 -4.0 -4.0 -0.256 -0.372 -0.9338 -0.6474 11.45 
0.450 2 2 2 -4.0 -4.0 -0.200 -0.378 -0.9559 -0.6583 11.45 
0.451 2 2 2 -4.0 -4.0 -0.194 -0.387 -0.9559 -0.6583 11.45 
0.452 2 2 2 -4.0 -4.0 -0.263 -0.360 -0.9559 -0.6691 11.46 
0.453 2 2 2 -4.0 -4.0 -0.209 -0.357 -0.9338 -0.6804 11.46 
0.454 2 2 2 -4.0 -4.0 -0.191 -0.317 -0.9559 -0.6583 11.45 
0.455 2 2 2 -4.0 -4.0 -0.243 -0.326 -0.9559 -0.6804 11.45 
0.456 2 2 2 -4.0 -4.0 -0.202 -0.358 -0.9559 -0.6804 11.45 
0.457 2 2 2 -4.0 -4.0 -0.199 -0.358 -0.9796 -0.6804 11.45 
0.458 2 2 2 -4.0 -4.0 -0.200 -0.329 -0.9796 -0.6924 11.45 
0.459 2 2 2 -4.0 -4.0 -0.210 -0.315 -1.0041 -0.6691 11.45 
0.460 2 2 2 -4.0 -4.0 -0.163 -0.344 -0.9796 -0.6691 11.46 
0.461 2 2 2 -4.0 -4.0 -0.173 -0.341 -1.0041 -0.6691 11.46 
0.462 2 2 2 -4.0 -4.0 -0.169 -0.307 -0.9796 -0.6804 11.45 
0.463 2 2 2 -4.0 -4.0 -0.176 -0.300 -0.9796 -0.6804 11.45 
0.464 2 2 2 -4.0 -4.0 -0.183 -0.284 -1.0298 -0.6924 11.46 
0.465 2 2 2 -4.0 -4.0 -0.235 -0.315 -1.0298 -0.6691 11.46 
0.466 2 2 2 -4.0 -4.0 -0.172 -0.360 -1.0298 -0.6804 11.46 
0.467 2 2 2 -4.0 -4.0 -0.165 -0.414 -1.0298 -0.7044 11.45 
0.468 2 2 2 -4.0 -4.0 -0.151 -0.374 -1.0041 -0.6924 11.45 
0.469 2 2 2 -4.0 -4.0 -0.187 -0.365 -1.0041 -0.6924 11.45 
0.470 2 2 2 -4.0 -4.0 -0.183 -0.363 -1.0041 -0.7044 11.46 
0.471 2 2 2 -4.0 -4.0 -0.142 -0.304 -1.0041 -0.7044 11.46 
0.472 2 2 2 -4.0 -4.0 -0.161 -0.293 -0.9796 -0.6804 11.45 
0.473 2 2 2 -4.0 -4.0 -0.194 -0.276 -1.0041 -0.7169 11.46 
0.474 2 2 2 -4.0 -4.0 -0.127 -0.266 -1.0298 -0.6804 11.46 
0.475 2 2 2 -4.0 -4.0 -0.155 -0.327 -1.0298 -0.6804 11.46 
0.476 2 2 2 -4.0 -4.0 -0.218 -0.327 -1.0298 -0.6924 11.46 
0.477 2 2 2 -4.0 -4.0 -0.160 -0.323 -1.0298 -0.6924 11.45 
0.478 2 2 2 -4.0 -4.0 -0.132 -0.338 -1.0298 -0.6804 11.45 
0.479 2 2 2 -4.0 -4.0 -0.207 -0.371 -1.0567 -0.6924 11.46 
0.480 2 2 2 -4.0 -4.0 -0.154 -0.349 -1.0567 -0.6804 11.46 
0.481 2 2 2 -4.0 -4.0 -0.131 -0.343 -1.0298 -0.6924 11.45 
0.482 2 2 2 -4.0 -4.0 -0.169 -0.310 -1.0298 -0.6691 11.46 
0.483 2 2 2 -4.0 -4.0 -0.186 -0.295 -1.0567 -0.6804 11.46 
0.484 2 2 2 -4.0 -4.0 -0.135 -0.329 -1.0567 -0.6924 11.46 
0.485 2 2 2 -4.0 -4.0 -0.137 -0.358 -1.0567 -0.6924 11.45 
0.486 2 2 2 -4.0 -4.0 -0.195 -0.335 -1.0567 -0.7169 11.46 
0.487 2 2 2 -4.0 -4.0 -0.104 -0.305 -1.0298 -0.6804 11.46 
0.488 2 2 2 -4.0 -4.0 -0.139 -0.316 -1.0567 -0.6804 11.45 
0.489 2 2 2 -4.0 -4.0 -0.182 -0.333 -1.0567 -0.6804 11.46 
0.490 2 2 2 -4.0 -4.0 -0.133 -0.275 -1.0567 -0.6924 11.46 
0.491 2 2 2 -4.0 -4.0 -0.111 -0.284 -0.9796 -0.7044 11.45 
0.492 2 2 2 -4.0 -4.0 -0.196 -0.284 -1.0298 -0.7169 11.46 
0.493 2 2 2 -4.0 -4.0 -0.127 -0.309 -1.0567 -0.6924 11.45 
0.494 2 2 2 -4.0 -4.0 -0.113 -0.347 -1.0567 -0.6924 11.46 
0.495 2 2 2 -4.0 -4.0 -0.154 -0.368 -1.0567 -0.7169 11.46 
0.496 2 2 2 -4.0 -4.0 -0.165 -0.345 -1.0567 -0.7044 11.46 
0.497 2 2 2 -4.0 -4.0 -0.127 -0.338 -1.0567 -0.7169 11.46 
0.498 2 2 2 -4.0 -4.0 -0.135 -0.347 -1.0852 -0.7169 11.45 
0.499 2 2 2 -4.0 -4.0 -0.182 -0.293 -1.0852 -0.7169 11.46 
0.500 2 2 2 -4.0 -4.0 -0.110 -0.290 -1.0852 -0.6924 11.46 
0.501 2 2 2 -4.0 -4.0 -0.133 -0.259 -1.0852 -0.7169 11.46 
0.502 2 2 2 -4.0 -4.0 -0.188 -0.265 -1.1153 -0.6804 11.46 
0.503 2 2 3 0.0 0.0 -0.103 -0.315 -1.0567 -0.6924 11.46 
0.504 2 2 3 0.0 0.0 0.015 -0.311 -1.0852 -0.7044 11.47 
0.505 2 2 3 0.0 0.0 0.344 -0.049 -1.0567 -0.6924 11.47 
0.506 2 2 3 0.0 0.0 0.607 0.199 -1.0298 -0.6691 11.47 
0.507 2 2 3 0.0 0.0 0.675 0.405 -1.0298 -0.6583 11.47 
0.508 2 2 3 0.0 0.0 0.706 0.446 -1.0298 -0.6177 11.46 
0.509 2 2 3 0.0 0.0 0.788 0.430 -1.0041 -0.6085 11.47 
0.510 2 2 3 0.0 0.0 0.846 0.382 -0.9559 -0.5820 11.47 
0.511 2 2 3 0.0 0.0 0.718 0.301 -0.9125 -0.5498 11.47 
0.512 2 2 3 0.0 0.0 0.745 0.309 -0.8366 -0.5575 11.47 
0.513 2 2 3 0.0 0.0 0.770 0.377 -0.8032 -0.5426 11.47 
0.514 2 2 3 0.0 0.0 0.729 0.423 -0.7872 -0.5213 11.47 
0.515 2 2 3 0.0 0.0 0.641 0.358 -0.7575 -0.5149 11.47 
0.516 2 2 3 0.0 0.0 0.648 0.270 -0.7575 -0.5020 11.47 
0.517 2 2 3 0.0 0.0 0.694 0.245 -0.7169 -0.4723 11.47 
0.518 2 2 3 0.0 0.0 0.701 0.297 -0.6804 -0.4615 11.47 
0.519 2 2 3 0.0 0.0 0.622 0.361 -0.6924 -0.4362 11.47 
0.520 2 2 3 0.0 0.0 0.550 0.358 -0.6273 -0.4225 11.47 
0.521 2 2 3 0.0 0.0 0.565 0.271 -0.6273 -0.3860 11.47 
0.522 2 2 3 0.0 0.0 0.590 0.177 -0.6177 -0.3860 11.47 
0.523 2 2 3 0.0 0.0 0.599 0.167 -0.5735 -0.3683 11.47 
0.524 2 2 3 0.0 0.0 0.542 0.180 -0.5735 -0.3683 11.47 
0.525 2 2 3 0.0 0.0 0.473 0.167 -0.5498 -0.3582 11.47 
0.526 2 2 3 0.0 0.0 0.474 0.137 -0.5498 -0.3582 11.47 
0.527 2 2 3 0.0 0.0 0.490 0.179 -0.5354 -0.3346 11.47 
0.528 2 2 3 0.0 0.0 0.495 0.221 -0.4956 -0.2972 11.47 
0.529 2 2 3 0.0 0.0 0.500 0.249 -0.4317 -0.2972 11.47 
0.530 2 2 3 0.0 0.0 0.478 0.255 -0.4462 -0.2952 11.47 
0.531 2 2 3 0.0 0.0 0.419 0.243 -0.4269 -0.2827 11.47 
0.532 2 2 3 0.0 0.0 0.359 0.195 -0.3976 -0.2731 11.47 
0.533 2 2 3 0.0 0.0 0.356 0.158 -0.3896 -0.2731 11.47 
0.534 2 2 3 0.0 0.0 0.364 0.121 -0.3860 -0.2695 11.47 
0.535 2 2 3 0.0 0.0 0.375 0.097 -0.3787 -0.2574 11.47 
0.536 2 2 3 0.0 0.0 0.376 0.115 -0.3346 -0.2478 11.47 
0.537 2 2 3 0.0 0.0 0.370 0.130 -0.3346 -0.2345 11.47 
0.538 2 2 3 0.0 0.0 0.353 0.156 -0.3016 -0.2345 11.47 
0.539 2 2 3 0.0 0.0 0.330 0.144 -0.3016 -0.2229 11.47 
0.540 2 2 3 0.0 0.0 0.313 0.161 -0.3064 -0.2229 11.47 
0.541 2 2 3 0.0 0.0 0.255 0.142 -0.2827 -0.2113 11.47 
0.542 2 2 3 0.0 0.0 0.246 0.129 -0.2731 -0.2113 11.47 
0.543 2 2 3 0.0 0.0 0.248 0.105 -0.2731 -0.1856 11.47 
0.544 2 2 3 0.0 0.0 0.256 0.065 -0.2522 -0.1856 11.47 
0.545 2 2 3 0.0 0.0 0.258 0.046 -0.2522 -0.1743 11.47 
0.546 2 2 3 0.0 0.0 0.251 0.044 -0.2390 -0.1743 11.47 
0.547 2 2 3 0.0 0.0 0.247 0.044 -0.2241 -0.1743 11.47 
0.548 2 2 3 0.0 0.0 0.238 0.048 -0.2080 -0.1651 11.47 
0.549 2 2 3 0.0 0.0 0.222 0.049 -0.2080 -0.1651 11.47 
0.550 2 2 3 0.0 0.0 0.207 0.038 -0.1884 -0.1518 11.47 
0.551 2 2 3 0.0 0.0 0.199 0.035 -0.1884 -0.1382 11.47 
0.552 2 2 3 0.0 0.0 0.185 0.051 -0.1590 -0.1382 11.47 
0.553 2 2 3 0.0 0.0 0.169 0.055 -0.1590 -0.1382 11.47 
0.554 2 2 3 0.0 0.0 0.162 0.058 -0.1590 -0.1341 11.47 
0.555 2 2 3 0.0 0.0 0.158 0.042 -0.1514 -0.1341 11.47 
0.556 2 2 3 0.0 0.0 0.156 0.036 -0.1514 -0.1341 11.47 
0.557 2 2 3 0.0 0.0 0.139 0.030 -0.1514 -0.1345 11.47 
0.558 2 2 3 0.0 0.0 0.121 0.017 -0.1261 -0.1345 11.47 
0.559 2 2 3 0.0 0.0 0.113 0.033 -0.1261 -0.1345 11.47 
0.560 2 2 3 0.0 0.0 0.112 0.050 -0.1261 -0.1068 11.47 
0.561 2 2 3 0.0 0.0 0.108 0.057 -0.1189 -0.1068 11.47 
0.562 2 2 3 0.0 0.0 0.106 0.049 -0.1153 -0.1068 11.47 
0.563 2 2 3 0.0 0.0 0.108 0.035 -0.1153 -0.1068 11.47 
0.564 2 2 3 0.0 0.0 0.097 0.035 -0.1153 -0.0996 11.47 
0.565 2 2 3 0.0 0.0 0.094 0.047 -0.1028 -0.0807 11.47 
0.566 2 2 3 0.0 0.0 0.087 0.053 -0.0855 -0.0807 11.47 
0.567 2 2 3 0.0 0.0 0.083 0.045 -0.0855 -0.0807 11.47 
0.568 2 2 3 0.0 0.0 0.080 0.026 -0.0855 -0.0807 11.47 
0.569 2 2 3 0.0 0.0 0.076 0.018 -0.0855 -0.0807 11.47 
0.570 2 2 3 0.0 0.0 0.096 0.006 -0.0855 -0.0791 11.46 
0.571 2 2 3 0.0 0.0 0.066 -0.003 -0.0767 -0.0663 11.47 
0.572 2 2 3 0.0 0.0 0.061 0.001 -0.0643 -0.0659 11.47 
0.573 2 2 3 0.0 0.0 0.052 0.006 -0.0602 -0.0659 11.47 
0.574 2 2 3 0.0 0.0 0.053 0.010 -0.0602 -0.0659 11.47 
0.575 2 2 3 0.0 0.0 0.044 0.004 -0.0602 -0.0659 11.47 
0.576 2 2 3 0.0 0.0 0.043 0.001 -0.0602 -0.0659 11.47 
0.577 2 2 3 0.0 0.0 0.045 0.007 -0.0602 -0.0659 11.47 
0.578 2 2 3 0.0 0.0 0.042 0.006 -0.0602 -0.0574 11.47 
0.579 2 2 3 0.0 0.0 0.034 0.018 -0.0602 -0.0502 11.47 
0.580 2 2 3 0.0 0.0 0.031 0.012 -0.0530 -0.0498 11.47 
0.581 2 2 3 0.0 0.0 0.032 0.012 -0.0466 -0.0498 11.47 
0.582 2 2 3 0.0 0.0 0.026 0.008 -0.0418 -0.0498 11.47 
0.583 2 2 3 0.0 0.0 0.024 0.015 -0.0378 -0.0498 11.47 
0.584 2 2 3 0.0 0.0 0.017 0.012 -0.0345 -0.0498 11.47 
0.585 2 2 3 0.0 0.0 0.012 0.015 -0.0317 -0.0498 11.47 
0.586 2 2 3 0.0 0.0 0.010 0.010 -0.0293 -0.0498 11.47 
0.587 2 2 3 0.0 0.0 0.015 0.009 -0.0273 -0.0498 11.47 
0.588 2 2 3 0.0 0.0 0.007 0.006 -0.0257 -0.0446 11.47 
0.589 2 2 3 0.0 0.0 0.003 0.005 -0.0241 -0.0402 11.47 
0.590 2 2 3 0.0 0.0 0.002 -0.001 -0.0225 -0.0365 11.47 
0.591 2 2 3 0.0 0.0 0.001 0.004 -0.0213 -0.0333 11.47 
0.592 2 2 3 0.0 0.0 -0.004 -0.005 -0.0205 -0.0309 11.47 
0.593 2 2 3 0.0 0.0 -0.002 0.003 -0.0193 -0.0285 11.47 
0.594 2 2 3 0.0 0.0 0.001 0.008 -0.0185 -0.0265 11.47 
0.595 2 2 3 0.0 0.0 0.001 0.005 -0.0177 -0.0249 11.47 
0.596 2 2 3 0.0 0.0 -0.005 0.011 -0.0169 -0.0233 11.47 
0.597 2 2 3 0.0 0.0 0.006 0.008 -0.0161 -0.0225 11.47 
0.598 2 2 3 0.0 0.0 0.005 0.011 -0.0157 -0.0225 11.47 
0.599 2 2 3 0.0 0.0 -0.003 0.007 -0.0149 -0.0225 11.47 
0.600 2 2 3 0.0 0.0 -0.007 0.011 -0.0145 -0.0225 11.47 
0.601 2 2 3 0.0 0.0 -0.011 0.003 -0.0141 -0.0225 11.47 
0.602 2 2 3 0.0 0.0 -0.006 0.004 -0.0133 -0.0225 11.47 
0.603 2 2 3 0.0 0.0 -0.006 0.005 -0.0129 -0.0225 11.47 
0.604 2 2 3 0.0 0.0 -0.007 0.008 -0.0125 -0.0225 11.47 
0.605 2 2 3 0.0 0.0 -0.006 0.011 -0.0120 -0.0225 11.47 
0.606 2 2 3 0.0 0.0 -0.003 0.013 -0.0116 -0.0225 11.47 
0.607 2 2 3 0.0 0.0 -0.002 0.004 -0.0112 -0.0225 11.47 
0.608 2 2 3 0.0 0.0 -0.004 0.006 -0.0112 -0.0225 11.47 
0.609 2 2 3 0.0 0.0 -0.010 0.012 -0.0108 -0.0225 11.47 
0.610 2 2 3 0.0 0.0 -0.010 0.010 -0.0104 -0.0225 11.47 
0.611 2 2 3 0.0 0.0 -0.006 0.005 -0.0100 -0.0225 11.47 
0.612 2 2 3 0.0 0.0 -0.004 0.008 -0.0100 -0.0225 11.47 
0.613 2 2 3 0.0 0.0 -0.009 -0.003 -0.0096 -0.0225 11.47 
0.614 2 2 3 0.0 0.0 -0.006 -0.003 -0.0096 -0.0225 11.47 
0.615 2 2 3 0.0 0.0 -0.004 -0.002 -0.0092 -0.0217 11.47 
0.616 2 2 3 0.0 0.0 -0.010 0.004 -0.0088 -0.0205 11.47 
0.617 2 2 3 0.0 0.0 -0.012 0.008 -0.0088 -0.0197 11.47 
0.618 2 2 3 0.0 0.0 -0.010 0.012 -0.0084 -0.0185 11.47 
0.619 2 2 3 0.0 0.0 0.001 0.010 -0.0084 -0.0177 11.47 
0.620 2 2 3 0.0 0.0 0.003 0.007 -0.0084 -0.0169 11.47 
0.621 2 2 3 0.0 0.0 -0.004 0.011 -0.0080 -0.0165 11.47 
0.622 2 2 3 0.0 0.0 -0.007 0.015 -0.0080 -0.0157 11.47 
0.623 2 2 3 0.0 0.0 -0.008 0.019 -0.0076 -0.0153 11.47 
0.624 2 2 3 0.0 0.0 -0.006 0.005 -0.0076 -0.0145 11.47 
0.625 2 2 3 0.0 0.0 -0.010 0.011 -0.0076 -0.0141 11.47 
0.626 2 2 3 0.0 0.0 -0.005 0.012 -0.0072 -0.0137 11.47 
0.627 2 2 3 0.0 0.0 -0.008 0.012 -0.0072 -0.0129 11.47 
0.628 2 2 3 0.0 0.0 -0.010 0.015 -0.0068 -0.0125 11.47 
0.629 2 2 3 0.0 0.0 0.001 0.016 -0.0068 -0.0120 11.48 
0.630 2 2 3 0.0 0.0 -0.000 0.012 -0.0068 -0.0120 11.47 
0.631 2 2 3 0.0 0.0 -0.006 0.008 -0.0068 -0.0116 11.47 
0.632 2 2 3 0.0 0.0 -0.006 0.008 -0.0064 -0.0112 11.47 
0.633 2 2 3 0.0 0.0 -0.002 0.001 -0.0064 -0.0108 11.47 
0.634 2 2 3 0.0 0.0 -0.006 0.003 -0.0064 -0.0104 11.47 
0.635 2 2 3 0.0 0.0 0.002 0.002 -0.0060 -0.0104 11.47 
0.636 2 2 3 0.0 0.0 0.002 0.004 -0.0060 -0.0100 11.47 
0.637 2 2 3 0.0 0.0 -0.006 -0.003 -0.0060 -0.0096 11.47 
0.638 2 2 3 0.0 0.0 -0.004 -0.000 -0.0060 -0.0096 11.47 
0.639 2 2 3 0.0 0.0 -0.002 -0.001 -0.0060 -0.0092 11.47 
0.640 2 2 3 0.0 0.0 -0.007 0.007 -0.0056 -0.0092 11.47 
0.641 2 2 3 0.0 0.0 0.003 0.004 -0.0056 -0.0088 11.47 
0.642 2 2 3 0.0 0.0 -0.002 0.001 -0.0056 -0.0088 11.47 
0.643 2 2 3 0.0 0.0 -0.005 -0.003 -0.0056 -0.0084 11.47 
0.644 2 2 3 0.0 0.0 -0.006 0.003 -0.0052 -0.0084 11.47 
0.645 2 2 3 0.0 0.0 -0.005 0.008 -0.0052 -0.0080 11.47 
0.646 2 2 3 0.0 0.0 -0.008 0.003 -0.0052 -0.0080 11.47 
0.647 2 2 3 0.0 0.0 -0.001 0.005 -0.0052 -0.0076 11.47 
0.648 2 2 3 0.0 0.0 -0.004 -0.000 -0.0052 -0.0076 11.47 
0.649 2 2 3 0.0 0.0 -0.001 0.001 -0.0052 -0.0076 11.47 
0.650 2 2 3 0.0 0.0 -0.011 -0.002 -0.0048 -0.0072 11.47 
0.651 2 2 3 0.0 0.0 -0.007 0.001 -0.0048 -0.0072 11.47 
0.652 2 2 3 0.0 0.0 -0.000 0.001 -0.0048 -0.0072 11.47 
0.653 2 2 3 0.0 0.0 0.002 0.006 -0.0048 -0.0068 11.47 
0.654 2 2 3 0.0 0.0 -0.001 0.016 -0.0048 -0.0068 11.47 
0.655 2 2 3 0.0 0.0 -0.001 0.016 -0.0048 -0.0068 11.47 
0.656 2 2 3 0.0 0.0 -0.002 0.006 -0.0044 -0.0064 11.47 
0.657 2 2 3 0.0 0.0 -0.008 0.012 -0.0044 -0.0064 11.47 
0.658 2 2 3 0.0 0.0 -0.004 0.003 -0.0044 -0.0064 11.47 
0.659 2 2 3 0.0 0.0 -0.006 0.008 -0.0044 -0.0064 11.47 
0.660 2 2 3 0.0 0.0 -0.009 0.002 -0.0044 -0.0060 11.47 
0.661 2 2 3 0.0 0.0 -0.006 0.001 -0.0044 -0.0060 11.47 
0.662 2 2 3 0.0 0.0 -0.007 0.006 -0.0044 -0.0060 11.47 
0.663 2 2 3 0.0 0.0 -0.014 0.007 -0.0044 -0.0060 11.47 
0.664 2 2 3 0.0 0.0 -0.010 0.008 -0.0040 -0.0056 11.47 
0.665 2 2 3 0.0 0.0 -0.007 0.012 -0.0040 -0.0056 11.47 
