%% logfile from robot Jasmin (81)
% Jasmin (81)
%  1    time 0.000 sec
%  2  3  4   (mission 0), state 2, thread 2, line 0
%  5  6 Motor voltage [V] left, right: 2.0 2.0
%  7  8 Motor current left, right [A]: 0.010 0.021
%  9 10 Wheel velocity [m/s] left, right: -0.0000 -0.0000
% 11    Battery voltage [V]: 11.24
0.001 2 2 0 2.0 2.0 0.065 0.005 -0.0000 -0.0000 11.23 
0.002 2 2 0 2.0 2.0 0.203 0.133 -0.0000 -0.0000 11.22 
0.003 2 2 0 2.0 2.0 0.321 0.270 -0.0000 -0.0000 11.22 
0.004 2 2 0 2.0 2.0 0.383 0.358 -0.0000 -0.0000 11.22 
0.005 2 2 0 2.0 2.0 0.445 0.407 -0.0000 -0.0000 11.22 
0.006 2 2 0 2.0 2.0 0.448 0.413 -0.0000 -0.0000 11.22 
0.007 2 2 0 2.0 2.0 0.435 0.434 -0.0000 -0.0000 11.22 
0.008 2 2 0 2.0 2.0 0.444 0.454 0.0000 -0.0000 11.22 
0.009 2 2 0 2.0 2.0 0.414 0.460 0.0000 0.0000 11.22 
0.010 2 2 0 2.0 2.0 0.389 0.402 0.0000 0.0000 11.19 
0.011 2 2 0 2.0 2.0 0.376 0.379 0.1209 0.0000 11.18 
0.012 2 2 0 2.0 2.0 0.377 0.375 0.1209 0.0000 11.18 
0.013 2 2 0 2.0 2.0 0.370 0.373 0.1209 0.0000 11.18 
0.014 2 2 0 2.0 2.0 0.364 0.379 0.1406 0.0831 11.19 
0.015 2 2 0 2.0 2.0 0.377 0.377 0.1406 0.0831 11.18 
0.016 2 2 0 2.0 2.0 0.387 0.365 0.1406 0.0831 11.19 
0.017 2 2 0 2.0 2.0 0.348 0.354 0.1458 0.1153 11.19 
0.018 2 2 0 2.0 2.0 0.333 0.358 0.1458 0.1153 11.19 
0.019 2 2 0 2.0 2.0 0.340 0.352 0.1823 0.1153 11.19 
0.020 2 2 0 2.0 2.0 0.326 0.343 0.1823 0.1470 11.19 
0.021 2 2 0 2.0 2.0 0.356 0.346 0.2008 0.1470 11.19 
0.022 2 2 0 2.0 2.0 0.350 0.318 0.2008 0.1679 11.20 
0.023 2 2 0 2.0 2.0 0.322 0.316 0.2088 0.1679 11.20 
0.024 2 2 0 2.0 2.0 0.302 0.302 0.2088 0.1679 11.20 
0.025 2 2 0 2.0 2.0 0.286 0.300 0.2056 0.1823 11.19 
0.026 2 2 0 2.0 2.0 0.280 0.285 0.2056 0.1823 11.21 
0.027 2 2 0 2.0 2.0 0.268 0.292 0.2362 0.1892 11.20 
0.028 2 2 0 1.9 2.0 0.260 0.297 0.2462 0.1892 11.20 
0.029 2 2 0 2.0 2.0 0.264 0.296 0.2462 0.2181 11.20 
0.030 2 2 0 2.0 2.0 0.289 0.259 0.2538 0.2402 11.21 
0.031 2 2 0 1.9 2.0 0.309 0.251 0.2554 0.2402 11.20 
0.032 2 2 0 2.0 2.0 0.249 0.260 0.2554 0.2281 11.20 
0.033 2 2 0 1.9 2.0 0.224 0.265 0.2695 0.2281 11.20 
0.034 2 2 0 1.9 2.0 0.237 0.265 0.2607 0.2265 11.20 
0.035 2 2 0 2.0 2.0 0.253 0.260 0.2607 0.2494 11.21 
0.036 2 2 0 1.9 2.0 0.249 0.252 0.2787 0.2494 11.21 
0.037 2 2 0 1.9 2.0 0.250 0.247 0.2888 0.2607 11.20 
0.038 2 2 0 1.9 2.0 0.229 0.228 0.2888 0.2607 11.20 
0.039 2 2 0 1.9 2.0 0.224 0.226 0.2972 0.2639 11.21 
0.040 2 2 0 1.9 2.0 0.222 0.229 0.2747 0.2827 11.20 
0.041 2 2 0 1.9 2.0 0.234 0.231 0.3088 0.2908 11.20 
0.042 2 2 0 1.9 2.0 0.250 0.244 0.3088 0.2908 11.20 
0.043 2 2 0 1.9 2.0 0.269 0.244 0.3161 0.2888 11.21 
0.044 2 2 0 1.9 2.0 0.229 0.240 0.3213 0.2868 11.21 
0.045 2 2 0 1.9 2.0 0.230 0.246 0.3064 0.2996 11.20 
0.046 2 2 0 1.9 2.0 0.218 0.240 0.3265 0.2996 11.21 
0.047 2 2 0 1.9 2.0 0.221 0.244 0.3265 0.3016 11.21 
0.048 2 2 0 1.9 2.0 0.231 0.230 0.3490 0.3016 11.22 
0.049 2 2 0 1.9 2.0 0.233 0.225 0.3374 0.3161 11.21 
0.050 2 2 0 1.9 2.0 0.208 0.213 0.3213 0.3161 11.21 
0.051 2 2 0 1.9 2.0 0.200 0.223 0.3402 0.3317 11.21 
0.052 2 2 0 1.9 2.0 0.231 0.225 0.3161 0.3346 11.21 
0.053 2 2 0 1.9 2.0 0.207 0.217 0.3161 0.3237 11.21 
0.054 2 2 0 1.9 2.0 0.188 0.215 0.3490 0.3402 11.21 
0.055 2 2 0 1.9 2.0 0.199 0.202 0.3490 0.3582 11.21 
0.056 2 2 0 1.9 2.0 0.193 0.187 0.3490 0.3490 11.21 
0.057 2 2 0 1.9 2.0 0.192 0.175 0.3185 0.3490 11.21 
0.058 2 2 0 1.9 2.0 0.188 0.176 0.3550 0.3550 11.21 
0.059 2 2 0 1.9 2.0 0.189 0.160 0.3787 0.3522 11.21 
0.060 2 2 0 1.9 2.0 0.207 0.172 0.3615 0.3860 11.22 
0.061 2 2 0 1.9 2.0 0.228 0.187 0.3615 0.3683 11.21 
0.062 2 2 0 1.9 2.0 0.224 0.208 0.3265 0.3683 11.21 
0.063 2 2 0 1.9 2.0 0.211 0.184 0.3683 0.3715 11.21 
0.064 2 2 0 1.9 2.0 0.196 0.175 0.3550 0.3751 11.22 
0.065 2 2 0 1.9 2.0 0.190 0.169 0.3651 0.3787 11.21 
0.066 2 2 0 1.9 2.0 0.184 0.175 0.3490 0.3751 11.21 
0.067 2 2 0 1.9 2.0 0.172 0.164 0.3751 0.3823 11.21 
0.068 2 2 0 1.9 2.0 0.166 0.164 0.3615 0.3936 11.21 
0.069 2 2 0 1.9 2.0 0.177 0.179 0.3787 0.4016 11.21 
0.070 2 2 0 1.9 2.0 0.195 0.183 0.3976 0.4056 11.21 
0.071 2 2 0 1.9 2.0 0.185 0.185 0.3896 0.3936 11.21 
0.072 2 2 0 1.9 2.0 0.180 0.190 0.3715 0.3860 11.21 
0.073 2 2 0 1.9 2.0 0.169 0.163 0.3823 0.3896 11.21 
0.074 2 2 0 2.0 2.0 0.156 0.144 0.3823 0.3976 11.21 
0.075 2 2 0 2.0 2.0 0.177 0.141 0.3213 0.3936 11.21 
0.076 2 2 0 2.0 2.0 0.168 0.141 0.3936 0.4097 11.21 
0.077 2 2 0 2.0 2.0 0.175 0.155 0.4181 0.4097 11.22 
0.078 2 2 0 2.0 2.0 0.192 0.187 0.3936 0.4097 11.22 
0.079 2 2 0 2.0 2.0 0.207 0.182 0.3462 0.4097 11.22 
0.080 2 2 0 2.0 2.0 0.188 0.187 0.4016 0.4097 11.22 
0.081 2 2 0 2.0 2.0 0.170 0.177 0.4056 0.4137 11.22 
0.082 2 2 0 2.0 2.0 0.166 0.172 0.3936 0.4181 11.22 
0.083 2 2 0 2.0 2.0 0.161 0.162 0.3683 0.4181 11.22 
0.084 2 2 0 2.0 2.0 0.153 0.165 0.4016 0.3936 11.21 
0.085 2 2 0 2.0 2.0 0.158 0.163 0.4016 0.4137 11.22 
0.086 2 2 0 2.0 2.0 0.174 0.154 0.4016 0.4410 11.19 
0.087 2 2 0 2.0 2.0 0.330 0.080 0.3936 0.4362 11.17 
0.088 2 2 0 2.0 2.0 0.238 0.054 0.4016 0.4269 11.16 
0.089 2 2 0 2.0 2.0 0.206 0.117 0.3860 0.4317 11.19 
0.090 2 2 0 2.0 2.0 0.174 0.137 0.3976 0.4362 11.22 
0.091 2 2 0 2.0 2.0 0.156 0.119 0.4016 0.4362 11.22 
0.092 2 2 0 2.0 2.0 0.149 0.147 0.4056 0.4462 11.19 
0.093 2 2 0 2.0 2.0 0.157 0.149 0.3715 0.4410 11.18 
0.094 2 2 0 2.0 2.0 0.179 0.163 0.3896 0.4462 11.21 
0.095 2 2 0 2.0 2.0 0.209 0.149 0.3976 0.4510 11.22 
0.096 2 2 0 2.0 2.0 0.196 0.146 0.4056 0.4562 11.23 
0.097 2 2 0 2.0 2.0 0.169 0.141 0.3896 0.4510 11.19 
0.098 2 2 0 2.0 2.0 0.165 0.140 0.4016 0.4510 11.22 
0.099 2 2 0 2.0 2.0 0.154 0.138 0.4137 0.4667 11.22 
0.100 2 2 0 2.0 2.0 0.146 0.157 0.4137 0.4562 11.22 
0.101 2 2 0 2.0 2.0 0.158 0.166 0.3896 0.4615 11.18 
0.102 2 2 0 2.0 2.0 0.191 0.146 0.4016 0.4779 11.20 
0.103 2 2 0 2.0 2.0 0.202 0.123 0.3751 0.4723 11.22 
0.104 2 2 0 2.0 2.0 0.186 0.111 0.3976 0.4723 11.20 
0.105 2 2 0 2.0 2.0 0.181 0.110 0.4097 0.4896 11.18 
0.106 2 2 0 2.0 2.0 0.168 0.128 0.4137 0.4836 11.20 
0.107 2 2 0 2.0 2.0 0.165 0.156 0.3751 0.4779 11.22 
0.108 2 2 0 2.0 2.0 0.149 0.148 0.3976 0.4779 11.23 
0.109 2 2 0 2.0 2.0 0.163 0.136 0.4225 0.4779 11.19 
0.110 2 2 0 2.0 2.0 0.177 0.127 0.4225 0.4836 11.18 
0.111 2 2 0 2.0 2.0 0.179 0.115 0.3787 0.4779 11.21 
0.112 2 2 0 2.0 2.0 0.165 0.111 0.4016 0.4896 11.22 
0.113 2 2 0 2.0 2.0 0.165 0.125 0.4097 0.4896 11.22 
0.114 2 2 0 2.0 2.0 0.177 0.125 0.4181 0.4896 11.22 
0.115 2 2 0 2.0 1.9 0.169 0.125 0.3976 0.4779 11.22 
0.116 2 2 0 2.0 1.9 0.165 0.122 0.4137 0.4836 11.23 
0.117 2 2 0 2.0 2.0 0.159 0.091 0.4225 0.4896 11.23 
0.118 2 2 0 2.0 2.0 0.174 0.070 0.4462 0.4836 11.23 
0.119 2 2 0 2.0 2.0 0.171 0.078 0.4410 0.4956 11.21 
0.120 2 2 0 2.0 1.9 0.165 0.105 0.4269 0.4956 11.22 
0.121 2 2 0 2.0 1.9 0.156 0.126 0.4317 0.4896 11.22 
0.122 2 2 0 2.0 1.9 0.155 0.145 0.3582 0.4896 11.22 
0.123 2 2 0 2.0 1.9 0.153 0.123 0.3936 0.4896 11.21 
0.124 2 2 0 2.0 1.9 0.147 0.115 0.4362 0.4956 11.22 
0.125 2 2 0 2.0 1.9 0.163 0.095 0.4362 0.4723 11.23 
0.126 2 2 0 2.0 1.9 0.169 0.107 0.3823 0.4836 11.22 
0.127 2 2 0 2.0 1.9 0.165 0.122 0.4097 0.5081 11.23 
0.128 2 2 0 2.0 1.9 0.163 0.126 0.4317 0.5020 11.22 
0.129 2 2 0 2.0 1.9 0.155 0.102 0.4317 0.4956 11.23 
0.130 2 2 0 2.0 1.9 0.154 0.087 0.3976 0.4956 11.23 
0.131 2 2 0 2.0 1.9 0.152 0.077 0.4181 0.4956 11.23 
0.132 2 2 0 2.0 1.9 0.153 0.076 0.4317 0.5020 11.22 
0.133 2 2 0 2.0 1.9 0.183 0.111 0.4269 0.4956 11.22 
0.134 2 2 0 2.0 1.9 0.170 0.115 0.4362 0.4956 11.22 
0.135 2 2 0 2.0 1.9 0.160 0.118 0.4269 0.5020 11.23 
0.136 2 2 0 2.0 1.9 0.161 0.106 0.4317 0.5020 11.22 
0.137 2 2 0 2.0 1.9 0.150 0.098 0.4362 0.4956 11.22 
0.138 2 2 0 2.0 1.9 0.150 0.079 0.4362 0.5020 11.23 
0.139 2 2 0 2.0 1.9 0.162 0.085 0.3976 0.5081 11.23 
0.140 2 2 0 2.0 1.9 0.173 0.112 0.4181 0.4956 11.23 
0.141 2 2 0 2.0 1.9 0.195 0.122 0.4269 0.5020 11.23 
0.142 2 2 0 2.0 1.9 0.170 0.108 0.4362 0.5081 11.23 
0.143 2 2 0 2.0 1.9 0.172 0.087 0.4269 0.5081 11.22 
0.144 2 2 0 2.0 1.9 0.157 0.067 0.4317 0.5081 11.21 
0.145 2 2 0 2.0 1.9 0.145 0.062 0.4462 0.5149 11.22 
0.146 2 2 0 2.0 1.9 0.148 0.078 0.4317 0.5081 11.22 
0.147 2 2 0 2.0 1.9 0.140 0.100 0.4362 0.5081 11.22 
0.148 2 2 0 2.0 1.9 0.180 0.093 0.4016 0.5081 11.22 
0.149 2 2 0 2.0 1.9 0.171 0.074 0.4225 0.5020 11.22 
0.150 2 2 0 2.0 1.9 0.160 0.070 0.4362 0.5020 11.22 
0.151 2 2 0 2.0 1.9 0.147 0.071 0.4362 0.5149 11.22 
0.152 2 2 0 2.0 1.9 0.150 0.082 0.3976 0.5149 11.22 
0.153 2 2 0 2.0 1.8 0.143 0.086 0.4181 0.5149 11.22 
0.154 2 2 0 2.0 1.8 0.152 0.090 0.4462 0.5081 11.22 
0.155 2 2 0 2.0 1.8 0.252 -0.020 0.4410 0.5149 11.22 
0.156 2 2 0 2.0 1.8 0.205 0.004 0.4016 0.5213 11.22 
0.157 2 2 0 2.0 1.8 0.183 0.035 0.4225 0.5281 11.21 
0.158 2 2 0 2.0 1.8 0.158 0.080 0.4269 0.5213 11.22 
0.159 2 2 0 2.0 1.8 0.147 0.101 0.4225 0.5213 11.23 
0.160 2 2 0 2.0 1.8 0.139 0.089 0.4362 0.5081 11.23 
0.161 2 2 0 2.0 1.8 0.135 0.070 0.4317 0.5149 11.21 
0.162 2 2 0 2.0 1.8 0.152 0.065 0.4410 0.5149 11.22 
0.163 2 2 0 2.0 1.8 0.172 0.088 0.4615 0.5149 11.22 
0.164 2 2 0 2.0 1.8 0.164 0.071 0.4562 0.5081 11.23 
0.165 2 2 0 2.0 1.8 0.161 0.105 0.4410 0.5281 11.22 
0.166 2 2 0 2.0 1.8 0.153 0.112 0.4410 0.5213 11.23 
0.167 2 2 0 2.0 1.8 0.142 0.089 0.3715 0.5081 11.22 
0.168 2 2 0 2.0 1.8 0.146 0.067 0.4097 0.5081 11.22 
0.169 2 2 0 2.0 1.8 0.154 0.057 0.4510 0.5081 11.23 
0.170 2 2 0 2.0 1.8 0.166 0.041 0.4016 0.5149 11.20 
0.171 2 2 0 2.0 1.8 0.158 0.085 0.4225 0.5081 11.22 
0.172 2 2 0 2.0 1.8 0.151 0.082 0.4410 0.5081 11.22 
0.173 2 2 0 2.0 1.8 0.161 0.078 0.4410 0.5149 11.22 
0.174 2 2 0 2.0 1.8 0.148 0.061 0.4269 0.5213 11.20 
0.175 2 2 0 2.0 1.8 0.139 0.073 0.4362 0.5081 11.22 
0.176 2 2 0 2.0 1.8 0.141 0.080 0.4462 0.5149 11.22 
0.177 2 2 0 2.0 1.8 0.162 0.096 0.4462 0.5149 11.22 
0.178 2 2 0 2.0 1.8 0.168 0.103 0.4362 0.5081 11.23 
0.179 2 2 0 2.0 1.7 0.153 0.100 0.4462 0.5213 11.22 
0.180 2 2 0 2.0 1.7 0.153 0.082 0.4362 0.5213 11.22 
0.181 2 2 0 2.0 1.8 0.153 0.036 0.4462 0.5213 11.23 
0.182 2 2 0 2.0 1.7 0.145 0.014 0.4510 0.5354 11.23 
0.183 2 2 0 2.0 1.7 0.147 0.045 0.4317 0.5281 11.22 
0.184 2 2 0 2.0 1.7 0.165 0.089 0.4410 0.5213 11.22 
0.185 2 2 0 2.0 1.7 0.190 0.063 0.4462 0.5149 11.22 
0.186 2 2 0 2.0 1.7 0.162 0.039 0.4510 0.5149 11.22 
0.187 2 2 0 2.0 1.7 0.155 0.013 0.4410 0.5081 11.22 
0.188 2 2 0 2.0 1.7 0.147 0.017 0.4462 0.5081 11.22 
0.189 2 2 0 2.0 1.7 0.292 -0.034 0.4615 0.5213 11.21 
0.190 2 2 0 2.0 1.7 0.200 -0.013 0.4410 0.5213 11.22 
0.191 2 2 0 2.0 1.7 0.169 0.077 0.4462 0.5149 11.21 
0.192 2 2 0 2.0 1.7 0.193 0.081 0.4269 0.5081 11.22 
0.193 2 2 0 2.0 1.7 0.180 0.057 0.4410 0.5213 11.23 
0.194 2 2 0 2.0 1.7 0.161 0.032 0.4462 0.5149 11.22 
0.195 2 2 0 2.0 1.7 0.154 0.046 0.4462 0.5281 11.22 
0.196 2 2 0 2.0 1.7 0.152 0.061 0.4269 0.5213 11.22 
0.197 2 2 0 2.0 1.7 0.136 0.084 0.4362 0.5149 11.22 
0.198 2 2 0 2.0 1.7 0.144 0.089 0.4562 0.5081 11.22 
0.199 2 2 0 2.0 1.7 0.165 0.053 0.4562 0.5081 11.22 
0.200 2 2 0 2.0 1.7 0.165 0.057 0.4016 0.5081 11.22 
0.201 2 2 1 4.0 3.7 0.154 0.055 0.4269 0.4896 11.22 
0.202 2 2 1 4.0 3.7 0.189 0.069 0.4410 0.5020 11.21 
0.203 2 2 1 4.0 3.7 0.351 0.208 0.4362 0.5213 11.19 
0.204 2 2 1 4.0 3.7 0.470 0.335 0.4510 0.5081 11.16 
0.205 2 2 1 4.0 3.7 0.550 0.389 0.4562 0.5213 11.17 
0.206 2 2 1 4.0 3.7 0.610 0.398 0.4723 0.5281 11.17 
0.207 2 2 1 4.0 3.7 0.618 0.426 0.5149 0.5498 11.18 
0.208 2 2 1 4.0 3.7 0.558 0.436 0.5149 0.5655 11.17 
0.209 2 2 1 4.0 3.7 0.561 0.427 0.5281 0.5655 11.17 
0.210 2 2 1 4.0 3.6 0.565 0.399 0.4896 0.5820 11.18 
0.211 2 2 1 4.0 3.7 0.568 0.396 0.5735 0.5820 11.17 
0.212 2 2 1 4.0 3.6 0.579 0.409 0.5735 0.5904 11.17 
0.213 2 2 1 4.0 3.7 0.527 0.415 0.5655 0.6085 11.14 
0.214 2 2 1 4.0 3.6 0.502 0.407 0.5904 0.6085 11.14 
0.215 2 2 1 4.0 3.6 0.501 0.388 0.5820 0.6374 11.17 
0.216 2 2 1 4.0 3.6 0.493 0.376 0.5992 0.6474 11.18 
0.217 2 2 1 4.0 3.6 0.500 0.370 0.6273 0.6474 11.15 
0.218 2 2 1 4.0 3.6 0.489 0.349 0.6177 0.6804 11.15 
0.219 2 2 1 4.0 3.6 0.462 0.375 0.6177 0.6691 11.17 
0.220 2 2 1 4.0 3.6 0.457 0.336 0.6474 0.6804 11.19 
0.221 2 2 1 4.0 3.6 0.458 0.301 0.6583 0.6691 11.18 
0.222 2 2 1 4.0 3.6 0.489 0.308 0.6583 0.6804 11.16 
0.223 2 2 1 4.0 3.6 0.534 0.308 0.6583 0.7044 11.17 
0.224 2 2 1 4.0 3.6 0.451 0.305 0.6691 0.7044 11.18 
0.225 2 2 1 4.0 3.6 0.427 0.313 0.7169 0.7169 11.19 
0.226 2 2 1 4.0 3.6 0.424 0.320 0.6924 0.7302 11.18 
0.227 2 2 1 4.0 3.6 0.457 0.318 0.7044 0.7575 11.17 
0.228 2 2 1 4.0 3.6 0.430 0.339 0.7044 0.7434 11.19 
0.229 2 2 1 4.0 3.6 0.420 0.328 0.7302 0.7434 11.19 
0.230 2 2 1 4.0 3.6 0.408 0.301 0.7169 0.7575 11.19 
0.231 2 2 1 4.0 3.6 0.401 0.283 0.7434 0.7434 11.18 
0.232 2 2 1 4.0 3.6 0.420 0.296 0.7044 0.7723 11.18 
0.233 2 2 1 4.0 3.6 0.389 0.301 0.7302 0.7723 11.19 
0.234 2 2 1 4.0 3.6 0.378 0.314 0.7302 0.7723 11.19 
0.235 2 2 1 4.0 3.6 0.369 0.297 0.7434 0.7723 11.16 
0.236 2 2 1 4.0 3.6 0.409 0.286 0.7723 0.7872 11.18 
0.237 2 2 1 4.0 3.6 0.375 0.282 0.7723 0.7723 11.19 
0.238 2 2 1 4.0 3.6 0.365 0.283 0.6804 0.8032 11.17 
0.239 2 2 1 4.0 3.6 0.354 0.313 0.7872 0.7872 11.15 
0.240 2 2 1 4.0 3.6 0.376 0.305 0.7872 0.8193 11.18 
0.241 2 2 1 4.0 3.6 0.348 0.269 0.7723 0.8032 11.19 
0.242 2 2 1 4.0 3.6 0.346 0.286 0.8032 0.8193 11.20 
0.243 2 2 1 4.0 3.6 0.347 0.270 0.7872 0.8193 11.18 
0.244 2 2 1 4.0 3.6 0.367 0.251 0.8032 0.8366 11.18 
0.245 2 2 1 4.0 3.6 0.348 0.255 0.8032 0.8366 11.19 
0.246 2 2 1 4.0 3.6 0.338 0.230 0.8032 0.8543 11.20 
0.247 2 2 1 4.0 3.6 0.329 0.219 0.8193 0.8727 11.19 
0.248 2 2 1 4.0 3.6 0.348 0.241 0.8032 0.8727 11.17 
0.249 2 2 1 4.0 3.6 0.359 0.258 0.8193 0.8727 11.19 
0.250 2 2 1 4.0 3.6 0.330 0.207 0.8193 0.8727 11.19 
0.251 2 2 1 4.0 3.6 0.321 0.187 0.8366 0.8924 11.20 
0.252 2 2 1 4.0 3.6 0.357 0.233 0.8193 0.8924 11.18 
0.253 2 2 1 4.0 3.6 0.336 0.231 0.8032 0.8924 11.19 
0.254 2 2 1 4.0 3.6 0.326 0.218 0.8193 0.8924 11.20 
0.255 2 2 1 4.0 3.6 0.321 0.218 0.8543 0.8924 11.20 
0.256 2 2 1 4.0 3.6 0.344 0.227 0.8032 0.9125 11.20 
0.257 2 2 1 4.0 3.6 0.319 0.224 0.8366 0.9125 11.20 
0.258 2 2 1 4.0 3.6 0.310 0.204 0.8366 0.9125 11.20 
0.259 2 2 1 4.0 3.6 0.307 0.224 0.8543 0.9125 11.20 
0.260 2 2 1 4.0 3.6 0.339 0.225 0.8924 0.9125 11.20 
0.261 2 2 1 4.0 3.6 0.311 0.194 0.8924 0.9125 11.20 
0.262 2 2 1 4.0 3.6 0.304 0.193 0.8032 0.9338 11.21 
0.263 2 2 1 4.0 3.6 0.308 0.239 0.8727 0.9338 11.20 
0.264 2 2 1 4.0 3.6 0.324 0.226 0.8366 0.9338 11.20 
0.265 2 2 1 4.0 3.6 0.304 0.194 0.8727 0.9338 11.19 
0.266 2 2 1 4.0 3.6 0.292 0.183 0.8543 0.9559 11.20 
0.267 2 2 1 4.0 3.6 0.299 0.199 0.8924 0.9559 11.20 
0.268 2 2 1 4.0 3.6 0.299 0.180 0.8924 0.9559 11.20 
0.269 2 2 1 4.0 3.6 0.292 0.152 0.8924 0.9796 11.18 
0.270 2 2 1 4.0 3.5 0.287 0.183 0.8727 0.9796 11.19 
0.271 2 2 1 4.0 3.6 0.315 0.183 0.8727 0.9796 11.20 
0.272 2 2 1 4.0 3.6 0.310 0.155 0.8924 0.9796 11.20 
0.273 2 2 1 4.0 3.5 0.284 0.184 0.9125 1.0041 11.19 
0.274 2 2 1 4.0 3.5 0.279 0.191 0.9125 1.0041 11.20 
0.275 2 2 1 4.0 3.5 0.304 0.164 0.8543 1.0041 11.20 
0.276 2 2 1 4.0 3.5 0.306 0.116 0.8924 0.9796 11.20 
0.277 2 2 1 4.0 3.5 0.274 0.148 0.8727 1.0041 11.20 
0.278 2 2 1 4.0 3.5 0.299 0.189 0.8924 0.9796 11.19 
0.279 2 2 1 4.0 3.5 0.289 0.175 0.8727 0.9796 11.20 
0.280 2 2 1 4.0 3.5 0.269 0.190 0.8924 0.9796 11.20 
0.281 2 2 1 4.0 3.5 0.261 0.156 0.9125 0.9796 11.20 
0.282 2 2 1 4.0 3.5 0.306 0.153 0.9338 0.9796 11.20 
0.283 2 2 1 4.0 3.5 0.283 0.147 0.9338 1.0041 11.20 
0.284 2 2 1 4.0 3.5 0.278 0.175 0.8366 1.0041 11.20 
0.285 2 2 1 4.0 3.5 0.283 0.166 0.8924 1.0041 11.20 
0.286 2 2 1 4.0 3.5 0.315 0.137 0.8727 1.0298 11.20 
0.287 2 2 1 4.0 3.5 0.276 0.147 0.9125 1.0298 11.20 
0.288 2 2 1 4.0 3.5 0.268 0.143 0.9125 1.0298 11.20 
0.289 2 2 1 4.0 3.5 0.276 0.128 0.9125 1.0298 11.20 
0.290 2 2 1 4.0 3.5 0.277 0.141 0.9125 1.0298 11.18 
0.291 2 2 1 4.0 3.5 0.271 0.156 0.9125 1.0298 11.20 
0.292 2 2 1 4.0 3.5 0.413 0.042 0.8924 1.0298 11.19 
0.293 2 2 1 4.0 3.5 0.380 0.023 0.9125 1.0567 11.20 
0.294 2 2 1 4.0 3.5 0.303 0.100 0.9125 1.0567 11.20 
0.295 2 2 1 4.0 3.5 0.276 0.133 0.9338 1.0567 11.21 
0.296 2 2 1 4.0 3.5 0.280 0.118 0.9338 1.0298 11.21 
0.297 2 2 1 4.0 3.5 0.290 0.126 0.9338 1.0298 11.20 
0.298 2 2 1 4.0 3.4 0.287 0.144 0.9338 1.0298 11.20 
0.299 2 2 1 4.0 3.5 0.275 0.126 0.9559 1.0298 11.21 
0.300 2 2 1 4.0 3.4 0.304 0.131 0.9338 1.0298 11.21 
0.301 2 2 1 4.0 3.4 0.274 0.105 0.9338 1.0298 11.21 
0.302 2 2 1 4.0 3.4 0.287 0.083 0.9125 1.0298 11.21 
0.303 2 2 1 4.0 3.4 0.271 0.094 0.9338 1.0041 11.20 
0.304 2 2 1 4.0 3.4 0.292 0.134 0.9559 1.0298 11.21 
0.305 2 2 1 4.0 3.4 0.282 0.130 0.9559 1.0298 11.20 
0.306 2 2 1 4.0 3.4 0.340 0.053 0.8727 1.0567 11.20 
0.307 2 2 1 4.0 3.4 0.307 0.103 0.8543 1.0567 11.19 
0.308 2 2 1 4.0 3.4 0.271 0.120 0.8924 1.0567 11.20 
0.309 2 2 1 4.0 3.4 0.264 0.126 0.9125 1.0567 11.21 
0.310 2 2 1 4.0 3.4 0.257 0.141 0.9338 1.0298 11.20 
0.311 2 2 1 4.0 3.4 0.278 0.124 0.9338 1.0567 11.19 
0.312 2 2 1 4.0 3.4 0.269 0.113 0.9338 1.0298 11.20 
0.313 2 2 1 4.0 3.4 0.252 0.122 0.9338 1.0567 11.20 
0.314 2 2 1 4.0 3.4 0.280 0.115 0.9338 1.0298 11.20 
0.315 2 2 1 4.0 3.4 0.269 0.099 0.9338 1.0298 11.20 
0.316 2 2 1 4.0 3.4 0.252 0.115 0.9559 1.0567 11.20 
0.317 2 2 1 4.0 3.4 0.257 0.125 0.9559 1.0298 11.20 
0.318 2 2 1 4.0 3.4 0.290 0.089 0.9338 1.0298 11.21 
0.319 2 2 1 4.0 3.4 0.280 0.096 0.9559 1.0298 11.21 
0.320 2 2 1 4.0 3.4 0.250 0.111 0.9338 1.0298 11.20 
0.321 2 2 1 4.0 3.4 0.280 0.096 0.9338 1.0298 11.20 
0.322 2 2 1 4.0 3.4 0.275 0.087 0.9338 1.0298 11.20 
0.323 2 2 1 4.0 3.3 0.253 0.121 0.9125 1.0567 11.20 
0.324 2 2 1 4.0 3.3 0.244 0.117 0.9338 1.0567 11.20 
0.325 2 2 1 4.0 3.3 0.261 0.086 0.9559 1.0852 11.20 
0.326 2 2 1 4.0 3.3 0.238 0.103 0.9559 1.0852 11.20 
0.327 2 2 1 4.0 3.3 0.248 0.096 0.8924 1.0567 11.20 
0.328 2 2 1 4.0 3.3 0.293 0.088 0.9125 1.0567 11.20 
0.329 2 2 1 4.0 3.3 0.268 0.103 0.9559 1.0567 11.21 
0.330 2 2 1 4.0 3.3 0.245 0.140 0.9338 1.0567 11.21 
0.331 2 2 1 4.0 3.3 0.245 0.103 0.9559 1.0852 11.21 
0.332 2 2 1 4.0 3.3 0.263 0.096 0.9559 1.0852 11.21 
0.333 2 2 1 4.0 3.3 0.251 0.103 0.9559 1.0852 11.21 
0.334 2 2 1 4.0 3.3 0.238 0.094 0.8924 1.0567 11.21 
0.335 2 2 1 4.0 3.3 0.295 0.089 0.9338 1.0852 11.21 
0.336 2 2 1 4.0 3.3 0.287 0.096 0.9559 1.0567 11.21 
0.337 2 2 1 4.0 3.3 0.258 0.081 0.9796 1.0567 11.21 
0.338 2 2 1 4.0 3.3 0.252 0.078 0.9559 1.0567 11.21 
0.339 2 2 1 4.0 3.3 0.271 0.093 0.9559 1.0567 11.21 
0.340 2 2 1 4.0 3.3 0.260 0.095 0.9796 1.0567 11.21 
0.341 2 2 1 4.0 3.3 0.248 0.099 0.9796 1.0567 11.21 
0.342 2 2 1 4.0 3.3 0.281 0.136 0.9559 1.0567 11.21 
0.343 2 2 1 4.0 3.3 0.253 0.125 0.9559 1.0567 11.20 
0.344 2 2 1 4.0 3.3 0.247 0.076 0.9559 1.0852 11.21 
0.345 2 2 1 4.0 3.3 0.237 0.104 0.9559 1.0852 11.19 
0.346 2 2 1 4.0 3.3 0.264 0.091 0.9796 1.0567 11.20 
0.347 2 2 1 4.0 3.3 0.255 0.084 0.8727 1.0567 11.21 
0.348 2 2 1 4.0 3.3 0.253 0.109 0.9338 1.0567 11.21 
0.349 2 2 1 4.0 3.2 0.277 0.110 0.9125 1.0567 11.19 
0.350 2 2 1 4.0 3.3 0.259 0.073 0.9559 1.0852 11.21 
0.351 2 2 1 4.0 3.2 0.245 0.069 0.9559 1.0852 11.21 
0.352 2 2 2 -4.0 -4.8 0.257 0.077 0.9559 1.0852 11.21 
0.353 2 2 2 -4.0 -4.8 0.024 0.012 0.9559 1.0567 11.18 
0.354 2 2 2 -4.0 -4.8 -0.569 -0.467 0.9559 1.0567 11.14 
0.355 2 2 2 -4.0 -4.8 -1.036 -0.916 0.8727 1.0298 11.09 
0.356 2 2 2 -4.0 -4.8 -1.288 -1.090 0.8193 0.9796 11.06 
0.357 2 2 2 -4.0 -4.8 -1.259 -1.133 0.7575 0.9338 11.04 
0.358 2 2 2 -4.0 -4.8 -1.280 -1.144 0.7302 0.8366 11.03 
0.359 2 2 2 -4.0 -4.8 -1.353 -1.147 0.6804 0.7872 11.01 
0.360 2 2 2 -4.0 -4.8 -1.389 -1.148 0.6177 0.7169 11.01 
0.361 2 2 2 -4.0 -4.8 -1.409 -1.148 0.4667 0.6924 11.02 
0.362 2 2 2 -4.0 -4.8 -1.229 -1.148 0.5020 0.6085 11.03 
0.363 2 2 2 -4.0 -4.8 -1.205 -1.148 0.4779 0.5904 11.03 
0.364 2 2 2 -4.0 -4.8 -1.234 -1.148 0.4410 0.5735 11.03 
0.365 2 2 2 -4.0 -4.8 -1.242 -1.148 0.3113 0.5149 11.03 
0.366 2 2 2 -4.0 -4.9 -1.234 -1.148 0.3113 0.4667 11.03 
0.367 2 2 2 -4.0 -4.9 -1.227 -1.148 0.2659 0.3976 11.03 
0.368 2 2 2 -4.0 -4.9 -1.185 -1.148 0.2659 0.3550 11.03 
0.369 2 2 2 -4.0 -4.9 -1.145 -1.148 0.1743 0.3289 11.05 
0.370 2 2 2 -4.0 -4.9 -1.110 -1.148 0.1743 0.2695 11.06 
0.371 2 2 2 -4.0 -4.9 -1.082 -1.148 0.1743 0.2695 11.07 
0.372 2 2 2 -4.0 -4.9 -1.033 -1.148 0.1257 0.2036 11.06 
0.373 2 2 2 -4.0 -4.9 -1.006 -1.148 0.0956 0.2036 11.07 
0.374 2 2 2 -4.0 -4.9 -0.975 -1.148 0.0771 0.1639 11.07 
0.375 2 2 2 -4.0 -4.9 -0.947 -1.148 -0.0735 0.1161 11.07 
0.376 2 2 2 -4.0 -4.9 -0.920 -1.148 -0.0735 0.0904 11.08 
0.377 2 2 2 -4.0 -4.9 -0.903 -1.148 -0.0735 0.0735 11.08 
0.378 2 2 2 -4.0 -4.9 -0.881 -1.148 -0.1458 0.0623 11.09 
0.379 2 2 2 -4.0 -5.0 -0.844 -1.148 -0.2080 0.0526 11.09 
0.380 2 2 2 -4.0 -4.9 -0.834 -1.148 -0.2080 -0.0482 11.09 
0.381 2 2 2 -4.0 -5.0 -0.810 -1.148 -0.2374 -0.0482 11.10 
0.382 2 2 2 -4.0 -5.0 -0.778 -1.148 -0.3040 -0.1920 11.09 
0.383 2 2 2 -4.0 -5.0 -0.760 -1.061 -0.3040 -0.1920 11.13 
0.384 2 2 2 -4.0 -5.0 -0.761 -0.992 -0.3462 -0.2434 11.13 
0.385 2 2 2 -4.0 -5.0 -0.779 -1.011 -0.3683 -0.2434 11.13 
0.386 2 2 2 -4.0 -5.0 -0.680 -1.020 -0.3490 -0.2807 11.13 
0.387 2 2 2 -4.0 -5.0 -0.665 -1.011 -0.3896 -0.3289 11.13 
0.388 2 2 2 -4.0 -5.0 -0.651 -1.011 -0.3896 -0.3430 11.11 
0.389 2 2 2 -4.0 -5.0 -0.624 -0.973 -0.4137 -0.3751 11.09 
0.390 2 2 2 -4.0 -5.0 -0.607 -0.954 -0.4462 -0.3936 11.09 
0.391 2 2 2 -4.0 -5.0 -0.614 -0.937 -0.4562 -0.4181 11.13 
0.392 2 2 2 -4.0 -5.0 -0.571 -0.934 -0.4779 -0.4410 11.14 
0.393 2 2 2 -4.0 -5.0 -0.554 -0.953 -0.4896 -0.4667 11.16 
0.394 2 2 2 -4.0 -5.0 -0.568 -0.812 -0.5020 -0.4836 11.13 
0.395 2 2 2 -4.0 -5.0 -0.558 -0.772 -0.5213 -0.4956 11.15 
0.396 2 2 2 -4.0 -5.0 -0.549 -0.791 -0.5426 -0.5081 11.15 
0.397 2 2 2 -4.0 -5.0 -0.552 -0.794 -0.5575 -0.5575 11.15 
0.398 2 2 2 -4.0 -5.0 -0.576 -0.826 -0.5735 -0.5735 11.11 
0.399 2 2 2 -4.0 -5.0 -0.497 -0.725 -0.5735 -0.5992 11.13 
0.400 2 2 2 -4.0 -5.0 -0.474 -0.721 -0.6085 -0.6177 11.15 
0.401 2 2 2 -4.0 -5.0 -0.458 -0.735 -0.6177 -0.6374 11.16 
0.402 2 2 2 -4.0 -5.0 -0.457 -0.718 -0.6177 -0.6474 11.17 
0.403 2 2 2 -4.0 -5.0 -0.488 -0.719 -0.6474 -0.7169 11.15 
0.404 2 2 2 -4.0 -5.0 -0.444 -0.676 -0.6085 -0.7169 11.17 
0.405 2 2 2 -4.0 -5.0 -0.444 -0.605 -0.6924 -0.7044 11.17 
0.406 2 2 2 -4.0 -5.0 -0.432 -0.624 -0.6273 -0.7302 11.17 
0.407 2 2 2 -4.0 -5.0 -0.420 -0.600 -0.6474 -0.7434 11.15 
0.408 2 2 2 -4.0 -5.0 -0.439 -0.597 -0.6804 -0.7434 11.17 
0.409 2 2 2 -4.0 -5.0 -0.413 -0.566 -0.7169 -0.7723 11.18 
0.410 2 2 2 -4.0 -5.0 -0.409 -0.585 -0.7044 -0.7872 11.18 
0.411 2 2 2 -4.0 -5.0 -0.394 -0.604 -0.6924 -0.7872 11.18 
0.412 2 2 2 -4.0 -5.0 -0.395 -0.638 -0.7169 -0.8193 11.18 
0.413 2 2 2 -4.0 -4.9 -0.389 -0.546 -0.6474 -0.8543 11.18 
0.414 2 2 2 -4.0 -4.9 -0.397 -0.498 -0.7044 -0.8543 11.18 
0.415 2 2 2 -4.0 -4.9 -0.400 -0.498 -0.7434 -0.8727 11.18 
0.416 2 2 2 -4.0 -4.9 -0.391 -0.492 -0.7302 -0.8727 11.17 
0.417 2 2 2 -4.0 -4.9 -0.418 -0.479 -0.7575 -0.8924 11.18 
0.418 2 2 2 -4.0 -4.9 -0.396 -0.486 -0.7434 -0.9125 11.19 
0.419 2 2 2 -4.0 -4.9 -0.378 -0.494 -0.7575 -0.9125 11.19 
0.420 2 2 2 -4.0 -4.9 -0.364 -0.487 -0.7723 -0.9338 11.16 
0.421 2 2 2 -4.0 -4.9 -0.367 -0.443 -0.7723 -0.9338 11.18 
0.422 2 2 2 -4.0 -4.9 -0.362 -0.412 -0.7872 -0.9559 11.18 
0.423 2 2 2 -4.0 -4.9 -0.369 -0.429 -0.7575 -0.9559 11.18 
0.424 2 2 2 -4.0 -4.9 -0.368 -0.415 -0.8032 -0.9559 11.16 
0.425 2 2 2 -4.0 -4.8 -0.371 -0.414 -0.7872 -0.9796 11.18 
0.426 2 2 2 -4.0 -4.8 -0.354 -0.439 -0.7872 -1.0041 11.18 
0.427 2 2 2 -4.0 -4.8 -0.341 -0.402 -0.8193 -0.9796 11.19 
0.428 2 2 2 -4.0 -4.8 -0.331 -0.374 -0.7872 -1.0041 11.19 
0.429 2 2 2 -4.0 -4.8 -0.342 -0.373 -0.8193 -1.0041 11.19 
0.430 2 2 2 -4.0 -4.8 -0.333 -0.370 -0.7723 -1.0567 11.19 
0.431 2 2 2 -4.0 -4.8 -0.333 -0.382 -0.8366 -1.0298 11.19 
0.432 2 2 2 -4.0 -4.8 -0.315 -0.384 -0.7723 -1.0567 11.19 
0.433 2 2 2 -4.0 -4.8 -0.343 -0.388 -0.8032 -1.0567 11.16 
0.434 2 2 2 -4.0 -4.8 -0.338 -0.335 -0.8543 -1.0567 11.18 
0.435 2 2 2 -4.0 -4.8 -0.330 -0.325 -0.8543 -1.0567 11.20 
0.436 2 2 2 -4.0 -4.8 -0.312 -0.340 -0.8543 -1.0852 11.20 
0.437 2 2 2 -4.0 -4.7 -0.325 -0.338 -0.8543 -1.1153 11.18 
0.438 2 2 2 -4.0 -4.7 -0.328 -0.320 -0.8366 -1.1153 11.18 
0.439 2 2 2 -4.0 -4.7 -0.321 -0.336 -0.8727 -1.1153 11.19 
0.440 2 2 2 -4.0 -4.7 -0.295 -0.304 -0.8543 -1.1153 11.20 
0.441 2 2 2 -4.0 -4.7 -0.322 -0.292 -0.8727 -1.1153 11.19 
0.442 2 2 2 -4.0 -4.7 -0.320 -0.292 -0.8366 -1.1474 11.17 
0.443 2 2 2 -4.0 -4.7 -0.302 -0.274 -0.8543 -1.1474 11.19 
0.444 2 2 2 -4.0 -4.7 -0.274 -0.262 -0.8727 -1.1474 11.16 
0.445 2 2 2 -4.0 -4.7 -0.287 -0.281 -0.8727 -1.1474 11.18 
0.446 2 2 2 -4.0 -4.6 -0.303 -0.270 -0.8366 -1.1474 11.18 
0.447 2 2 2 -4.0 -4.6 -0.307 -0.273 -0.8727 -1.1474 11.19 
0.448 2 2 2 -4.0 -4.6 -0.310 -0.281 -0.8727 -1.1812 11.18 
0.449 2 2 2 -4.0 -4.6 -0.311 -0.280 -0.8924 -1.1812 11.19 
0.450 2 2 2 -4.0 -4.6 -0.296 -0.282 -0.8924 -1.1812 11.20 
0.451 2 2 2 -4.0 -4.6 -0.280 -0.279 -0.8924 -1.2169 11.18 
0.452 2 2 2 -4.0 -4.6 -0.296 -0.236 -0.9125 -1.1812 11.20 
0.453 2 2 2 -4.0 -4.6 -0.296 -0.232 -0.8727 -1.1812 11.19 
0.454 2 2 2 -4.0 -4.5 -0.288 -0.252 -0.9125 -1.2169 11.19 
0.455 2 2 2 -4.0 -4.5 -0.264 -0.239 -0.8543 -1.2169 11.19 
0.456 2 2 2 -4.0 -4.5 -0.283 -0.255 -0.9125 -1.1812 11.20 
0.457 2 2 2 -4.0 -4.5 -0.298 -0.222 -0.9125 -1.1812 11.19 
0.458 2 2 2 -4.0 -4.5 -0.262 -0.212 -0.9125 -1.1812 11.20 
0.459 2 2 2 -4.0 -4.5 -0.249 -0.214 -0.9125 -1.2169 11.19 
0.460 2 2 2 -4.0 -4.5 -0.222 -0.291 -0.9125 -1.2169 11.19 
0.461 2 2 2 -4.0 -4.4 -0.236 -0.234 -0.9338 -1.2169 11.20 
0.462 2 2 2 -4.0 -4.4 -0.224 -0.231 -0.9125 -1.1812 11.20 
0.463 2 2 2 -4.0 -4.4 -0.287 -0.202 -0.9125 -1.2169 11.20 
0.464 2 2 2 -4.0 -4.4 -0.280 -0.193 -0.9338 -1.2169 11.19 
0.465 2 2 2 -4.0 -4.4 -0.254 -0.205 -0.9559 -1.2551 11.17 
0.466 2 2 2 -4.0 -4.4 -0.258 -0.202 -0.9559 -1.2551 11.19 
0.467 2 2 2 -4.0 -4.4 -0.271 -0.216 -0.9559 -1.2551 11.20 
0.468 2 2 2 -4.0 -4.4 -0.277 -0.175 -0.9338 -1.2551 11.19 
0.469 2 2 2 -4.0 -4.4 -0.272 -0.153 -0.9338 -1.2551 11.20 
0.470 2 2 2 -4.0 -4.3 -0.280 -0.184 -0.9338 -1.2952 11.20 
0.471 2 2 2 -4.0 -4.3 -0.272 -0.192 -0.9338 -1.2952 11.21 
0.472 2 2 2 -4.0 -4.3 -0.241 -0.197 -0.9125 -1.2551 11.20 
0.473 2 2 2 -4.0 -4.3 -0.267 -0.182 -0.9559 -1.2551 11.21 
0.474 2 2 2 -4.0 -4.3 -0.280 -0.167 -0.8727 -1.2551 11.21 
0.475 2 2 2 -4.0 -4.3 -0.277 -0.172 -0.9338 -1.2551 11.21 
0.476 2 2 2 -4.0 -4.3 -0.228 -0.178 -0.8727 -1.2551 11.21 
0.477 2 2 2 -4.0 -4.2 -0.265 -0.152 -0.9125 -1.2551 11.21 
0.478 2 2 2 -4.0 -4.2 -0.281 -0.145 -0.9338 -1.2551 11.20 
0.479 2 2 2 -4.0 -4.2 -0.209 -0.177 -0.9338 -1.2551 11.20 
0.480 2 2 2 -4.0 -4.2 -0.203 -0.192 -0.9338 -1.2551 11.20 
0.481 2 2 2 -4.0 -4.2 -0.187 -0.217 -0.9338 -1.2952 11.17 
0.482 2 2 2 -4.0 -4.2 -0.207 -0.190 -0.9796 -1.2952 11.19 
0.483 2 2 2 -4.0 -4.1 -0.198 -0.195 -0.9559 -1.2952 11.20 
0.484 2 2 2 -4.0 -4.1 -0.222 -0.171 -0.8924 -1.2952 11.20 
0.485 2 2 2 -4.0 -4.1 -0.226 -0.152 -0.9559 -1.2952 11.18 
0.486 2 2 2 -4.0 -4.1 -0.236 -0.158 -0.9796 -1.3386 11.19 
0.487 2 2 2 -4.0 -4.1 -0.236 -0.121 -0.9796 -1.2952 11.20 
0.488 2 2 2 -4.0 -4.1 -0.263 -0.123 -0.9796 -1.2551 11.20 
0.489 2 2 2 -4.0 -4.1 -0.268 -0.116 -0.9559 -1.2551 11.18 
0.490 2 2 2 -4.0 -4.1 -0.257 -0.100 -0.9559 -1.2551 11.18 
0.491 2 2 2 -4.0 -4.1 -0.271 -0.122 -0.9559 -1.2551 11.19 
0.492 2 2 2 -4.0 -4.0 -0.259 -0.117 -0.9796 -1.2551 11.20 
0.493 2 2 2 -4.0 -4.0 -0.247 -0.114 -0.9559 -1.2952 11.21 
0.494 2 2 2 -4.0 -4.0 -0.245 -0.112 -0.9796 -1.2551 11.21 
0.495 2 2 2 -4.0 -4.0 -0.266 -0.078 -0.9559 -1.2551 11.18 
0.496 2 2 2 -4.0 -4.0 -0.255 -0.091 -0.8366 -1.2551 11.20 
0.497 2 2 2 -4.0 -4.0 -0.233 -0.090 -0.9338 -1.2952 11.20 
0.498 2 2 2 -4.0 -4.0 -0.264 -0.104 -0.9796 -1.2952 11.20 
0.499 2 2 2 -4.0 -4.0 -0.264 -0.125 -0.9796 -1.2952 11.18 
0.500 2 2 2 -4.1 -4.0 -0.244 -0.099 -0.9559 -1.2952 11.20 
0.501 2 2 2 -4.1 -4.0 -0.262 -0.098 -0.9559 -1.2952 11.20 
0.502 2 2 2 -4.1 -4.0 -0.270 -0.130 -0.9796 -1.2169 11.20 
0.503 2 2 3 -0.1 0.0 -0.271 -0.104 -0.9559 -1.2952 11.20 
0.504 2 2 3 -0.1 0.0 -0.169 0.004 -0.9796 -1.2551 11.22 
0.505 2 2 3 -0.1 0.0 0.127 0.160 -0.9559 -1.2551 11.23 
0.506 2 2 3 -0.1 0.0 0.377 0.456 -0.9559 -1.2169 11.23 
0.507 2 2 3 -0.1 0.0 0.532 0.519 -0.9559 -1.1812 11.23 
0.508 2 2 3 -0.2 0.0 0.515 0.620 -0.9338 -1.2169 11.24 
0.509 2 2 3 -0.2 0.0 0.489 0.706 -0.8924 -1.1812 11.24 
0.510 2 2 3 -0.2 0.0 0.538 0.646 -0.8366 -1.1474 11.24 
0.511 2 2 3 -0.2 0.0 0.584 0.672 -0.8032 -1.1474 11.24 
0.512 2 2 3 -0.2 0.0 0.580 0.719 -0.7723 -1.1153 11.20 
0.513 2 2 3 -0.2 0.0 0.467 0.603 -0.7434 -1.1153 11.20 
0.514 2 2 3 -0.2 0.0 0.464 0.645 -0.7302 -1.1153 11.20 
0.515 2 2 3 -0.3 0.0 0.493 0.705 -0.6804 -1.0567 11.20 
0.516 2 2 3 -0.3 0.0 0.504 0.624 -0.6804 -1.0567 11.20 
0.517 2 2 3 -0.3 0.0 0.433 0.586 -0.6085 -1.0041 11.20 
0.518 2 2 3 -0.3 0.0 0.380 0.639 -0.6177 -0.9796 11.20 
0.519 2 2 3 -0.3 0.0 0.391 0.575 -0.6374 -0.9559 11.20 
0.520 2 2 3 -0.3 0.0 0.401 0.527 -0.5575 -0.9559 11.21 
0.521 2 2 3 -0.4 0.0 0.398 0.571 -0.5655 -0.9338 11.21 
0.522 2 2 3 -0.4 0.0 0.362 0.597 -0.5498 -0.8543 11.20 
0.523 2 2 3 -0.4 0.0 0.296 0.519 -0.5655 -0.8543 11.20 
0.524 2 2 3 -0.4 0.0 0.293 0.483 -0.5426 -0.8032 11.22 
0.525 2 2 3 -0.4 0.0 0.303 0.522 -0.5149 -0.8032 11.21 
0.526 2 2 3 -0.4 0.0 0.321 0.567 -0.4779 -0.7575 11.21 
0.527 2 2 3 -0.4 0.0 0.320 0.452 -0.4667 -0.7723 11.21 
0.528 2 2 3 -0.4 0.0 0.311 0.457 -0.4562 -0.7575 11.22 
0.529 2 2 3 -0.5 0.0 0.256 0.491 -0.4462 -0.7434 11.21 
0.530 2 2 3 -0.5 0.0 0.194 0.512 -0.3787 -0.7044 11.21 
0.531 2 2 3 -0.5 0.0 0.182 0.464 -0.3976 -0.7169 11.21 
0.532 2 2 3 -0.5 0.0 0.181 0.396 -0.4137 -0.6691 11.22 
0.533 2 2 3 -0.5 0.0 0.182 0.411 -0.3896 -0.6583 11.21 
0.534 2 2 3 -0.5 0.0 0.188 0.439 -0.3374 -0.6583 11.22 
0.535 2 2 3 -0.5 0.0 0.182 0.466 -0.3582 -0.6374 11.21 
0.536 2 2 3 -0.6 0.0 0.169 0.388 -0.3582 -0.6273 11.22 
0.537 2 2 3 -0.6 0.0 0.155 0.362 -0.3490 -0.6273 11.22 
0.538 2 2 3 -0.6 0.0 0.139 0.385 -0.3402 -0.6085 11.22 
0.539 2 2 3 -0.6 0.0 0.119 0.415 -0.2972 -0.5904 11.22 
0.540 2 2 3 -0.6 0.0 0.121 0.431 -0.3137 -0.5655 11.22 
0.541 2 2 3 -0.6 0.0 0.124 0.412 -0.3137 -0.5498 11.22 
0.542 2 2 3 -0.6 0.0 0.114 0.350 -0.2848 -0.5426 11.22 
0.543 2 2 3 -0.6 0.0 0.103 0.295 -0.2928 -0.5426 11.21 
0.544 2 2 3 -0.7 0.0 0.094 0.295 -0.2928 -0.5281 11.22 
0.545 2 2 3 -0.7 0.0 0.079 0.330 -0.2972 -0.5020 11.23 
0.546 2 2 3 -0.7 0.0 0.052 0.340 -0.2695 -0.4896 11.22 
0.547 2 2 3 -0.7 0.0 0.036 0.337 -0.2695 -0.4779 11.22 
0.548 2 2 3 -0.7 0.0 0.005 0.263 -0.2510 -0.4723 11.22 
0.549 2 2 3 -0.7 0.0 -0.012 0.252 -0.2607 -0.4667 11.22 
0.550 2 2 3 -0.7 0.0 -0.009 0.259 -0.2607 -0.4723 11.22 
0.551 2 2 3 -0.7 0.0 -0.011 0.275 -0.2522 -0.4410 11.22 
0.552 2 2 3 -0.7 0.0 -0.002 0.291 -0.2478 -0.4181 11.20 
0.553 2 2 3 -0.7 0.0 -0.008 0.308 -0.2478 -0.4225 11.21 
0.554 2 2 3 -0.7 0.0 -0.012 0.290 -0.2169 -0.3936 11.22 
0.555 2 2 3 -0.7 0.0 -0.009 0.255 -0.2169 -0.3860 11.22 
0.556 2 2 3 -0.7 0.0 0.002 0.209 -0.2345 -0.3651 11.22 
0.557 2 2 3 -0.8 0.0 -0.006 0.194 -0.2345 -0.3823 11.22 
0.558 2 2 3 -0.8 0.0 -0.009 0.194 -0.2293 -0.3683 11.22 
0.559 2 2 3 -0.8 0.0 -0.017 0.213 -0.2229 -0.3522 11.22 
0.560 2 2 3 -0.8 0.0 -0.016 0.236 -0.2205 -0.3289 11.22 
0.561 2 2 3 -0.8 0.0 -0.041 0.248 -0.2080 -0.3346 11.22 
0.562 2 2 3 -0.8 0.0 -0.054 0.236 -0.2080 -0.3346 11.22 
0.563 2 2 3 -0.8 0.0 -0.059 0.224 -0.2181 -0.3237 11.21 
0.564 2 2 3 -0.8 0.0 -0.057 0.208 -0.2181 -0.3113 11.21 
0.565 2 2 3 -0.8 0.0 -0.051 0.162 -0.2056 -0.2996 11.22 
0.566 2 2 3 -0.8 0.0 -0.044 0.160 -0.2056 -0.2996 11.22 
0.567 2 2 3 -0.8 0.0 -0.046 0.161 -0.2088 -0.2996 11.22 
0.568 2 2 3 -0.8 0.0 -0.052 0.164 -0.2088 -0.2888 11.22 
0.569 2 2 3 -0.8 0.0 -0.048 0.173 -0.2036 -0.2675 11.22 
0.570 2 2 3 -0.8 0.0 -0.043 0.166 -0.2036 -0.2675 11.22 
0.571 2 2 3 -0.8 0.0 -0.044 0.158 -0.2028 -0.2554 11.22 
0.572 2 2 3 -0.8 0.0 -0.035 0.153 -0.2028 -0.2554 11.21 
0.573 2 2 3 -0.8 0.0 -0.045 0.138 -0.1831 -0.2494 11.21 
0.574 2 2 3 -0.8 0.0 -0.051 0.140 -0.1831 -0.2217 11.22 
0.575 2 2 3 -0.8 0.0 -0.047 0.130 -0.1976 -0.2217 11.23 
0.576 2 2 3 -0.8 0.0 -0.054 0.115 -0.1976 -0.2253 11.23 
0.577 2 2 3 -0.8 0.0 -0.050 0.097 -0.2028 -0.2253 11.23 
0.578 2 2 3 -0.8 0.0 -0.059 0.090 -0.2028 -0.2345 11.22 
0.579 2 2 3 -0.8 0.0 -0.071 0.094 -0.2008 -0.2345 11.23 
0.580 2 2 3 -0.8 0.0 -0.082 0.111 -0.2008 -0.2125 11.23 
0.581 2 2 3 -0.8 0.0 -0.083 0.108 -0.1831 -0.2125 11.23 
0.582 2 2 3 -0.8 0.0 -0.087 0.124 -0.1743 -0.1823 11.18 
0.583 2 2 3 -0.8 0.0 -0.074 0.128 -0.1743 -0.1823 11.22 
0.584 2 2 3 -0.8 0.0 -0.071 0.100 -0.1956 -0.1815 11.22 
0.585 2 2 3 -0.8 0.0 -0.073 0.095 -0.1956 -0.1815 11.19 
0.586 2 2 3 -0.8 0.0 -0.068 0.099 -0.2157 -0.1743 11.18 
0.587 2 2 3 -0.8 0.0 -0.061 0.115 -0.2028 -0.1707 11.20 
0.588 2 2 3 -0.8 0.0 -0.055 0.106 -0.1892 -0.1707 11.18 
0.589 2 2 3 -0.8 0.0 -0.060 0.085 -0.1892 -0.1639 11.17 
0.590 2 2 3 -0.8 0.0 -0.063 0.095 -0.1566 -0.1639 11.17 
0.591 2 2 3 -0.8 0.0 -0.072 0.099 -0.1566 -0.1606 11.20 
0.592 2 2 3 -0.8 0.0 -0.068 0.096 -0.1847 -0.1482 11.22 
0.593 2 2 3 -0.8 0.0 -0.067 0.092 -0.1847 -0.1482 11.23 
0.594 2 2 3 -0.8 0.0 -0.076 0.099 -0.1847 -0.1438 11.20 
0.595 2 2 3 -0.8 0.0 -0.082 0.092 -0.1775 -0.1402 11.18 
0.596 2 2 3 -0.8 0.0 -0.078 0.071 -0.1775 -0.1402 11.22 
0.597 2 2 3 -0.8 0.0 -0.077 0.067 -0.1892 -0.1374 11.23 
0.598 2 2 3 -0.8 0.0 -0.075 0.068 -0.1892 -0.1317 11.21 
0.599 2 2 3 -0.8 0.0 0.061 0.005 -0.2008 -0.1317 11.18 
0.600 2 2 3 -0.8 0.0 0.008 -0.059 -0.2008 -0.1317 11.21 
0.601 2 2 3 -0.8 0.0 -0.045 0.016 -0.1815 -0.1213 11.21 
0.602 2 2 3 -0.8 0.0 -0.062 0.056 -0.1815 -0.1213 11.19 
0.603 2 2 3 -0.8 0.0 -0.060 0.064 -0.1687 -0.1213 11.19 
0.604 2 2 3 -0.8 0.0 -0.064 0.046 -0.1687 -0.1125 11.21 
0.605 2 2 3 -0.8 0.0 -0.051 0.038 -0.1687 -0.1056 11.23 
0.606 2 2 3 -0.8 0.0 -0.037 0.037 -0.1743 -0.1056 11.23 
0.607 2 2 3 -0.8 0.0 -0.044 0.032 -0.1743 -0.1056 11.20 
0.608 2 2 3 -0.8 0.0 -0.044 0.047 -0.1623 -0.1056 11.22 
0.609 2 2 3 -0.8 0.0 0.067 0.000 -0.1623 -0.0839 11.22 
0.610 2 2 3 -0.8 0.0 -0.002 -0.022 -0.1691 -0.0811 11.23 
0.611 2 2 3 -0.8 0.0 -0.037 0.029 -0.1691 -0.0811 11.23 
0.612 2 2 3 -0.8 0.0 -0.051 0.046 -0.1691 -0.0811 11.23 
0.613 2 2 3 -0.7 0.0 -0.057 0.050 -0.1659 -0.0811 11.23 
0.614 2 2 3 -0.7 0.0 -0.058 0.043 -0.1659 -0.0811 11.23 
0.615 2 2 3 -0.7 0.0 -0.061 0.034 -0.1707 -0.0687 11.23 
0.616 2 2 3 -0.7 0.0 -0.061 0.027 -0.1707 -0.0614 11.21 
0.617 2 2 3 -0.7 0.0 -0.055 0.023 -0.1707 -0.0614 11.23 
0.618 2 2 3 -0.7 0.0 -0.061 0.018 -0.1490 -0.0614 11.23 
0.619 2 2 3 -0.7 0.0 -0.058 0.026 -0.1490 -0.0614 11.23 
0.620 2 2 3 -0.7 0.0 -0.063 0.036 -0.1606 -0.0614 11.22 
0.621 2 2 3 -0.7 0.0 -0.045 0.039 -0.1606 -0.0614 11.23 
0.622 2 2 3 -0.7 0.0 -0.051 0.043 -0.1606 -0.0614 11.23 
0.623 2 2 3 -0.7 0.0 -0.052 0.028 -0.1651 -0.0546 11.23 
0.624 2 2 3 -0.7 0.0 -0.047 0.019 -0.1651 -0.0482 11.23 
0.625 2 2 3 -0.7 0.0 -0.030 0.014 -0.1526 -0.0430 11.23 
0.626 2 2 3 -0.7 0.0 -0.033 0.016 -0.1502 -0.0422 11.23 
0.627 2 2 3 -0.7 0.0 -0.032 0.018 -0.1502 -0.0422 11.23 
0.628 2 2 3 -0.7 0.0 -0.029 0.004 -0.1353 -0.0422 11.23 
0.629 2 2 3 -0.7 0.0 -0.021 0.015 -0.1317 -0.0422 11.23 
0.630 2 2 3 -0.7 0.0 -0.040 0.023 -0.1317 -0.0422 11.23 
0.631 2 2 3 -0.7 0.0 -0.026 0.031 -0.1418 -0.0422 11.22 
0.632 2 2 3 -0.7 0.0 -0.012 0.030 -0.1418 -0.0422 11.23 
0.633 2 2 3 -0.7 0.0 -0.007 0.029 -0.1418 -0.0422 11.22 
0.634 2 2 3 -0.6 0.0 -0.009 0.020 -0.1402 -0.0422 11.24 
0.635 2 2 3 -0.6 0.0 -0.006 0.031 -0.1402 -0.0406 11.23 
0.636 2 2 3 -0.6 0.0 0.000 0.028 -0.1402 -0.0369 11.24 
0.637 2 2 3 -0.6 0.0 0.007 0.026 -0.1366 -0.0337 11.22 
0.638 2 2 3 -0.6 0.0 0.014 0.028 -0.1366 -0.0313 11.23 
0.639 2 2 3 -0.6 0.0 0.027 0.021 -0.1366 -0.0289 11.24 
0.640 2 2 3 -0.6 0.0 0.028 0.021 -0.1217 -0.0269 11.23 
0.641 2 2 3 -0.6 0.0 0.029 0.014 -0.1145 -0.0253 11.23 
0.642 2 2 3 -0.6 0.0 0.033 0.011 -0.1145 -0.0253 11.23 
0.643 2 2 3 -0.6 0.0 0.036 0.004 -0.1145 -0.0253 11.23 
0.644 2 2 3 -0.6 0.0 0.032 -0.002 -0.1084 -0.0253 11.23 
0.645 2 2 3 -0.6 0.0 0.032 -0.004 -0.1084 -0.0253 11.23 
0.646 2 2 3 -0.6 0.0 0.036 -0.010 -0.1084 -0.0253 11.23 
0.647 2 2 3 -0.6 0.0 0.035 -0.014 -0.1084 -0.0253 11.23 
0.648 2 2 3 -0.6 0.0 0.027 -0.007 -0.0980 -0.0253 11.23 
0.649 2 2 3 -0.6 0.0 0.027 -0.002 -0.0827 -0.0253 11.23 
0.650 2 2 3 -0.6 0.0 0.025 0.004 -0.0827 -0.0253 11.22 
0.651 2 2 3 -0.6 0.0 0.026 0.006 -0.0827 -0.0253 11.23 
0.652 2 2 3 -0.6 0.0 0.029 0.006 -0.0827 -0.0253 11.23 
0.653 2 2 3 -0.6 0.0 0.036 0.016 -0.0827 -0.0253 11.23 
0.654 2 2 3 -0.6 0.0 0.035 0.020 -0.0763 -0.0253 11.22 
0.655 2 2 3 -0.6 0.0 0.033 0.023 -0.0667 -0.0253 11.23 
0.656 2 2 3 -0.6 0.0 0.032 0.023 -0.0667 -0.0253 11.24 
0.657 2 2 3 -0.6 0.0 0.034 0.011 -0.0667 -0.0245 11.24 
0.658 2 2 3 -0.6 0.0 0.026 0.012 -0.0667 -0.0233 11.24 
0.659 2 2 3 -0.6 0.0 0.028 0.007 -0.0667 -0.0221 11.24 
0.660 2 2 3 -0.6 0.0 0.036 -0.002 -0.0667 -0.0209 11.23 
0.661 2 2 3 -0.6 0.0 0.029 -0.007 -0.0643 -0.0197 11.23 
0.662 2 2 3 -0.6 0.0 0.032 -0.005 -0.0554 -0.0189 11.24 
0.663 2 2 3 -0.5 0.0 0.025 -0.011 -0.0494 -0.0181 11.23 
0.664 2 2 3 -0.5 0.0 0.017 -0.009 -0.0494 -0.0173 11.24 
0.665 2 2 3 -0.5 0.0 0.011 -0.006 -0.0494 -0.0165 11.24 
