%% logfile from robot Vera (88)
% Vera (88)
%  1    time 0.000 sec
%  2  3  4   (mission 0), state 2, thread 2, line 0
%  5  6 Motor voltage [V] left, right: 2.0 2.0
%  7  8 Motor current left, right [A]: 0.102 0.088
%  9 10 Wheel velocity [m/s] left, right: 0.0000 -0.0000
% 11    Battery voltage [V]: 12.04
0.001 2 2 0 2.0 2.0 -0.007 0.008 0.0000 -0.0000 12.04 
0.002 2 2 0 2.0 2.0 0.102 0.140 0.0000 -0.0000 12.04 
0.003 2 2 0 2.0 2.0 0.261 0.268 0.0000 -0.0000 12.04 
0.004 2 2 0 2.0 2.0 0.324 0.343 0.0000 -0.0000 12.04 
0.005 2 2 0 2.0 2.0 0.387 0.359 0.0000 -0.0000 12.03 
0.006 2 2 0 2.0 2.0 0.370 0.377 0.0000 -0.0000 12.04 
0.007 2 2 0 2.0 2.0 0.368 0.379 0.0000 -0.0000 12.04 
0.008 2 2 0 2.0 2.0 0.383 0.380 0.0000 -0.0000 12.04 
0.009 2 2 0 2.0 2.0 0.434 0.373 0.0000 -0.0000 12.04 
0.010 2 2 0 2.0 2.0 0.432 0.389 0.0000 0.0000 12.03 
0.011 2 2 0 2.0 2.0 0.420 0.409 0.0000 0.0000 12.04 
0.012 2 2 0 2.0 2.0 0.420 0.401 0.0859 0.0000 12.03 
0.013 2 2 0 2.0 2.0 0.412 0.363 0.0859 0.0000 12.03 
0.014 2 2 0 2.0 2.0 0.361 0.338 0.0859 0.1048 12.03 
0.015 2 2 0 2.0 2.0 0.361 0.327 0.1233 0.1048 12.03 
0.016 2 2 0 2.0 2.0 0.335 0.318 0.1233 0.1048 12.03 
0.017 2 2 0 2.0 2.0 0.337 0.318 0.1783 0.1213 12.04 
0.018 2 2 0 2.0 2.0 0.322 0.312 0.1783 0.1213 12.03 
0.019 2 2 0 2.0 2.0 0.299 0.303 0.1731 0.1213 12.04 
0.020 2 2 0 2.0 2.0 0.292 0.279 0.1506 0.1554 12.04 
0.021 2 2 0 2.0 2.0 0.283 0.278 0.1506 0.1554 12.04 
0.022 2 2 0 2.0 2.0 0.265 0.279 0.1948 0.1586 12.04 
0.023 2 2 0 2.0 2.0 0.299 0.278 0.1948 0.1586 12.04 
0.024 2 2 0 2.0 2.0 0.300 0.272 0.2048 0.1920 12.04 
0.025 2 2 0 2.0 2.0 0.255 0.256 0.2711 0.1920 12.04 
0.026 2 2 0 2.0 2.0 0.224 0.256 0.2711 0.1920 12.04 
0.027 2 2 0 2.0 2.0 0.225 0.256 0.2478 0.1920 12.04 
0.028 2 2 0 2.0 2.0 0.218 0.244 0.2478 0.2193 12.04 
0.029 2 2 0 2.0 2.0 0.219 0.254 0.2418 0.2193 12.04 
0.030 2 2 0 2.0 2.0 0.223 0.258 0.2478 0.2048 12.04 
0.031 2 2 0 2.0 2.0 0.263 0.251 0.2478 0.2048 12.04 
0.032 2 2 0 2.0 2.0 0.254 0.232 0.3113 0.2374 12.04 
0.033 2 2 0 2.0 2.0 0.257 0.240 0.2675 0.2374 12.03 
0.034 2 2 0 2.0 2.0 0.236 0.242 0.2787 0.2253 12.04 
0.035 2 2 0 2.0 2.0 0.219 0.226 0.2787 0.2478 12.04 
0.036 2 2 0 2.0 2.0 0.227 0.235 0.2374 0.2478 12.04 
0.037 2 2 0 2.0 2.0 0.210 0.224 0.3522 0.2402 12.03 
0.038 2 2 0 2.0 2.0 0.216 0.214 0.3346 0.2402 12.04 
0.039 2 2 0 2.0 2.0 0.234 0.213 0.3161 0.2639 12.04 
0.040 2 2 0 2.0 2.0 0.241 0.215 0.3113 0.2639 12.04 
0.041 2 2 0 2.0 2.0 0.235 0.212 0.2928 0.2639 12.04 
0.042 2 2 0 2.0 2.0 0.218 0.218 0.3787 0.2807 12.04 
0.043 2 2 0 2.0 2.0 0.208 0.242 0.3317 0.2510 12.04 
0.044 2 2 0 2.0 2.0 0.204 0.221 0.3185 0.2510 12.04 
0.045 2 2 0 2.0 2.0 0.185 0.209 0.3346 0.2928 12.04 
0.046 2 2 0 2.0 2.0 0.204 0.199 0.3374 0.3137 12.04 
0.047 2 2 0 2.0 2.0 0.192 0.194 0.3715 0.2928 12.04 
0.048 2 2 0 2.0 2.0 0.162 0.195 0.3237 0.2928 12.04 
0.049 2 2 0 2.0 2.0 0.189 0.196 0.3550 0.2510 12.04 
0.050 2 2 0 2.0 2.0 0.177 0.169 0.3582 0.3016 12.04 
0.051 2 2 0 2.0 2.0 0.147 0.164 0.3936 0.3088 12.04 
0.052 2 2 0 2.0 2.0 0.148 0.168 0.3582 0.3088 12.04 
0.053 2 2 0 2.0 2.0 0.166 0.179 0.3582 0.3137 12.03 
0.054 2 2 0 2.0 2.0 0.193 0.192 0.3751 0.2848 12.04 
0.055 2 2 0 2.0 2.0 0.185 0.208 0.3550 0.3237 12.03 
0.056 2 2 0 2.0 2.0 0.183 0.194 0.3976 0.3237 12.04 
0.057 2 2 0 2.0 2.0 0.192 0.183 0.3751 0.3185 12.04 
0.058 2 2 0 2.0 2.0 0.179 0.178 0.3860 0.3317 12.04 
0.059 2 2 0 2.0 2.0 0.167 0.172 0.3582 0.3213 12.04 
0.060 2 2 0 2.0 2.0 0.172 0.164 0.4016 0.3374 12.04 
0.061 2 2 0 2.0 2.0 0.164 0.160 0.3715 0.3402 12.04 
0.062 2 2 0 2.0 2.0 0.147 0.156 0.3976 0.3402 12.03 
0.063 2 2 0 2.0 2.0 0.134 0.164 0.3823 0.3462 12.03 
0.064 2 2 0 2.0 2.0 0.155 0.183 0.4225 0.3064 12.04 
0.065 2 2 0 2.0 2.0 0.134 0.177 0.3860 0.3522 12.04 
0.066 2 2 0 2.0 2.0 0.143 0.165 0.3976 0.3430 12.04 
0.067 2 2 0 2.0 2.0 0.144 0.163 0.4016 0.3615 12.04 
0.068 2 2 0 2.0 2.0 0.197 0.100 0.4137 0.3402 12.03 
0.069 2 2 0 2.0 2.0 0.229 0.075 0.3823 0.3289 12.03 
0.070 2 2 0 2.0 2.0 0.169 0.117 0.4137 0.3615 12.04 
0.071 2 2 0 2.0 2.0 0.151 0.125 0.4510 0.3374 12.04 
0.072 2 2 0 2.0 2.0 0.172 0.152 0.3823 0.3715 12.04 
0.073 2 2 0 2.0 2.0 0.167 0.168 0.4056 0.3317 12.04 
0.074 2 2 0 2.0 2.0 0.154 0.174 0.4225 0.3751 12.04 
0.075 2 2 0 2.0 2.0 0.155 0.171 0.4615 0.3522 12.04 
0.076 2 2 0 2.0 2.0 0.140 0.160 0.3787 0.3787 12.04 
0.077 2 2 0 2.0 2.0 0.107 0.144 0.4056 0.3651 12.04 
0.078 2 2 0 2.0 2.0 0.120 0.142 0.4137 0.3582 12.04 
0.079 2 2 0 2.0 2.0 0.124 0.131 0.4667 0.3823 12.04 
0.080 2 2 0 2.0 2.0 0.124 0.119 0.4562 0.3615 12.03 
0.081 2 2 0 2.0 2.0 0.134 0.127 0.4462 0.3896 12.04 
0.082 2 2 0 2.0 2.0 0.132 0.153 0.4896 0.3582 12.04 
0.083 2 2 0 2.0 2.0 0.147 0.147 0.4667 0.3936 12.04 
0.084 2 2 0 2.0 2.0 0.155 0.127 0.4615 0.3615 12.04 
0.085 2 2 0 2.0 2.0 0.126 0.122 0.3715 0.3976 12.04 
0.086 2 2 0 2.0 2.0 0.107 0.126 0.4410 0.3582 12.03 
0.087 2 2 0 2.0 2.0 0.100 0.118 0.4562 0.3896 12.03 
0.088 2 2 0 2.0 2.0 0.113 0.117 0.4410 0.3683 12.04 
0.089 2 2 0 2.0 2.0 0.114 0.118 0.4836 0.3896 12.04 
0.090 2 2 0 2.0 2.0 0.083 0.141 0.4667 0.3582 12.04 
0.091 2 2 0 2.0 2.0 0.105 0.156 0.4667 0.3936 12.03 
0.092 2 2 0 2.0 2.0 0.105 0.149 0.4615 0.3715 12.04 
0.093 2 2 0 2.0 2.0 0.098 0.145 0.4362 0.4016 12.04 
0.094 2 2 0 2.0 2.0 0.077 0.137 0.4667 0.3823 12.04 
0.095 2 2 0 2.0 2.0 0.113 0.130 0.4667 0.3751 12.04 
0.096 2 2 0 2.0 2.0 0.103 0.118 0.5081 0.3896 12.04 
0.097 2 2 0 2.0 2.0 0.093 0.126 0.4779 0.3896 12.04 
0.098 2 2 0 2.0 2.0 0.099 0.126 0.4723 0.3976 12.04 
0.099 2 2 0 2.0 2.0 0.088 0.133 0.5020 0.3615 12.04 
0.100 2 2 0 2.0 2.0 0.090 0.129 0.4836 0.3860 12.04 
0.101 2 2 0 2.0 2.0 0.104 0.129 0.4836 0.4181 12.04 
0.102 2 2 0 2.0 2.0 0.093 0.122 0.4615 0.3936 12.04 
0.103 2 2 0 2.0 2.0 0.086 0.112 0.5020 0.3490 12.04 
0.104 2 2 0 2.0 2.0 0.089 0.090 0.4836 0.3823 12.04 
0.105 2 2 0 2.0 2.0 0.090 0.094 0.4779 0.4016 12.04 
0.106 2 2 0 2.0 2.0 0.078 0.096 0.5149 0.4016 12.04 
0.107 2 2 0 2.0 2.0 0.064 0.110 0.4896 0.3751 12.04 
0.108 2 2 0 2.0 2.0 0.096 0.106 0.4896 0.4056 12.04 
0.109 2 2 0 2.0 2.0 0.072 0.102 0.5213 0.4181 12.04 
0.110 2 2 0 2.0 2.0 0.071 0.103 0.4836 0.4137 12.04 
0.111 2 2 0 2.0 2.0 0.084 0.087 0.4896 0.4225 12.04 
0.112 2 2 0 2.0 2.0 0.072 0.095 0.4896 0.4269 12.04 
0.113 2 2 0 2.0 2.0 0.081 0.095 0.4779 0.4317 12.04 
0.114 2 2 0 2.0 2.0 0.077 0.099 0.4836 0.3751 12.04 
0.115 2 2 0 2.0 2.0 0.096 0.125 0.4896 0.4056 12.04 
0.116 2 2 0 2.0 2.0 0.065 0.134 0.5281 0.4137 12.04 
0.117 2 2 0 2.0 2.0 0.076 0.124 0.4723 0.4269 12.04 
0.118 2 2 0 2.0 2.0 0.079 0.121 0.4723 0.4016 12.04 
0.119 2 2 0 2.0 2.0 0.051 0.096 0.5281 0.4181 12.03 
0.120 2 2 0 2.0 2.0 0.070 0.090 0.5213 0.4016 12.03 
0.121 2 2 0 2.0 2.0 0.097 0.084 0.4956 0.4225 12.04 
0.122 2 2 0 2.0 2.0 0.103 0.114 0.5426 0.3896 12.04 
0.123 2 2 0 2.0 2.0 0.088 0.126 0.5149 0.4181 12.03 
0.124 2 2 0 2.0 2.0 0.079 0.122 0.5081 0.4137 12.04 
0.125 2 2 0 2.0 2.0 0.074 0.115 0.4510 0.4269 12.04 
0.126 2 2 0 2.0 2.0 0.082 0.103 0.5149 0.4225 12.04 
0.127 2 2 0 2.0 2.0 0.093 0.082 0.5081 0.4317 12.03 
0.128 2 2 0 2.0 2.0 0.070 0.073 0.4896 0.4362 12.04 
0.129 2 2 0 2.0 2.0 0.070 0.092 0.5149 0.4225 12.04 
0.130 2 2 0 2.0 2.0 0.069 0.104 0.5081 0.4362 12.04 
0.131 2 2 0 2.0 2.0 0.061 0.109 0.5081 0.4016 12.04 
0.132 2 2 0 2.0 2.0 0.040 0.097 0.5149 0.4181 12.04 
0.133 2 2 0 2.0 2.0 0.054 0.098 0.5081 0.3976 12.03 
0.134 2 2 0 2.0 2.0 0.083 0.097 0.5081 0.4181 12.04 
0.135 2 2 0 2.0 2.0 0.083 0.092 0.5498 0.4181 12.04 
0.136 2 2 0 2.0 2.0 0.064 0.089 0.5149 0.4317 12.04 
0.137 2 2 0 2.0 2.0 0.045 0.107 0.5020 0.3976 12.04 
0.138 2 2 0 2.0 2.0 0.042 0.127 0.5498 0.4181 12.04 
0.139 2 2 0 2.0 2.0 0.068 0.125 0.5281 0.4181 12.04 
0.140 2 2 0 2.0 2.0 0.056 0.115 0.5020 0.4317 12.04 
0.141 2 2 0 2.0 2.0 0.073 0.119 0.5498 0.4269 12.04 
0.142 2 2 0 2.0 2.0 0.052 0.089 0.5213 0.4362 12.04 
0.143 2 2 0 2.0 2.0 0.052 0.080 0.5149 0.4362 12.04 
0.144 2 2 0 2.0 2.0 0.022 0.088 0.5575 0.4362 12.04 
0.145 2 2 0 2.0 2.0 0.027 0.108 0.5281 0.3896 12.04 
0.146 2 2 0 2.0 2.0 0.041 0.098 0.5213 0.4510 12.04 
0.147 2 2 0 2.0 2.0 0.091 0.094 0.5655 0.4510 12.04 
0.148 2 2 0 2.0 2.0 0.070 0.093 0.5213 0.3787 12.04 
0.149 2 2 0 2.0 2.0 0.045 0.076 0.5213 0.4097 12.04 
0.150 2 2 0 2.0 2.0 0.058 0.084 0.5655 0.4317 12.04 
0.151 2 2 0 2.0 2.0 0.062 0.078 0.5081 0.4410 12.03 
0.152 2 2 0 2.0 2.0 0.058 0.104 0.5149 0.3976 12.04 
0.153 2 2 0 2.0 2.0 0.052 0.116 0.5655 0.4225 12.04 
0.154 2 2 0 2.0 2.0 0.056 0.115 0.5020 0.4317 12.04 
0.155 2 2 0 2.0 2.0 0.057 0.096 0.5081 0.4462 12.04 
0.156 2 2 0 2.0 2.0 0.041 0.083 0.5498 0.4510 12.04 
0.157 2 2 0 2.0 2.0 0.047 0.084 0.5498 0.4510 12.04 
0.158 2 2 0 2.0 2.0 0.074 0.088 0.5281 0.4562 12.04 
0.159 2 2 0 2.0 2.0 0.065 0.088 0.5655 0.3976 12.04 
0.160 2 2 0 2.0 2.0 0.095 0.109 0.5354 0.4269 12.04 
0.161 2 2 0 2.0 2.0 0.080 0.117 0.5281 0.4362 12.04 
0.162 2 2 0 2.0 2.0 0.077 0.102 0.4667 0.4462 12.04 
0.163 2 2 0 2.0 2.0 0.071 0.093 0.5354 0.4317 12.04 
0.164 2 2 0 2.0 2.0 0.082 0.083 0.5281 0.4462 12.04 
0.165 2 2 0 2.0 2.0 0.090 0.076 0.5081 0.4317 12.04 
0.166 2 2 0 2.0 2.0 0.075 0.078 0.5354 0.4410 12.04 
0.167 2 2 0 2.0 2.0 0.038 0.113 0.5281 0.4462 12.04 
0.168 2 2 0 2.0 2.0 0.026 0.109 0.5213 0.4362 12.04 
0.169 2 2 0 2.0 2.0 0.028 0.118 0.5213 0.4510 12.04 
0.170 2 2 0 2.0 2.0 0.113 0.038 0.5281 0.4410 12.02 
0.171 2 2 0 2.0 2.0 0.176 0.006 0.5213 0.4510 12.03 
0.172 2 2 0 2.0 2.0 0.117 0.059 0.5354 0.4410 12.04 
0.173 2 2 0 2.0 2.0 0.071 0.072 0.5354 0.4510 12.04 
0.174 2 2 0 2.0 2.0 0.056 0.103 0.5149 0.4362 12.03 
0.175 2 2 0 2.0 2.0 0.059 0.109 0.5426 0.4510 12.04 
0.176 2 2 0 2.0 2.0 0.071 0.098 0.5426 0.4362 12.04 
0.177 2 2 0 2.0 2.0 0.062 0.086 0.5213 0.4362 12.04 
0.178 2 2 0 2.0 2.0 0.068 0.080 0.5354 0.4510 12.03 
0.179 2 2 0 2.0 2.0 0.069 0.074 0.5354 0.4410 12.04 
0.180 2 2 0 2.0 2.0 0.052 0.088 0.5281 0.4510 12.04 
0.181 2 2 0 2.0 2.0 0.042 0.098 0.5426 0.4362 12.04 
0.182 2 2 0 2.0 2.0 0.081 0.123 0.5426 0.4510 12.04 
0.183 2 2 0 2.0 2.0 0.084 0.112 0.5354 0.4410 12.04 
0.184 2 2 0 2.0 2.0 0.054 0.100 0.5354 0.4510 12.04 
0.185 2 2 0 2.0 2.0 0.062 0.091 0.5354 0.4410 12.04 
0.186 2 2 0 2.0 2.0 0.071 0.095 0.5820 0.4410 12.04 
0.187 2 2 0 2.0 2.0 0.071 0.086 0.5281 0.4510 12.04 
0.188 2 2 0 2.0 2.0 0.060 0.098 0.5354 0.3976 12.03 
0.189 2 2 0 2.0 2.0 0.081 0.107 0.5820 0.4269 12.04 
0.190 2 2 0 2.0 2.0 0.059 0.103 0.5213 0.4615 12.04 
0.191 2 2 0 2.0 2.0 0.040 0.102 0.5281 0.4615 12.04 
0.192 2 2 0 2.0 2.0 0.043 0.098 0.5735 0.3860 12.04 
0.193 2 2 0 2.0 2.0 0.086 0.083 0.5655 0.4181 12.04 
0.194 2 2 0 2.0 2.0 0.099 0.083 0.5498 0.4362 12.04 
0.195 2 2 0 2.0 2.0 0.079 0.091 0.5820 0.4462 12.04 
0.196 2 2 0 2.0 2.0 0.079 0.098 0.5575 0.4269 12.04 
0.197 2 2 0 2.0 2.0 0.067 0.095 0.5426 0.4410 12.04 
0.198 2 2 0 2.0 2.0 0.055 0.096 0.5498 0.4510 12.04 
0.199 2 2 0 2.0 2.0 0.061 0.090 0.5498 0.4462 12.04 
0.200 2 2 0 2.0 2.0 0.064 0.073 0.5426 0.4510 12.04 
0.201 2 2 1 4.0 4.0 0.075 0.064 0.5735 0.4562 12.04 
0.202 2 2 1 4.0 4.0 0.129 0.120 0.5426 0.4562 12.03 
0.203 2 2 1 4.0 4.0 0.309 0.308 0.5426 0.4016 12.03 
0.204 2 2 1 4.0 4.0 0.425 0.424 0.5904 0.4362 12.03 
0.205 2 2 1 4.0 4.0 0.491 0.487 0.5575 0.4723 12.02 
0.206 2 2 1 4.0 4.0 0.523 0.515 0.5735 0.4667 12.02 
0.207 2 2 1 4.0 4.0 0.498 0.509 0.6273 0.4956 12.02 
0.208 2 2 1 4.0 4.0 0.517 0.525 0.6177 0.4956 12.02 
0.209 2 2 1 4.0 4.0 0.515 0.536 0.5992 0.5081 12.03 
0.210 2 2 1 4.0 4.0 0.537 0.539 0.6474 0.5281 12.02 
0.211 2 2 1 4.0 4.0 0.505 0.509 0.6273 0.5281 12.01 
0.212 2 2 1 4.0 4.0 0.467 0.513 0.6924 0.5498 12.02 
0.213 2 2 1 4.0 4.0 0.463 0.498 0.6691 0.5735 12.02 
0.214 2 2 1 4.0 4.0 0.459 0.480 0.7169 0.5992 12.02 
0.215 2 2 1 4.0 4.0 0.475 0.500 0.6804 0.5904 12.02 
0.216 2 2 1 4.0 4.0 0.441 0.474 0.6804 0.5992 12.02 
0.217 2 2 1 4.0 4.0 0.440 0.446 0.6804 0.6273 12.02 
0.218 2 2 1 4.0 4.0 0.447 0.430 0.7044 0.6374 12.02 
0.219 2 2 1 4.0 4.0 0.425 0.417 0.6583 0.6374 12.03 
0.220 2 2 1 4.0 4.0 0.455 0.445 0.7169 0.6374 12.03 
0.221 2 2 1 4.0 4.0 0.423 0.437 0.7723 0.6583 12.02 
0.222 2 2 1 4.0 4.0 0.412 0.404 0.7302 0.6804 12.02 
0.223 2 2 1 4.0 4.0 0.394 0.382 0.7723 0.7044 12.02 
0.224 2 2 1 4.0 4.0 0.396 0.373 0.7723 0.7169 12.02 
0.225 2 2 1 4.0 4.0 0.372 0.388 0.8193 0.7169 12.02 
0.226 2 2 1 4.0 4.0 0.400 0.369 0.8032 0.7575 12.03 
0.227 2 2 1 4.0 4.0 0.391 0.365 0.7723 0.6924 12.02 
0.228 2 2 1 4.0 4.0 0.402 0.350 0.8032 0.7302 12.03 
0.229 2 2 1 4.0 4.0 0.374 0.354 0.8366 0.7044 12.02 
0.230 2 2 1 4.0 4.0 0.367 0.365 0.8366 0.7434 12.02 
0.231 2 2 1 4.0 4.0 0.372 0.339 0.8727 0.7575 12.03 
0.232 2 2 1 4.0 4.0 0.357 0.341 0.8366 0.7872 12.03 
0.233 2 2 1 4.0 4.0 0.358 0.344 0.8727 0.7575 12.03 
0.234 2 2 1 4.0 4.0 0.359 0.347 0.8366 0.7723 12.02 
0.235 2 2 1 4.0 4.0 0.347 0.326 0.8727 0.7872 12.02 
0.236 2 2 1 4.0 4.0 0.351 0.309 0.8366 0.7872 12.03 
0.237 2 2 1 4.0 4.0 0.315 0.292 0.8727 0.7872 12.02 
0.238 2 2 1 4.0 4.0 0.319 0.318 0.9125 0.7872 12.02 
0.239 2 2 1 4.0 4.0 0.330 0.335 0.8924 0.8032 12.03 
0.240 2 2 1 4.0 4.0 0.330 0.320 0.9338 0.8193 12.03 
0.241 2 2 1 4.0 4.0 0.318 0.289 0.9125 0.8193 12.03 
0.242 2 2 1 4.0 4.0 0.292 0.306 0.8366 0.8366 12.03 
0.243 2 2 1 4.0 4.0 0.273 0.288 0.9125 0.8032 12.03 
0.244 2 2 1 4.0 4.0 0.262 0.273 0.8727 0.8366 12.03 
0.245 2 2 1 4.0 4.0 0.247 0.267 0.8924 0.8366 12.03 
0.246 2 2 1 4.0 4.0 0.259 0.289 0.9559 0.8543 12.03 
0.247 2 2 1 4.0 4.0 0.274 0.274 1.0041 0.8727 12.03 
0.248 2 2 1 4.0 4.0 0.258 0.255 0.9796 0.8924 12.03 
0.249 2 2 1 4.0 4.0 0.247 0.264 0.9338 0.8543 12.03 
0.250 2 2 1 4.0 4.0 0.236 0.249 0.9338 0.9125 12.03 
0.251 2 2 1 4.0 4.0 0.202 0.255 0.9796 0.8727 12.03 
0.252 2 2 1 4.0 4.0 0.190 0.234 1.0298 0.9125 12.03 
0.253 2 2 1 4.0 4.0 0.204 0.254 1.0041 0.8727 12.03 
0.254 2 2 1 4.0 4.0 0.227 0.261 1.0298 0.8924 12.02 
0.255 2 2 1 4.0 4.0 0.269 0.261 1.0041 0.9125 12.03 
0.256 2 2 1 4.0 4.0 0.261 0.252 1.0298 0.8543 12.03 
0.257 2 2 1 4.0 4.0 0.243 0.249 1.0298 0.8727 12.02 
0.258 2 2 1 4.0 4.0 0.188 0.249 1.0041 0.8924 12.03 
0.259 2 2 1 4.0 4.0 0.176 0.225 1.0041 0.9338 12.03 
0.260 2 2 1 4.0 4.0 0.149 0.252 1.0041 0.9338 12.03 
0.261 2 2 1 4.0 4.0 0.141 0.259 1.0041 0.9559 12.02 
0.262 2 2 1 4.0 4.0 0.162 0.251 1.0567 0.9559 12.03 
0.263 2 2 1 4.0 4.0 0.174 0.251 1.0041 0.9559 12.03 
0.264 2 2 1 4.0 4.0 0.181 0.242 1.0041 0.9338 12.03 
0.265 2 2 1 4.0 4.0 0.155 0.213 1.0041 0.9338 12.03 
0.266 2 2 1 4.0 4.0 0.189 0.199 1.0298 0.9796 12.03 
0.267 2 2 1 4.0 4.0 0.244 0.228 0.9796 0.9796 12.03 
0.268 2 2 1 4.0 4.0 0.265 0.236 0.9125 0.9796 12.03 
0.269 2 2 1 4.0 4.0 0.246 0.210 1.0041 0.9796 12.02 
0.270 2 2 1 4.0 4.0 0.246 0.191 1.0567 0.9559 12.03 
0.271 2 2 1 4.0 4.0 0.251 0.209 1.0567 1.0041 12.03 
0.272 2 2 1 4.0 4.0 0.242 0.185 1.0852 0.9796 12.03 
0.273 2 2 1 4.0 4.0 0.274 0.130 1.1153 1.0041 12.02 
0.274 2 2 1 4.0 4.0 0.305 0.124 1.0852 1.0041 12.03 
0.275 2 2 1 4.0 4.0 0.242 0.173 1.0852 1.0041 12.03 
0.276 2 2 1 4.0 4.0 0.239 0.197 1.1153 1.0041 12.02 
0.277 2 2 1 4.0 4.0 0.189 0.202 1.0852 1.0041 12.03 
0.278 2 2 1 4.0 4.0 0.148 0.198 1.0852 1.0298 12.03 
0.279 2 2 1 4.0 4.0 0.140 0.178 1.0567 1.0041 12.03 
0.280 2 2 1 4.0 4.0 0.152 0.171 1.0567 0.9796 12.03 
0.281 2 2 1 4.0 4.0 0.154 0.191 1.0567 1.0041 12.03 
0.282 2 2 1 4.0 4.0 0.147 0.213 1.0298 1.0298 12.03 
0.283 2 2 1 4.0 4.0 0.173 0.190 1.0298 1.0041 12.03 
0.284 2 2 1 4.0 4.0 0.209 0.204 1.0852 1.0041 12.03 
0.285 2 2 1 4.0 4.0 0.192 0.194 1.0852 1.0041 12.03 
0.286 2 2 1 4.0 4.0 0.171 0.160 1.0852 1.0298 12.03 
0.287 2 2 1 4.0 4.0 0.130 0.195 1.0567 1.0041 12.03 
0.288 2 2 1 4.0 4.0 0.127 0.212 1.0567 1.0041 12.03 
0.289 2 2 1 4.0 4.0 0.122 0.179 1.0852 1.0041 12.03 
0.290 2 2 1 4.0 4.0 0.112 0.183 1.1474 0.9796 12.03 
0.291 2 2 1 4.0 4.0 0.117 0.195 1.1153 1.0298 12.03 
0.292 2 2 1 4.0 4.0 0.129 0.179 1.1153 1.0041 12.03 
0.293 2 2 1 4.0 4.0 0.117 0.176 1.1153 1.0041 12.03 
0.294 2 2 1 4.0 4.0 0.121 0.185 1.1153 1.0298 12.03 
0.295 2 2 1 4.0 4.0 0.147 0.194 1.1153 1.0298 12.03 
0.296 2 2 1 4.0 4.0 0.124 0.176 1.1474 1.0298 12.03 
0.297 2 2 1 4.0 4.0 0.110 0.187 1.1153 1.0298 12.03 
0.298 2 2 1 4.0 4.0 0.143 0.185 1.1153 1.0298 12.03 
0.299 2 2 1 4.0 4.0 0.176 0.175 1.1474 1.0298 12.03 
0.300 2 2 1 4.0 4.0 0.227 0.185 1.1153 1.0298 12.04 
0.301 2 2 1 4.0 4.0 0.223 0.187 1.1153 1.0567 12.04 
0.302 2 2 1 4.0 4.0 0.191 0.176 1.1474 1.0298 12.03 
0.303 2 2 1 4.0 4.0 0.141 0.164 1.1474 1.0567 12.04 
0.304 2 2 1 4.0 4.0 0.147 0.171 1.1474 1.0298 12.03 
0.305 2 2 1 4.0 4.0 0.129 0.156 1.1474 1.0567 12.03 
0.306 2 2 1 4.0 4.0 0.111 0.142 1.1474 1.0567 12.03 
0.307 2 2 1 4.0 4.0 0.110 0.166 1.1474 1.0567 12.03 
0.308 2 2 1 4.0 4.0 0.111 0.161 1.1812 1.0567 12.03 
0.309 2 2 1 4.0 4.0 0.144 0.149 1.1153 1.0298 12.03 
0.310 2 2 1 4.0 4.0 0.219 0.181 1.1474 1.0852 12.05 
0.311 2 2 1 4.0 4.0 0.198 0.178 1.1474 1.0567 12.04 
0.312 2 2 1 4.0 4.0 0.155 0.133 1.1153 1.0567 12.03 
0.313 2 2 1 4.0 4.0 0.103 0.160 1.1153 1.0567 12.03 
0.314 2 2 1 4.0 4.0 0.074 0.176 1.1474 1.0567 12.03 
0.315 2 2 1 4.0 4.0 0.107 0.168 1.1153 1.0567 12.04 
0.316 2 2 1 4.0 4.0 0.121 0.169 1.1153 1.0567 12.03 
0.317 2 2 1 4.0 4.0 0.113 0.163 1.1474 1.0567 12.03 
0.318 2 2 1 4.0 4.0 0.127 0.134 1.1153 1.0567 12.02 
0.319 2 2 1 4.0 4.0 0.145 0.142 1.1153 1.0567 12.02 
0.320 2 2 1 4.0 4.0 0.160 0.166 1.1474 1.0567 12.03 
0.321 2 2 1 4.0 4.0 0.189 0.153 1.1474 1.0567 12.03 
0.322 2 2 1 4.0 4.0 0.200 0.180 1.1812 1.0567 12.03 
0.323 2 2 1 4.0 4.0 0.192 0.161 1.1474 1.0567 12.03 
0.324 2 2 1 4.0 4.0 0.138 0.142 1.1153 1.0852 12.03 
0.325 2 2 1 4.0 4.0 0.116 0.145 1.1812 1.0852 12.03 
0.326 2 2 1 4.0 4.0 0.098 0.171 1.1474 1.0852 12.03 
0.327 2 2 1 4.0 4.0 0.116 0.150 1.1812 1.0852 12.03 
0.328 2 2 1 4.0 4.0 0.136 0.155 1.1474 1.0567 12.03 
0.329 2 2 1 4.0 4.0 0.120 0.173 1.1474 1.1153 12.03 
0.330 2 2 1 4.0 4.0 0.108 0.146 1.1812 1.0852 12.03 
0.331 2 2 1 4.0 4.0 0.100 0.141 1.1474 1.0567 12.03 
0.332 2 2 1 4.0 4.0 0.128 0.163 1.1812 1.0852 12.03 
0.333 2 2 1 4.0 4.0 0.156 0.140 1.2169 1.0852 12.03 
0.334 2 2 1 4.0 4.0 0.151 0.147 1.1812 1.0567 12.04 
0.335 2 2 1 4.0 4.0 0.117 0.170 1.1474 1.0852 12.03 
0.336 2 2 1 4.0 4.0 0.100 0.135 1.0041 1.0852 12.03 
0.337 2 2 1 4.0 4.0 0.098 0.111 1.1153 1.0567 12.03 
0.338 2 2 1 4.0 4.0 0.088 0.145 1.1812 1.0852 12.03 
0.339 2 2 1 4.0 4.0 0.095 0.155 1.2169 1.0852 12.03 
0.340 2 2 1 4.0 4.0 0.124 0.142 1.1812 1.0852 12.03 
0.341 2 2 1 4.0 4.0 0.173 0.159 1.1812 1.0567 12.03 
0.342 2 2 1 4.0 4.0 0.166 0.154 1.1812 1.0852 12.03 
0.343 2 2 1 4.0 4.0 0.144 0.137 1.2169 1.0852 12.03 
0.344 2 2 1 4.0 4.0 0.175 0.162 1.1812 1.0852 12.03 
0.345 2 2 1 4.0 4.0 0.205 0.156 1.1812 1.0852 12.03 
0.346 2 2 1 4.0 4.0 0.193 0.152 1.1812 1.0852 12.03 
0.347 2 2 1 4.0 4.0 0.192 0.147 1.1474 1.1153 12.03 
0.348 2 2 1 4.0 4.0 0.182 0.142 1.1812 1.0567 12.03 
0.349 2 2 1 4.0 4.0 0.143 0.123 1.1812 1.0852 12.03 
0.350 2 2 1 4.0 4.0 0.125 0.146 1.2169 1.0852 12.03 
0.351 2 2 1 4.0 4.0 0.107 0.160 1.1812 1.0852 12.03 
0.352 2 2 2 -4.0 -4.0 0.107 0.145 1.1474 1.1153 12.03 
0.353 2 2 2 -4.0 -4.0 -0.031 -0.015 1.2169 1.1153 12.02 
0.354 2 2 2 -4.0 -4.0 -0.623 -0.625 1.1153 1.0852 12.00 
0.355 2 2 2 -4.0 -4.0 -1.133 -1.102 1.1153 1.0041 11.98 
0.356 2 2 2 -4.0 -4.0 -1.266 -1.232 1.1153 1.0041 11.98 
0.357 2 2 2 -4.0 -4.0 -1.327 -1.264 1.0041 0.9338 11.99 
0.358 2 2 2 -4.0 -4.0 -1.439 -1.272 0.8924 0.8543 11.99 
0.359 2 2 2 -4.0 -4.0 -1.525 -1.274 0.8366 0.7723 11.98 
0.360 2 2 2 -4.0 -4.0 -1.345 -1.274 0.8032 0.7169 11.99 
0.361 2 2 2 -4.0 -4.0 -1.316 -1.274 0.7302 0.6474 11.98 
0.362 2 2 2 -4.0 -4.0 -1.366 -1.274 0.7302 0.6374 11.97 
0.363 2 2 2 -4.0 -4.0 -1.424 -1.274 0.6374 0.5354 11.98 
0.364 2 2 2 -4.0 -4.0 -1.456 -1.274 0.5426 0.4956 11.99 
0.365 2 2 2 -4.0 -4.0 -1.257 -1.274 0.5655 0.4510 11.99 
0.366 2 2 2 -4.0 -4.0 -1.233 -1.274 0.4896 0.3651 11.99 
0.367 2 2 2 -4.0 -4.0 -1.247 -1.274 0.3976 0.3161 11.99 
0.368 2 2 2 -4.0 -4.0 -1.230 -1.274 0.3185 0.2908 11.98 
0.369 2 2 2 -4.0 -4.0 -1.229 -1.274 0.3185 0.2767 11.99 
0.370 2 2 2 -4.0 -4.0 -1.228 -1.263 0.3289 0.2157 11.98 
0.371 2 2 2 -4.0 -4.0 -1.187 -1.259 0.2205 0.2157 11.98 
0.372 2 2 2 -4.0 -4.0 -1.124 -1.266 0.1996 0.1550 11.99 
0.373 2 2 2 -4.0 -4.0 -1.084 -1.247 0.1996 0.1117 11.98 
0.374 2 2 2 -4.0 -4.0 -1.032 -1.231 0.1426 0.0872 12.00 
0.375 2 2 2 -4.0 -4.0 -0.971 -1.240 0.1052 0.0715 12.00 
0.376 2 2 2 -4.0 -4.0 -0.979 -1.224 0.0831 0.0606 11.99 
0.377 2 2 2 -4.0 -4.0 -0.979 -1.133 0.0691 0.0526 12.00 
0.378 2 2 2 -4.0 -4.0 -0.897 -1.085 0.0586 0.0466 12.00 
0.379 2 2 2 -4.0 -4.0 -0.887 -1.057 0.0514 -0.0458 12.00 
0.380 2 2 2 -4.0 -4.0 -0.858 -1.011 0.0454 -0.0458 12.00 
0.381 2 2 2 -4.0 -4.0 -0.807 -1.015 -0.0430 -0.1920 12.00 
0.382 2 2 2 -4.0 -4.0 -0.750 -1.054 -0.0430 -0.2462 12.00 
0.383 2 2 2 -4.0 -4.0 -0.776 -1.088 -0.1715 -0.2462 12.01 
0.384 2 2 2 -4.0 -4.0 -0.789 -0.949 -0.1715 -0.2607 12.00 
0.385 2 2 2 -4.0 -4.0 -0.778 -0.878 -0.2695 -0.3137 12.01 
0.386 2 2 2 -4.0 -4.0 -0.728 -0.849 -0.2434 -0.3317 12.01 
0.387 2 2 2 -4.0 -4.0 -0.682 -0.828 -0.2434 -0.3787 12.01 
0.388 2 2 2 -4.0 -4.0 -0.663 -0.797 -0.3088 -0.3787 12.01 
0.389 2 2 2 -4.0 -4.0 -0.650 -0.746 -0.3113 -0.4056 12.01 
0.390 2 2 2 -4.0 -4.0 -0.633 -0.731 -0.3615 -0.4137 12.01 
0.391 2 2 2 -4.0 -4.0 -0.598 -0.782 -0.3615 -0.4410 12.01 
0.392 2 2 2 -4.0 -4.0 -0.587 -0.681 -0.3976 -0.4462 12.01 
0.393 2 2 2 -4.0 -4.0 -0.576 -0.645 -0.3651 -0.4723 12.01 
0.394 2 2 2 -4.0 -4.0 -0.587 -0.642 -0.4269 -0.4779 12.02 
0.395 2 2 2 -4.0 -4.0 -0.555 -0.635 -0.4225 -0.5149 12.02 
0.396 2 2 2 -4.0 -4.0 -0.565 -0.626 -0.4410 -0.5426 12.01 
0.397 2 2 2 -4.0 -4.0 -0.567 -0.642 -0.5020 -0.5655 12.01 
0.398 2 2 2 -4.0 -4.0 -0.526 -0.652 -0.4723 -0.5575 12.01 
0.399 2 2 2 -4.0 -4.0 -0.443 -0.576 -0.4896 -0.5820 12.02 
0.400 2 2 2 -4.0 -4.0 -0.409 -0.558 -0.5081 -0.5904 12.02 
0.401 2 2 2 -4.0 -4.0 -0.409 -0.553 -0.4836 -0.5820 12.01 
0.402 2 2 2 -4.0 -4.0 -0.408 -0.560 -0.5149 -0.6177 12.01 
0.403 2 2 2 -4.0 -4.0 -0.427 -0.562 -0.5149 -0.6085 12.02 
0.404 2 2 2 -4.0 -4.0 -0.464 -0.514 -0.5575 -0.6374 12.02 
0.405 2 2 2 -4.0 -4.0 -0.454 -0.494 -0.5655 -0.6691 12.02 
0.406 2 2 2 -4.0 -4.0 -0.431 -0.472 -0.6474 -0.6924 12.02 
0.407 2 2 2 -4.0 -4.0 -0.435 -0.495 -0.5992 -0.7044 12.02 
0.408 2 2 2 -4.0 -4.0 -0.426 -0.488 -0.5655 -0.6924 12.02 
0.409 2 2 2 -4.0 -4.0 -0.408 -0.460 -0.6474 -0.7302 12.03 
0.410 2 2 2 -4.0 -4.0 -0.406 -0.431 -0.6474 -0.6924 12.02 
0.411 2 2 2 -4.0 -4.0 -0.393 -0.433 -0.6804 -0.7575 12.03 
0.412 2 2 2 -4.0 -4.0 -0.390 -0.463 -0.6583 -0.7575 12.02 
0.413 2 2 2 -4.0 -4.0 -0.404 -0.400 -0.6374 -0.7723 12.02 
0.414 2 2 2 -4.0 -4.0 -0.408 -0.388 -0.6691 -0.7872 12.02 
0.415 2 2 2 -4.0 -4.0 -0.392 -0.388 -0.6804 -0.8032 12.02 
0.416 2 2 2 -4.0 -4.0 -0.382 -0.421 -0.7302 -0.8032 12.02 
0.417 2 2 2 -4.0 -4.0 -0.363 -0.382 -0.6924 -0.8032 12.02 
0.418 2 2 2 -4.0 -4.0 -0.371 -0.373 -0.6691 -0.8193 12.02 
0.419 2 2 2 -4.0 -4.0 -0.385 -0.363 -0.6691 -0.8193 12.02 
0.420 2 2 2 -4.0 -4.0 -0.336 -0.374 -0.6924 -0.8193 12.02 
0.421 2 2 2 -4.0 -4.0 -0.332 -0.363 -0.6924 -0.8193 12.03 
0.422 2 2 2 -4.0 -4.0 -0.339 -0.342 -0.7169 -0.8366 12.03 
0.423 2 2 2 -4.0 -4.0 -0.343 -0.345 -0.7434 -0.8193 12.02 
0.424 2 2 2 -4.0 -4.0 -0.353 -0.404 -0.7434 -0.8193 12.02 
0.425 2 2 2 -4.0 -4.0 -0.302 -0.365 -0.7575 -0.8366 12.02 
0.426 2 2 2 -4.0 -4.0 -0.301 -0.334 -0.7575 -0.8543 12.03 
0.427 2 2 2 -4.0 -4.0 -0.280 -0.325 -0.7872 -0.8727 12.02 
0.428 2 2 2 -4.0 -4.0 -0.302 -0.349 -0.7723 -0.8366 12.03 
0.429 2 2 2 -4.0 -4.0 -0.287 -0.334 -0.8193 -0.8727 12.02 
0.430 2 2 2 -4.0 -4.0 -0.283 -0.299 -0.7575 -0.9125 12.03 
0.431 2 2 2 -4.0 -4.0 -0.300 -0.340 -0.8032 -0.9338 12.02 
0.432 2 2 2 -4.0 -4.0 -0.295 -0.315 -0.7872 -0.9338 12.03 
0.433 2 2 2 -4.0 -4.0 -0.272 -0.285 -0.8543 -0.9338 12.02 
0.434 2 2 2 -4.0 -4.0 -0.275 -0.287 -0.8193 -0.9559 12.02 
0.435 2 2 2 -4.0 -4.0 -0.284 -0.302 -0.8032 -0.9338 12.03 
0.436 2 2 2 -4.0 -4.0 -0.286 -0.296 -0.8193 -0.9559 12.03 
0.437 2 2 2 -4.0 -4.0 -0.297 -0.291 -0.8193 -0.9559 12.02 
0.438 2 2 2 -4.0 -4.0 -0.279 -0.305 -0.8193 -0.9559 12.03 
0.439 2 2 2 -4.0 -4.0 -0.288 -0.301 -0.8366 -0.9559 12.03 
0.440 2 2 2 -4.0 -4.0 -0.283 -0.292 -0.8193 -0.9796 12.02 
0.441 2 2 2 -4.0 -4.0 -0.243 -0.267 -0.8543 -0.9796 12.02 
0.442 2 2 2 -4.0 -4.0 -0.227 -0.274 -0.8366 -1.0041 12.03 
0.443 2 2 2 -4.0 -4.0 -0.206 -0.265 -0.8366 -1.0041 12.03 
0.444 2 2 2 -4.0 -4.0 -0.226 -0.245 -0.8193 -1.0041 12.03 
0.445 2 2 2 -4.0 -4.0 -0.216 -0.287 -0.8193 -1.0041 12.03 
0.446 2 2 2 -4.0 -4.0 -0.228 -0.259 -0.8193 -1.0041 12.03 
0.447 2 2 2 -4.0 -4.0 -0.253 -0.241 -0.8727 -1.0298 12.03 
0.448 2 2 2 -4.0 -4.0 -0.243 -0.260 -0.8193 -1.0298 12.02 
0.449 2 2 2 -4.0 -4.0 -0.252 -0.262 -0.8727 -1.0298 12.03 
0.450 2 2 2 -4.0 -4.0 -0.250 -0.259 -0.9125 -1.0298 12.03 
0.451 2 2 2 -4.0 -4.0 -0.248 -0.257 -0.8727 -1.0298 12.03 
0.452 2 2 2 -4.0 -4.0 -0.237 -0.274 -0.9338 -1.0041 12.03 
0.453 2 2 2 -4.0 -4.0 -0.234 -0.262 -0.8366 -0.8924 12.03 
0.454 2 2 2 -4.0 -4.0 -0.244 -0.232 -0.8924 -1.0567 12.03 
0.455 2 2 2 -4.0 -4.0 -0.257 -0.243 -0.8924 -1.0298 12.03 
0.456 2 2 2 -4.0 -4.0 -0.240 -0.230 -0.9338 -1.0298 12.03 
0.457 2 2 2 -4.0 -4.0 -0.218 -0.213 -0.8366 -1.0567 12.03 
0.458 2 2 2 -4.0 -4.0 -0.223 -0.240 -0.8924 -1.0298 12.03 
0.459 2 2 2 -4.0 -4.0 -0.217 -0.236 -0.8543 -1.0567 12.03 
0.460 2 2 2 -4.0 -4.0 -0.227 -0.225 -0.9125 -1.0567 12.03 
0.461 2 2 2 -4.0 -4.0 -0.234 -0.225 -0.8924 -1.0567 12.03 
0.462 2 2 2 -4.0 -4.0 -0.252 -0.220 -0.8924 -1.0567 12.03 
0.463 2 2 2 -4.0 -4.0 -0.229 -0.227 -0.9338 -1.0852 12.03 
0.464 2 2 2 -4.0 -4.0 -0.228 -0.257 -0.8924 -1.0298 12.02 
0.465 2 2 2 -4.0 -4.0 -0.217 -0.242 -0.8727 -1.0567 12.02 
0.466 2 2 2 -4.0 -4.0 -0.218 -0.204 -0.8924 -1.0567 12.03 
0.467 2 2 2 -4.0 -4.0 -0.211 -0.219 -0.9125 -1.0567 12.03 
0.468 2 2 2 -4.0 -4.0 -0.192 -0.231 -0.9338 -1.0567 12.03 
0.469 2 2 2 -4.0 -4.0 -0.200 -0.209 -0.9338 -1.0852 12.03 
0.470 2 2 2 -4.0 -4.0 -0.235 -0.238 -0.9338 -1.0852 12.03 
0.471 2 2 2 -4.0 -4.0 -0.215 -0.223 -0.9338 -1.0852 12.03 
0.472 2 2 2 -4.0 -4.0 -0.218 -0.198 -0.9559 -1.0567 12.03 
0.473 2 2 2 -4.0 -4.0 -0.179 -0.203 -0.9559 -1.1153 12.03 
0.474 2 2 2 -4.0 -4.0 -0.138 -0.217 -0.8543 -1.1153 12.03 
0.475 2 2 2 -4.0 -4.0 -0.134 -0.134 -0.9338 -1.1153 11.99 
0.476 2 2 2 -4.0 -4.0 -0.166 -0.209 -0.9338 -1.1153 12.02 
0.477 2 2 2 -4.0 -4.0 -0.134 -0.266 -0.9125 -1.1153 12.03 
0.478 2 2 2 -4.0 -4.0 -0.056 -0.266 -0.8924 -1.1153 12.03 
0.479 2 2 2 -4.0 -4.0 -0.093 -0.223 -0.9559 -1.1153 12.03 
0.480 2 2 2 -4.0 -4.0 -0.140 -0.195 -0.9796 -1.1153 12.03 
0.481 2 2 2 -4.0 -4.0 -0.159 -0.183 -0.9796 -1.1153 12.03 
0.482 2 2 2 -4.0 -4.0 -0.167 -0.209 -1.0041 -1.1474 12.03 
0.483 2 2 2 -4.0 -4.0 -0.177 -0.200 -0.9559 -1.1153 12.03 
0.484 2 2 2 -4.0 -4.0 -0.195 -0.179 -0.9796 -1.1153 12.03 
0.485 2 2 2 -4.0 -4.0 -0.187 -0.192 -0.9559 -1.1153 12.03 
0.486 2 2 2 -4.0 -4.0 -0.175 -0.191 -0.9796 -1.1153 12.03 
0.487 2 2 2 -4.0 -4.0 -0.187 -0.194 -1.0298 -1.1474 12.04 
0.488 2 2 2 -4.0 -4.0 -0.202 -0.220 -0.9796 -1.1153 12.04 
0.489 2 2 2 -4.0 -4.0 -0.232 -0.210 -1.0041 -1.1474 12.03 
0.490 2 2 2 -4.0 -4.0 -0.219 -0.176 -0.9796 -1.1474 12.03 
0.491 2 2 2 -4.0 -4.0 -0.188 -0.198 -1.0041 -1.1474 12.04 
0.492 2 2 2 -4.0 -4.0 -0.144 -0.178 -1.0298 -1.1474 12.03 
0.493 2 2 2 -4.0 -4.0 -0.126 -0.154 -0.9796 -1.1474 12.03 
0.494 2 2 2 -4.0 -4.0 -0.120 -0.186 -0.8727 -1.1474 12.04 
0.495 2 2 2 -4.0 -4.0 -0.138 -0.199 -0.8924 -1.1474 12.03 
0.496 2 2 2 -4.0 -4.0 -0.167 -0.172 -0.9559 -1.1153 12.03 
0.497 2 2 2 -4.0 -4.0 -0.160 -0.196 -1.0298 -1.1474 12.03 
0.498 2 2 2 -4.0 -4.0 -0.151 -0.194 -0.9559 -1.1474 12.03 
0.499 2 2 2 -4.0 -4.0 -0.167 -0.184 -0.9559 -1.1474 12.03 
0.500 2 2 2 -4.0 -4.0 -0.160 -0.186 -0.9338 -1.1474 12.03 
0.501 2 2 2 -4.0 -4.0 -0.140 -0.169 -0.9796 -1.1153 12.03 
0.502 2 2 2 -4.0 -4.0 -0.101 -0.161 -1.0041 -1.1474 12.03 
0.503 2 2 3 0.0 0.0 -0.097 -0.194 -0.9796 -1.1474 12.03 
0.504 2 2 3 0.0 0.0 -0.023 -0.097 -1.0041 -1.1812 12.04 
0.505 2 2 3 0.0 0.0 0.239 0.217 -0.9796 -1.1812 12.04 
0.506 2 2 3 0.0 0.0 0.440 0.449 -0.9796 -1.1474 12.04 
0.507 2 2 3 0.0 0.0 0.506 0.663 -1.0041 -1.0852 12.04 
0.508 2 2 3 0.0 0.0 0.597 0.820 -0.8924 -1.1153 12.04 
0.509 2 2 3 0.0 0.0 0.672 0.784 -0.9125 -1.0567 12.04 
0.510 2 2 3 0.0 0.0 0.604 0.753 -0.8543 -1.0041 12.04 
0.511 2 2 3 0.0 0.0 0.580 0.830 -0.8366 -1.0041 12.04 
0.512 2 2 3 0.0 0.0 0.617 0.802 -0.8032 -0.9796 12.04 
0.513 2 2 3 0.0 0.0 0.637 0.718 -0.8032 -0.9559 12.04 
0.514 2 2 3 0.0 0.0 0.572 0.758 -0.7434 -0.9338 12.04 
0.515 2 2 3 0.0 0.0 0.511 0.790 -0.7723 -0.8543 12.04 
0.516 2 2 3 0.0 0.0 0.535 0.705 -0.6474 -0.8032 12.04 
0.517 2 2 3 0.0 0.0 0.562 0.647 -0.6474 -0.7872 12.04 
0.518 2 2 3 0.0 0.0 0.570 0.707 -0.6474 -0.7575 12.04 
0.519 2 2 3 0.0 0.0 0.472 0.710 -0.6374 -0.7302 12.04 
0.520 2 2 3 0.0 0.0 0.443 0.706 -0.6804 -0.6804 12.04 
0.521 2 2 3 0.0 0.0 0.461 0.590 -0.6085 -0.6924 12.04 
0.522 2 2 3 0.0 0.0 0.473 0.578 -0.5020 -0.6583 12.04 
0.523 2 2 3 0.0 0.0 0.465 0.602 -0.5820 -0.6273 12.04 
0.524 2 2 3 0.0 0.0 0.425 0.600 -0.5498 -0.6085 12.04 
0.525 2 2 3 0.0 0.0 0.371 0.571 -0.5281 -0.5992 12.04 
0.526 2 2 3 0.0 0.0 0.372 0.495 -0.5213 -0.5575 12.04 
0.527 2 2 3 0.0 0.0 0.387 0.476 -0.4896 -0.5655 12.04 
0.528 2 2 3 0.0 0.0 0.395 0.502 -0.4779 -0.5498 12.04 
0.529 2 2 3 0.0 0.0 0.382 0.516 -0.3860 -0.5354 12.04 
0.530 2 2 3 0.0 0.0 0.364 0.502 -0.4362 -0.5081 12.04 
0.531 2 2 3 0.0 0.0 0.307 0.473 -0.3976 -0.4896 12.04 
0.532 2 2 3 0.0 0.0 0.264 0.383 -0.4056 -0.4562 12.04 
0.533 2 2 3 0.0 0.0 0.270 0.375 -0.3683 -0.4562 12.04 
0.534 2 2 3 0.0 0.0 0.284 0.395 -0.4056 -0.4510 12.04 
0.535 2 2 3 0.0 0.0 0.294 0.410 -0.3462 -0.4317 12.04 
0.536 2 2 3 0.0 0.0 0.296 0.415 -0.3522 -0.3430 12.04 
0.537 2 2 3 0.0 0.0 0.292 0.421 -0.3161 -0.3787 12.04 
0.538 2 2 3 0.0 0.0 0.280 0.394 -0.3040 -0.3976 12.04 
0.539 2 2 3 0.0 0.0 0.261 0.375 -0.3683 -0.3490 12.04 
0.540 2 2 3 0.0 0.0 0.242 0.328 -0.2675 -0.3490 12.04 
0.541 2 2 3 0.0 0.0 0.191 0.299 -0.2675 -0.2972 12.04 
0.542 2 2 3 0.0 0.0 0.189 0.280 -0.2868 -0.3185 12.04 
0.543 2 2 3 0.0 0.0 0.192 0.287 -0.2590 -0.2928 12.04 
0.544 2 2 3 0.0 0.0 0.193 0.295 -0.3040 -0.2928 12.04 
0.545 2 2 3 0.0 0.0 0.187 0.297 -0.3040 -0.2747 12.04 
0.546 2 2 3 0.0 0.0 0.197 0.289 -0.2205 -0.2446 12.04 
0.547 2 2 3 0.0 0.0 0.197 0.269 -0.2205 -0.2446 12.04 
0.548 2 2 3 0.0 0.0 0.185 0.254 -0.2253 -0.2374 12.04 
0.549 2 2 3 0.0 0.0 0.179 0.237 -0.2253 -0.2374 12.04 
0.550 2 2 3 0.0 0.0 0.166 0.210 -0.1892 -0.2113 12.04 
0.551 2 2 3 0.0 0.0 0.162 0.191 -0.1892 -0.2113 12.04 
0.552 2 2 3 0.0 0.0 0.149 0.187 -0.2281 -0.2088 12.04 
0.553 2 2 3 0.0 0.0 0.144 0.171 -0.2281 -0.2088 12.04 
0.554 2 2 3 0.0 0.0 0.124 0.157 -0.1767 -0.1807 12.04 
0.555 2 2 3 0.0 0.0 0.111 0.152 -0.1767 -0.1807 12.04 
0.556 2 2 3 0.0 0.0 0.118 0.166 -0.1723 -0.1767 12.04 
0.557 2 2 3 0.0 0.0 0.121 0.167 -0.1723 -0.1767 12.04 
0.558 2 2 3 0.0 0.0 0.115 0.158 -0.1723 -0.1767 12.04 
0.559 2 2 3 0.0 0.0 0.117 0.140 -0.1357 -0.1498 12.04 
0.560 2 2 3 0.0 0.0 0.113 0.154 -0.1357 -0.1498 12.04 
0.561 2 2 3 0.0 0.0 0.108 0.134 -0.1357 -0.1498 12.04 
0.562 2 2 3 0.0 0.0 0.095 0.156 -0.1631 -0.1317 12.04 
0.563 2 2 3 0.0 0.0 0.094 0.132 -0.1631 -0.1317 12.04 
0.564 2 2 3 0.0 0.0 0.097 0.118 -0.1542 -0.1317 12.04 
0.565 2 2 3 0.0 0.0 0.089 0.107 -0.1125 -0.1201 12.04 
0.566 2 2 3 0.0 0.0 0.080 0.115 -0.1125 -0.0988 12.04 
0.567 2 2 3 0.0 0.0 0.082 0.121 -0.1125 -0.0988 12.04 
0.568 2 2 3 0.0 0.0 0.078 0.114 -0.1125 -0.0988 12.04 
0.569 2 2 3 0.0 0.0 0.074 0.117 -0.0996 -0.0988 12.03 
0.570 2 2 3 0.0 0.0 0.067 0.107 -0.0980 -0.0936 12.04 
0.571 2 2 3 0.0 0.0 0.065 0.095 -0.0980 -0.0863 12.04 
0.572 2 2 3 0.0 0.0 0.060 0.074 -0.0980 -0.0863 12.04 
0.573 2 2 3 0.0 0.0 0.054 0.061 -0.0980 -0.0863 12.04 
0.574 2 2 3 0.0 0.0 0.045 0.045 -0.0811 -0.0863 12.04 
0.575 2 2 3 0.0 0.0 0.047 0.053 -0.0707 -0.0863 12.04 
0.576 2 2 3 0.0 0.0 0.049 0.055 -0.0707 -0.0707 12.04 
0.577 2 2 3 0.0 0.0 0.052 0.050 -0.0707 -0.0619 12.04 
0.578 2 2 3 0.0 0.0 0.051 0.049 -0.0707 -0.0619 12.04 
0.579 2 2 3 0.0 0.0 0.042 0.055 -0.0707 -0.0619 12.04 
0.580 2 2 3 0.0 0.0 0.074 0.014 -0.0707 -0.0619 12.04 
0.581 2 2 3 0.0 0.0 0.109 -0.028 -0.0639 -0.0619 12.04 
0.582 2 2 3 0.0 0.0 0.056 0.015 -0.0614 -0.0619 12.04 
0.583 2 2 3 0.0 0.0 0.035 0.033 -0.0614 -0.0619 12.04 
0.584 2 2 3 0.0 0.0 0.026 0.044 -0.0614 -0.0558 12.04 
0.585 2 2 3 0.0 0.0 0.024 0.039 -0.0614 -0.0490 12.04 
0.586 2 2 3 0.0 0.0 0.020 0.040 -0.0614 -0.0450 12.04 
0.587 2 2 3 0.0 0.0 0.014 0.039 -0.0614 -0.0450 12.04 
0.588 2 2 3 0.0 0.0 0.010 0.038 -0.0590 -0.0450 12.04 
0.589 2 2 3 0.0 0.0 0.014 0.028 -0.0514 -0.0450 12.04 
0.590 2 2 3 0.0 0.0 0.014 0.028 -0.0458 -0.0450 12.04 
0.591 2 2 3 0.0 0.0 0.015 0.023 -0.0410 -0.0450 12.04 
0.592 2 2 3 0.0 0.0 0.013 0.028 -0.0369 -0.0450 12.04 
0.593 2 2 3 0.0 0.0 0.009 0.027 -0.0341 -0.0450 12.04 
0.594 2 2 3 0.0 0.0 0.014 0.023 -0.0313 -0.0450 12.04 
0.595 2 2 3 0.0 0.0 0.005 0.016 -0.0289 -0.0430 12.04 
0.596 2 2 3 0.0 0.0 0.009 0.008 -0.0269 -0.0386 12.04 
0.597 2 2 3 0.0 0.0 0.018 0.009 -0.0253 -0.0353 12.04 
0.598 2 2 3 0.0 0.0 0.003 0.014 -0.0237 -0.0325 12.04 
0.599 2 2 3 0.0 0.0 0.008 0.012 -0.0225 -0.0301 12.04 
0.600 2 2 3 0.0 0.0 0.012 0.000 -0.0213 -0.0277 12.04 
0.601 2 2 3 0.0 0.0 0.003 -0.001 -0.0201 -0.0261 12.04 
0.602 2 2 3 0.0 0.0 0.004 -0.004 -0.0193 -0.0245 12.04 
0.603 2 2 3 0.0 0.0 0.006 0.004 -0.0181 -0.0229 12.04 
0.604 2 2 3 0.0 0.0 0.010 0.004 -0.0173 -0.0217 12.04 
0.605 2 2 3 0.0 0.0 0.006 0.005 -0.0169 -0.0205 12.04 
0.606 2 2 3 0.0 0.0 0.000 0.009 -0.0161 -0.0197 12.04 
0.607 2 2 3 0.0 0.0 -0.001 0.013 -0.0153 -0.0185 12.04 
0.608 2 2 3 0.0 0.0 -0.005 0.009 -0.0149 -0.0177 12.04 
0.609 2 2 3 0.0 0.0 -0.011 0.006 -0.0145 -0.0169 12.04 
0.610 2 2 3 0.0 0.0 -0.007 0.008 -0.0137 -0.0165 12.04 
0.611 2 2 3 0.0 0.0 -0.001 0.011 -0.0133 -0.0157 12.04 
0.612 2 2 3 0.0 0.0 -0.007 0.011 -0.0129 -0.0153 12.04 
0.613 2 2 3 0.0 0.0 -0.006 0.005 -0.0125 -0.0145 12.04 
0.614 2 2 3 0.0 0.0 -0.001 0.000 -0.0120 -0.0141 12.04 
0.615 2 2 3 0.0 0.0 -0.001 -0.006 -0.0116 -0.0137 12.04 
0.616 2 2 3 0.0 0.0 -0.005 0.004 -0.0112 -0.0129 12.04 
0.617 2 2 3 0.0 0.0 -0.005 -0.001 -0.0108 -0.0125 12.04 
0.618 2 2 3 0.0 0.0 -0.002 -0.001 -0.0108 -0.0120 12.04 
0.619 2 2 3 0.0 0.0 -0.002 -0.006 -0.0104 -0.0120 12.04 
0.620 2 2 3 0.0 0.0 -0.002 -0.009 -0.0100 -0.0116 12.04 
0.621 2 2 3 0.0 0.0 -0.002 -0.012 -0.0100 -0.0112 12.04 
0.622 2 2 3 0.0 0.0 -0.006 -0.011 -0.0096 -0.0108 12.04 
0.623 2 2 3 0.0 0.0 -0.001 -0.002 -0.0092 -0.0104 12.04 
0.624 2 2 3 0.0 0.0 -0.004 -0.005 -0.0092 -0.0104 12.04 
0.625 2 2 3 0.0 0.0 -0.005 -0.006 -0.0088 -0.0100 12.04 
0.626 2 2 3 0.0 0.0 -0.005 -0.003 -0.0088 -0.0096 12.04 
0.627 2 2 3 0.0 0.0 -0.001 -0.000 -0.0084 -0.0096 12.04 
0.628 2 2 3 0.0 0.0 -0.004 0.008 -0.0084 -0.0092 12.04 
0.629 2 2 3 0.0 0.0 -0.010 0.006 -0.0080 -0.0092 12.04 
0.630 2 2 3 0.0 0.0 -0.003 0.019 -0.0080 -0.0088 12.04 
0.631 2 2 3 0.0 0.0 -0.001 0.003 -0.0080 -0.0088 12.04 
0.632 2 2 3 0.0 0.0 -0.003 -0.006 -0.0076 -0.0084 12.04 
0.633 2 2 3 0.0 0.0 -0.004 0.004 -0.0076 -0.0084 12.04 
0.634 2 2 3 0.0 0.0 -0.007 0.006 -0.0072 -0.0080 12.04 
0.635 2 2 3 0.0 0.0 -0.003 0.003 -0.0072 -0.0080 12.04 
0.636 2 2 3 0.0 0.0 -0.001 0.012 -0.0072 -0.0076 12.04 
0.637 2 2 3 0.0 0.0 -0.005 0.008 -0.0068 -0.0076 12.04 
0.638 2 2 3 0.0 0.0 -0.001 0.010 -0.0068 -0.0076 12.04 
0.639 2 2 3 0.0 0.0 0.000 0.013 -0.0068 -0.0072 12.04 
0.640 2 2 3 0.0 0.0 0.000 0.015 -0.0068 -0.0072 12.04 
0.641 2 2 3 0.0 0.0 -0.009 0.014 -0.0064 -0.0072 12.04 
0.642 2 2 3 0.0 0.0 -0.010 0.004 -0.0064 -0.0068 12.04 
0.643 2 2 3 0.0 0.0 -0.010 0.012 -0.0064 -0.0068 12.04 
0.644 2 2 3 0.0 0.0 -0.006 0.014 -0.0060 -0.0068 12.04 
0.645 2 2 3 0.0 0.0 -0.013 0.008 -0.0060 -0.0064 12.04 
0.646 2 2 3 0.0 0.0 -0.005 0.006 -0.0060 -0.0064 12.04 
0.647 2 2 3 0.0 0.0 -0.006 -0.004 -0.0060 -0.0064 12.04 
0.648 2 2 3 0.0 0.0 0.000 -0.003 -0.0056 -0.0064 12.04 
0.649 2 2 3 0.0 0.0 -0.003 -0.000 -0.0056 -0.0060 12.04 
0.650 2 2 3 0.0 0.0 0.002 0.001 -0.0056 -0.0060 12.04 
0.651 2 2 3 0.0 0.0 0.000 -0.008 -0.0056 -0.0060 12.04 
0.652 2 2 3 0.0 0.0 -0.003 -0.009 -0.0056 -0.0060 12.04 
0.653 2 2 3 0.0 0.0 -0.004 -0.004 -0.0052 -0.0056 12.04 
0.654 2 2 3 0.0 0.0 -0.003 0.010 -0.0052 -0.0056 12.04 
0.655 2 2 3 0.0 0.0 -0.002 0.009 -0.0052 -0.0056 12.04 
0.656 2 2 3 0.0 0.0 0.000 0.012 -0.0052 -0.0056 12.04 
0.657 2 2 3 0.0 0.0 -0.001 0.012 -0.0052 -0.0056 12.04 
0.658 2 2 3 0.0 0.0 -0.011 0.009 -0.0052 -0.0052 12.04 
0.659 2 2 3 0.0 0.0 -0.005 0.008 -0.0048 -0.0052 12.04 
0.660 2 2 3 0.0 0.0 -0.009 0.010 -0.0048 -0.0052 12.04 
0.661 2 2 3 0.0 0.0 -0.002 0.013 -0.0048 -0.0052 12.04 
0.662 2 2 3 0.0 0.0 -0.004 0.008 -0.0048 -0.0052 12.04 
0.663 2 2 3 0.0 0.0 -0.004 0.014 -0.0048 -0.0048 12.04 
0.664 2 2 3 0.0 0.0 0.002 0.016 -0.0048 -0.0048 12.05 
0.665 2 2 3 0.0 0.0 -0.005 0.009 -0.0044 -0.0048 12.04 
