%% logfile from robot Silje (50)
% Silje (50)
%  1    time 0.000 sec
%  2  3  4   (mission 0), state 2, thread 2, line 0
%  5  6 Motor voltage [V] left, right: 2.0 2.0
%  7  8 Motor current left, right [A]: 0.021 0.027
%  9 10 Wheel velocity [m/s] left, right: 0.0000 0.0000
% 11    Battery voltage [V]: 11.12
0.001 2 2 0 2.0 2.0 0.085 0.034 0.0000 0.0000 11.12 
0.002 2 2 0 2.0 2.0 0.335 0.243 0.0000 0.0000 11.11 
0.003 2 2 0 2.0 2.0 0.428 0.417 0.0000 0.0000 11.11 
0.004 2 2 0 2.0 2.0 0.481 0.471 0.0000 0.0000 11.10 
0.005 2 2 0 2.0 2.0 0.531 0.524 0.0000 0.0000 11.10 
0.006 2 2 0 2.0 2.0 0.533 0.556 0.0000 0.0000 11.10 
0.007 2 2 0 2.0 2.0 0.538 0.524 0.0000 0.0000 11.11 
0.008 2 2 0 2.0 2.0 0.554 0.618 0.0000 0.0000 11.11 
0.009 2 2 0 2.0 2.0 0.521 0.575 0.0000 0.0000 11.11 
0.010 2 2 0 2.0 2.0 0.515 0.472 0.0707 0.1004 11.11 
0.011 2 2 0 2.0 2.0 0.500 0.414 0.0707 0.1004 11.11 
0.012 2 2 0 2.0 2.0 0.474 0.447 0.1550 0.1735 11.12 
0.013 2 2 0 2.0 2.0 0.476 0.464 0.1550 0.1735 11.11 
0.014 2 2 0 2.0 2.0 0.447 0.403 0.1550 0.1735 11.12 
0.015 2 2 0 2.0 2.0 0.463 0.513 0.1554 0.1856 11.12 
0.016 2 2 0 2.0 2.0 0.439 0.377 0.1554 0.2133 11.12 
0.017 2 2 0 2.0 2.0 0.416 0.418 0.1847 0.2133 11.09 
0.018 2 2 0 2.0 2.0 0.427 0.315 0.1847 0.1940 11.11 
0.019 2 2 0 2.0 2.0 0.409 0.312 0.1948 0.1498 11.11 
0.020 2 2 0 2.0 2.0 0.370 0.481 0.1948 0.1498 11.11 
0.021 2 2 0 2.0 2.0 0.356 0.368 0.2675 0.2510 11.12 
0.022 2 2 0 2.0 2.0 0.379 0.302 0.2217 0.3064 11.12 
0.023 2 2 0 2.0 2.0 0.355 0.301 0.2217 0.2848 11.10 
0.024 2 2 0 2.0 2.0 0.347 0.291 0.2695 0.2848 11.11 
0.025 2 2 0 2.0 2.0 0.348 0.409 0.2675 0.2036 11.11 
0.026 2 2 0 2.0 2.0 0.325 0.321 0.2675 0.2036 11.12 
0.027 2 2 0 2.0 2.0 0.320 0.438 0.3346 0.3113 11.12 
0.028 2 2 0 2.0 2.0 0.317 0.373 0.2607 0.3161 11.12 
0.029 2 2 0 2.0 2.0 0.318 0.338 0.3113 0.3402 11.12 
0.030 2 2 0 2.0 2.0 0.307 0.316 0.3113 0.2952 11.11 
0.031 2 2 0 2.0 2.0 0.302 0.270 0.2996 0.2510 11.11 
0.032 2 2 0 2.0 2.0 0.294 0.273 0.3787 0.3490 11.11 
0.033 2 2 0 2.0 2.0 0.318 0.450 0.3113 0.3317 11.11 
0.034 2 2 0 2.0 2.0 0.340 0.308 0.3490 0.3651 11.11 
0.035 2 2 0 2.0 2.0 0.282 0.262 0.3462 0.3088 11.11 
0.036 2 2 0 2.0 2.0 0.275 0.245 0.3289 0.2827 11.12 
0.037 2 2 0 2.0 2.0 0.270 0.263 0.3683 0.3787 11.12 
0.038 2 2 0 2.0 2.0 0.275 0.278 0.3040 0.3402 11.11 
0.039 2 2 0 2.0 2.0 0.275 0.362 0.3715 0.4016 11.11 
0.040 2 2 0 2.0 2.0 0.249 0.273 0.3896 0.3137 11.11 
0.041 2 2 0 2.0 2.0 0.269 0.274 0.4181 0.3976 11.11 
0.042 2 2 0 2.0 2.0 0.283 0.270 0.3113 0.3317 11.11 
0.043 2 2 0 2.0 2.0 0.258 0.246 0.3976 0.3715 11.11 
0.044 2 2 0 2.0 2.0 0.243 0.403 0.4181 0.3402 11.11 
0.045 2 2 0 2.0 2.0 0.241 0.293 0.4410 0.3787 11.12 
0.046 2 2 0 2.0 2.0 0.237 0.255 0.3213 0.3787 11.12 
0.047 2 2 0 2.0 2.0 0.210 0.264 0.3651 0.4137 11.11 
0.048 2 2 0 2.0 2.0 0.223 0.242 0.3860 0.3787 11.12 
0.049 2 2 0 2.0 2.0 0.213 0.322 0.4410 0.4097 11.11 
0.050 2 2 0 2.0 2.0 0.221 0.281 0.4225 0.3860 11.11 
0.051 2 2 0 2.0 2.0 0.233 0.312 0.4317 0.4181 11.12 
0.052 2 2 0 2.0 2.0 0.214 0.241 0.4779 0.3289 11.12 
0.053 2 2 0 2.0 2.0 0.231 0.236 0.3823 0.3787 11.11 
0.054 2 2 0 2.0 2.0 0.201 0.188 0.4137 0.4016 11.12 
0.055 2 2 0 2.0 2.0 0.177 0.205 0.4137 0.4362 11.11 
0.056 2 2 0 2.0 2.0 0.203 0.301 0.4667 0.3317 11.11 
0.057 2 2 0 2.0 2.0 0.226 0.349 0.4462 0.3896 11.12 
0.058 2 2 0 2.0 2.0 0.195 0.216 0.4562 0.4269 11.10 
0.059 2 2 0 2.0 2.0 0.185 0.142 0.4410 0.4462 11.11 
0.060 2 2 0 2.0 2.0 0.190 0.130 0.4462 0.3289 11.11 
0.061 2 2 0 2.0 2.0 0.177 0.150 0.4667 0.3860 11.11 
0.062 2 2 0 2.0 2.0 0.157 0.204 0.4615 0.4056 11.11 
0.063 2 2 0 2.0 2.0 0.161 0.225 0.5020 0.4462 11.12 
0.064 2 2 0 2.0 2.0 0.196 0.288 0.4723 0.3715 11.11 
0.065 2 2 0 2.0 2.0 0.180 0.266 0.4836 0.4225 11.12 
0.066 2 2 0 2.0 2.0 0.191 0.195 0.5213 0.4615 11.12 
0.067 2 2 0 2.0 2.0 0.164 0.172 0.4896 0.4462 11.11 
0.068 2 2 0 2.0 2.0 0.174 0.179 0.4956 0.4723 11.11 
0.069 2 2 0 2.0 2.0 0.159 0.303 0.4779 0.4667 11.12 
0.070 2 2 0 2.0 2.0 0.169 0.218 0.4836 0.4896 11.12 
0.071 2 2 0 2.0 2.0 0.188 0.160 0.5020 0.3265 11.12 
0.072 2 2 0 2.0 2.0 0.169 0.108 0.4956 0.3976 11.12 
0.073 2 2 0 2.0 2.0 0.144 0.206 0.4896 0.4896 11.12 
0.074 2 2 0 2.0 2.0 0.139 0.219 0.5081 0.3651 11.12 
0.075 2 2 0 2.0 2.0 0.140 0.279 0.4956 0.4137 11.11 
0.076 2 2 0 2.0 2.0 0.142 0.219 0.5498 0.4462 11.11 
0.077 2 2 0 2.0 2.0 0.168 0.202 0.5149 0.4779 11.12 
0.078 2 2 0 2.0 2.0 0.157 0.187 0.5020 0.3751 11.11 
0.079 2 2 0 2.0 2.0 0.150 0.240 0.5498 0.4317 11.12 
0.080 2 2 0 2.0 2.0 0.144 0.323 0.4896 0.4896 11.12 
0.081 2 2 0 2.0 2.0 0.122 0.184 0.5354 0.3976 11.12 
0.082 2 2 0 2.0 2.0 0.130 0.164 0.5735 0.4510 11.12 
0.083 2 2 0 2.0 2.0 0.150 0.128 0.4896 0.4562 11.11 
0.084 2 2 0 2.0 2.0 0.161 0.174 0.5426 0.4956 11.07 
0.085 2 2 0 2.0 2.0 0.157 0.167 0.5820 0.4562 11.10 
0.086 2 2 0 2.0 2.0 0.124 0.217 0.4896 0.4667 11.11 
0.087 2 2 0 2.0 2.0 0.105 0.137 0.5149 0.5020 11.12 
0.088 2 2 0 2.0 2.0 0.127 0.104 0.5735 0.4667 11.11 
0.089 2 2 0 2.0 2.0 0.140 0.115 0.5426 0.5020 11.11 
0.090 2 2 0 2.0 2.0 0.140 0.278 0.5575 0.5213 11.11 
0.091 2 2 0 2.0 2.0 0.128 0.240 0.5992 0.4956 11.11 
0.092 2 2 0 2.0 2.0 0.140 0.194 0.5281 0.5213 11.12 
0.093 2 2 0 2.0 2.0 0.134 0.167 0.5281 0.4836 11.12 
0.094 2 2 0 2.0 2.0 0.135 0.135 0.5820 0.4779 11.12 
0.095 2 2 0 2.0 2.0 0.164 0.100 0.5498 0.4462 11.11 
0.096 2 2 0 2.0 2.0 0.138 0.198 0.5354 0.4723 11.12 
0.097 2 2 0 2.0 2.0 0.131 0.176 0.5820 0.5081 11.12 
0.098 2 2 0 2.0 2.0 0.116 0.156 0.5498 0.3860 11.12 
0.099 2 2 0 2.0 2.0 0.098 0.125 0.5354 0.4510 11.12 
0.100 2 2 0 2.0 2.0 0.111 0.116 0.5820 0.5281 11.11 
0.101 2 2 0 2.0 2.0 0.136 0.119 0.5498 0.3896 11.09 
0.102 2 2 0 2.0 2.0 0.148 0.105 0.5426 0.4562 11.09 
0.103 2 2 0 2.0 2.0 0.116 0.129 0.5426 0.4723 11.11 
0.104 2 2 0 2.0 2.0 0.128 0.173 0.5575 0.4723 11.11 
0.105 2 2 0 2.0 2.0 0.099 0.190 0.5354 0.5149 11.10 
0.106 2 2 0 2.0 2.0 0.117 0.137 0.5426 0.5020 11.11 
0.107 2 2 0 2.0 2.0 0.155 0.125 0.5575 0.4956 11.12 
0.108 2 2 0 2.0 2.0 0.134 0.114 0.5498 0.5426 11.11 
0.109 2 2 0 2.0 2.0 0.118 0.110 0.5498 0.5281 11.10 
0.110 2 2 0 2.0 2.0 0.101 0.146 0.5575 0.4956 11.11 
0.111 2 2 0 2.0 2.0 0.085 0.120 0.5992 0.4562 11.10 
0.112 2 2 0 2.0 2.0 0.116 0.094 0.5655 0.5426 11.11 
0.113 2 2 0 2.0 2.0 0.138 0.099 0.5735 0.5498 11.11 
0.114 2 2 0 2.0 2.0 0.130 0.110 0.6085 0.4667 11.11 
0.115 2 2 0 2.0 2.0 0.110 0.114 0.5426 0.5081 11.07 
0.116 2 2 0 2.0 2.0 0.090 0.122 0.5904 0.5498 11.10 
0.117 2 2 0 2.0 2.0 0.105 0.110 0.6273 0.4836 11.12 
0.118 2 2 0 2.0 2.0 0.117 0.095 0.5281 0.5354 11.12 
0.119 2 2 0 2.0 2.0 0.133 0.105 0.5904 0.5655 11.12 
0.120 2 2 0 2.0 2.0 0.108 0.108 0.5992 0.4956 11.11 
0.121 2 2 0 2.0 2.0 0.085 0.100 0.5498 0.5149 11.10 
0.122 2 2 0 2.0 2.0 0.108 0.121 0.5575 0.5498 11.12 
0.123 2 2 0 2.0 2.0 0.109 0.148 0.5820 0.5020 11.12 
0.124 2 2 0 2.0 2.0 0.109 0.148 0.5820 0.4779 11.10 
0.125 2 2 0 2.0 2.0 0.121 0.082 0.6374 0.5426 11.11 
0.126 2 2 0 2.0 2.0 0.092 0.065 0.5655 0.5020 11.12 
0.127 2 2 0 2.0 2.0 0.085 0.089 0.5820 0.5426 11.08 
0.128 2 2 0 2.0 2.0 0.100 0.134 0.6177 0.5575 11.09 
0.129 2 2 0 2.0 2.0 0.138 0.121 0.5904 0.5281 11.09 
0.130 2 2 0 2.0 2.0 0.113 0.087 0.5735 0.5354 11.10 
0.131 2 2 0 2.0 2.0 0.104 0.072 0.6273 0.5655 11.11 
0.132 2 2 0 2.0 2.0 0.101 0.076 0.5904 0.4836 11.11 
0.133 2 2 0 2.0 2.0 0.090 0.105 0.5820 0.5354 11.12 
0.134 2 2 0 2.0 2.0 0.097 0.106 0.5904 0.5735 11.12 
0.135 2 2 0 2.0 2.0 0.117 0.121 0.5992 0.4896 11.11 
0.136 2 2 0 2.0 2.0 0.106 0.068 0.6374 0.5735 11.11 
0.137 2 2 0 2.0 2.0 0.098 0.059 0.5904 0.5904 11.11 
0.138 2 2 0 2.0 2.0 0.093 0.058 0.5735 0.4956 11.12 
0.139 2 2 0 2.0 2.0 0.075 0.071 0.6273 0.5426 11.09 
0.140 2 2 0 2.0 2.0 0.089 0.122 0.5904 0.5820 11.10 
0.141 2 2 0 2.0 2.0 0.135 0.130 0.5904 0.5213 11.10 
0.142 2 2 0 2.0 2.0 0.089 0.089 0.5820 0.5426 11.11 
0.143 2 2 0 2.0 2.0 0.057 0.084 0.5904 0.5820 11.11 
0.144 2 2 0 2.0 2.0 0.066 0.067 0.6374 0.5820 11.10 
0.145 2 2 0 2.0 2.0 0.104 0.060 0.5992 0.5655 11.10 
0.146 2 2 0 2.0 2.0 0.112 0.091 0.5904 0.5904 11.11 
0.147 2 2 0 2.0 2.0 0.116 0.047 0.6374 0.4836 11.11 
0.148 2 2 0 2.0 2.0 0.088 0.063 0.5655 0.6177 11.12 
0.149 2 2 0 2.0 2.0 0.073 0.061 0.6177 0.5081 11.12 
0.150 2 2 0 2.0 2.0 0.104 0.046 0.5426 0.5575 11.11 
0.151 2 2 0 2.0 2.0 0.110 0.085 0.5820 0.5820 11.11 
0.152 2 2 0 2.0 2.0 0.096 0.126 0.6583 0.5281 11.10 
0.153 2 2 0 2.0 2.0 0.074 0.115 0.5498 0.5735 11.08 
0.154 2 2 0 2.0 2.0 0.089 0.100 0.5820 0.6085 11.10 
0.155 2 2 0 2.0 2.0 0.070 0.062 0.6474 0.5426 11.10 
0.156 2 2 0 2.0 2.0 0.103 0.095 0.6085 0.5820 11.10 
0.157 2 2 0 2.0 2.0 0.121 0.096 0.6085 0.6085 11.11 
0.158 2 2 0 2.0 2.0 0.095 0.058 0.6085 0.5498 11.11 
0.159 2 2 0 2.0 2.0 0.093 0.071 0.5904 0.5498 11.10 
0.160 2 2 0 2.0 2.0 0.080 0.076 0.5735 0.5992 11.11 
0.161 2 2 0 2.0 2.0 0.094 0.066 0.5992 0.5498 11.11 
0.162 2 2 0 2.0 2.0 0.100 0.063 0.6085 0.5655 11.08 
0.163 2 2 0 2.0 2.0 0.092 0.129 0.6374 0.6085 11.10 
0.164 2 2 0 2.0 2.0 0.106 0.082 0.5904 0.6085 11.10 
0.165 2 2 0 2.0 2.0 0.066 0.089 0.5904 0.5735 11.11 
0.166 2 2 0 2.0 2.0 0.078 0.098 0.6374 0.4779 11.11 
0.167 2 2 0 2.0 2.0 0.100 0.049 0.6085 0.5735 11.12 
0.168 2 2 0 2.0 2.0 0.095 0.087 0.5992 0.5735 11.11 
0.169 2 2 0 2.0 2.0 0.105 0.091 0.5992 0.5149 11.11 
0.170 2 2 0 2.0 2.0 0.077 0.070 0.6085 0.5735 11.11 
0.171 2 2 0 2.0 2.0 0.064 0.061 0.6374 0.6273 11.10 
0.172 2 2 0 2.0 2.0 0.081 0.054 0.5820 0.5213 11.10 
0.173 2 2 0 2.0 2.0 0.109 0.099 0.5904 0.5735 11.12 
0.174 2 2 0 2.0 2.0 0.078 0.108 0.6474 0.6085 11.11 
0.175 2 2 0 2.0 2.0 0.069 0.112 0.5992 0.5426 11.11 
0.176 2 2 0 2.0 2.0 0.068 0.110 0.5820 0.5655 11.11 
0.177 2 2 0 2.0 2.0 0.066 0.094 0.6085 0.6085 11.11 
0.178 2 2 0 2.0 2.0 0.109 0.074 0.6085 0.6085 11.11 
0.179 2 2 0 2.0 2.0 0.111 0.070 0.6474 0.5904 11.09 
0.180 2 2 0 2.0 2.0 0.081 0.061 0.5735 0.4896 11.11 
0.181 2 2 0 2.0 2.0 0.063 0.049 0.6177 0.5655 11.11 
0.182 2 2 0 2.0 2.0 0.077 0.057 0.6583 0.6474 11.10 
0.183 2 2 0 2.0 2.0 0.089 0.066 0.5904 0.5281 11.11 
0.184 2 2 0 2.0 2.0 0.091 0.049 0.6177 0.5820 11.11 
0.185 2 2 0 2.0 2.0 0.104 0.098 0.5575 0.6273 11.10 
0.186 2 2 0 2.0 2.0 0.062 0.102 0.5904 0.5426 11.09 
0.187 2 2 0 2.0 2.0 0.066 0.078 0.6474 0.5992 11.10 
0.188 2 2 0 2.0 2.0 0.100 0.053 0.6085 0.6273 11.10 
0.189 2 2 0 2.0 2.0 0.119 0.050 0.6273 0.5992 11.12 
0.190 2 2 0 2.0 2.0 0.078 0.050 0.6273 0.5820 11.11 
0.191 2 2 0 2.0 2.0 0.068 0.099 0.5992 0.5426 11.11 
0.192 2 2 0 2.0 2.0 0.060 0.110 0.5904 0.5992 11.12 
0.193 2 2 0 2.0 2.0 0.086 0.065 0.6085 0.5575 11.11 
0.194 2 2 0 2.0 2.0 0.092 0.057 0.6177 0.5498 11.11 
0.195 2 2 0 2.0 2.0 0.108 0.042 0.6374 0.5904 11.12 
0.196 2 2 0 2.0 2.0 0.072 0.126 0.5992 0.6085 11.11 
0.197 2 2 0 2.0 2.0 0.062 0.160 0.5992 0.5735 11.11 
0.198 2 2 0 2.0 2.0 0.074 0.094 0.6085 0.5820 11.10 
0.199 2 2 0 2.0 2.0 0.089 0.075 0.6177 0.6177 11.11 
0.200 2 2 0 2.0 2.0 0.092 0.042 0.6583 0.5281 11.12 
0.201 2 2 1 4.0 4.0 0.084 0.049 0.6177 0.5820 11.11 
0.202 2 2 1 4.0 4.0 0.165 0.148 0.5992 0.6177 11.11 
0.203 2 2 1 4.0 4.0 0.362 0.316 0.6474 0.5904 11.07 
0.204 2 2 1 4.0 4.0 0.456 0.430 0.6177 0.6273 11.08 
0.205 2 2 1 4.0 4.0 0.528 0.559 0.6177 0.5575 11.04 
0.206 2 2 1 4.0 4.0 0.570 0.612 0.6374 0.6273 11.06 
0.207 2 2 1 4.0 4.0 0.568 0.673 0.6474 0.6804 11.05 
0.208 2 2 1 4.0 4.0 0.583 0.599 0.7169 0.6804 11.06 
0.209 2 2 1 4.0 4.0 0.562 0.576 0.7044 0.6583 11.06 
0.210 2 2 1 4.0 4.0 0.536 0.544 0.7169 0.6924 11.07 
0.211 2 2 1 4.0 4.0 0.532 0.539 0.6924 0.7302 11.04 
0.212 2 2 1 4.0 4.0 0.531 0.457 0.7723 0.6374 11.06 
0.213 2 2 1 4.0 4.0 0.517 0.426 0.6804 0.7434 11.08 
0.214 2 2 1 4.0 4.0 0.497 0.460 0.7872 0.5992 11.08 
0.215 2 2 1 4.0 4.0 0.477 0.468 0.6924 0.7434 11.08 
0.216 2 2 1 4.0 4.0 0.464 0.513 0.7434 0.7302 11.06 
0.217 2 2 1 4.0 4.0 0.485 0.452 0.7723 0.7302 11.06 
0.218 2 2 1 4.0 4.0 0.461 0.431 0.8032 0.7872 11.07 
0.219 2 2 1 4.0 4.0 0.466 0.426 0.7723 0.7723 11.07 
0.220 2 2 1 4.0 4.0 0.436 0.425 0.7872 0.8032 11.08 
0.221 2 2 1 4.0 4.0 0.435 0.392 0.8193 0.7872 11.07 
0.222 2 2 1 4.0 4.0 0.415 0.364 0.8543 0.8193 11.07 
0.223 2 2 1 4.0 4.0 0.412 0.367 0.8366 0.8032 11.09 
0.224 2 2 1 4.0 4.0 0.377 0.493 0.8924 0.8193 11.09 
0.225 2 2 1 4.0 4.0 0.388 0.380 0.8924 0.8366 11.09 
0.226 2 2 1 4.0 4.0 0.383 0.368 0.9125 0.7723 11.08 
0.227 2 2 1 4.0 4.0 0.377 0.379 0.9125 0.8366 11.07 
0.228 2 2 1 4.0 4.0 0.375 0.326 0.9338 0.7723 11.08 
0.229 2 2 1 4.0 4.0 0.363 0.303 0.9338 0.9125 11.08 
0.230 2 2 1 4.0 4.0 0.344 0.305 0.9559 0.8543 11.09 
0.231 2 2 1 4.0 4.0 0.344 0.337 0.9796 0.9125 11.08 
0.232 2 2 1 4.0 4.0 0.355 0.313 0.9796 0.8924 11.08 
0.233 2 2 1 4.0 4.0 0.311 0.316 0.8924 0.9338 11.08 
0.234 2 2 1 4.0 4.0 0.314 0.294 0.9559 0.9559 11.08 
0.235 2 2 1 4.0 4.0 0.359 0.222 0.8727 0.8193 11.09 
0.236 2 2 1 4.0 4.0 0.327 0.196 1.0041 0.9796 11.09 
0.237 2 2 1 4.0 4.0 0.280 0.234 0.9125 0.8924 11.10 
0.238 2 2 1 4.0 4.0 0.273 0.270 1.0041 0.8924 11.10 
0.239 2 2 1 4.0 4.0 0.273 0.270 1.0298 0.9559 11.10 
0.240 2 2 1 4.0 4.0 0.279 0.245 1.0298 1.0041 11.10 
0.241 2 2 1 4.0 4.0 0.278 0.235 1.0567 1.0298 11.08 
0.242 2 2 1 4.0 4.0 0.262 0.240 1.0041 1.0041 11.10 
0.243 2 2 1 4.0 4.0 0.283 0.220 1.0298 0.9796 11.11 
0.244 2 2 1 4.0 4.0 0.258 0.282 1.0852 0.9796 11.10 
0.245 2 2 1 4.0 4.0 0.278 0.299 1.0567 1.0298 11.10 
0.246 2 2 1 4.0 4.0 0.261 0.284 1.0567 1.0298 11.08 
0.247 2 2 1 4.0 4.0 0.264 0.270 1.0852 0.9559 11.08 
0.248 2 2 1 4.0 4.0 0.291 0.175 1.0567 0.8924 11.09 
0.249 2 2 1 4.0 4.0 0.261 0.224 1.0852 1.0298 11.10 
0.250 2 2 1 4.0 4.0 0.242 0.205 1.0567 0.9559 11.10 
0.251 2 2 1 4.0 4.0 0.260 0.216 1.0852 0.9338 11.12 
0.252 2 2 1 4.0 4.0 0.231 0.224 0.9338 1.0567 11.10 
0.253 2 2 1 4.0 4.0 0.179 0.191 1.1153 1.0852 11.10 
0.254 2 2 1 4.0 4.0 0.233 0.206 1.0852 1.0298 11.10 
0.255 2 2 1 4.0 4.0 0.235 0.136 0.9796 1.0567 11.11 
0.256 2 2 1 4.0 4.0 0.156 0.154 1.0852 1.0567 11.12 
0.257 2 2 1 4.0 4.0 0.236 0.224 1.1153 1.1153 11.11 
0.258 2 2 1 4.0 4.0 0.183 0.217 1.1153 1.1153 11.11 
0.259 2 2 1 4.0 4.0 0.195 0.221 1.0852 1.1153 11.11 
0.260 2 2 1 4.0 4.0 0.246 0.209 1.1153 1.1474 11.11 
0.261 2 2 1 4.0 4.0 0.215 0.107 1.1153 1.0852 11.10 
0.262 2 2 1 4.0 4.0 0.177 0.097 1.1812 1.1153 11.11 
0.263 2 2 1 4.0 4.0 0.222 0.217 1.1474 1.1153 11.10 
0.264 2 2 1 4.0 4.0 0.177 0.196 1.1474 1.0852 11.11 
0.265 2 2 1 4.0 4.0 0.195 0.231 1.1812 1.0298 11.10 
0.266 2 2 1 4.0 4.0 0.223 0.193 1.1474 1.1153 11.11 
0.267 2 2 1 4.0 4.0 0.198 0.190 1.1474 1.1153 11.10 
0.268 2 2 1 4.0 4.0 0.174 0.122 1.2169 1.0567 11.10 
0.269 2 2 1 4.0 4.0 0.191 0.179 1.1474 1.1153 11.11 
0.270 2 2 1 4.0 4.0 0.150 0.203 1.1474 1.0852 11.10 
0.271 2 2 1 4.0 4.0 0.173 0.186 1.1474 1.1153 11.11 
0.272 2 2 1 4.0 4.0 0.207 0.213 1.2169 1.1812 11.11 
0.273 2 2 1 4.0 4.0 0.178 0.194 1.1474 1.1153 11.10 
0.274 2 2 1 4.0 4.0 0.177 0.112 1.1812 1.0567 11.10 
0.275 2 2 1 4.0 4.0 0.211 0.090 1.2169 1.1812 11.10 
0.276 2 2 1 4.0 4.0 0.196 0.146 1.1474 1.1474 11.10 
0.277 2 2 1 4.0 4.0 0.196 0.175 1.1812 1.1474 11.11 
0.278 2 2 1 4.0 4.0 0.173 0.180 1.1153 1.0567 11.09 
0.279 2 2 1 4.0 4.0 0.159 0.186 1.1812 1.1474 11.09 
0.280 2 2 1 4.0 4.0 0.166 0.155 1.1812 1.1812 11.10 
0.281 2 2 1 4.0 4.0 0.194 0.176 1.1812 1.1474 11.10 
0.282 2 2 1 4.0 4.0 0.135 0.083 1.2169 1.1812 11.12 
0.283 2 2 1 4.0 4.0 0.183 0.102 1.1812 1.1474 11.12 
0.284 2 2 1 4.0 4.0 0.153 0.165 1.1812 1.1153 11.12 
0.285 2 2 1 4.0 4.0 0.140 0.141 1.1812 1.2169 11.12 
0.286 2 2 1 4.0 4.0 0.168 0.096 1.2169 1.1474 11.12 
0.287 2 2 1 4.0 4.0 0.138 0.099 1.1474 1.1153 11.11 
0.288 2 2 1 4.0 4.0 0.166 0.154 1.1474 1.1812 11.11 
0.289 2 2 1 4.0 4.0 0.188 0.150 1.2551 1.1812 11.09 
0.290 2 2 1 4.0 4.0 0.149 0.174 1.1474 1.1474 11.10 
0.291 2 2 1 4.0 4.0 0.188 0.126 1.1812 1.1474 11.11 
0.292 2 2 1 4.0 4.0 0.208 0.148 1.1812 1.2169 11.11 
0.293 2 2 1 4.0 4.0 0.170 0.183 1.2169 1.1812 11.10 
0.294 2 2 1 4.0 4.0 0.160 0.103 1.1474 1.1474 11.11 
0.295 2 2 1 4.0 4.0 0.130 0.167 1.2169 1.2169 11.11 
0.296 2 2 1 4.0 4.0 0.108 0.179 1.2551 1.1474 11.11 
0.297 2 2 1 4.0 4.0 0.118 0.133 1.2169 1.1474 11.11 
0.298 2 2 1 4.0 4.0 0.125 0.194 1.2169 1.1812 11.11 
0.299 2 2 1 4.0 4.0 0.150 0.103 1.2169 1.1474 11.12 
0.300 2 2 1 4.0 4.0 0.144 0.084 1.2551 1.1474 11.11 
0.301 2 2 1 4.0 4.0 0.172 0.171 1.2169 1.1153 11.11 
0.302 2 2 1 4.0 4.0 0.161 0.122 1.2169 1.2551 11.12 
0.303 2 2 1 4.0 4.0 0.146 0.101 1.1812 1.1812 11.11 
0.304 2 2 1 4.0 4.0 0.120 0.110 1.2551 1.1474 11.10 
0.305 2 2 1 4.0 4.0 0.150 0.143 1.2169 1.2169 11.11 
0.306 2 2 1 4.0 4.0 0.137 0.164 1.1812 1.2169 11.11 
0.307 2 2 1 4.0 4.0 0.111 0.165 1.2169 1.1474 11.10 
0.308 2 2 1 4.0 4.0 0.146 0.140 1.2551 1.1474 11.11 
0.309 2 2 1 4.0 4.0 0.095 0.099 1.2169 1.2169 11.11 
0.310 2 2 1 4.0 4.0 0.128 0.140 1.2551 1.1812 11.10 
0.311 2 2 1 4.0 4.0 0.124 0.126 1.2551 1.1474 11.11 
0.312 2 2 1 4.0 4.0 0.120 0.149 1.2551 1.2169 11.12 
0.313 2 2 1 4.0 4.0 0.158 0.173 1.2169 1.1812 11.12 
0.314 2 2 1 4.0 4.0 0.138 0.136 1.2169 1.2169 11.11 
0.315 2 2 1 4.0 4.0 0.128 0.126 1.2169 1.1812 11.12 
0.316 2 2 1 4.0 4.0 0.180 0.145 1.2551 1.2169 11.11 
0.317 2 2 1 4.0 4.0 0.159 0.105 1.2169 1.1812 11.12 
0.318 2 2 1 4.0 4.0 0.162 0.096 1.2169 1.1153 11.11 
0.319 2 2 1 4.0 4.0 0.140 0.090 1.2169 1.2169 11.12 
0.320 2 2 1 4.0 4.0 0.144 0.118 1.2551 1.1812 11.12 
0.321 2 2 1 4.0 4.0 0.127 0.134 1.2169 1.1812 11.11 
0.322 2 2 1 4.0 4.0 0.117 0.110 1.1812 1.1153 11.11 
0.323 2 2 1 4.0 4.0 0.132 0.068 1.2952 1.2551 11.11 
0.324 2 2 1 4.0 4.0 0.123 0.147 1.2551 1.1812 11.12 
0.325 2 2 1 4.0 4.0 0.123 0.168 1.2551 1.1812 11.13 
0.326 2 2 1 4.0 4.0 0.117 0.132 1.2551 1.2952 11.12 
0.327 2 2 1 4.0 4.0 0.158 0.198 1.2551 1.2551 11.12 
0.328 2 2 1 4.0 4.0 0.112 0.167 1.2551 1.2169 11.12 
0.329 2 2 1 4.0 4.0 0.119 0.148 1.2551 1.1812 11.11 
0.330 2 2 1 4.0 4.0 0.126 0.174 1.2551 1.1812 11.10 
0.331 2 2 1 4.0 4.0 0.108 0.177 1.2551 1.2169 11.11 
0.332 2 2 1 4.0 4.0 0.166 0.268 1.2551 1.1812 11.12 
0.333 2 2 1 4.0 4.0 0.106 0.209 1.2551 1.2169 11.10 
0.334 2 2 1 4.0 4.0 0.114 0.191 1.2551 1.1812 11.11 
0.335 2 2 1 4.0 4.0 0.132 0.152 1.2169 1.1812 11.12 
0.336 2 2 1 4.0 4.0 0.121 0.109 1.3386 1.0567 11.12 
0.337 2 2 1 4.0 4.0 0.145 0.129 1.2551 1.1812 11.11 
0.338 2 2 1 4.0 4.0 0.113 0.201 1.2551 1.2169 11.11 
0.339 2 2 1 4.0 4.0 0.099 0.253 1.2952 1.1812 11.12 
0.340 2 2 1 4.0 4.0 0.124 0.179 1.3386 1.2551 11.12 
0.341 2 2 1 4.0 4.0 0.097 0.127 1.2551 1.2551 11.12 
0.342 2 2 1 4.0 4.0 0.119 0.110 1.2551 1.1812 11.11 
0.343 2 2 1 4.0 4.0 0.120 0.176 1.2551 0.9796 11.11 
0.344 2 2 1 4.0 4.0 0.102 0.221 1.2952 1.2551 11.11 
0.345 2 2 1 4.0 4.0 0.135 0.227 1.2551 1.2169 11.11 
0.346 2 2 1 4.0 4.0 0.109 0.145 1.2551 1.1812 11.11 
0.347 2 2 1 4.0 4.0 0.126 0.101 1.2551 1.2169 11.11 
0.348 2 2 1 4.0 4.0 0.139 0.132 1.2952 1.1812 11.11 
0.349 2 2 1 4.0 4.0 0.094 0.294 1.2551 1.2169 11.11 
0.350 2 2 1 4.0 4.0 0.122 0.176 1.2551 1.0041 11.11 
0.351 2 2 1 4.0 4.0 0.125 0.147 1.2169 1.1812 11.11 
0.352 2 2 2 -4.0 -4.0 0.112 0.114 1.3386 1.1812 11.12 
0.353 2 2 2 -4.0 -4.0 -0.300 -0.108 1.2952 1.1474 11.08 
0.354 2 2 2 -4.0 -4.0 -1.090 -0.935 1.2169 1.2169 11.03 
0.355 2 2 2 -4.0 -4.0 -1.649 -1.307 1.1812 1.0298 10.98 
0.356 2 2 2 -4.0 -4.0 -1.648 -1.771 1.2169 1.1153 10.97 
0.357 2 2 2 -4.0 -4.0 -1.813 -1.993 1.1153 1.0852 10.94 
0.358 2 2 2 -4.0 -4.0 -1.984 -1.799 0.9559 0.8727 10.95 
0.359 2 2 2 -4.0 -4.0 -1.740 -1.752 1.0041 0.9559 10.97 
0.360 2 2 2 -4.0 -4.0 -1.735 -1.922 0.8193 0.7872 10.95 
0.361 2 2 2 -4.0 -4.0 -1.832 -1.962 0.7575 0.7872 10.95 
0.362 2 2 2 -4.0 -4.0 -1.897 -1.735 0.7872 0.6474 10.94 
0.363 2 2 2 -4.0 -4.0 -1.931 -1.649 0.6924 0.6474 10.93 
0.364 2 2 2 -4.0 -4.0 -1.688 -1.727 0.6691 0.6474 10.96 
0.365 2 2 2 -4.0 -4.0 -1.670 -1.769 0.5735 0.5213 10.96 
0.366 2 2 2 -4.0 -4.0 -1.712 -1.840 0.5354 0.4723 10.96 
0.367 2 2 2 -4.0 -4.0 -1.701 -1.672 0.3896 0.4462 10.94 
0.368 2 2 2 -4.0 -4.0 -1.649 -1.464 0.4016 0.4097 10.97 
0.369 2 2 2 -4.0 -4.0 -1.667 -1.404 0.2972 0.2908 10.96 
0.370 2 2 2 -4.0 -4.0 -1.660 -1.499 0.2390 0.2928 10.97 
0.371 2 2 2 -4.0 -4.0 -1.391 -1.525 0.2390 0.2928 10.98 
0.372 2 2 2 -4.0 -4.0 -1.353 -1.510 0.1799 0.1799 10.98 
0.373 2 2 2 -4.0 -4.0 -1.322 -1.453 0.1799 0.1426 10.99 
0.374 2 2 2 -4.0 -4.0 -1.311 -1.369 0.1643 0.1426 10.99 
0.375 2 2 2 -4.0 -4.0 -1.320 -1.306 0.1165 0.1426 10.99 
0.376 2 2 2 -4.0 -4.0 -1.278 -1.331 0.0904 0.1173 10.98 
0.377 2 2 2 -4.0 -4.0 -1.269 -1.312 0.0735 0.0908 10.99 
0.378 2 2 2 -4.0 -4.0 -1.233 -1.313 0.0623 -0.0819 10.99 
0.379 2 2 2 -4.0 -4.0 -1.162 -1.164 0.0538 -0.0819 10.99 
0.380 2 2 2 -4.0 -4.0 -1.163 -1.149 -0.0490 -0.1598 11.00 
0.381 2 2 2 -4.0 -4.0 -1.180 -1.205 -0.0490 -0.1598 11.00 
0.382 2 2 2 -4.0 -4.0 -1.264 -1.109 -0.0490 -0.2590 10.98 
0.383 2 2 2 -4.0 -4.0 -1.081 -1.072 -0.1743 -0.2590 11.01 
0.384 2 2 2 -4.0 -4.0 -0.976 -0.885 -0.2133 -0.2590 11.02 
0.385 2 2 2 -4.0 -4.0 -0.952 -0.753 -0.2133 -0.3490 11.01 
0.386 2 2 2 -4.0 -4.0 -0.941 -0.808 -0.3185 -0.3490 11.02 
0.387 2 2 2 -4.0 -4.0 -0.934 -0.807 -0.3040 -0.3896 11.02 
0.388 2 2 2 -4.0 -4.0 -0.911 -0.859 -0.3651 -0.3430 11.03 
0.389 2 2 2 -4.0 -4.0 -0.928 -0.893 -0.3715 -0.3936 11.02 
0.390 2 2 2 -4.0 -4.0 -0.875 -0.847 -0.4225 -0.4317 11.02 
0.391 2 2 2 -4.0 -4.0 -0.947 -0.761 -0.4317 -0.4510 11.01 
0.392 2 2 2 -4.0 -4.0 -0.809 -0.704 -0.4362 -0.4615 11.05 
0.393 2 2 2 -4.0 -4.0 -0.784 -0.658 -0.4317 -0.5081 11.04 
0.394 2 2 2 -4.0 -4.0 -0.751 -0.731 -0.4779 -0.5281 11.04 
0.395 2 2 2 -4.0 -4.0 -0.748 -0.715 -0.4956 -0.5281 11.04 
0.396 2 2 2 -4.0 -4.0 -0.706 -0.707 -0.4896 -0.6177 11.04 
0.397 2 2 2 -4.0 -4.0 -0.676 -0.730 -0.5426 -0.4667 11.04 
0.398 2 2 2 -4.0 -4.0 -0.649 -0.563 -0.5575 -0.5735 11.04 
0.399 2 2 2 -4.0 -4.0 -0.606 -0.547 -0.6273 -0.6273 11.04 
0.400 2 2 2 -4.0 -4.0 -0.604 -0.575 -0.5992 -0.6177 11.05 
0.401 2 2 2 -4.0 -4.0 -0.619 -0.563 -0.5820 -0.6474 11.06 
0.402 2 2 2 -4.0 -4.0 -0.625 -0.604 -0.6583 -0.6804 11.05 
0.403 2 2 2 -4.0 -4.0 -0.576 -0.583 -0.6691 -0.6804 11.05 
0.404 2 2 2 -4.0 -4.0 -0.539 -0.481 -0.7302 -0.7169 11.06 
0.405 2 2 2 -4.0 -4.0 -0.516 -0.477 -0.7044 -0.6273 11.06 
0.406 2 2 2 -4.0 -4.0 -0.492 -0.468 -0.6374 -0.7302 11.06 
0.407 2 2 2 -4.0 -4.0 -0.501 -0.502 -0.7434 -0.6691 11.06 
0.408 2 2 2 -4.0 -4.0 -0.458 -0.434 -0.6691 -0.7575 11.06 
0.409 2 2 2 -4.0 -4.0 -0.477 -0.386 -0.7434 -0.6924 11.05 
0.410 2 2 2 -4.0 -4.0 -0.466 -0.435 -0.7169 -0.7302 11.07 
0.411 2 2 2 -4.0 -4.0 -0.526 -0.475 -0.7575 -0.7575 11.04 
0.412 2 2 2 -4.0 -4.0 -0.446 -0.402 -0.7723 -0.7723 11.06 
0.413 2 2 2 -4.0 -4.0 -0.379 -0.380 -0.7872 -0.7575 11.07 
0.414 2 2 2 -4.0 -4.0 -0.419 -0.360 -0.7575 -0.7723 11.06 
0.415 2 2 2 -4.0 -4.0 -0.383 -0.380 -0.8032 -0.7723 11.07 
0.416 2 2 2 -4.0 -4.0 -0.429 -0.366 -0.7872 -0.8193 11.06 
0.417 2 2 2 -4.0 -4.0 -0.398 -0.312 -0.8032 -0.7723 11.07 
0.418 2 2 2 -4.0 -4.0 -0.384 -0.314 -0.8032 -0.8193 11.09 
0.419 2 2 2 -4.0 -4.0 -0.428 -0.345 -0.8543 -0.7575 11.07 
0.420 2 2 2 -4.0 -4.0 -0.379 -0.364 -0.8543 -0.8366 11.08 
0.421 2 2 2 -4.0 -4.0 -0.352 -0.382 -0.8924 -0.7434 11.09 
0.422 2 2 2 -4.0 -4.0 -0.323 -0.350 -0.8924 -0.8543 11.10 
0.423 2 2 2 -4.0 -4.0 -0.342 -0.316 -0.8924 -0.7434 11.09 
0.424 2 2 2 -4.0 -4.0 -0.347 -0.316 -0.9338 -0.8032 11.08 
0.425 2 2 2 -4.0 -4.0 -0.328 -0.318 -0.9125 -0.8924 11.07 
0.426 2 2 2 -4.0 -4.0 -0.368 -0.325 -0.9338 -0.9125 11.08 
0.427 2 2 2 -4.0 -4.0 -0.335 -0.371 -0.9338 -0.8924 11.07 
0.428 2 2 2 -4.0 -4.0 -0.357 -0.290 -0.9796 -0.9338 11.07 
0.429 2 2 2 -4.0 -4.0 -0.316 -0.274 -0.9125 -0.9125 11.07 
0.430 2 2 2 -4.0 -4.0 -0.322 -0.285 -0.9559 -0.8366 11.09 
0.431 2 2 2 -4.0 -4.0 -0.306 -0.260 -0.9125 -0.9125 11.10 
0.432 2 2 2 -4.0 -4.0 -0.261 -0.284 -0.9338 -0.8366 11.09 
0.433 2 2 2 -4.0 -4.0 -0.304 -0.342 -0.9796 -0.9338 11.08 
0.434 2 2 2 -4.0 -4.0 -0.273 -0.270 -1.0298 -0.9796 11.09 
0.435 2 2 2 -4.0 -4.0 -0.239 -0.264 -1.0041 -0.8727 11.10 
0.436 2 2 2 -4.0 -4.0 -0.267 -0.238 -1.0298 -0.9796 11.10 
0.437 2 2 2 -4.0 -4.0 -0.257 -0.301 -1.0041 -0.9796 11.08 
0.438 2 2 2 -4.0 -4.0 -0.234 -0.270 -1.0298 -1.0041 11.09 
0.439 2 2 2 -4.0 -4.0 -0.253 -0.253 -1.0567 -0.9796 11.08 
0.440 2 2 2 -4.0 -4.0 -0.271 -0.240 -1.0298 -1.0298 11.09 
0.441 2 2 2 -4.0 -4.0 -0.234 -0.352 -1.0567 -1.0041 11.09 
0.442 2 2 2 -4.0 -4.0 -0.216 -0.315 -1.0567 -0.8727 11.09 
0.443 2 2 2 -4.0 -4.0 -0.253 -0.227 -1.0298 -1.0041 11.10 
0.444 2 2 2 -4.0 -4.0 -0.257 -0.247 -1.0567 -0.9125 11.09 
0.445 2 2 2 -4.0 -4.0 -0.268 -0.209 -1.0041 -0.9796 11.09 
0.446 2 2 2 -4.0 -4.0 -0.254 -0.202 -1.0567 -1.0041 11.10 
0.447 2 2 2 -4.0 -4.0 -0.222 -0.293 -1.0852 -0.9796 11.10 
0.448 2 2 2 -4.0 -4.0 -0.192 -0.289 -1.0298 -1.0567 11.10 
0.449 2 2 2 -4.0 -4.0 -0.245 -0.224 -1.1153 -0.9559 11.10 
0.450 2 2 2 -4.0 -4.0 -0.219 -0.262 -1.1153 -0.9796 11.10 
0.451 2 2 2 -4.0 -4.0 -0.208 -0.210 -1.0852 -1.0567 11.09 
0.452 2 2 2 -4.0 -4.0 -0.233 -0.302 -1.0852 -1.0298 11.09 
0.453 2 2 2 -4.0 -4.0 -0.238 -0.255 -1.1474 -1.0567 11.10 
0.454 2 2 2 -4.0 -4.0 -0.221 -0.277 -1.0852 -1.0567 11.10 
0.455 2 2 2 -4.0 -4.0 -0.246 -0.259 -1.1153 -1.0567 11.11 
0.456 2 2 2 -4.0 -4.0 -0.217 -0.224 -1.1474 -1.0852 11.10 
0.457 2 2 2 -4.0 -4.0 -0.190 -0.235 -1.0852 -1.0852 11.10 
0.458 2 2 2 -4.0 -4.0 -0.230 -0.304 -1.1474 -1.0298 11.10 
0.459 2 2 2 -4.0 -4.0 -0.190 -0.245 -1.1153 -1.0852 11.11 
0.460 2 2 2 -4.0 -4.0 -0.162 -0.190 -1.1153 -1.0567 11.11 
0.461 2 2 2 -4.0 -4.0 -0.177 -0.231 -1.1153 -0.8193 11.11 
0.462 2 2 2 -4.0 -4.0 -0.199 -0.192 -1.1474 -1.0567 11.10 
0.463 2 2 2 -4.0 -4.0 -0.178 -0.191 -1.1153 -0.9796 11.09 
0.464 2 2 2 -4.0 -4.0 -0.187 -0.245 -1.1812 -1.0298 11.11 
0.465 2 2 2 -4.0 -4.0 -0.155 -0.245 -1.2169 -1.0567 11.10 
0.466 2 2 2 -4.0 -4.0 -0.157 -0.255 -1.1812 -1.0567 11.10 
0.467 2 2 2 -4.0 -4.0 -0.192 -0.240 -1.0298 -1.0852 11.10 
0.468 2 2 2 -4.0 -4.0 -0.195 -0.277 -1.2169 -1.0852 11.10 
0.469 2 2 2 -4.0 -4.0 -0.179 -0.266 -1.1812 -1.0298 11.11 
0.470 2 2 2 -4.0 -4.0 -0.188 -0.185 -1.1474 -1.0852 11.11 
0.471 2 2 2 -4.0 -4.0 -0.166 -0.187 -1.1812 -1.0567 11.11 
0.472 2 2 2 -4.0 -4.0 -0.155 -0.304 -1.2169 -1.0852 11.10 
0.473 2 2 2 -4.0 -4.0 -0.177 -0.278 -1.1812 -1.1153 11.10 
0.474 2 2 2 -4.0 -4.0 -0.176 -0.224 -1.1812 -1.1153 11.10 
0.475 2 2 2 -4.0 -4.0 -0.173 -0.225 -1.1812 -1.0852 11.10 
0.476 2 2 2 -4.0 -4.0 -0.158 -0.227 -1.1812 -1.1474 11.10 
0.477 2 2 2 -4.0 -4.0 -0.163 -0.347 -1.1474 -1.1153 11.11 
0.478 2 2 2 -4.0 -4.0 -0.189 -0.266 -1.1474 -1.0852 11.10 
0.479 2 2 2 -4.0 -4.0 -0.191 -0.258 -1.1812 -1.1474 11.09 
0.480 2 2 2 -4.0 -4.0 -0.166 -0.181 -1.1153 -1.0852 11.10 
0.481 2 2 2 -4.0 -4.0 -0.174 -0.253 -1.1812 -1.0852 11.10 
0.482 2 2 2 -4.0 -4.0 -0.172 -0.256 -1.2169 -1.1474 11.09 
0.483 2 2 2 -4.0 -4.0 -0.146 -0.233 -1.1812 -1.1812 11.11 
0.484 2 2 2 -4.0 -4.0 -0.178 -0.185 -1.2169 -1.1153 11.11 
0.485 2 2 2 -4.0 -4.0 -0.169 -0.186 -1.2169 -1.1812 11.12 
0.486 2 2 2 -4.0 -4.0 -0.155 -0.154 -1.2169 -1.1153 11.10 
0.487 2 2 2 -4.0 -4.0 -0.173 -0.193 -1.1812 -1.1153 11.11 
0.488 2 2 2 -4.0 -4.0 -0.128 -0.354 -1.2169 -1.1812 11.12 
0.489 2 2 2 -4.0 -4.0 -0.135 -0.207 -1.2169 -1.0852 11.11 
0.490 2 2 2 -4.0 -4.0 -0.160 -0.217 -1.2169 -1.1474 11.11 
0.491 2 2 2 -4.0 -4.0 -0.141 -0.187 -1.1812 -1.1812 11.10 
0.492 2 2 2 -4.0 -4.0 -0.173 -0.249 -1.2169 -1.1474 11.11 
0.493 2 2 2 -4.0 -4.0 -0.155 -0.288 -1.2551 -1.1812 11.10 
0.494 2 2 2 -4.0 -4.0 -0.144 -0.265 -1.2169 -1.1812 11.10 
0.495 2 2 2 -4.0 -4.0 -0.150 -0.189 -1.2169 -1.1812 11.10 
0.496 2 2 2 -4.0 -4.0 -0.139 -0.226 -1.2169 -1.1474 11.10 
0.497 2 2 2 -4.0 -4.0 -0.124 -0.167 -1.2169 -0.9796 11.10 
0.498 2 2 2 -4.0 -4.0 -0.143 -0.321 -1.2169 -1.1812 11.12 
0.499 2 2 2 -4.0 -4.0 -0.135 -0.254 -1.2551 -1.1153 11.10 
0.500 2 2 2 -4.0 -4.0 -0.135 -0.198 -1.2952 -1.1474 11.11 
0.501 2 2 2 -4.0 -4.0 -0.149 -0.156 -1.2169 -1.1812 11.11 
0.502 2 2 2 -4.0 -4.0 -0.116 -0.232 -1.1812 -1.1812 11.10 
0.503 2 2 3 0.0 0.0 -0.151 -0.254 -1.2169 -1.1153 11.11 
0.504 2 2 3 0.0 0.0 0.099 -0.071 -1.2169 -1.1812 11.11 
0.505 2 2 3 0.0 0.0 0.484 0.248 -1.2169 -1.1474 11.12 
0.506 2 2 3 0.0 0.0 0.671 0.578 -1.2169 -1.0852 11.12 
0.507 2 2 3 0.0 0.0 0.741 0.776 -1.1812 -1.1153 11.12 
0.508 2 2 3 0.0 0.0 0.888 0.753 -1.1812 -1.0852 11.12 
0.509 2 2 3 0.0 0.0 0.851 0.804 -1.0852 -1.0298 11.12 
0.510 2 2 3 0.0 0.0 0.815 0.889 -1.1153 -1.0298 11.12 
0.511 2 2 3 0.0 0.0 0.884 0.939 -1.0567 -0.9796 11.10 
0.512 2 2 3 0.0 0.0 0.870 0.795 -1.0041 -0.9796 11.12 
0.513 2 2 3 0.0 0.0 0.751 0.832 -1.0041 -0.8924 11.12 
0.514 2 2 3 0.0 0.0 0.799 0.852 -0.9559 -0.9125 11.13 
0.515 2 2 3 0.0 0.0 0.830 0.704 -0.8727 -0.8366 11.13 
0.516 2 2 3 0.0 0.0 0.713 0.696 -0.8366 -0.8543 11.13 
0.517 2 2 3 0.0 0.0 0.693 0.787 -0.8366 -0.7434 11.12 
0.518 2 2 3 0.0 0.0 0.747 0.832 -0.7302 -0.8032 11.12 
0.519 2 2 3 0.0 0.0 0.759 0.687 -0.7434 -0.7044 11.11 
0.520 2 2 3 0.0 0.0 0.665 0.631 -0.7575 -0.6924 11.12 
0.521 2 2 3 0.0 0.0 0.614 0.633 -0.7044 -0.6804 11.13 
0.522 2 2 3 0.0 0.0 0.644 0.680 -0.7169 -0.6474 11.13 
0.523 2 2 3 0.0 0.0 0.686 0.653 -0.6474 -0.6583 11.14 
0.524 2 2 3 0.0 0.0 0.663 0.637 -0.6474 -0.6085 11.13 
0.525 2 2 3 0.0 0.0 0.514 0.506 -0.6374 -0.5992 11.12 
0.526 2 2 3 0.0 0.0 0.507 0.532 -0.6583 -0.5992 11.13 
0.527 2 2 3 0.0 0.0 0.542 0.567 -0.6177 -0.5354 11.14 
0.528 2 2 3 0.0 0.0 0.557 0.586 -0.5426 -0.5575 11.13 
0.529 2 2 3 0.0 0.0 0.545 0.574 -0.5820 -0.5426 11.14 
0.530 2 2 3 0.0 0.0 0.538 0.455 -0.5426 -0.3860 11.13 
0.531 2 2 3 0.0 0.0 0.429 0.380 -0.4836 -0.4410 11.12 
0.532 2 2 3 0.0 0.0 0.434 0.398 -0.5149 -0.4723 11.12 
0.533 2 2 3 0.0 0.0 0.438 0.398 -0.4779 -0.3715 11.12 
0.534 2 2 3 0.0 0.0 0.459 0.456 -0.4723 -0.3936 11.12 
0.535 2 2 3 0.0 0.0 0.447 0.483 -0.4410 -0.3896 11.14 
0.536 2 2 3 0.0 0.0 0.465 0.426 -0.4615 -0.4016 11.12 
0.537 2 2 3 0.0 0.0 0.415 0.416 -0.4317 -0.3936 11.12 
0.538 2 2 3 0.0 0.0 0.351 0.394 -0.3936 -0.3582 11.13 
0.539 2 2 3 0.0 0.0 0.348 0.356 -0.3582 -0.3976 11.12 
0.540 2 2 3 0.0 0.0 0.353 0.337 -0.3860 -0.3402 11.12 
0.541 2 2 3 0.0 0.0 0.342 0.349 -0.3430 -0.3522 11.12 
0.542 2 2 3 0.0 0.0 0.333 0.326 -0.3346 -0.2807 11.13 
0.543 2 2 3 0.0 0.0 0.327 0.338 -0.3237 -0.2807 11.13 
0.544 2 2 3 0.0 0.0 0.335 0.325 -0.2888 -0.3161 11.12 
0.545 2 2 3 0.0 0.0 0.312 0.331 -0.3374 -0.2510 11.12 
0.546 2 2 3 0.0 0.0 0.282 0.319 -0.2639 -0.2510 11.12 
0.547 2 2 3 0.0 0.0 0.268 0.265 -0.2639 -0.2675 11.12 
0.548 2 2 3 0.0 0.0 0.227 0.250 -0.2695 -0.2265 11.12 
0.549 2 2 3 0.0 0.0 0.225 0.205 -0.2446 -0.2113 11.12 
0.550 2 2 3 0.0 0.0 0.234 0.151 -0.2446 -0.2390 11.13 
0.551 2 2 3 0.0 0.0 0.248 0.132 -0.2767 -0.2390 11.13 
0.552 2 2 3 0.0 0.0 0.249 0.180 -0.2574 -0.2068 11.13 
0.553 2 2 3 0.0 0.0 0.229 0.186 -0.2125 -0.2068 11.13 
0.554 2 2 3 0.0 0.0 0.228 0.216 -0.2125 -0.1996 11.13 
0.555 2 2 3 0.0 0.0 0.223 0.198 -0.2028 -0.1996 11.13 
0.556 2 2 3 0.0 0.0 0.218 0.194 -0.2028 -0.1791 11.13 
0.557 2 2 3 0.0 0.0 0.210 0.171 -0.1538 -0.1450 11.13 
0.558 2 2 3 0.0 0.0 0.184 0.183 -0.1538 -0.1450 11.12 
0.559 2 2 3 0.0 0.0 0.166 0.175 -0.1538 -0.1450 11.12 
0.560 2 2 3 0.0 0.0 0.162 0.142 -0.1839 -0.1578 11.12 
0.561 2 2 3 0.0 0.0 0.158 0.138 -0.1839 -0.1578 11.12 
0.562 2 2 3 0.0 0.0 0.144 0.110 -0.1498 -0.1374 11.12 
0.563 2 2 3 0.0 0.0 0.141 0.124 -0.1498 -0.1374 11.12 
0.564 2 2 3 0.0 0.0 0.120 0.153 -0.1498 -0.1374 11.12 
0.565 2 2 3 0.0 0.0 0.114 0.116 -0.1261 -0.1333 11.12 
0.566 2 2 3 0.0 0.0 0.089 0.122 -0.1261 -0.1233 11.12 
0.567 2 2 3 0.0 0.0 0.089 0.090 -0.1261 -0.1233 11.13 
0.568 2 2 3 0.0 0.0 0.089 0.101 -0.1261 -0.1233 11.14 
0.569 2 2 3 0.0 0.0 0.089 0.148 -0.1048 -0.1064 11.13 
0.570 2 2 3 0.0 0.0 0.097 0.117 -0.1048 -0.0868 11.12 
0.571 2 2 3 0.0 0.0 0.108 0.125 -0.1048 -0.0868 11.12 
0.572 2 2 3 0.0 0.0 0.089 0.074 -0.1048 -0.0868 11.12 
0.573 2 2 3 0.0 0.0 0.093 0.057 -0.1016 -0.0868 11.13 
0.574 2 2 3 0.0 0.0 0.100 0.070 -0.1016 -0.0868 11.12 
0.575 2 2 3 0.0 0.0 0.083 0.084 -0.1016 -0.0900 11.12 
0.576 2 2 3 0.0 0.0 0.081 0.059 -0.1016 -0.0900 11.12 
0.577 2 2 3 0.0 0.0 0.066 0.087 -0.0940 -0.0900 11.12 
0.578 2 2 3 0.0 0.0 0.062 0.044 -0.0763 -0.0900 11.13 
0.579 2 2 3 0.0 0.0 0.061 0.042 -0.0643 -0.0855 11.13 
0.580 2 2 3 0.0 0.0 0.058 0.053 -0.0578 -0.0703 11.13 
0.581 2 2 3 0.0 0.0 0.046 0.021 -0.0578 -0.0606 11.13 
0.582 2 2 3 0.0 0.0 0.066 0.072 -0.0578 -0.0606 11.12 
0.583 2 2 3 0.0 0.0 0.043 0.055 -0.0578 -0.0606 11.13 
0.584 2 2 3 0.0 0.0 0.042 0.034 -0.0578 -0.0606 11.12 
0.585 2 2 3 0.0 0.0 0.031 0.024 -0.0578 -0.0606 11.13 
0.586 2 2 3 0.0 0.0 0.032 0.013 -0.0578 -0.0606 11.12 
0.587 2 2 3 0.0 0.0 0.018 0.020 -0.0546 -0.0606 11.12 
0.588 2 2 3 0.0 0.0 0.027 -0.023 -0.0482 -0.0562 11.12 
0.589 2 2 3 0.0 0.0 0.018 -0.006 -0.0430 -0.0494 11.12 
0.590 2 2 3 0.0 0.0 0.021 0.010 -0.0386 -0.0438 11.12 
0.591 2 2 3 0.0 0.0 0.021 0.015 -0.0353 -0.0394 11.12 
0.592 2 2 3 0.0 0.0 0.021 0.013 -0.0325 -0.0361 11.12 
0.593 2 2 3 0.0 0.0 0.013 -0.019 -0.0301 -0.0329 11.12 
0.594 2 2 3 0.0 0.0 0.013 -0.030 -0.0277 -0.0305 11.13 
0.595 2 2 3 0.0 0.0 0.001 0.016 -0.0261 -0.0281 11.13 
0.596 2 2 3 0.0 0.0 -0.005 0.023 -0.0245 -0.0265 11.12 
0.597 2 2 3 0.0 0.0 0.005 0.014 -0.0229 -0.0249 11.12 
0.598 2 2 3 0.0 0.0 -0.001 -0.018 -0.0217 -0.0233 11.12 
0.599 2 2 3 0.0 0.0 -0.001 0.022 -0.0205 -0.0221 11.12 
0.600 2 2 3 0.0 0.0 0.008 -0.025 -0.0197 -0.0209 11.12 
0.601 2 2 3 0.0 0.0 0.018 -0.023 -0.0185 -0.0197 11.12 
0.602 2 2 3 0.0 0.0 0.021 -0.015 -0.0177 -0.0189 11.12 
0.603 2 2 3 0.0 0.0 0.003 -0.032 -0.0169 -0.0181 11.13 
0.604 2 2 3 0.0 0.0 0.004 -0.019 -0.0165 -0.0173 11.14 
0.605 2 2 3 0.0 0.0 0.005 0.002 -0.0157 -0.0165 11.13 
0.606 2 2 3 0.0 0.0 0.013 0.007 -0.0153 -0.0157 11.13 
0.607 2 2 3 0.0 0.0 0.010 -0.004 -0.0145 -0.0153 11.12 
0.608 2 2 3 0.0 0.0 0.013 0.012 -0.0141 -0.0145 11.12 
0.609 2 2 3 0.0 0.0 -0.006 0.017 -0.0137 -0.0141 11.13 
0.610 2 2 3 0.0 0.0 -0.008 -0.002 -0.0129 -0.0137 11.13 
0.611 2 2 3 0.0 0.0 -0.002 -0.020 -0.0125 -0.0133 11.14 
0.612 2 2 3 0.0 0.0 0.001 -0.048 -0.0120 -0.0129 11.12 
0.613 2 2 3 0.0 0.0 -0.004 -0.015 -0.0120 -0.0125 11.11 
0.614 2 2 3 0.0 0.0 0.003 -0.023 -0.0116 -0.0120 11.12 
0.615 2 2 3 0.0 0.0 -0.000 -0.004 -0.0112 -0.0116 11.12 
0.616 2 2 3 0.0 0.0 -0.004 -0.011 -0.0108 -0.0112 11.13 
0.617 2 2 3 0.0 0.0 0.006 -0.005 -0.0104 -0.0108 11.12 
0.618 2 2 3 0.0 0.0 0.006 -0.032 -0.0104 -0.0104 11.13 
0.619 2 2 3 0.0 0.0 0.001 -0.016 -0.0100 -0.0104 11.13 
0.620 2 2 3 0.0 0.0 0.005 -0.027 -0.0096 -0.0100 11.13 
0.621 2 2 3 0.0 0.0 0.007 -0.006 -0.0096 -0.0096 11.14 
0.622 2 2 3 0.0 0.0 0.020 0.008 -0.0092 -0.0096 11.13 
0.623 2 2 3 0.0 0.0 0.006 0.020 -0.0092 -0.0092 11.12 
0.624 2 2 3 0.0 0.0 -0.004 0.005 -0.0088 -0.0092 11.12 
0.625 2 2 3 0.0 0.0 0.007 -0.001 -0.0088 -0.0088 11.13 
0.626 2 2 3 0.0 0.0 -0.001 -0.024 -0.0084 -0.0088 11.12 
0.627 2 2 3 0.0 0.0 0.009 -0.012 -0.0084 -0.0084 11.12 
0.628 2 2 3 0.0 0.0 -0.009 -0.019 -0.0080 -0.0084 11.12 
0.629 2 2 3 0.0 0.0 0.021 -0.039 -0.0080 -0.0080 11.12 
0.630 2 2 3 0.0 0.0 0.009 -0.008 -0.0076 -0.0080 11.12 
0.631 2 2 3 0.0 0.0 0.002 -0.015 -0.0076 -0.0076 11.12 
0.632 2 2 3 0.0 0.0 0.011 -0.045 -0.0076 0.0076 11.12 
0.633 2 2 3 0.0 0.0 0.021 -0.016 -0.0072 0.0076 11.11 
0.634 2 2 3 0.0 0.0 0.021 0.006 -0.0072 0.0076 11.12 
0.635 2 2 3 0.0 0.0 0.017 0.005 -0.0072 0.0076 11.12 
0.636 2 2 3 0.0 0.0 0.018 0.010 -0.0068 0.0076 11.11 
0.637 2 2 3 0.0 0.0 0.009 -0.013 -0.0068 0.0076 11.12 
0.638 2 2 3 0.0 0.0 -0.013 -0.002 -0.0068 0.0076 11.12 
0.639 2 2 3 0.0 0.0 -0.001 0.020 -0.0064 0.0076 11.12 
0.640 2 2 3 0.0 0.0 -0.011 -0.021 -0.0064 0.0076 11.13 
0.641 2 2 3 0.0 0.0 -0.006 -0.015 -0.0064 0.0076 11.13 
0.642 2 2 3 0.0 0.0 -0.004 -0.034 -0.0064 0.0076 11.12 
0.643 2 2 3 0.0 0.0 -0.018 -0.001 -0.0060 0.0076 11.14 
0.644 2 2 3 0.0 0.0 -0.002 -0.011 -0.0060 0.0076 11.13 
0.645 2 2 3 0.0 0.0 -0.012 0.010 -0.0060 0.0076 11.13 
0.646 2 2 3 0.0 0.0 -0.004 -0.020 -0.0060 0.0076 11.13 
0.647 2 2 3 0.0 0.0 -0.002 -0.008 -0.0056 0.0076 11.13 
0.648 2 2 3 0.0 0.0 0.003 -0.046 -0.0056 0.0076 11.13 
0.649 2 2 3 0.0 0.0 0.009 -0.019 -0.0056 0.0076 11.13 
0.650 2 2 3 0.0 0.0 0.012 -0.010 -0.0056 0.0076 11.13 
0.651 2 2 3 0.0 0.0 0.002 0.008 -0.0056 0.0076 11.13 
0.652 2 2 3 0.0 0.0 0.005 -0.042 -0.0052 0.0076 11.13 
0.653 2 2 3 0.0 0.0 -0.000 -0.016 -0.0052 0.0076 11.12 
0.654 2 2 3 0.0 0.0 0.004 -0.020 -0.0052 0.0076 11.12 
0.655 2 2 3 0.0 0.0 -0.002 -0.003 -0.0052 0.0076 11.12 
0.656 2 2 3 0.0 0.0 0.004 0.003 -0.0052 0.0076 11.13 
0.657 2 2 3 0.0 0.0 -0.006 0.018 -0.0048 0.0076 11.13 
0.658 2 2 3 0.0 0.0 0.003 -0.000 -0.0048 0.0076 11.13 
0.659 2 2 3 0.0 0.0 0.009 -0.009 -0.0048 0.0076 11.12 
0.660 2 2 3 0.0 0.0 -0.000 -0.007 -0.0048 0.0076 11.13 
0.661 2 2 3 0.0 0.0 -0.003 -0.003 -0.0048 0.0076 11.12 
0.662 2 2 3 0.0 0.0 -0.009 0.025 -0.0048 0.0076 11.13 
0.663 2 2 3 0.0 0.0 -0.003 -0.010 -0.0048 0.0076 11.12 
0.664 2 2 3 0.0 0.0 0.003 -0.015 -0.0044 0.0076 11.13 
0.665 2 2 3 0.0 0.0 0.009 0.015 -0.0044 0.0076 11.13 
