%% logfile from robot Bettina (84)
% Bettina (84)
%  1    time 0.000 sec
%  2  3  4   (mission 0), state 2, thread 2, line 0
%  5  6 Motor voltage [V] left, right: 2.0 2.0
%  7  8 Motor current left, right [A]: 0.014 0.014
%  9 10 Wheel velocity [m/s] left, right: 0.0000 0.0000
% 11    Battery voltage [V]: 12.41
0.001 2 2 0 2.0 2.0 0.016 0.032 0.0000 0.0000 12.40 
0.002 2 2 0 2.0 2.0 0.147 0.195 0.0000 0.0000 12.41 
0.003 2 2 0 2.0 2.0 0.269 0.350 0.0000 0.0000 12.39 
0.004 2 2 0 2.0 2.0 0.324 0.447 0.0000 0.0000 12.39 
0.005 2 2 0 2.0 2.0 0.356 0.492 0.0000 0.0000 12.38 
0.006 2 2 0 2.0 2.0 0.365 0.508 0.0000 0.0000 12.39 
0.007 2 2 0 2.0 2.0 0.373 0.501 0.0000 0.0000 12.38 
0.008 2 2 0 2.0 2.0 0.370 0.493 0.0000 0.0000 12.39 
0.009 2 2 0 2.0 2.0 0.368 0.477 0.0000 0.0000 12.38 
0.010 2 2 0 2.0 2.0 0.365 0.443 0.0000 0.1153 12.38 
0.011 2 2 0 2.0 2.0 0.375 0.433 0.0000 0.1153 12.38 
0.012 2 2 0 2.0 2.0 0.358 0.407 0.0000 0.1735 12.38 
0.013 2 2 0 2.0 2.0 0.334 0.397 0.0000 0.1735 12.39 
0.014 2 2 0 2.0 2.0 0.346 0.396 0.1064 0.1735 12.39 
0.015 2 2 0 2.0 2.0 0.358 0.382 0.1064 0.1566 12.39 
0.016 2 2 0 2.0 2.0 0.365 0.391 0.1064 0.1566 12.41 
0.017 2 2 0 2.0 2.0 0.349 0.427 0.1470 0.2080 12.39 
0.018 2 2 0 2.0 2.0 0.331 0.380 0.1470 0.2080 12.40 
0.019 2 2 0 2.0 2.0 0.321 0.370 0.1462 0.2169 12.39 
0.020 2 2 0 2.0 2.0 0.308 0.362 0.1462 0.2462 12.39 
0.021 2 2 0 2.0 2.0 0.282 0.369 0.1462 0.2462 12.39 
0.022 2 2 0 2.0 2.0 0.269 0.366 0.1442 0.2080 12.39 
0.023 2 2 0 2.0 2.0 0.265 0.349 0.1442 0.2080 12.39 
0.024 2 2 0 2.0 2.0 0.272 0.335 0.1976 0.2747 12.39 
0.025 2 2 0 2.0 2.0 0.267 0.312 0.1976 0.2787 12.40 
0.026 2 2 0 2.0 2.0 0.268 0.305 0.2068 0.3161 12.39 
0.027 2 2 0 2.0 2.0 0.259 0.314 0.2068 0.3161 12.39 
0.028 2 2 0 2.0 2.0 0.259 0.335 0.2157 0.2639 12.41 
0.029 2 2 0 2.0 2.0 0.263 0.381 0.2157 0.3237 12.40 
0.030 2 2 0 2.0 2.0 0.277 0.369 0.2253 0.3346 12.40 
0.031 2 2 0 2.0 2.0 0.264 0.329 0.2510 0.3490 12.39 
0.032 2 2 0 2.0 2.0 0.259 0.306 0.2510 0.3490 12.39 
0.033 2 2 0 2.0 2.0 0.241 0.301 0.2462 0.2908 12.40 
0.034 2 2 0 2.0 2.0 0.248 0.289 0.2462 0.3582 12.40 
0.035 2 2 0 2.0 2.0 0.225 0.276 0.2494 0.3374 12.39 
0.036 2 2 0 2.0 2.0 0.216 0.266 0.2574 0.3896 12.40 
0.037 2 2 0 2.0 2.0 0.217 0.262 0.2888 0.3161 12.40 
0.038 2 2 0 2.0 2.0 0.228 0.271 0.2888 0.3113 12.40 
0.039 2 2 0 2.0 2.0 0.231 0.295 0.2908 0.4016 12.40 
0.040 2 2 0 2.0 2.0 0.229 0.257 0.2827 0.3823 12.40 
0.041 2 2 0 2.0 2.0 0.207 0.243 0.2827 0.4016 12.39 
0.042 2 2 0 2.0 2.0 0.210 0.236 0.2639 0.3522 12.39 
0.043 2 2 0 2.0 2.0 0.207 0.219 0.3213 0.3823 12.39 
0.044 2 2 0 2.0 2.0 0.236 0.197 0.3237 0.3823 12.39 
0.045 2 2 0 2.0 2.0 0.220 0.198 0.3237 0.4137 12.39 
0.046 2 2 0 2.0 2.0 0.224 0.229 0.3113 0.3751 12.40 
0.047 2 2 0 2.0 2.0 0.212 0.243 0.2996 0.4317 12.39 
0.048 2 2 0 2.0 2.0 0.199 0.221 0.3462 0.4410 12.39 
0.049 2 2 0 2.0 2.0 0.190 0.221 0.3237 0.3715 12.40 
0.050 2 2 0 2.0 2.0 0.179 0.219 0.3237 0.4056 12.40 
0.051 2 2 0 2.0 2.0 0.201 0.204 0.3374 0.4097 12.40 
0.052 2 2 0 2.0 2.0 0.222 0.201 0.3113 0.4362 12.40 
0.053 2 2 0 2.0 2.0 0.198 0.213 0.3615 0.4225 12.40 
0.054 2 2 0 2.0 2.0 0.205 0.235 0.3317 0.4410 12.40 
0.055 2 2 0 2.0 2.0 0.188 0.226 0.3430 0.4225 12.39 
0.056 2 2 0 2.0 2.0 0.139 0.224 0.3550 0.4562 12.40 
0.057 2 2 0 2.0 2.0 0.131 0.202 0.3787 0.4510 12.40 
0.058 2 2 0 2.0 2.0 0.122 0.183 0.3787 0.4510 12.40 
0.059 2 2 0 2.0 2.0 0.114 0.166 0.3462 0.4779 12.39 
0.060 2 2 0 2.0 2.0 0.110 0.171 0.3615 0.4462 12.39 
0.061 2 2 0 2.0 2.0 0.140 0.197 0.3550 0.4723 12.39 
0.062 2 2 0 2.0 2.0 0.159 0.209 0.3860 0.4836 12.40 
0.063 2 2 0 2.0 2.0 0.171 0.184 0.3346 0.4510 12.40 
0.064 2 2 0 2.0 2.0 0.174 0.168 0.3651 0.4836 12.40 
0.065 2 2 0 2.0 2.0 0.137 0.157 0.3462 0.4896 12.41 
0.066 2 2 0 2.0 2.0 0.127 0.147 0.3976 0.5081 12.41 
0.067 2 2 0 2.0 2.0 0.139 0.152 0.3582 0.4723 12.40 
0.068 2 2 0 2.0 2.0 0.149 0.166 0.3582 0.5020 12.40 
0.069 2 2 0 2.0 2.0 0.148 0.167 0.3751 0.5213 12.40 
0.070 2 2 0 2.0 2.0 0.160 0.158 0.3615 0.4723 12.40 
0.071 2 2 0 2.0 2.0 0.166 0.148 0.3860 0.5020 12.41 
0.072 2 2 0 2.0 2.0 0.160 0.137 0.3751 0.5281 12.41 
0.073 2 2 0 2.0 2.0 0.153 0.149 0.3823 0.4836 12.40 
0.074 2 2 0 2.0 2.0 0.151 0.186 0.3683 0.5081 12.40 
0.075 2 2 0 2.0 2.0 0.144 0.200 0.3936 0.5426 12.40 
0.076 2 2 0 2.0 2.0 0.133 0.181 0.4016 0.4956 12.40 
0.077 2 2 0 2.0 2.0 0.113 0.164 0.3936 0.5213 12.40 
0.078 2 2 0 2.0 2.0 0.152 0.144 0.3550 0.5081 12.40 
0.079 2 2 0 2.0 2.0 0.143 0.134 0.3896 0.4510 12.40 
0.080 2 2 0 2.0 2.0 0.160 0.155 0.4269 0.5213 12.40 
0.081 2 2 0 2.0 2.0 0.156 0.168 0.3936 0.5281 12.41 
0.082 2 2 0 2.0 2.0 0.138 0.154 0.3374 0.4956 12.38 
0.083 2 2 0 2.0 2.0 0.101 0.127 0.3751 0.5354 12.40 
0.084 2 2 0 2.0 2.0 0.107 0.122 0.3936 0.5213 12.40 
0.085 2 2 0 2.0 2.0 0.098 0.115 0.3976 0.5498 12.41 
0.086 2 2 0 2.0 2.0 0.213 0.051 0.4016 0.5354 12.40 
0.087 2 2 0 2.0 2.0 0.274 0.035 0.4225 0.5498 12.40 
0.088 2 2 0 2.0 2.0 0.190 0.111 0.4225 0.5149 12.40 
0.089 2 2 0 2.0 2.0 0.130 0.134 0.4137 0.5426 12.40 
0.090 2 2 0 2.0 2.0 0.118 0.122 0.4097 0.5354 12.40 
0.091 2 2 0 2.0 2.0 0.099 0.111 0.4269 0.5281 12.40 
0.092 2 2 0 2.0 2.0 0.139 0.144 0.4317 0.5498 12.40 
0.093 2 2 0 2.0 2.0 0.149 0.157 0.4137 0.5213 12.40 
0.094 2 2 0 2.0 2.0 0.155 0.155 0.4181 0.5498 12.41 
0.095 2 2 0 2.0 2.0 0.178 0.129 0.4362 0.5655 12.40 
0.096 2 2 0 2.0 2.0 0.171 0.109 0.4317 0.5426 12.40 
0.097 2 2 0 2.0 2.0 0.163 0.110 0.4225 0.5354 12.40 
0.098 2 2 0 2.0 2.0 0.144 0.125 0.4462 0.5575 12.41 
0.099 2 2 0 2.0 2.0 0.122 0.147 0.4362 0.5904 12.40 
0.100 2 2 0 2.0 2.0 0.123 0.144 0.4362 0.5426 12.40 
0.101 2 2 0 2.0 2.0 0.135 0.116 0.4225 0.5655 12.40 
0.102 2 2 0 2.0 2.0 0.140 0.096 0.4462 0.5904 12.40 
0.103 2 2 0 2.0 2.0 0.149 0.096 0.4362 0.5426 12.40 
0.104 2 2 0 2.0 2.0 0.120 0.123 0.4410 0.5655 12.40 
0.105 2 2 0 2.0 2.0 0.109 0.122 0.4615 0.5904 12.40 
0.106 2 2 0 2.0 2.0 0.094 0.122 0.4462 0.5281 12.40 
0.107 2 2 0 2.0 2.0 0.081 0.107 0.4462 0.5735 12.40 
0.108 2 2 0 2.0 2.0 0.109 0.102 0.4410 0.5904 12.41 
0.109 2 2 0 2.0 2.0 0.121 0.124 0.4562 0.5426 12.40 
0.110 2 2 0 2.0 2.0 0.121 0.149 0.4317 0.5904 12.40 
0.111 2 2 0 2.0 2.0 0.116 0.156 0.4362 0.5992 12.41 
0.112 2 2 0 2.0 2.0 0.122 0.138 0.4269 0.5655 12.40 
0.113 2 2 0 2.0 2.0 0.104 0.107 0.4510 0.5498 12.40 
0.114 2 2 0 2.0 2.0 0.094 0.096 0.4410 0.5354 12.41 
0.115 2 2 0 2.0 2.0 0.111 0.118 0.4317 0.5655 12.40 
0.116 2 2 0 2.0 2.0 0.118 0.134 0.4462 0.5655 12.40 
0.117 2 2 0 2.0 2.0 0.117 0.128 0.4362 0.5498 12.40 
0.118 2 2 0 2.0 2.0 0.123 0.104 0.4362 0.5735 12.40 
0.119 2 2 0 2.0 2.0 0.137 0.088 0.4269 0.5904 12.41 
0.120 2 2 0 2.0 2.0 0.132 0.086 0.4462 0.5498 12.40 
0.121 2 2 0 2.0 2.0 0.134 0.122 0.4510 0.5820 12.40 
0.122 2 2 0 2.0 2.0 0.129 0.136 0.4462 0.6177 12.40 
0.123 2 2 0 2.0 2.0 0.136 0.122 0.3936 0.5655 12.40 
0.124 2 2 0 2.0 2.0 0.133 0.099 0.4317 0.5735 12.40 
0.125 2 2 0 2.0 2.0 0.116 0.085 0.4615 0.5992 12.41 
0.126 2 2 0 2.0 2.0 0.076 0.113 0.3787 0.5904 12.40 
0.127 2 2 0 2.0 2.0 0.080 0.131 0.4225 0.5575 12.40 
0.128 2 2 0 2.0 2.0 0.088 0.115 0.4462 0.5735 12.40 
0.129 2 2 0 2.0 2.0 0.107 0.103 0.4462 0.6085 12.40 
0.130 2 2 0 2.0 2.0 0.131 0.086 0.4510 0.5820 12.40 
0.131 2 2 0 2.0 2.0 0.122 0.077 0.4723 0.5655 12.40 
0.132 2 2 0 2.0 2.0 0.128 0.107 0.4667 0.5904 12.40 
0.133 2 2 0 2.0 2.0 0.095 0.137 0.4562 0.6177 12.40 
0.134 2 2 0 2.0 2.0 0.076 0.119 0.4723 0.5735 12.41 
0.135 2 2 0 2.0 2.0 0.089 0.086 0.4779 0.5992 12.40 
0.136 2 2 0 2.0 2.0 0.088 0.079 0.4723 0.6177 12.41 
0.137 2 2 0 2.0 2.0 0.114 0.100 0.4462 0.5992 12.41 
0.138 2 2 0 2.0 2.0 0.140 0.115 0.4723 0.5992 12.41 
0.139 2 2 0 2.0 2.0 0.149 0.115 0.4779 0.5575 12.41 
0.140 2 2 0 2.0 2.0 0.154 0.096 0.4615 0.5904 12.41 
0.141 2 2 0 2.0 2.0 0.122 0.081 0.4836 0.6273 12.40 
0.142 2 2 0 2.0 2.0 0.094 0.085 0.4723 0.5735 12.41 
0.143 2 2 0 2.0 2.0 0.110 0.136 0.4723 0.6177 12.41 
0.144 2 2 0 2.0 2.0 0.119 0.143 0.4562 0.6374 12.40 
0.145 2 2 0 2.0 2.0 0.153 0.115 0.4723 0.6085 12.40 
0.146 2 2 0 2.0 2.0 0.127 0.084 0.4779 0.5904 12.40 
0.147 2 2 0 2.0 2.0 0.114 0.082 0.4836 0.5498 12.41 
0.148 2 2 0 2.0 2.0 0.094 0.079 0.5020 0.5904 12.40 
0.149 2 2 0 2.0 2.0 0.075 0.111 0.4836 0.5904 12.40 
0.150 2 2 0 2.0 2.0 0.046 0.109 0.4779 0.5735 12.40 
0.151 2 2 0 2.0 2.0 0.052 0.086 0.4956 0.5992 12.40 
0.152 2 2 0 2.0 2.0 0.084 0.082 0.4667 0.6085 12.41 
0.153 2 2 0 2.0 2.0 0.100 0.090 0.4723 0.5655 12.40 
0.154 2 2 0 2.0 2.0 0.114 0.122 0.4562 0.6177 12.40 
0.155 2 2 0 2.0 2.0 0.094 0.126 0.4779 0.6374 12.40 
0.156 2 2 0 2.0 2.0 0.103 0.118 0.4667 0.5992 12.40 
0.157 2 2 0 2.0 2.0 0.109 0.079 0.4615 0.5904 12.41 
0.158 2 2 0 2.0 2.0 0.119 0.081 0.4836 0.5904 12.40 
0.159 2 2 0 2.0 2.0 0.118 0.107 0.4723 0.6085 12.41 
0.160 2 2 0 2.0 2.0 0.101 0.118 0.4723 0.6085 12.40 
0.161 2 2 0 2.0 2.0 0.096 0.104 0.4615 0.6085 12.40 
0.162 2 2 0 2.0 2.0 0.092 0.079 0.4836 0.5992 12.40 
0.163 2 2 0 2.0 2.0 0.113 0.070 0.4779 0.6273 12.40 
0.164 2 2 0 2.0 2.0 0.095 0.085 0.4510 0.6085 12.40 
0.165 2 2 0 2.0 2.0 0.099 0.116 0.4779 0.6177 12.40 
0.166 2 2 0 2.0 2.0 0.112 0.111 0.5020 0.5820 12.41 
0.167 2 2 0 2.0 2.0 0.102 0.096 0.4225 0.6085 12.40 
0.168 2 2 0 2.0 2.0 0.082 0.069 0.4779 0.6374 12.41 
0.169 2 2 0 2.0 2.0 0.078 0.065 0.4836 0.5820 12.40 
0.170 2 2 0 2.0 2.0 0.082 0.083 0.4779 0.6177 12.40 
0.171 2 2 0 2.0 2.0 0.086 0.082 0.4779 0.6374 12.41 
0.172 2 2 0 2.0 2.0 0.097 0.076 0.4956 0.6085 12.40 
0.173 2 2 0 2.0 2.0 0.103 0.051 0.4836 0.6177 12.40 
0.174 2 2 0 2.0 2.0 0.116 0.064 0.4779 0.5820 12.41 
0.175 2 2 0 2.0 2.0 0.114 0.092 0.5020 0.6177 12.40 
0.176 2 2 0 2.0 2.0 0.118 0.124 0.5020 0.6474 12.40 
0.177 2 2 0 2.0 2.0 0.091 0.109 0.4667 0.5904 12.40 
0.178 2 2 0 2.0 2.0 0.100 0.088 0.4956 0.5992 12.40 
0.179 2 2 0 2.0 2.0 0.120 0.060 0.5081 0.6273 12.41 
0.180 2 2 0 2.0 2.0 0.140 0.084 0.5020 0.6085 12.41 
0.181 2 2 0 2.0 2.0 0.142 0.096 0.5020 0.6085 12.40 
0.182 2 2 0 2.0 2.0 0.132 0.098 0.4896 0.5904 12.40 
0.183 2 2 0 2.0 2.0 0.129 0.082 0.4836 0.6177 12.40 
0.184 2 2 0 2.0 2.0 0.117 0.055 0.4615 0.6374 12.40 
0.185 2 2 0 2.0 2.0 0.122 0.060 0.4896 0.5904 12.40 
0.186 2 2 0 2.0 2.0 0.124 0.085 0.4779 0.6374 12.40 
0.187 2 2 0 2.0 2.0 0.100 0.115 0.4836 0.5992 12.40 
0.188 2 2 0 2.0 2.0 0.144 0.031 0.5020 0.6177 12.40 
0.189 2 2 0 2.0 2.0 0.195 -0.041 0.4836 0.6273 12.40 
0.190 2 2 0 2.0 2.0 0.097 0.018 0.4836 0.5904 12.40 
0.191 2 2 0 2.0 2.0 0.084 0.069 0.4956 0.5655 12.40 
0.192 2 2 0 2.0 2.0 0.105 0.084 0.4723 0.6177 12.40 
0.193 2 2 0 2.0 2.0 0.126 0.078 0.4779 0.6177 12.40 
0.194 2 2 0 2.0 2.0 0.105 0.062 0.4667 0.5992 12.40 
0.195 2 2 0 2.0 2.0 0.084 0.070 0.4896 0.5655 12.41 
0.196 2 2 0 2.0 2.0 0.072 0.088 0.4779 0.6085 12.41 
0.197 2 2 0 2.0 2.0 0.076 0.119 0.4723 0.6374 12.40 
0.198 2 2 0 2.0 2.0 0.087 0.107 0.4956 0.5820 12.40 
0.199 2 2 0 2.0 2.0 0.103 0.076 0.4836 0.6085 12.41 
0.200 2 2 0 2.0 2.0 0.107 0.074 0.4836 0.6273 12.40 
0.201 2 2 1 4.0 4.0 0.107 0.087 0.4723 0.6085 12.40 
0.202 2 2 1 4.0 4.0 0.095 0.121 0.4956 0.6177 12.40 
0.203 2 2 1 4.0 4.0 0.240 0.284 0.4956 0.5735 12.39 
0.204 2 2 1 4.0 4.0 0.366 0.415 0.4723 0.6177 12.38 
0.205 2 2 1 4.0 4.0 0.444 0.468 0.5575 0.6691 12.38 
0.206 2 2 1 4.0 4.0 0.484 0.532 0.5498 0.6273 12.38 
0.207 2 2 1 4.0 4.0 0.491 0.623 0.5020 0.6924 12.38 
0.208 2 2 1 4.0 4.0 0.470 0.584 0.5655 0.6583 12.38 
0.209 2 2 1 4.0 4.0 0.458 0.545 0.5735 0.7044 12.38 
0.210 2 2 1 4.0 4.0 0.495 0.513 0.6177 0.7434 12.38 
0.211 2 2 1 4.0 4.0 0.471 0.518 0.6177 0.7302 12.38 
0.212 2 2 1 4.0 4.0 0.489 0.493 0.5992 0.7302 12.38 
0.213 2 2 1 4.0 4.0 0.493 0.459 0.6273 0.7723 12.38 
0.214 2 2 1 4.0 4.0 0.499 0.440 0.6374 0.7723 12.38 
0.215 2 2 1 4.0 4.0 0.487 0.458 0.6085 0.7723 12.38 
0.216 2 2 1 4.0 4.0 0.430 0.427 0.6691 0.8032 12.38 
0.217 2 2 1 4.0 4.0 0.407 0.399 0.6474 0.7723 12.38 
0.218 2 2 1 4.0 4.0 0.405 0.386 0.6804 0.8032 12.39 
0.219 2 2 1 4.0 4.0 0.397 0.426 0.6804 0.8032 12.39 
0.220 2 2 1 4.0 4.0 0.417 0.447 0.7044 0.8032 12.39 
0.221 2 2 1 4.0 4.0 0.392 0.423 0.6924 0.8366 12.38 
0.222 2 2 1 4.0 4.0 0.380 0.404 0.7169 0.8543 12.39 
0.223 2 2 1 4.0 4.0 0.358 0.396 0.7302 0.8366 12.38 
0.224 2 2 1 4.0 4.0 0.346 0.422 0.7302 0.8727 12.38 
0.225 2 2 1 4.0 4.0 0.346 0.370 0.7169 0.8727 12.38 
0.226 2 2 1 4.0 4.0 0.329 0.343 0.7302 0.8543 12.38 
0.227 2 2 1 4.0 4.0 0.327 0.334 0.7575 0.8924 12.38 
0.228 2 2 1 4.0 4.0 0.307 0.314 0.7575 0.8366 12.38 
0.229 2 2 1 4.0 4.0 0.305 0.305 0.7723 0.9338 12.39 
0.230 2 2 1 4.0 4.0 0.315 0.324 0.7723 0.9125 12.38 
0.231 2 2 1 4.0 4.0 0.314 0.386 0.7872 0.9559 12.38 
0.232 2 2 1 4.0 4.0 0.314 0.362 0.7872 0.9559 12.39 
0.233 2 2 1 4.0 4.0 0.317 0.353 0.7723 0.9338 12.39 
0.234 2 2 1 4.0 4.0 0.296 0.356 0.8193 0.9559 12.39 
0.235 2 2 1 4.0 4.0 0.265 0.322 0.7723 0.9796 12.39 
0.236 2 2 1 4.0 4.0 0.279 0.282 0.8032 1.0041 12.39 
0.237 2 2 1 4.0 4.0 0.292 0.301 0.8193 1.0041 12.38 
0.238 2 2 1 4.0 4.0 0.317 0.301 0.8193 1.0041 12.39 
0.239 2 2 1 4.0 4.0 0.326 0.282 0.8366 1.0298 12.40 
0.240 2 2 1 4.0 4.0 0.312 0.296 0.8543 1.0298 12.39 
0.241 2 2 1 4.0 4.0 0.308 0.305 0.8366 1.0298 12.39 
0.242 2 2 1 4.0 4.0 0.314 0.303 0.8193 1.0298 12.39 
0.243 2 2 1 4.0 4.0 0.284 0.273 0.8543 1.0298 12.39 
0.244 2 2 1 4.0 4.0 0.275 0.276 0.8366 1.0852 12.38 
0.245 2 2 1 4.0 4.0 0.282 0.252 0.8727 1.0852 12.39 
0.246 2 2 1 4.0 4.0 0.272 0.241 0.8727 1.0567 12.39 
0.247 2 2 1 4.0 4.0 0.264 0.255 0.8924 1.0852 12.39 
0.248 2 2 1 4.0 4.0 0.244 0.270 0.9125 1.0567 12.39 
0.249 2 2 1 4.0 4.0 0.239 0.244 0.8924 1.0567 12.39 
0.250 2 2 1 4.0 4.0 0.242 0.293 0.9125 1.1153 12.39 
0.251 2 2 1 4.0 4.0 0.240 0.274 0.9125 1.0852 12.38 
0.252 2 2 1 4.0 4.0 0.223 0.254 0.9338 1.0298 12.39 
0.253 2 2 1 4.0 4.0 0.239 0.267 0.9125 1.0852 12.38 
0.254 2 2 1 4.0 4.0 0.215 0.249 0.9338 1.1153 12.39 
0.255 2 2 1 4.0 4.0 0.223 0.218 0.8727 1.1153 12.39 
0.256 2 2 1 4.0 4.0 0.234 0.227 0.9559 1.1474 12.39 
0.257 2 2 1 4.0 4.0 0.222 0.246 0.9125 1.1153 12.39 
0.258 2 2 1 4.0 4.0 0.205 0.218 0.9338 1.1474 12.39 
0.259 2 2 1 4.0 4.0 0.207 0.227 0.9559 1.0852 12.39 
0.260 2 2 1 4.0 4.0 0.208 0.234 0.9559 1.1153 12.39 
0.261 2 2 1 4.0 4.0 0.208 0.207 0.9796 1.1474 12.39 
0.262 2 2 1 4.0 4.0 0.227 0.231 0.9796 1.1474 12.39 
0.263 2 2 1 4.0 4.0 0.242 0.221 1.0041 1.1474 12.39 
0.264 2 2 1 4.0 4.0 0.259 0.194 1.0041 1.1474 12.40 
0.265 2 2 1 4.0 4.0 0.258 0.200 0.9796 1.1812 12.39 
0.266 2 2 1 4.0 4.0 0.249 0.201 0.9796 1.1812 12.39 
0.267 2 2 1 4.0 4.0 0.229 0.167 1.0041 1.1474 12.39 
0.268 2 2 1 4.0 4.0 0.190 0.194 1.0041 1.2169 12.39 
0.269 2 2 1 4.0 4.0 0.166 0.184 0.9796 1.1812 12.39 
0.270 2 2 1 4.0 4.0 0.183 0.183 0.9796 1.1474 12.39 
0.271 2 2 1 4.0 4.0 0.178 0.183 0.9796 1.2169 12.39 
0.272 2 2 1 4.0 4.0 0.187 0.183 1.0041 1.1474 12.39 
0.273 2 2 1 4.0 4.0 0.191 0.165 1.0041 1.1812 12.39 
0.274 2 2 1 4.0 4.0 0.187 0.202 1.0298 1.0852 12.39 
0.275 2 2 1 4.0 4.0 0.179 0.204 1.0041 1.1812 12.40 
0.276 2 2 1 4.0 4.0 0.187 0.187 1.0567 1.1812 12.39 
0.277 2 2 1 4.0 4.0 0.175 0.183 1.0298 1.1812 12.39 
0.278 2 2 1 4.0 4.0 0.164 0.170 1.0298 1.2169 12.39 
0.279 2 2 1 4.0 4.0 0.171 0.179 1.0567 1.2169 12.39 
0.280 2 2 1 4.0 4.0 0.177 0.201 1.0567 1.2169 12.39 
0.281 2 2 1 4.0 4.0 0.186 0.171 1.0567 1.1153 12.39 
0.282 2 2 1 4.0 4.0 0.185 0.167 1.0567 1.2169 12.39 
0.283 2 2 1 4.0 4.0 0.190 0.162 1.0298 1.2169 12.39 
0.284 2 2 1 4.0 4.0 0.187 0.150 1.0567 1.1812 12.39 
0.285 2 2 1 4.0 4.0 0.184 0.194 1.0567 1.2551 12.38 
0.286 2 2 1 4.0 4.0 0.187 0.191 1.0298 1.2169 12.39 
0.287 2 2 1 4.0 4.0 0.175 0.175 1.0567 1.2169 12.39 
0.288 2 2 1 4.0 4.0 0.165 0.187 1.0852 1.2169 12.39 
0.289 2 2 1 4.0 4.0 0.168 0.172 1.0567 1.2169 12.39 
0.290 2 2 1 4.0 4.0 0.224 0.097 0.9796 1.2169 12.39 
0.291 2 2 1 4.0 4.0 0.283 0.064 1.0298 1.2169 12.39 
0.292 2 2 1 4.0 4.0 0.222 0.126 1.0567 1.2551 12.39 
0.293 2 2 1 4.0 4.0 0.162 0.165 1.0567 1.1812 12.39 
0.294 2 2 1 4.0 4.0 0.155 0.172 1.0298 1.2551 12.41 
0.295 2 2 1 4.0 4.0 0.164 0.141 1.1153 1.2169 12.40 
0.296 2 2 1 4.0 4.0 0.154 0.177 1.0852 1.2551 12.39 
0.297 2 2 1 4.0 4.0 0.133 0.156 1.0852 1.2551 12.39 
0.298 2 2 1 4.0 4.0 0.139 0.131 1.1153 1.2551 12.39 
0.299 2 2 1 4.0 4.0 0.152 0.160 1.1153 1.2169 12.38 
0.300 2 2 1 4.0 4.0 0.152 0.153 1.1153 1.2952 12.39 
0.301 2 2 1 4.0 4.0 0.158 0.168 1.1153 1.2551 12.38 
0.302 2 2 1 4.0 4.0 0.178 0.190 1.0852 1.2551 12.39 
0.303 2 2 1 4.0 4.0 0.167 0.159 1.0852 1.2169 12.39 
0.304 2 2 1 4.0 4.0 0.165 0.173 1.0852 1.2551 12.39 
0.305 2 2 1 4.0 4.0 0.161 0.160 1.0852 1.2169 12.40 
0.306 2 2 1 4.0 4.0 0.141 0.118 1.0852 1.2551 12.40 
0.307 2 2 1 4.0 4.0 0.135 0.166 1.0852 1.2551 12.39 
0.308 2 2 1 4.0 4.0 0.157 0.142 1.0567 1.2952 12.39 
0.309 2 2 1 4.0 4.0 0.147 0.150 1.0567 1.0852 12.38 
0.310 2 2 1 4.0 4.0 0.160 0.134 1.0852 1.2551 12.39 
0.311 2 2 1 4.0 4.0 0.154 0.100 1.0852 1.2551 12.39 
0.312 2 2 1 4.0 4.0 0.145 0.130 1.1153 1.2952 12.40 
0.313 2 2 1 4.0 4.0 0.142 0.161 1.1153 1.2551 12.40 
0.314 2 2 1 4.0 4.0 0.155 0.153 1.0852 1.2551 12.40 
0.315 2 2 1 4.0 4.0 0.139 0.153 1.1153 1.2169 12.40 
0.316 2 2 1 4.0 4.0 0.145 0.134 1.1153 1.2952 12.39 
0.317 2 2 1 4.0 4.0 0.160 0.144 1.0852 1.2952 12.39 
0.318 2 2 1 4.0 4.0 0.152 0.176 1.1153 1.2551 12.39 
0.319 2 2 1 4.0 4.0 0.161 0.152 1.1153 1.0852 12.39 
0.320 2 2 1 4.0 4.0 0.163 0.147 1.1153 1.2952 12.40 
0.321 2 2 1 4.0 4.0 0.156 0.147 1.0852 1.1474 12.40 
0.322 2 2 1 4.0 4.0 0.149 0.118 1.0852 1.2551 12.39 
0.323 2 2 1 4.0 4.0 0.160 0.141 1.0852 1.2551 12.39 
0.324 2 2 1 4.0 4.0 0.145 0.141 1.1153 1.2952 12.39 
0.325 2 2 1 4.0 4.0 0.125 0.153 1.1474 1.0852 12.39 
0.326 2 2 1 4.0 4.0 0.152 0.153 1.1153 1.2551 12.39 
0.327 2 2 1 4.0 4.0 0.152 0.130 1.1153 1.2551 12.40 
0.328 2 2 1 4.0 4.0 0.142 0.148 1.1153 1.2952 12.40 
0.329 2 2 1 4.0 4.0 0.145 0.149 1.1153 1.2952 12.41 
0.330 2 2 1 4.0 4.0 0.137 0.131 1.1153 1.2952 12.40 
0.331 2 2 1 4.0 4.0 0.121 0.137 1.0852 1.2551 12.40 
0.332 2 2 1 4.0 4.0 0.140 0.118 1.1474 1.3386 12.39 
0.333 2 2 1 4.0 4.0 0.130 0.134 1.1153 1.2952 12.39 
0.334 2 2 1 4.0 4.0 0.120 0.149 1.1474 1.2551 12.39 
0.335 2 2 1 4.0 4.0 0.139 0.098 1.1474 1.2551 12.39 
0.336 2 2 1 4.0 4.0 0.131 0.103 1.1474 1.3386 12.39 
0.337 2 2 1 4.0 4.0 0.121 0.094 1.1474 1.2952 12.39 
0.338 2 2 1 4.0 4.0 0.151 0.099 1.0852 1.2952 12.39 
0.339 2 2 1 4.0 4.0 0.132 0.151 1.1474 1.2952 12.39 
0.340 2 2 1 4.0 4.0 0.130 0.146 1.1474 1.3386 12.40 
0.341 2 2 1 4.0 4.0 0.136 0.149 1.1474 1.2551 12.39 
0.342 2 2 1 4.0 4.0 0.129 0.141 1.1474 1.2169 12.39 
0.343 2 2 1 4.0 4.0 0.114 0.115 1.1474 1.2952 12.39 
0.344 2 2 1 4.0 4.0 0.139 0.143 1.0852 1.2952 12.39 
0.345 2 2 1 4.0 4.0 0.138 0.116 1.1153 1.3386 12.40 
0.346 2 2 1 4.0 4.0 0.123 0.119 1.1474 1.2952 12.40 
0.347 2 2 1 4.0 4.0 0.137 0.131 1.0852 1.2952 12.40 
0.348 2 2 1 4.0 4.0 0.118 0.096 1.1153 1.2952 12.39 
0.349 2 2 1 4.0 4.0 0.130 0.134 1.1153 1.3386 12.39 
0.350 2 2 1 4.0 4.0 0.142 0.153 1.0852 1.2952 12.39 
0.351 2 2 1 4.0 4.0 0.135 0.122 1.1153 1.2952 12.39 
0.352 2 2 2 -4.0 -4.0 0.118 0.156 1.1474 1.2952 12.39 
0.353 2 2 2 -4.0 -4.0 0.023 0.004 1.1474 1.2952 12.37 
0.354 2 2 2 -4.0 -4.0 -0.542 -0.677 1.0567 1.2551 12.34 
0.355 2 2 2 -4.0 -4.0 -1.073 -1.105 1.0852 1.2551 12.33 
0.356 2 2 2 -4.0 -4.0 -1.198 -1.258 1.0567 1.1812 12.31 
0.357 2 2 2 -4.0 -4.0 -1.380 -1.296 0.9796 1.1153 12.31 
0.358 2 2 2 -4.0 -4.0 -1.538 -1.305 0.8543 1.0852 12.31 
0.359 2 2 2 -4.0 -4.0 -1.514 -1.308 0.8032 1.0298 12.31 
0.360 2 2 2 -4.0 -4.0 -1.387 -1.308 0.7723 0.9125 12.32 
0.361 2 2 2 -4.0 -4.0 -1.430 -1.308 0.7434 0.9125 12.31 
0.362 2 2 2 -4.0 -4.0 -1.491 -1.308 0.6474 0.8032 12.31 
0.363 2 2 2 -4.0 -4.0 -1.496 -1.308 0.6085 0.7575 12.31 
0.364 2 2 2 -4.0 -4.0 -1.378 -1.308 0.5904 0.6583 12.31 
0.365 2 2 2 -4.0 -4.0 -1.261 -1.308 0.5020 0.6177 12.35 
0.366 2 2 2 -4.0 -4.0 -1.282 -1.308 0.4317 0.6085 12.32 
0.367 2 2 2 -4.0 -4.0 -1.314 -1.308 0.3936 0.5081 12.32 
0.368 2 2 2 -4.0 -4.0 -1.311 -1.308 0.3787 0.4896 12.32 
0.369 2 2 2 -4.0 -4.0 -1.310 -1.308 0.2731 0.4562 12.31 
0.370 2 2 2 -4.0 -4.0 -1.297 -1.308 0.2731 0.3936 12.34 
0.371 2 2 2 -4.0 -4.0 -1.255 -1.308 0.1831 0.2478 12.31 
0.372 2 2 2 -4.0 -4.0 -1.213 -1.308 0.1831 0.2478 12.31 
0.373 2 2 2 -4.0 -4.0 -1.161 -1.308 0.1831 0.2068 12.31 
0.374 2 2 2 -4.0 -4.0 -1.114 -1.308 0.1257 0.2068 12.32 
0.375 2 2 2 -4.0 -4.0 -1.077 -1.308 0.0956 0.1743 12.31 
0.376 2 2 2 -4.0 -4.0 -1.033 -1.308 0.0771 0.1213 12.33 
0.377 2 2 2 -4.0 -4.0 -0.995 -1.288 0.0647 0.0932 12.33 
0.378 2 2 2 -4.0 -4.0 -0.971 -1.278 -0.0558 0.0755 12.33 
0.379 2 2 2 -4.0 -4.0 -0.938 -1.301 -0.0558 0.0635 12.33 
0.380 2 2 2 -4.0 -4.0 -0.897 -1.307 -0.0558 0.0546 12.33 
0.381 2 2 2 -4.0 -4.0 -0.859 -1.308 -0.1731 0.0482 12.35 
0.382 2 2 2 -4.0 -4.0 -0.833 -1.308 -0.1731 -0.0458 12.33 
0.383 2 2 2 -4.0 -4.0 -0.800 -1.237 -0.2193 -0.0458 12.35 
0.384 2 2 2 -4.0 -4.0 -0.775 -1.076 -0.3040 -0.1847 12.35 
0.385 2 2 2 -4.0 -4.0 -0.767 -1.002 -0.2928 -0.1847 12.35 
0.386 2 2 2 -4.0 -4.0 -0.730 -0.968 -0.3550 -0.2133 12.35 
0.387 2 2 2 -4.0 -4.0 -0.714 -0.933 -0.3550 -0.2928 12.35 
0.388 2 2 2 -4.0 -4.0 -0.737 -0.917 -0.3346 -0.2928 12.36 
0.389 2 2 2 -4.0 -4.0 -0.648 -0.894 -0.3751 -0.3374 12.36 
0.390 2 2 2 -4.0 -4.0 -0.608 -0.875 -0.3860 -0.3582 12.36 
0.391 2 2 2 -4.0 -4.0 -0.578 -0.855 -0.4097 -0.3374 12.36 
0.392 2 2 2 -4.0 -4.0 -0.569 -0.855 -0.4562 -0.3787 12.36 
0.393 2 2 2 -4.0 -4.0 -0.494 -0.901 -0.4667 -0.4137 12.36 
0.394 2 2 2 -4.0 -4.0 -0.410 -0.854 -0.4896 -0.4269 12.37 
0.395 2 2 2 -4.0 -4.0 -0.512 -0.730 -0.4836 -0.4615 12.37 
0.396 2 2 2 -4.0 -4.0 -0.495 -0.694 -0.4956 -0.4836 12.36 
0.397 2 2 2 -4.0 -4.0 -0.496 -0.690 -0.5149 -0.4956 12.36 
0.398 2 2 2 -4.0 -4.0 -0.495 -0.697 -0.5149 -0.5149 12.36 
0.399 2 2 2 -4.0 -4.0 -0.485 -0.755 -0.5426 -0.5498 12.36 
0.400 2 2 2 -4.0 -4.0 -0.494 -0.680 -0.5655 -0.5575 12.37 
0.401 2 2 2 -4.0 -4.0 -0.516 -0.619 -0.6273 -0.5735 12.37 
0.402 2 2 2 -4.0 -4.0 -0.452 -0.585 -0.5820 -0.5735 12.37 
0.403 2 2 2 -4.0 -4.0 -0.445 -0.562 -0.6177 -0.6177 12.36 
0.404 2 2 2 -4.0 -4.0 -0.407 -0.575 -0.6583 -0.6273 12.37 
0.405 2 2 2 -4.0 -4.0 -0.414 -0.580 -0.6474 -0.6474 12.38 
0.406 2 2 2 -4.0 -4.0 -0.420 -0.542 -0.6924 -0.6691 12.38 
0.407 2 2 2 -4.0 -4.0 -0.391 -0.520 -0.6691 -0.6804 12.39 
0.408 2 2 2 -4.0 -4.0 -0.361 -0.501 -0.6804 -0.6691 12.38 
0.409 2 2 2 -4.0 -4.0 -0.357 -0.533 -0.6374 -0.7434 12.37 
0.410 2 2 2 -4.0 -4.0 -0.365 -0.544 -0.7302 -0.7169 12.38 
0.411 2 2 2 -4.0 -4.0 -0.381 -0.491 -0.7434 -0.7302 12.38 
0.412 2 2 2 -4.0 -4.0 -0.361 -0.462 -0.7044 -0.7434 12.38 
0.413 2 2 2 -4.0 -4.0 -0.355 -0.467 -0.7434 -0.7575 12.38 
0.414 2 2 2 -4.0 -4.0 -0.350 -0.473 -0.7302 -0.7723 12.38 
0.415 2 2 2 -4.0 -4.0 -0.380 -0.448 -0.7434 -0.7575 12.38 
0.416 2 2 2 -4.0 -4.0 -0.355 -0.434 -0.7169 -0.7723 12.38 
0.417 2 2 2 -4.0 -4.0 -0.327 -0.428 -0.7302 -0.7723 12.38 
0.418 2 2 2 -4.0 -4.0 -0.314 -0.464 -0.7302 -0.8032 12.38 
0.419 2 2 2 -4.0 -4.0 -0.296 -0.432 -0.7302 -0.8032 12.38 
0.420 2 2 2 -4.0 -4.0 -0.296 -0.399 -0.7575 -0.8366 12.38 
0.421 2 2 2 -4.0 -4.0 -0.277 -0.398 -0.7723 -0.8193 12.38 
0.422 2 2 2 -4.0 -4.0 -0.274 -0.407 -0.8032 -0.8543 12.39 
0.423 2 2 2 -4.0 -4.0 -0.269 -0.388 -0.7872 -0.8366 12.38 
0.424 2 2 2 -4.0 -4.0 -0.275 -0.372 -0.7872 -0.8543 12.38 
0.425 2 2 2 -4.0 -4.0 -0.261 -0.391 -0.8032 -0.8727 12.38 
0.426 2 2 2 -4.0 -4.0 -0.252 -0.398 -0.8032 -0.8727 12.38 
0.427 2 2 2 -4.0 -4.0 -0.267 -0.368 -0.8366 -0.8924 12.38 
0.428 2 2 2 -4.0 -4.0 -0.280 -0.330 -0.8032 -0.9338 12.39 
0.429 2 2 2 -4.0 -4.0 -0.261 -0.365 -0.8366 -0.9338 12.39 
0.430 2 2 2 -4.0 -4.0 -0.245 -0.349 -0.8727 -0.9559 12.38 
0.431 2 2 2 -4.0 -4.0 -0.257 -0.330 -0.8924 -0.9559 12.39 
0.432 2 2 2 -4.0 -4.0 -0.239 -0.324 -0.8924 -0.9796 12.39 
0.433 2 2 2 -4.0 -4.0 -0.228 -0.361 -0.9125 -0.9559 12.39 
0.434 2 2 2 -4.0 -4.0 -0.232 -0.327 -0.8543 -0.9796 12.38 
0.435 2 2 2 -4.0 -4.0 -0.250 -0.298 -0.8543 -0.9796 12.38 
0.436 2 2 2 -4.0 -4.0 -0.265 -0.314 -0.8727 -0.9796 12.39 
0.437 2 2 2 -4.0 -4.0 -0.257 -0.309 -0.8924 -0.9796 12.39 
0.438 2 2 2 -4.0 -4.0 -0.249 -0.277 -0.8924 -0.9559 12.39 
0.439 2 2 2 -4.0 -4.0 -0.234 -0.308 -0.8924 -1.0041 12.39 
0.440 2 2 2 -4.0 -4.0 -0.231 -0.311 -0.9338 -1.0041 12.39 
0.441 2 2 2 -4.0 -4.0 -0.227 -0.278 -0.9125 -1.0298 12.39 
0.442 2 2 2 -4.0 -4.0 -0.255 -0.265 -0.9125 -1.0041 12.39 
0.443 2 2 2 -4.0 -4.0 -0.247 -0.285 -0.9338 -1.0041 12.39 
0.444 2 2 2 -4.0 -4.0 -0.210 -0.261 -0.9559 -1.0298 12.39 
0.445 2 2 2 -4.0 -4.0 -0.188 -0.264 -0.9338 -1.0298 12.39 
0.446 2 2 2 -4.0 -4.0 -0.180 -0.296 -0.9338 -1.0298 12.39 
0.447 2 2 2 -4.0 -4.0 -0.167 -0.278 -0.9796 -1.0567 12.39 
0.448 2 2 2 -4.0 -4.0 -0.173 -0.247 -0.9559 -1.0852 12.39 
0.449 2 2 2 -4.0 -4.0 -0.202 -0.277 -1.0041 -1.0567 12.39 
0.450 2 2 2 -4.0 -4.0 -0.209 -0.262 -0.9796 -1.0852 12.39 
0.451 2 2 2 -4.0 -4.0 -0.186 -0.235 -0.9796 -1.0567 12.39 
0.452 2 2 2 -4.0 -4.0 -0.194 -0.262 -0.9796 -1.1153 12.39 
0.453 2 2 2 -4.0 -4.0 -0.198 -0.252 -1.0041 -1.0298 12.39 
0.454 2 2 2 -4.0 -4.0 -0.182 -0.218 -1.0298 -1.0567 12.40 
0.455 2 2 2 -4.0 -4.0 -0.175 -0.241 -0.9796 -1.0852 12.40 
0.456 2 2 2 -4.0 -4.0 -0.210 -0.254 -0.9559 -1.0852 12.39 
0.457 2 2 2 -4.0 -4.0 -0.213 -0.231 -0.9796 -1.0567 12.39 
0.458 2 2 2 -4.0 -4.0 -0.209 -0.266 -0.9796 -1.1153 12.39 
0.459 2 2 2 -4.0 -4.0 -0.220 -0.268 -1.0041 -1.1153 12.39 
0.460 2 2 2 -4.0 -4.0 -0.205 -0.228 -0.9796 -1.0852 12.39 
0.461 2 2 2 -4.0 -4.0 -0.183 -0.245 -0.9796 -1.1153 12.40 
0.462 2 2 2 -4.0 -4.0 -0.184 -0.243 -1.0041 -1.1153 12.39 
0.463 2 2 2 -4.0 -4.0 -0.187 -0.216 -1.0041 -1.0852 12.39 
0.464 2 2 2 -4.0 -4.0 -0.176 -0.248 -1.0298 -1.1474 12.39 
0.465 2 2 2 -4.0 -4.0 -0.156 -0.242 -1.0041 -1.1153 12.39 
0.466 2 2 2 -4.0 -4.0 -0.162 -0.202 -1.0041 -1.1474 12.40 
0.467 2 2 2 -4.0 -4.0 -0.159 -0.224 -1.0298 -1.1153 12.40 
0.468 2 2 2 -4.0 -4.0 -0.166 -0.220 -1.0298 -1.1474 12.39 
0.469 2 2 2 -4.0 -4.0 -0.182 -0.189 -1.0567 -1.1153 12.40 
0.470 2 2 2 -4.0 -4.0 -0.175 -0.226 -1.0567 -1.1812 12.40 
0.471 2 2 2 -4.0 -4.0 -0.140 -0.212 -1.0567 -1.1812 12.40 
0.472 2 2 2 -4.0 -4.0 -0.160 -0.187 -1.0567 -1.1812 12.40 
0.473 2 2 2 -4.0 -4.0 -0.146 -0.213 -1.0852 -1.1812 12.40 
0.474 2 2 2 -4.0 -4.0 -0.115 -0.210 -1.0567 -1.1812 12.39 
0.475 2 2 2 -4.0 -4.0 -0.136 -0.187 -1.1153 -1.1812 12.40 
0.476 2 2 2 -4.0 -4.0 -0.165 -0.220 -1.0567 -1.1812 12.39 
0.477 2 2 2 -4.0 -4.0 -0.163 -0.193 -1.0567 -1.1812 12.40 
0.478 2 2 2 -4.0 -4.0 -0.163 -0.165 -1.0852 -1.1812 12.39 
0.479 2 2 2 -4.0 -4.0 -0.170 -0.185 -1.0567 -1.1474 12.40 
0.480 2 2 2 -4.0 -4.0 -0.140 -0.174 -1.0567 -1.1812 12.40 
0.481 2 2 2 -4.0 -4.0 -0.125 -0.188 -1.0298 -1.2169 12.40 
0.482 2 2 2 -4.0 -4.0 -0.138 -0.212 -1.0567 -1.1812 12.39 
0.483 2 2 2 -4.0 -4.0 -0.141 -0.186 -1.0852 -1.1812 12.40 
0.484 2 2 2 -4.0 -4.0 -0.134 -0.174 -1.0567 -1.1474 12.40 
0.485 2 2 2 -4.0 -4.0 -0.147 -0.193 -1.0567 -1.1812 12.40 
0.486 2 2 2 -4.0 -4.0 -0.136 -0.172 -1.0852 -1.1474 12.40 
0.487 2 2 2 -4.0 -4.0 -0.137 -0.194 -1.0567 -1.2169 12.40 
0.488 2 2 2 -4.0 -4.0 -0.159 -0.194 -1.0567 -1.2169 12.40 
0.489 2 2 2 -4.0 -4.0 -0.156 -0.155 -1.0852 -1.1812 12.40 
0.490 2 2 2 -4.0 -4.0 -0.134 -0.174 -1.0852 -1.1812 12.40 
0.491 2 2 2 -4.0 -4.0 -0.144 -0.167 -1.0852 -1.1812 12.40 
0.492 2 2 2 -4.0 -4.0 -0.131 -0.149 -1.1153 -1.1812 12.40 
0.493 2 2 2 -4.0 -4.0 -0.123 -0.189 -1.0852 -1.1812 12.40 
0.494 2 2 2 -4.0 -4.0 -0.159 -0.174 -1.0852 -1.2169 12.40 
0.495 2 2 2 -4.0 -4.0 -0.111 -0.216 -1.1153 -1.2169 12.39 
0.496 2 2 2 -4.0 -4.0 -0.019 -0.305 -1.0852 -1.2169 12.39 
0.497 2 2 2 -4.0 -4.0 -0.083 -0.206 -1.0567 -1.1153 12.40 
0.498 2 2 2 -4.0 -4.0 -0.107 -0.197 -1.0852 -1.2169 12.40 
0.499 2 2 2 -4.0 -4.0 -0.106 -0.194 -1.0852 -1.2169 12.40 
0.500 2 2 2 -4.0 -4.0 -0.116 -0.168 -1.0852 -1.2169 12.40 
0.501 2 2 2 -4.0 -4.0 -0.131 -0.172 -1.0852 -1.2169 12.40 
0.502 2 2 2 -4.0 -4.0 -0.114 -0.176 -1.1153 -1.2551 12.40 
0.503 2 2 3 0.0 0.0 -0.121 -0.150 -1.0852 -1.2169 12.40 
0.504 2 2 3 0.0 0.0 -0.050 -0.129 -1.0852 -1.2169 12.40 
0.505 2 2 3 0.0 0.0 0.248 0.207 -1.0852 -1.2169 12.40 
0.506 2 2 3 0.0 0.0 0.448 0.556 -1.0567 -1.1812 12.40 
0.507 2 2 3 0.0 0.0 0.586 0.570 -1.0567 -1.1474 12.40 
0.508 2 2 3 0.0 0.0 0.658 0.703 -1.0567 -1.1474 12.40 
0.509 2 2 3 0.0 0.0 0.715 0.834 -1.0298 -1.1474 12.41 
0.510 2 2 3 0.0 0.0 0.623 0.812 -1.0041 -1.0852 12.41 
0.511 2 2 3 0.0 0.0 0.641 0.788 -0.8032 -1.0852 12.40 
0.512 2 2 3 0.0 0.0 0.689 0.840 -0.8924 -1.0298 12.41 
0.513 2 2 3 0.0 0.0 0.632 0.769 -0.8193 -1.0041 12.40 
0.514 2 2 3 0.0 0.0 0.569 0.690 -0.8193 -0.9796 12.40 
0.515 2 2 3 0.0 0.0 0.590 0.751 -0.7872 -0.8924 12.41 
0.516 2 2 3 0.0 0.0 0.629 0.788 -0.7575 -0.9125 12.40 
0.517 2 2 3 0.0 0.0 0.585 0.651 -0.7044 -0.8366 12.40 
0.518 2 2 3 0.0 0.0 0.551 0.580 -0.7434 -0.8193 12.41 
0.519 2 2 3 0.0 0.0 0.540 0.664 -0.7434 -0.8193 12.41 
0.520 2 2 3 0.0 0.0 0.566 0.696 -0.6924 -0.7434 12.40 
0.521 2 2 3 0.0 0.0 0.562 0.607 -0.6374 -0.7302 12.40 
0.522 2 2 3 0.0 0.0 0.457 0.580 -0.6474 -0.7169 12.40 
0.523 2 2 3 0.0 0.0 0.411 0.605 -0.6474 -0.7169 12.41 
0.524 2 2 3 0.0 0.0 0.434 0.621 -0.6374 -0.6804 12.41 
0.525 2 2 3 0.0 0.0 0.454 0.611 -0.6085 -0.6691 12.41 
0.526 2 2 3 0.0 0.0 0.454 0.530 -0.5655 -0.6273 12.40 
0.527 2 2 3 0.0 0.0 0.414 0.516 -0.5904 -0.5904 12.41 
0.528 2 2 3 0.0 0.0 0.356 0.537 -0.5354 -0.5992 12.41 
0.529 2 2 3 0.0 0.0 0.417 0.481 -0.5213 -0.5575 12.41 
0.530 2 2 3 0.0 0.0 0.426 0.491 -0.5354 -0.5655 12.41 
0.531 2 2 3 0.0 0.0 0.418 0.419 -0.4896 -0.5575 12.41 
0.532 2 2 3 0.0 0.0 0.407 0.398 -0.4896 -0.5020 12.41 
0.533 2 2 3 0.0 0.0 0.384 0.407 -0.4896 -0.5149 12.41 
0.534 2 2 3 0.0 0.0 0.301 0.436 -0.4016 -0.4956 12.41 
0.535 2 2 3 0.0 0.0 0.268 0.460 -0.4097 -0.4562 12.40 
0.536 2 2 3 0.0 0.0 0.281 0.442 -0.4097 -0.4615 12.41 
0.537 2 2 3 0.0 0.0 0.301 0.424 -0.4269 -0.4723 12.40 
0.538 2 2 3 0.0 0.0 0.308 0.366 -0.3651 -0.4510 12.40 
0.539 2 2 3 0.0 0.0 0.319 0.313 -0.3651 -0.3715 12.40 
0.540 2 2 3 0.0 0.0 0.339 0.316 -0.3751 -0.3896 12.40 
0.541 2 2 3 0.0 0.0 0.310 0.342 -0.3550 -0.3976 12.41 
0.542 2 2 3 0.0 0.0 0.248 0.365 -0.3823 -0.3651 12.41 
0.543 2 2 3 0.0 0.0 0.213 0.365 -0.3265 -0.3088 12.41 
0.544 2 2 3 0.0 0.0 0.208 0.347 -0.3289 -0.2972 12.41 
0.545 2 2 3 0.0 0.0 0.205 0.313 -0.3113 -0.3430 12.40 
0.546 2 2 3 0.0 0.0 0.220 0.293 -0.3113 -0.3265 12.41 
0.547 2 2 3 0.0 0.0 0.213 0.247 -0.3185 -0.3064 12.41 
0.548 2 2 3 0.0 0.0 0.208 0.228 -0.2265 -0.3064 12.41 
0.549 2 2 3 0.0 0.0 0.198 0.233 -0.2265 -0.2607 12.41 
0.550 2 2 3 0.0 0.0 0.195 0.244 -0.2639 -0.2827 12.41 
0.551 2 2 3 0.0 0.0 0.197 0.248 -0.2767 -0.2827 12.41 
0.552 2 2 3 0.0 0.0 0.189 0.259 -0.2767 -0.2623 12.41 
0.553 2 2 3 0.0 0.0 0.162 0.267 -0.2607 -0.2390 12.41 
0.554 2 2 3 0.0 0.0 0.130 0.265 -0.2607 -0.2390 12.41 
0.555 2 2 3 0.0 0.0 0.113 0.252 -0.1948 -0.1976 12.40 
0.556 2 2 3 0.0 0.0 0.117 0.225 -0.1948 -0.1976 12.40 
0.557 2 2 3 0.0 0.0 0.132 0.206 -0.2133 -0.2133 12.40 
0.558 2 2 3 0.0 0.0 0.127 0.191 -0.2133 -0.2133 12.41 
0.559 2 2 3 0.0 0.0 0.129 0.168 -0.1920 -0.2048 12.41 
0.560 2 2 3 0.0 0.0 0.112 0.151 -0.1920 -0.2048 12.41 
0.561 2 2 3 0.0 0.0 0.107 0.142 -0.1976 -0.1815 12.41 
0.562 2 2 3 0.0 0.0 0.103 0.139 -0.1976 -0.1799 12.41 
0.563 2 2 3 0.0 0.0 0.099 0.131 -0.1631 -0.1799 12.41 
0.564 2 2 3 0.0 0.0 0.103 0.125 -0.1514 -0.1434 12.41 
0.565 2 2 3 0.0 0.0 0.107 0.119 -0.1514 -0.1434 12.41 
0.566 2 2 3 0.0 0.0 0.107 0.115 -0.1554 -0.1434 12.41 
0.567 2 2 3 0.0 0.0 0.112 0.107 -0.1554 -0.1402 12.41 
0.568 2 2 3 0.0 0.0 0.114 0.111 -0.1554 -0.1402 12.41 
0.569 2 2 3 0.0 0.0 0.111 0.099 -0.1317 -0.1402 12.40 
0.570 2 2 3 0.0 0.0 0.114 0.097 -0.1317 -0.1209 12.40 
0.571 2 2 3 0.0 0.0 0.109 0.097 -0.1317 -0.1125 12.41 
0.572 2 2 3 0.0 0.0 0.099 0.098 -0.1374 -0.1125 12.41 
0.573 2 2 3 0.0 0.0 0.085 0.107 -0.1374 -0.1125 12.41 
0.574 2 2 3 0.0 0.0 0.075 0.092 -0.1374 -0.1068 12.40 
0.575 2 2 3 0.0 0.0 0.064 0.086 -0.1225 -0.0956 12.40 
0.576 2 2 3 0.0 0.0 0.055 0.084 -0.1008 -0.0956 12.41 
0.577 2 2 3 0.0 0.0 0.056 0.083 -0.1008 -0.0956 12.41 
0.578 2 2 3 0.0 0.0 0.054 0.084 -0.1008 -0.0956 12.41 
0.579 2 2 3 0.0 0.0 0.050 0.084 -0.1008 -0.0880 12.41 
0.580 2 2 3 0.0 0.0 0.047 0.081 -0.0936 -0.0795 12.41 
0.581 2 2 3 0.0 0.0 0.060 0.065 -0.0880 -0.0795 12.41 
0.582 2 2 3 0.0 0.0 0.060 0.052 -0.0880 -0.0795 12.41 
0.583 2 2 3 0.0 0.0 0.061 0.046 -0.0880 -0.0795 12.41 
0.584 2 2 3 0.0 0.0 0.061 0.054 -0.0880 -0.0795 12.41 
0.585 2 2 3 0.0 0.0 0.057 0.046 -0.0843 -0.0727 12.41 
0.586 2 2 3 0.0 0.0 0.054 0.048 -0.0699 -0.0687 12.41 
0.587 2 2 3 0.0 0.0 0.056 0.047 -0.0594 -0.0687 12.41 
0.588 2 2 3 0.0 0.0 0.052 0.051 -0.0566 -0.0687 12.41 
0.589 2 2 3 0.0 0.0 0.046 0.046 -0.0566 -0.0687 12.41 
0.590 2 2 3 0.0 0.0 0.035 0.046 -0.0566 -0.0687 12.41 
0.591 2 2 3 0.0 0.0 0.031 0.042 -0.0566 -0.0687 12.41 
0.592 2 2 3 0.0 0.0 0.041 0.031 -0.0566 -0.0598 12.41 
0.593 2 2 3 0.0 0.0 0.038 0.033 -0.0566 -0.0522 12.41 
0.594 2 2 3 0.0 0.0 0.031 0.035 -0.0566 -0.0494 12.41 
0.595 2 2 3 0.0 0.0 0.025 0.037 -0.0522 -0.0494 12.41 
0.596 2 2 3 0.0 0.0 0.024 0.032 -0.0462 -0.0494 12.41 
0.597 2 2 3 0.0 0.0 0.073 -0.026 -0.0414 -0.0494 12.41 
0.598 2 2 3 0.0 0.0 0.149 -0.105 -0.0374 -0.0494 12.41 
0.599 2 2 3 0.0 0.0 0.075 -0.025 -0.0341 -0.0494 12.41 
0.600 2 2 3 0.0 0.0 0.027 0.012 -0.0333 -0.0494 12.41 
0.601 2 2 3 0.0 0.0 0.008 0.023 -0.0333 -0.0494 12.40 
0.602 2 2 3 0.0 0.0 0.008 0.022 -0.0333 -0.0466 12.40 
0.603 2 2 3 0.0 0.0 0.005 0.024 -0.0333 -0.0418 12.41 
0.604 2 2 3 0.0 0.0 0.007 0.020 -0.0333 -0.0378 12.41 
0.605 2 2 3 0.0 0.0 0.009 0.016 -0.0333 -0.0345 12.41 
0.606 2 2 3 0.0 0.0 0.005 0.018 -0.0333 -0.0317 12.41 
0.607 2 2 3 0.0 0.0 0.003 0.013 -0.0333 -0.0293 12.40 
0.608 2 2 3 0.0 0.0 0.003 0.008 -0.0333 -0.0273 12.41 
0.609 2 2 3 0.0 0.0 0.006 -0.000 -0.0333 -0.0257 12.41 
0.610 2 2 3 0.0 0.0 0.002 -0.006 -0.0333 -0.0241 12.41 
0.611 2 2 3 0.0 0.0 -0.007 -0.010 -0.0333 -0.0225 12.41 
0.612 2 2 3 0.0 0.0 0.001 -0.003 -0.0313 -0.0213 12.41 
0.613 2 2 3 0.0 0.0 0.003 -0.001 -0.0289 -0.0205 12.41 
0.614 2 2 3 0.0 0.0 -0.000 -0.003 -0.0269 -0.0193 12.41 
0.615 2 2 3 0.0 0.0 0.001 -0.007 -0.0253 -0.0185 12.41 
0.616 2 2 3 0.0 0.0 0.010 -0.009 -0.0237 -0.0177 12.41 
0.617 2 2 3 0.0 0.0 0.003 -0.007 -0.0225 -0.0169 12.41 
0.618 2 2 3 0.0 0.0 0.000 -0.011 -0.0213 -0.0161 12.41 
0.619 2 2 3 0.0 0.0 0.001 0.001 -0.0201 -0.0157 12.41 
0.620 2 2 3 0.0 0.0 -0.000 -0.001 -0.0193 -0.0149 12.41 
0.621 2 2 3 0.0 0.0 0.001 -0.010 -0.0181 -0.0145 12.41 
0.622 2 2 3 0.0 0.0 0.002 -0.008 -0.0173 -0.0141 12.41 
0.623 2 2 3 0.0 0.0 0.005 -0.000 -0.0169 -0.0133 12.41 
0.624 2 2 3 0.0 0.0 0.003 -0.006 -0.0161 -0.0129 12.41 
0.625 2 2 3 0.0 0.0 0.000 0.004 -0.0153 -0.0125 12.41 
0.626 2 2 3 0.0 0.0 0.002 0.004 -0.0149 -0.0120 12.41 
0.627 2 2 3 0.0 0.0 -0.000 -0.003 -0.0141 -0.0116 12.41 
0.628 2 2 3 0.0 0.0 -0.002 -0.003 -0.0137 -0.0112 12.41 
0.629 2 2 3 0.0 0.0 -0.000 0.002 -0.0133 -0.0112 12.41 
0.630 2 2 3 0.0 0.0 -0.003 0.007 -0.0129 -0.0108 12.40 
0.631 2 2 3 0.0 0.0 0.001 0.002 -0.0125 -0.0104 12.41 
0.632 2 2 3 0.0 0.0 -0.002 0.003 -0.0120 -0.0100 12.41 
0.633 2 2 3 0.0 0.0 -0.007 -0.003 -0.0116 -0.0100 12.41 
0.634 2 2 3 0.0 0.0 -0.007 -0.007 -0.0112 -0.0096 12.41 
0.635 2 2 3 0.0 0.0 -0.007 -0.007 -0.0108 -0.0096 12.41 
0.636 2 2 3 0.0 0.0 -0.010 0.001 -0.0108 -0.0092 12.41 
0.637 2 2 3 0.0 0.0 -0.008 0.004 -0.0104 -0.0088 12.41 
0.638 2 2 3 0.0 0.0 -0.003 -0.003 -0.0100 -0.0088 12.41 
0.639 2 2 3 0.0 0.0 -0.001 0.001 -0.0100 -0.0084 12.41 
0.640 2 2 3 0.0 0.0 -0.007 0.006 -0.0096 -0.0084 12.40 
0.641 2 2 3 0.0 0.0 -0.007 0.003 -0.0092 -0.0084 12.41 
0.642 2 2 3 0.0 0.0 -0.001 0.001 -0.0092 -0.0080 12.41 
0.643 2 2 3 0.0 0.0 -0.003 0.001 -0.0088 -0.0080 12.41 
0.644 2 2 3 0.0 0.0 -0.003 -0.000 -0.0088 -0.0076 12.41 
0.645 2 2 3 0.0 0.0 0.003 0.008 -0.0084 -0.0076 12.41 
0.646 2 2 3 0.0 0.0 0.002 0.001 -0.0084 -0.0076 12.41 
0.647 2 2 3 0.0 0.0 0.001 -0.004 -0.0080 -0.0072 12.41 
0.648 2 2 3 0.0 0.0 0.002 -0.004 -0.0080 -0.0072 12.41 
0.649 2 2 3 0.0 0.0 0.004 -0.002 -0.0080 -0.0068 12.41 
0.650 2 2 3 0.0 0.0 0.002 0.002 -0.0076 -0.0068 12.41 
0.651 2 2 3 0.0 0.0 -0.007 -0.000 -0.0076 -0.0068 12.41 
0.652 2 2 3 0.0 0.0 -0.011 0.007 -0.0072 -0.0068 12.41 
0.653 2 2 3 0.0 0.0 -0.008 0.004 -0.0072 -0.0064 12.41 
0.654 2 2 3 0.0 0.0 -0.001 0.004 -0.0072 -0.0064 12.41 
0.655 2 2 3 0.0 0.0 -0.007 0.008 -0.0068 -0.0064 12.41 
0.656 2 2 3 0.0 0.0 0.002 0.012 -0.0068 -0.0060 12.41 
0.657 2 2 3 0.0 0.0 0.004 0.008 -0.0068 -0.0060 12.41 
0.658 2 2 3 0.0 0.0 0.002 0.007 -0.0068 -0.0060 12.41 
0.659 2 2 3 0.0 0.0 0.006 0.002 -0.0064 -0.0060 12.41 
0.660 2 2 3 0.0 0.0 0.001 0.001 -0.0064 -0.0060 12.41 
0.661 2 2 3 0.0 0.0 -0.002 0.001 -0.0064 -0.0056 12.41 
0.662 2 2 3 0.0 0.0 0.005 -0.003 -0.0060 -0.0056 12.41 
0.663 2 2 3 0.0 0.0 0.008 -0.007 -0.0060 -0.0056 12.41 
0.664 2 2 3 0.0 0.0 0.010 -0.005 -0.0060 -0.0056 12.41 
0.665 2 2 3 0.0 0.0 0.004 -0.005 -0.0060 -0.0052 12.41 
