%% logfile from robot Susanne (66)
% Susanne (66)
%  1    time 0.000 sec
%  2  3  4   (mission 0), state 2, thread 19, line 0
%  5  6 Motor voltage [V] left, right: 1.2 1.2
%  7  8 Motor current left, right [A]: -0.035 -0.037
%  9 10 Wheel velocity [m/s] left, right: 0.0000 0.0000
% 11    Battery voltage [V]: 12.20
0.001 2 19 0 1.2 1.2 0.040 0.004 0.0000 0.0000 12.18 
0.002 2 19 0 1.2 1.2 0.148 0.116 0.0000 0.0000 12.18 
0.003 2 19 0 1.2 1.2 0.241 0.225 0.0000 0.0000 12.17 
0.004 2 19 0 1.2 1.2 0.283 0.289 0.0000 0.0000 12.17 
0.005 2 19 0 1.2 1.2 0.301 0.332 0.0000 0.0000 12.17 
0.006 2 19 0 1.2 1.2 0.329 0.340 0.0000 0.0000 12.18 
0.007 2 19 0 1.2 1.2 0.328 0.330 0.0000 0.0000 12.18 
0.008 2 19 0 1.2 1.2 0.307 0.326 0.0000 0.0000 12.18 
0.009 2 19 0 1.2 1.2 0.302 0.317 0.0000 0.0000 12.17 
0.010 2 19 0 1.2 1.2 0.297 0.315 0.0000 0.0000 12.17 
0.011 2 19 0 1.2 1.2 0.283 0.323 0.0000 0.0000 12.18 
0.012 2 19 0 1.2 1.2 0.268 0.319 0.0000 0.0000 12.18 
0.013 2 19 0 1.2 1.2 0.261 0.326 0.0952 0.0606 12.18 
0.014 2 19 0 1.2 1.2 0.287 0.322 0.0952 0.0606 12.16 
0.015 2 19 0 1.2 1.2 0.254 0.300 0.0952 0.0606 12.17 
0.016 2 19 0 1.2 1.2 0.252 0.314 0.1285 0.0606 12.18 
0.017 2 19 0 1.2 1.2 0.244 0.278 0.1285 0.0606 12.19 
0.018 2 19 0 1.2 1.2 0.245 0.253 0.1285 0.0956 12.17 
0.019 2 19 0 1.2 1.2 0.253 0.245 0.1434 0.0956 12.16 
0.020 2 19 0 1.2 1.2 0.256 0.239 0.1434 0.0956 12.17 
0.021 2 19 0 1.2 1.2 0.241 0.239 0.2145 0.1084 12.17 
0.022 2 19 0 1.2 1.2 0.218 0.253 0.2145 0.1084 12.18 
0.023 2 19 0 1.2 1.2 0.215 0.262 0.1823 0.1084 12.18 
0.024 2 19 0 1.2 1.2 0.207 0.251 0.1823 0.1434 12.19 
0.025 2 19 0 1.2 1.2 0.199 0.247 0.1856 0.1434 12.19 
0.026 2 19 0 1.2 1.2 0.200 0.236 0.1856 0.1434 12.18 
0.027 2 19 0 1.2 1.2 0.205 0.218 0.1856 0.1538 12.19 
0.028 2 19 0 1.2 1.2 0.201 0.222 0.1715 0.1538 12.19 
0.029 2 19 0 1.2 1.2 0.187 0.223 0.2590 0.1839 12.19 
0.030 2 19 0 1.2 1.2 0.175 0.235 0.2590 0.1839 12.18 
0.031 2 19 0 1.2 1.2 0.180 0.239 0.2241 0.1823 12.18 
0.032 2 19 0 1.2 1.2 0.196 0.249 0.2241 0.1823 12.19 
0.033 2 19 0 1.2 1.2 0.177 0.279 0.2217 0.2145 12.18 
0.034 2 19 0 1.2 1.2 0.194 0.253 0.2217 0.2145 12.19 
0.035 2 19 0 1.2 1.2 0.215 0.223 0.2145 0.2056 12.18 
0.036 2 19 0 1.2 1.2 0.184 0.196 0.2972 0.2056 12.18 
0.037 2 19 0 1.2 1.2 0.158 0.182 0.2972 0.2293 12.18 
0.038 2 19 0 1.2 1.2 0.154 0.154 0.2402 0.2241 12.19 
0.039 2 19 0 1.2 1.2 0.155 0.148 0.2462 0.2169 12.19 
0.040 2 19 0 1.2 1.2 0.143 0.144 0.2462 0.2402 12.19 
0.041 2 19 0 1.2 1.2 0.157 0.152 0.2402 0.2402 12.19 
0.042 2 19 0 1.2 1.2 0.139 0.140 0.3185 0.2157 12.18 
0.043 2 19 0 1.2 1.2 0.152 0.136 0.3185 0.2157 12.19 
0.044 2 19 0 1.2 1.2 0.131 0.141 0.2510 0.2522 12.19 
0.045 2 19 0 1.2 1.2 0.136 0.141 0.2510 0.2446 12.18 
0.046 2 19 0 1.2 1.2 0.147 0.155 0.2695 0.2446 12.19 
0.047 2 19 0 1.2 1.2 0.160 0.167 0.2462 0.2639 12.19 
0.048 2 19 0 1.2 1.2 0.169 0.183 0.3490 0.2510 12.19 
0.049 2 19 0 1.2 1.2 0.165 0.174 0.3317 0.2510 12.19 
0.050 2 19 0 1.2 1.2 0.154 0.160 0.2868 0.2711 12.19 
0.051 2 19 0 1.2 1.2 0.141 0.150 0.2807 0.2695 12.19 
0.052 2 19 0 1.2 1.2 0.125 0.132 0.2807 0.2695 12.19 
0.053 2 19 0 1.2 1.2 0.127 0.124 0.2623 0.2787 12.19 
0.054 2 19 0 1.2 1.2 0.116 0.123 0.3615 0.2675 12.18 
0.055 2 19 0 1.2 1.2 0.120 0.118 0.2972 0.2675 12.19 
0.056 2 19 0 1.2 1.2 0.123 0.140 0.2928 0.2888 12.19 
0.057 2 19 0 1.2 1.2 0.137 0.138 0.2928 0.2590 12.19 
0.058 2 19 0 1.2 1.2 0.145 0.148 0.2659 0.2590 12.19 
0.059 2 19 0 1.2 1.2 0.152 0.159 0.3787 0.3016 12.19 
0.060 2 19 0 1.2 1.2 0.142 0.142 0.3137 0.2787 12.18 
0.061 2 19 0 1.2 1.2 0.119 0.114 0.3137 0.3040 12.19 
0.062 2 19 0 1.2 1.2 0.109 0.102 0.3016 0.3040 12.19 
0.063 2 19 0 1.2 1.2 0.099 0.098 0.2607 0.2711 12.19 
0.064 2 19 0 1.2 1.2 0.084 0.091 0.3896 0.3088 12.19 
0.065 2 19 0 1.2 1.2 0.078 0.084 0.3402 0.3040 12.18 
0.066 2 19 0 1.2 1.2 0.089 0.080 0.3402 0.3040 12.18 
0.067 2 19 0 1.2 1.2 0.108 0.075 0.3088 0.3137 12.18 
0.068 2 19 0 1.2 1.2 0.125 0.082 0.2607 0.2695 12.19 
0.069 2 19 0 1.2 1.2 0.124 0.115 0.4016 0.3213 12.19 
0.070 2 19 0 1.2 1.2 0.130 0.133 0.3213 0.3213 12.19 
0.071 2 19 0 1.2 1.2 0.119 0.142 0.3213 0.3016 12.19 
0.072 2 19 0 1.2 1.2 0.099 0.133 0.3137 0.3237 12.19 
0.073 2 19 0 1.2 1.2 0.087 0.103 0.3185 0.2928 12.19 
0.074 2 19 0 1.2 1.2 0.102 0.073 0.3615 0.2928 12.19 
0.075 2 19 0 1.2 1.2 0.088 0.069 0.3430 0.3237 12.19 
0.076 2 19 0 1.2 1.2 0.082 0.083 0.3213 0.3016 12.20 
0.077 2 19 0 1.2 1.2 0.087 0.075 0.3213 0.3237 12.19 
0.078 2 19 0 1.2 1.2 0.103 0.093 0.3137 0.3213 12.19 
0.079 2 19 0 1.2 1.2 0.093 0.132 0.3582 0.2996 12.19 
0.080 2 19 0 1.2 1.2 0.098 0.134 0.2767 0.3289 12.19 
0.081 2 19 0 1.2 1.2 0.084 0.122 0.3289 0.3113 12.20 
0.082 2 19 0 1.2 1.2 0.086 0.114 0.3289 0.3289 12.19 
0.083 2 19 0 1.2 1.2 0.078 0.100 0.3751 0.3289 12.19 
0.084 2 19 0 1.2 1.2 0.070 0.093 0.3751 0.2623 12.19 
0.085 2 19 0 1.2 1.2 0.063 0.095 0.3289 0.3317 12.18 
0.086 2 19 0 1.2 1.2 0.088 0.075 0.3317 0.3522 12.18 
0.087 2 19 0 1.2 1.2 0.108 0.071 0.3137 0.3346 12.19 
0.088 2 19 0 1.2 1.2 0.113 0.083 0.3683 0.3346 12.19 
0.089 2 19 0 1.2 1.2 0.112 0.091 0.3522 0.2787 12.19 
0.090 2 19 0 1.2 1.2 0.091 0.094 0.3402 0.3402 12.19 
0.091 2 19 0 1.2 1.2 0.079 0.136 0.3402 0.3237 12.19 
0.092 2 19 0 1.2 1.2 0.065 0.127 0.2972 0.3402 12.19 
0.093 2 19 0 1.2 1.2 0.070 0.115 0.3550 0.3402 12.19 
0.094 2 19 0 1.2 1.2 0.059 0.093 0.3615 0.3088 12.19 
0.095 2 19 0 1.2 1.2 0.074 0.084 0.3430 0.3430 12.19 
0.096 2 19 0 1.2 1.2 0.095 0.077 0.3213 0.3185 12.19 
0.097 2 19 0 1.2 1.2 0.102 0.084 0.3715 0.3462 12.19 
0.098 2 19 0 1.2 1.2 0.101 0.095 0.3462 0.3430 12.19 
0.099 2 19 0 1.2 1.2 0.089 0.125 0.3490 0.3185 12.19 
0.100 2 19 0 1.2 1.2 0.073 0.130 0.3490 0.3522 12.19 
0.101 2 19 0 1.2 1.2 0.057 0.116 0.3346 0.3265 12.19 
0.102 2 19 0 1.2 1.2 0.048 0.098 0.3787 0.3550 12.19 
0.103 2 19 0 1.2 1.2 0.055 0.095 0.3374 0.3289 12.19 
0.104 2 19 0 1.2 1.2 0.059 0.090 0.3522 0.3522 12.19 
0.105 2 19 0 1.2 1.2 0.093 0.082 0.3213 0.3522 12.19 
0.106 2 19 0 1.2 1.2 0.100 0.065 0.3751 0.3137 12.19 
0.107 2 19 0 1.2 1.2 0.086 0.064 0.3651 0.3550 12.19 
0.108 2 19 0 1.2 1.2 0.098 0.074 0.3522 0.3374 12.19 
0.109 2 19 0 1.2 1.2 0.084 0.106 0.3289 0.3615 12.19 
0.110 2 19 0 1.2 1.2 0.070 0.114 0.3823 0.3317 12.19 
0.111 2 19 0 1.2 1.2 0.048 0.109 0.3615 0.3615 12.19 
0.112 2 19 0 1.2 1.2 0.044 0.095 0.3615 0.3615 12.19 
0.113 2 19 0 1.2 1.2 0.057 0.084 0.3550 0.3522 12.19 
0.114 2 19 0 1.2 1.2 0.088 0.083 0.3213 0.3615 12.19 
0.115 2 19 0 1.2 1.2 0.112 0.083 0.3751 0.3402 12.20 
0.116 2 19 0 1.2 1.2 0.092 0.076 0.3751 0.3651 12.19 
0.117 2 19 0 1.2 1.2 0.080 0.079 0.3582 0.3185 12.18 
0.118 2 19 0 1.2 1.2 0.058 0.086 0.3040 0.3715 12.18 
0.119 2 19 0 1.2 1.2 0.057 0.101 0.3651 0.3462 12.19 
0.120 2 19 0 1.2 1.2 0.055 0.088 0.3936 0.3402 12.19 
0.121 2 19 0 1.2 1.2 0.074 0.083 0.3582 0.3683 12.19 
0.122 2 19 0 1.2 1.2 0.093 0.065 0.3346 0.3237 12.19 
0.123 2 19 0 1.2 1.2 0.098 0.051 0.2972 0.3715 12.19 
0.124 2 19 0 1.2 1.2 0.090 0.045 0.3615 0.3651 12.19 
0.125 2 19 0 1.2 1.2 0.089 0.045 0.3615 0.3683 12.19 
0.126 2 19 0 1.2 1.2 0.064 0.042 0.3550 0.3161 12.19 
0.127 2 19 0 1.2 1.2 0.047 0.060 0.3582 0.3715 12.19 
0.128 2 19 0 1.2 1.2 0.049 0.103 0.4097 0.3715 12.18 
0.129 2 19 0 1.2 1.2 0.048 0.108 0.3823 0.3522 12.19 
0.130 2 19 0 1.2 1.2 0.062 0.088 0.3582 0.3715 12.19 
0.131 2 19 0 1.2 1.2 0.074 0.069 0.3462 0.3402 12.19 
0.132 2 19 0 1.2 1.2 0.089 0.057 0.3976 0.3715 12.19 
0.133 2 19 0 1.2 1.2 0.074 0.052 0.3064 0.3462 12.19 
0.134 2 19 0 1.2 1.2 0.060 0.054 0.3615 0.3683 12.20 
0.135 2 19 0 1.2 1.2 0.042 0.068 0.3651 0.3430 12.19 
0.136 2 19 0 1.2 1.2 0.036 0.082 0.4097 0.3715 12.19 
0.137 2 19 0 1.2 1.2 0.048 0.099 0.3550 0.3715 12.19 
0.138 2 19 0 1.2 1.2 0.049 0.102 0.3550 0.3490 12.19 
0.139 2 19 0 1.2 1.2 0.072 0.075 0.3651 0.3715 12.19 
0.140 2 19 0 1.2 1.2 0.097 0.060 0.3402 0.2952 12.19 
0.141 2 19 0 1.2 1.2 0.111 0.061 0.3976 0.3715 12.19 
0.142 2 19 0 1.2 1.2 0.087 0.064 0.3787 0.3896 12.19 
0.143 2 19 0 1.2 1.2 0.069 0.059 0.3651 0.3683 12.19 
0.144 2 19 0 1.2 1.2 0.051 0.073 0.3213 0.3185 12.19 
0.145 2 19 0 1.2 1.2 0.045 0.079 0.3787 0.3113 12.19 
0.146 2 19 0 1.2 1.2 0.033 0.084 0.3860 0.3715 12.19 
0.147 2 19 0 1.2 1.2 0.039 0.111 0.3683 0.3582 12.19 
0.148 2 19 0 1.2 1.2 0.060 0.105 0.3402 0.3715 12.19 
0.149 2 19 0 1.2 1.2 0.087 0.087 0.3936 0.3402 12.19 
0.150 2 19 0 1.2 1.2 0.075 0.057 0.3683 0.3715 12.19 
0.151 2 19 1 4.0 4.0 0.067 0.053 0.3683 0.3490 12.19 
0.152 2 19 1 4.0 4.0 0.165 0.087 0.3522 0.3751 12.16 
0.153 2 19 1 4.0 4.0 0.386 0.346 0.4056 0.3522 12.12 
0.154 2 19 1 4.0 4.0 0.566 0.654 0.3787 0.3787 12.11 
0.155 2 19 1 4.0 4.0 0.679 0.844 0.3976 0.4016 12.12 
0.156 2 19 1 4.0 4.0 0.784 0.819 0.4016 0.4269 12.10 
0.157 2 19 1 4.0 4.0 0.830 0.798 0.4723 0.4362 12.11 
0.158 2 19 1 4.0 4.0 0.759 0.791 0.4836 0.4667 12.12 
0.159 2 19 1 4.0 4.0 0.729 0.777 0.4836 0.4667 12.11 
0.160 2 19 1 4.0 4.0 0.683 0.772 0.5575 0.5213 12.12 
0.161 2 19 1 4.0 4.0 0.720 0.791 0.5575 0.5498 12.10 
0.162 2 19 1 4.0 4.0 0.758 0.789 0.5354 0.5820 12.11 
0.163 2 19 1 4.0 4.0 0.713 0.690 0.6273 0.5904 12.12 
0.164 2 19 1 4.0 4.0 0.657 0.650 0.6177 0.6085 12.11 
0.165 2 19 1 4.0 4.0 0.601 0.627 0.6691 0.6374 12.11 
0.166 2 19 1 4.0 4.0 0.584 0.673 0.6804 0.6583 12.11 
0.167 2 19 1 4.0 4.0 0.606 0.670 0.6085 0.6804 12.12 
0.168 2 19 1 4.0 4.0 0.568 0.591 0.6691 0.6583 12.13 
0.169 2 19 1 4.0 4.0 0.580 0.544 0.6924 0.7169 12.13 
0.170 2 19 1 4.0 4.0 0.545 0.500 0.7575 0.6924 12.13 
0.171 2 19 1 4.0 4.0 0.521 0.530 0.7302 0.7302 12.13 
0.172 2 19 1 4.0 4.0 0.559 0.551 0.7723 0.7575 12.13 
0.173 2 19 1 4.0 4.0 0.465 0.468 0.7169 0.7723 12.14 
0.174 2 19 1 4.0 4.0 0.435 0.440 0.8032 0.7872 12.12 
0.175 2 19 1 4.0 4.0 0.437 0.498 0.7872 0.7872 12.13 
0.176 2 19 1 4.0 4.0 0.482 0.506 0.8193 0.8032 12.13 
0.177 2 19 1 4.0 4.0 0.428 0.472 0.8193 0.7723 12.13 
0.178 2 19 1 4.0 4.0 0.408 0.447 0.8193 0.8193 12.13 
0.179 2 19 1 4.0 4.0 0.437 0.452 0.8193 0.8032 12.13 
0.180 2 19 1 4.0 4.0 0.424 0.467 0.8543 0.8366 12.14 
0.181 2 19 1 4.0 4.0 0.393 0.413 0.8543 0.8543 12.14 
0.182 2 19 1 4.0 4.0 0.389 0.407 0.8924 0.8727 12.14 
0.183 2 19 1 4.0 4.0 0.381 0.492 0.8366 0.8924 12.14 
0.184 2 19 1 4.0 4.0 0.366 0.454 0.9125 0.9125 12.15 
0.185 2 19 1 4.0 4.0 0.331 0.421 0.9559 0.9125 12.15 
0.186 2 19 1 4.0 4.0 0.356 0.382 0.9559 0.9559 12.14 
0.187 2 19 1 4.0 4.0 0.368 0.423 0.9559 0.9559 12.14 
0.188 2 19 1 4.0 4.0 0.352 0.391 0.8543 0.9559 12.15 
0.189 2 19 1 4.0 4.0 0.309 0.365 0.9559 0.9559 12.14 
0.190 2 19 1 4.0 4.0 0.327 0.388 0.9338 0.9796 12.14 
0.191 2 19 1 4.0 4.0 0.322 0.350 0.9338 0.9559 12.15 
0.192 2 19 1 4.0 4.0 0.305 0.313 1.0041 1.0041 12.15 
0.193 2 19 1 4.0 4.0 0.304 0.307 0.9796 1.0041 12.14 
0.194 2 19 1 4.0 4.0 0.318 0.360 0.9796 1.0041 12.15 
0.195 2 19 1 4.0 4.0 0.272 0.308 1.0567 1.0298 12.16 
0.196 2 19 1 4.0 4.0 0.300 0.274 1.0298 1.0567 12.15 
0.197 2 19 1 4.0 4.0 0.337 0.292 1.0567 1.0567 12.15 
0.198 2 19 1 4.0 4.0 0.293 0.274 1.0567 1.0567 12.15 
0.199 2 19 1 4.0 4.0 0.274 0.267 1.0567 1.0041 12.15 
0.200 2 19 1 4.0 4.0 0.268 0.297 1.0852 1.0567 12.15 
0.201 2 19 1 4.0 4.0 0.253 0.296 1.0567 1.0567 12.15 
0.202 2 19 1 4.0 4.0 0.220 0.258 1.0852 1.0567 12.15 
0.203 2 19 1 4.0 4.0 0.264 0.320 1.1153 1.0567 12.15 
0.204 2 19 1 4.0 4.0 0.249 0.300 1.0852 1.0852 12.16 
0.205 2 19 1 4.0 4.0 0.226 0.265 1.1153 1.0852 12.16 
0.206 2 19 1 4.0 4.0 0.249 0.270 1.1153 1.0852 12.15 
0.207 2 19 1 4.0 4.0 0.228 0.286 1.0567 1.1153 12.16 
0.208 2 19 1 4.0 4.0 0.211 0.254 1.1474 1.0567 12.15 
0.209 2 19 1 4.0 4.0 0.241 0.288 1.1153 1.1153 12.15 
0.210 2 19 1 4.0 4.0 0.230 0.270 1.1153 1.1153 12.15 
0.211 2 19 1 4.0 4.0 0.208 0.221 1.1474 1.0041 12.15 
0.212 2 19 1 4.0 4.0 0.231 0.239 1.1153 1.1474 12.14 
0.213 2 19 1 4.0 4.0 0.194 0.255 1.1812 1.1474 12.16 
0.214 2 19 1 4.0 4.0 0.181 0.207 1.1474 1.1474 12.16 
0.215 2 19 1 4.0 4.0 0.219 0.226 1.1812 1.1474 12.16 
0.216 2 19 1 4.0 4.0 0.211 0.231 1.1812 1.1153 12.16 
0.217 2 19 1 4.0 4.0 0.206 0.188 1.1474 1.1153 12.16 
0.218 2 19 1 4.0 4.0 0.237 0.221 1.1474 1.1812 12.16 
0.219 2 19 1 4.0 4.0 0.203 0.223 1.2169 1.1474 12.15 
0.220 2 19 1 4.0 4.0 0.184 0.207 1.1474 1.1474 12.15 
0.221 2 19 1 4.0 4.0 0.230 0.247 1.2169 1.1812 12.16 
0.222 2 19 1 4.0 4.0 0.214 0.233 1.2551 1.1474 12.16 
0.223 2 19 1 4.0 4.0 0.225 0.178 1.2169 1.1812 12.16 
0.224 2 19 1 4.0 4.0 0.204 0.193 1.1474 1.1812 12.15 
0.225 2 19 1 4.0 4.0 0.160 0.153 1.2169 1.1812 12.16 
0.226 2 19 1 4.0 4.0 0.187 0.164 1.2169 1.1812 12.14 
0.227 2 19 1 4.0 4.0 0.177 0.193 1.1812 1.1474 12.16 
0.228 2 19 1 4.0 4.0 0.154 0.163 1.2169 1.1812 12.17 
0.229 2 19 1 4.0 4.0 0.176 0.146 1.1812 1.1812 12.16 
0.230 2 19 1 4.0 4.0 0.158 0.204 1.2551 1.2169 12.16 
0.231 2 19 1 4.0 4.0 0.150 0.168 1.0852 1.2169 12.16 
0.232 2 19 1 4.0 4.0 0.189 0.182 1.2169 1.2169 12.15 
0.233 2 19 1 4.0 4.0 0.174 0.197 1.2169 1.1812 12.16 
0.234 2 19 1 4.0 4.0 0.173 0.163 1.1812 1.1812 12.16 
0.235 2 19 1 4.0 4.0 0.173 0.178 1.2551 1.2169 12.15 
0.236 2 19 1 4.0 4.0 0.130 0.163 1.2551 1.2169 12.16 
0.237 2 19 1 4.0 4.0 0.162 0.144 1.2952 1.2169 12.15 
0.238 2 19 1 4.0 4.0 0.153 0.186 1.2169 1.2169 12.15 
0.239 2 19 1 4.0 4.0 0.132 0.171 1.2551 1.2551 12.16 
0.240 2 19 1 4.0 4.0 0.165 0.159 1.2952 1.1153 12.16 
0.241 2 19 1 4.0 4.0 0.141 0.174 1.2551 1.2551 12.16 
0.242 2 19 1 4.0 4.0 0.146 0.158 1.1812 1.2169 12.16 
0.243 2 19 1 4.0 4.0 0.173 0.174 1.2551 1.2169 12.15 
0.244 2 19 1 4.0 4.0 0.142 0.167 1.2952 1.2169 12.16 
0.245 2 19 1 4.0 4.0 0.158 0.129 1.2952 1.2169 12.16 
0.246 2 19 1 4.0 4.0 0.126 0.163 1.2169 1.2169 12.16 
0.247 2 19 1 4.0 4.0 0.117 0.151 1.2551 1.2551 12.17 
0.248 2 19 1 4.0 4.0 0.159 0.115 1.2952 1.2551 12.16 
0.249 2 19 1 4.0 4.0 0.154 0.149 1.2952 1.1812 12.16 
0.250 2 19 1 4.0 4.0 0.154 0.129 1.2551 1.2551 12.16 
0.251 2 19 1 4.0 4.0 0.162 0.122 1.2952 1.2551 12.16 
0.252 2 19 1 4.0 4.0 0.128 0.137 1.2952 1.2551 12.17 
0.253 2 19 1 4.0 4.0 0.140 0.136 1.2952 1.2551 12.16 
0.254 2 19 1 4.0 4.0 0.127 0.182 1.2551 1.2551 12.16 
0.255 2 19 1 4.0 4.0 0.100 0.163 1.2952 1.2169 12.17 
0.256 2 19 1 4.0 4.0 0.133 0.117 1.3386 1.2551 12.16 
0.257 2 19 1 4.0 4.0 0.122 0.150 1.2952 1.2551 12.17 
0.258 2 19 1 4.0 4.0 0.135 0.144 1.2169 1.2551 12.16 
0.259 2 19 1 4.0 4.0 0.159 0.150 1.2551 1.2551 12.16 
0.260 2 19 1 4.0 4.0 0.139 0.152 1.3386 1.2551 12.17 
0.261 2 19 1 4.0 4.0 0.160 0.117 1.2952 1.2169 12.16 
0.262 2 19 1 4.0 4.0 0.132 0.141 1.2551 1.2551 12.16 
0.263 2 19 1 4.0 4.0 0.101 0.133 1.2952 1.2551 12.17 
0.264 2 19 1 4.0 4.0 0.138 0.117 1.2169 1.2952 12.16 
0.265 2 19 1 4.0 4.0 0.120 0.156 1.2952 1.2169 12.16 
0.266 2 19 1 4.0 4.0 0.139 0.125 1.3386 1.2952 12.16 
0.267 2 19 1 4.0 4.0 0.147 0.138 1.2551 1.2952 12.16 
0.268 2 19 1 4.0 4.0 0.118 0.158 1.2952 1.2952 12.16 
0.269 2 19 1 4.0 4.0 0.141 0.113 1.3386 1.2952 12.16 
0.270 2 19 1 4.0 4.0 0.118 0.153 1.3386 1.2551 12.16 
0.271 2 19 1 4.0 4.0 0.101 0.149 1.2551 1.2551 12.17 
0.272 2 19 1 4.0 4.0 0.118 0.104 1.2952 1.2952 12.15 
0.273 2 19 1 4.0 4.0 0.104 0.125 1.3386 1.2952 12.16 
0.274 2 19 1 4.0 4.0 0.133 0.113 1.3386 1.2551 12.16 
0.275 2 19 1 4.0 4.0 0.142 0.141 1.2952 1.2952 12.17 
0.276 2 19 1 4.0 4.0 0.121 0.144 1.3386 1.2952 12.17 
0.277 2 19 1 4.0 4.0 0.135 0.106 1.2952 1.2952 12.16 
0.278 2 19 1 4.0 4.0 0.105 0.133 1.3386 1.2952 12.17 
0.279 2 19 1 4.0 4.0 0.114 0.114 1.3848 1.2952 12.17 
0.280 2 19 1 4.0 4.0 0.127 0.138 1.2551 1.2952 12.16 
0.281 2 19 1 4.0 4.0 0.099 0.140 1.3386 1.2551 12.17 
0.282 2 19 1 4.0 4.0 0.127 0.103 1.3386 1.2551 12.16 
0.283 2 19 1 4.0 4.0 0.114 0.132 1.3386 1.2952 12.17 
0.284 2 19 1 4.0 4.0 0.116 0.140 1.2551 1.2952 12.17 
0.285 2 19 1 4.0 4.0 0.135 0.135 1.2952 1.2551 12.17 
0.286 2 19 1 4.0 4.0 0.114 0.143 1.3386 1.2952 12.17 
0.287 2 19 1 4.0 4.0 0.135 0.087 1.3386 1.2952 12.17 
0.288 2 19 1 4.0 4.0 0.112 0.142 1.3386 1.2952 12.16 
0.289 2 19 1 4.0 4.0 0.096 0.118 1.0298 1.2952 12.17 
0.290 2 19 1 4.0 4.0 0.127 0.109 1.2952 1.2952 12.16 
0.291 2 19 1 4.0 4.0 0.113 0.137 1.3848 1.2952 12.17 
0.292 2 19 1 4.0 4.0 0.132 0.095 1.3848 1.2952 12.17 
0.293 2 19 1 4.0 4.0 0.122 0.074 1.2952 1.2952 12.17 
0.294 2 19 1 4.0 4.0 0.097 0.095 1.2952 1.2952 12.17 
0.295 2 19 1 4.0 4.0 0.121 0.092 1.3386 1.3386 12.16 
0.296 2 19 1 4.0 4.0 0.097 0.136 1.3386 1.1153 12.17 
0.297 2 19 1 4.0 4.0 0.103 0.133 1.3848 1.3386 12.17 
0.298 2 19 1 4.0 4.0 0.105 0.095 1.2952 1.3386 12.18 
0.299 2 19 1 4.0 4.0 0.086 0.137 1.3386 1.3386 12.18 
0.300 2 19 1 4.0 4.0 0.123 0.110 1.3848 1.2952 12.17 
0.301 2 19 1 4.0 4.0 0.116 0.137 1.3848 1.2952 12.16 
0.302 2 19 2 -4.0 -4.0 0.101 0.125 1.2952 1.2551 12.16 
0.303 2 19 2 -4.0 -4.0 -0.203 0.003 1.2952 1.2952 12.10 
0.304 2 19 2 -4.0 -4.0 -0.905 -0.635 1.2952 1.2952 12.01 
0.305 2 19 2 -4.0 -4.0 -1.402 -1.335 1.2551 1.2551 11.94 
0.306 2 19 2 -4.0 -4.0 -1.574 -1.853 1.1812 1.1812 11.93 
0.307 2 19 2 -4.0 -4.0 -1.822 -1.872 1.1474 1.1474 11.91 
0.308 2 19 2 -4.0 -4.0 -1.934 -1.912 1.1153 1.0852 11.89 
0.309 2 19 2 -4.0 -4.0 -1.751 -2.008 0.9125 1.0298 11.91 
0.310 2 19 2 -4.0 -4.0 -1.758 -2.050 0.8924 0.9559 11.93 
0.311 2 19 2 -4.0 -4.0 -1.842 -1.809 0.8032 0.8727 11.93 
0.312 2 19 2 -4.0 -4.0 -1.795 -1.776 0.7723 0.7872 11.92 
0.313 2 19 2 -4.0 -4.0 -1.640 -1.917 0.6804 0.7169 11.91 
0.314 2 19 2 -4.0 -4.0 -1.630 -1.897 0.5820 0.6691 11.94 
0.315 2 19 2 -4.0 -4.0 -1.674 -1.748 0.5498 0.4836 11.94 
0.316 2 19 2 -4.0 -4.0 -1.664 -1.735 0.5020 0.5281 11.94 
0.317 2 19 2 -4.0 -4.0 -1.687 -1.712 0.3823 0.5149 11.94 
0.318 2 19 2 -4.0 -4.0 -1.706 -1.703 0.3522 0.4562 11.94 
0.319 2 19 2 -4.0 -4.0 -1.493 -1.692 0.3823 0.2888 11.95 
0.320 2 19 2 -4.0 -4.0 -1.392 -1.663 0.2711 0.2807 11.97 
0.321 2 19 2 -4.0 -4.0 -1.393 -1.614 0.2711 0.2607 11.96 
0.322 2 19 2 -4.0 -4.0 -1.369 -1.571 0.1783 0.2607 11.98 
0.323 2 19 2 -4.0 -4.0 -1.356 -1.564 0.1783 0.1659 11.97 
0.324 2 19 2 -4.0 -4.0 -1.304 -1.597 0.1783 0.1619 11.97 
0.325 2 19 2 -4.0 -4.0 -1.271 -1.584 0.1249 0.1619 11.98 
0.326 2 19 2 -4.0 -4.0 -1.208 -1.548 0.0952 0.1366 11.98 
0.327 2 19 2 -4.0 -4.0 -1.179 -1.518 0.0767 0.1016 11.99 
0.328 2 19 2 -4.0 -4.0 -1.158 -1.492 -0.0719 0.0811 11.99 
0.329 2 19 2 -4.0 -4.0 -1.102 -1.356 -0.0719 -0.0743 12.02 
0.330 2 19 2 -4.0 -4.0 -1.085 -1.209 -0.1900 -0.0743 12.03 
0.331 2 19 2 -4.0 -4.0 -1.099 -1.159 -0.1900 -0.0743 12.03 
0.332 2 19 2 -4.0 -4.0 -1.128 -1.130 -0.2478 -0.1542 12.03 
0.333 2 19 2 -4.0 -4.0 -0.993 -1.115 -0.3823 -0.2229 12.04 
0.334 2 19 2 -4.0 -4.0 -0.909 -1.107 -0.2952 -0.2229 12.05 
0.335 2 19 2 -4.0 -4.0 -0.872 -1.084 -0.3651 -0.2333 12.05 
0.336 2 19 2 -4.0 -4.0 -0.835 -1.031 -0.3860 -0.3265 12.05 
0.337 2 19 2 -4.0 -4.0 -0.822 -0.989 -0.4510 -0.3936 12.06 
0.338 2 19 2 -4.0 -4.0 -0.812 -0.948 -0.3823 -0.3976 12.06 
0.339 2 19 2 -4.0 -4.0 -0.810 -0.909 -0.4269 -0.3490 12.06 
0.340 2 19 2 -4.0 -4.0 -0.816 -0.899 -0.5426 -0.3976 12.06 
0.341 2 19 2 -4.0 -4.0 -0.709 -0.905 -0.5149 -0.4269 12.06 
0.342 2 19 2 -4.0 -4.0 -0.669 -0.952 -0.5354 -0.4667 12.07 
0.343 2 19 2 -4.0 -4.0 -0.647 -0.883 -0.6273 -0.4779 12.08 
0.344 2 19 2 -4.0 -4.0 -0.623 -0.759 -0.6085 -0.5149 12.09 
0.345 2 19 2 -4.0 -4.0 -0.633 -0.689 -0.5575 -0.5426 12.09 
0.346 2 19 2 -4.0 -4.0 -0.599 -0.694 -0.5904 -0.5735 12.09 
0.347 2 19 2 -4.0 -4.0 -0.588 -0.668 -0.6177 -0.5820 12.09 
0.348 2 19 2 -4.0 -4.0 -0.562 -0.660 -0.7044 -0.5820 12.09 
0.349 2 19 2 -4.0 -4.0 -0.545 -0.662 -0.6924 -0.6177 12.10 
0.350 2 19 2 -4.0 -4.0 -0.595 -0.620 -0.7434 -0.6583 12.10 
0.351 2 19 2 -4.0 -4.0 -0.539 -0.582 -0.6924 -0.6374 12.10 
0.352 2 19 2 -4.0 -4.0 -0.496 -0.603 -0.7872 -0.6691 12.09 
0.353 2 19 2 -4.0 -4.0 -0.473 -0.631 -0.7044 -0.6691 12.11 
0.354 2 19 2 -4.0 -4.0 -0.480 -0.567 -0.8193 -0.7044 12.11 
0.355 2 19 2 -4.0 -4.0 -0.455 -0.533 -0.7575 -0.7302 12.11 
0.356 2 19 2 -4.0 -4.0 -0.442 -0.531 -0.8366 -0.7575 12.10 
0.357 2 19 2 -4.0 -4.0 -0.428 -0.533 -0.8032 -0.7723 12.11 
0.358 2 19 2 -4.0 -4.0 -0.433 -0.525 -0.8727 -0.7872 12.12 
0.359 2 19 2 -4.0 -4.0 -0.398 -0.491 -0.8193 -0.7723 12.12 
0.360 2 19 2 -4.0 -4.0 -0.371 -0.439 -0.8727 -0.7872 12.12 
0.361 2 19 2 -4.0 -4.0 -0.356 -0.459 -0.8543 -0.8032 12.12 
0.362 2 19 2 -4.0 -4.0 -0.387 -0.438 -0.8924 -0.8193 12.13 
0.363 2 19 2 -4.0 -4.0 -0.363 -0.410 -0.8727 -0.8366 12.13 
0.364 2 19 2 -4.0 -4.0 -0.364 -0.417 -0.8543 -0.8366 12.12 
0.365 2 19 2 -4.0 -4.0 -0.371 -0.439 -0.8924 -0.8543 12.12 
0.366 2 19 2 -4.0 -4.0 -0.344 -0.449 -0.9125 -0.8727 12.12 
0.367 2 19 2 -4.0 -4.0 -0.333 -0.417 -1.0041 -0.8193 12.13 
0.368 2 19 2 -4.0 -4.0 -0.319 -0.396 -0.9796 -0.8543 12.13 
0.369 2 19 2 -4.0 -4.0 -0.340 -0.441 -0.9338 -0.8727 12.13 
0.370 2 19 2 -4.0 -4.0 -0.330 -0.392 -0.9559 -0.8924 12.13 
0.371 2 19 2 -4.0 -4.0 -0.288 -0.371 -0.9796 -0.9338 12.13 
0.372 2 19 2 -4.0 -4.0 -0.322 -0.398 -1.0567 -0.9559 12.13 
0.373 2 19 2 -4.0 -4.0 -0.290 -0.405 -0.9125 -0.9559 12.14 
0.374 2 19 2 -4.0 -4.0 -0.271 -0.368 -0.9796 -0.9338 12.15 
0.375 2 19 2 -4.0 -4.0 -0.306 -0.331 -1.0567 -0.9796 12.14 
0.376 2 19 2 -4.0 -4.0 -0.306 -0.348 -1.0041 -0.9559 12.15 
0.377 2 19 2 -4.0 -4.0 -0.272 -0.317 -0.9559 -1.0041 12.14 
0.378 2 19 2 -4.0 -4.0 -0.261 -0.309 -1.0298 -1.0041 12.14 
0.379 2 19 2 -4.0 -4.0 -0.260 -0.343 -1.0298 -1.0298 12.14 
0.380 2 19 2 -4.0 -4.0 -0.248 -0.328 -1.0852 -1.0041 12.15 
0.381 2 19 2 -4.0 -4.0 -0.258 -0.284 -1.0567 -1.0298 12.14 
0.382 2 19 2 -4.0 -4.0 -0.272 -0.290 -1.0567 -1.0567 12.14 
0.383 2 19 2 -4.0 -4.0 -0.238 -0.285 -1.1474 -1.0041 12.14 
0.384 2 19 2 -4.0 -4.0 -0.239 -0.266 -1.0852 -1.0298 12.14 
0.385 2 19 2 -4.0 -4.0 -0.216 -0.271 -1.1153 -1.0567 12.14 
0.386 2 19 2 -4.0 -4.0 -0.191 -0.313 -1.1474 -1.0567 12.15 
0.387 2 19 2 -4.0 -4.0 -0.195 -0.290 -1.0852 -1.0298 12.15 
0.388 2 19 2 -4.0 -4.0 -0.230 -0.272 -1.1153 -1.0567 12.14 
0.389 2 19 2 -4.0 -4.0 -0.215 -0.318 -1.1812 -1.0852 12.14 
0.390 2 19 2 -4.0 -4.0 -0.206 -0.263 -1.1474 -1.0852 12.14 
0.391 2 19 2 -4.0 -4.0 -0.211 -0.238 -1.1153 -1.0852 12.14 
0.392 2 19 2 -4.0 -4.0 -0.174 -0.283 -0.9125 -1.0852 12.15 
0.393 2 19 2 -4.0 -4.0 -0.194 -0.264 -1.1474 -1.1153 12.15 
0.394 2 19 2 -4.0 -4.0 -0.209 -0.229 -1.1474 -1.1153 12.15 
0.395 2 19 2 -4.0 -4.0 -0.162 -0.255 -1.1474 -1.0852 12.15 
0.396 2 19 2 -4.0 -4.0 -0.203 -0.232 -1.2169 -1.1153 12.15 
0.397 2 19 2 -4.0 -4.0 -0.201 -0.217 -1.0852 -1.1153 12.15 
0.398 2 19 2 -4.0 -4.0 -0.173 -0.247 -1.1474 -1.1474 12.15 
0.399 2 19 2 -4.0 -4.0 -0.211 -0.229 -1.2169 -1.1474 12.16 
0.400 2 19 2 -4.0 -4.0 -0.180 -0.207 -1.1474 -1.1153 12.15 
0.401 2 19 2 -4.0 -4.0 -0.158 -0.221 -1.1474 -1.1474 12.15 
0.402 2 19 2 -4.0 -4.0 -0.181 -0.206 -1.1812 -1.1474 12.15 
0.403 2 19 2 -4.0 -4.0 -0.165 -0.217 -1.2551 -1.1474 12.15 
0.404 2 19 2 -4.0 -4.0 -0.173 -0.236 -1.0298 -1.1474 12.16 
0.405 2 19 2 -4.0 -4.0 -0.177 -0.216 -1.1812 -1.1153 12.16 
0.406 2 19 2 -4.0 -4.0 -0.166 -0.206 -1.2551 -1.1812 12.16 
0.407 2 19 2 -4.0 -4.0 -0.166 -0.212 -1.2169 -1.1812 12.17 
0.408 2 19 2 -4.0 -4.0 -0.161 -0.159 -1.1812 -1.1812 12.17 
0.409 2 19 2 -4.0 -4.0 -0.115 -0.202 -1.2169 -1.1812 12.16 
0.410 2 19 2 -4.0 -4.0 -0.158 -0.233 -1.2952 -1.1812 12.16 
0.411 2 19 2 -4.0 -4.0 -0.154 -0.176 -1.2169 -1.1812 12.16 
0.412 2 19 2 -4.0 -4.0 -0.154 -0.187 -1.2169 -1.1812 12.16 
0.413 2 19 2 -4.0 -4.0 -0.156 -0.176 -1.2169 -1.1812 12.16 
0.414 2 19 2 -4.0 -4.0 -0.158 -0.174 -1.2551 -1.2169 12.16 
0.415 2 19 2 -4.0 -4.0 -0.135 -0.204 -1.2169 -1.2169 12.16 
0.416 2 19 2 -4.0 -4.0 -0.170 -0.185 -1.2169 -1.1812 12.17 
0.417 2 19 2 -4.0 -4.0 -0.152 -0.154 -1.2169 -1.2169 12.17 
0.418 2 19 2 -4.0 -4.0 -0.165 -0.167 -1.2952 -1.2169 12.17 
0.419 2 19 2 -4.0 -4.0 -0.136 -0.145 -1.2169 -1.2169 12.17 
0.420 2 19 2 -4.0 -4.0 -0.093 -0.182 -1.2551 -1.2169 12.17 
0.421 2 19 2 -4.0 -4.0 -0.135 -0.231 -1.2169 -1.2551 12.17 
0.422 2 19 2 -4.0 -4.0 -0.131 -0.183 -1.2952 -1.2169 12.16 
0.423 2 19 2 -4.0 -4.0 -0.141 -0.195 -1.2551 -1.2169 12.16 
0.424 2 19 2 -4.0 -4.0 -0.152 -0.200 -1.2169 -1.2169 12.16 
0.425 2 19 2 -4.0 -4.0 -0.115 -0.160 -1.2551 -1.2169 12.17 
0.426 2 19 2 -4.0 -4.0 -0.123 -0.218 -1.3386 -1.2169 12.16 
0.427 2 19 2 -4.0 -4.0 -0.129 -0.193 -1.2551 -1.1812 12.17 
0.428 2 19 2 -4.0 -4.0 -0.124 -0.150 -1.2952 -1.2551 12.17 
0.429 2 19 2 -4.0 -4.0 -0.145 -0.172 -1.2952 -1.2169 12.17 
0.430 2 19 2 -4.0 -4.0 -0.135 -0.137 -1.3386 -1.2551 12.17 
0.431 2 19 2 -4.0 -4.0 -0.126 -0.147 -1.2952 -1.2551 12.17 
0.432 2 19 2 -4.0 -4.0 -0.144 -0.166 -1.2952 -1.2169 12.17 
0.433 2 19 2 -4.0 -4.0 -0.117 -0.131 -1.2952 -1.2551 12.17 
0.434 2 19 2 -4.0 -4.0 -0.123 -0.134 -1.3848 -1.2551 12.17 
0.435 2 19 2 -4.0 -4.0 -0.123 -0.129 -1.2551 -1.2551 12.18 
0.436 2 19 2 -4.0 -4.0 -0.098 -0.142 -1.2952 -1.2551 12.17 
0.437 2 19 2 -4.0 -4.0 -0.127 -0.187 -1.2551 -1.2551 12.16 
0.438 2 19 2 -4.0 -4.0 -0.113 -0.167 -1.3386 -1.2169 12.17 
0.439 2 19 2 -4.0 -4.0 -0.117 -0.146 -1.2952 -1.2551 12.17 
0.440 2 19 2 -4.0 -4.0 -0.127 -0.170 -1.2551 -1.2551 12.17 
0.441 2 19 2 -4.0 -4.0 -0.093 -0.134 -1.2952 -1.2551 12.18 
0.442 2 19 2 -4.0 -4.0 -0.110 -0.167 -1.0852 -1.2551 12.17 
0.443 2 19 2 -4.0 -4.0 -0.106 -0.174 -1.3848 -1.2551 12.17 
0.444 2 19 2 -4.0 -4.0 -0.089 -0.149 -1.2952 -1.2551 12.17 
0.445 2 19 2 -4.0 -4.0 -0.116 -0.134 -1.2952 -1.2551 12.17 
0.446 2 19 2 -4.0 -4.0 -0.106 -0.099 -1.2952 -1.2551 12.17 
0.447 2 19 2 -4.0 -4.0 -0.110 -0.136 -1.3848 -1.2952 12.17 
0.448 2 19 2 -4.0 -4.0 -0.131 -0.160 -1.2952 -1.2551 12.17 
0.449 2 19 2 -4.0 -4.0 -0.108 -0.119 -1.2952 -1.2551 12.17 
0.450 2 19 2 -4.0 -4.0 -0.134 -0.120 -1.3386 -1.2952 12.17 
0.451 2 19 2 -4.0 -4.0 -0.088 -0.116 -1.2551 -1.2551 12.17 
0.452 2 19 2 -4.0 -4.0 -0.087 -0.148 -1.2551 -1.2952 12.17 
0.453 2 19 2 -4.0 -4.0 -0.107 -0.208 -1.2952 -1.2952 12.17 
0.454 2 19 2 -4.0 -4.0 -0.088 -0.171 -1.3386 -1.2551 12.18 
0.455 2 19 2 -4.0 -4.0 -0.125 -0.152 -1.2551 -1.2952 12.17 
0.456 2 19 2 -4.0 -4.0 -0.114 -0.141 -1.3848 -1.2952 12.18 
0.457 2 19 2 -4.0 -4.0 -0.078 -0.132 -1.2952 -1.2952 12.18 
0.458 2 19 2 -4.0 -4.0 -0.105 -0.145 -1.2952 -1.2952 12.18 
0.459 2 19 2 -4.0 -4.0 -0.096 -0.120 -1.2952 -1.2952 12.18 
0.460 2 19 2 -4.0 -4.0 -0.093 -0.122 -1.2169 -1.2952 12.18 
0.461 2 19 2 -4.0 -4.0 -0.089 -0.118 -1.3848 -1.2551 12.17 
0.462 2 19 2 -4.0 -4.0 -0.070 -0.096 -1.3386 -1.2169 12.17 
0.463 2 19 2 -4.0 -4.0 -0.105 -0.149 -1.2952 -1.2952 12.17 
0.464 2 19 2 -4.0 -4.0 -0.104 -0.148 -1.2952 -1.2551 12.18 
0.465 2 19 2 -4.0 -4.0 -0.122 -0.115 -1.3848 -1.2952 12.18 
0.466 2 19 2 -4.0 -4.0 -0.104 -0.126 -1.2952 -1.2952 12.18 
0.467 2 19 2 -4.0 -4.0 -0.061 -0.107 -1.3386 -1.2952 12.16 
0.468 2 19 2 -4.0 -4.0 -0.089 -0.161 -1.2952 -1.2551 12.16 
0.469 2 19 2 -4.0 -4.0 -0.087 -0.168 -1.3386 -1.3386 12.17 
0.470 2 19 2 -4.0 -4.0 -0.094 -0.109 -1.3848 -1.2952 12.18 
0.471 2 19 2 -4.0 -4.0 -0.101 -0.129 -1.3386 -1.2952 12.18 
0.472 2 19 2 -4.0 -4.0 -0.084 -0.097 -1.3386 -1.2952 12.17 
0.473 2 19 2 -4.0 -4.0 -0.112 -0.132 -1.2952 -1.1474 12.17 
0.474 2 19 2 -4.0 -4.0 -0.112 -0.139 -1.3848 -1.2952 12.18 
0.475 2 19 2 -4.0 -4.0 -0.109 -0.092 -1.3848 -1.2952 12.17 
0.476 2 19 2 -4.0 -4.0 -0.127 -0.102 -1.2551 -1.2952 12.18 
0.477 2 19 2 -4.0 -4.0 -0.074 -0.100 -1.3386 -1.2952 12.18 
0.478 2 19 2 -4.0 -4.0 -0.084 -0.108 -1.3386 -1.3386 12.18 
0.479 2 19 2 -4.0 -4.0 -0.072 -0.145 -1.3848 -1.2952 12.18 
0.480 2 19 2 -4.0 -4.0 -0.089 -0.103 -1.2952 -1.2952 12.17 
0.481 2 19 2 -4.0 -4.0 -0.082 -0.112 -1.3386 -1.2952 12.17 
0.482 2 19 2 -4.0 -4.0 -0.082 -0.103 -1.2551 -1.2952 12.18 
0.483 2 19 2 -4.0 -4.0 -0.114 -0.114 -1.1474 -1.2952 12.18 
0.484 2 19 2 -4.0 -4.0 -0.117 -0.151 -1.3848 -1.3386 12.18 
0.485 2 19 2 -4.0 -4.0 -0.089 -0.114 -1.3386 -1.2952 12.18 
0.486 2 19 2 -4.0 -4.0 -0.100 -0.117 -1.2952 -1.2952 12.18 
0.487 2 19 2 -4.0 -4.0 -0.071 -0.096 -1.2952 -1.3386 12.19 
0.488 2 19 2 -4.0 -4.0 -0.092 -0.113 -1.3386 -1.2952 12.18 
0.489 2 19 2 -4.0 -4.0 -0.088 -0.164 -1.3848 -1.2952 12.19 
0.490 2 19 2 -4.0 -4.0 -0.070 -0.109 -1.3386 -1.3386 12.18 
0.491 2 19 2 -4.0 -4.0 -0.079 -0.099 -1.3386 -1.2952 12.18 
0.492 2 19 2 -4.0 -4.0 -0.073 -0.106 -1.3386 -1.3386 12.18 
0.493 2 19 2 -4.0 -4.0 -0.087 -0.092 -1.3848 -1.3386 12.18 
0.494 2 19 2 -4.0 -4.0 -0.096 -0.140 -1.3386 -1.3386 12.18 
0.495 2 19 2 -4.0 -4.0 -0.091 -0.101 -1.2952 -1.2952 12.18 
0.496 2 19 2 -4.0 -4.0 -0.115 -0.101 -1.3386 -1.3386 12.18 
0.497 2 19 2 -4.0 -4.0 -0.076 -0.123 -1.3848 -1.3386 12.18 
0.498 2 19 2 -4.0 -4.0 -0.075 -0.095 -1.3386 -1.3386 12.18 
0.499 2 19 2 -4.0 -4.0 -0.101 -0.156 -1.2952 -1.2952 12.18 
0.500 2 19 2 -4.0 -4.0 -0.082 -0.117 -1.3386 -1.2952 12.18 
0.501 2 19 2 -4.0 -4.0 -0.100 -0.107 -1.2952 -1.3386 12.18 
0.502 2 19 2 -4.0 -4.0 -0.086 -0.119 -1.2952 -1.3386 12.18 
0.503 2 19 3 0.0 0.0 -0.110 -0.076 -1.3848 -1.3386 12.18 
0.504 2 19 3 0.0 0.0 0.055 -0.102 -1.2952 -1.2952 12.20 
0.505 2 19 3 0.0 0.0 0.462 0.239 -1.3386 -1.2952 12.20 
0.506 2 19 3 0.0 0.0 0.647 0.633 -1.2952 -1.2952 12.20 
0.507 2 19 3 0.0 0.0 0.812 0.786 -1.3386 -1.2551 12.20 
0.508 2 19 3 0.0 0.0 0.968 0.905 -1.2169 -1.2551 12.19 
0.509 2 19 3 0.0 0.0 0.892 0.891 -1.1812 -1.2169 12.20 
0.510 2 19 3 0.0 0.0 0.919 0.855 -0.9559 -1.1812 12.20 
0.511 2 19 3 0.0 0.0 0.976 0.943 -1.1153 -1.1474 12.20 
0.512 2 19 3 0.0 0.0 0.858 0.973 -1.0852 -1.0852 12.20 
0.513 2 19 3 0.0 0.0 0.860 0.857 -1.1153 -1.0567 12.20 
0.514 2 19 3 0.0 0.0 0.911 0.878 -1.0041 -1.0298 12.20 
0.515 2 19 3 0.0 0.0 0.756 0.787 -0.8032 -1.0041 12.20 
0.516 2 19 3 0.0 0.0 0.736 0.708 -0.8727 -0.9125 12.19 
0.517 2 19 3 0.0 0.0 0.790 0.772 -0.8727 -0.9338 12.20 
0.518 2 19 3 0.0 0.0 0.823 0.844 -0.8366 -0.8366 12.20 
0.519 2 19 3 0.0 0.0 0.741 0.880 -0.7302 -0.8366 12.20 
0.520 2 19 3 0.0 0.0 0.692 0.783 -0.7723 -0.8193 12.20 
0.521 2 19 3 0.0 0.0 0.721 0.737 -0.6924 -0.8032 12.19 
0.522 2 19 3 0.0 0.0 0.739 0.743 -0.6924 -0.7723 12.20 
0.523 2 19 3 0.0 0.0 0.657 0.580 -0.7434 -0.7575 12.20 
0.524 2 19 3 0.0 0.0 0.584 0.564 -0.6474 -0.7169 12.20 
0.525 2 19 3 0.0 0.0 0.599 0.619 -0.6374 -0.7044 12.20 
0.526 2 19 3 0.0 0.0 0.637 0.654 -0.6085 -0.6691 12.19 
0.527 2 19 3 0.0 0.0 0.634 0.657 -0.5992 -0.6374 12.19 
0.528 2 19 3 0.0 0.0 0.565 0.625 -0.6273 -0.6374 12.20 
0.529 2 19 3 0.0 0.0 0.489 0.543 -0.5426 -0.6085 12.20 
0.530 2 19 3 0.0 0.0 0.490 0.526 -0.5281 -0.5820 12.20 
0.531 2 19 3 0.0 0.0 0.506 0.555 -0.4956 -0.5820 12.20 
0.532 2 19 3 0.0 0.0 0.516 0.567 -0.4836 -0.5655 12.19 
0.533 2 19 3 0.0 0.0 0.523 0.542 -0.4667 -0.5354 12.20 
0.534 2 19 3 0.0 0.0 0.505 0.457 -0.4362 -0.5281 12.20 
0.535 2 19 3 0.0 0.0 0.447 0.438 -0.4779 -0.5020 12.19 
0.536 2 19 3 0.0 0.0 0.381 0.441 -0.3550 -0.4667 12.20 
0.537 2 19 3 0.0 0.0 0.375 0.455 -0.3787 -0.4667 12.19 
0.538 2 19 3 0.0 0.0 0.382 0.458 -0.3751 -0.4410 12.20 
0.539 2 19 3 0.0 0.0 0.382 0.439 -0.4056 -0.4362 12.19 
0.540 2 19 3 0.0 0.0 0.380 0.423 -0.3265 -0.3860 12.20 
0.541 2 19 3 0.0 0.0 0.376 0.367 -0.2787 -0.4016 12.20 
0.542 2 19 3 0.0 0.0 0.354 0.309 -0.3016 -0.3582 12.20 
0.543 2 19 3 0.0 0.0 0.337 0.309 -0.2868 -0.3683 12.19 
0.544 2 19 3 0.0 0.0 0.316 0.341 -0.2868 -0.3683 12.20 
0.545 2 19 3 0.0 0.0 0.272 0.365 -0.3522 -0.3346 12.19 
0.546 2 19 3 0.0 0.0 0.251 0.354 -0.2362 -0.3346 12.20 
0.547 2 19 3 0.0 0.0 0.247 0.344 -0.2362 -0.2888 12.19 
0.548 2 19 3 0.0 0.0 0.245 0.315 -0.2374 -0.2888 12.20 
0.549 2 19 3 0.0 0.0 0.242 0.249 -0.2374 -0.2996 12.20 
0.550 2 19 3 0.0 0.0 0.243 0.200 -0.2048 -0.2807 12.20 
0.551 2 19 3 0.0 0.0 0.241 0.203 -0.2048 -0.2787 12.23 
0.552 2 19 3 0.0 0.0 0.227 0.216 -0.2522 -0.2787 12.21 
0.553 2 19 3 0.0 0.0 0.219 0.231 -0.2028 -0.2193 12.20 
0.554 2 19 3 0.0 0.0 0.211 0.231 -0.1735 -0.2193 12.20 
0.555 2 19 3 0.0 0.0 0.196 0.261 -0.1735 -0.2402 12.20 
0.556 2 19 3 0.0 0.0 0.182 0.237 -0.1530 -0.2402 12.20 
0.557 2 19 3 0.0 0.0 0.168 0.247 -0.1530 -0.2402 12.20 
0.558 2 19 3 0.0 0.0 0.155 0.241 -0.1530 -0.2133 12.20 
0.559 2 19 3 0.0 0.0 0.148 0.236 -0.1313 -0.2028 12.20 
0.560 2 19 3 0.0 0.0 0.120 0.220 -0.1092 -0.2028 12.20 
0.561 2 19 3 0.0 0.0 0.107 0.209 -0.1092 -0.1458 12.20 
0.562 2 19 3 0.0 0.0 0.110 0.196 -0.1092 -0.1458 12.20 
0.563 2 19 3 0.0 0.0 0.100 0.177 -0.1518 -0.1458 12.19 
0.564 2 19 3 0.0 0.0 0.105 0.167 -0.1518 -0.1598 12.20 
0.565 2 19 3 0.0 0.0 0.100 0.153 -0.1462 -0.1598 12.20 
0.566 2 19 3 0.0 0.0 0.103 0.143 -0.1072 -0.1514 12.20 
0.567 2 19 3 0.0 0.0 0.095 0.136 -0.0892 -0.1378 12.20 
0.568 2 19 3 0.0 0.0 0.090 0.124 -0.0892 -0.1378 12.20 
0.569 2 19 3 0.0 0.0 0.089 0.121 -0.0892 -0.1378 12.20 
0.570 2 19 3 0.0 0.0 0.079 0.107 -0.0892 -0.1309 12.19 
0.571 2 19 3 0.0 0.0 0.070 0.096 -0.0892 -0.1309 12.20 
0.572 2 19 3 0.0 0.0 0.073 0.104 -0.0763 -0.1309 12.20 
0.573 2 19 3 0.0 0.0 0.070 0.095 -0.0643 -0.1092 12.20 
0.574 2 19 3 0.0 0.0 0.067 0.082 -0.0643 -0.1036 12.19 
0.575 2 19 3 0.0 0.0 0.062 0.070 -0.0643 -0.1036 12.20 
0.576 2 19 3 0.0 0.0 0.053 0.085 -0.0643 -0.1036 12.19 
0.577 2 19 3 0.0 0.0 0.048 0.083 -0.0643 -0.1036 12.19 
0.578 2 19 3 0.0 0.0 0.042 0.081 -0.0643 -0.0876 12.20 
0.579 2 19 3 0.0 0.0 0.037 0.079 -0.0643 -0.0876 12.20 
0.580 2 19 3 0.0 0.0 0.029 0.072 -0.0574 -0.0876 12.20 
0.581 2 19 3 0.0 0.0 0.029 0.068 -0.0502 -0.0876 12.20 
0.582 2 19 3 0.0 0.0 0.022 0.054 -0.0446 -0.0876 12.20 
0.583 2 19 3 0.0 0.0 0.016 0.041 -0.0402 -0.0767 12.20 
0.584 2 19 3 0.0 0.0 0.017 0.033 -0.0361 -0.0643 12.20 
0.585 2 19 3 0.0 0.0 0.013 0.038 -0.0333 -0.0574 12.20 
0.586 2 19 3 0.0 0.0 0.010 0.036 -0.0305 -0.0574 12.20 
0.587 2 19 3 0.0 0.0 0.010 0.037 -0.0285 -0.0574 12.20 
0.588 2 19 3 0.0 0.0 0.001 0.035 -0.0265 -0.0574 12.20 
0.589 2 19 3 0.0 0.0 -0.002 0.030 -0.0249 -0.0574 12.19 
0.590 2 19 3 0.0 0.0 -0.005 0.029 -0.0233 -0.0574 12.19 
0.591 2 19 3 0.0 0.0 -0.007 0.033 -0.0221 -0.0574 12.20 
0.592 2 19 3 0.0 0.0 -0.003 0.031 -0.0209 -0.0550 12.19 
0.593 2 19 3 0.0 0.0 -0.008 0.021 -0.0201 -0.0486 12.20 
0.594 2 19 3 0.0 0.0 -0.006 0.036 -0.0189 -0.0434 12.20 
0.595 2 19 3 0.0 0.0 -0.006 0.037 -0.0181 -0.0390 12.20 
0.596 2 19 3 0.0 0.0 -0.005 0.034 -0.0173 -0.0353 12.20 
0.597 2 19 3 0.0 0.0 -0.000 0.028 -0.0165 -0.0349 12.20 
0.598 2 19 3 0.0 0.0 -0.004 0.019 -0.0161 -0.0349 12.20 
0.599 2 19 3 0.0 0.0 -0.004 0.032 -0.0153 -0.0349 12.20 
0.600 2 19 3 0.0 0.0 -0.008 0.022 -0.0149 -0.0349 12.20 
0.601 2 19 3 0.0 0.0 -0.002 0.027 -0.0141 -0.0349 12.20 
0.602 2 19 3 0.0 0.0 0.002 0.018 -0.0137 -0.0349 12.20 
0.603 2 19 3 0.0 0.0 0.007 0.027 -0.0133 -0.0349 12.19 
0.604 2 19 3 0.0 0.0 0.005 0.017 -0.0129 -0.0349 12.20 
0.605 2 19 3 0.0 0.0 0.005 0.011 -0.0125 -0.0349 12.20 
0.606 2 19 3 0.0 0.0 -0.000 0.015 -0.0120 -0.0349 12.20 
0.607 2 19 3 0.0 0.0 0.002 0.049 -0.0116 -0.0349 12.20 
0.608 2 19 3 0.0 0.0 -0.002 0.023 -0.0112 -0.0337 12.20 
0.609 2 19 3 0.0 0.0 0.005 0.011 -0.0108 -0.0313 12.19 
0.610 2 19 3 0.0 0.0 -0.000 0.020 -0.0108 -0.0289 12.20 
0.611 2 19 3 0.0 0.0 -0.002 0.013 -0.0104 -0.0269 12.20 
0.612 2 19 3 0.0 0.0 -0.006 0.009 -0.0100 -0.0253 12.20 
0.613 2 19 3 0.0 0.0 -0.006 0.011 -0.0100 -0.0237 12.19 
0.614 2 19 3 0.0 0.0 0.004 0.010 -0.0096 -0.0225 12.19 
0.615 2 19 3 0.0 0.0 -0.002 0.011 -0.0092 -0.0213 12.20 
0.616 2 19 3 0.0 0.0 -0.002 0.009 -0.0092 -0.0201 12.20 
0.617 2 19 3 0.0 0.0 -0.000 0.009 -0.0088 -0.0193 12.20 
0.618 2 19 3 0.0 0.0 -0.002 -0.001 -0.0088 -0.0181 12.20 
0.619 2 19 3 0.0 0.0 -0.004 0.007 -0.0084 -0.0173 12.20 
0.620 2 19 3 0.0 0.0 -0.006 0.003 -0.0084 -0.0165 12.20 
0.621 2 19 3 0.0 0.0 -0.002 -0.015 -0.0080 -0.0161 12.15 
0.622 2 19 3 0.0 0.0 -0.006 -0.007 -0.0080 -0.0153 12.19 
0.623 2 19 3 0.0 0.0 -0.004 0.028 -0.0080 -0.0149 12.19 
0.624 2 19 3 0.0 0.0 0.002 0.014 -0.0076 -0.0141 12.19 
0.625 2 19 3 0.0 0.0 -0.005 0.002 -0.0076 -0.0137 12.20 
0.626 2 19 3 0.0 0.0 -0.006 0.005 -0.0072 -0.0133 12.20 
0.627 2 19 3 0.0 0.0 -0.006 0.007 -0.0072 -0.0129 12.20 
0.628 2 19 3 0.0 0.0 0.009 0.008 -0.0072 -0.0125 12.19 
0.629 2 19 3 0.0 0.0 0.003 0.003 -0.0068 -0.0120 12.19 
0.630 2 19 3 0.0 0.0 -0.001 0.004 -0.0068 -0.0116 12.20 
0.631 2 19 3 0.0 0.0 -0.002 0.007 -0.0068 -0.0112 12.20 
0.632 2 19 3 0.0 0.0 -0.005 -0.003 -0.0064 -0.0108 12.21 
0.633 2 19 3 0.0 0.0 -0.007 -0.004 -0.0064 -0.0108 12.20 
0.634 2 19 3 0.0 0.0 -0.007 -0.004 -0.0064 -0.0104 12.20 
0.635 2 19 3 0.0 0.0 -0.004 0.005 -0.0064 -0.0100 12.20 
0.636 2 19 3 0.0 0.0 -0.002 -0.008 -0.0060 -0.0100 12.20 
0.637 2 19 3 0.0 0.0 -0.001 -0.003 -0.0060 -0.0096 12.20 
0.638 2 19 3 0.0 0.0 -0.002 0.012 -0.0060 -0.0092 12.20 
0.639 2 19 3 0.0 0.0 -0.004 0.016 -0.0060 -0.0092 12.20 
0.640 2 19 3 0.0 0.0 -0.004 0.012 -0.0056 -0.0088 12.19 
0.641 2 19 3 0.0 0.0 -0.002 0.006 -0.0056 -0.0088 12.20 
0.642 2 19 3 0.0 0.0 -0.007 0.005 -0.0056 -0.0084 12.20 
0.643 2 19 3 0.0 0.0 -0.006 0.010 -0.0056 -0.0084 12.20 
0.644 2 19 3 0.0 0.0 -0.006 -0.006 -0.0056 -0.0080 12.20 
0.645 2 19 3 0.0 0.0 -0.012 -0.008 -0.0052 -0.0080 12.19 
0.646 2 19 3 0.0 0.0 -0.008 -0.004 -0.0052 -0.0080 12.20 
0.647 2 19 3 0.0 0.0 0.001 0.000 -0.0052 -0.0076 12.19 
0.648 2 19 3 0.0 0.0 0.001 -0.003 -0.0052 -0.0076 12.16 
0.649 2 19 3 0.0 0.0 -0.006 0.003 -0.0052 -0.0072 12.19 
0.650 2 19 3 0.0 0.0 -0.005 0.021 -0.0048 -0.0072 12.20 
0.651 2 19 3 0.0 0.0 -0.006 0.015 -0.0048 -0.0072 12.20 
0.652 2 19 3 0.0 0.0 -0.008 0.001 -0.0048 -0.0068 12.20 
0.653 2 19 3 0.0 0.0 -0.001 0.004 -0.0048 -0.0068 12.20 
0.654 2 19 3 0.0 0.0 -0.002 0.013 -0.0048 -0.0068 12.20 
0.655 2 19 3 0.0 0.0 -0.003 0.002 -0.0048 -0.0068 12.20 
0.656 2 19 3 0.0 0.0 -0.002 0.013 -0.0048 -0.0064 12.19 
0.657 2 19 3 0.0 0.0 -0.006 0.012 -0.0044 -0.0064 12.20 
0.658 2 19 3 0.0 0.0 -0.002 0.007 -0.0044 -0.0064 12.20 
0.659 2 19 3 0.0 0.0 -0.002 0.007 -0.0044 -0.0060 12.18 
0.660 2 19 3 0.0 0.0 0.001 0.006 -0.0044 -0.0060 12.19 
0.661 2 19 3 0.0 0.0 0.002 -0.001 -0.0044 -0.0060 12.20 
0.662 2 19 3 0.0 0.0 -0.000 -0.003 -0.0044 -0.0060 12.19 
0.663 2 19 3 0.0 0.0 -0.002 -0.004 -0.0044 -0.0056 12.20 
0.664 2 19 3 0.0 0.0 -0.002 -0.004 -0.0040 -0.0056 12.20 
0.665 2 19 3 0.0 0.0 -0.004 0.000 -0.0040 -0.0056 12.20 
