%% logfile from robot Thit (86)
% Thit (86)
%  1    time 0.000 sec
%  2  3  4   (mission 0), state 2, thread 2, line 0
%  5  6 Motor voltage [V] left, right: 2.0 2.0
%  7  8 Motor current left, right [A]: 0.073 0.070
%  9 10 Wheel velocity [m/s] left, right: 0.0000 -0.0000
% 11    Battery voltage [V]: 12.48
0.001 2 2 0 2.0 2.0 -0.005 0.000 0.0000 -0.0000 12.47 
0.002 2 2 0 2.0 2.0 0.108 0.144 0.0000 -0.0000 12.46 
0.003 2 2 0 2.0 2.0 0.276 0.269 0.0000 0.0000 12.46 
0.004 2 2 0 2.0 2.0 0.372 0.335 0.0000 0.0000 12.46 
0.005 2 2 0 2.0 2.0 0.411 0.366 0.0000 0.0000 12.45 
0.006 2 2 0 2.0 2.0 0.432 0.377 0.0000 0.0000 12.45 
0.007 2 2 0 2.0 2.0 0.438 0.370 0.0000 0.0000 12.46 
0.008 2 2 0 2.0 2.0 0.454 0.365 0.0000 0.0000 12.46 
0.009 2 2 0 2.0 2.0 0.474 0.370 0.0000 0.0000 12.45 
0.010 2 2 0 2.0 2.0 0.483 0.401 0.0000 0.0000 12.45 
0.011 2 2 0 2.0 2.0 0.487 0.410 0.0000 0.0498 12.46 
0.012 2 2 0 2.0 2.0 0.478 0.379 0.0000 0.0498 12.46 
0.013 2 2 0 2.0 2.0 0.415 0.337 0.1181 0.0498 12.46 
0.014 2 2 0 2.0 2.0 0.388 0.328 0.1181 0.1185 12.47 
0.015 2 2 0 2.0 2.0 0.364 0.335 0.1181 0.1185 12.46 
0.016 2 2 0 2.0 2.0 0.353 0.334 0.1157 0.1185 12.46 
0.017 2 2 0 2.0 2.0 0.346 0.316 0.1157 0.1185 12.46 
0.018 2 2 0 2.0 2.0 0.339 0.296 0.1912 0.1096 12.46 
0.019 2 2 0 2.0 2.0 0.326 0.292 0.1912 0.1096 12.46 
0.020 2 2 0 2.0 2.0 0.318 0.284 0.2265 0.1096 12.47 
0.021 2 2 0 2.0 2.0 0.314 0.277 0.2265 0.1514 12.47 
0.022 2 2 0 2.0 2.0 0.312 0.261 0.2305 0.1514 12.47 
0.023 2 2 0 2.0 2.0 0.303 0.255 0.2125 0.1486 12.46 
0.024 2 2 0 2.0 2.0 0.286 0.252 0.1767 0.1486 12.46 
0.025 2 2 0 2.0 2.0 0.285 0.241 0.2747 0.2229 12.46 
0.026 2 2 0 2.0 2.0 0.301 0.240 0.3550 0.2229 12.46 
0.027 2 2 0 2.0 2.0 0.317 0.235 0.3550 0.1839 12.46 
0.028 2 2 0 2.0 2.0 0.297 0.221 0.2908 0.1839 12.46 
0.029 2 2 0 2.0 2.0 0.278 0.215 0.2434 0.2217 12.46 
0.030 2 2 0 2.0 2.0 0.266 0.249 0.2068 0.2217 12.46 
0.031 2 2 0 2.0 2.0 0.256 0.269 0.3113 0.2068 12.46 
0.032 2 2 0 2.0 2.0 0.240 0.241 0.3088 0.2068 12.46 
0.033 2 2 0 2.0 2.0 0.237 0.236 0.3088 0.2807 12.46 
0.034 2 2 0 2.0 2.0 0.226 0.231 0.3346 0.2390 12.46 
0.035 2 2 0 2.0 2.0 0.229 0.224 0.3137 0.2390 12.46 
0.036 2 2 0 2.0 2.0 0.233 0.210 0.3582 0.2522 12.46 
0.037 2 2 0 2.0 2.0 0.232 0.197 0.3550 0.2345 12.46 
0.038 2 2 0 2.0 2.0 0.258 0.193 0.3582 0.2305 12.46 
0.039 2 2 0 2.0 2.0 0.240 0.204 0.3161 0.3016 12.46 
0.040 2 2 0 2.0 2.0 0.218 0.205 0.2807 0.2446 12.46 
0.041 2 2 0 2.0 2.0 0.209 0.202 0.3751 0.2193 12.46 
0.042 2 2 0 2.0 2.0 0.214 0.189 0.3860 0.2908 12.46 
0.043 2 2 0 2.0 2.0 0.200 0.199 0.3823 0.2972 12.47 
0.044 2 2 0 2.0 2.0 0.202 0.198 0.2827 0.2972 12.46 
0.045 2 2 0 2.0 2.0 0.199 0.173 0.3346 0.3374 12.46 
0.046 2 2 0 2.0 2.0 0.210 0.159 0.3976 0.2345 12.46 
0.047 2 2 0 2.0 2.0 0.221 0.144 0.4056 0.2345 12.46 
0.048 2 2 0 2.0 2.0 0.203 0.140 0.3064 0.3064 12.46 
0.049 2 2 0 2.0 2.0 0.204 0.135 0.3582 0.3430 12.46 
0.050 2 2 0 2.0 2.0 0.190 0.128 0.3976 0.3490 12.47 
0.051 2 2 0 2.0 2.0 0.189 0.128 0.4181 0.2574 12.47 
0.052 2 2 0 2.0 2.0 0.179 0.132 0.3213 0.2462 12.47 
0.053 2 2 0 2.0 2.0 0.171 0.147 0.3751 0.3237 12.47 
0.054 2 2 0 2.0 2.0 0.186 0.174 0.3936 0.3040 12.47 
0.055 2 2 0 2.0 2.0 0.209 0.175 0.4225 0.3715 12.47 
0.056 2 2 0 2.0 2.0 0.201 0.173 0.3936 0.3137 12.46 
0.057 2 2 0 2.0 2.0 0.179 0.158 0.4269 0.2767 12.47 
0.058 2 2 0 2.0 2.0 0.166 0.148 0.4317 0.3374 12.47 
0.059 2 2 0 2.0 2.0 0.161 0.140 0.4510 0.3064 12.47 
0.060 2 2 0 2.0 2.0 0.152 0.127 0.3683 0.3936 12.47 
0.061 2 2 0 2.0 2.0 0.153 0.131 0.4137 0.3550 12.46 
0.062 2 2 0 2.0 2.0 0.178 0.132 0.4181 0.3550 12.46 
0.063 2 2 0 2.0 2.0 0.189 0.151 0.4016 0.3550 12.46 
0.064 2 2 0 2.0 2.0 0.166 0.151 0.4317 0.3185 12.46 
0.065 2 2 0 2.0 2.0 0.244 0.056 0.4462 0.3896 12.47 
0.066 2 2 0 2.0 2.0 0.178 0.098 0.4667 0.2510 12.47 
0.067 2 2 0 2.0 2.0 0.152 0.102 0.3751 0.3522 12.47 
0.068 2 2 0 2.0 2.0 0.149 0.104 0.4317 0.3860 12.47 
0.069 2 2 0 2.0 2.0 0.164 0.095 0.4667 0.4016 12.46 
0.070 2 2 0 2.0 2.0 0.171 0.097 0.4137 0.3715 12.47 
0.071 2 2 0 2.0 2.0 0.160 0.102 0.4317 0.2659 12.45 
0.072 2 2 0 2.0 2.0 0.141 0.105 0.4836 0.3582 12.46 
0.073 2 2 0 2.0 2.0 0.132 0.151 0.5020 0.3787 12.47 
0.074 2 2 0 2.0 2.0 0.140 0.155 0.3582 0.3976 12.47 
0.075 2 2 0 2.0 2.0 0.145 0.153 0.5213 0.2868 12.47 
0.076 2 2 0 2.0 2.0 0.162 0.146 0.5213 0.2868 12.47 
0.077 2 2 0 2.0 2.0 0.156 0.138 0.3615 0.3715 12.46 
0.078 2 2 0 2.0 2.0 0.135 0.127 0.4317 0.3683 12.47 
0.079 2 2 0 2.0 2.0 0.126 0.127 0.4667 0.3976 12.46 
0.080 2 2 0 2.0 2.0 0.109 0.132 0.4956 0.3213 12.46 
0.081 2 2 0 2.0 2.0 0.121 0.140 0.5213 0.3860 12.47 
0.082 2 2 0 2.0 2.0 0.138 0.154 0.5281 0.3550 12.47 
0.083 2 2 0 2.0 2.0 0.149 0.141 0.4723 0.3976 12.47 
0.084 2 2 0 2.0 2.0 0.126 0.122 0.5081 0.3490 12.47 
0.085 2 2 0 2.0 2.0 0.114 0.113 0.5281 0.3896 12.47 
0.086 2 2 0 2.0 2.0 0.108 0.105 0.5354 0.3317 12.47 
0.087 2 2 0 2.0 2.0 0.112 0.096 0.3936 0.3860 12.47 
0.088 2 2 0 2.0 2.0 0.128 0.104 0.5426 0.3522 12.46 
0.089 2 2 0 2.0 2.0 0.141 0.103 0.5498 0.4016 12.47 
0.090 2 2 0 2.0 2.0 0.138 0.136 0.4016 0.3522 12.46 
0.091 2 2 0 2.0 2.0 0.126 0.143 0.5213 0.4016 12.46 
0.092 2 2 0 2.0 2.0 0.114 0.131 0.5426 0.3860 12.46 
0.093 2 2 0 2.0 2.0 0.107 0.126 0.4667 0.4016 12.47 
0.094 2 2 0 2.0 2.0 0.117 0.111 0.5081 0.3550 12.47 
0.095 2 2 0 2.0 2.0 0.137 0.093 0.5354 0.3976 12.47 
0.096 2 2 0 2.0 2.0 0.136 0.097 0.5081 0.3550 12.47 
0.097 2 2 0 2.0 2.0 0.130 0.110 0.5354 0.3185 12.46 
0.098 2 2 0 2.0 2.0 0.115 0.121 0.5498 0.3582 12.46 
0.099 2 2 0 2.0 2.0 0.112 0.127 0.4956 0.4225 12.46 
0.100 2 2 0 2.0 2.0 0.111 0.106 0.5281 0.3823 12.47 
0.101 2 2 0 2.0 2.0 0.126 0.086 0.5426 0.3185 12.47 
0.102 2 2 0 2.0 2.0 0.127 0.067 0.4956 0.3615 12.47 
0.103 2 2 0 2.0 2.0 0.123 0.055 0.5354 0.4362 12.46 
0.104 2 2 0 2.0 2.0 0.115 0.049 0.5575 0.3683 12.47 
0.105 2 2 0 2.0 2.0 0.122 0.038 0.4896 0.3213 12.47 
0.106 2 2 0 2.0 2.0 0.141 0.064 0.5354 0.3651 12.47 
0.107 2 2 0 2.0 2.0 0.146 0.103 0.5655 0.3823 12.47 
0.108 2 2 0 2.0 2.0 0.134 0.113 0.4896 0.4181 12.47 
0.109 2 2 0 2.0 2.0 0.124 0.106 0.5354 0.3374 12.47 
0.110 2 2 0 2.0 2.0 0.107 0.098 0.5820 0.3715 12.47 
0.111 2 2 0 2.0 2.0 0.095 0.083 0.4779 0.3683 12.47 
0.112 2 2 0 2.0 2.0 0.102 0.075 0.5354 0.4137 12.47 
0.113 2 2 0 2.0 2.0 0.126 0.079 0.6085 0.4181 12.47 
0.114 2 2 0 2.0 2.0 0.123 0.108 0.4896 0.4181 12.47 
0.115 2 2 0 2.0 2.0 0.110 0.109 0.5426 0.4225 12.47 
0.116 2 2 0 2.0 2.0 0.093 0.105 0.5735 0.3936 12.47 
0.117 2 2 0 2.0 2.0 0.086 0.087 0.5575 0.2996 12.47 
0.118 2 2 0 2.0 2.0 0.092 0.078 0.5820 0.3490 12.46 
0.119 2 2 0 2.0 2.0 0.126 0.062 0.5904 0.4410 12.46 
0.120 2 2 0 2.0 2.0 0.111 0.060 0.5213 0.3787 12.47 
0.121 2 2 0 2.0 2.0 0.088 0.064 0.5904 0.3113 12.47 
0.122 2 2 0 2.0 2.0 0.077 0.090 0.5904 0.3582 12.47 
0.123 2 2 0 2.0 2.0 0.077 0.126 0.5020 0.4362 12.47 
0.124 2 2 0 2.0 2.0 0.093 0.123 0.6273 0.3787 12.47 
0.125 2 2 0 2.0 2.0 0.119 0.113 0.5426 0.3289 12.46 
0.126 2 2 0 2.0 2.0 0.111 0.098 0.5575 0.3715 12.47 
0.127 2 2 0 2.0 2.0 0.096 0.100 0.5992 0.4362 12.47 
0.128 2 2 0 2.0 2.0 0.080 0.105 0.4615 0.3615 12.47 
0.129 2 2 0 2.0 2.0 0.078 0.109 0.5575 0.3936 12.46 
0.130 2 2 0 2.0 2.0 0.101 0.111 0.5575 0.3936 12.47 
0.131 2 2 0 2.0 2.0 0.118 0.105 0.5498 0.4410 12.47 
0.132 2 2 0 2.0 2.0 0.106 0.098 0.5820 0.3860 12.46 
0.133 2 2 0 2.0 2.0 0.084 0.078 0.5992 0.4097 12.46 
0.134 2 2 0 2.0 2.0 0.077 0.075 0.5354 0.3683 12.47 
0.135 2 2 0 2.0 2.0 0.078 0.063 0.5735 0.4225 12.47 
0.136 2 2 0 2.0 2.0 0.104 0.070 0.5820 0.3896 12.47 
0.137 2 2 0 2.0 2.0 0.111 0.074 0.5354 0.4137 12.47 
0.138 2 2 0 2.0 2.0 0.089 0.102 0.5820 0.3860 12.47 
0.139 2 2 0 2.0 2.0 0.079 0.109 0.5992 0.4362 12.47 
0.140 2 2 0 2.0 2.0 0.082 0.105 0.5213 0.4317 12.47 
0.141 2 2 0 2.0 2.0 0.095 0.092 0.5904 0.4410 12.46 
0.142 2 2 0 2.0 2.0 0.118 0.080 0.5992 0.3896 12.47 
0.143 2 2 0 2.0 2.0 0.114 0.079 0.5655 0.4362 12.47 
0.144 2 2 0 2.0 2.0 0.095 0.094 0.6085 0.3462 12.47 
0.145 2 2 0 2.0 2.0 0.073 0.111 0.5149 0.3860 12.47 
0.146 2 2 0 2.0 2.0 0.079 0.113 0.5575 0.4462 12.47 
0.147 2 2 0 2.0 2.0 0.101 0.094 0.6085 0.3751 12.47 
0.148 2 2 0 2.0 2.0 0.116 0.089 0.5020 0.3317 12.46 
0.149 2 2 0 2.0 2.0 0.111 0.075 0.5498 0.4225 12.47 
0.150 2 2 0 2.0 2.0 0.091 0.063 0.5904 0.4510 12.46 
0.151 2 2 0 2.0 2.0 0.070 0.060 0.5735 0.3374 12.47 
0.152 2 2 0 2.0 2.0 0.082 0.066 0.5904 0.3787 12.47 
0.153 2 2 0 2.0 2.0 0.117 0.099 0.6085 0.3936 12.46 
0.154 2 2 0 2.0 2.0 0.116 0.113 0.5281 0.4362 12.47 
0.155 2 2 0 2.0 2.0 0.098 0.106 0.5992 0.3651 12.46 
0.156 2 2 0 2.0 2.0 0.086 0.091 0.6085 0.4016 12.47 
0.157 2 2 0 2.0 2.0 0.068 0.076 0.5149 0.3976 12.47 
0.158 2 2 0 2.0 2.0 0.099 0.057 0.6374 0.4462 12.47 
0.159 2 2 0 2.0 2.0 0.113 0.064 0.5281 0.4510 12.47 
0.160 2 2 0 2.0 2.0 0.110 0.083 0.5735 0.4510 12.47 
0.161 2 2 0 2.0 2.0 0.100 0.090 0.6085 0.4317 12.47 
0.162 2 2 0 2.0 2.0 0.071 0.090 0.5213 0.4097 12.47 
0.163 2 2 0 2.0 2.0 0.077 0.068 0.5735 0.3213 12.47 
0.164 2 2 0 2.0 2.0 0.113 0.045 0.5992 0.4410 12.47 
0.165 2 2 0 2.0 2.0 0.119 0.036 0.5655 0.4723 12.47 
0.166 2 2 0 2.0 2.0 0.108 0.044 0.5992 0.3317 12.47 
0.167 2 2 0 2.0 2.0 0.156 -0.004 0.6085 0.3823 12.46 
0.168 2 2 0 2.0 2.0 0.134 0.052 0.5426 0.4181 12.47 
0.169 2 2 0 2.0 2.0 0.103 0.101 0.5735 0.4615 12.47 
0.170 2 2 0 2.0 2.0 0.120 0.098 0.5992 0.3522 12.47 
0.171 2 2 0 2.0 2.0 0.106 0.084 0.5904 0.3936 12.47 
0.172 2 2 0 2.0 2.0 0.085 0.075 0.5992 0.4181 12.47 
0.173 2 2 0 2.0 2.0 0.065 0.079 0.5281 0.4615 12.47 
0.174 2 2 0 2.0 2.0 0.066 0.091 0.5820 0.3787 12.47 
0.175 2 2 0 2.0 2.0 0.101 0.100 0.6177 0.4097 12.46 
0.176 2 2 0 2.0 2.0 0.111 0.109 0.5281 0.3976 12.47 
0.177 2 2 0 2.0 2.0 0.095 0.099 0.5820 0.4056 12.46 
0.178 2 2 0 2.0 2.0 0.083 0.088 0.6273 0.4097 12.47 
0.179 2 2 0 2.0 2.0 0.076 0.072 0.5149 0.3860 12.47 
0.180 2 2 0 2.0 2.0 0.090 0.059 0.6691 0.4225 12.46 
0.181 2 2 0 2.0 2.0 0.101 0.063 0.6474 0.3896 12.47 
0.182 2 2 0 2.0 2.0 0.099 0.067 0.5735 0.4137 12.47 
0.183 2 2 0 2.0 2.0 0.081 0.096 0.5904 0.3896 12.47 
0.184 2 2 0 2.0 2.0 0.071 0.105 0.5992 0.4410 12.46 
0.185 2 2 0 2.0 2.0 0.076 0.108 0.6177 0.4362 12.46 
0.186 2 2 0 2.0 2.0 0.095 0.093 0.6273 0.4410 12.45 
0.187 2 2 0 2.0 2.0 0.103 0.079 0.5426 0.3936 12.47 
0.188 2 2 0 2.0 2.0 0.089 0.071 0.6085 0.4410 12.47 
0.189 2 2 0 2.0 2.0 0.084 0.080 0.6085 0.3490 12.47 
0.190 2 2 0 2.0 2.0 0.078 0.097 0.5149 0.3976 12.47 
0.191 2 2 0 2.0 2.0 0.084 0.102 0.6374 0.4667 12.47 
0.192 2 2 0 2.0 2.0 0.102 0.081 0.6273 0.3976 12.47 
0.193 2 2 0 2.0 2.0 0.103 0.064 0.5735 0.3550 12.46 
0.194 2 2 0 2.0 2.0 0.089 0.050 0.6085 0.4510 12.47 
0.195 2 2 0 2.0 2.0 0.079 0.048 0.5081 0.4779 12.47 
0.196 2 2 0 2.0 2.0 0.076 0.046 0.5735 0.3550 12.46 
0.197 2 2 0 2.0 2.0 0.096 0.056 0.5735 0.4016 12.46 
0.198 2 2 0 2.0 2.0 0.116 0.093 0.5655 0.4137 12.47 
0.199 2 2 0 2.0 2.0 0.099 0.100 0.5992 0.4615 12.47 
0.200 2 2 0 2.0 2.0 0.084 0.087 0.6085 0.3683 12.47 
0.201 2 2 1 4.0 4.0 0.088 0.086 0.5498 0.3976 12.47 
0.202 2 2 1 4.0 4.0 0.110 0.087 0.5820 0.3896 12.46 
0.203 2 2 1 4.0 4.0 0.301 0.244 0.6085 0.4362 12.45 
0.204 2 2 1 4.0 4.0 0.397 0.369 0.6085 0.4562 12.45 
0.205 2 2 1 4.0 4.0 0.436 0.477 0.6273 0.4462 12.44 
0.206 2 2 1 4.0 4.0 0.453 0.486 0.5904 0.4896 12.44 
0.207 2 2 1 4.0 4.0 0.470 0.467 0.6474 0.3550 12.44 
0.208 2 2 1 4.0 4.0 0.536 0.479 0.7044 0.4225 12.44 
0.209 2 2 1 4.0 4.0 0.492 0.446 0.6691 0.5575 12.44 
0.210 2 2 1 4.0 4.0 0.457 0.438 0.7434 0.4779 12.44 
0.211 2 2 1 4.0 4.0 0.438 0.448 0.6273 0.5213 12.44 
0.212 2 2 1 4.0 4.0 0.457 0.490 0.7723 0.6085 12.44 
0.213 2 2 1 4.0 4.0 0.452 0.462 0.6374 0.5281 12.44 
0.214 2 2 1 4.0 4.0 0.424 0.417 0.7302 0.5904 12.44 
0.215 2 2 1 4.0 4.0 0.399 0.409 0.7575 0.6474 12.44 
0.216 2 2 1 4.0 4.0 0.397 0.427 0.7872 0.6177 12.44 
0.217 2 2 1 4.0 4.0 0.446 0.474 0.7169 0.6085 12.44 
0.218 2 2 1 4.0 4.0 0.393 0.401 0.7434 0.6273 12.44 
0.219 2 2 1 4.0 4.0 0.363 0.364 0.7872 0.6273 12.45 
0.220 2 2 1 4.0 4.0 0.355 0.376 0.7872 0.6691 12.45 
0.221 2 2 1 4.0 4.0 0.387 0.350 0.7434 0.6583 12.44 
0.222 2 2 1 4.0 4.0 0.367 0.387 0.8032 0.6273 12.45 
0.223 2 2 1 4.0 4.0 0.348 0.362 0.7044 0.6924 12.45 
0.224 2 2 1 4.0 4.0 0.340 0.339 0.8032 0.6691 12.45 
0.225 2 2 1 4.0 4.0 0.362 0.342 0.8193 0.6273 12.45 
0.226 2 2 1 4.0 4.0 0.342 0.368 0.8543 0.6924 12.45 
0.227 2 2 1 4.0 4.0 0.320 0.355 0.8032 0.7434 12.45 
0.228 2 2 1 4.0 4.0 0.315 0.306 0.8366 0.7044 12.45 
0.229 2 2 1 4.0 4.0 0.331 0.286 0.8193 0.7723 12.45 
0.230 2 2 1 4.0 4.0 0.305 0.281 0.9125 0.7302 12.45 
0.231 2 2 1 4.0 4.0 0.288 0.318 0.8543 0.7723 12.45 
0.232 2 2 1 4.0 4.0 0.321 0.289 0.9125 0.7169 12.45 
0.233 2 2 1 4.0 4.0 0.314 0.272 0.8543 0.7434 12.45 
0.234 2 2 1 4.0 4.0 0.299 0.267 0.7575 0.8032 12.45 
0.235 2 2 1 4.0 4.0 0.301 0.284 0.8924 0.7723 12.45 
0.236 2 2 1 4.0 4.0 0.323 0.268 0.7872 0.6804 12.45 
0.237 2 2 1 4.0 4.0 0.291 0.240 0.8727 0.7723 12.46 
0.238 2 2 1 4.0 4.0 0.263 0.239 0.9559 0.7169 12.46 
0.239 2 2 1 4.0 4.0 0.293 0.255 1.0041 0.7723 12.45 
0.240 2 2 1 4.0 4.0 0.278 0.284 0.9559 0.7169 12.45 
0.241 2 2 1 4.0 4.0 0.248 0.254 0.8543 0.7723 12.45 
0.242 2 2 1 4.0 4.0 0.260 0.253 0.9559 0.7575 12.45 
0.243 2 2 1 4.0 4.0 0.278 0.281 0.9125 0.7723 12.45 
0.244 2 2 1 4.0 4.0 0.256 0.263 0.9796 0.7872 12.46 
0.245 2 2 1 4.0 4.0 0.245 0.239 0.9338 0.7723 12.45 
0.246 2 2 1 4.0 4.0 0.266 0.219 0.9796 0.8032 12.46 
0.247 2 2 1 4.0 4.0 0.255 0.240 1.0298 0.8366 12.45 
0.248 2 2 1 4.0 4.0 0.231 0.237 1.0041 0.8727 12.45 
0.249 2 2 1 4.0 4.0 0.253 0.241 1.0298 0.8727 12.45 
0.250 2 2 1 4.0 4.0 0.240 0.218 1.0298 0.8032 12.46 
0.251 2 2 1 4.0 4.0 0.219 0.228 1.0041 0.8727 12.45 
0.252 2 2 1 4.0 4.0 0.236 0.207 1.0852 0.8193 12.45 
0.253 2 2 1 4.0 4.0 0.240 0.174 1.0852 0.7872 12.45 
0.254 2 2 1 4.0 4.0 0.223 0.175 0.9125 0.8543 12.46 
0.255 2 2 1 4.0 4.0 0.229 0.189 1.0852 0.8366 12.45 
0.256 2 2 1 4.0 4.0 0.228 0.182 0.9559 0.8543 12.46 
0.257 2 2 1 4.0 4.0 0.215 0.186 1.0298 0.9125 12.46 
0.258 2 2 1 4.0 4.0 0.210 0.194 1.1153 0.9559 12.46 
0.259 2 2 1 4.0 4.0 0.230 0.178 1.0852 0.8366 12.46 
0.260 2 2 1 4.0 4.0 0.194 0.159 0.9559 0.9338 12.46 
0.261 2 2 1 4.0 4.0 0.193 0.151 1.1153 0.8366 12.46 
0.262 2 2 1 4.0 4.0 0.222 0.181 1.0567 0.8366 12.45 
0.263 2 2 1 4.0 4.0 0.207 0.177 1.0298 0.8924 12.46 
0.264 2 2 1 4.0 4.0 0.210 0.180 1.0567 0.8543 12.46 
0.265 2 2 1 4.0 4.0 0.233 0.208 1.0852 0.9338 12.46 
0.266 2 2 1 4.0 4.0 0.213 0.193 1.0567 0.9338 12.46 
0.267 2 2 1 4.0 4.0 0.197 0.160 1.0852 0.9125 12.46 
0.268 2 2 1 4.0 4.0 0.217 0.162 1.0852 0.9338 12.46 
0.269 2 2 1 4.0 4.0 0.256 0.121 1.1153 0.9559 12.45 
0.270 2 2 1 4.0 4.0 0.244 0.093 1.1153 0.9338 12.45 
0.271 2 2 1 4.0 4.0 0.228 0.132 1.0567 0.8543 12.45 
0.272 2 2 1 4.0 4.0 0.213 0.177 1.1474 0.9559 12.46 
0.273 2 2 1 4.0 4.0 0.198 0.164 1.0852 0.8924 12.46 
0.274 2 2 1 4.0 4.0 0.215 0.134 0.9338 0.9796 12.46 
0.275 2 2 1 4.0 4.0 0.197 0.135 1.0852 0.9338 12.46 
0.276 2 2 1 4.0 4.0 0.179 0.170 1.1474 0.9338 12.46 
0.277 2 2 1 4.0 4.0 0.196 0.149 1.1474 1.0041 12.46 
0.278 2 2 1 4.0 4.0 0.175 0.128 0.9338 1.0298 12.46 
0.279 2 2 1 4.0 4.0 0.175 0.145 1.1812 0.9796 12.46 
0.280 2 2 1 4.0 4.0 0.191 0.126 1.1153 0.9559 12.46 
0.281 2 2 1 4.0 4.0 0.171 0.109 1.0852 0.8727 12.46 
0.282 2 2 1 4.0 4.0 0.173 0.136 1.1474 0.9796 12.46 
0.283 2 2 1 4.0 4.0 0.198 0.147 1.1474 0.9125 12.46 
0.284 2 2 1 4.0 4.0 0.170 0.142 1.1153 0.9796 12.46 
0.285 2 2 1 4.0 4.0 0.174 0.166 1.1812 0.9559 12.46 
0.286 2 2 1 4.0 4.0 0.178 0.168 1.1812 0.9796 12.46 
0.287 2 2 1 4.0 4.0 0.154 0.148 1.1474 1.0041 12.46 
0.288 2 2 1 4.0 4.0 0.173 0.130 1.2169 1.0041 12.45 
0.289 2 2 1 4.0 4.0 0.180 0.129 1.2169 1.0298 12.46 
0.290 2 2 1 4.0 4.0 0.159 0.132 1.1474 1.0041 12.46 
0.291 2 2 1 4.0 4.0 0.174 0.132 1.1153 0.9125 12.46 
0.292 2 2 1 4.0 4.0 0.168 0.169 1.1812 1.0041 12.46 
0.293 2 2 1 4.0 4.0 0.143 0.141 1.2169 0.9338 12.46 
0.294 2 2 1 4.0 4.0 0.160 0.119 1.1474 0.8543 12.46 
0.295 2 2 1 4.0 4.0 0.148 0.133 1.2169 0.9559 12.46 
0.296 2 2 1 4.0 4.0 0.141 0.140 1.2169 0.9796 12.46 
0.297 2 2 1 4.0 4.0 0.163 0.118 1.1812 1.0298 12.46 
0.298 2 2 1 4.0 4.0 0.159 0.125 1.1474 0.9796 12.46 
0.299 2 2 1 4.0 4.0 0.161 0.125 1.2169 0.8727 12.46 
0.300 2 2 1 4.0 4.0 0.180 0.106 1.2169 1.0298 12.46 
0.301 2 2 1 4.0 4.0 0.152 0.098 1.1474 0.9338 12.46 
0.302 2 2 1 4.0 4.0 0.162 0.118 1.2169 1.0298 12.46 
0.303 2 2 1 4.0 4.0 0.168 0.132 1.2169 0.9796 12.46 
0.304 2 2 1 4.0 4.0 0.144 0.122 1.1812 1.0041 12.46 
0.305 2 2 1 4.0 4.0 0.172 0.151 1.0041 1.0567 12.46 
0.306 2 2 1 4.0 4.0 0.163 0.137 1.2169 1.0298 12.46 
0.307 2 2 1 4.0 4.0 0.149 0.102 1.1474 1.0298 12.46 
0.308 2 2 1 4.0 4.0 0.166 0.115 1.1474 1.0041 12.46 
0.309 2 2 1 4.0 4.0 0.158 0.142 1.2169 1.0567 12.46 
0.310 2 2 1 4.0 4.0 0.134 0.133 1.2551 1.0567 12.46 
0.311 2 2 1 4.0 4.0 0.162 0.147 1.2169 1.0298 12.46 
0.312 2 2 1 4.0 4.0 0.147 0.151 1.1474 0.9338 12.46 
0.313 2 2 1 4.0 4.0 0.135 0.105 1.2551 1.0852 12.46 
0.314 2 2 1 4.0 4.0 0.164 0.098 1.2169 1.0567 12.46 
0.315 2 2 1 4.0 4.0 0.146 0.117 1.1812 1.0298 12.46 
0.316 2 2 1 4.0 4.0 0.157 0.109 1.2551 1.0298 12.46 
0.317 2 2 1 4.0 4.0 0.165 0.097 1.2551 1.0852 12.46 
0.318 2 2 1 4.0 4.0 0.140 0.106 1.2169 1.0041 12.46 
0.319 2 2 1 4.0 4.0 0.148 0.107 1.1812 1.0298 12.46 
0.320 2 2 1 4.0 4.0 0.143 0.103 1.2551 0.9125 12.46 
0.321 2 2 1 4.0 4.0 0.130 0.122 1.2551 1.0567 12.46 
0.322 2 2 1 4.0 4.0 0.158 0.128 1.2169 1.0298 12.46 
0.323 2 2 1 4.0 4.0 0.143 0.112 0.9338 1.0298 12.46 
0.324 2 2 1 4.0 4.0 0.142 0.122 1.2551 1.0852 12.46 
0.325 2 2 1 4.0 4.0 0.153 0.116 1.1812 1.0567 12.46 
0.326 2 2 1 4.0 4.0 0.137 0.108 1.2551 0.9559 12.46 
0.327 2 2 1 4.0 4.0 0.143 0.106 1.1153 1.0041 12.46 
0.328 2 2 1 4.0 4.0 0.145 0.121 1.2551 1.0567 12.47 
0.329 2 2 1 4.0 4.0 0.125 0.100 1.1812 1.0852 12.46 
0.330 2 2 1 4.0 4.0 0.144 0.128 1.1812 1.0298 12.46 
0.331 2 2 1 4.0 4.0 0.141 0.112 1.2952 1.0298 12.46 
0.332 2 2 1 4.0 4.0 0.131 0.099 1.2169 1.1153 12.46 
0.333 2 2 1 4.0 4.0 0.160 0.090 1.2551 1.0567 12.46 
0.334 2 2 1 4.0 4.0 0.147 0.113 1.1812 1.0298 12.46 
0.335 2 2 1 4.0 4.0 0.130 0.106 1.2551 1.0298 12.46 
0.336 2 2 1 4.0 4.0 0.146 0.089 1.2169 1.1153 12.46 
0.337 2 2 1 4.0 4.0 0.137 0.126 1.2169 0.8366 12.46 
0.338 2 2 1 4.0 4.0 0.146 0.097 0.9796 1.0298 12.46 
0.339 2 2 1 4.0 4.0 0.154 0.090 1.2952 0.9796 12.46 
0.340 2 2 1 4.0 4.0 0.141 0.115 1.2952 1.0567 12.46 
0.341 2 2 1 4.0 4.0 0.149 0.115 1.1812 1.0298 12.46 
0.342 2 2 1 4.0 4.0 0.133 0.097 1.2551 1.0567 12.46 
0.343 2 2 1 4.0 4.0 0.118 0.115 1.2952 1.1153 12.46 
0.344 2 2 1 4.0 4.0 0.144 0.112 1.2551 1.0298 12.46 
0.345 2 2 1 4.0 4.0 0.123 0.089 1.1812 1.0567 12.47 
0.346 2 2 1 4.0 4.0 0.128 0.111 1.2551 1.1153 12.46 
0.347 2 2 1 4.0 4.0 0.142 0.116 1.2952 1.0567 12.47 
0.348 2 2 1 4.0 4.0 0.131 0.098 1.2551 1.0567 12.47 
0.349 2 2 1 4.0 4.0 0.152 0.122 1.2551 1.1153 12.46 
0.350 2 2 1 4.0 4.0 0.143 0.118 1.2952 1.0567 12.46 
0.351 2 2 1 4.0 4.0 0.121 0.083 1.2551 1.0567 12.46 
0.352 2 2 2 -4.0 -4.0 0.144 0.091 1.2551 1.0567 12.46 
0.353 2 2 2 -4.0 -4.0 0.002 -0.012 1.2169 1.0567 12.43 
0.354 2 2 2 -4.0 -4.0 -0.570 -0.620 1.2551 1.0852 12.41 
0.355 2 2 2 -4.0 -4.0 -0.973 -0.917 1.2169 1.0298 12.40 
0.356 2 2 2 -4.0 -4.0 -1.291 -0.991 0.9796 0.8193 12.40 
0.357 2 2 2 -4.0 -4.0 -1.514 -1.010 1.1153 0.9125 12.38 
0.358 2 2 2 -4.0 -4.0 -1.481 -1.015 0.9125 0.7434 12.38 
0.359 2 2 2 -4.0 -4.0 -1.427 -1.016 0.9559 0.7723 12.37 
0.360 2 2 2 -4.0 -4.0 -1.480 -1.016 0.8924 0.6474 12.38 
0.361 2 2 2 -4.0 -4.0 -1.540 -1.016 0.7723 0.6583 12.38 
0.362 2 2 2 -4.0 -4.0 -1.360 -1.016 0.7872 0.6474 12.38 
0.363 2 2 2 -4.0 -4.0 -1.332 -1.016 0.7575 0.5281 12.38 
0.364 2 2 2 -4.0 -4.0 -1.361 -1.016 0.5992 0.5020 12.38 
0.365 2 2 2 -4.0 -4.0 -1.392 -1.016 0.6583 0.3936 12.38 
0.366 2 2 2 -4.0 -4.0 -1.456 -1.016 0.6085 0.4225 12.39 
0.367 2 2 2 -4.0 -4.0 -1.295 -1.016 0.3715 0.2952 12.40 
0.368 2 2 2 -4.0 -4.0 -1.228 -1.016 0.4137 0.2952 12.39 
0.369 2 2 2 -4.0 -4.0 -1.216 -1.016 0.4225 0.2623 12.40 
0.370 2 2 2 -4.0 -4.0 -1.194 -1.016 0.3462 0.2478 12.39 
0.371 2 2 2 -4.0 -4.0 -1.186 -1.016 0.2590 0.1530 12.39 
0.372 2 2 2 -4.0 -4.0 -1.091 -1.016 0.1968 0.1145 12.40 
0.373 2 2 2 -4.0 -4.0 -1.052 -1.016 0.1968 0.1145 12.40 
0.374 2 2 2 -4.0 -4.0 -1.068 -1.016 0.1663 0.1145 12.41 
0.375 2 2 2 -4.0 -4.0 -1.049 -1.016 0.1663 0.1145 12.41 
0.376 2 2 2 -4.0 -4.0 -1.019 -1.016 0.1663 -0.1133 12.41 
0.377 2 2 2 -4.0 -4.0 -0.995 -1.013 0.1293 -0.1133 12.41 
0.378 2 2 2 -4.0 -4.0 -0.961 -0.964 0.0976 -0.1133 12.42 
0.379 2 2 2 -4.0 -4.0 -0.934 -0.936 0.0787 -0.1374 12.41 
0.380 2 2 2 -4.0 -4.0 -0.904 -0.901 -0.0659 -0.1374 12.42 
0.381 2 2 2 -4.0 -4.0 -0.883 -0.895 -0.0659 -0.2305 12.42 
0.382 2 2 2 -4.0 -4.0 -0.858 -0.876 -0.0659 -0.2510 12.43 
0.383 2 2 2 -4.0 -4.0 -0.827 -0.898 -0.1462 -0.3651 12.43 
0.384 2 2 2 -4.0 -4.0 -0.798 -0.794 -0.1462 -0.3317 12.42 
0.385 2 2 2 -4.0 -4.0 -0.777 -0.794 -0.1462 -0.3161 12.42 
0.386 2 2 2 -4.0 -4.0 -0.750 -0.769 -0.1659 -0.3683 12.43 
0.387 2 2 2 -4.0 -4.0 -0.726 -0.727 -0.2807 -0.3430 12.43 
0.388 2 2 2 -4.0 -4.0 -0.698 -0.688 -0.3430 -0.4016 12.43 
0.389 2 2 2 -4.0 -4.0 -0.669 -0.667 -0.3317 -0.4410 12.43 
0.390 2 2 2 -4.0 -4.0 -0.669 -0.650 -0.3317 -0.3751 12.43 
0.391 2 2 2 -4.0 -4.0 -0.712 -0.699 -0.2747 0.5904 12.43 
0.392 2 2 2 -4.0 -4.0 -0.704 -0.684 -0.3936 -0.5992 12.43 
0.393 2 2 2 -4.0 -4.0 -0.623 -0.648 -0.4462 -0.5281 12.43 
0.394 2 2 2 -4.0 -4.0 -0.584 -0.608 -0.4410 -0.5426 12.43 
0.395 2 2 2 -4.0 -4.0 -0.562 -0.582 -0.3430 -0.6177 12.43 
0.396 2 2 2 -4.0 -4.0 -0.545 -0.561 -0.4562 -0.4510 12.44 
0.397 2 2 2 -4.0 -4.0 -0.526 -0.602 -0.4836 -0.5735 12.44 
0.398 2 2 2 -4.0 -4.0 -0.544 -0.537 -0.4462 -0.5655 12.44 
0.399 2 2 2 -4.0 -4.0 -0.522 -0.526 -0.4836 -0.6177 12.44 
0.400 2 2 2 -4.0 -4.0 -0.496 -0.497 -0.5281 -0.6273 12.44 
0.401 2 2 2 -4.0 -4.0 -0.484 -0.473 -0.5281 -0.6374 12.45 
0.402 2 2 2 -4.0 -4.0 -0.464 -0.507 -0.5498 -0.6691 12.44 
0.403 2 2 2 -4.0 -4.0 -0.457 -0.466 -0.5820 -0.6804 12.44 
0.404 2 2 2 -4.0 -4.0 -0.471 -0.464 -0.4956 -0.6085 12.44 
0.405 2 2 2 -4.0 -4.0 -0.468 -0.473 -0.6085 -0.7434 12.44 
0.406 2 2 2 -4.0 -4.0 -0.433 -0.457 -0.6177 -0.6474 12.45 
0.407 2 2 2 -4.0 -4.0 -0.417 -0.465 -0.5904 -0.6924 12.44 
0.408 2 2 2 -4.0 -4.0 -0.398 -0.448 -0.6583 -0.7434 12.45 
0.409 2 2 2 -4.0 -4.0 -0.400 -0.416 -0.5904 -0.7169 12.45 
0.410 2 2 2 -4.0 -4.0 -0.409 -0.412 -0.6374 -0.7302 12.45 
0.411 2 2 2 -4.0 -4.0 -0.384 -0.396 -0.6924 -0.7723 12.45 
0.412 2 2 2 -4.0 -4.0 -0.363 -0.390 -0.6691 -0.7723 12.44 
0.413 2 2 2 -4.0 -4.0 -0.346 -0.366 -0.7169 -0.7872 12.45 
0.414 2 2 2 -4.0 -4.0 -0.377 -0.326 -0.6691 -0.7723 12.45 
0.415 2 2 2 -4.0 -4.0 -0.373 -0.350 -0.7044 -0.8032 12.45 
0.416 2 2 2 -4.0 -4.0 -0.346 -0.369 -0.6804 -0.8032 12.45 
0.417 2 2 2 -4.0 -4.0 -0.321 -0.381 -0.7169 -0.7872 12.45 
0.418 2 2 2 -4.0 -4.0 -0.315 -0.370 -0.7434 -0.8193 12.45 
0.419 2 2 2 -4.0 -4.0 -0.356 -0.354 -0.7302 -0.7872 12.45 
0.420 2 2 2 -4.0 -4.0 -0.338 -0.361 -0.7575 -0.8366 12.45 
0.421 2 2 2 -4.0 -4.0 -0.328 -0.374 -0.7169 -0.7872 12.45 
0.422 2 2 2 -4.0 -4.0 -0.316 -0.362 -0.7723 -0.8543 12.45 
0.423 2 2 2 -4.0 -4.0 -0.324 -0.361 -0.6804 -0.8032 12.45 
0.424 2 2 2 -4.0 -4.0 -0.321 -0.324 -0.8032 -0.8193 12.45 
0.425 2 2 2 -4.0 -4.0 -0.306 -0.325 -0.7044 -0.8924 12.45 
0.426 2 2 2 -4.0 -4.0 -0.282 -0.280 -0.7723 -0.8924 12.45 
0.427 2 2 2 -4.0 -4.0 -0.281 -0.290 -0.7169 -0.8924 12.45 
0.428 2 2 2 -4.0 -4.0 -0.283 -0.321 -0.7723 -0.8032 12.45 
0.429 2 2 2 -4.0 -4.0 -0.277 -0.307 -0.8193 -0.8924 12.45 
0.430 2 2 2 -4.0 -4.0 -0.265 -0.264 -0.8543 -0.8193 12.45 
0.431 2 2 2 -4.0 -4.0 -0.256 -0.294 -0.7169 -0.9125 12.45 
0.432 2 2 2 -4.0 -4.0 -0.281 -0.308 -0.8543 -0.8727 12.46 
0.433 2 2 2 -4.0 -4.0 -0.255 -0.267 -0.7723 -0.8924 12.45 
0.434 2 2 2 -4.0 -4.0 -0.233 -0.294 -0.8366 -0.9125 12.45 
0.435 2 2 2 -4.0 -4.0 -0.255 -0.291 -0.7872 -0.9338 12.45 
0.436 2 2 2 -4.0 -4.0 -0.253 -0.281 -0.8543 -0.8924 12.46 
0.437 2 2 2 -4.0 -4.0 -0.230 -0.263 -0.8193 -0.9125 12.46 
0.438 2 2 2 -4.0 -4.0 -0.215 -0.255 -0.8727 -0.9338 12.45 
0.439 2 2 2 -4.0 -4.0 -0.238 -0.279 -0.8543 -0.9559 12.45 
0.440 2 2 2 -4.0 -4.0 -0.234 -0.256 -0.7872 -0.9796 12.45 
0.441 2 2 2 -4.0 -4.0 -0.220 -0.280 -0.8727 -0.9559 12.45 
0.442 2 2 2 -4.0 -4.0 -0.215 -0.282 -0.8727 -0.8543 12.45 
0.443 2 2 2 -4.0 -4.0 -0.234 -0.244 -0.8924 -1.0041 12.45 
0.444 2 2 2 -4.0 -4.0 -0.227 -0.252 -0.8032 -0.9125 12.46 
0.445 2 2 2 -4.0 -4.0 -0.210 -0.252 -0.8924 -0.9338 12.46 
0.446 2 2 2 -4.0 -4.0 -0.225 -0.239 -0.8193 -1.0041 12.46 
0.447 2 2 2 -4.0 -4.0 -0.232 -0.214 -0.9125 -0.9796 12.45 
0.448 2 2 2 -4.0 -4.0 -0.216 -0.245 -0.8366 -1.0298 12.46 
0.449 2 2 2 -4.0 -4.0 -0.199 -0.259 -0.8924 -0.9796 12.46 
0.450 2 2 2 -4.0 -4.0 -0.222 -0.234 -0.8924 -0.9125 12.46 
0.451 2 2 2 -4.0 -4.0 -0.221 -0.236 -0.9338 -1.0041 12.48 
0.452 2 2 2 -4.0 -4.0 -0.200 -0.236 -0.9796 -0.9796 12.46 
0.453 2 2 2 -4.0 -4.0 -0.203 -0.212 -0.8032 -0.9796 12.46 
0.454 2 2 2 -4.0 -4.0 -0.214 -0.217 -0.9559 -1.0298 12.46 
0.455 2 2 2 -4.0 -4.0 -0.200 -0.239 -0.8543 -1.0041 12.46 
0.456 2 2 2 -4.0 -4.0 -0.191 -0.218 -0.8924 -1.0298 12.45 
0.457 2 2 2 -4.0 -4.0 -0.208 -0.191 -0.9125 -1.0567 12.45 
0.458 2 2 2 -4.0 -4.0 -0.206 -0.213 -0.8727 -1.0041 12.46 
0.459 2 2 2 -4.0 -4.0 -0.179 -0.204 -0.9338 -1.0567 12.46 
0.460 2 2 2 -4.0 -4.0 -0.192 -0.209 -0.9559 -1.0567 12.46 
0.461 2 2 2 -4.0 -4.0 -0.195 -0.218 -0.9796 -1.0567 12.46 
0.462 2 2 2 -4.0 -4.0 -0.166 -0.232 -0.9796 -1.0567 12.46 
0.463 2 2 2 -4.0 -4.0 -0.159 -0.186 -0.9796 -0.8924 12.45 
0.464 2 2 2 -4.0 -4.0 -0.183 -0.202 -1.0041 -0.9796 12.46 
0.465 2 2 2 -4.0 -4.0 -0.179 -0.184 -0.9338 -1.0567 12.46 
0.466 2 2 2 -4.0 -4.0 -0.164 -0.183 -1.0041 -1.0298 12.46 
0.467 2 2 2 -4.0 -4.0 -0.179 -0.195 -1.0041 -1.0852 12.46 
0.468 2 2 2 -4.0 -4.0 -0.176 -0.224 -0.8924 -1.1153 12.46 
0.469 2 2 2 -4.0 -4.0 -0.160 -0.206 -1.0041 -1.0567 12.46 
0.470 2 2 2 -4.0 -4.0 -0.168 -0.195 -0.9796 -1.1153 12.46 
0.471 2 2 2 -4.0 -4.0 -0.173 -0.199 -1.0298 -1.1153 12.46 
0.472 2 2 2 -4.0 -4.0 -0.158 -0.191 -1.0567 -1.0852 12.46 
0.473 2 2 2 -4.0 -4.0 -0.152 -0.199 -0.8727 -1.1153 12.46 
0.474 2 2 2 -4.0 -4.0 -0.114 -0.268 -1.0298 -1.1474 12.46 
0.475 2 2 2 -4.0 -4.0 -0.091 -0.271 -0.9125 -1.0567 12.46 
0.476 2 2 2 -4.0 -4.0 -0.136 -0.223 -0.8924 -1.1153 12.46 
0.477 2 2 2 -4.0 -4.0 -0.170 -0.203 -0.9796 -1.1474 12.46 
0.478 2 2 2 -4.0 -4.0 -0.169 -0.172 -0.9796 -1.0852 12.46 
0.479 2 2 2 -4.0 -4.0 -0.142 -0.165 -1.0298 -1.1474 12.45 
0.480 2 2 2 -4.0 -4.0 -0.148 -0.178 -1.0298 -1.1153 12.46 
0.481 2 2 2 -4.0 -4.0 -0.156 -0.168 -1.0041 -1.0852 12.46 
0.482 2 2 2 -4.0 -4.0 -0.142 -0.165 -1.0567 -1.1474 12.46 
0.483 2 2 2 -4.0 -4.0 -0.147 -0.161 -1.0567 -1.1474 12.46 
0.484 2 2 2 -4.0 -4.0 -0.156 -0.160 -0.9338 -1.1153 12.46 
0.485 2 2 2 -4.0 -4.0 -0.149 -0.198 -1.0041 -1.1474 12.46 
0.486 2 2 2 -4.0 -4.0 -0.148 -0.174 -0.9125 -1.1812 12.46 
0.487 2 2 2 -4.0 -4.0 -0.166 -0.142 -1.0567 -1.1153 12.46 
0.488 2 2 2 -4.0 -4.0 -0.147 -0.178 -1.0041 -1.1474 12.46 
0.489 2 2 2 -4.0 -4.0 -0.136 -0.197 -0.9796 -1.1153 12.46 
0.490 2 2 2 -4.0 -4.0 -0.159 -0.149 -1.0567 -1.1474 12.46 
0.491 2 2 2 -4.0 -4.0 -0.152 -0.161 -1.0567 -1.1153 12.45 
0.492 2 2 2 -4.0 -4.0 -0.140 -0.174 -0.8543 -1.1153 12.46 
0.493 2 2 2 -4.0 -4.0 -0.153 -0.152 -1.0298 -1.1812 12.46 
0.494 2 2 2 -4.0 -4.0 -0.153 -0.149 -0.9125 -1.1474 12.46 
0.495 2 2 2 -4.0 -4.0 -0.132 -0.149 -1.0298 -1.1812 12.46 
0.496 2 2 2 -4.0 -4.0 -0.156 -0.151 -1.0298 -1.1812 12.46 
0.497 2 2 2 -4.0 -4.0 -0.160 -0.195 -1.0041 -1.1153 12.46 
0.498 2 2 2 -4.0 -4.0 -0.144 -0.180 -1.0567 -1.2551 12.46 
0.499 2 2 2 -4.0 -4.0 -0.150 -0.140 -1.0567 -1.1812 12.46 
0.500 2 2 2 -4.0 -4.0 -0.150 -0.150 -1.0298 -1.1812 12.46 
0.501 2 2 2 -4.0 -4.0 -0.131 -0.170 -1.0567 -1.1812 12.46 
0.502 2 2 2 -4.0 -4.0 -0.129 -0.157 -1.0852 -1.1812 12.46 
0.503 2 2 3 0.0 0.0 -0.156 -0.170 -1.0852 -1.1153 12.46 
0.504 2 2 3 0.0 0.0 -0.072 -0.077 -1.0852 -1.1812 12.47 
0.505 2 2 3 0.0 0.0 0.221 0.188 -0.9338 -1.1474 12.47 
0.506 2 2 3 0.0 0.0 0.442 0.398 -1.0567 -1.1474 12.48 
0.507 2 2 3 0.0 0.0 0.589 0.608 -0.9338 -1.0852 12.47 
0.508 2 2 3 0.0 0.0 0.700 0.748 -0.8727 -1.0567 12.47 
0.509 2 2 3 0.0 0.0 0.665 0.687 -0.9125 -1.0298 12.48 
0.510 2 2 3 0.0 0.0 0.627 0.733 -0.9338 -1.0041 12.48 
0.511 2 2 3 0.0 0.0 0.677 0.788 -0.9338 -1.0041 12.48 
0.512 2 2 3 0.0 0.0 0.715 0.665 -0.7434 -0.9796 12.47 
0.513 2 2 3 0.0 0.0 0.666 0.654 -0.8366 -0.9338 12.48 
0.514 2 2 3 0.0 0.0 0.613 0.699 -0.6924 -0.7723 12.48 
0.515 2 2 3 0.0 0.0 0.635 0.685 -0.7723 -0.8727 12.48 
0.516 2 2 3 0.0 0.0 0.654 0.615 -0.6583 -0.6273 12.48 
0.517 2 2 3 0.0 0.0 0.612 0.646 -0.6924 -0.8193 12.48 
0.518 2 2 3 0.0 0.0 0.527 0.690 -0.7169 -0.6273 12.48 
0.519 2 2 3 0.0 0.0 0.518 0.683 -0.6374 -0.7169 12.48 
0.520 2 2 3 0.0 0.0 0.556 0.539 -0.6374 -0.7169 12.48 
0.521 2 2 3 0.0 0.0 0.563 0.521 -0.5735 -0.7723 12.48 
0.522 2 2 3 0.0 0.0 0.542 0.553 -0.5820 -0.6924 12.48 
0.523 2 2 3 0.0 0.0 0.455 0.577 -0.5575 -0.6273 12.47 
0.524 2 2 3 0.0 0.0 0.453 0.510 -0.4615 -0.6583 12.48 
0.525 2 2 3 0.0 0.0 0.462 0.465 -0.5149 -0.6583 12.47 
0.526 2 2 3 0.0 0.0 0.465 0.486 -0.5020 -0.6273 12.48 
0.527 2 2 3 0.0 0.0 0.465 0.505 -0.5020 -0.6474 12.48 
0.528 2 2 3 0.0 0.0 0.438 0.517 -0.4615 -0.4510 12.47 
0.529 2 2 3 0.0 0.0 0.375 0.492 -0.4615 -0.5655 12.47 
0.530 2 2 3 0.0 0.0 0.337 0.372 -0.4462 -0.5575 12.47 
0.531 2 2 3 0.0 0.0 0.339 0.344 -0.4410 -0.4779 12.48 
0.532 2 2 3 0.0 0.0 0.347 0.361 -0.3137 -0.5081 12.47 
0.533 2 2 3 0.0 0.0 0.358 0.387 -0.3896 -0.4615 12.48 
0.534 2 2 3 0.0 0.0 0.354 0.402 -0.4016 -0.4615 12.47 
0.535 2 2 3 0.0 0.0 0.335 0.407 -0.3550 -0.4462 12.47 
0.536 2 2 3 0.0 0.0 0.321 0.405 -0.2695 -0.4723 12.48 
0.537 2 2 3 0.0 0.0 0.317 0.338 -0.2510 -0.3787 12.48 
0.538 2 2 3 0.0 0.0 0.285 0.313 -0.3161 -0.3936 12.47 
0.539 2 2 3 0.0 0.0 0.251 0.315 -0.3787 -0.3522 12.48 
0.540 2 2 3 0.0 0.0 0.240 0.326 -0.2888 -0.3860 12.48 
0.541 2 2 3 0.0 0.0 0.241 0.325 -0.2888 -0.3040 12.48 
0.542 2 2 3 0.0 0.0 0.244 0.315 -0.1976 -0.3040 12.47 
0.543 2 2 3 0.0 0.0 0.237 0.295 -0.1976 -0.3317 12.47 
0.544 2 2 3 0.0 0.0 0.224 0.276 -0.2418 -0.2848 12.47 
0.545 2 2 3 0.0 0.0 0.219 0.231 -0.2418 -0.3522 12.48 
0.546 2 2 3 0.0 0.0 0.221 0.189 -0.2402 -0.2972 12.48 
0.547 2 2 3 0.0 0.0 0.207 0.185 -0.2217 -0.2807 12.48 
0.548 2 2 3 0.0 0.0 0.190 0.198 -0.2080 -0.2952 12.48 
0.549 2 2 3 0.0 0.0 0.179 0.213 -0.2080 -0.2574 12.48 
0.550 2 2 3 0.0 0.0 0.177 0.221 -0.1474 -0.2402 12.48 
0.551 2 2 3 0.0 0.0 0.164 0.212 -0.1474 -0.2996 12.47 
0.552 2 2 3 0.0 0.0 0.139 0.205 -0.1474 -0.2590 12.48 
0.553 2 2 3 0.0 0.0 0.122 0.205 -0.1679 -0.2494 12.48 
0.554 2 2 3 0.0 0.0 0.120 0.193 -0.1679 -0.2293 12.48 
0.555 2 2 3 0.0 0.0 0.117 0.191 -0.1554 -0.2293 12.48 
0.556 2 2 3 0.0 0.0 0.115 0.196 -0.1554 -0.1831 12.48 
0.557 2 2 3 0.0 0.0 0.112 0.188 -0.1554 -0.1663 12.48 
0.558 2 2 3 0.0 0.0 0.103 0.178 -0.1269 -0.1663 12.48 
0.559 2 2 3 0.0 0.0 0.106 0.159 -0.1269 -0.2113 12.47 
0.560 2 2 3 0.0 0.0 0.102 0.147 -0.1269 -0.2113 12.48 
0.561 2 2 3 0.0 0.0 0.096 0.140 -0.1269 -0.1839 12.48 
0.562 2 2 3 0.0 0.0 0.088 0.147 -0.0996 -0.1839 12.47 
0.563 2 2 3 0.0 0.0 0.084 0.140 -0.0916 -0.1530 12.48 
0.564 2 2 3 0.0 0.0 0.078 0.133 -0.0916 -0.1530 12.48 
0.565 2 2 3 0.0 0.0 0.074 0.129 -0.0916 -0.1530 12.47 
0.566 2 2 3 0.0 0.0 0.065 0.131 -0.0916 -0.1301 12.48 
0.567 2 2 3 0.0 0.0 0.059 0.128 -0.0859 -0.0984 12.48 
0.568 2 2 3 0.0 0.0 0.058 0.118 -0.0707 -0.0952 12.47 
0.569 2 2 3 0.0 0.0 0.055 0.105 -0.0635 -0.0952 12.48 
0.570 2 2 3 0.0 0.0 0.050 0.094 -0.0635 -0.0952 12.47 
0.571 2 2 3 0.0 0.0 0.045 0.093 -0.0635 -0.1149 12.48 
0.572 2 2 3 0.0 0.0 0.047 0.085 -0.0635 -0.1149 12.48 
0.573 2 2 3 0.0 0.0 0.046 0.083 -0.0635 -0.1149 12.47 
0.574 2 2 3 0.0 0.0 0.042 0.080 -0.0635 -0.1149 12.47 
0.575 2 2 3 0.0 0.0 0.036 0.086 -0.0627 -0.1161 12.48 
0.576 2 2 3 0.0 0.0 0.090 0.027 -0.0542 -0.1161 12.47 
0.577 2 2 3 0.0 0.0 0.093 0.009 -0.0478 -0.1161 12.47 
0.578 2 2 3 0.0 0.0 0.050 0.049 -0.0426 -0.1024 12.47 
0.579 2 2 3 0.0 0.0 0.030 0.064 -0.0386 -0.0815 12.48 
0.580 2 2 3 0.0 0.0 0.019 0.066 -0.0349 -0.0735 12.48 
0.581 2 2 3 0.0 0.0 0.018 0.057 -0.0333 -0.0735 12.48 
0.582 2 2 3 0.0 0.0 0.015 0.055 -0.0333 -0.0735 12.48 
0.583 2 2 3 0.0 0.0 0.011 0.057 -0.0333 -0.0735 12.48 
0.584 2 2 3 0.0 0.0 0.010 0.054 -0.0333 -0.0735 12.48 
0.585 2 2 3 0.0 0.0 0.012 0.050 -0.0333 -0.0735 12.48 
0.586 2 2 3 0.0 0.0 0.008 0.046 -0.0333 -0.0619 12.48 
0.587 2 2 3 0.0 0.0 0.003 0.046 -0.0333 -0.0538 12.48 
0.588 2 2 3 0.0 0.0 -0.001 0.048 -0.0333 -0.0474 12.48 
0.589 2 2 3 0.0 0.0 0.004 0.039 -0.0333 -0.0422 12.48 
0.590 2 2 3 0.0 0.0 -0.003 0.041 -0.0333 -0.0402 12.48 
0.591 2 2 3 0.0 0.0 0.001 0.041 -0.0333 -0.0402 12.48 
0.592 2 2 3 0.0 0.0 -0.001 0.041 -0.0333 -0.0402 12.48 
0.593 2 2 3 0.0 0.0 -0.007 0.041 -0.0321 -0.0402 12.48 
0.594 2 2 3 0.0 0.0 -0.001 0.034 -0.0297 -0.0402 12.48 
0.595 2 2 3 0.0 0.0 -0.006 0.039 -0.0277 -0.0402 12.48 
0.596 2 2 3 0.0 0.0 -0.007 0.032 -0.0261 -0.0402 12.47 
0.597 2 2 3 0.0 0.0 -0.001 0.032 -0.0245 -0.0402 12.48 
0.598 2 2 3 0.0 0.0 -0.003 0.031 -0.0229 -0.0402 12.48 
0.599 2 2 3 0.0 0.0 -0.004 0.025 -0.0217 -0.0422 12.48 
0.600 2 2 3 0.0 0.0 -0.003 0.024 -0.0205 -0.0422 12.48 
0.601 2 2 3 0.0 0.0 0.000 0.021 -0.0197 -0.0422 12.48 
0.602 2 2 3 0.0 0.0 -0.000 0.017 -0.0185 -0.0422 12.48 
0.603 2 2 3 0.0 0.0 -0.007 0.018 -0.0177 -0.0422 12.48 
0.604 2 2 3 0.0 0.0 0.006 0.010 -0.0169 -0.0422 12.48 
0.605 2 2 3 0.0 0.0 0.004 0.014 -0.0165 -0.0422 12.48 
0.606 2 2 3 0.0 0.0 -0.000 0.009 -0.0157 -0.0422 12.48 
0.607 2 2 3 0.0 0.0 0.000 0.008 -0.0149 -0.0422 12.48 
0.608 2 2 3 0.0 0.0 0.001 0.005 -0.0145 -0.0422 12.48 
0.609 2 2 3 0.0 0.0 -0.000 0.006 -0.0141 -0.0398 12.48 
0.610 2 2 3 0.0 0.0 -0.005 0.008 -0.0137 -0.0361 12.47 
0.611 2 2 3 0.0 0.0 -0.001 0.006 -0.0129 -0.0329 12.47 
0.612 2 2 3 0.0 0.0 0.002 0.003 -0.0125 -0.0305 12.48 
0.613 2 2 3 0.0 0.0 -0.001 0.003 -0.0120 -0.0285 12.48 
0.614 2 2 3 0.0 0.0 0.004 0.006 -0.0116 -0.0265 12.48 
0.615 2 2 3 0.0 0.0 -0.000 0.006 -0.0116 -0.0249 12.47 
0.616 2 2 3 0.0 0.0 0.004 -0.001 -0.0112 -0.0233 12.47 
0.617 2 2 3 0.0 0.0 -0.004 -0.001 -0.0108 -0.0221 12.47 
0.618 2 2 3 0.0 0.0 -0.007 0.000 -0.0104 -0.0209 12.47 
0.619 2 2 3 0.0 0.0 -0.003 0.006 -0.0104 -0.0197 12.48 
0.620 2 2 3 0.0 0.0 -0.001 -0.003 -0.0100 -0.0189 12.48 
0.621 2 2 3 0.0 0.0 0.003 -0.004 -0.0096 -0.0181 12.48 
0.622 2 2 3 0.0 0.0 0.002 -0.004 -0.0096 -0.0173 12.47 
0.623 2 2 3 0.0 0.0 -0.002 0.001 -0.0092 -0.0165 12.48 
0.624 2 2 3 0.0 0.0 -0.004 0.003 -0.0092 -0.0157 12.48 
0.625 2 2 3 0.0 0.0 0.001 -0.005 -0.0088 -0.0153 12.48 
0.626 2 2 3 0.0 0.0 0.002 0.003 -0.0088 -0.0145 12.48 
0.627 2 2 3 0.0 0.0 -0.001 0.008 -0.0084 -0.0141 12.48 
0.628 2 2 3 0.0 0.0 -0.002 0.005 -0.0084 -0.0137 12.48 
0.629 2 2 3 0.0 0.0 0.002 0.001 -0.0080 -0.0133 12.48 
0.630 2 2 3 0.0 0.0 0.000 0.001 -0.0080 -0.0129 12.47 
0.631 2 2 3 0.0 0.0 -0.004 0.002 -0.0076 -0.0125 12.48 
0.632 2 2 3 0.0 0.0 -0.004 0.004 -0.0076 -0.0120 12.48 
0.633 2 2 3 0.0 0.0 0.001 -0.004 -0.0076 -0.0116 12.48 
0.634 2 2 3 0.0 0.0 -0.000 0.003 -0.0072 -0.0112 12.48 
0.635 2 2 3 0.0 0.0 -0.001 0.009 -0.0072 -0.0108 12.48 
0.636 2 2 3 0.0 0.0 -0.003 0.007 -0.0072 -0.0104 12.48 
0.637 2 2 3 0.0 0.0 -0.003 -0.001 -0.0068 -0.0104 12.48 
0.638 2 2 3 0.0 0.0 -0.001 -0.006 -0.0068 -0.0100 12.47 
0.639 2 2 3 0.0 0.0 0.001 0.001 -0.0068 -0.0096 12.48 
0.640 2 2 3 0.0 0.0 -0.002 0.002 -0.0064 -0.0096 12.47 
0.641 2 2 3 0.0 0.0 -0.011 0.003 -0.0064 -0.0092 12.48 
0.642 2 2 3 0.0 0.0 -0.001 0.005 -0.0064 -0.0092 12.48 
0.643 2 2 3 0.0 0.0 0.002 0.007 -0.0064 -0.0088 12.47 
0.644 2 2 3 0.0 0.0 0.005 0.003 -0.0060 -0.0088 12.48 
0.645 2 2 3 0.0 0.0 0.004 0.001 -0.0060 -0.0084 12.48 
0.646 2 2 3 0.0 0.0 -0.002 -0.003 -0.0060 -0.0084 12.48 
0.647 2 2 3 0.0 0.0 0.008 -0.001 -0.0060 -0.0080 12.47 
0.648 2 2 3 0.0 0.0 0.004 -0.001 -0.0056 -0.0080 12.47 
0.649 2 2 3 0.0 0.0 0.000 0.001 -0.0056 -0.0076 12.47 
0.650 2 2 3 0.0 0.0 -0.000 0.007 -0.0056 -0.0076 12.48 
0.651 2 2 3 0.0 0.0 -0.002 -0.001 -0.0056 -0.0076 12.48 
0.652 2 2 3 0.0 0.0 -0.003 0.000 -0.0056 -0.0072 12.48 
0.653 2 2 3 0.0 0.0 -0.002 0.001 -0.0052 -0.0072 12.48 
0.654 2 2 3 0.0 0.0 -0.005 0.004 -0.0052 -0.0072 12.48 
0.655 2 2 3 0.0 0.0 -0.004 -0.003 -0.0052 -0.0068 12.48 
0.656 2 2 3 0.0 0.0 -0.004 -0.001 -0.0052 -0.0068 12.48 
0.657 2 2 3 0.0 0.0 0.003 -0.001 -0.0052 -0.0068 12.47 
0.658 2 2 3 0.0 0.0 -0.005 0.005 -0.0048 -0.0064 12.47 
0.659 2 2 3 0.0 0.0 -0.003 -0.001 -0.0048 -0.0064 12.48 
0.660 2 2 3 0.0 0.0 -0.004 0.002 -0.0048 -0.0064 12.48 
0.661 2 2 3 0.0 0.0 0.004 -0.002 -0.0048 -0.0064 12.48 
0.662 2 2 3 0.0 0.0 0.004 0.005 -0.0048 -0.0060 12.48 
0.663 2 2 3 0.0 0.0 -0.000 0.001 -0.0048 -0.0060 12.48 
0.664 2 2 3 0.0 0.0 -0.000 -0.002 -0.0044 -0.0060 12.48 
0.665 2 2 3 0.0 0.0 -0.004 -0.001 -0.0044 -0.0060 12.48 
