%% logfile from robot Melina (78)
% Melina (78)
%  1    time 0.000 sec
%  2  3  4   (mission 0), state 2, thread 2, line 0
%  5  6 Motor voltage [V] left, right: 2.0 2.0
%  7  8 Motor current left, right [A]: 0.032 0.029
%  9 10 Wheel velocity [m/s] left, right: 0.0000 -0.0000
% 11    Battery voltage [V]: 12.50
0.001 2 2 0 2.0 2.0 0.002 0.004 0.0000 0.0000 12.50 
0.002 2 2 0 2.0 2.0 -0.141 -0.107 0.0000 0.0000 12.49 
0.003 2 2 0 2.0 2.0 -0.348 -0.338 0.0000 0.0000 12.47 
0.004 2 2 0 2.0 2.0 -0.503 -0.447 0.0000 0.0000 12.45 
0.005 2 2 0 2.0 2.0 -0.580 -0.494 0.0000 0.0000 12.47 
0.006 2 2 0 2.0 2.0 -0.614 -0.530 0.0000 0.0000 12.46 
0.007 2 2 0 2.0 2.0 -0.644 -0.503 -0.0000 0.0000 12.47 
0.008 2 2 0 2.0 2.0 -0.641 -0.445 -0.0000 0.0000 12.47 
0.009 2 2 0 2.0 2.0 -0.623 -0.456 -0.0000 -0.0538 12.47 
0.010 2 2 0 2.0 2.0 -0.607 -0.441 -0.0000 -0.0538 12.45 
0.011 2 2 0 2.0 2.0 -0.605 -0.460 -0.1016 -0.0538 12.48 
0.012 2 2 0 2.0 2.0 -0.600 -0.477 -0.1016 -0.1129 12.47 
0.013 2 2 0 2.0 2.0 -0.580 -0.405 -0.1016 -0.1129 12.48 
0.014 2 2 0 2.0 2.0 -0.556 -0.403 -0.1353 -0.1129 12.47 
0.015 2 2 0 2.0 2.0 -0.538 -0.409 -0.1353 -0.1129 12.46 
0.016 2 2 0 2.0 2.0 -0.513 -0.433 -0.1731 -0.1177 12.46 
0.017 2 2 0 2.0 2.0 -0.507 -0.467 -0.1731 -0.1177 12.44 
0.018 2 2 0 2.0 2.0 -0.491 -0.483 -0.2169 -0.1687 12.45 
0.019 2 2 0 2.0 2.0 -0.494 -0.367 -0.2522 -0.1687 12.46 
0.020 2 2 0 2.0 2.0 -0.493 -0.367 -0.2522 -0.1948 12.46 
0.021 2 2 0 2.0 2.0 -0.483 -0.343 -0.2374 -0.1948 12.47 
0.022 2 2 0 2.0 2.0 -0.463 -0.311 -0.2374 -0.2522 12.48 
0.023 2 2 0 2.0 2.0 -0.451 -0.328 -0.2607 -0.2217 12.50 
0.024 2 2 0 2.0 2.0 -0.432 -0.395 -0.2848 -0.2217 12.49 
0.025 2 2 0 2.0 2.0 -0.392 -0.351 -0.3237 -0.2554 12.46 
0.026 2 2 0 2.0 2.0 -0.401 -0.366 -0.3237 -0.2554 12.45 
0.027 2 2 0 2.0 2.0 -0.398 -0.379 -0.3088 -0.2711 12.44 
0.028 2 2 0 2.0 2.0 -0.392 -0.394 -0.3040 -0.3213 12.46 
0.029 2 2 0 2.0 2.0 -0.369 -0.296 -0.3185 -0.2434 12.46 
0.030 2 2 0 2.0 2.0 -0.362 -0.288 -0.3751 -0.2434 12.49 
0.031 2 2 0 2.0 2.0 -0.363 -0.234 -0.3550 -0.2888 12.47 
0.032 2 2 0 2.0 2.0 -0.350 -0.325 -0.3522 -0.3064 12.46 
0.033 2 2 0 2.0 2.0 -0.359 -0.277 -0.3522 -0.3522 12.46 
0.034 2 2 0 2.0 2.0 -0.363 -0.283 -0.3430 -0.3289 12.49 
0.035 2 2 0 2.0 2.0 -0.341 -0.290 -0.3787 -0.2807 12.48 
0.036 2 2 0 2.0 2.0 -0.325 -0.287 -0.3651 -0.3346 12.50 
0.037 2 2 0 2.0 2.0 -0.312 -0.266 -0.3715 -0.3265 12.48 
0.038 2 2 0 2.0 2.0 -0.299 -0.264 -0.3936 -0.4016 12.46 
0.039 2 2 0 2.0 2.0 -0.293 -0.277 -0.4181 -0.3064 12.49 
0.040 2 2 0 2.0 2.0 -0.295 -0.221 -0.4137 -0.3064 12.50 
0.041 2 2 0 2.0 2.0 -0.309 -0.232 -0.3976 -0.3490 12.46 
0.042 2 2 0 2.0 2.0 -0.296 -0.200 -0.4410 -0.3522 12.47 
0.043 2 2 0 2.0 2.0 -0.285 -0.220 -0.3860 -0.3860 12.48 
0.044 2 2 0 2.0 2.0 -0.276 -0.224 -0.4016 -0.3317 12.48 
0.045 2 2 0 2.0 2.0 -0.243 -0.209 -0.4317 -0.3787 12.49 
0.046 2 2 0 2.0 2.0 -0.231 -0.201 -0.4562 -0.3787 12.46 
0.047 2 2 0 2.0 2.0 -0.232 -0.228 -0.3936 -0.4097 12.50 
0.048 2 2 0 2.0 2.0 -0.251 -0.224 -0.4097 -0.3462 12.48 
0.049 2 2 0 2.0 2.0 -0.273 -0.190 -0.4362 -0.3860 12.50 
0.050 2 2 0 2.0 2.0 -0.282 -0.196 -0.4667 -0.3751 12.49 
0.051 2 2 0 2.0 2.0 -0.272 -0.179 -0.4462 -0.4137 12.48 
0.052 2 2 0 2.0 2.0 -0.243 -0.220 -0.4615 -0.3823 12.48 
0.053 2 2 0 2.0 2.0 -0.238 -0.207 -0.4896 -0.3936 12.48 
0.054 2 2 0 2.0 2.0 -0.246 -0.254 -0.4667 -0.3896 12.50 
0.055 2 2 0 2.0 2.0 -0.246 -0.204 -0.4667 -0.4317 12.48 
0.056 2 2 0 2.0 2.0 -0.230 -0.186 -0.4896 -0.3522 12.48 
0.057 2 2 0 2.0 2.0 -0.206 -0.152 -0.4836 -0.3787 12.47 
0.058 2 2 0 2.0 2.0 -0.209 -0.178 -0.4779 -0.4225 12.47 
0.059 2 2 0 2.0 2.0 -0.196 -0.158 -0.4779 -0.4562 12.49 
0.060 2 2 0 2.0 2.0 -0.188 -0.176 -0.5020 -0.3896 12.49 
0.061 2 2 0 2.0 2.0 -0.183 -0.191 -0.4836 -0.4056 12.49 
0.062 2 2 0 2.0 2.0 -0.213 -0.169 -0.4896 -0.4667 12.46 
0.063 2 2 0 2.0 2.0 -0.234 -0.148 -0.5149 -0.3582 12.48 
0.064 2 2 0 2.0 2.0 -0.261 -0.157 -0.4896 -0.3317 12.49 
0.065 2 2 0 2.0 2.0 -0.246 -0.137 -0.4896 -0.4317 12.49 
0.066 2 2 0 2.0 2.0 -0.223 -0.137 -0.5354 -0.4723 12.48 
0.067 2 2 0 2.0 2.0 -0.208 -0.129 -0.5081 -0.3651 12.50 
0.068 2 2 0 2.0 2.0 -0.216 -0.156 -0.5020 -0.4016 12.49 
0.069 2 2 0 2.0 2.0 -0.218 -0.175 -0.5426 -0.4462 12.49 
0.070 2 2 0 2.0 2.0 -0.211 -0.190 -0.5354 -0.4836 12.48 
0.071 2 2 0 2.0 2.0 -0.204 -0.153 -0.5213 -0.3976 12.47 
0.072 2 2 0 2.0 2.0 -0.181 -0.160 -0.5149 -0.4317 12.48 
0.073 2 2 0 2.0 2.0 -0.181 -0.130 -0.5354 -0.4779 12.49 
0.074 2 2 0 2.0 2.0 -0.179 -0.129 -0.5281 -0.4510 12.49 
0.075 2 2 0 2.0 2.0 -0.203 -0.139 -0.5149 -0.4562 12.50 
0.076 2 2 0 2.0 2.0 -0.216 -0.139 -0.5281 -0.4615 12.46 
0.077 2 2 0 2.0 2.0 -0.215 -0.132 -0.5281 -0.4896 12.48 
0.078 2 2 0 2.0 2.0 -0.188 -0.162 -0.5820 -0.4016 12.49 
0.079 2 2 0 2.0 2.0 -0.188 -0.174 -0.5655 -0.4462 12.49 
0.080 2 2 0 2.0 2.0 -0.195 -0.126 -0.5498 -0.4896 12.49 
0.081 2 2 0 2.0 2.0 -0.204 -0.212 -0.5820 -0.4462 12.48 
0.082 2 2 0 2.0 2.0 -0.188 -0.175 -0.5354 -0.4615 12.50 
0.083 2 2 0 2.0 2.0 -0.173 -0.152 -0.5354 -0.4615 12.50 
0.084 2 2 0 2.0 2.0 -0.154 -0.154 -0.5904 -0.4562 12.50 
0.085 2 2 0 2.0 2.0 -0.140 -0.118 -0.5426 -0.4723 12.50 
0.086 2 2 0 2.0 2.0 -0.170 -0.186 -0.5575 -0.4779 12.49 
0.087 2 2 0 2.0 2.0 -0.195 -0.219 -0.5904 -0.5213 12.51 
0.088 2 2 0 2.0 2.0 -0.199 -0.147 -0.5575 -0.4779 12.49 
0.089 2 2 0 2.0 2.0 -0.178 -0.140 -0.5655 -0.4836 12.49 
0.090 2 2 0 2.0 2.0 -0.162 -0.139 -0.5992 -0.5281 12.49 
0.091 2 2 0 2.0 2.0 -0.163 -0.081 -0.5575 -0.4836 12.48 
0.092 2 2 0 2.0 2.0 -0.183 -0.134 -0.5735 -0.4896 12.48 
0.093 2 2 0 2.0 2.0 -0.186 -0.076 -0.5904 -0.4779 12.50 
0.094 2 2 0 2.0 2.0 -0.177 -0.102 -0.5426 -0.4956 12.49 
0.095 2 2 0 2.0 2.0 -0.160 -0.114 -0.5498 -0.4956 12.49 
0.096 2 2 0 2.0 2.0 -0.147 -0.101 -0.5426 -0.4836 12.48 
0.097 2 2 0 2.0 2.0 -0.155 -0.107 -0.5498 -0.5213 12.47 
0.098 2 2 0 2.0 2.0 -0.181 -0.102 -0.5575 -0.4615 12.48 
0.099 2 2 0 2.0 2.0 -0.219 -0.096 -0.5575 -0.5081 12.49 
0.100 2 2 0 2.0 2.0 -0.220 -0.076 -0.5575 -0.5498 12.48 
0.101 2 2 0 2.0 2.0 -0.187 -0.113 -0.5992 -0.5020 12.49 
0.102 2 2 0 2.0 2.0 -0.176 -0.118 -0.5655 -0.5213 12.50 
0.103 2 2 0 2.0 2.0 -0.192 -0.110 -0.5575 -0.5575 12.49 
0.104 2 2 0 2.0 2.0 -0.202 -0.114 -0.5992 -0.3823 12.49 
0.105 2 2 0 2.0 2.0 -0.193 -0.085 -0.5904 -0.4317 12.48 
0.106 2 2 0 2.0 2.0 -0.184 -0.115 -0.5655 -0.5354 12.47 
0.107 2 2 0 2.0 2.0 -0.167 -0.126 -0.5992 -0.4667 12.49 
0.108 2 2 0 2.0 2.0 -0.173 -0.091 -0.5735 -0.4836 12.49 
0.109 2 2 0 2.0 2.0 -0.192 -0.135 -0.5498 -0.5575 12.49 
0.110 2 2 0 2.0 2.0 -0.204 -0.203 -0.5904 -0.4956 12.49 
0.111 2 2 0 2.0 2.0 -0.205 -0.216 -0.5655 -0.5020 12.49 
0.112 2 2 0 2.0 2.0 -0.166 -0.130 -0.5992 -0.4956 12.49 
0.113 2 2 0 2.0 2.0 -0.022 -0.101 -0.6085 -0.4896 12.49 
0.114 2 2 0 2.0 2.0 0.019 -0.072 -0.5904 -0.5081 12.49 
0.115 2 2 0 2.0 2.0 -0.002 -0.081 -0.6177 -0.5149 12.48 
0.116 2 2 0 2.0 2.0 0.002 -0.143 -0.5735 -0.5575 12.49 
0.117 2 2 0 2.0 2.0 0.047 -0.109 -0.6085 -0.5020 12.49 
0.118 2 2 0 2.0 2.0 0.062 -0.118 -0.6273 -0.5081 12.48 
0.119 2 2 0 2.0 2.0 0.065 -0.096 -0.5735 -0.5498 12.48 
0.120 2 2 0 2.0 2.0 0.011 -0.127 -0.5904 -0.4956 12.49 
0.121 2 2 0 2.0 2.0 0.021 -0.112 -0.5904 -0.5020 12.48 
0.122 2 2 0 2.0 2.0 0.049 -0.168 -0.5820 -0.5498 12.48 
0.123 2 2 0 2.0 2.0 0.056 -0.156 -0.6273 -0.5020 12.47 
0.124 2 2 0 2.0 2.0 0.078 -0.095 -0.5904 -0.5149 12.50 
0.125 2 2 0 2.0 2.0 0.067 -0.042 -0.5992 -0.5575 12.49 
0.126 2 2 0 2.0 2.0 0.074 -0.066 -0.6273 -0.5081 12.49 
0.127 2 2 0 2.0 2.0 0.081 -0.077 -0.5820 -0.5149 12.49 
0.128 2 2 0 2.0 2.0 0.095 -0.093 -0.5820 -0.5575 12.49 
0.129 2 2 0 2.0 2.0 0.120 -0.096 -0.5992 -0.5081 12.50 
0.130 2 2 0 2.0 2.0 0.118 -0.095 -0.5820 -0.5149 12.49 
0.131 2 2 0 2.0 2.0 0.081 -0.056 -0.5904 -0.5498 12.48 
0.132 2 2 0 2.0 2.0 0.047 -0.061 -0.5904 -0.5213 12.47 
0.133 2 2 0 2.0 2.0 0.065 -0.106 -0.5820 -0.5213 12.48 
0.134 2 2 0 2.0 2.0 0.083 -0.134 -0.6273 -0.5575 12.49 
0.135 2 2 0 2.0 2.0 0.089 -0.205 -0.5904 -0.4956 12.48 
0.136 2 2 0 2.0 2.0 0.079 -0.116 -0.5904 -0.5020 12.49 
0.137 2 2 0 2.0 2.0 0.062 -0.053 -0.6273 -0.5354 12.50 
0.138 2 2 0 2.0 2.0 0.076 -0.066 -0.5992 -0.5281 12.50 
0.139 2 2 0 2.0 2.0 0.099 -0.153 -0.5904 -0.5281 12.49 
0.140 2 2 0 2.0 2.0 0.109 -0.172 -0.6085 -0.5820 12.50 
0.141 2 2 0 2.0 2.0 0.104 -0.185 -0.5904 -0.3976 12.49 
0.142 2 2 0 2.0 2.0 0.070 -0.214 -0.6177 -0.4562 12.47 
0.143 2 2 0 2.0 2.0 0.059 -0.207 -0.5904 -0.5213 12.47 
0.144 2 2 0 2.0 2.0 0.074 -0.137 -0.6085 -0.4896 12.48 
0.145 2 2 0 2.0 2.0 0.051 -0.100 -0.6474 -0.5149 12.48 
0.146 2 2 0 2.0 2.0 0.082 -0.110 -0.5992 -0.5498 12.49 
0.147 2 2 0 2.0 2.0 0.082 -0.091 -0.5992 -0.5149 12.49 
0.148 2 2 0 2.0 2.0 0.081 -0.095 -0.5904 -0.5213 12.50 
0.149 2 2 0 2.0 2.0 0.101 -0.136 -0.5820 -0.5149 12.50 
0.150 2 2 0 2.0 2.0 0.127 -0.144 -0.6474 -0.5281 12.49 
0.151 2 2 0 2.0 2.0 0.147 -0.086 -0.5904 -0.5281 12.50 
0.152 2 2 0 2.0 2.0 0.119 -0.156 -0.5992 -0.5354 12.51 
0.153 2 2 0 2.0 2.0 0.085 -0.125 -0.6374 -0.4667 12.51 
0.154 2 2 0 2.0 2.0 0.082 -0.106 -0.5904 -0.5149 12.47 
0.155 2 2 0 2.0 2.0 0.096 -0.093 -0.6085 -0.5213 12.48 
0.156 2 2 0 2.0 2.0 0.106 -0.065 -0.5992 -0.5281 12.49 
0.157 2 2 0 2.0 2.0 0.098 -0.117 -0.5904 -0.5213 12.49 
0.158 2 2 0 2.0 2.0 0.071 -0.110 -0.6474 -0.5149 12.50 
0.159 2 2 0 2.0 2.0 0.086 -0.172 -0.5992 -0.5655 12.49 
0.160 2 2 0 2.0 2.0 0.108 -0.094 -0.5992 -0.5213 12.50 
0.161 2 2 0 2.0 2.0 0.124 -0.060 -0.6085 -0.5213 12.50 
0.162 2 2 0 2.0 2.0 0.059 -0.067 -0.5992 -0.5655 12.47 
0.163 2 2 0 2.0 2.0 0.062 -0.099 -0.6085 -0.5281 12.48 
0.164 2 2 0 2.0 2.0 0.054 -0.098 -0.6085 -0.5281 12.49 
0.165 2 2 0 2.0 2.0 0.077 -0.156 -0.5992 -0.5735 12.49 
0.166 2 2 0 2.0 2.0 0.104 -0.153 -0.6474 -0.5281 12.49 
0.167 2 2 0 2.0 2.0 0.070 -0.072 -0.5992 -0.5149 12.51 
0.168 2 2 0 2.0 2.0 0.059 -0.076 -0.6085 -0.5655 12.49 
0.169 2 2 0 2.0 2.0 0.078 -0.098 -0.6374 -0.5354 12.49 
0.170 2 2 0 2.0 2.0 0.088 -0.064 -0.6177 -0.5213 12.48 
0.171 2 2 0 2.0 2.0 0.119 -0.095 -0.6474 -0.5735 12.48 
0.172 2 2 0 2.0 2.0 0.137 -0.066 -0.6273 -0.5081 12.49 
0.173 2 2 0 2.0 2.0 0.119 -0.039 -0.5904 -0.5575 12.48 
0.174 2 2 0 2.0 2.0 0.087 -0.050 -0.6273 -0.5904 12.48 
0.175 2 2 0 2.0 2.0 0.080 -0.109 -0.5904 -0.5354 12.48 
0.176 2 2 0 2.0 2.0 0.094 -0.075 -0.6177 -0.5498 12.47 
0.177 2 2 0 2.0 2.0 0.109 -0.108 -0.6273 -0.5820 12.47 
0.178 2 2 0 2.0 2.0 0.102 -0.118 -0.6085 -0.4896 12.50 
0.179 2 2 0 2.0 2.0 0.089 -0.095 -0.6374 -0.5575 12.50 
0.180 2 2 0 2.0 2.0 0.090 -0.046 -0.5904 -0.5904 12.51 
0.181 2 2 0 2.0 2.0 0.117 -0.087 -0.6177 -0.5020 12.50 
0.182 2 2 0 2.0 2.0 0.129 -0.167 -0.6273 -0.5575 12.50 
0.183 2 2 0 2.0 2.0 0.137 -0.180 -0.5820 -0.5904 12.48 
0.184 2 2 0 2.0 2.0 0.106 -0.110 -0.5992 -0.5281 12.49 
0.185 2 2 0 2.0 2.0 0.078 -0.057 -0.5992 -0.5213 12.49 
0.186 2 2 0 2.0 2.0 0.084 -0.061 -0.5904 -0.5735 12.49 
0.187 2 2 0 2.0 2.0 0.101 -0.047 -0.6474 -0.5354 12.48 
0.188 2 2 0 2.0 2.0 0.108 -0.119 -0.6085 -0.5426 12.50 
0.189 2 2 0 2.0 2.0 0.081 -0.125 -0.6177 -0.5735 12.49 
0.190 2 2 0 2.0 2.0 0.088 -0.087 -0.5820 -0.5281 12.50 
0.191 2 2 0 2.0 2.0 0.109 -0.131 -0.5992 -0.5354 12.49 
0.192 2 2 0 2.0 2.0 0.130 -0.125 -0.6374 -0.5735 12.51 
0.193 2 2 0 2.0 2.0 0.143 -0.192 -0.6085 -0.5281 12.48 
0.194 2 2 0 2.0 2.0 0.126 -0.145 -0.5992 -0.5213 12.49 
0.195 2 2 0 2.0 2.0 0.082 -0.129 -0.6374 -0.5655 12.49 
0.196 2 2 0 2.0 2.0 0.073 -0.096 -0.5992 -0.5281 12.47 
0.197 2 2 0 2.0 2.0 0.100 -0.111 -0.6273 -0.5354 12.49 
0.198 2 2 0 2.0 2.0 0.121 -0.074 -0.6085 -0.5735 12.49 
0.199 2 2 0 2.0 2.0 0.120 -0.150 -0.5992 -0.5354 12.49 
0.200 2 2 0 2.0 2.0 0.097 -0.092 -0.6374 -0.5354 12.47 
0.201 2 2 1 4.0 4.0 0.097 -0.096 -0.6273 -0.5735 12.48 
0.202 2 2 1 4.0 4.0 0.043 -0.102 -0.5992 -0.5354 12.48 
0.203 2 2 1 4.0 4.0 -0.179 -0.222 -0.6374 -0.5213 12.46 
0.204 2 2 1 4.0 4.0 -0.389 -0.413 -0.6273 -0.5735 12.45 
0.205 2 2 1 4.0 4.0 -0.527 -0.535 -0.6691 -1.6732 12.45 
0.206 2 2 1 4.0 4.0 -0.554 -0.520 -0.6474 -0.7723 12.45 
0.207 2 2 1 4.0 4.0 -0.572 -0.531 -0.6924 -0.6273 12.45 
0.208 2 2 1 4.0 4.0 -0.578 -0.556 -0.7169 -0.6177 12.45 
0.209 2 2 1 4.0 4.0 -0.609 -0.605 -0.6924 -0.6924 12.44 
0.210 2 2 1 4.0 4.0 -0.566 -0.598 -0.7575 -3.3467 12.45 
0.211 2 2 1 4.0 4.0 -0.532 -0.549 -0.7044 -0.8366 12.45 
0.212 2 2 1 4.0 4.0 -0.505 -0.502 -0.7575 -0.6691 12.46 
0.213 2 2 1 4.0 4.0 -0.503 -0.521 -0.7302 -0.7302 12.46 
0.214 2 2 1 4.0 4.0 -0.512 -0.475 -0.8032 -0.6924 12.45 
0.215 2 2 1 4.0 4.0 -0.496 -0.521 -0.7723 -0.6924 12.46 
0.216 2 2 1 4.0 4.0 -0.474 -0.497 -0.8193 -0.7723 12.46 
0.217 2 2 1 4.0 4.0 -0.472 -0.441 -0.8032 -0.7302 12.48 
0.218 2 2 1 4.0 4.0 -0.458 -0.471 -0.8543 -0.7723 12.46 
0.219 2 2 1 4.0 4.0 -0.402 -0.435 -0.8193 -0.7723 12.47 
0.220 2 2 1 4.0 4.0 -0.392 -0.540 -0.8727 -0.8193 12.46 
0.221 2 2 1 4.0 4.0 -0.405 -0.421 -0.8727 -0.7872 12.47 
0.222 2 2 1 4.0 4.0 -0.416 -0.448 -0.8924 -0.8366 12.46 
0.223 2 2 1 4.0 4.0 -0.399 -0.441 -0.9125 -0.7872 12.47 
0.224 2 2 1 4.0 4.0 -0.395 -0.417 -0.9125 -0.8366 12.46 
0.225 2 2 1 4.0 4.0 -0.403 -0.385 -0.9559 -0.8032 12.47 
0.226 2 2 1 4.0 4.0 -0.372 -0.353 -0.9559 -0.8543 12.47 
0.227 2 2 1 4.0 4.0 -0.335 -0.401 -0.9796 -0.8366 12.47 
0.228 2 2 1 4.0 4.0 -0.338 -0.450 -0.9559 -0.8543 12.48 
0.229 2 2 1 4.0 4.0 -0.345 -0.333 -0.9796 -0.8366 12.47 
0.230 2 2 1 4.0 4.0 -0.335 -0.369 -1.0041 -0.8727 12.47 
0.231 2 2 1 4.0 4.0 -0.329 -0.342 -1.0041 -0.8727 12.46 
0.232 2 2 1 4.0 4.0 -0.331 -0.321 -1.0298 -0.8193 12.47 
0.233 2 2 1 4.0 4.0 -0.312 -0.315 -1.0298 -0.8727 12.46 
0.234 2 2 1 4.0 4.0 -0.277 -0.312 -1.0041 -0.8924 12.49 
0.235 2 2 1 4.0 4.0 -0.278 -0.332 -1.0567 -0.9559 12.48 
0.236 2 2 1 4.0 4.0 -0.260 -0.301 -1.0298 -0.8543 12.47 
0.237 2 2 1 4.0 4.0 -0.261 -0.320 -1.0567 -0.7872 12.48 
0.238 2 2 1 4.0 4.0 -0.291 -0.376 -1.0567 -0.9125 12.49 
0.239 2 2 1 4.0 4.0 -0.268 -0.348 -1.0567 -0.9338 12.47 
0.240 2 2 1 4.0 4.0 -0.236 -0.366 -1.0852 -1.0041 12.47 
0.241 2 2 1 4.0 4.0 -0.236 -0.378 -1.0567 -0.9796 12.46 
0.242 2 2 1 4.0 4.0 -0.273 -0.356 -1.0852 -0.8543 12.46 
0.243 2 2 1 4.0 4.0 -0.284 -0.361 -1.1474 -0.9796 12.46 
0.244 2 2 1 4.0 4.0 -0.297 -0.403 -1.0852 -1.0041 12.46 
0.245 2 2 1 4.0 4.0 -0.276 -0.338 -1.1153 -1.0567 12.47 
0.246 2 2 1 4.0 4.0 -0.236 -0.327 -1.1474 -1.0298 12.47 
0.247 2 2 1 4.0 4.0 -0.233 -0.273 -1.0852 -1.0567 12.46 
0.248 2 2 1 4.0 4.0 -0.253 -0.339 -1.1153 -1.0567 12.47 
0.249 2 2 1 4.0 4.0 -0.240 -0.293 -1.1812 -1.0567 12.47 
0.250 2 2 1 4.0 4.0 -0.248 -0.328 -1.1474 -1.0298 12.48 
0.251 2 2 1 4.0 4.0 -0.233 -0.334 -1.1474 -1.0298 12.46 
0.252 2 2 1 4.0 4.0 -0.197 -0.276 -1.1153 -1.0298 12.49 
0.253 2 2 1 4.0 4.0 -0.194 -0.259 -1.1474 -1.1153 12.47 
0.254 2 2 1 4.0 4.0 -0.204 -0.288 -1.1474 -1.0852 12.47 
0.255 2 2 1 4.0 4.0 -0.219 -0.308 -1.1474 -0.9338 12.47 
0.256 2 2 1 4.0 4.0 -0.223 -0.266 -1.1812 -1.0567 12.47 
0.257 2 2 1 4.0 4.0 -0.205 -0.247 -1.1474 -1.0298 12.47 
0.258 2 2 1 4.0 4.0 -0.173 -0.312 -1.1474 -1.0567 12.47 
0.259 2 2 1 4.0 4.0 -0.179 -0.325 -1.1812 -1.1153 12.47 
0.260 2 2 1 4.0 4.0 -0.223 -0.270 -1.1812 -1.0852 12.47 
0.261 2 2 1 4.0 4.0 -0.215 -0.286 -1.1812 -1.0852 12.47 
0.262 2 2 1 4.0 4.0 -0.217 -0.292 -1.2169 -1.0852 12.48 
0.263 2 2 1 4.0 4.0 -0.195 -0.278 -1.1812 -1.0852 12.47 
0.264 2 2 1 4.0 4.0 -0.169 -0.300 -1.1812 -1.0852 12.47 
0.265 2 2 1 4.0 4.0 -0.189 -0.256 -1.1812 -1.0852 12.48 
0.266 2 2 1 4.0 4.0 -0.187 -0.353 -1.2551 -1.1153 12.47 
0.267 2 2 1 4.0 4.0 -0.179 -0.298 -1.1812 -1.1153 12.47 
0.268 2 2 1 4.0 4.0 -0.182 -0.257 -1.1812 -1.0852 12.47 
0.269 2 2 1 4.0 4.0 -0.154 -0.226 -1.2551 -1.1153 12.47 
0.270 2 2 1 4.0 4.0 -0.147 -0.258 -1.1812 -1.0852 12.47 
0.271 2 2 1 4.0 4.0 -0.171 -0.320 -1.1812 -1.1153 12.47 
0.272 2 2 1 4.0 4.0 -0.164 -0.274 -1.1812 -1.1474 12.47 
0.273 2 2 1 4.0 4.0 -0.160 -0.224 -1.2551 -1.1153 12.47 
0.274 2 2 1 4.0 4.0 -0.143 -0.224 -1.2169 -1.1812 12.48 
0.275 2 2 1 4.0 4.0 -0.071 -0.271 -1.2169 -1.1153 12.48 
0.276 2 2 1 4.0 4.0 -0.109 -0.195 -1.2169 -1.1153 12.48 
0.277 2 2 1 4.0 4.0 -0.130 -0.200 -1.2952 -1.1812 12.48 
0.278 2 2 1 4.0 4.0 -0.114 -0.226 -1.2551 -1.1474 12.47 
0.279 2 2 1 4.0 4.0 -0.129 -0.267 -1.2551 -1.1153 12.48 
0.280 2 2 1 4.0 4.0 -0.109 -0.197 -1.2952 -1.1812 12.48 
0.281 2 2 1 4.0 4.0 -0.103 -0.250 -1.2551 -1.1153 12.48 
0.282 2 2 1 4.0 4.0 -0.123 -0.262 -1.2169 -1.1474 12.48 
0.283 2 2 1 4.0 4.0 -0.114 -0.224 -1.1812 -1.1812 12.48 
0.284 2 2 1 4.0 4.0 -0.107 -0.278 -1.1474 -1.1474 12.48 
0.285 2 2 1 4.0 4.0 -0.103 -0.247 -1.2952 -1.1474 12.48 
0.286 2 2 1 4.0 4.0 -0.097 -0.194 -1.2169 -1.1474 12.48 
0.287 2 2 1 4.0 4.0 -0.131 -0.212 -1.2169 -1.1153 12.48 
0.288 2 2 1 4.0 4.0 -0.126 -0.237 -1.2551 -1.1153 12.47 
0.289 2 2 1 4.0 4.0 -0.120 -0.211 -1.2551 -1.1474 12.47 
0.290 2 2 1 4.0 4.0 -0.128 -0.140 -1.2551 -1.2169 12.48 
0.291 2 2 1 4.0 4.0 -0.092 -0.174 -1.2551 -1.1153 12.48 
0.292 2 2 1 4.0 4.0 -0.107 -0.176 -1.2952 -1.1153 12.48 
0.293 2 2 1 4.0 4.0 -0.140 -0.223 -1.2952 -1.1812 12.48 
0.294 2 2 1 4.0 4.0 -0.112 -0.249 -1.2551 -1.1474 12.48 
0.295 2 2 1 4.0 4.0 -0.120 -0.206 -1.2952 -1.1812 12.47 
0.296 2 2 1 4.0 4.0 -0.105 -0.186 -1.2952 -1.0852 12.49 
0.297 2 2 1 4.0 4.0 -0.093 -0.248 -1.2169 -1.1812 12.48 
0.298 2 2 1 4.0 4.0 -0.112 -0.215 -1.2551 -1.1474 12.48 
0.299 2 2 1 4.0 4.0 -0.096 -0.189 -1.2952 -1.1474 12.48 
0.300 2 2 1 4.0 4.0 -0.109 -0.194 -1.3386 -1.2169 12.48 
0.301 2 2 1 4.0 4.0 -0.097 -0.235 -1.2952 -1.1812 12.49 
0.302 2 2 1 4.0 4.0 -0.078 -0.178 -1.2551 -1.1812 12.48 
0.303 2 2 1 4.0 4.0 -0.102 -0.204 -1.2551 -1.2169 12.48 
0.304 2 2 1 4.0 4.0 -0.105 -0.216 -1.2952 -1.1812 12.48 
0.305 2 2 1 4.0 4.0 -0.095 -0.232 -1.2952 -1.1474 12.47 
0.306 2 2 1 4.0 4.0 -0.086 -0.197 -1.2952 -1.2169 12.48 
0.307 2 2 1 4.0 4.0 -0.059 -0.161 -1.2952 -1.2551 12.50 
0.308 2 2 1 4.0 4.0 -0.071 -0.183 -1.1812 -1.1812 12.49 
0.309 2 2 1 4.0 4.0 -0.105 -0.182 -1.3386 -1.1474 12.48 
0.310 2 2 1 4.0 4.0 -0.098 -0.195 -1.2952 -1.0852 12.48 
0.311 2 2 1 4.0 4.0 -0.114 -0.201 -1.2952 -1.1812 12.48 
0.312 2 2 1 4.0 4.0 -0.088 -0.188 -1.3386 -1.1812 12.48 
0.313 2 2 1 4.0 4.0 -0.082 -0.197 -1.2952 -1.1812 12.48 
0.314 2 2 1 4.0 4.0 -0.109 -0.230 -1.2952 -1.2169 12.49 
0.315 2 2 1 4.0 4.0 -0.102 -0.247 -1.2952 -1.1812 12.49 
0.316 2 2 1 4.0 4.0 -0.095 -0.234 -1.2952 -1.1812 12.49 
0.317 2 2 1 4.0 4.0 -0.078 -0.193 -1.3386 -1.1812 12.49 
0.318 2 2 1 4.0 4.0 -0.058 -0.183 -1.2952 -1.1812 12.49 
0.319 2 2 1 4.0 4.0 -0.079 -0.206 -1.2952 -1.1812 12.48 
0.320 2 2 1 4.0 4.0 -0.078 -0.163 -1.2952 -1.2169 12.48 
0.321 2 2 1 4.0 4.0 -0.112 -0.177 -1.2952 -1.2169 12.48 
0.322 2 2 1 4.0 4.0 -0.092 -0.190 -1.3386 -1.1812 12.49 
0.323 2 2 1 4.0 4.0 -0.060 -0.156 -1.2952 -1.2169 12.47 
0.324 2 2 1 4.0 4.0 -0.093 -0.194 -1.2952 -0.9338 12.47 
0.325 2 2 1 4.0 4.0 -0.113 -0.200 -1.2952 -1.2169 12.48 
0.326 2 2 1 4.0 4.0 -0.120 -0.203 -1.3386 -1.1474 12.49 
0.327 2 2 1 4.0 4.0 -0.103 -0.186 -1.2952 -1.1812 12.48 
0.328 2 2 1 4.0 4.0 -0.069 -0.169 -1.3386 -1.2551 12.49 
0.329 2 2 1 4.0 4.0 -0.083 -0.184 -1.2952 -1.2169 12.48 
0.330 2 2 1 4.0 4.0 -0.090 -0.205 -1.3848 -1.1812 12.47 
0.331 2 2 1 4.0 4.0 -0.086 -0.200 -1.3386 -1.1812 12.49 
0.332 2 2 1 4.0 4.0 -0.095 -0.195 -1.3386 -1.2169 12.49 
0.333 2 2 1 4.0 4.0 -0.044 -0.177 -1.2952 -1.1812 12.48 
0.334 2 2 1 4.0 4.0 -0.054 -0.084 -1.2952 -1.2169 12.48 
0.335 2 2 1 4.0 4.0 -0.089 -0.167 -1.3386 -1.2551 12.47 
0.336 2 2 1 4.0 4.0 -0.082 -0.181 -1.2952 -1.1812 12.48 
0.337 2 2 1 4.0 4.0 -0.093 -0.152 -1.2952 -1.2169 12.48 
0.338 2 2 1 4.0 4.0 -0.057 -0.163 -1.3386 -1.1812 12.48 
0.339 2 2 1 4.0 4.0 -0.071 -0.171 -1.3386 -1.2551 12.48 
0.340 2 2 1 4.0 4.0 -0.095 -0.218 -1.3848 -1.2169 12.48 
0.341 2 2 1 4.0 4.0 -0.072 -0.152 -1.2952 -1.1474 12.49 
0.342 2 2 1 4.0 4.0 -0.084 -0.159 -1.3386 -1.1812 12.48 
0.343 2 2 1 4.0 4.0 -0.063 -0.156 -1.3386 -1.2551 12.48 
0.344 2 2 1 4.0 4.0 -0.069 -0.243 -1.2952 -1.1474 12.50 
0.345 2 2 1 4.0 4.0 -0.078 -0.181 -1.2952 -1.2169 12.48 
0.346 2 2 1 4.0 4.0 -0.071 -0.176 -1.2952 -1.1812 12.48 
0.347 2 2 1 4.0 4.0 -0.089 -0.214 -1.2952 -1.1812 12.50 
0.348 2 2 1 4.0 4.0 -0.070 -0.177 -1.3848 -1.1812 12.50 
0.349 2 2 1 4.0 4.0 -0.055 -0.202 -1.2952 -1.1812 12.48 
0.350 2 2 1 4.0 4.0 -0.074 -0.149 -1.2952 -1.2169 12.48 
0.351 2 2 1 4.0 4.0 -0.066 -0.064 -1.2169 -1.1812 12.47 
0.352 2 2 2 -4.0 -4.0 -0.085 -0.150 -1.2952 -1.2169 12.48 
0.353 2 2 2 -4.0 -4.0 0.077 -0.039 -1.3386 -1.2169 12.46 
0.354 2 2 2 -4.0 -4.0 0.677 0.533 -1.2952 -1.2169 12.41 
0.355 2 2 2 -4.0 -4.0 0.907 1.024 -1.2169 -1.1474 12.36 
0.356 2 2 2 -4.0 -4.0 0.965 1.528 -1.0852 -1.1153 12.35 
0.357 2 2 2 -4.0 -4.0 0.979 1.719 -1.1153 -1.0852 12.33 
0.358 2 2 2 -4.0 -4.0 0.983 1.550 -0.9559 -0.8543 12.35 
0.359 2 2 2 -4.0 -4.0 0.984 1.616 -1.0298 -0.9338 12.35 
0.360 2 2 2 -4.0 -4.0 0.984 1.680 -0.8924 -0.7872 12.31 
0.361 2 2 2 -4.0 -4.0 0.984 1.605 -0.8366 -0.8032 12.35 
0.362 2 2 2 -4.0 -4.0 0.984 1.485 -0.7434 -0.7044 12.36 
0.363 2 2 2 -4.0 -4.0 0.984 1.438 -0.7434 -0.6273 12.35 
0.364 2 2 2 -4.0 -4.0 0.984 1.612 -0.6691 -0.6474 12.35 
0.365 2 2 2 -4.0 -4.0 0.984 1.605 -0.6085 -0.5575 12.32 
0.366 2 2 2 -4.0 -4.0 0.984 1.594 -0.5655 -0.5081 12.37 
0.367 2 2 2 -4.0 -4.0 0.984 1.362 -0.4836 -0.4615 12.37 
0.368 2 2 2 -4.0 -4.0 0.984 1.335 -0.3896 -0.4510 12.36 
0.369 2 2 2 -4.0 -4.0 0.984 1.370 -0.3683 -0.2972 12.36 
0.370 2 2 2 -4.0 -4.0 0.984 1.399 -0.3683 -0.2623 12.35 
0.371 2 2 2 -4.0 -4.0 0.984 1.423 -0.3040 -0.2590 12.35 
0.372 2 2 2 -4.0 -4.0 0.984 1.402 -0.2362 -0.2028 12.35 
0.373 2 2 2 -4.0 -4.0 0.984 1.391 -0.1486 -0.1341 12.37 
0.374 2 2 2 -4.0 -4.0 0.984 1.297 -0.1450 -0.1157 12.37 
0.375 2 2 2 -4.0 -4.0 0.984 1.248 -0.1450 -0.1157 12.36 
0.376 2 2 2 -4.0 -4.0 0.984 1.222 -0.1370 0.1799 12.36 
0.377 2 2 2 -4.0 -4.0 0.984 1.158 -0.1020 0.1799 12.38 
0.378 2 2 2 -4.0 -4.0 0.984 1.067 0.0876 0.1759 12.38 
0.379 2 2 2 -4.0 -4.0 0.984 1.100 0.0876 0.1474 12.39 
0.380 2 2 2 -4.0 -4.0 0.984 1.056 0.0876 0.1474 12.39 
0.381 2 2 2 -4.0 -4.0 0.984 1.046 0.1402 0.2390 12.40 
0.382 2 2 2 -4.0 -4.0 0.984 0.962 0.1402 0.2510 12.41 
0.383 2 2 2 -4.0 -4.0 0.973 0.962 0.2590 0.3976 12.41 
0.384 2 2 2 -4.0 -4.0 0.948 0.895 0.3064 0.3615 12.42 
0.385 2 2 2 -4.0 -4.0 0.909 0.762 0.3113 0.3896 12.41 
0.386 2 2 2 -4.0 -4.0 0.891 0.741 0.3317 0.3823 12.41 
0.387 2 2 2 -4.0 -4.0 0.883 0.734 0.3751 0.4410 12.41 
0.388 2 2 2 -4.0 -4.0 0.913 0.718 0.3936 0.4410 12.42 
0.389 2 2 2 -4.0 -4.0 0.778 0.701 0.4056 0.4667 12.43 
0.390 2 2 2 -4.0 -4.0 0.726 0.704 0.4269 0.5281 12.43 
0.391 2 2 2 -4.0 -4.0 0.723 0.701 0.4723 0.5575 12.43 
0.392 2 2 2 -4.0 -4.0 0.707 0.608 0.4956 0.5575 12.44 
0.393 2 2 2 -4.0 -4.0 0.701 0.611 0.5020 0.5904 12.44 
0.394 2 2 2 -4.0 -4.0 0.743 0.640 0.5426 0.6273 12.42 
0.395 2 2 2 -4.0 -4.0 0.709 0.635 0.5354 0.5426 12.42 
0.396 2 2 2 -4.0 -4.0 0.637 0.684 0.5575 0.6273 12.43 
0.397 2 2 2 -4.0 -4.0 0.608 0.552 0.5992 0.6474 12.45 
0.398 2 2 2 -4.0 -4.0 0.587 0.562 0.5904 0.6583 12.44 
0.399 2 2 2 -4.0 -4.0 0.586 0.519 0.6583 0.7044 12.44 
0.400 2 2 2 -4.0 -4.0 0.580 0.533 0.6583 0.6474 12.42 
0.401 2 2 2 -4.0 -4.0 0.536 0.526 0.6374 0.6804 12.44 
0.402 2 2 2 -4.0 -4.0 0.525 0.484 0.7044 0.7044 12.45 
0.403 2 2 2 -4.0 -4.0 0.514 0.410 0.6924 0.7302 12.45 
0.404 2 2 2 -4.0 -4.0 0.537 0.383 0.7302 0.7169 12.44 
0.405 2 2 2 -4.0 -4.0 0.538 0.457 0.7169 0.7723 12.45 
0.406 2 2 2 -4.0 -4.0 0.470 0.385 0.7302 0.7302 12.44 
0.407 2 2 2 -4.0 -4.0 0.444 0.401 0.7302 0.8032 12.45 
0.408 2 2 2 -4.0 -4.0 0.439 0.452 0.7434 0.7872 12.45 
0.409 2 2 2 -4.0 -4.0 0.443 0.491 0.7434 0.8193 12.44 
0.410 2 2 2 -4.0 -4.0 0.426 0.421 0.7434 0.7723 12.45 
0.411 2 2 2 -4.0 -4.0 0.416 0.515 0.7872 0.8366 12.45 
0.412 2 2 2 -4.0 -4.0 0.409 0.525 0.7575 0.7872 12.44 
0.413 2 2 2 -4.0 -4.0 0.432 0.521 0.8032 0.8543 12.45 
0.414 2 2 2 -4.0 -4.0 0.393 0.476 0.7723 0.8924 12.47 
0.415 2 2 2 -4.0 -4.0 0.367 0.449 0.8193 0.9125 12.45 
0.416 2 2 2 -4.0 -4.0 0.366 0.462 0.8193 0.8924 12.44 
0.417 2 2 2 -4.0 -4.0 0.374 0.195 0.8366 0.9125 12.45 
0.418 2 2 2 -4.0 -4.0 0.345 0.365 0.8924 0.9338 12.46 
0.419 2 2 2 -4.0 -4.0 0.333 0.434 0.8924 0.8193 12.44 
0.420 2 2 2 -4.0 -4.0 0.352 0.390 0.9125 0.9125 12.46 
0.421 2 2 2 -4.0 -4.0 0.347 0.362 0.9125 1.0041 12.47 
0.422 2 2 2 -4.0 -4.0 0.313 0.262 0.9338 1.0298 12.46 
0.423 2 2 2 -4.0 -4.0 0.295 0.393 0.9338 1.0041 12.46 
0.424 2 2 2 -4.0 -4.0 0.305 0.354 0.9559 0.9796 12.46 
0.425 2 2 2 -4.0 -4.0 0.297 0.381 0.9559 1.0041 12.46 
0.426 2 2 2 -4.0 -4.0 0.285 0.331 0.9559 1.0298 12.47 
0.427 2 2 2 -4.0 -4.0 0.341 0.348 0.9559 1.0298 12.45 
0.428 2 2 2 -4.0 -4.0 0.336 0.305 0.9559 1.0567 12.47 
0.429 2 2 2 -4.0 -4.0 0.277 0.373 0.9796 1.0298 12.46 
0.430 2 2 2 -4.0 -4.0 0.245 0.324 0.9559 1.0567 12.46 
0.431 2 2 2 -4.0 -4.0 0.264 0.303 0.9796 1.0567 12.46 
0.432 2 2 2 -4.0 -4.0 0.252 0.292 0.9796 1.0041 12.46 
0.433 2 2 2 -4.0 -4.0 0.240 0.308 0.9796 1.0567 12.46 
0.434 2 2 2 -4.0 -4.0 0.267 0.289 1.0041 1.0852 12.47 
0.435 2 2 2 -4.0 -4.0 0.254 0.247 1.0041 1.0298 12.47 
0.436 2 2 2 -4.0 -4.0 0.233 0.226 1.0041 1.1153 12.47 
0.437 2 2 2 -4.0 -4.0 0.238 0.240 1.0041 1.1153 12.49 
0.438 2 2 2 -4.0 -4.0 0.238 0.308 1.0041 0.8366 12.47 
0.439 2 2 2 -4.0 -4.0 0.222 0.339 1.0298 1.0567 12.47 
0.440 2 2 2 -4.0 -4.0 0.219 0.345 1.0567 1.1153 12.46 
0.441 2 2 2 -4.0 -4.0 0.236 0.373 1.0298 1.0852 12.47 
0.442 2 2 2 -4.0 -4.0 0.208 0.338 1.0567 1.1153 12.47 
0.443 2 2 2 -4.0 -4.0 0.193 0.282 1.0852 1.1474 12.47 
0.444 2 2 2 -4.0 -4.0 0.210 0.293 1.0852 0.9796 12.47 
0.445 2 2 2 -4.0 -4.0 0.195 0.305 1.1153 1.1474 12.48 
0.446 2 2 2 -4.0 -4.0 0.180 0.261 1.0852 1.1812 12.48 
0.447 2 2 2 -4.0 -4.0 0.207 0.218 1.0852 1.1153 12.47 
0.448 2 2 2 -4.0 -4.0 0.188 0.093 1.0852 1.1474 12.47 
0.449 2 2 2 -4.0 -4.0 0.163 0.144 1.0567 1.1474 12.48 
0.450 2 2 2 -4.0 -4.0 0.177 0.185 1.0852 1.1153 12.47 
0.451 2 2 2 -4.0 -4.0 0.179 0.146 1.1153 1.1812 12.46 
0.452 2 2 2 -4.0 -4.0 0.172 0.169 1.0852 1.1812 12.47 
0.453 2 2 2 -4.0 -4.0 0.192 0.137 1.0852 1.1812 12.47 
0.454 2 2 2 -4.0 -4.0 0.173 0.189 1.1153 1.2169 12.47 
0.455 2 2 2 -4.0 -4.0 0.156 0.203 1.0567 1.2551 12.47 
0.456 2 2 2 -4.0 -4.0 0.168 0.145 1.0852 1.2169 12.48 
0.457 2 2 2 -4.0 -4.0 0.165 0.166 1.1474 1.1812 12.48 
0.458 2 2 2 -4.0 -4.0 0.163 0.164 1.1153 1.2551 12.46 
0.459 2 2 2 -4.0 -4.0 0.180 0.161 1.0852 1.2169 12.47 
0.460 2 2 2 -4.0 -4.0 0.166 0.140 1.1153 1.2551 12.47 
0.461 2 2 2 -4.0 -4.0 0.139 0.126 1.1153 1.2169 12.47 
0.462 2 2 2 -4.0 -4.0 0.160 0.057 1.1153 1.1812 12.47 
0.463 2 2 2 -4.0 -4.0 0.162 0.068 1.1812 1.2169 12.48 
0.464 2 2 2 -4.0 -4.0 0.146 0.118 1.1474 1.1812 12.47 
0.465 2 2 2 -4.0 -4.0 0.175 0.123 1.1153 1.1812 12.47 
0.466 2 2 2 -4.0 -4.0 0.148 0.124 1.1474 1.2169 12.47 
0.467 2 2 2 -4.0 -4.0 0.126 0.116 1.1474 1.1474 12.47 
0.468 2 2 2 -4.0 -4.0 0.154 0.130 1.1153 1.2169 12.46 
0.469 2 2 2 -4.0 -4.0 0.144 0.161 1.1812 1.2169 12.47 
0.470 2 2 2 -4.0 -4.0 0.137 0.174 1.1474 1.2551 12.47 
0.471 2 2 2 -4.0 -4.0 0.161 0.199 1.1153 1.1812 12.48 
0.472 2 2 2 -4.0 -4.0 0.132 0.122 1.1153 1.2952 12.48 
0.473 2 2 2 -4.0 -4.0 0.120 0.074 1.1474 1.2551 12.47 
0.474 2 2 2 -4.0 -4.0 0.142 0.088 1.1153 1.2952 12.48 
0.475 2 2 2 -4.0 -4.0 0.129 0.155 1.1474 1.2169 12.48 
0.476 2 2 2 -4.0 -4.0 0.136 0.120 1.1153 1.2169 12.47 
0.477 2 2 2 -4.0 -4.0 0.149 0.120 1.1474 1.2551 12.48 
0.478 2 2 2 -4.0 -4.0 0.127 0.103 1.1812 1.2551 12.48 
0.479 2 2 2 -4.0 -4.0 0.127 0.111 1.2169 1.2169 12.47 
0.480 2 2 2 -4.0 -4.0 0.140 0.086 1.1812 1.2551 12.48 
0.481 2 2 2 -4.0 -4.0 0.126 0.050 1.1812 1.2551 12.48 
0.482 2 2 2 -4.0 -4.0 0.145 0.223 1.1812 1.2551 12.48 
0.483 2 2 2 -4.0 -4.0 0.146 0.152 1.1812 1.2169 12.48 
0.484 2 2 2 -4.0 -4.0 0.110 0.190 1.1153 1.2551 12.47 
0.485 2 2 2 -4.0 -4.0 0.120 0.156 1.1474 1.2551 12.48 
0.486 2 2 2 -4.0 -4.0 0.124 0.131 1.1812 1.2952 12.49 
0.487 2 2 2 -4.0 -4.0 0.112 0.118 1.1474 1.0852 12.47 
0.488 2 2 2 -4.0 -4.0 0.142 0.110 1.1474 1.2952 12.47 
0.489 2 2 2 -4.0 -4.0 0.127 0.119 1.1812 1.2551 12.48 
0.490 2 2 2 -4.0 -4.0 0.096 0.176 1.1812 1.2169 12.47 
0.491 2 2 2 -4.0 -4.0 0.114 0.104 1.1812 1.1153 12.47 
0.492 2 2 2 -4.0 -4.0 0.111 0.056 1.2551 1.2551 12.48 
0.493 2 2 2 -4.0 -4.0 0.108 0.116 1.2169 1.1474 12.48 
0.494 2 2 2 -4.0 -4.0 0.123 0.095 1.1812 1.2952 12.47 
0.495 2 2 2 -4.0 -4.0 0.108 0.111 1.1812 1.1474 12.47 
0.496 2 2 2 -4.0 -4.0 0.095 0.104 1.2169 1.2952 12.48 
0.497 2 2 2 -4.0 -4.0 0.107 0.128 1.2169 1.2551 12.49 
0.498 2 2 2 -4.0 -4.0 0.104 0.130 1.1812 1.2952 12.47 
0.499 2 2 2 -4.0 -4.0 0.124 0.138 1.2169 1.1153 12.47 
0.500 2 2 2 -4.0 -4.0 0.120 0.137 1.2169 1.2952 12.48 
0.501 2 2 2 -4.0 -4.0 0.089 0.119 1.1474 1.2551 12.47 
0.502 2 2 2 -4.0 -4.0 0.088 0.086 1.1812 1.2952 12.48 
0.503 2 2 3 0.0 0.0 0.102 0.133 1.2169 1.2169 12.48 
0.504 2 2 3 0.0 0.0 0.016 0.105 1.2169 1.3386 12.49 
0.505 2 2 3 0.0 0.0 -0.291 -0.235 1.1153 1.2952 12.50 
0.506 2 2 3 0.0 0.0 -0.576 -0.425 1.2169 1.2952 12.49 
0.507 2 2 3 0.0 0.0 -0.782 -0.635 1.1812 1.0298 12.49 
0.508 2 2 3 0.0 0.0 -0.801 -0.761 1.0298 1.1812 12.46 
0.509 2 2 3 0.0 0.0 -0.807 -0.673 1.1153 1.1812 12.49 
0.510 2 2 3 0.0 0.0 -0.871 -0.749 1.0567 1.0852 12.48 
0.511 2 2 3 0.0 0.0 -0.823 -0.782 1.0041 1.0852 12.49 
0.512 2 2 3 0.0 0.0 -0.779 -0.658 1.0041 1.0852 12.48 
0.513 2 2 3 0.0 0.0 -0.811 -0.696 0.9559 1.0567 12.49 
0.514 2 2 3 0.0 0.0 -0.835 -0.761 0.9338 0.9338 12.49 
0.515 2 2 3 0.0 0.0 -0.715 -0.630 0.8366 0.8924 12.48 
0.516 2 2 3 0.0 0.0 -0.715 -0.639 0.8727 0.9338 12.48 
0.517 2 2 3 0.0 0.0 -0.754 -0.691 0.7872 0.8193 12.49 
0.518 2 2 3 0.0 0.0 -0.756 -0.665 0.7872 0.8727 12.50 
0.519 2 2 3 0.0 0.0 -0.681 -0.574 0.7575 0.8193 12.50 
0.520 2 2 3 0.0 0.0 -0.659 -0.613 0.7575 0.8032 12.47 
0.521 2 2 3 0.0 0.0 -0.676 -0.651 0.6924 0.7302 12.49 
0.522 2 2 3 0.0 0.0 -0.689 -0.595 0.6924 0.7872 12.49 
0.523 2 2 3 0.0 0.0 -0.617 -0.441 0.6804 0.6691 12.49 
0.524 2 2 3 0.0 0.0 -0.565 -0.470 0.6085 0.7575 12.49 
0.525 2 2 3 0.0 0.0 -0.579 -0.565 0.6374 0.6474 12.50 
0.526 2 2 3 0.0 0.0 -0.599 -0.570 0.5735 0.6924 12.50 
0.527 2 2 3 0.0 0.0 -0.604 -0.467 0.5426 0.6691 12.50 
0.528 2 2 3 0.0 0.0 -0.584 -0.427 0.5655 0.6085 12.50 
0.529 2 2 3 0.0 0.0 -0.525 -0.471 0.4896 0.6691 12.50 
0.530 2 2 3 0.0 0.0 -0.485 -0.511 0.4723 0.6273 12.49 
0.531 2 2 3 0.0 0.0 -0.492 -0.497 0.4956 0.5992 12.50 
0.532 2 2 3 0.0 0.0 -0.500 -0.416 0.4956 0.5498 12.50 
0.533 2 2 3 0.0 0.0 -0.497 -0.337 0.4562 0.5426 12.46 
0.534 2 2 3 0.0 0.0 -0.497 -0.351 0.3936 0.5575 12.48 
0.535 2 2 3 0.0 0.0 -0.478 -0.350 0.4269 0.5081 12.50 
0.536 2 2 3 0.0 0.0 -0.432 -0.400 0.4016 0.5020 12.50 
0.537 2 2 3 0.0 0.0 -0.404 -0.406 0.3715 0.4562 12.50 
0.538 2 2 3 0.0 0.0 -0.409 -0.394 0.3715 0.4956 12.50 
0.539 2 2 3 0.0 0.0 -0.419 -0.314 0.3936 0.4615 12.50 
0.540 2 2 3 0.0 0.0 -0.420 -0.279 0.3651 0.4562 12.47 
0.541 2 2 3 0.0 0.0 -0.415 -0.292 0.3016 0.3751 12.49 
0.542 2 2 3 0.0 0.0 -0.402 -0.323 0.3016 0.4137 12.49 
0.543 2 2 3 0.0 0.0 -0.386 -0.341 0.2848 0.3823 12.50 
0.544 2 2 3 0.0 0.0 -0.356 -0.362 0.3064 0.3823 12.47 
0.545 2 2 3 0.0 0.0 -0.337 -0.332 0.3064 0.3161 12.49 
0.546 2 2 3 0.0 0.0 -0.302 -0.302 0.2462 0.3582 12.49 
0.547 2 2 3 0.0 0.0 -0.295 -0.255 0.2402 0.3185 12.50 
0.548 2 2 3 0.0 0.0 -0.301 -0.217 0.2345 0.3289 12.49 
0.549 2 2 3 0.0 0.0 -0.305 -0.164 0.2305 0.3289 12.46 
0.550 2 2 3 0.0 0.0 -0.299 -0.204 0.2305 0.2607 12.49 
0.551 2 2 3 0.0 0.0 -0.298 -0.236 0.2241 0.3462 12.47 
0.552 2 2 3 0.0 0.0 -0.295 -0.243 0.2241 0.2787 12.50 
0.553 2 2 3 0.0 0.0 -0.286 -0.240 0.1783 0.2747 12.49 
0.554 2 2 3 0.0 0.0 -0.276 -0.224 0.1783 0.2623 12.46 
0.555 2 2 3 0.0 0.0 -0.264 -0.209 0.1783 0.2623 12.49 
0.556 2 2 3 0.0 0.0 -0.250 -0.215 0.1554 0.2056 12.50 
0.557 2 2 3 0.0 0.0 -0.246 -0.197 0.1554 0.2747 12.50 
0.558 2 2 3 0.0 0.0 -0.240 -0.171 0.1542 0.2747 12.48 
0.559 2 2 3 0.0 0.0 -0.239 -0.132 0.1458 0.2205 12.49 
0.560 2 2 3 0.0 0.0 -0.227 -0.054 0.1458 0.2205 12.50 
0.561 2 2 3 0.0 0.0 -0.221 -0.106 0.1422 0.2125 12.50 
0.562 2 2 3 0.0 0.0 -0.222 -0.129 0.1422 0.2125 12.50 
0.563 2 2 3 0.0 0.0 -0.212 -0.129 0.1422 0.1759 12.50 
0.564 2 2 3 0.0 0.0 -0.206 -0.147 0.1325 0.1759 12.48 
0.565 2 2 3 0.0 0.0 -0.198 -0.131 0.1209 0.2056 12.50 
0.566 2 2 3 0.0 0.0 -0.201 -0.132 0.1209 0.2056 12.50 
0.567 2 2 3 0.0 0.0 -0.200 -0.133 0.1209 0.1912 12.49 
0.568 2 2 3 0.0 0.0 -0.202 -0.133 0.1080 0.1462 12.49 
0.569 2 2 3 0.0 0.0 -0.194 -0.123 0.0932 0.1462 12.47 
0.570 2 2 3 0.0 0.0 -0.189 -0.116 0.0932 0.1462 12.49 
0.571 2 2 3 0.0 0.0 -0.186 -0.104 0.0932 0.1378 12.50 
0.572 2 2 3 0.0 0.0 -0.182 -0.107 0.0932 0.1378 12.49 
0.573 2 2 3 0.0 0.0 -0.180 -0.084 0.0912 0.1378 12.50 
0.574 2 2 3 0.0 0.0 -0.169 -0.080 0.0743 0.1161 12.51 
0.575 2 2 3 0.0 0.0 -0.169 -0.085 0.0627 0.1020 12.50 
0.576 2 2 3 0.0 0.0 -0.162 -0.090 0.0570 0.1020 12.49 
0.577 2 2 3 0.0 0.0 -0.151 -0.019 0.0570 0.1020 12.51 
0.578 2 2 3 0.0 0.0 -0.147 -0.039 0.0570 0.1349 12.50 
0.579 2 2 3 0.0 0.0 -0.077 -0.092 0.0570 0.1349 12.50 
0.580 2 2 3 0.0 0.0 -0.098 -0.079 0.0570 0.1349 12.48 
0.581 2 2 3 0.0 0.0 -0.125 -0.061 0.0570 0.1145 12.49 
0.582 2 2 3 0.0 0.0 -0.135 0.022 0.0570 0.1145 12.50 
0.583 2 2 3 0.0 0.0 -0.132 -0.011 0.0542 0.1145 12.50 
0.584 2 2 3 0.0 0.0 -0.131 -0.035 0.0478 0.1145 12.51 
0.585 2 2 3 0.0 0.0 -0.127 -0.036 0.0426 0.0988 12.50 
0.586 2 2 3 0.0 0.0 -0.127 -0.027 0.0386 0.0900 12.49 
0.587 2 2 3 0.0 0.0 -0.114 -0.039 0.0349 0.0900 12.50 
0.588 2 2 3 0.0 0.0 -0.112 -0.030 0.0321 0.0900 12.50 
0.589 2 2 3 0.0 0.0 -0.112 -0.017 0.0297 0.0900 12.50 
0.590 2 2 3 0.0 0.0 -0.110 -0.039 0.0277 0.0872 12.50 
0.591 2 2 3 0.0 0.0 -0.111 -0.022 0.0261 0.0715 12.50 
0.592 2 2 3 0.0 0.0 -0.107 -0.010 0.0245 0.0606 12.50 
0.593 2 2 3 0.0 0.0 -0.112 -0.015 0.0229 0.0526 12.47 
0.594 2 2 3 0.0 0.0 -0.113 -0.003 0.0217 0.0466 12.49 
0.595 2 2 3 0.0 0.0 -0.116 -0.017 0.0205 0.0418 12.50 
0.596 2 2 3 0.0 0.0 -0.114 -0.003 0.0197 0.0402 12.49 
0.597 2 2 3 0.0 0.0 -0.112 0.013 0.0185 0.0402 12.50 
0.598 2 2 3 0.0 0.0 -0.110 -0.004 0.0177 0.0402 12.50 
0.599 2 2 3 0.0 0.0 -0.116 0.008 0.0169 0.0402 12.48 
0.600 2 2 3 0.0 0.0 -0.116 0.019 0.0165 0.0402 12.49 
0.601 2 2 3 0.0 0.0 -0.120 0.019 0.0157 0.0402 12.50 
0.602 2 2 3 0.0 0.0 -0.115 0.004 0.0149 0.0402 12.50 
0.603 2 2 3 0.0 0.0 -0.119 0.021 0.0145 0.0402 12.48 
0.604 2 2 3 0.0 0.0 -0.121 0.031 0.0141 0.0402 12.49 
0.605 2 2 3 0.0 0.0 -0.124 0.035 0.0137 0.0402 12.47 
0.606 2 2 3 0.0 0.0 -0.116 0.020 0.0129 0.0374 12.49 
0.607 2 2 3 0.0 0.0 -0.112 0.026 0.0125 0.0341 12.47 
0.608 2 2 3 0.0 0.0 -0.115 0.044 0.0120 0.0313 12.50 
0.609 2 2 3 0.0 0.0 -0.120 0.044 0.0116 0.0293 12.50 
0.610 2 2 3 0.0 0.0 -0.121 0.034 0.0116 0.0273 12.50 
0.611 2 2 3 0.0 0.0 -0.121 0.017 0.0112 0.0253 12.50 
0.612 2 2 3 0.0 0.0 -0.123 0.029 0.0108 0.0241 12.50 
0.613 2 2 3 0.0 0.0 -0.114 0.047 0.0104 0.0225 12.50 
0.614 2 2 3 0.0 0.0 -0.120 0.037 0.0104 0.0213 12.51 
0.615 2 2 3 0.0 0.0 -0.125 0.024 0.0100 0.0201 12.48 
0.616 2 2 3 0.0 0.0 -0.120 0.029 0.0096 0.0193 12.47 
0.617 2 2 3 0.0 0.0 -0.116 0.050 0.0096 0.0185 12.47 
0.618 2 2 3 0.0 0.0 -0.114 0.053 0.0092 0.0177 12.46 
0.619 2 2 3 0.0 0.0 -0.129 0.035 0.0092 0.0169 12.47 
0.620 2 2 3 0.0 0.0 -0.120 0.031 0.0088 0.0161 12.49 
0.621 2 2 3 0.0 0.0 -0.118 0.033 0.0088 0.0153 12.50 
0.622 2 2 3 0.0 0.0 -0.109 0.041 0.0084 0.0149 12.50 
0.623 2 2 3 0.0 0.0 -0.112 0.037 0.0084 0.0145 12.47 
0.624 2 2 3 0.0 0.0 -0.112 0.052 0.0080 0.0137 12.47 
0.625 2 2 3 0.0 0.0 -0.119 0.039 0.0080 0.0133 12.47 
0.626 2 2 3 0.0 0.0 -0.118 0.025 0.0076 0.0129 12.47 
0.627 2 2 3 0.0 0.0 -0.120 0.029 0.0076 0.0125 12.50 
0.628 2 2 3 0.0 0.0 -0.130 0.038 0.0076 0.0120 12.48 
0.629 2 2 3 0.0 0.0 -0.124 0.053 0.0072 0.0116 12.46 
0.630 2 2 3 0.0 0.0 -0.124 0.041 0.0072 0.0112 12.47 
0.631 2 2 3 0.0 0.0 -0.125 0.031 0.0072 0.0112 12.51 
0.632 2 2 3 0.0 0.0 -0.125 0.030 0.0068 0.0108 12.47 
0.633 2 2 3 0.0 0.0 -0.119 0.035 0.0068 0.0104 12.47 
0.634 2 2 3 0.0 0.0 -0.119 0.039 0.0068 0.0100 12.46 
0.635 2 2 3 0.0 0.0 -0.126 0.049 0.0064 0.0100 12.47 
0.636 2 2 3 0.0 0.0 -0.127 0.043 0.0064 0.0096 12.46 
0.637 2 2 3 0.0 0.0 -0.124 0.034 0.0064 0.0096 12.47 
0.638 2 2 3 0.0 0.0 -0.119 0.030 0.0064 0.0092 12.47 
0.639 2 2 3 0.0 0.0 -0.116 0.034 0.0060 0.0088 12.49 
0.640 2 2 3 0.0 0.0 -0.113 0.049 0.0060 0.0088 12.47 
0.641 2 2 3 0.0 0.0 -0.116 0.040 0.0060 0.0084 12.47 
0.642 2 2 3 0.0 0.0 -0.121 0.028 0.0060 0.0084 12.47 
0.643 2 2 3 0.0 0.0 -0.121 0.024 0.0056 0.0080 12.49 
0.644 2 2 3 0.0 0.0 -0.117 0.035 0.0056 0.0080 12.48 
0.645 2 2 3 0.0 0.0 -0.116 0.032 0.0056 0.0080 12.47 
0.646 2 2 3 0.0 0.0 -0.118 0.047 0.0056 0.0076 12.47 
0.647 2 2 3 0.0 0.0 -0.120 0.029 0.0056 0.0076 12.49 
0.648 2 2 3 0.0 0.0 -0.121 0.019 0.0052 0.0072 12.48 
0.649 2 2 3 0.0 0.0 -0.123 0.023 0.0052 0.0072 12.48 
0.650 2 2 3 0.0 0.0 -0.115 0.087 0.0052 0.0072 12.49 
0.651 2 2 3 0.0 0.0 -0.116 0.051 0.0052 0.0068 12.47 
0.652 2 2 3 0.0 0.0 -0.116 0.036 0.0052 0.0068 12.48 
0.653 2 2 3 0.0 0.0 -0.118 0.080 0.0048 0.0068 12.48 
0.654 2 2 3 0.0 0.0 -0.120 0.041 0.0048 0.0068 12.48 
0.655 2 2 3 0.0 0.0 -0.119 0.099 0.0048 0.0064 12.48 
0.656 2 2 3 0.0 0.0 -0.119 0.099 0.0048 0.0064 12.50 
0.657 2 2 3 0.0 0.0 -0.116 0.034 0.0048 0.0064 12.50 
0.658 2 2 3 0.0 0.0 -0.121 0.039 0.0048 0.0060 12.47 
0.659 2 2 3 0.0 0.0 -0.121 0.044 0.0044 0.0060 12.49 
0.660 2 2 3 0.0 0.0 -0.116 0.035 0.0044 0.0060 12.48 
0.661 2 2 3 0.0 0.0 -0.120 0.035 0.0044 0.0060 12.48 
0.662 2 2 3 0.0 0.0 -0.119 0.084 0.0044 0.0060 12.48 
0.663 2 2 3 0.0 0.0 -0.121 0.048 0.0044 0.0056 12.47 
0.664 2 2 3 0.0 0.0 -0.118 0.048 0.0044 0.0056 12.48 
0.665 2 2 3 0.0 0.0 -0.113 0.089 0.0044 0.0056 12.48 
