%% logfile from robot Malou (45)
% Malou (45)
%  1    time 0.000 sec
%  2  3  4   (mission 0), state 2, thread 2, line 0
%  5  6 Motor voltage [V] left, right: 2.0 2.0
%  7  8 Motor current left, right [A]: -0.001 -0.024
%  9 10 Wheel velocity [m/s] left, right: 0.0000 -0.0000
% 11    Battery voltage [V]: 11.79
0.001 2 2 0 2.0 2.0 0.042 0.035 0.0000 -0.0000 11.78 
0.002 2 2 0 2.0 2.0 0.276 0.251 0.0000 -0.0000 11.78 
0.003 2 2 0 2.0 2.0 0.387 0.419 0.0000 -0.0000 11.77 
0.004 2 2 0 2.0 2.0 0.475 0.501 0.0000 -0.0000 11.77 
0.005 2 2 0 2.0 2.0 0.478 0.521 0.0000 -0.0000 11.77 
0.006 2 2 0 2.0 2.0 0.466 0.534 0.0000 -0.0000 11.77 
0.007 2 2 0 2.0 2.0 0.466 0.521 0.0000 0.0000 11.78 
0.008 2 2 0 2.0 2.0 0.495 0.474 0.0000 0.0000 11.77 
0.009 2 2 0 2.0 2.0 0.476 0.450 0.0000 0.0000 11.77 
0.010 2 2 0 2.0 2.0 0.475 0.465 0.0000 0.0000 11.77 
0.011 2 2 0 2.0 2.0 0.474 0.467 0.1257 0.0000 11.77 
0.012 2 2 0 2.0 2.0 0.453 0.454 0.1257 0.0843 11.78 
0.013 2 2 0 2.0 2.0 0.482 0.459 0.1257 0.0843 11.77 
0.014 2 2 0 2.0 2.0 0.466 0.471 0.1554 0.0843 11.77 
0.015 2 2 0 2.0 2.0 0.452 0.457 0.1554 0.1217 11.77 
0.016 2 2 0 2.0 2.0 0.433 0.463 0.1823 0.1217 11.77 
0.017 2 2 0 2.0 2.0 0.448 0.443 0.1823 0.1554 11.77 
0.018 2 2 0 2.0 2.0 0.415 0.410 0.2345 0.1554 11.78 
0.019 2 2 0 2.0 2.0 0.361 0.417 0.2333 0.1554 11.77 
0.020 2 2 0 2.0 2.0 0.400 0.412 0.2333 0.1426 11.78 
0.021 2 2 0 2.0 2.0 0.398 0.406 0.2390 0.1426 11.78 
0.022 2 2 0 2.0 2.0 0.357 0.389 0.2390 0.2068 11.77 
0.023 2 2 0 2.0 2.0 0.344 0.356 0.2538 0.2068 11.77 
0.024 2 2 0 2.0 2.0 0.353 0.305 0.2731 0.2731 11.77 
0.025 2 2 0 2.0 2.0 0.338 0.308 0.2848 0.2374 11.77 
0.026 2 2 0 2.0 2.0 0.333 0.314 0.2848 0.2374 11.77 
0.027 2 2 0 2.0 2.0 0.326 0.328 0.3040 0.2028 11.77 
0.028 2 2 0 2.0 2.0 0.312 0.352 0.3016 0.2028 11.76 
0.029 2 2 0 2.0 2.0 0.336 0.344 0.3185 0.2695 11.76 
0.030 2 2 0 2.0 2.0 0.317 0.340 0.3185 0.3213 11.76 
0.031 2 2 0 2.0 2.0 0.297 0.350 0.3289 0.2807 11.76 
0.032 2 2 0 2.0 2.0 0.288 0.328 0.3430 0.2807 11.77 
0.033 2 2 0 2.0 2.0 0.284 0.335 0.3317 0.2345 11.77 
0.034 2 2 0 2.0 2.0 0.280 0.306 0.3374 0.3113 11.76 
0.035 2 2 0 2.0 2.0 0.259 0.285 0.3582 0.3113 11.77 
0.036 2 2 0 2.0 2.0 0.274 0.272 0.3715 0.3522 11.76 
0.037 2 2 0 2.0 2.0 0.274 0.264 0.3651 0.3265 11.77 
0.038 2 2 0 2.0 2.0 0.248 0.294 0.3651 0.2767 11.77 
0.039 2 2 0 2.0 2.0 0.258 0.264 0.3615 0.3462 11.77 
0.040 2 2 0 2.0 2.0 0.260 0.262 0.3896 0.3462 11.77 
0.041 2 2 0 2.0 2.0 0.228 0.237 0.4016 0.3751 11.77 
0.042 2 2 0 2.0 2.0 0.221 0.248 0.3936 0.3490 11.78 
0.043 2 2 0 2.0 2.0 0.193 0.228 0.3976 0.3064 11.77 
0.044 2 2 0 2.0 2.0 0.199 0.231 0.4016 0.3715 11.77 
0.045 2 2 0 2.0 2.0 0.224 0.234 0.4137 0.3651 11.77 
0.046 2 2 0 2.0 2.0 0.236 0.240 0.4181 0.3751 11.78 
0.047 2 2 0 2.0 2.0 0.224 0.268 0.4225 0.3490 11.78 
0.048 2 2 0 2.0 2.0 0.248 0.275 0.4269 0.3976 11.78 
0.049 2 2 0 2.0 2.0 0.217 0.249 0.4269 0.3751 11.78 
0.050 2 2 0 2.0 2.0 0.206 0.252 0.4317 0.3936 11.78 
0.051 2 2 0 2.0 2.0 0.219 0.223 0.4410 0.3936 11.77 
0.052 2 2 0 2.0 2.0 0.204 0.202 0.4510 0.4097 11.76 
0.053 2 2 0 2.0 2.0 0.206 0.176 0.4510 0.4097 11.77 
0.054 2 2 0 2.0 2.0 0.192 0.190 0.4667 0.4137 11.77 
0.055 2 2 0 2.0 2.0 0.190 0.226 0.4615 0.3683 11.77 
0.056 2 2 0 2.0 2.0 0.190 0.231 0.4562 0.3346 11.77 
0.057 2 2 0 2.0 2.0 0.157 0.229 0.4723 0.4362 11.78 
0.058 2 2 0 2.0 2.0 0.156 0.218 0.4723 0.4317 11.78 
0.059 2 2 0 2.0 2.0 0.189 0.174 0.4836 0.3402 11.77 
0.060 2 2 0 2.0 2.0 0.193 0.163 0.4779 0.3860 11.77 
0.061 2 2 0 2.0 2.0 0.190 0.155 0.4836 0.4562 11.77 
0.062 2 2 0 2.0 2.0 0.169 0.178 0.5081 0.4510 11.77 
0.063 2 2 0 2.0 2.0 0.175 0.206 0.4896 0.3860 11.78 
0.064 2 2 0 2.0 2.0 0.182 0.200 0.4956 0.4225 11.78 
0.065 2 2 0 2.0 2.0 0.147 0.180 0.4779 0.4562 11.78 
0.066 2 2 0 2.0 2.0 0.172 0.177 0.4836 0.4510 11.78 
0.067 2 2 0 2.0 2.0 0.193 0.148 0.5213 0.3823 11.77 
0.068 2 2 0 2.0 2.0 0.180 0.162 0.5149 0.4615 11.77 
0.069 2 2 0 2.0 2.0 0.167 0.202 0.5020 0.4615 11.78 
0.070 2 2 0 2.0 2.0 0.141 0.207 0.5081 0.4896 11.77 
0.071 2 2 0 2.0 2.0 0.146 0.183 0.5149 0.4896 11.78 
0.072 2 2 0 2.0 2.0 0.181 0.180 0.5213 0.4779 11.78 
0.073 2 2 0 2.0 2.0 0.172 0.140 0.5149 0.4016 11.77 
0.074 2 2 0 2.0 2.0 0.148 0.136 0.5213 0.4317 11.78 
0.075 2 2 0 2.0 2.0 0.163 0.115 0.5281 0.5020 11.78 
0.076 2 2 0 2.0 2.0 0.167 0.129 0.5149 0.4956 11.78 
0.077 2 2 0 2.0 2.0 0.137 0.157 0.5213 0.3896 11.77 
0.078 2 2 0 2.0 2.0 0.122 0.175 0.5354 0.5020 11.78 
0.079 2 2 0 2.0 2.0 0.172 0.149 0.5281 0.4956 11.78 
0.080 2 2 0 2.0 2.0 0.158 0.153 0.5281 0.3896 11.78 
0.081 2 2 0 2.0 2.0 0.137 0.139 0.5426 0.4410 11.77 
0.082 2 2 0 2.0 2.0 0.110 0.123 0.5354 0.4896 11.77 
0.083 2 2 0 2.0 2.0 0.087 0.161 0.5426 0.4462 11.77 
0.084 2 2 0 2.0 2.0 0.102 0.175 0.5655 0.4836 11.77 
0.085 2 2 0 2.0 2.0 0.120 0.159 0.5426 0.5149 11.77 
0.086 2 2 0 2.0 2.0 0.136 0.150 0.5498 0.5081 11.77 
0.087 2 2 0 2.0 2.0 0.120 0.131 0.5498 0.4667 11.78 
0.088 2 2 0 2.0 2.0 0.118 0.108 0.5498 0.4956 11.78 
0.089 2 2 0 2.0 2.0 0.110 0.119 0.5498 0.5020 11.78 
0.090 2 2 0 2.0 2.0 0.106 0.139 0.5575 0.4836 11.78 
0.091 2 2 0 2.0 2.0 0.146 0.138 0.5735 0.5081 11.77 
0.092 2 2 0 2.0 2.0 0.163 0.146 0.5655 0.5081 11.78 
0.093 2 2 0 2.0 2.0 0.143 0.124 0.5575 0.5081 11.77 
0.094 2 2 0 2.0 2.0 0.127 0.132 0.5655 0.5213 11.77 
0.095 2 2 0 2.0 2.0 0.125 0.102 0.5655 0.5149 11.77 
0.096 2 2 0 2.0 2.0 0.129 0.112 0.5655 0.4667 11.77 
0.097 2 2 0 2.0 2.0 0.152 0.129 0.5655 0.5020 11.77 
0.098 2 2 0 2.0 2.0 0.146 0.136 0.5904 0.5655 11.77 
0.099 2 2 0 2.0 2.0 0.148 0.128 0.5735 0.4510 11.77 
0.100 2 2 0 2.0 2.0 0.119 0.116 0.5735 0.5020 11.77 
0.101 2 2 0 2.0 2.0 0.113 0.111 0.5575 0.5735 11.77 
0.102 2 2 0 2.0 2.0 0.105 0.126 0.5575 0.5020 11.77 
0.103 2 2 0 2.0 2.0 0.123 0.143 0.5820 0.5213 11.77 
0.104 2 2 0 2.0 2.0 0.114 0.145 0.5735 0.5498 11.78 
0.105 2 2 0 2.0 2.0 0.087 0.102 0.5735 0.5426 11.77 
0.106 2 2 0 2.0 2.0 0.064 0.090 0.5735 0.5213 11.77 
0.107 2 2 0 2.0 2.0 0.084 0.096 0.5820 0.5498 11.77 
0.108 2 2 0 2.0 2.0 0.110 0.108 0.5735 0.5426 11.77 
0.109 2 2 0 2.0 2.0 0.095 0.137 0.5820 0.5655 11.77 
0.110 2 2 0 2.0 2.0 0.095 0.146 0.5820 0.5498 11.77 
0.111 2 2 0 2.0 2.0 0.083 0.129 0.5735 0.5426 11.76 
0.112 2 2 0 2.0 2.0 0.091 0.118 0.5904 0.5149 11.77 
0.113 2 2 0 2.0 2.0 0.088 0.106 0.5820 0.5820 11.78 
0.114 2 2 0 2.0 2.0 0.108 0.109 0.5655 0.5575 11.78 
0.115 2 2 0 2.0 2.0 0.129 0.151 0.5904 0.5213 11.78 
0.116 2 2 0 2.0 2.0 0.124 0.144 0.5820 0.5820 11.78 
0.117 2 2 0 2.0 2.0 0.078 0.111 0.5904 0.5655 11.78 
0.118 2 2 0 2.0 2.0 0.091 0.089 0.6177 0.5213 11.78 
0.119 2 2 0 2.0 2.0 0.110 0.073 0.5904 0.5575 11.77 
0.120 2 2 0 2.0 2.0 0.102 0.081 0.5904 0.5575 11.77 
0.121 2 2 0 2.0 2.0 0.106 0.138 0.5820 0.5354 11.77 
0.122 2 2 0 2.0 2.0 0.087 0.128 0.5904 0.5655 11.77 
0.123 2 2 0 2.0 2.0 0.083 0.115 0.5992 0.5575 11.78 
0.124 2 2 0 2.0 2.0 0.091 0.100 0.5904 0.5354 11.77 
0.125 2 2 0 2.0 2.0 0.118 0.100 0.5992 0.5426 11.77 
0.126 2 2 0 2.0 2.0 0.104 0.119 0.5992 0.5498 11.77 
0.127 2 2 0 2.0 2.0 0.087 0.157 0.5992 0.5498 11.77 
0.128 2 2 0 2.0 2.0 0.075 0.137 0.5992 0.5354 11.78 
0.129 2 2 0 2.0 2.0 0.096 0.100 0.5992 0.5498 11.78 
0.130 2 2 0 2.0 2.0 0.116 0.072 0.5992 0.5655 11.78 
0.131 2 2 0 2.0 2.0 0.100 0.067 0.6177 0.5575 11.78 
0.132 2 2 0 2.0 2.0 0.107 0.091 0.5992 0.5575 11.77 
0.133 2 2 0 2.0 2.0 0.113 0.102 0.5992 0.5354 11.77 
0.134 2 2 0 2.0 2.0 0.102 0.096 0.5735 0.5992 11.77 
0.135 2 2 0 2.0 2.0 0.114 0.079 0.6177 0.4956 11.77 
0.136 2 2 0 2.0 2.0 0.125 0.051 0.6085 0.5354 11.77 
0.137 2 2 0 2.0 2.0 0.111 0.050 0.5904 0.6085 11.77 
0.138 2 2 0 2.0 2.0 0.089 0.076 0.5992 0.5281 11.77 
0.139 2 2 0 2.0 2.0 0.069 0.108 0.5992 0.5575 11.77 
0.140 2 2 0 2.0 2.0 0.094 0.097 0.5992 0.5735 11.76 
0.141 2 2 0 2.0 2.0 0.115 0.085 0.5992 0.5213 11.76 
0.142 2 2 0 2.0 2.0 0.128 0.048 0.6085 0.5498 11.77 
0.143 2 2 0 2.0 2.0 0.109 0.081 0.5992 0.5735 11.78 
0.144 2 2 0 2.0 2.0 0.088 0.119 0.5992 0.5904 11.77 
0.145 2 2 0 2.0 2.0 0.091 0.128 0.6177 0.5735 11.77 
0.146 2 2 0 2.0 2.0 0.108 0.100 0.5904 0.5655 11.77 
0.147 2 2 0 2.0 2.0 0.129 0.078 0.5992 0.5081 11.77 
0.148 2 2 0 2.0 2.0 0.099 0.048 0.6085 0.6085 11.77 
0.149 2 2 0 2.0 2.0 0.080 0.062 0.6085 0.5820 11.77 
0.150 2 2 0 2.0 2.0 0.075 0.109 0.6374 0.5081 11.78 
0.151 2 2 0 2.0 2.0 0.099 0.110 0.6177 0.5992 11.77 
0.152 2 2 0 2.0 2.0 0.099 0.105 0.6085 0.5820 11.77 
0.153 2 2 0 2.0 2.0 0.086 0.094 0.6085 0.5149 11.77 
0.154 2 2 0 2.0 2.0 0.091 0.092 0.6085 0.5820 11.78 
0.155 2 2 0 2.0 2.0 0.082 0.081 0.6177 0.5735 11.77 
0.156 2 2 0 2.0 2.0 0.080 0.098 0.6085 0.5498 11.77 
0.157 2 2 0 2.0 2.0 0.087 0.117 0.6177 0.5820 11.77 
0.158 2 2 0 2.0 2.0 0.107 0.108 0.6177 0.5820 11.77 
0.159 2 2 0 2.0 2.0 0.087 0.073 0.6177 0.5575 11.78 
0.160 2 2 0 2.0 2.0 0.070 0.062 0.6085 0.5575 11.77 
0.161 2 2 0 2.0 2.0 0.079 0.089 0.6085 0.5575 11.78 
0.162 2 2 0 2.0 2.0 0.099 0.099 0.6085 0.5655 11.78 
0.163 2 2 0 2.0 2.0 0.099 0.088 0.6374 0.5575 11.77 
0.164 2 2 0 2.0 2.0 0.107 0.084 0.6177 0.5655 11.77 
0.165 2 2 0 2.0 2.0 0.101 0.052 0.6177 0.5735 11.77 
0.166 2 2 0 2.0 2.0 0.082 0.074 0.5904 0.5735 11.76 
0.167 2 2 0 2.0 2.0 0.118 0.117 0.6374 0.5149 11.77 
0.168 2 2 0 2.0 2.0 0.124 0.138 0.6273 0.5498 11.77 
0.169 2 2 0 2.0 2.0 0.106 0.119 0.6085 0.5992 11.77 
0.170 2 2 0 2.0 2.0 0.085 0.106 0.6085 0.5213 11.77 
0.171 2 2 0 2.0 2.0 0.087 0.061 0.6177 0.6273 11.78 
0.172 2 2 0 2.0 2.0 0.097 0.065 0.6085 0.5992 11.78 
0.173 2 2 0 2.0 2.0 0.116 0.089 0.6177 0.5498 11.78 
0.174 2 2 0 2.0 2.0 0.098 0.104 0.6273 0.5992 11.77 
0.175 2 2 0 2.0 2.0 0.084 0.085 0.6085 0.5904 11.79 
0.176 2 2 0 2.0 2.0 0.080 0.081 0.6085 0.5354 11.78 
0.177 2 2 0 2.0 2.0 0.083 0.067 0.6085 0.5904 11.78 
0.178 2 2 0 2.0 2.0 0.099 0.091 0.5992 0.6085 11.78 
0.179 2 2 0 2.0 2.0 0.100 0.106 0.6273 0.5992 11.77 
0.180 2 2 0 2.0 2.0 0.085 0.113 0.6177 0.5904 11.77 
0.181 2 2 0 2.0 2.0 0.067 0.077 0.6177 0.5213 11.76 
0.182 2 2 0 2.0 2.0 0.060 0.058 0.6273 0.5575 11.76 
0.183 2 2 0 2.0 2.0 0.096 0.058 0.6177 0.5992 11.76 
0.184 2 2 0 2.0 2.0 0.099 0.081 0.6273 0.5213 11.76 
0.185 2 2 0 2.0 2.0 0.105 0.109 0.6177 0.5575 11.77 
0.186 2 2 0 2.0 2.0 0.075 0.113 0.6177 0.5992 11.77 
0.187 2 2 0 2.0 2.0 0.064 0.074 0.6273 0.5213 11.78 
0.188 2 2 0 2.0 2.0 0.087 0.073 0.6374 0.5904 11.78 
0.189 2 2 0 2.0 2.0 0.102 0.076 0.6273 0.5904 11.77 
0.190 2 2 0 2.0 2.0 0.103 0.113 0.6177 0.5281 11.78 
0.191 2 2 0 2.0 2.0 0.085 0.107 0.6273 0.5904 11.77 
0.192 2 2 0 2.0 2.0 0.060 0.075 0.6374 0.5904 11.78 
0.193 2 2 0 2.0 2.0 0.088 0.037 0.6177 0.5655 11.77 
0.194 2 2 0 2.0 2.0 0.084 0.039 0.6177 0.5735 11.77 
0.195 2 2 0 2.0 2.0 0.089 0.091 0.6273 0.5735 11.76 
0.196 2 2 0 2.0 2.0 0.074 0.128 0.6273 0.5735 11.76 
0.197 2 2 0 2.0 2.0 0.064 0.116 0.5992 0.5655 11.77 
0.198 2 2 0 2.0 2.0 0.084 0.091 0.6085 0.5735 11.73 
0.199 2 2 0 2.0 2.0 0.117 0.050 0.6374 0.5904 11.76 
0.200 2 2 0 2.0 2.0 0.103 0.041 0.6177 0.5820 11.76 
0.201 2 2 1 4.0 4.0 0.098 0.069 0.6177 0.5213 11.74 
0.202 2 2 1 4.0 4.0 0.167 0.123 0.6177 0.5575 11.73 
0.203 2 2 1 4.0 4.0 0.365 0.298 0.6177 0.6085 11.72 
0.204 2 2 1 4.0 4.0 0.493 0.416 0.6273 0.5354 11.72 
0.205 2 2 1 4.0 4.0 0.522 0.484 0.6474 0.6691 11.71 
0.206 2 2 1 4.0 4.0 0.570 0.583 0.6474 0.6474 11.70 
0.207 2 2 1 4.0 4.0 0.559 0.554 0.6583 0.6273 11.69 
0.208 2 2 1 4.0 4.0 0.574 0.549 0.6804 0.6583 11.70 
0.209 2 2 1 4.0 4.0 0.536 0.540 0.6924 0.6085 11.71 
0.210 2 2 1 4.0 4.0 0.525 0.515 0.7169 0.7044 11.72 
0.211 2 2 1 4.0 4.0 0.509 0.549 0.7169 0.7434 11.72 
0.212 2 2 1 4.0 4.0 0.506 0.501 0.7575 0.7169 11.72 
0.213 2 2 1 4.0 4.0 0.534 0.446 0.7434 0.7302 11.73 
0.214 2 2 1 4.0 4.0 0.481 0.446 0.7723 0.7044 11.73 
0.215 2 2 1 4.0 4.0 0.465 0.442 0.7723 0.7575 11.72 
0.216 2 2 1 4.0 4.0 0.468 0.458 0.7872 0.7302 11.72 
0.217 2 2 1 4.0 4.0 0.499 0.447 0.8032 0.7723 11.72 
0.218 2 2 1 4.0 4.0 0.446 0.453 0.8193 0.6924 11.71 
0.219 2 2 1 4.0 4.0 0.418 0.418 0.8366 0.7872 11.72 
0.220 2 2 1 4.0 4.0 0.416 0.454 0.8543 0.7302 11.73 
0.221 2 2 1 4.0 4.0 0.427 0.389 0.8543 0.7872 11.73 
0.222 2 2 1 4.0 4.0 0.372 0.374 0.8727 0.7575 11.73 
0.223 2 2 1 4.0 4.0 0.385 0.378 0.8727 0.8032 11.72 
0.224 2 2 1 4.0 4.0 0.401 0.403 0.8727 0.8032 11.71 
0.225 2 2 1 4.0 4.0 0.414 0.385 0.8924 0.8193 11.71 
0.226 2 2 1 4.0 4.0 0.384 0.380 0.8924 0.8727 11.70 
0.227 2 2 1 4.0 4.0 0.359 0.354 0.9125 0.8727 11.70 
0.228 2 2 1 4.0 4.0 0.372 0.359 0.9338 0.8032 11.71 
0.229 2 2 1 4.0 4.0 0.343 0.347 0.9338 0.8727 11.72 
0.230 2 2 1 4.0 4.0 0.312 0.343 0.9338 0.8193 11.73 
0.231 2 2 1 4.0 4.0 0.323 0.327 0.9559 0.8543 11.72 
0.232 2 2 1 4.0 4.0 0.342 0.348 0.9338 0.9125 11.72 
0.233 2 2 1 4.0 4.0 0.337 0.338 0.9559 0.8366 11.71 
0.234 2 2 1 4.0 4.0 0.316 0.290 0.9796 0.9125 11.72 
0.235 2 2 1 4.0 4.0 0.335 0.327 0.9796 0.9559 11.72 
0.236 2 2 1 4.0 4.0 0.308 0.312 0.9796 0.9559 11.72 
0.237 2 2 1 4.0 4.0 0.293 0.277 0.9796 0.8924 11.73 
0.238 2 2 1 4.0 4.0 0.312 0.279 1.0041 0.8366 11.72 
0.239 2 2 1 4.0 4.0 0.297 0.314 1.0298 0.9559 11.73 
0.240 2 2 1 4.0 4.0 0.285 0.302 1.0298 0.8543 11.72 
0.241 2 2 1 4.0 4.0 0.279 0.279 1.0567 0.9559 11.72 
0.242 2 2 1 4.0 4.0 0.277 0.301 1.0567 0.9125 11.72 
0.243 2 2 1 4.0 4.0 0.280 0.274 1.0567 0.9796 11.72 
0.244 2 2 1 4.0 4.0 0.272 0.256 1.0298 0.9796 11.72 
0.245 2 2 1 4.0 4.0 0.295 0.259 1.0567 0.9796 11.71 
0.246 2 2 1 4.0 4.0 0.268 0.279 1.0567 1.0041 11.72 
0.247 2 2 1 4.0 4.0 0.262 0.257 1.0567 1.0298 11.73 
0.248 2 2 1 4.0 4.0 0.272 0.241 1.0567 1.0298 11.74 
0.249 2 2 1 4.0 4.0 0.251 0.259 1.0852 1.0298 11.74 
0.250 2 2 1 4.0 4.0 0.239 0.251 1.0852 0.9796 11.74 
0.251 2 2 1 4.0 4.0 0.250 0.199 1.0567 1.0567 11.72 
0.252 2 2 1 4.0 4.0 0.247 0.247 1.0852 1.0298 11.74 
0.253 2 2 1 4.0 4.0 0.209 0.248 1.1153 1.0041 11.74 
0.254 2 2 1 4.0 4.0 0.256 0.219 1.1153 1.0567 11.72 
0.255 2 2 1 4.0 4.0 0.245 0.279 1.1153 1.0852 11.74 
0.256 2 2 1 4.0 4.0 0.221 0.250 1.1153 1.0298 11.73 
0.257 2 2 1 4.0 4.0 0.251 0.201 1.1474 1.1153 11.72 
0.258 2 2 1 4.0 4.0 0.221 0.212 1.1474 1.0298 11.73 
0.259 2 2 1 4.0 4.0 0.209 0.259 1.1474 1.1153 11.74 
0.260 2 2 1 4.0 4.0 0.220 0.225 1.1474 1.0852 11.74 
0.261 2 2 1 4.0 4.0 0.205 0.235 1.1812 1.0298 11.76 
0.262 2 2 1 4.0 4.0 0.201 0.213 1.1474 1.0852 11.74 
0.263 2 2 1 4.0 4.0 0.218 0.177 1.1812 1.0852 11.75 
0.264 2 2 1 4.0 4.0 0.228 0.189 1.1812 1.0567 11.75 
0.265 2 2 1 4.0 4.0 0.201 0.227 1.1812 1.0852 11.75 
0.266 2 2 1 4.0 4.0 0.221 0.191 1.1812 1.1153 11.75 
0.267 2 2 1 4.0 4.0 0.200 0.206 1.1812 1.0567 11.75 
0.268 2 2 1 4.0 4.0 0.188 0.220 1.1812 1.1153 11.75 
0.269 2 2 1 4.0 4.0 0.225 0.164 1.1474 1.0852 11.74 
0.270 2 2 1 4.0 4.0 0.203 0.172 1.1812 1.1153 11.74 
0.271 2 2 1 4.0 4.0 0.174 0.203 1.1812 1.1153 11.74 
0.272 2 2 1 4.0 4.0 0.178 0.188 1.1812 1.1153 11.74 
0.273 2 2 1 4.0 4.0 0.168 0.205 1.1812 1.1812 11.74 
0.274 2 2 1 4.0 4.0 0.171 0.206 1.1812 1.1812 11.75 
0.275 2 2 1 4.0 4.0 0.198 0.165 1.2169 1.1153 11.76 
0.276 2 2 1 4.0 4.0 0.156 0.157 1.2169 1.1153 11.76 
0.277 2 2 1 4.0 4.0 0.155 0.213 1.2169 1.1812 11.75 
0.278 2 2 1 4.0 4.0 0.163 0.166 1.2169 1.1153 11.73 
0.279 2 2 1 4.0 4.0 0.144 0.188 1.1812 1.0852 11.73 
0.280 2 2 1 4.0 4.0 0.186 0.183 1.2169 1.1474 11.75 
0.281 2 2 1 4.0 4.0 0.171 0.139 1.2169 1.1153 11.74 
0.282 2 2 1 4.0 4.0 0.143 0.173 1.2169 1.0852 11.74 
0.283 2 2 1 4.0 4.0 0.188 0.192 1.2169 1.1153 11.74 
0.284 2 2 1 4.0 4.0 0.181 0.176 1.2169 1.1474 11.75 
0.285 2 2 1 4.0 4.0 0.163 0.184 1.2169 1.0852 11.74 
0.286 2 2 1 4.0 4.0 0.176 0.189 1.2169 1.1812 11.75 
0.287 2 2 1 4.0 4.0 0.166 0.135 1.2169 1.2169 11.74 
0.288 2 2 1 4.0 4.0 0.156 0.149 1.2169 1.1474 11.74 
0.289 2 2 1 4.0 4.0 0.170 0.181 1.2169 1.1474 11.74 
0.290 2 2 1 4.0 4.0 0.133 0.134 1.2169 1.1812 11.74 
0.291 2 2 1 4.0 4.0 0.162 0.171 1.2551 1.2169 11.74 
0.292 2 2 1 4.0 4.0 0.166 0.157 1.2551 1.1474 11.76 
0.293 2 2 1 4.0 4.0 0.158 0.111 1.2551 1.2169 11.75 
0.294 2 2 1 4.0 4.0 0.167 0.176 1.2551 1.2169 11.74 
0.295 2 2 1 4.0 4.0 0.160 0.183 1.2551 1.1474 11.76 
0.296 2 2 1 4.0 4.0 0.143 0.156 1.2169 1.1812 11.75 
0.297 2 2 1 4.0 4.0 0.163 0.194 1.2551 1.1812 11.74 
0.298 2 2 1 4.0 4.0 0.145 0.161 1.2551 1.1474 11.76 
0.299 2 2 1 4.0 4.0 0.156 0.134 1.2551 1.1474 11.76 
0.300 2 2 1 4.0 4.0 0.155 0.188 1.2551 1.1474 11.75 
0.301 2 2 1 4.0 4.0 0.118 0.166 1.2551 1.1812 11.75 
0.302 2 2 1 4.0 4.0 0.140 0.128 1.2169 1.1153 11.76 
0.303 2 2 1 4.0 4.0 0.147 0.153 1.2551 1.2169 11.76 
0.304 2 2 1 4.0 4.0 0.162 0.115 1.2952 1.1812 11.75 
0.305 2 2 1 4.0 4.0 0.159 0.122 1.2551 1.1812 11.75 
0.306 2 2 1 4.0 4.0 0.138 0.165 1.2551 1.2169 11.74 
0.307 2 2 1 4.0 4.0 0.139 0.125 1.2551 1.2169 11.72 
0.308 2 2 1 4.0 4.0 0.157 0.155 1.2169 1.2551 11.75 
0.309 2 2 1 4.0 4.0 0.133 0.138 1.2952 1.1812 11.74 
0.310 2 2 1 4.0 4.0 0.133 0.111 1.2952 1.2551 11.76 
0.311 2 2 1 4.0 4.0 0.129 0.150 1.2952 1.1812 11.76 
0.312 2 2 1 4.0 4.0 0.121 0.188 1.1812 1.1812 11.76 
0.313 2 2 1 4.0 4.0 0.144 0.162 1.2952 1.2169 11.76 
0.314 2 2 1 4.0 4.0 0.118 0.169 1.2551 1.2169 11.72 
0.315 2 2 1 4.0 4.0 0.133 0.134 1.2551 1.1812 11.74 
0.316 2 2 1 4.0 4.0 0.136 0.100 1.2551 1.1153 11.73 
0.317 2 2 1 4.0 4.0 0.117 0.170 1.2551 1.1812 11.76 
0.318 2 2 1 4.0 4.0 0.137 0.131 1.2551 1.1812 11.75 
0.319 2 2 1 4.0 4.0 0.137 0.128 1.2169 1.1153 11.74 
0.320 2 2 1 4.0 4.0 0.103 0.154 1.2952 1.2169 11.75 
0.321 2 2 1 4.0 4.0 0.124 0.135 1.2551 1.2551 11.76 
0.322 2 2 1 4.0 4.0 0.116 0.134 1.2551 1.1812 11.76 
0.323 2 2 1 4.0 4.0 0.124 0.150 1.2952 1.1812 11.76 
0.324 2 2 1 4.0 4.0 0.137 0.111 1.2952 1.2169 11.76 
0.325 2 2 1 4.0 4.0 0.115 0.133 1.2952 1.2551 11.76 
0.326 2 2 1 4.0 4.0 0.121 0.127 1.2952 1.1812 11.76 
0.327 2 2 1 4.0 4.0 0.102 0.088 1.2952 1.2551 11.77 
0.328 2 2 1 4.0 4.0 0.115 0.139 1.2952 1.2551 11.76 
0.329 2 2 1 4.0 4.0 0.149 0.127 1.3386 1.2169 11.74 
0.330 2 2 1 4.0 4.0 0.124 0.132 1.2952 1.1812 11.76 
0.331 2 2 1 4.0 4.0 0.137 0.166 1.2952 1.2169 11.75 
0.332 2 2 1 4.0 4.0 0.152 0.128 1.2952 1.2169 11.76 
0.333 2 2 1 4.0 4.0 0.124 0.154 1.2952 1.1812 11.77 
0.334 2 2 1 4.0 4.0 0.125 0.160 1.2551 1.2169 11.74 
0.335 2 2 1 4.0 4.0 0.114 0.119 1.2952 1.2169 11.76 
0.336 2 2 1 4.0 4.0 0.106 0.118 1.2952 1.1812 11.77 
0.337 2 2 1 4.0 4.0 0.140 0.125 1.2952 1.1812 11.75 
0.338 2 2 1 4.0 4.0 0.109 0.074 1.2952 1.2952 11.77 
0.339 2 2 1 4.0 4.0 0.125 0.134 1.2952 1.2551 11.77 
0.340 2 2 1 4.0 4.0 0.102 0.120 1.2952 1.1812 11.76 
0.341 2 2 1 4.0 4.0 0.086 0.092 1.2952 1.2551 11.75 
0.342 2 2 1 4.0 4.0 0.119 0.145 1.3386 1.2551 11.74 
0.343 2 2 1 4.0 4.0 0.096 0.124 1.3386 1.2952 11.76 
0.344 2 2 1 4.0 4.0 0.114 0.136 1.3386 1.2169 11.75 
0.345 2 2 1 4.0 4.0 0.133 0.178 1.2952 1.0298 11.76 
0.346 2 2 1 4.0 4.0 0.106 0.131 1.2952 1.2169 11.77 
0.347 2 2 1 4.0 4.0 0.111 0.132 1.2952 1.2169 11.76 
0.348 2 2 1 4.0 4.0 0.110 0.130 1.2952 1.2169 11.77 
0.349 2 2 1 4.0 4.0 0.108 0.101 1.2952 1.2169 11.77 
0.350 2 2 1 4.0 4.0 0.099 0.137 1.2952 1.2169 11.76 
0.351 2 2 1 4.0 4.0 0.099 0.116 1.3386 1.2551 11.77 
0.352 2 2 2 -4.0 -4.0 0.116 0.103 1.2952 1.1812 11.76 
0.353 2 2 2 -4.0 -4.0 -0.335 -0.041 1.2952 1.2952 11.72 
0.354 2 2 2 -4.0 -4.0 -1.080 -0.827 1.2952 1.2551 11.65 
0.355 2 2 2 -4.0 -4.0 -1.369 -1.482 1.2169 1.1474 11.63 
0.356 2 2 2 -4.0 -4.0 -1.579 -1.557 1.1812 1.1153 11.60 
0.357 2 2 2 -4.0 -4.0 -1.795 -1.793 1.1474 1.0567 11.58 
0.358 2 2 2 -4.0 -4.0 -1.741 -1.938 1.0852 1.0298 11.58 
0.359 2 2 2 -4.0 -4.0 -1.662 -1.833 1.0041 0.9559 11.59 
0.360 2 2 2 -4.0 -4.0 -1.771 -1.771 0.8924 0.7723 11.59 
0.361 2 2 2 -4.0 -4.0 -1.862 -1.832 0.8543 0.8193 11.58 
0.362 2 2 2 -4.0 -4.0 -1.534 -1.882 0.7723 0.7575 11.59 
0.363 2 2 2 -4.0 -4.0 -1.510 -1.630 0.7302 0.6474 11.60 
0.364 2 2 2 -4.0 -4.0 -1.651 -1.562 0.6691 0.6374 11.61 
0.365 2 2 2 -4.0 -4.0 -1.721 -1.607 0.6474 0.4362 11.61 
0.366 2 2 2 -4.0 -4.0 -1.682 -1.642 0.5149 0.5020 11.59 
0.367 2 2 2 -4.0 -4.0 -1.529 -1.680 0.5081 0.4956 11.62 
0.368 2 2 2 -4.0 -4.0 -1.446 -1.646 0.4779 0.3936 11.62 
0.369 2 2 2 -4.0 -4.0 -1.477 -1.620 0.3787 0.3064 11.62 
0.370 2 2 2 -4.0 -4.0 -1.489 -1.455 0.3402 0.2731 11.64 
0.371 2 2 2 -4.0 -4.0 -1.464 -1.352 0.3137 0.2807 11.64 
0.372 2 2 2 -4.0 -4.0 -1.478 -1.364 0.2446 0.2807 11.63 
0.373 2 2 2 -4.0 -4.0 -1.445 -1.380 0.2446 0.2265 11.64 
0.374 2 2 2 -4.0 -4.0 -1.411 -1.380 0.1775 0.2265 11.63 
0.375 2 2 2 -4.0 -4.0 -1.381 -1.340 0.1229 0.1514 11.63 
0.376 2 2 2 -4.0 -4.0 -1.343 -1.324 0.0940 0.1100 11.65 
0.377 2 2 2 -4.0 -4.0 -1.305 -1.276 0.0763 0.0863 11.65 
0.378 2 2 2 -4.0 -4.0 -1.230 -1.221 0.0639 0.0711 11.67 
0.379 2 2 2 -4.0 -4.0 -1.184 -1.165 0.0550 0.0602 11.65 
0.380 2 2 2 -4.0 -4.0 -1.141 -1.128 -0.0494 -0.0526 11.66 
0.381 2 2 2 -4.0 -4.0 -1.107 -1.106 -0.0494 -0.0526 11.68 
0.382 2 2 2 -4.0 -4.0 -1.045 -1.083 -0.2100 -0.2100 11.68 
0.383 2 2 2 -4.0 -4.0 -0.982 -1.060 -0.2100 -0.2100 11.68 
0.384 2 2 2 -4.0 -4.0 -0.945 -1.090 -0.2607 -0.2522 11.67 
0.385 2 2 2 -4.0 -4.0 -0.917 -0.934 -0.3040 -0.2522 11.68 
0.386 2 2 2 -4.0 -4.0 -0.926 -0.820 -0.3522 -0.2333 11.68 
0.387 2 2 2 -4.0 -4.0 -0.839 -0.828 -0.3787 -0.3137 11.69 
0.388 2 2 2 -4.0 -4.0 -0.756 -0.828 -0.3860 -0.3751 11.70 
0.389 2 2 2 -4.0 -4.0 -0.738 -0.824 -0.3976 -0.3787 11.68 
0.390 2 2 2 -4.0 -4.0 -0.739 -0.827 -0.4225 -0.3137 11.69 
0.391 2 2 2 -4.0 -4.0 -0.743 -0.786 -0.4410 -0.3615 11.68 
0.392 2 2 2 -4.0 -4.0 -0.727 -0.805 -0.4615 -0.4269 11.68 
0.393 2 2 2 -4.0 -4.0 -0.742 -0.839 -0.4723 -0.4510 11.69 
0.394 2 2 2 -4.0 -4.0 -0.715 -0.875 -0.5081 -0.3787 11.70 
0.395 2 2 2 -4.0 -4.0 -0.649 -0.714 -0.5498 -0.5081 11.68 
0.396 2 2 2 -4.0 -4.0 -0.624 -0.699 -0.5426 -0.5213 11.69 
0.397 2 2 2 -4.0 -4.0 -0.630 -0.668 -0.5575 -0.4723 11.70 
0.398 2 2 2 -4.0 -4.0 -0.635 -0.656 -0.5735 -0.5149 11.70 
0.399 2 2 2 -4.0 -4.0 -0.628 -0.666 -0.6273 -0.5735 11.69 
0.400 2 2 2 -4.0 -4.0 -0.532 -0.589 -0.6374 -0.6085 11.68 
0.401 2 2 2 -4.0 -4.0 -0.531 -0.584 -0.6374 -0.6374 11.70 
0.402 2 2 2 -4.0 -4.0 -0.520 -0.565 -0.6583 -0.5498 11.69 
0.403 2 2 2 -4.0 -4.0 -0.527 -0.543 -0.6691 -0.6177 11.69 
0.404 2 2 2 -4.0 -4.0 -0.547 -0.568 -0.6804 -0.6691 11.69 
0.405 2 2 2 -4.0 -4.0 -0.473 -0.601 -0.7169 -0.6085 11.69 
0.406 2 2 2 -4.0 -4.0 -0.478 -0.505 -0.7302 -0.6804 11.70 
0.407 2 2 2 -4.0 -4.0 -0.464 -0.484 -0.7302 -0.6177 11.71 
0.408 2 2 2 -4.0 -4.0 -0.467 -0.469 -0.7302 -0.7044 11.71 
0.409 2 2 2 -4.0 -4.0 -0.422 -0.484 -0.7575 -0.7169 11.72 
0.410 2 2 2 -4.0 -4.0 -0.446 -0.493 -0.7575 -0.6924 11.71 
0.411 2 2 2 -4.0 -4.0 -0.438 -0.452 -0.7872 -0.7434 11.72 
0.412 2 2 2 -4.0 -4.0 -0.425 -0.450 -0.7723 -0.7434 11.71 
0.413 2 2 2 -4.0 -4.0 -0.424 -0.474 -0.7872 -0.7723 11.71 
0.414 2 2 2 -4.0 -4.0 -0.385 -0.494 -0.7872 -0.7302 11.71 
0.415 2 2 2 -4.0 -4.0 -0.379 -0.422 -0.8193 -0.7575 11.72 
0.416 2 2 2 -4.0 -4.0 -0.377 -0.394 -0.8193 -0.7302 11.73 
0.417 2 2 2 -4.0 -4.0 -0.377 -0.372 -0.8366 -0.8032 11.74 
0.418 2 2 2 -4.0 -4.0 -0.359 -0.364 -0.8366 -0.7434 11.72 
0.419 2 2 2 -4.0 -4.0 -0.371 -0.354 -0.8543 -0.8032 11.73 
0.420 2 2 2 -4.0 -4.0 -0.378 -0.351 -0.8543 -0.7302 11.72 
0.421 2 2 2 -4.0 -4.0 -0.355 -0.349 -0.8924 -0.8032 11.73 
0.422 2 2 2 -4.0 -4.0 -0.352 -0.430 -0.8924 -0.7434 11.73 
0.423 2 2 2 -4.0 -4.0 -0.356 -0.379 -0.8924 -0.8543 11.73 
0.424 2 2 2 -4.0 -4.0 -0.363 -0.356 -0.9338 -0.8032 11.73 
0.425 2 2 2 -4.0 -4.0 -0.342 -0.331 -0.9338 -0.8366 11.72 
0.426 2 2 2 -4.0 -4.0 -0.316 -0.357 -0.9559 -0.8727 11.73 
0.427 2 2 2 -4.0 -4.0 -0.313 -0.338 -0.9559 -0.9125 11.74 
0.428 2 2 2 -4.0 -4.0 -0.306 -0.326 -0.9796 -0.8366 11.73 
0.429 2 2 2 -4.0 -4.0 -0.303 -0.322 -0.9796 -0.8727 11.74 
0.430 2 2 2 -4.0 -4.0 -0.288 -0.339 -0.9796 -0.9125 11.74 
0.431 2 2 2 -4.0 -4.0 -0.297 -0.292 -0.9796 -0.8193 11.74 
0.432 2 2 2 -4.0 -4.0 -0.293 -0.251 -0.9796 -0.9125 11.74 
0.433 2 2 2 -4.0 -4.0 -0.280 -0.282 -1.0041 -0.8366 11.69 
0.434 2 2 2 -4.0 -4.0 -0.288 -0.284 -1.0298 -0.8924 11.70 
0.435 2 2 2 -4.0 -4.0 -0.259 -0.274 -1.0041 -0.9338 11.73 
0.436 2 2 2 -4.0 -4.0 -0.260 -0.277 -1.0041 -0.9559 11.73 
0.437 2 2 2 -4.0 -4.0 -0.278 -0.300 -1.0298 -0.9559 11.74 
0.438 2 2 2 -4.0 -4.0 -0.282 -0.245 -1.0298 -0.9338 11.74 
0.439 2 2 2 -4.0 -4.0 -0.279 -0.235 -1.0298 -0.9796 11.74 
0.440 2 2 2 -4.0 -4.0 -0.246 -0.261 -1.0298 -0.9125 11.74 
0.441 2 2 2 -4.0 -4.0 -0.274 -0.257 -1.0567 -0.9796 11.74 
0.442 2 2 2 -4.0 -4.0 -0.268 -0.217 -1.0298 -0.9125 11.74 
0.443 2 2 2 -4.0 -4.0 -0.221 -0.252 -1.0298 -0.8924 11.74 
0.444 2 2 2 -4.0 -4.0 -0.257 -0.284 -1.0567 -0.9796 11.74 
0.445 2 2 2 -4.0 -4.0 -0.255 -0.233 -1.0852 -0.9796 11.74 
0.446 2 2 2 -4.0 -4.0 -0.220 -0.219 -1.0852 -1.0041 11.73 
0.447 2 2 2 -4.0 -4.0 -0.243 -0.236 -1.0852 -1.0567 11.73 
0.448 2 2 2 -4.0 -4.0 -0.236 -0.219 -1.1153 -1.0041 11.73 
0.449 2 2 2 -4.0 -4.0 -0.220 -0.212 -1.1153 -1.0567 11.73 
0.450 2 2 2 -4.0 -4.0 -0.239 -0.256 -1.1153 -1.0041 11.73 
0.451 2 2 2 -4.0 -4.0 -0.241 -0.224 -1.1153 -0.8543 11.74 
0.452 2 2 2 -4.0 -4.0 -0.227 -0.189 -1.1153 -1.0041 11.73 
0.453 2 2 2 -4.0 -4.0 -0.251 -0.254 -1.1153 -0.9796 11.73 
0.454 2 2 2 -4.0 -4.0 -0.212 -0.257 -1.0852 -1.0298 11.73 
0.455 2 2 2 -4.0 -4.0 -0.198 -0.209 -1.0852 -1.0298 11.74 
0.456 2 2 2 -4.0 -4.0 -0.206 -0.238 -1.1153 -1.0298 11.74 
0.457 2 2 2 -4.0 -4.0 -0.213 -0.220 -1.1153 -1.0298 11.74 
0.458 2 2 2 -4.0 -4.0 -0.182 -0.172 -1.1153 -1.0298 11.75 
0.459 2 2 2 -4.0 -4.0 -0.233 -0.180 -1.1153 -1.0298 11.74 
0.460 2 2 2 -4.0 -4.0 -0.226 -0.201 -1.1153 -1.0852 11.75 
0.461 2 2 2 -4.0 -4.0 -0.193 -0.168 -1.1153 -1.0041 11.75 
0.462 2 2 2 -4.0 -4.0 -0.190 -0.197 -1.1474 -1.0852 11.74 
0.463 2 2 2 -4.0 -4.0 -0.209 -0.221 -1.1812 -1.1153 11.75 
0.464 2 2 2 -4.0 -4.0 -0.208 -0.172 -1.1812 -1.0567 11.75 
0.465 2 2 2 -4.0 -4.0 -0.232 -0.150 -1.1812 -1.0852 11.75 
0.466 2 2 2 -4.0 -4.0 -0.187 -0.173 -1.1812 -1.1474 11.75 
0.467 2 2 2 -4.0 -4.0 -0.164 -0.193 -1.1812 -1.0852 11.75 
0.468 2 2 2 -4.0 -4.0 -0.188 -0.178 -1.1474 -1.1153 11.74 
0.469 2 2 2 -4.0 -4.0 -0.187 -0.220 -1.1812 -1.1474 11.74 
0.470 2 2 2 -4.0 -4.0 -0.194 -0.200 -1.1812 -1.0567 11.75 
0.471 2 2 2 -4.0 -4.0 -0.219 -0.166 -1.1474 -1.1474 11.75 
0.472 2 2 2 -4.0 -4.0 -0.200 -0.173 -1.1474 -1.0852 11.75 
0.473 2 2 2 -4.0 -4.0 -0.178 -0.159 -1.1474 -1.1153 11.74 
0.474 2 2 2 -4.0 -4.0 -0.160 -0.126 -1.1474 -1.1474 11.74 
0.475 2 2 2 -4.0 -4.0 -0.168 -0.164 -1.1474 -1.1153 11.75 
0.476 2 2 2 -4.0 -4.0 -0.218 -0.170 -1.1474 -1.0852 11.75 
0.477 2 2 2 -4.0 -4.0 -0.211 -0.162 -1.1812 -1.1153 11.74 
0.478 2 2 2 -4.0 -4.0 -0.189 -0.189 -1.1474 -1.0852 11.75 
0.479 2 2 2 -4.0 -4.0 -0.168 -0.170 -1.1812 -1.0567 11.72 
0.480 2 2 2 -4.0 -4.0 -0.156 -0.159 -1.2169 -1.1474 11.73 
0.481 2 2 2 -4.0 -4.0 -0.137 -0.180 -1.2169 -1.1474 11.74 
0.482 2 2 2 -4.0 -4.0 -0.206 -0.161 -1.2169 -1.0852 11.75 
0.483 2 2 2 -4.0 -4.0 -0.157 -0.119 -1.2169 -1.1153 11.74 
0.484 2 2 2 -4.0 -4.0 -0.180 -0.165 -1.2169 -1.1812 11.75 
0.485 2 2 2 -4.0 -4.0 -0.170 -0.150 -1.2169 -1.1153 11.75 
0.486 2 2 2 -4.0 -4.0 -0.148 -0.150 -1.2551 -1.1474 11.74 
0.487 2 2 2 -4.0 -4.0 -0.161 -0.197 -1.2169 -1.1812 11.75 
0.488 2 2 2 -4.0 -4.0 -0.171 -0.166 -1.1812 -1.0852 11.75 
0.489 2 2 2 -4.0 -4.0 -0.152 -0.149 -1.1153 -1.1812 11.74 
0.490 2 2 2 -4.0 -4.0 -0.183 -0.162 -1.2169 -1.1153 11.75 
0.491 2 2 2 -4.0 -4.0 -0.179 -0.144 -1.2169 -1.1474 11.75 
0.492 2 2 2 -4.0 -4.0 -0.132 -0.133 -1.2169 -1.1474 11.74 
0.493 2 2 2 -4.0 -4.0 -0.141 -0.159 -1.2169 -1.1153 11.74 
0.494 2 2 2 -4.0 -4.0 -0.161 -0.124 -1.2169 -1.1153 11.74 
0.495 2 2 2 -4.0 -4.0 -0.133 -0.135 -1.2169 -1.1153 11.73 
0.496 2 2 2 -4.0 -4.0 -0.145 -0.170 -1.2551 -1.1474 11.74 
0.497 2 2 2 -4.0 -4.0 -0.144 -0.141 -1.2551 -1.1153 11.75 
0.498 2 2 2 -4.0 -4.0 -0.168 -0.137 -1.2551 -1.1153 11.75 
0.499 2 2 2 -4.0 -4.0 -0.203 -0.162 -1.2551 -1.2169 11.75 
0.500 2 2 2 -4.0 -4.0 -0.152 -0.133 -1.2551 -1.1474 11.75 
0.501 2 2 2 -4.0 -4.0 -0.155 -0.134 -1.2551 -1.2169 11.75 
0.502 2 2 2 -4.0 -4.0 -0.163 -0.137 -1.2551 -1.2169 11.75 
0.503 2 2 3 0.0 0.0 -0.149 -0.111 -1.2551 -1.1812 11.75 
0.504 2 2 3 0.0 0.0 0.062 -0.060 -1.1812 -1.1153 11.76 
0.505 2 2 3 0.0 0.0 0.426 0.301 -1.2169 -1.1812 11.76 
0.506 2 2 3 0.0 0.0 0.719 0.666 -1.1812 -1.1812 11.77 
0.507 2 2 3 0.0 0.0 0.700 0.847 -1.1812 -1.0852 11.77 
0.508 2 2 3 0.0 0.0 0.768 0.788 -1.1474 -1.0852 11.77 
0.509 2 2 3 0.0 0.0 0.861 0.885 -1.1153 -1.0567 11.77 
0.510 2 2 3 0.0 0.0 0.773 0.948 -1.0852 -1.0041 11.78 
0.511 2 2 3 0.0 0.0 0.777 0.800 -1.0298 -0.9796 11.77 
0.512 2 2 3 0.0 0.0 0.845 0.836 -1.0041 -0.8727 11.77 
0.513 2 2 3 0.0 0.0 0.753 0.909 -1.0041 -0.9125 11.77 
0.514 2 2 3 0.0 0.0 0.696 0.757 -0.9559 -0.8032 11.76 
0.515 2 2 3 0.0 0.0 0.753 0.682 -0.9338 -0.8543 11.76 
0.516 2 2 3 0.0 0.0 0.798 0.761 -0.9125 -0.7434 11.76 
0.517 2 2 3 0.0 0.0 0.686 0.816 -0.9125 -0.8032 11.76 
0.518 2 2 3 0.0 0.0 0.646 0.799 -0.8543 -0.6924 11.76 
0.519 2 2 3 0.0 0.0 0.703 0.663 -0.8032 -0.7723 11.76 
0.520 2 2 3 0.0 0.0 0.730 0.692 -0.7575 -0.6583 11.77 
0.521 2 2 3 0.0 0.0 0.574 0.743 -0.7575 -0.6691 11.76 
0.522 2 2 3 0.0 0.0 0.551 0.694 -0.7169 -0.6691 11.77 
0.523 2 2 3 0.0 0.0 0.584 0.538 -0.7169 -0.6583 11.78 
0.524 2 2 3 0.0 0.0 0.627 0.534 -0.6924 -0.6691 11.77 
0.525 2 2 3 0.0 0.0 0.625 0.578 -0.6804 -0.5655 11.78 
0.526 2 2 3 0.0 0.0 0.484 0.616 -0.6177 -0.5735 11.77 
0.527 2 2 3 0.0 0.0 0.486 0.593 -0.6085 -0.5820 11.78 
0.528 2 2 3 0.0 0.0 0.531 0.581 -0.5992 -0.5149 11.78 
0.529 2 2 3 0.0 0.0 0.555 0.479 -0.5735 -0.5213 11.77 
0.530 2 2 3 0.0 0.0 0.547 0.479 -0.5575 -0.5354 11.77 
0.531 2 2 3 0.0 0.0 0.471 0.515 -0.5354 -0.4137 11.77 
0.532 2 2 3 0.0 0.0 0.399 0.522 -0.5213 -0.4097 11.77 
0.533 2 2 3 0.0 0.0 0.412 0.510 -0.5020 -0.4667 11.77 
0.534 2 2 3 0.0 0.0 0.429 0.493 -0.4956 -0.4510 11.77 
0.535 2 2 3 0.0 0.0 0.443 0.440 -0.4836 -0.3289 11.77 
0.536 2 2 3 0.0 0.0 0.440 0.360 -0.4723 -0.4016 11.77 
0.537 2 2 3 0.0 0.0 0.425 0.351 -0.4462 -0.3823 11.77 
0.538 2 2 3 0.0 0.0 0.415 0.366 -0.4016 -0.3787 11.78 
0.539 2 2 3 0.0 0.0 0.312 0.384 -0.4056 -0.3787 11.77 
0.540 2 2 3 0.0 0.0 0.304 0.385 -0.4181 -0.3430 11.77 
0.541 2 2 3 0.0 0.0 0.327 0.376 -0.3715 -0.3317 11.77 
0.542 2 2 3 0.0 0.0 0.344 0.367 -0.3374 -0.3016 11.76 
0.543 2 2 3 0.0 0.0 0.340 0.339 -0.3490 -0.3016 11.77 
0.544 2 2 3 0.0 0.0 0.345 0.313 -0.3317 -0.3113 11.78 
0.545 2 2 3 0.0 0.0 0.314 0.276 -0.3040 -0.2574 11.78 
0.546 2 2 3 0.0 0.0 0.300 0.232 -0.3040 -0.2574 11.77 
0.547 2 2 3 0.0 0.0 0.285 0.233 -0.3161 -0.2731 11.78 
0.548 2 2 3 0.0 0.0 0.208 0.239 -0.2787 -0.2494 11.78 
0.549 2 2 3 0.0 0.0 0.205 0.239 -0.2787 -0.2494 11.77 
0.550 2 2 3 0.0 0.0 0.220 0.267 -0.2695 -0.2402 11.77 
0.551 2 2 3 0.0 0.0 0.237 0.269 -0.2462 -0.2374 11.78 
0.552 2 2 3 0.0 0.0 0.238 0.248 -0.2462 -0.1799 11.77 
0.553 2 2 3 0.0 0.0 0.236 0.242 -0.2462 -0.1799 11.76 
0.554 2 2 3 0.0 0.0 0.229 0.223 -0.2462 -0.1948 11.76 
0.555 2 2 3 0.0 0.0 0.222 0.213 -0.2169 -0.1948 11.76 
0.556 2 2 3 0.0 0.0 0.220 0.203 -0.2169 -0.1940 11.76 
0.557 2 2 3 0.0 0.0 0.210 0.183 -0.2036 -0.1940 11.76 
0.558 2 2 3 0.0 0.0 0.198 0.169 -0.2036 -0.1735 11.76 
0.559 2 2 3 0.0 0.0 0.187 0.157 -0.1751 -0.1735 11.77 
0.560 2 2 3 0.0 0.0 0.168 0.141 -0.1751 -0.1735 11.78 
0.561 2 2 3 0.0 0.0 0.159 0.131 -0.1651 -0.1329 11.78 
0.562 2 2 3 0.0 0.0 0.148 0.123 -0.1606 -0.1277 11.78 
0.563 2 2 3 0.0 0.0 0.133 0.114 -0.1606 -0.1277 11.78 
0.564 2 2 3 0.0 0.0 0.120 0.116 -0.1486 -0.1277 11.77 
0.565 2 2 3 0.0 0.0 0.114 0.117 -0.1486 -0.1345 11.78 
0.566 2 2 3 0.0 0.0 0.100 0.119 -0.1486 -0.1345 11.77 
0.567 2 2 3 0.0 0.0 0.101 0.119 -0.1406 -0.1345 11.77 
0.568 2 2 3 0.0 0.0 0.105 0.130 -0.1406 -0.1193 11.78 
0.569 2 2 3 0.0 0.0 0.101 0.111 -0.1406 -0.1193 11.77 
0.570 2 2 3 0.0 0.0 0.114 0.110 -0.1185 -0.1193 11.78 
0.571 2 2 3 0.0 0.0 0.099 0.096 -0.1108 -0.1133 11.77 
0.572 2 2 3 0.0 0.0 0.092 0.088 -0.1108 -0.0884 11.77 
0.573 2 2 3 0.0 0.0 0.084 0.092 -0.1108 -0.0795 11.77 
0.574 2 2 3 0.0 0.0 0.088 0.074 -0.1064 -0.0795 11.77 
0.575 2 2 3 0.0 0.0 0.105 0.078 -0.0888 -0.0795 11.77 
0.576 2 2 3 0.0 0.0 0.104 0.077 -0.0888 -0.0795 11.77 
0.577 2 2 3 0.0 0.0 0.083 0.061 -0.0888 -0.0795 11.76 
0.578 2 2 3 0.0 0.0 0.085 0.064 -0.0888 -0.0731 11.78 
0.579 2 2 3 0.0 0.0 0.074 0.062 -0.0888 -0.0619 11.78 
0.580 2 2 3 0.0 0.0 0.059 0.053 -0.0763 -0.0534 11.78 
0.581 2 2 3 0.0 0.0 0.056 0.056 -0.0643 -0.0470 11.77 
0.582 2 2 3 0.0 0.0 0.055 0.047 -0.0594 -0.0422 11.77 
0.583 2 2 3 0.0 0.0 0.063 0.050 -0.0594 -0.0382 11.78 
0.584 2 2 3 0.0 0.0 0.054 0.048 -0.0594 -0.0349 11.78 
0.585 2 2 3 0.0 0.0 0.045 0.034 -0.0594 -0.0321 11.77 
0.586 2 2 3 0.0 0.0 0.034 0.027 -0.0594 -0.0321 11.77 
0.587 2 2 3 0.0 0.0 0.042 0.032 -0.0594 -0.0321 11.77 
0.588 2 2 3 0.0 0.0 0.035 0.023 -0.0594 -0.0321 11.77 
0.589 2 2 3 0.0 0.0 0.026 0.012 -0.0530 -0.0321 11.78 
0.590 2 2 3 0.0 0.0 0.013 0.020 -0.0470 -0.0321 11.78 
0.591 2 2 3 0.0 0.0 0.015 0.019 -0.0418 -0.0321 11.77 
0.592 2 2 3 0.0 0.0 0.028 0.018 -0.0378 -0.0321 11.78 
0.593 2 2 3 0.0 0.0 0.025 0.022 -0.0345 -0.0321 11.77 
0.594 2 2 3 0.0 0.0 0.028 0.013 -0.0317 -0.0321 11.78 
0.595 2 2 3 0.0 0.0 0.030 0.018 -0.0293 -0.0321 11.78 
0.596 2 2 3 0.0 0.0 0.019 0.001 -0.0273 -0.0321 11.78 
0.597 2 2 3 0.0 0.0 0.003 0.008 -0.0257 -0.0321 11.78 
0.598 2 2 3 0.0 0.0 0.019 0.003 -0.0241 -0.0305 11.78 
0.599 2 2 3 0.0 0.0 0.007 0.017 -0.0229 -0.0281 11.78 
0.600 2 2 3 0.0 0.0 0.015 0.012 -0.0213 -0.0265 11.77 
0.601 2 2 3 0.0 0.0 0.009 0.005 -0.0205 -0.0245 11.78 
0.602 2 2 3 0.0 0.0 0.012 0.015 -0.0193 -0.0233 11.78 
0.603 2 2 3 0.0 0.0 0.018 0.008 -0.0185 -0.0221 11.78 
0.604 2 2 3 0.0 0.0 0.016 0.009 -0.0177 -0.0209 11.78 
0.605 2 2 3 0.0 0.0 0.012 0.004 -0.0169 -0.0197 11.78 
0.606 2 2 3 0.0 0.0 0.000 0.005 -0.0161 -0.0189 11.77 
0.607 2 2 3 0.0 0.0 0.010 0.003 -0.0157 -0.0181 11.77 
0.608 2 2 3 0.0 0.0 0.004 -0.006 -0.0149 -0.0173 11.77 
0.609 2 2 3 0.0 0.0 -0.002 -0.006 -0.0145 -0.0165 11.77 
0.610 2 2 3 0.0 0.0 0.026 0.001 -0.0141 -0.0157 11.77 
0.611 2 2 3 0.0 0.0 0.025 0.009 -0.0133 -0.0153 11.77 
0.612 2 2 3 0.0 0.0 0.015 -0.005 -0.0129 -0.0145 11.77 
0.613 2 2 3 0.0 0.0 -0.003 -0.006 -0.0125 -0.0141 11.76 
0.614 2 2 3 0.0 0.0 0.000 -0.000 -0.0120 -0.0137 11.77 
0.615 2 2 3 0.0 0.0 0.000 -0.004 -0.0116 -0.0133 11.77 
0.616 2 2 3 0.0 0.0 0.006 -0.006 -0.0112 -0.0129 11.77 
0.617 2 2 3 0.0 0.0 0.002 0.001 -0.0112 -0.0125 11.77 
0.618 2 2 3 0.0 0.0 -0.005 -0.006 -0.0108 -0.0120 11.77 
0.619 2 2 3 0.0 0.0 -0.010 -0.003 -0.0104 -0.0116 11.77 
0.620 2 2 3 0.0 0.0 -0.004 -0.009 -0.0100 -0.0112 11.77 
0.621 2 2 3 0.0 0.0 -0.005 0.005 -0.0100 -0.0108 11.78 
0.622 2 2 3 0.0 0.0 -0.010 0.005 -0.0096 -0.0104 11.78 
0.623 2 2 3 0.0 0.0 -0.004 -0.003 -0.0096 -0.0104 11.77 
0.624 2 2 3 0.0 0.0 -0.000 -0.012 -0.0092 -0.0100 11.78 
0.625 2 2 3 0.0 0.0 0.000 -0.007 -0.0088 -0.0096 11.78 
0.626 2 2 3 0.0 0.0 0.008 0.005 -0.0088 -0.0096 11.78 
0.627 2 2 3 0.0 0.0 0.003 -0.003 -0.0084 -0.0092 11.77 
0.628 2 2 3 0.0 0.0 -0.001 0.006 -0.0084 -0.0092 11.77 
0.629 2 2 3 0.0 0.0 -0.006 -0.000 -0.0084 -0.0088 11.77 
0.630 2 2 3 0.0 0.0 -0.006 0.004 -0.0080 -0.0088 11.78 
0.631 2 2 3 0.0 0.0 -0.010 0.005 -0.0080 -0.0084 11.77 
0.632 2 2 3 0.0 0.0 -0.004 0.005 -0.0076 -0.0084 11.77 
0.633 2 2 3 0.0 0.0 0.014 0.005 -0.0076 -0.0080 11.77 
0.634 2 2 3 0.0 0.0 0.015 0.003 -0.0076 -0.0080 11.77 
0.635 2 2 3 0.0 0.0 0.015 -0.005 -0.0072 -0.0076 11.77 
0.636 2 2 3 0.0 0.0 0.005 0.007 -0.0072 -0.0076 11.77 
0.637 2 2 3 0.0 0.0 -0.000 -0.011 -0.0072 -0.0076 11.77 
0.638 2 2 3 0.0 0.0 0.010 0.003 -0.0068 -0.0072 11.77 
0.639 2 2 3 0.0 0.0 0.007 0.001 -0.0068 -0.0072 11.77 
0.640 2 2 3 0.0 0.0 0.017 0.004 -0.0068 -0.0072 11.77 
0.641 2 2 3 0.0 0.0 0.015 0.007 -0.0064 -0.0068 11.78 
0.642 2 2 3 0.0 0.0 0.003 -0.006 -0.0064 -0.0068 11.77 
0.643 2 2 3 0.0 0.0 0.002 0.004 -0.0064 -0.0068 11.78 
0.644 2 2 3 0.0 0.0 0.008 -0.003 -0.0060 -0.0064 11.78 
0.645 2 2 3 0.0 0.0 -0.013 -0.010 -0.0060 -0.0064 11.78 
0.646 2 2 3 0.0 0.0 -0.010 0.004 -0.0060 -0.0064 11.77 
0.647 2 2 3 0.0 0.0 0.004 -0.003 -0.0060 -0.0064 11.78 
0.648 2 2 3 0.0 0.0 0.000 -0.006 -0.0060 -0.0060 11.78 
0.649 2 2 3 0.0 0.0 -0.000 -0.009 -0.0056 -0.0060 11.77 
0.650 2 2 3 0.0 0.0 -0.008 0.002 -0.0056 -0.0060 11.78 
0.651 2 2 3 0.0 0.0 0.007 0.013 -0.0056 -0.0060 11.77 
0.652 2 2 3 0.0 0.0 0.004 0.002 -0.0056 -0.0056 11.77 
0.653 2 2 3 0.0 0.0 0.023 0.004 -0.0052 -0.0056 11.77 
0.654 2 2 3 0.0 0.0 0.018 0.002 -0.0052 -0.0056 11.77 
0.655 2 2 3 0.0 0.0 0.009 -0.006 -0.0052 -0.0056 11.77 
0.656 2 2 3 0.0 0.0 0.004 -0.007 -0.0052 -0.0056 11.77 
0.657 2 2 3 0.0 0.0 0.009 -0.001 -0.0052 -0.0052 11.77 
0.658 2 2 3 0.0 0.0 0.004 -0.005 -0.0052 -0.0052 11.77 
0.659 2 2 3 0.0 0.0 0.007 -0.000 -0.0048 -0.0052 11.77 
0.660 2 2 3 0.0 0.0 -0.003 0.009 -0.0048 -0.0052 11.77 
0.661 2 2 3 0.0 0.0 0.007 0.006 -0.0048 -0.0052 11.78 
0.662 2 2 3 0.0 0.0 -0.001 0.006 -0.0048 -0.0048 11.78 
0.663 2 2 3 0.0 0.0 0.003 0.002 -0.0048 -0.0048 11.77 
0.664 2 2 3 0.0 0.0 0.004 0.001 -0.0048 -0.0048 11.78 
0.665 2 2 3 0.0 0.0 0.004 0.001 -0.0044 -0.0048 11.78 
