%% logfile from robot Josefine (12)
% Josefine (12)
%  1    time 0.000 sec
%  2  3  4   (mission 0), state 2, thread 1, line 0
%  5  6 Motor voltage [V] left, right: 1.2 1.2
%  7  8 Motor current left, right [A]: 0.057 0.104
%  9 10 Wheel velocity [m/s] left, right: -0.0000 0.0000
% 11    Battery voltage [V]: 12.27
0.001 2 1 0 1.2 1.2 0.046 -0.040 -0.0000 0.0000 12.27 
0.002 2 1 0 1.2 1.2 0.069 0.057 -0.0000 0.0000 12.27 
0.003 2 1 0 1.2 1.2 0.152 0.027 -0.0000 0.0000 12.27 
0.004 2 1 0 1.2 1.2 0.196 0.054 -0.0000 0.0000 12.26 
0.005 2 1 0 1.2 1.2 0.223 0.044 -0.0000 0.0000 12.26 
0.006 2 1 0 1.2 1.2 0.245 -0.013 -0.0000 0.0000 12.26 
0.007 2 1 0 1.2 1.2 0.255 -0.014 -0.0000 0.0000 12.26 
0.008 2 1 0 1.2 1.2 0.237 -0.011 0.0000 0.0000 12.26 
0.009 2 1 0 1.2 1.2 0.229 0.018 0.0000 0.0000 12.26 
0.010 2 1 0 1.2 1.2 0.223 0.043 0.0000 0.0000 12.26 
0.011 2 1 0 1.2 1.2 0.216 0.023 0.0000 0.0000 12.27 
0.012 2 1 0 1.2 1.2 0.209 0.069 0.0000 0.0000 12.26 
0.013 2 1 0 1.2 1.2 0.210 0.054 0.0000 0.0000 12.26 
0.014 2 1 0 1.2 1.2 0.212 0.030 0.0000 0.0000 12.27 
0.015 2 1 0 1.2 1.2 0.211 0.001 0.0000 0.0000 12.27 
0.016 2 1 0 1.2 1.2 0.206 0.018 0.0538 0.0000 12.26 
0.017 2 1 0 1.2 1.2 0.201 0.082 0.0538 0.0000 12.26 
0.018 2 1 0 1.2 1.2 0.189 0.004 0.0538 0.0000 12.26 
0.019 2 1 0 1.2 1.2 0.177 0.022 0.0538 0.0000 12.27 
0.020 2 1 0 1.2 1.2 0.184 0.037 0.0538 0.0000 12.26 
0.021 2 1 0 1.2 1.2 0.171 0.036 0.0719 0.0000 12.27 
0.022 2 1 0 1.2 1.2 0.173 0.053 0.0719 0.0000 12.26 
0.023 2 1 0 1.2 1.2 0.171 0.034 0.0719 0.0000 12.26 
0.024 2 1 0 1.2 1.2 0.181 0.027 0.0719 0.0000 12.27 
0.025 2 1 0 1.2 1.2 0.184 0.000 0.1028 0.0000 12.26 
0.026 2 1 0 1.2 1.2 0.170 0.023 0.1028 0.0000 12.26 
0.027 2 1 0 1.2 1.2 0.164 0.047 0.1028 0.0000 12.27 
0.028 2 1 0 1.2 1.2 0.178 0.053 0.1028 0.0000 12.27 
0.029 2 1 0 1.2 1.2 0.159 0.042 0.1217 0.0000 12.26 
0.030 2 1 0 1.2 1.2 0.159 0.056 0.1217 0.0000 12.27 
0.031 2 1 0 1.2 1.2 0.314 -0.213 0.1345 0.0000 12.26 
0.032 2 1 0 1.2 1.2 0.326 -0.122 0.1345 0.0000 12.26 
0.033 2 1 0 1.2 1.2 0.181 0.016 0.1345 0.0000 12.26 
0.034 2 1 0 1.2 1.2 0.131 0.060 0.1366 0.0000 12.27 
0.035 2 1 0 1.2 1.2 0.139 0.042 0.1366 0.0000 12.27 
0.036 2 1 0 1.2 1.2 0.159 0.019 0.1366 0.0000 12.27 
0.037 2 1 0 1.2 1.2 0.158 -0.016 0.1619 0.0000 12.27 
0.038 2 1 0 1.2 1.2 0.175 0.014 0.1619 0.0000 12.26 
0.039 2 1 0 1.2 1.2 0.224 0.004 0.1643 0.0000 12.27 
0.040 2 1 0 1.2 1.2 0.197 0.044 0.1643 0.0000 12.27 
0.041 2 1 0 1.2 1.2 0.165 0.076 0.1643 0.0000 12.26 
0.042 2 1 0 1.2 1.2 0.149 0.070 0.1815 0.0000 12.26 
0.043 2 1 0 1.2 1.2 0.128 0.027 0.1815 0.0000 12.27 
0.044 2 1 0 1.2 1.2 0.136 -0.003 0.1699 0.0000 12.27 
0.045 2 1 0 1.2 1.2 0.156 0.023 0.1699 0.0000 12.26 
0.046 2 1 0 1.2 1.2 0.153 0.045 0.1940 0.0000 12.26 
0.047 2 1 0 1.2 1.2 0.151 0.015 0.1940 0.0000 12.26 
0.048 2 1 0 1.2 1.2 0.145 0.007 0.1928 0.0000 12.27 
0.049 2 1 0 1.2 1.2 0.124 0.070 0.1928 0.0000 12.26 
0.050 2 1 0 1.2 1.2 0.116 0.065 0.2068 0.0000 12.26 
0.051 2 1 0 1.2 1.2 0.104 0.093 0.2068 0.0000 12.27 
0.052 2 1 0 1.2 1.2 0.116 0.062 0.2133 0.0000 12.26 
0.053 2 1 0 1.2 1.2 0.151 0.042 0.2133 0.0000 12.26 
0.054 2 1 0 1.2 1.2 0.177 0.070 0.2217 0.0000 12.26 
0.055 2 1 0 1.2 1.2 0.177 0.031 0.2217 0.0000 12.27 
0.056 2 1 0 1.2 1.2 0.166 0.024 0.2193 0.0000 12.27 
0.057 2 1 0 1.2 1.2 0.127 -0.005 0.2333 0.0000 12.27 
0.058 2 1 0 1.2 1.2 0.109 0.046 0.2333 0.0000 12.27 
0.059 2 1 0 1.2 1.2 0.109 0.019 0.2293 0.0000 12.27 
0.060 2 1 0 1.2 1.2 0.097 0.021 0.2293 0.0000 12.27 
0.061 2 1 0 1.2 1.2 0.122 -0.015 0.2374 0.0000 12.26 
0.062 2 1 0 1.2 1.2 0.128 0.024 0.2229 0.0000 12.27 
0.063 2 1 0 1.2 1.2 0.111 0.018 0.2193 0.0000 12.26 
0.064 2 1 0 1.2 1.2 0.086 0.048 0.2462 0.0000 12.27 
0.065 2 1 0 1.2 1.2 0.100 0.046 0.2462 0.0000 12.26 
0.066 2 1 0 1.2 1.2 0.101 0.042 0.2374 0.0000 12.26 
0.067 2 1 0 1.2 1.2 0.109 0.051 0.2554 0.0000 12.27 
0.068 2 1 0 1.2 1.2 0.128 0.025 0.2554 0.0000 12.27 
0.069 2 1 0 1.2 1.2 0.129 0.021 0.2462 0.0000 12.27 
0.070 2 1 0 1.2 1.2 0.123 0.027 0.2462 0.0000 12.27 
0.071 2 1 0 1.2 1.2 0.097 0.053 0.2639 0.0000 12.27 
0.072 2 1 0 1.2 1.2 0.102 0.028 0.2494 0.0000 12.27 
0.073 2 1 0 1.2 1.2 0.102 0.024 0.2494 0.0000 12.27 
0.074 2 1 0 1.2 1.2 0.111 -0.022 0.2675 0.0000 12.27 
0.075 2 1 0 1.2 1.2 0.097 0.037 0.2538 0.0000 12.27 
0.076 2 1 0 1.2 1.2 0.072 0.069 0.2538 0.0000 12.26 
0.077 2 1 0 1.2 1.2 0.062 0.051 0.2711 0.0000 12.26 
0.078 2 1 0 1.2 1.2 0.088 0.050 0.2510 0.0000 12.27 
0.079 2 1 0 1.2 1.2 0.102 0.034 0.2510 0.0000 12.27 
0.080 2 1 0 1.2 1.2 0.095 0.047 0.2767 0.0000 12.27 
0.081 2 1 0 1.2 1.2 0.093 0.033 0.2731 0.0000 12.27 
0.082 2 1 0 1.2 1.2 0.083 0.019 0.2731 0.0000 12.27 
0.083 2 1 0 1.2 1.2 0.067 0.088 0.2807 0.0000 12.27 
0.084 2 1 0 1.2 1.2 0.054 0.058 0.2390 0.0000 12.27 
0.085 2 1 0 1.2 1.2 0.070 0.084 0.2390 0.0000 12.27 
0.086 2 1 0 1.2 1.2 0.088 0.031 0.2827 0.0000 12.27 
0.087 2 1 0 1.2 1.2 0.052 0.031 0.3064 0.0000 12.27 
0.088 2 1 0 1.2 1.2 0.035 0.041 0.2868 0.0000 12.27 
0.089 2 1 0 1.2 1.2 0.017 0.088 0.2848 0.0000 12.27 
0.090 2 1 0 1.2 1.2 0.025 0.046 0.2345 0.0000 12.27 
0.091 2 1 0 1.2 1.2 0.067 0.037 0.2345 0.0000 12.27 
0.092 2 1 0 1.2 1.2 0.063 0.054 0.2888 0.0000 12.26 
0.093 2 1 0 1.2 1.2 0.083 0.065 0.2767 0.0000 12.27 
0.094 2 1 0 1.2 1.2 0.115 0.034 0.2972 0.0000 12.28 
0.095 2 1 0 1.2 1.2 0.075 0.027 0.2972 0.0000 12.27 
0.096 2 1 0 1.2 1.2 0.049 0.049 0.2767 0.0000 12.27 
0.097 2 1 0 1.2 1.2 0.039 0.057 0.2952 0.0000 12.27 
0.098 2 1 0 1.2 1.2 0.048 0.011 0.2952 0.0000 12.27 
0.099 2 1 0 1.2 1.2 0.040 0.049 0.2827 0.0000 12.27 
0.100 2 1 0 1.2 1.2 0.042 0.057 0.2972 0.0000 12.27 
0.101 2 1 0 1.2 1.2 0.021 0.072 0.2807 0.0000 12.26 
0.102 2 1 0 1.2 1.2 0.040 0.037 0.2807 0.0000 12.27 
0.103 2 1 0 1.2 1.2 0.081 0.008 0.3040 0.0000 12.27 
0.104 2 1 0 1.2 1.2 0.079 0.075 0.2952 0.0000 12.27 
0.105 2 1 0 1.2 1.2 0.096 0.033 0.3088 0.0000 12.27 
0.106 2 1 0 1.2 1.2 0.058 0.057 0.3088 0.0000 12.27 
0.107 2 1 0 1.2 1.2 0.067 0.050 0.2675 0.0000 12.27 
0.108 2 1 0 1.2 1.2 0.044 0.069 0.3040 0.0000 12.27 
0.109 2 1 0 1.2 1.2 0.021 0.035 0.3040 0.0000 12.27 
0.110 2 1 0 1.2 1.2 0.029 0.027 0.3113 0.0000 12.27 
0.111 2 1 0 1.2 1.2 0.012 0.090 0.3040 0.0000 12.27 
0.112 2 1 0 1.2 1.2 0.044 0.085 0.2787 0.0000 12.27 
0.113 2 1 0 1.2 1.2 0.059 0.091 0.2787 0.0000 12.27 
0.114 2 1 0 1.2 1.2 0.071 0.080 0.3088 0.0000 12.27 
0.115 2 1 0 1.2 1.2 0.069 0.057 0.2928 0.0000 12.27 
0.116 2 1 0 1.2 1.2 0.057 0.038 0.3113 0.0000 12.27 
0.117 2 1 0 1.2 1.2 0.036 0.064 0.3113 0.0000 12.27 
0.118 2 1 0 1.2 1.2 0.059 0.005 0.2807 0.0000 12.27 
0.119 2 1 0 1.2 1.2 0.052 0.015 0.3137 0.0000 12.26 
0.120 2 1 0 1.2 1.2 0.054 0.009 0.2972 0.0000 12.26 
0.121 2 1 0 1.2 1.2 0.046 0.030 0.2972 0.0000 12.26 
0.122 2 1 0 1.2 1.2 0.025 0.061 0.3137 0.0000 12.26 
0.123 2 1 0 1.2 1.2 0.025 0.070 0.3137 0.0000 12.27 
0.124 2 1 0 1.2 1.2 0.066 0.036 0.3161 0.0000 12.27 
0.125 2 1 0 1.2 1.2 0.080 0.061 0.3040 0.0000 12.27 
0.126 2 1 0 1.2 1.2 0.090 0.034 0.3040 0.0000 12.27 
0.127 2 1 0 1.2 1.2 0.056 0.026 0.3213 0.0000 12.27 
0.128 2 1 0 1.2 1.2 0.069 0.051 0.3113 0.0000 12.27 
0.129 2 1 0 1.2 1.2 0.040 0.048 0.3185 0.0000 12.27 
0.130 2 1 0 1.2 1.2 0.029 0.039 0.3185 0.0000 12.27 
0.131 2 1 0 1.2 1.2 0.019 0.015 0.2908 0.0000 12.27 
0.132 2 1 0 1.2 1.2 0.035 0.070 0.3213 0.0000 12.27 
0.133 2 1 0 1.2 1.2 0.189 -0.043 0.3016 0.0000 12.26 
0.134 2 1 0 1.2 1.2 0.249 -0.095 0.3265 0.0000 12.26 
0.135 2 1 0 1.2 1.2 0.115 -0.002 0.3265 0.0000 12.26 
0.136 2 1 0 1.2 1.2 0.075 0.031 0.3064 0.0000 12.26 
0.137 2 1 0 1.2 1.2 0.052 0.046 0.3265 0.0000 12.26 
0.138 2 1 0 1.2 1.2 0.025 0.057 0.3040 0.0000 12.27 
0.139 2 1 0 1.2 1.2 0.046 0.026 0.3040 0.0000 12.27 
0.140 2 1 0 1.2 1.2 0.041 0.048 0.3265 0.0000 12.27 
0.141 2 1 0 1.2 1.2 0.028 0.045 0.3088 0.0000 12.26 
0.142 2 1 0 1.2 1.2 0.021 0.020 0.3237 0.0000 12.27 
0.143 2 1 0 1.2 1.2 0.007 0.062 0.2996 0.0000 12.27 
0.144 2 1 0 1.2 1.2 0.059 0.063 0.2996 0.0000 12.26 
0.145 2 1 0 1.2 1.2 0.074 0.047 0.3265 0.0000 12.27 
0.146 2 1 0 1.2 1.2 0.068 0.082 0.3185 0.0000 12.27 
0.147 2 1 0 1.2 1.2 0.072 0.013 0.3289 0.0000 12.27 
0.148 2 1 0 1.2 1.2 0.061 0.095 0.2888 0.0000 12.27 
0.149 2 1 0 1.2 1.2 0.034 0.062 0.2767 0.0000 12.26 
0.150 2 1 0 1.2 1.2 0.059 0.026 0.3289 0.0000 12.27 
0.151 2 1 0 1.2 1.2 0.029 0.023 0.3522 0.0000 12.27 
0.152 2 1 0 1.2 1.2 0.016 0.040 0.3265 0.0000 12.26 
0.153 2 1 0 1.2 1.2 0.002 0.038 0.2972 0.0000 12.27 
0.154 2 1 0 1.2 1.2 0.003 0.046 0.2675 0.0000 12.26 
0.155 2 1 0 1.2 1.2 0.017 0.003 0.3265 0.0000 12.26 
0.156 2 1 0 1.2 1.2 0.046 0.042 0.3137 0.0000 12.26 
0.157 2 1 0 1.2 1.2 0.044 0.084 0.3289 0.0000 12.27 
0.158 2 1 0 1.2 1.2 0.043 0.074 0.3289 0.0000 12.27 
0.159 2 1 0 1.2 1.2 0.024 0.078 0.3088 0.0000 12.27 
0.160 2 1 0 1.2 1.2 0.018 0.057 0.3317 0.0000 12.27 
0.161 2 1 0 1.2 1.2 0.057 0.054 0.3113 0.0000 12.27 
0.162 2 1 0 1.2 1.2 0.022 0.021 0.3289 0.0000 12.26 
0.163 2 1 0 1.2 1.2 0.006 0.066 0.3289 0.0000 12.27 
0.164 2 1 0 1.2 1.2 0.025 0.068 0.3088 0.0000 12.27 
0.165 2 1 0 1.2 1.2 0.059 0.031 0.3317 0.0000 12.27 
0.166 2 1 0 1.2 1.2 0.077 0.045 0.3237 0.0000 12.27 
0.167 2 1 0 1.2 1.2 0.056 0.046 0.3346 0.0000 12.27 
0.168 2 1 0 1.2 1.2 0.023 0.058 0.3346 0.0000 12.27 
0.169 2 1 0 1.2 1.2 0.044 0.088 0.2908 0.0000 12.27 
0.170 2 1 0 1.2 1.2 0.014 0.078 0.3289 0.0000 12.27 
0.171 2 1 0 1.2 1.2 0.032 0.039 0.3374 0.0000 12.27 
0.172 2 1 0 1.2 1.2 0.025 0.053 0.3289 0.0000 12.27 
0.173 2 1 0 1.2 1.2 -0.002 0.034 0.3289 0.0000 12.27 
0.174 2 1 0 1.2 1.2 0.003 0.065 0.3016 0.0000 12.27 
0.175 2 1 0 1.2 1.2 0.054 0.025 0.3289 0.0000 12.27 
0.176 2 1 0 1.2 1.2 0.098 0.050 0.3137 0.0000 12.27 
0.177 2 1 0 1.2 1.2 0.069 0.097 0.3317 0.0000 12.27 
0.178 2 1 0 1.2 1.2 0.034 0.059 0.3317 0.0000 12.26 
0.179 2 1 0 1.2 1.2 0.025 0.061 0.2996 0.0000 12.27 
0.180 2 1 0 1.2 1.2 0.049 0.040 0.3289 0.0000 12.28 
0.181 2 1 0 1.2 1.2 0.033 0.061 0.3185 0.0000 12.27 
0.182 2 1 0 1.2 1.2 0.027 0.053 0.3289 0.0000 12.26 
0.183 2 1 0 1.2 1.2 0.006 0.061 0.3289 0.0000 12.26 
0.184 2 1 0 1.2 1.2 0.011 0.072 0.3317 0.0000 12.26 
0.185 2 1 0 1.2 1.2 0.036 0.121 0.3317 0.0000 12.27 
0.186 2 1 0 1.2 1.2 0.066 0.035 0.3185 0.0000 12.27 
0.187 2 1 0 1.2 1.2 0.102 0.053 0.3374 0.0000 12.27 
0.188 2 1 0 1.2 1.2 0.054 0.073 0.3374 0.0000 12.27 
0.189 2 1 0 1.2 1.2 0.034 0.069 0.3265 0.0000 12.27 
0.190 2 1 0 1.2 1.2 0.030 0.040 0.3317 0.0000 12.27 
0.191 2 1 0 1.2 1.2 0.051 0.068 0.3040 0.0000 12.27 
0.192 2 1 0 1.2 1.2 0.012 0.074 0.3346 0.0000 12.27 
0.193 2 1 0 1.2 1.2 0.003 0.058 0.3265 0.0000 12.27 
0.194 2 1 0 1.2 1.2 0.013 0.040 0.3161 0.0000 12.27 
0.195 2 1 0 1.2 1.2 0.036 0.102 0.3374 0.0000 12.27 
0.196 2 1 0 1.2 1.2 0.047 0.044 0.3185 0.0000 12.27 
0.197 2 1 0 1.2 1.2 0.050 0.041 0.3402 0.0000 12.26 
0.198 2 1 0 1.2 1.2 0.026 0.027 0.3161 0.0000 12.27 
0.199 2 1 0 1.2 1.2 0.022 0.049 0.3161 0.0000 12.27 
0.200 2 1 0 1.2 1.2 0.026 0.051 0.3402 0.0000 12.27 
0.201 2 1 1 4.0 4.0 0.017 0.037 0.3185 0.0000 12.27 
0.202 2 1 1 4.0 4.0 0.144 0.206 0.3374 0.0000 12.24 
0.203 2 1 1 4.0 4.0 0.374 0.646 0.3185 0.0000 12.20 
0.204 2 1 1 4.0 4.0 0.625 0.928 0.3683 0.0000 12.18 
0.205 2 1 1 4.0 4.0 0.687 1.025 0.3787 0.0000 12.19 
0.206 2 1 1 4.0 4.0 0.760 0.989 0.3976 0.0000 12.18 
0.207 2 1 1 4.0 4.0 0.744 0.945 0.3823 0.0000 12.18 
0.208 2 1 1 4.0 4.0 0.747 0.947 0.4137 0.0000 12.18 
0.209 2 1 1 4.0 4.0 0.685 0.954 0.4615 0.0000 12.18 
0.210 2 1 1 4.0 4.0 0.652 0.980 0.4836 0.2048 12.18 
0.211 2 1 1 4.0 4.0 0.610 0.882 0.4615 0.2048 12.19 
0.212 2 1 1 4.0 4.0 0.657 0.891 0.5213 0.2848 12.19 
0.213 2 1 1 4.0 4.0 0.710 0.795 0.5498 0.3787 12.18 
0.214 2 1 1 4.0 4.0 0.611 0.738 0.5820 0.2848 12.19 
0.215 2 1 1 4.0 4.0 0.585 0.757 0.5820 0.3715 12.20 
0.216 2 1 1 4.0 4.0 0.555 0.806 0.6085 0.3896 12.19 
0.217 2 1 1 4.0 4.0 0.548 0.779 0.6374 0.4510 12.20 
0.218 2 1 1 4.0 4.0 0.570 0.702 0.6583 0.3787 12.20 
0.219 2 1 1 4.0 4.0 0.534 0.686 0.6273 0.4137 12.20 
0.220 2 1 1 4.0 4.0 0.499 0.605 0.6924 0.5149 12.20 
0.221 2 1 1 4.0 4.0 0.480 0.641 0.6804 0.4836 12.20 
0.222 2 1 1 4.0 4.0 0.519 0.590 0.7044 0.5020 12.20 
0.223 2 1 1 4.0 4.0 0.555 0.729 0.7044 0.5904 12.21 
0.224 2 1 1 4.0 4.0 0.516 0.600 0.7302 0.5354 12.22 
0.225 2 1 1 4.0 4.0 0.459 0.539 0.7575 0.5575 12.22 
0.226 2 1 1 4.0 4.0 0.462 0.497 0.7872 0.6374 12.22 
0.227 2 1 1 4.0 4.0 0.436 0.538 0.7872 0.5992 12.22 
0.228 2 1 1 4.0 4.0 0.424 0.533 0.8032 0.5992 12.21 
0.229 2 1 1 4.0 4.0 0.414 0.566 0.7872 0.6273 12.22 
0.230 2 1 1 4.0 4.0 0.416 0.494 0.8193 0.6374 12.22 
0.231 2 1 1 4.0 4.0 0.447 0.385 0.8193 0.7044 12.22 
0.232 2 1 1 4.0 4.0 0.404 0.464 0.8366 0.6474 12.22 
0.233 2 1 1 4.0 4.0 0.378 0.485 0.8366 0.7169 12.22 
0.234 2 1 1 4.0 4.0 0.413 0.423 0.8543 0.6691 12.22 
0.235 2 1 1 4.0 4.0 0.395 0.399 0.8193 0.6804 12.22 
0.236 2 1 1 4.0 4.0 0.505 0.365 0.8727 0.7169 12.21 
0.237 2 1 1 4.0 4.0 0.590 0.253 0.8193 0.6583 12.22 
0.238 2 1 1 4.0 4.0 0.436 0.335 0.8727 0.6804 12.22 
0.239 2 1 1 4.0 4.0 0.379 0.389 0.8924 0.7169 12.22 
0.240 2 1 1 4.0 4.0 0.327 0.350 0.9338 0.8032 12.23 
0.241 2 1 1 4.0 4.0 0.342 0.321 0.9559 0.7723 12.22 
0.242 2 1 1 4.0 4.0 0.377 0.468 0.9559 0.8193 12.22 
0.243 2 1 1 4.0 4.0 0.325 0.345 0.9796 0.7434 12.23 
0.244 2 1 1 4.0 4.0 0.309 0.391 0.9796 0.8193 12.23 
0.245 2 1 1 4.0 4.0 0.312 0.377 0.9796 0.7723 12.23 
0.246 2 1 1 4.0 4.0 0.293 0.301 0.9796 0.8366 12.23 
0.247 2 1 1 4.0 4.0 0.293 0.302 1.0041 0.7872 12.23 
0.248 2 1 1 4.0 4.0 0.314 0.229 1.0041 0.7723 12.23 
0.249 2 1 1 4.0 4.0 0.333 0.255 1.0041 0.8366 12.23 
0.250 2 1 1 4.0 4.0 0.295 0.340 0.9796 0.8193 12.22 
0.251 2 1 1 4.0 4.0 0.248 0.264 1.0041 0.8193 12.23 
0.252 2 1 1 4.0 4.0 0.295 0.240 1.0298 0.8366 12.23 
0.253 2 1 1 4.0 4.0 0.248 0.222 1.0298 0.8543 12.23 
0.254 2 1 1 4.0 4.0 0.262 0.283 1.0298 0.8366 12.24 
0.255 2 1 1 4.0 4.0 0.272 0.297 1.0298 0.9338 12.23 
0.256 2 1 1 4.0 4.0 0.285 0.277 1.0298 0.8543 12.23 
0.257 2 1 1 4.0 4.0 0.234 0.378 1.0041 0.9338 12.23 
0.258 2 1 1 4.0 4.0 0.266 0.287 1.0298 0.8727 12.23 
0.259 2 1 1 4.0 4.0 0.268 0.217 1.0567 0.9338 12.24 
0.260 2 1 1 4.0 4.0 0.205 0.294 1.0567 0.8366 12.24 
0.261 2 1 1 4.0 4.0 0.239 0.230 1.0567 0.8543 12.24 
0.262 2 1 1 4.0 4.0 0.263 0.221 1.0852 0.9559 12.24 
0.263 2 1 1 4.0 4.0 0.205 0.263 1.0852 0.9338 12.24 
0.264 2 1 1 4.0 4.0 0.223 0.289 1.1153 0.9796 12.23 
0.265 2 1 1 4.0 4.0 0.243 0.342 1.1153 0.8727 12.23 
0.266 2 1 1 4.0 4.0 0.206 0.181 1.1153 0.8727 12.24 
0.267 2 1 1 4.0 4.0 0.225 0.228 1.1153 0.9125 12.23 
0.268 2 1 1 4.0 4.0 0.242 0.291 1.1153 0.9125 12.23 
0.269 2 1 1 4.0 4.0 0.228 0.186 1.1153 1.0041 12.24 
0.270 2 1 1 4.0 4.0 0.220 0.147 1.1474 0.9796 12.24 
0.271 2 1 1 4.0 4.0 0.241 0.295 1.1474 0.9796 12.24 
0.272 2 1 1 4.0 4.0 0.179 0.226 1.1474 0.9796 12.24 
0.273 2 1 1 4.0 4.0 0.236 0.163 1.1474 1.0041 12.24 
0.274 2 1 1 4.0 4.0 0.228 0.179 1.1153 1.0567 12.24 
0.275 2 1 1 4.0 4.0 0.157 0.211 1.0852 1.0041 12.24 
0.276 2 1 1 4.0 4.0 0.223 0.140 1.1474 1.0041 12.24 
0.277 2 1 1 4.0 4.0 0.192 0.177 1.1474 1.0852 12.24 
0.278 2 1 1 4.0 4.0 0.157 0.172 1.1474 1.0298 12.23 
0.279 2 1 1 4.0 4.0 0.219 0.174 1.1812 1.0567 12.23 
0.280 2 1 1 4.0 4.0 0.185 0.142 1.1812 1.0041 12.24 
0.281 2 1 1 4.0 4.0 0.155 0.148 1.1812 1.0298 12.24 
0.282 2 1 1 4.0 4.0 0.179 0.135 1.1474 1.1153 12.24 
0.283 2 1 1 4.0 4.0 0.177 0.133 1.1812 1.0852 12.24 
0.284 2 1 1 4.0 4.0 0.180 0.213 1.1812 1.0567 12.24 
0.285 2 1 1 4.0 4.0 0.204 0.133 1.1812 1.1474 12.24 
0.286 2 1 1 4.0 4.0 0.164 0.203 1.1812 1.0567 12.24 
0.287 2 1 1 4.0 4.0 0.201 0.210 1.1812 1.0567 12.24 
0.288 2 1 1 4.0 4.0 0.173 0.185 1.2169 1.1153 12.25 
0.289 2 1 1 4.0 4.0 0.158 0.156 1.2169 1.0852 12.24 
0.290 2 1 1 4.0 4.0 0.215 0.174 1.2169 1.0852 12.24 
0.291 2 1 1 4.0 4.0 0.177 0.156 1.2551 1.1153 12.24 
0.292 2 1 1 4.0 4.0 0.153 0.107 1.1812 1.0852 12.25 
0.293 2 1 1 4.0 4.0 0.188 0.189 1.2169 1.0852 12.24 
0.294 2 1 1 4.0 4.0 0.158 0.142 1.2169 1.1474 12.24 
0.295 2 1 1 4.0 4.0 0.181 0.141 1.2169 1.0852 12.24 
0.296 2 1 1 4.0 4.0 0.220 0.118 1.1812 1.1153 12.24 
0.297 2 1 1 4.0 4.0 0.150 0.143 1.2169 1.1474 12.24 
0.298 2 1 1 4.0 4.0 0.157 0.147 1.2169 1.1153 12.25 
0.299 2 1 1 4.0 4.0 0.170 0.108 1.2169 1.0852 12.24 
0.300 2 1 1 4.0 4.0 0.117 0.158 1.2551 1.1474 12.25 
0.301 2 1 1 4.0 4.0 0.178 0.148 1.2551 1.1153 12.24 
0.302 2 1 1 4.0 4.0 0.149 0.086 1.2169 1.0852 12.25 
0.303 2 1 1 4.0 4.0 0.115 0.042 1.2169 1.1812 12.25 
0.304 2 1 1 4.0 4.0 0.171 0.122 1.2551 1.1153 12.25 
0.305 2 1 1 4.0 4.0 0.137 0.178 1.2551 1.1153 12.25 
0.306 2 1 1 4.0 4.0 0.192 0.194 1.2551 1.1812 12.24 
0.307 2 1 1 4.0 4.0 0.202 0.100 1.2551 1.1153 12.24 
0.308 2 1 1 4.0 4.0 0.138 0.147 1.2551 1.1153 12.25 
0.309 2 1 1 4.0 4.0 0.162 0.205 1.2952 1.1474 12.24 
0.310 2 1 1 4.0 4.0 0.148 0.048 1.2952 1.1153 12.24 
0.311 2 1 1 4.0 4.0 0.133 0.125 1.2952 1.1153 12.24 
0.312 2 1 1 4.0 4.0 0.163 0.107 1.2551 1.0852 12.24 
0.313 2 1 1 4.0 4.0 0.104 0.126 1.2952 1.1153 12.25 
0.314 2 1 1 4.0 4.0 0.126 0.152 1.2952 1.1474 12.24 
0.315 2 1 1 4.0 4.0 0.139 0.124 1.2952 1.1812 12.25 
0.316 2 1 1 4.0 4.0 0.115 0.082 1.2952 1.1153 12.25 
0.317 2 1 1 4.0 4.0 0.161 0.144 1.2952 1.1474 12.24 
0.318 2 1 1 4.0 4.0 0.130 0.120 1.2952 1.1812 12.24 
0.319 2 1 1 4.0 4.0 0.107 0.077 1.2952 1.2551 12.24 
0.320 2 1 1 4.0 4.0 0.108 0.118 1.2952 1.1474 12.25 
0.321 2 1 1 4.0 4.0 0.082 0.114 1.2952 1.1474 12.25 
0.322 2 1 1 4.0 4.0 0.170 0.158 1.2952 1.2169 12.25 
0.323 2 1 1 4.0 4.0 0.128 0.124 1.2952 1.1474 12.25 
0.324 2 1 1 4.0 4.0 0.102 0.119 1.2952 1.1812 12.25 
0.325 2 1 1 4.0 4.0 0.147 0.148 1.2952 1.1812 12.24 
0.326 2 1 1 4.0 4.0 0.108 0.148 1.2169 1.1474 12.25 
0.327 2 1 1 4.0 4.0 0.141 0.087 1.2952 1.1812 12.25 
0.328 2 1 1 4.0 4.0 0.139 0.028 1.2952 1.1812 12.25 
0.329 2 1 1 4.0 4.0 0.081 0.060 1.2952 1.2551 12.25 
0.330 2 1 1 4.0 4.0 0.100 0.080 1.2551 1.1812 12.25 
0.331 2 1 1 4.0 4.0 0.109 0.089 1.2952 1.1812 12.25 
0.332 2 1 1 4.0 4.0 0.139 0.134 1.2952 1.2169 12.25 
0.333 2 1 1 4.0 4.0 0.130 0.066 1.2952 1.1153 12.25 
0.334 2 1 1 4.0 4.0 0.084 0.108 1.2952 1.1474 12.25 
0.335 2 1 1 4.0 4.0 0.118 0.145 1.2952 1.1812 12.24 
0.336 2 1 1 4.0 4.0 0.081 0.122 1.2952 1.2551 12.25 
0.337 2 1 1 4.0 4.0 0.123 0.103 1.3386 1.1474 12.24 
0.338 2 1 1 4.0 4.0 0.276 0.051 1.3386 1.1812 12.24 
0.339 2 1 1 4.0 4.0 0.349 -0.122 1.2952 1.2551 12.25 
0.340 2 1 1 4.0 4.0 0.183 0.156 1.2952 1.1812 12.24 
0.341 2 1 1 4.0 4.0 0.113 0.029 1.2952 1.1812 12.25 
0.342 2 1 1 4.0 4.0 0.110 0.042 1.3386 1.1812 12.24 
0.343 2 1 1 4.0 4.0 0.135 0.087 1.2952 1.2169 12.24 
0.344 2 1 1 4.0 4.0 0.094 0.087 1.2952 1.1812 12.26 
0.345 2 1 1 4.0 4.0 0.094 0.107 1.3386 1.1812 12.25 
0.346 2 1 1 4.0 4.0 0.097 0.213 1.3386 1.2551 12.25 
0.347 2 1 1 4.0 4.0 0.067 0.063 1.3386 1.1812 12.25 
0.348 2 1 1 4.0 4.0 0.101 0.131 1.3386 1.2169 12.24 
0.349 2 1 1 4.0 4.0 0.091 0.101 1.3386 1.2169 12.25 
0.350 2 1 1 4.0 4.0 0.095 0.064 1.3386 1.2169 12.25 
0.351 2 1 1 4.0 4.0 0.111 0.199 1.3386 1.1812 12.25 
0.352 2 1 1 4.0 4.0 0.084 0.077 1.3386 1.2169 12.25 
0.353 2 1 1 4.0 4.0 0.148 0.091 1.2952 1.2169 12.25 
0.354 2 1 1 4.0 4.0 0.112 0.076 1.2952 1.2169 12.25 
0.355 2 1 1 4.0 4.0 0.119 0.055 1.3386 1.2169 12.25 
0.356 2 1 1 4.0 4.0 0.104 0.039 1.3386 1.2169 12.25 
0.357 2 1 1 4.0 4.0 0.078 0.091 1.3386 1.2952 12.25 
0.358 2 1 1 4.0 4.0 0.122 0.003 1.2952 1.2169 12.24 
0.359 2 1 1 4.0 4.0 0.092 0.102 1.2551 1.2169 12.24 
0.360 2 1 1 4.0 4.0 0.115 0.091 1.3386 1.0852 12.25 
0.361 2 1 1 4.0 4.0 0.091 0.092 1.3386 1.2952 12.25 
0.362 2 1 1 4.0 4.0 0.090 0.046 1.3386 1.2169 12.25 
0.363 2 1 1 4.0 4.0 0.114 0.172 1.3386 1.2169 12.25 
0.364 2 1 1 4.0 4.0 0.083 0.052 1.2952 1.2952 12.25 
0.365 2 1 1 4.0 4.0 0.110 0.043 1.2952 1.2169 12.24 
0.366 2 1 1 4.0 4.0 0.100 0.099 1.3386 1.2551 12.24 
0.367 2 1 1 4.0 4.0 0.106 0.148 1.3386 1.1812 12.25 
0.368 2 1 1 4.0 4.0 0.134 0.078 1.2952 1.2551 12.24 
0.369 2 1 1 4.0 4.0 0.086 0.009 1.2952 1.2169 12.25 
0.370 2 1 1 4.0 4.0 0.109 0.066 1.3386 1.1812 12.25 
0.371 2 1 1 4.0 4.0 0.112 0.081 1.3386 1.1474 12.25 
0.372 2 1 1 4.0 4.0 0.086 0.066 1.3386 1.2169 12.25 
0.373 2 1 1 4.0 4.0 0.154 0.064 1.2952 1.2169 12.25 
0.374 2 1 1 4.0 4.0 0.097 0.110 1.3386 1.2169 12.25 
0.375 2 1 1 4.0 4.0 0.106 0.042 1.3386 1.2952 12.25 
0.376 2 1 1 4.0 4.0 0.106 0.081 1.3386 1.1812 12.25 
0.377 2 1 1 4.0 4.0 0.094 0.082 1.3386 1.2169 12.25 
0.378 2 1 1 4.0 4.0 0.116 0.055 1.3386 1.2169 12.25 
0.379 2 1 1 4.0 4.0 0.085 0.060 1.3386 1.2952 12.25 
0.380 2 1 1 4.0 4.0 0.105 0.045 1.3386 1.1812 12.25 
0.381 2 1 1 4.0 4.0 0.099 0.077 1.3386 1.1812 12.25 
0.382 2 1 1 4.0 4.0 0.110 0.091 1.3386 1.1474 12.25 
0.383 2 1 1 4.0 4.0 0.131 0.053 1.2952 1.1812 12.25 
0.384 2 1 1 4.0 4.0 0.096 0.209 1.2551 1.2169 12.25 
0.385 2 1 1 4.0 4.0 0.109 0.087 1.3386 1.2551 12.25 
0.386 2 1 1 4.0 4.0 0.086 0.113 1.3386 1.3386 12.25 
0.387 2 1 1 4.0 4.0 0.098 0.079 1.3386 1.2551 12.25 
0.388 2 1 1 4.0 4.0 0.139 0.008 1.2952 1.2169 12.25 
0.389 2 1 1 4.0 4.0 0.108 0.126 1.2952 1.2169 12.25 
0.390 2 1 1 4.0 4.0 0.090 0.083 1.3386 1.2952 12.25 
0.391 2 1 1 4.0 4.0 0.090 0.065 1.3386 1.2551 12.25 
0.392 2 1 1 4.0 4.0 0.093 0.129 1.3386 1.2169 12.25 
0.393 2 1 1 4.0 4.0 0.117 0.080 1.3386 1.0852 12.25 
0.394 2 1 1 4.0 4.0 0.088 0.129 1.3386 1.2952 12.25 
0.395 2 1 1 4.0 4.0 0.086 0.053 1.3386 1.2169 12.25 
0.396 2 1 1 4.0 4.0 0.090 0.042 1.3386 1.2169 12.26 
0.397 2 1 1 4.0 4.0 0.078 0.112 1.3386 1.2952 12.25 
0.398 2 1 1 4.0 4.0 0.091 0.084 1.2952 1.2169 12.25 
0.399 2 1 1 4.0 4.0 0.055 0.080 1.2952 1.2551 12.25 
0.400 2 1 1 4.0 4.0 0.073 0.061 1.3386 1.1812 12.25 
0.401 2 1 1 4.0 4.0 0.080 0.103 1.3386 1.2551 12.25 
0.402 2 1 1 4.0 4.0 0.066 0.072 1.3386 1.2169 12.25 
0.403 2 1 1 4.0 4.0 0.116 0.122 1.3386 1.1812 12.25 
0.404 2 1 1 4.0 4.0 0.068 0.069 1.3386 1.2169 12.25 
0.405 2 1 1 4.0 4.0 0.105 0.158 1.3386 1.2952 12.24 
0.406 2 1 1 4.0 4.0 0.075 0.133 1.3386 1.2169 12.25 
0.407 2 1 1 4.0 4.0 0.100 0.030 1.3848 1.2169 12.25 
0.408 2 1 1 4.0 4.0 0.123 0.100 1.3848 1.1474 12.25 
0.409 2 1 1 4.0 4.0 0.078 0.133 1.3848 1.1812 12.25 
0.410 2 1 1 4.0 4.0 0.085 0.097 1.3848 1.2169 12.24 
0.411 2 1 1 4.0 4.0 0.086 0.055 1.3848 1.2169 12.25 
0.412 2 1 1 4.0 4.0 0.081 0.048 1.3848 1.2952 12.25 
0.413 2 1 1 4.0 4.0 0.107 0.092 1.3386 1.2169 12.25 
0.414 2 1 1 4.0 4.0 0.048 0.146 1.3386 1.2551 12.25 
0.415 2 1 1 4.0 4.0 0.075 0.106 1.3386 1.2551 12.25 
0.416 2 1 1 4.0 4.0 0.071 0.171 1.3386 1.2551 12.26 
0.417 2 1 1 4.0 4.0 0.086 0.095 1.3386 1.2169 12.25 
0.418 2 1 1 4.0 4.0 0.117 0.053 1.3386 1.2551 12.25 
0.419 2 1 1 4.0 4.0 0.062 0.145 1.3386 1.0041 12.25 
0.420 2 1 1 4.0 4.0 0.074 0.048 1.3386 1.2952 12.24 
0.421 2 1 1 4.0 4.0 0.066 0.133 1.3848 1.2169 12.25 
0.422 2 1 1 4.0 4.0 0.060 0.125 1.3848 1.2169 12.25 
0.423 2 1 1 4.0 4.0 0.096 0.030 1.3848 1.2952 12.26 
0.424 2 1 1 4.0 4.0 0.061 0.067 1.3386 1.2551 12.25 
0.425 2 1 1 4.0 4.0 0.102 0.103 1.3386 1.2169 12.24 
0.426 2 1 1 4.0 4.0 0.076 0.015 1.3386 1.2169 12.25 
0.427 2 1 1 4.0 4.0 0.118 0.153 1.3848 1.2952 12.25 
0.428 2 1 1 4.0 4.0 0.113 0.084 1.3848 1.2169 12.25 
0.429 2 1 1 4.0 4.0 0.060 0.042 1.3386 1.2169 12.25 
0.430 2 1 1 4.0 4.0 0.091 0.150 1.3848 1.2551 12.25 
0.431 2 1 1 4.0 4.0 0.050 0.122 1.3848 1.2952 12.25 
0.432 2 1 1 4.0 4.0 0.107 0.119 1.3848 1.0852 12.25 
0.433 2 1 1 4.0 4.0 0.112 0.097 1.3386 1.1812 12.25 
0.434 2 1 1 4.0 4.0 0.061 0.080 1.3386 1.2551 12.25 
0.435 2 1 1 4.0 4.0 0.085 0.129 1.3386 1.2169 12.25 
0.436 2 1 1 4.0 4.0 0.060 0.134 1.3386 1.1812 12.25 
0.437 2 1 1 4.0 4.0 0.080 0.092 1.3848 1.2169 12.25 
0.438 2 1 1 4.0 4.0 0.078 0.035 1.3386 1.2952 12.24 
0.439 2 1 1 4.0 4.0 0.074 0.081 1.3386 1.2169 12.25 
0.440 2 1 1 4.0 4.0 0.223 0.070 1.3848 1.2169 12.25 
0.441 2 1 1 4.0 4.0 0.288 -0.319 1.3848 1.2169 12.24 
0.442 2 1 1 4.0 4.0 0.179 -0.002 1.3848 1.2551 12.25 
0.443 2 1 1 4.0 4.0 0.101 0.058 1.4342 1.2169 12.25 
0.444 2 1 1 4.0 4.0 0.057 0.086 1.2952 1.2169 12.26 
0.445 2 1 1 4.0 4.0 0.094 0.075 1.3848 1.0041 12.25 
0.446 2 1 1 4.0 4.0 0.063 0.089 1.3848 1.2952 12.25 
0.447 2 1 1 4.0 4.0 0.145 0.105 1.3848 1.2169 12.25 
0.448 2 1 1 4.0 4.0 0.101 0.085 1.3848 1.2551 12.26 
0.449 2 1 1 4.0 4.0 0.071 0.128 1.3848 1.2551 12.24 
0.450 2 1 1 4.0 4.0 0.083 0.053 1.3848 1.2169 12.25 
0.451 2 1 1 4.0 4.0 0.067 0.012 1.3848 1.2169 12.25 
0.452 2 1 1 4.0 4.0 0.120 0.071 1.3848 1.1812 12.25 
0.453 2 1 1 4.0 4.0 0.078 0.078 1.3848 1.2952 12.25 
0.454 2 1 1 4.0 4.0 0.056 0.061 1.3848 1.2169 12.25 
0.455 2 1 1 4.0 4.0 0.082 0.121 1.3848 1.2169 12.25 
0.456 2 1 1 4.0 4.0 0.094 0.164 1.3848 1.2169 12.25 
0.457 2 1 1 4.0 4.0 0.117 0.088 1.3386 1.2952 12.24 
0.458 2 1 1 4.0 4.0 0.087 0.152 1.4342 1.2169 12.25 
0.459 2 1 1 4.0 4.0 0.070 0.084 1.3386 1.2169 12.25 
0.460 2 1 1 4.0 4.0 0.072 0.101 1.3386 1.1812 12.25 
0.461 2 1 1 4.0 4.0 0.055 0.190 1.3848 1.2169 12.24 
0.462 2 1 1 4.0 4.0 0.125 0.084 1.3386 1.2169 12.25 
0.463 2 1 1 4.0 4.0 0.107 0.132 1.3848 1.2551 12.25 
0.464 2 1 1 4.0 4.0 0.092 0.052 1.3848 1.2952 12.25 
0.465 2 1 1 4.0 4.0 0.087 0.055 1.3848 1.1812 12.25 
0.466 2 1 1 4.0 4.0 0.085 0.133 1.3848 1.2169 12.25 
0.467 2 1 1 4.0 4.0 0.099 0.097 1.3848 1.2551 12.25 
0.468 2 1 1 4.0 4.0 0.055 0.171 1.3848 1.2952 12.25 
0.469 2 1 1 4.0 4.0 0.087 0.090 1.3848 1.2169 12.24 
0.470 2 1 1 4.0 4.0 0.084 0.098 1.3848 1.2169 12.25 
0.471 2 1 1 4.0 4.0 0.082 0.048 1.3848 1.0298 12.25 
0.472 2 1 1 4.0 4.0 0.129 0.057 1.3386 1.2952 12.25 
0.473 2 1 1 4.0 4.0 0.090 0.035 1.3386 1.2169 12.25 
0.474 2 1 1 4.0 4.0 0.093 0.076 1.3848 1.2169 12.25 
0.475 2 1 1 4.0 4.0 0.075 0.111 1.3848 1.2551 12.25 
0.476 2 1 1 4.0 4.0 0.079 0.023 1.3848 1.2169 12.25 
0.477 2 1 1 4.0 4.0 0.113 0.075 1.3386 1.2169 12.24 
0.478 2 1 1 4.0 4.0 0.072 0.073 1.3386 1.2169 12.25 
0.479 2 1 1 4.0 4.0 0.113 0.187 1.2952 1.2952 12.25 
0.480 2 1 1 4.0 4.0 0.099 0.111 1.3848 1.2169 12.25 
0.481 2 1 1 4.0 4.0 0.097 0.100 1.3848 1.2551 12.25 
0.482 2 1 1 4.0 4.0 0.124 0.064 1.3848 1.2169 12.25 
0.483 2 1 1 4.0 4.0 0.050 0.040 1.3386 1.2952 12.25 
0.484 2 1 1 4.0 4.0 0.078 0.008 1.3848 1.2169 12.26 
0.485 2 1 1 4.0 4.0 0.068 0.091 1.3848 1.1812 12.26 
0.486 2 1 1 4.0 4.0 0.120 -0.008 1.3848 1.0852 12.25 
0.487 2 1 1 4.0 4.0 0.102 0.038 1.3848 1.2169 12.25 
0.488 2 1 1 4.0 4.0 0.086 0.152 1.3848 1.2169 12.25 
0.489 2 1 1 4.0 4.0 0.114 0.031 1.3848 1.2169 12.25 
0.490 2 1 1 4.0 4.0 0.090 0.042 1.3848 1.2952 12.25 
0.491 2 1 1 4.0 4.0 0.114 0.101 1.3848 1.1812 12.25 
0.492 2 1 1 4.0 4.0 0.112 0.072 1.3848 1.2169 12.25 
0.493 2 1 1 4.0 4.0 0.082 0.091 1.3848 1.2169 12.25 
0.494 2 1 1 4.0 4.0 0.078 0.022 1.3386 1.2952 12.25 
0.495 2 1 1 4.0 4.0 0.056 0.042 1.3848 1.2169 12.26 
0.496 2 1 1 4.0 4.0 0.116 0.088 1.3848 1.2169 12.24 
0.497 2 1 1 4.0 4.0 0.078 0.030 1.3386 1.2551 12.26 
0.498 2 1 1 4.0 4.0 0.083 0.078 1.3848 1.2551 12.25 
0.499 2 1 1 4.0 4.0 0.089 0.089 1.3848 1.1812 12.25 
0.500 2 1 1 4.0 4.0 0.050 0.098 1.3848 1.1474 12.25 
0.501 2 1 1 4.0 4.0 0.105 0.091 1.3848 1.0298 12.25 
0.502 2 1 1 4.0 4.0 0.072 0.081 1.4342 1.2952 12.25 
0.503 2 1 1 4.0 4.0 0.086 0.064 1.3848 1.2169 12.25 
0.504 2 1 1 4.0 4.0 0.112 0.152 1.3848 1.2169 12.25 
0.505 2 1 1 4.0 4.0 0.069 0.050 1.3848 1.2952 12.24 
0.506 2 1 1 4.0 4.0 0.134 0.104 1.3386 1.2169 12.25 
0.507 2 1 1 4.0 4.0 0.111 0.113 1.3848 1.2169 12.25 
0.508 2 1 1 4.0 4.0 0.080 0.162 1.3848 1.2169 12.25 
0.509 2 1 1 4.0 4.0 0.075 0.028 1.3848 1.2952 12.25 
0.510 2 1 1 4.0 4.0 0.073 0.091 1.3848 1.2169 12.25 
0.511 2 1 1 4.0 4.0 0.110 0.028 1.3848 1.2169 12.25 
0.512 2 1 1 4.0 4.0 0.085 0.011 1.3848 1.2551 12.25 
0.513 2 1 1 4.0 4.0 0.078 0.042 1.3848 1.2952 12.25 
0.514 2 1 1 4.0 4.0 0.102 0.030 1.3848 0.9796 12.25 
0.515 2 1 1 4.0 4.0 0.075 0.052 1.3848 1.2169 12.25 
0.516 2 1 1 4.0 4.0 0.138 0.053 1.3386 1.1153 12.25 
0.517 2 1 1 4.0 4.0 0.071 0.046 1.3386 1.2952 12.25 
0.518 2 1 1 4.0 4.0 0.100 0.087 1.3848 1.1812 12.25 
0.519 2 1 1 4.0 4.0 0.077 0.038 1.3848 1.2169 12.25 
0.520 2 1 1 4.0 4.0 0.091 0.007 1.3848 1.2952 12.24 
0.521 2 1 1 4.0 4.0 0.125 0.074 1.3848 1.2169 12.25 
0.522 2 1 1 4.0 4.0 0.083 0.014 1.3848 1.2169 12.26 
0.523 2 1 1 4.0 4.0 0.109 0.007 1.3848 1.2169 12.25 
0.524 2 1 1 4.0 4.0 0.090 0.076 1.3848 1.2952 12.26 
0.525 2 1 1 4.0 4.0 0.079 0.063 1.3848 1.2551 12.25 
0.526 2 1 1 4.0 4.0 0.119 0.136 1.3848 1.2169 12.25 
0.527 2 1 1 4.0 4.0 0.061 0.030 1.3848 1.2169 12.26 
0.528 2 1 1 4.0 4.0 0.094 0.082 1.3848 1.2952 12.25 
0.529 2 1 1 4.0 4.0 0.091 0.094 1.3848 1.2169 12.26 
0.530 2 1 1 4.0 4.0 0.113 0.045 1.3848 1.2551 12.25 
0.531 2 1 1 4.0 4.0 0.113 0.064 1.3848 1.0567 12.25 
0.532 2 1 1 4.0 4.0 0.042 -0.026 1.3848 1.2952 12.25 
0.533 2 1 1 4.0 4.0 0.085 0.084 1.3848 1.2551 12.25 
0.534 2 1 1 4.0 4.0 0.078 0.086 1.3848 1.1812 12.25 
0.535 2 1 1 4.0 4.0 0.115 0.080 1.3848 1.2551 12.26 
0.536 2 1 1 4.0 4.0 0.109 0.082 1.3386 1.2169 12.25 
0.537 2 1 1 4.0 4.0 0.077 0.122 1.3848 1.2169 12.25 
0.538 2 1 1 4.0 4.0 0.085 0.029 1.3386 1.2551 12.25 
0.539 2 1 1 4.0 4.0 0.058 0.073 1.3848 1.3386 12.25 
0.540 2 1 1 4.0 4.0 0.092 0.198 1.3848 1.2169 12.25 
0.541 2 1 1 4.0 4.0 0.108 0.061 1.3386 1.2551 12.25 
0.542 2 1 1 4.0 4.0 0.057 0.076 1.3386 1.2551 12.25 
0.543 2 1 1 4.0 4.0 0.219 0.104 1.3848 1.2952 12.25 
0.544 2 1 1 4.0 4.0 0.292 -0.363 1.3848 1.2169 12.25 
0.545 2 1 1 4.0 4.0 0.169 0.004 1.3848 1.2551 12.25 
0.546 2 1 1 4.0 4.0 0.124 -0.037 1.4342 1.2551 12.25 
0.547 2 1 1 4.0 4.0 0.096 0.011 1.3848 1.2551 12.25 
0.548 2 1 1 4.0 4.0 0.090 0.079 1.3848 1.2169 12.25 
0.549 2 1 1 4.0 4.0 0.045 0.085 1.3848 1.1474 12.25 
0.550 2 1 1 4.0 4.0 0.142 0.124 1.3848 1.0852 12.25 
0.551 2 1 1 4.0 4.0 0.076 0.070 1.3848 1.2952 12.25 
0.552 2 1 1 4.0 4.0 0.063 0.072 1.3848 1.2169 12.25 
0.553 2 1 1 4.0 4.0 0.101 0.107 1.3848 1.2169 12.25 
0.554 2 1 1 4.0 4.0 0.062 0.168 1.3848 1.2952 12.25 
0.555 2 1 1 4.0 4.0 0.094 0.080 1.3848 1.2551 12.25 
0.556 2 1 1 4.0 4.0 0.078 0.142 1.3386 1.2169 12.25 
0.557 2 1 1 4.0 4.0 0.090 0.076 1.3848 1.2169 12.25 
0.558 2 1 1 4.0 4.0 0.099 0.151 1.3848 1.2952 12.25 
0.559 2 1 1 4.0 4.0 0.087 0.084 1.3848 1.2169 12.25 
0.560 2 1 1 4.0 4.0 0.136 0.069 1.3386 1.2169 12.25 
0.561 2 1 1 4.0 4.0 0.085 0.053 1.2952 1.2551 12.25 
0.562 2 1 1 4.0 4.0 0.086 0.032 1.3386 1.2952 12.25 
0.563 2 1 1 4.0 4.0 0.073 0.044 1.3848 1.1812 12.25 
0.564 2 1 1 4.0 4.0 0.088 0.078 1.3848 1.1812 12.25 
0.565 2 1 1 4.0 4.0 0.148 0.078 1.3386 1.2169 12.25 
0.566 2 1 1 4.0 4.0 0.097 0.067 1.3848 1.2952 12.25 
0.567 2 1 1 4.0 4.0 0.105 0.121 1.3848 1.1812 12.25 
0.568 2 1 1 4.0 4.0 0.101 0.064 1.3848 1.2169 12.26 
0.569 2 1 1 4.0 4.0 0.087 0.173 1.3848 1.2952 12.25 
0.570 2 1 1 4.0 4.0 0.090 0.076 1.3848 1.2169 12.25 
0.571 2 1 1 4.0 4.0 0.052 0.058 1.3386 1.2169 12.25 
0.572 2 1 1 4.0 4.0 0.080 0.035 1.3848 1.2169 12.25 
0.573 2 1 1 4.0 4.0 0.061 0.074 1.3848 1.2551 12.25 
0.574 2 1 1 4.0 4.0 0.101 0.028 1.3848 1.2169 12.24 
0.575 2 1 1 4.0 4.0 0.147 0.089 1.3386 1.2169 12.24 
0.576 2 1 1 4.0 4.0 0.078 -0.004 1.3386 1.2169 12.25 
0.577 2 1 1 4.0 4.0 0.096 0.057 1.3386 1.2952 12.25 
0.578 2 1 1 4.0 4.0 0.065 0.114 1.3386 1.2169 12.25 
0.579 2 1 1 4.0 4.0 0.094 0.072 1.3386 1.2551 12.25 
0.580 2 1 1 4.0 4.0 0.124 0.084 1.3848 1.2169 12.25 
0.581 2 1 1 4.0 4.0 0.060 0.122 1.3848 1.2952 12.25 
0.582 2 1 1 4.0 4.0 0.082 0.052 1.3386 1.2551 12.25 
0.583 2 1 1 4.0 4.0 0.090 0.079 1.3848 1.2169 12.25 
0.584 2 1 1 4.0 4.0 0.102 0.053 1.3848 1.1153 12.25 
0.585 2 1 1 4.0 4.0 0.106 0.073 1.3386 1.2169 12.26 
0.586 2 1 1 4.0 4.0 0.053 0.129 1.3848 1.2169 12.25 
0.587 2 1 1 4.0 4.0 0.112 0.152 1.3848 1.2551 12.25 
0.588 2 1 1 4.0 4.0 0.091 0.060 1.3848 1.3386 12.25 
0.589 2 1 1 4.0 4.0 0.145 0.121 1.3848 1.2169 12.25 
0.590 2 1 1 4.0 4.0 0.117 0.123 1.4342 1.2551 12.25 
0.591 2 1 1 4.0 4.0 0.076 0.039 1.2952 1.2169 12.25 
0.592 2 1 1 4.0 4.0 0.094 0.073 1.3386 1.2952 12.25 
0.593 2 1 1 4.0 4.0 0.054 0.005 1.3386 1.2169 12.25 
0.594 2 1 1 4.0 4.0 0.113 0.008 1.3848 1.2169 12.25 
0.595 2 1 1 4.0 4.0 0.088 0.045 1.3848 1.2551 12.26 
0.596 2 1 1 4.0 4.0 0.068 0.099 1.3848 1.2551 12.25 
0.597 2 1 1 4.0 4.0 0.107 0.038 1.3848 1.2169 12.24 
0.598 2 1 1 4.0 4.0 0.064 0.041 1.3848 1.2551 12.26 
0.599 2 1 1 4.0 4.0 0.113 0.126 1.3848 1.0041 12.25 
0.600 2 1 1 4.0 4.0 0.087 0.106 1.3848 1.2952 12.25 
0.601 2 1 1 4.0 4.0 0.076 0.008 1.3848 1.2169 12.25 
0.602 2 1 1 4.0 4.0 0.096 0.072 1.3848 1.2169 12.25 
0.603 2 1 1 4.0 4.0 0.086 0.084 1.3848 1.2952 12.25 
0.604 2 1 1 4.0 4.0 0.134 0.118 1.3386 1.2169 12.25 
0.605 2 1 1 4.0 4.0 0.093 0.117 1.3386 1.2169 12.25 
0.606 2 1 1 4.0 4.0 0.078 0.062 1.3386 1.2169 12.26 
0.607 2 1 1 4.0 4.0 0.078 0.162 1.3386 1.2952 12.26 
0.608 2 1 1 4.0 4.0 0.086 0.057 1.3848 1.2169 12.25 
0.609 2 1 1 4.0 4.0 0.132 0.044 1.3386 1.2169 12.24 
0.610 2 1 1 4.0 4.0 0.081 0.105 1.3848 1.2551 12.25 
0.611 2 1 1 4.0 4.0 0.077 0.064 1.3848 1.2952 12.25 
0.612 2 1 1 4.0 4.0 0.075 0.043 1.3848 1.1812 12.25 
0.613 2 1 1 4.0 4.0 0.082 0.094 1.3848 1.1474 12.24 
0.614 2 1 1 4.0 4.0 0.116 0.044 1.3848 1.2551 12.25 
0.615 2 1 1 4.0 4.0 0.064 0.125 1.3386 1.3386 12.25 
0.616 2 1 1 4.0 4.0 0.074 0.080 1.3848 1.2169 12.25 
0.617 2 1 1 4.0 4.0 0.063 -0.010 1.3848 1.2169 12.26 
0.618 2 1 1 4.0 4.0 0.105 0.072 1.3848 1.2952 12.25 
0.619 2 1 1 4.0 4.0 0.105 0.125 1.3848 1.2169 12.25 
0.620 2 1 1 4.0 4.0 0.065 0.020 1.3848 1.2551 12.25 
0.621 2 1 1 4.0 4.0 0.090 0.053 1.3848 1.2551 12.25 
0.622 2 1 1 4.0 4.0 0.071 0.036 1.3848 1.2952 12.26 
0.623 2 1 1 4.0 4.0 0.106 0.056 1.3848 1.2551 12.25 
0.624 2 1 1 4.0 4.0 0.120 0.010 1.3848 1.2551 12.25 
0.625 2 1 1 4.0 4.0 0.059 -0.019 1.3848 1.2169 12.24 
0.626 2 1 1 4.0 4.0 0.077 0.034 1.3386 1.2952 12.25 
0.627 2 1 1 4.0 4.0 0.090 0.098 1.3848 1.2169 12.25 
0.628 2 1 1 4.0 4.0 0.101 0.129 1.3848 1.2551 12.25 
0.629 2 1 1 4.0 4.0 0.115 0.056 1.3386 1.0298 12.25 
0.630 2 1 1 4.0 4.0 0.062 0.108 1.3848 1.2952 12.26 
0.631 2 1 1 4.0 4.0 0.069 0.018 1.3848 1.1812 12.25 
0.632 2 1 1 4.0 4.0 0.070 0.029 1.3848 1.1812 12.26 
0.633 2 1 1 4.0 4.0 0.145 0.044 1.3848 1.1812 12.25 
0.634 2 1 1 4.0 4.0 0.121 0.084 1.3848 1.2169 12.26 
0.635 2 1 1 4.0 4.0 0.064 0.105 1.3848 1.2169 12.26 
0.636 2 1 1 4.0 4.0 0.072 0.186 1.3848 1.2169 12.26 
0.637 2 1 1 4.0 4.0 0.047 0.106 1.3848 1.2952 12.25 
0.638 2 1 1 4.0 4.0 0.135 0.132 1.3848 1.1812 12.26 
0.639 2 1 1 4.0 4.0 0.083 0.021 1.3848 1.2169 12.26 
0.640 2 1 1 4.0 4.0 0.085 0.164 1.3848 1.2169 12.25 
0.641 2 1 1 4.0 4.0 0.075 0.026 1.3848 1.2952 12.25 
0.642 2 1 1 4.0 4.0 0.052 0.066 1.3848 1.2169 12.25 
0.643 2 1 1 4.0 4.0 0.105 0.112 1.3848 1.2551 12.25 
0.644 2 1 1 4.0 4.0 0.061 0.041 1.3848 1.2551 12.25 
0.645 2 1 1 4.0 4.0 0.180 0.026 1.3848 1.2551 12.24 
0.646 2 1 1 4.0 4.0 0.334 -0.266 1.3848 1.2169 12.24 
0.647 2 1 1 4.0 4.0 0.147 0.005 1.3848 1.1812 12.25 
0.648 2 1 1 4.0 4.0 0.133 0.080 1.3386 1.0567 12.24 
0.649 2 1 1 4.0 4.0 0.075 0.193 1.2952 1.3386 12.26 
0.650 2 1 1 4.0 4.0 0.082 0.049 1.3848 1.2169 12.25 
0.651 2 1 1 4.0 4.0 0.084 0.043 1.3848 1.2169 12.25 
0.652 2 1 1 4.0 4.0 0.063 0.082 1.3848 1.2952 12.25 
0.653 2 1 1 4.0 4.0 0.116 0.116 1.3386 1.2551 12.25 
0.654 2 1 1 4.0 4.0 0.057 0.112 1.3848 1.2169 12.25 
0.655 2 1 1 4.0 4.0 0.067 0.066 1.3848 1.2169 12.25 
0.656 2 1 1 4.0 4.0 0.081 0.069 1.3848 1.2952 12.25 
0.657 2 1 1 4.0 4.0 0.085 0.183 1.3848 1.2169 12.25 
0.658 2 1 1 4.0 4.0 0.096 0.091 1.3848 1.2169 12.25 
0.659 2 1 1 4.0 4.0 0.059 0.069 1.3848 1.2169 12.25 
0.660 2 1 1 4.0 4.0 0.066 0.115 1.2952 1.2952 12.25 
0.661 2 1 1 4.0 4.0 0.060 0.040 1.3848 1.2551 12.25 
0.662 2 1 1 4.0 4.0 0.085 0.189 1.3848 1.2169 12.25 
0.663 2 1 1 4.0 4.0 0.070 0.218 1.3386 1.2551 12.25 
0.664 2 1 1 4.0 4.0 0.025 0.030 1.3848 1.2952 12.25 
0.665 2 1 1 4.0 4.0 0.059 0.065 1.3848 1.1812 12.26 
