%% logfile from robot Laura (6)
% Laura (6)
%  1    time 0.000 sec
%  2  3  4   (mission 0), state 2, thread 2, line 0
%  5  6 Motor voltage [V] left, right: 2.0 2.0
%  7  8 Motor current left, right [A]: 0.008 0.005
%  9 10 Wheel velocity [m/s] left, right: -0.0000 -0.0000
% 11    Battery voltage [V]: 11.02
0.001 2 2 0 2.0 2.0 0.043 0.015 -0.0000 -0.0000 11.02 
0.002 2 2 0 2.0 2.0 0.213 0.191 -0.0000 -0.0000 11.02 
0.003 2 2 0 2.0 2.0 0.320 0.368 -0.0000 -0.0000 11.01 
0.004 2 2 0 2.0 2.0 0.388 0.484 -0.0000 -0.0000 11.01 
0.005 2 2 0 2.0 2.0 0.416 0.533 -0.0000 -0.0000 11.01 
0.006 2 2 0 2.0 2.0 0.446 0.577 -0.0000 0.0000 11.01 
0.007 2 2 0 2.0 2.0 0.455 0.581 -0.0000 0.0000 11.01 
0.008 2 2 0 2.0 2.0 0.435 0.620 -0.0000 0.0000 11.01 
0.009 2 2 0 2.0 2.0 0.406 0.636 -0.0000 0.0000 11.01 
0.010 2 2 0 2.0 2.0 0.401 0.640 0.0000 0.0944 11.01 
0.011 2 2 0 2.0 2.0 0.371 0.575 0.0000 0.0944 11.01 
0.012 2 2 0 2.0 2.0 0.348 0.500 0.0000 0.0944 11.01 
0.013 2 2 0 2.0 2.0 0.337 0.472 0.1161 0.1205 11.01 
0.014 2 2 0 2.0 2.0 0.358 0.442 0.1161 0.1205 11.01 
0.015 2 2 0 2.0 2.0 0.336 0.430 0.1161 0.1205 11.01 
0.016 2 2 0 2.0 2.0 0.347 0.405 0.1707 0.1868 11.00 
0.017 2 2 0 2.0 2.0 0.362 0.402 0.1707 0.1868 11.00 
0.018 2 2 0 2.0 2.0 0.355 0.383 0.1663 0.1791 11.02 
0.019 2 2 0 2.0 2.0 0.315 0.382 0.1663 0.1791 11.02 
0.020 2 2 0 2.0 2.0 0.331 0.352 0.1976 0.2088 11.01 
0.021 2 2 0 2.0 2.0 0.346 0.341 0.1976 0.2088 11.01 
0.022 2 2 0 2.0 2.0 0.347 0.344 0.2145 0.1900 11.01 
0.023 2 2 0 2.0 2.0 0.326 0.340 0.2462 0.2675 11.01 
0.024 2 2 0 2.0 2.0 0.322 0.360 0.2462 0.2675 11.01 
0.025 2 2 0 2.0 2.0 0.294 0.367 0.2205 0.2538 11.01 
0.026 2 2 0 2.0 2.0 0.299 0.390 0.2205 0.2711 11.02 
0.027 2 2 0 2.0 2.0 0.275 0.381 0.2434 0.2711 11.02 
0.028 2 2 0 2.0 2.0 0.279 0.336 0.2434 0.2522 11.02 
0.029 2 2 0 2.0 2.0 0.279 0.300 0.2522 0.3213 11.02 
0.030 2 2 0 2.0 2.0 0.268 0.263 0.2868 0.3088 11.01 
0.031 2 2 0 2.0 2.0 0.273 0.254 0.2554 0.2659 11.01 
0.032 2 2 0 2.0 2.0 0.280 0.254 0.2510 0.3113 11.02 
0.033 2 2 0 2.0 2.0 0.306 0.253 0.2952 0.3040 11.01 
0.034 2 2 0 2.0 2.0 0.361 0.265 0.2868 0.3582 11.01 
0.035 2 2 0 2.0 2.0 0.288 0.269 0.3317 0.3582 11.01 
0.036 2 2 0 2.0 2.0 0.248 0.306 0.3317 0.2952 11.01 
0.037 2 2 0 2.0 2.0 0.256 0.307 0.3289 0.3462 11.02 
0.038 2 2 0 2.0 2.0 0.227 0.289 0.3113 0.3237 11.01 
0.039 2 2 0 2.0 2.0 0.242 0.286 0.3113 0.3936 11.01 
0.040 2 2 0 2.0 2.0 0.248 0.261 0.3490 0.3213 11.00 
0.041 2 2 0 2.0 2.0 0.199 0.237 0.3490 0.3213 11.01 
0.042 2 2 0 2.0 2.0 0.204 0.231 0.3185 0.3715 11.01 
0.043 2 2 0 2.0 2.0 0.258 0.219 0.3430 0.3522 11.01 
0.044 2 2 0 2.0 2.0 0.259 0.206 0.3137 0.3787 11.01 
0.045 2 2 0 2.0 2.0 0.264 0.231 0.3787 0.3237 11.01 
0.046 2 2 0 2.0 2.0 0.252 0.261 0.3715 0.3896 11.00 
0.047 2 2 0 2.0 2.0 0.235 0.261 0.3683 0.3823 11.01 
0.048 2 2 0 2.0 2.0 0.219 0.223 0.3615 0.4097 11.01 
0.049 2 2 0 2.0 2.0 0.197 0.212 0.3265 0.3550 11.01 
0.050 2 2 0 2.0 2.0 0.190 0.197 0.4016 0.3787 11.01 
0.051 2 2 0 2.0 2.0 0.191 0.183 0.3787 0.4016 11.01 
0.052 2 2 0 2.0 2.0 0.184 0.175 0.3896 0.4269 11.02 
0.053 2 2 0 2.0 2.0 0.250 0.197 0.3582 0.3715 11.01 
0.054 2 2 0 2.0 2.0 0.217 0.237 0.3896 0.3976 11.01 
0.055 2 2 0 2.0 2.0 0.195 0.228 0.3976 0.3976 11.02 
0.056 2 2 0 2.0 2.0 0.169 0.215 0.4016 0.4317 11.02 
0.057 2 2 0 2.0 2.0 0.140 0.197 0.3751 0.3683 11.02 
0.058 2 2 0 2.0 2.0 0.165 0.193 0.4016 0.4016 11.01 
0.059 2 2 0 2.0 2.0 0.185 0.186 0.3936 0.4137 11.01 
0.060 2 2 0 2.0 2.0 0.204 0.191 0.4016 0.4269 11.01 
0.061 2 2 0 2.0 2.0 0.222 0.214 0.3550 0.4225 11.01 
0.062 2 2 0 2.0 2.0 0.204 0.242 0.3936 0.4016 11.01 
0.063 2 2 0 2.0 2.0 0.203 0.205 0.3976 0.4462 11.01 
0.064 2 2 0 2.0 2.0 0.181 0.193 0.4097 0.4317 11.02 
0.065 2 2 0 2.0 2.0 0.156 0.176 0.3860 0.4462 11.02 
0.066 2 2 0 2.0 2.0 0.186 0.159 0.4225 0.4562 11.01 
0.067 2 2 0 2.0 2.0 0.165 0.152 0.4181 0.4836 11.02 
0.068 2 2 0 2.0 2.0 0.207 0.175 0.4317 0.4510 11.01 
0.069 2 2 0 2.0 2.0 0.184 0.210 0.4410 0.4137 11.01 
0.070 2 2 0 2.0 2.0 0.165 0.197 0.4510 0.4779 11.02 
0.071 2 2 0 2.0 2.0 0.165 0.181 0.4510 0.4667 11.02 
0.072 2 2 0 2.0 2.0 0.138 0.139 0.4269 0.4779 11.01 
0.073 2 2 0 2.0 2.0 0.129 0.131 0.4615 0.4410 11.02 
0.074 2 2 0 2.0 2.0 0.135 0.132 0.4510 0.4836 11.02 
0.075 2 2 0 2.0 2.0 0.142 0.162 0.4562 0.4896 11.02 
0.076 2 2 0 2.0 2.0 0.148 0.179 0.4779 0.4615 11.02 
0.077 2 2 0 2.0 2.0 0.146 0.170 0.4510 0.4956 11.01 
0.078 2 2 0 2.0 2.0 0.138 0.136 0.4615 0.4667 11.01 
0.079 2 2 0 2.0 2.0 0.150 0.126 0.4667 0.4836 11.01 
0.080 2 2 0 2.0 2.0 0.144 0.110 0.4836 0.5149 11.01 
0.081 2 2 0 2.0 2.0 0.149 0.130 0.4510 0.4723 11.02 
0.082 2 2 0 2.0 2.0 0.162 0.147 0.4615 0.4896 11.02 
0.083 2 2 0 2.0 2.0 0.143 0.176 0.4779 0.4779 11.02 
0.084 2 2 0 2.0 2.0 0.146 0.170 0.4896 0.4896 11.02 
0.085 2 2 0 2.0 2.0 0.119 0.161 0.4836 0.4896 11.02 
0.086 2 2 0 2.0 2.0 0.123 0.139 0.4779 0.4836 11.01 
0.087 2 2 0 2.0 2.0 0.130 0.125 0.4779 0.5213 11.02 
0.088 2 2 0 2.0 2.0 0.136 0.130 0.4836 0.4723 11.02 
0.089 2 2 0 2.0 2.0 0.158 0.174 0.4615 0.4956 11.01 
0.090 2 2 0 2.0 2.0 0.176 0.173 0.4896 0.5281 11.01 
0.091 2 2 0 2.0 2.0 0.168 0.138 0.4956 0.4896 11.01 
0.092 2 2 0 2.0 2.0 0.153 0.122 0.4896 0.5081 11.01 
0.093 2 2 0 2.0 2.0 0.115 0.101 0.4956 0.5426 11.02 
0.094 2 2 0 2.0 2.0 0.119 0.109 0.4896 0.4956 11.02 
0.095 2 2 0 2.0 2.0 0.134 0.136 0.4956 0.5081 11.02 
0.096 2 2 0 2.0 2.0 0.153 0.155 0.4779 0.5020 11.02 
0.097 2 2 0 2.0 2.0 0.141 0.160 0.5020 0.4836 11.02 
0.098 2 2 0 2.0 2.0 0.134 0.152 0.5081 0.5081 11.02 
0.099 2 2 0 2.0 2.0 0.102 0.132 0.4836 0.5149 11.02 
0.100 2 2 0 2.0 2.0 0.115 0.102 0.5149 0.4779 11.01 
0.101 2 2 0 2.0 2.0 0.099 0.136 0.5149 0.5213 11.02 
0.102 2 2 0 2.0 2.0 0.125 0.135 0.4836 0.5020 11.02 
0.103 2 2 0 2.0 2.0 0.133 0.165 0.5149 0.5426 11.02 
0.104 2 2 0 2.0 2.0 0.134 0.117 0.5081 0.5281 11.02 
0.105 2 2 0 2.0 2.0 0.133 0.095 0.4956 0.5426 11.02 
0.106 2 2 0 2.0 2.0 0.122 0.075 0.5281 0.5354 11.02 
0.107 2 2 0 2.0 2.0 0.107 0.109 0.5149 0.5354 11.02 
0.108 2 2 0 2.0 2.0 0.134 0.132 0.5213 0.4956 11.02 
0.109 2 2 0 2.0 2.0 0.127 0.132 0.5281 0.5426 11.02 
0.110 2 2 0 2.0 2.0 0.112 0.139 0.5354 0.5354 11.01 
0.111 2 2 0 2.0 2.0 0.125 0.094 0.5281 0.4956 11.01 
0.112 2 2 0 2.0 2.0 0.089 0.084 0.5354 0.5426 11.01 
0.113 2 2 0 2.0 2.0 0.085 0.116 0.5213 0.5426 11.01 
0.114 2 2 0 2.0 2.0 0.125 0.140 0.5281 0.5149 11.01 
0.115 2 2 0 2.0 2.0 0.128 0.117 0.5498 0.5498 11.01 
0.116 2 2 0 2.0 2.0 0.111 0.100 0.5149 0.5081 11.01 
0.117 2 2 0 2.0 2.0 0.104 0.095 0.5281 0.5281 11.01 
0.118 2 2 0 2.0 2.0 0.096 0.079 0.5498 0.5655 11.01 
0.119 2 2 0 2.0 2.0 0.110 0.102 0.5081 0.5213 11.01 
0.120 2 2 0 2.0 2.0 0.128 0.130 0.5213 0.5213 11.01 
0.121 2 2 0 2.0 2.0 0.134 0.130 0.5081 0.5575 11.02 
0.122 2 2 0 2.0 2.0 0.116 0.139 0.5498 0.5213 11.01 
0.123 2 2 0 2.0 2.0 0.104 0.121 0.5426 0.5281 11.01 
0.124 2 2 0 2.0 2.0 0.089 0.109 0.5281 0.5655 11.01 
0.125 2 2 0 2.0 2.0 0.090 0.105 0.5281 0.5149 11.02 
0.126 2 2 0 2.0 2.0 0.101 0.125 0.5281 0.5354 11.02 
0.127 2 2 0 2.0 2.0 0.132 0.105 0.5020 0.5655 11.02 
0.128 2 2 0 2.0 2.0 0.130 0.100 0.5426 0.5213 11.02 
0.129 2 2 0 2.0 2.0 0.112 0.113 0.5426 0.5354 11.02 
0.130 2 2 0 2.0 2.0 0.115 0.113 0.5081 0.5655 11.02 
0.131 2 2 0 2.0 2.0 0.107 0.090 0.5354 0.5213 11.01 
0.132 2 2 0 2.0 2.0 0.115 0.097 0.5354 0.5281 11.01 
0.133 2 2 0 2.0 2.0 0.136 0.111 0.5149 0.5655 11.02 
0.134 2 2 0 2.0 2.0 0.127 0.122 0.5426 0.5149 11.01 
0.135 2 2 0 2.0 2.0 0.110 0.120 0.5426 0.5354 11.01 
0.136 2 2 0 2.0 2.0 0.088 0.112 0.5213 0.5735 11.02 
0.137 2 2 0 2.0 2.0 0.075 0.122 0.5426 0.5354 11.01 
0.138 2 2 0 2.0 2.0 0.092 0.154 0.5426 0.5213 11.02 
0.139 2 2 0 2.0 2.0 0.104 0.124 0.5149 0.5655 11.02 
0.140 2 2 0 2.0 2.0 0.108 0.124 0.5426 0.5426 11.02 
0.141 2 2 0 2.0 2.0 0.112 0.107 0.5498 0.5575 11.02 
0.142 2 2 0 2.0 2.0 0.090 0.116 0.5281 0.5904 11.01 
0.143 2 2 0 2.0 2.0 0.089 0.092 0.5426 0.5575 11.01 
0.144 2 2 0 2.0 2.0 0.101 0.122 0.5498 0.5213 11.02 
0.145 2 2 0 2.0 2.0 0.113 0.105 0.5281 0.5655 11.02 
0.146 2 2 0 2.0 2.0 0.105 0.094 0.5655 0.5575 11.02 
0.147 2 2 0 2.0 2.0 0.088 0.098 0.5655 0.5149 11.02 
0.148 2 2 0 2.0 2.0 0.072 0.105 0.5281 0.5655 11.02 
0.149 2 2 0 2.0 2.0 0.066 0.124 0.5498 0.5655 11.02 
0.150 2 2 0 2.0 2.0 0.080 0.142 0.5575 0.5281 11.02 
0.151 2 2 0 2.0 2.0 0.103 0.127 0.5820 0.5498 11.01 
0.152 2 2 0 2.0 2.0 0.113 0.101 0.5426 0.5426 11.01 
0.153 2 2 0 2.0 2.0 0.098 0.074 0.5498 0.5426 11.01 
0.154 2 2 0 2.0 2.0 0.077 0.086 0.5820 0.5081 11.02 
0.155 2 2 0 2.0 2.0 0.083 0.113 0.5354 0.5426 11.01 
0.156 2 2 0 2.0 2.0 0.092 0.113 0.5498 0.5354 11.01 
0.157 2 2 0 2.0 2.0 0.114 0.094 0.5735 0.4956 11.01 
0.158 2 2 0 2.0 2.0 0.093 0.065 0.5904 0.5498 11.01 
0.159 2 2 0 2.0 2.0 0.087 0.080 0.5655 0.5354 11.01 
0.160 2 2 0 2.0 2.0 0.071 0.053 0.5820 0.5213 11.01 
0.161 2 2 0 2.0 2.0 0.070 0.092 0.5575 0.5426 11.01 
0.162 2 2 0 2.0 2.0 0.104 0.120 0.5354 0.5498 11.02 
0.163 2 2 0 2.0 2.0 0.116 0.113 0.5655 0.5354 11.02 
0.164 2 2 0 2.0 2.0 0.112 0.094 0.5735 0.5498 11.02 
0.165 2 2 0 2.0 2.0 0.084 0.075 0.5354 0.5820 11.02 
0.166 2 2 0 2.0 2.0 0.078 0.061 0.5655 0.5354 11.02 
0.167 2 2 0 2.0 2.0 0.075 0.098 0.5655 0.5498 11.02 
0.168 2 2 0 2.0 2.0 0.103 0.112 0.5426 0.5735 11.01 
0.169 2 2 0 2.0 2.0 0.104 0.118 0.5655 0.5213 11.01 
0.170 2 2 0 2.0 2.0 0.096 0.116 0.5655 0.5426 11.01 
0.171 2 2 0 2.0 2.0 0.070 0.093 0.5426 0.5820 11.01 
0.172 2 2 0 2.0 2.0 0.058 0.108 0.5655 0.5354 11.01 
0.173 2 2 0 2.0 2.0 0.070 0.150 0.5735 0.5498 11.00 
0.174 2 2 0 2.0 2.0 0.083 0.155 0.5735 0.5735 11.01 
0.175 2 2 0 2.0 2.0 0.107 0.136 0.5655 0.5498 11.01 
0.176 2 2 0 2.0 2.0 0.088 0.087 0.5735 0.5575 11.02 
0.177 2 2 0 2.0 2.0 0.077 0.063 0.5820 0.5904 11.02 
0.178 2 2 0 2.0 2.0 0.080 0.047 0.5655 0.5498 11.01 
0.179 2 2 0 2.0 2.0 0.094 0.078 0.5655 0.5281 11.01 
0.180 2 2 0 2.0 2.0 0.118 0.109 0.5735 0.5735 11.01 
0.181 2 2 0 2.0 2.0 0.097 0.151 0.5820 0.5575 11.01 
0.182 2 2 0 2.0 2.0 0.079 0.097 0.5426 0.5213 11.02 
0.183 2 2 0 2.0 2.0 0.066 0.048 0.5735 0.5735 11.02 
0.184 2 2 0 2.0 2.0 0.066 0.059 0.5575 0.5735 11.02 
0.185 2 2 0 2.0 2.0 0.085 0.099 0.5735 0.5426 11.01 
0.186 2 2 0 2.0 2.0 0.105 0.103 0.5904 0.5820 11.01 
0.187 2 2 0 2.0 2.0 0.094 0.098 0.5655 0.5575 11.01 
0.188 2 2 0 2.0 2.0 0.094 0.082 0.5735 0.5575 11.01 
0.189 2 2 0 2.0 2.0 0.074 0.075 0.5498 0.5281 11.01 
0.190 2 2 0 2.0 2.0 0.085 0.090 0.5575 0.5575 11.01 
0.191 2 2 0 2.0 2.0 0.105 0.106 0.5498 0.5426 11.01 
0.192 2 2 0 2.0 2.0 0.093 0.132 0.5904 0.5426 11.01 
0.193 2 2 0 2.0 2.0 0.086 0.116 0.5820 0.5575 11.01 
0.194 2 2 0 2.0 2.0 0.063 0.085 0.5904 0.5498 11.01 
0.195 2 2 0 2.0 2.0 0.068 0.068 0.5655 0.5281 11.01 
0.196 2 2 0 2.0 2.0 0.079 0.097 0.5735 0.5498 11.01 
0.197 2 2 0 2.0 2.0 0.108 0.115 0.5735 0.5992 11.01 
0.198 2 2 0 2.0 2.0 0.109 0.094 0.5820 0.5498 11.05 
0.199 2 2 0 2.0 2.0 0.093 0.087 0.5426 0.5655 11.01 
0.200 2 2 0 2.0 2.0 0.091 0.075 0.5820 0.5992 11.01 
0.201 2 2 1 4.0 4.0 0.082 0.079 0.5735 0.5498 11.02 
0.202 2 2 1 4.0 4.0 0.191 0.127 0.5498 0.5575 11.01 
0.203 2 2 1 4.0 4.0 0.351 0.312 0.5820 0.5904 10.98 
0.204 2 2 1 4.0 4.0 0.446 0.466 0.5904 0.5426 10.98 
0.205 2 2 1 4.0 4.0 0.491 0.564 0.5735 0.5904 10.98 
0.206 2 2 1 4.0 4.0 0.530 0.600 0.6177 0.6374 10.97 
0.207 2 2 1 4.0 4.0 0.549 0.653 0.6374 0.6273 10.96 
0.208 2 2 1 4.0 4.0 0.541 0.634 0.6474 0.6691 10.97 
0.209 2 2 1 4.0 4.0 0.523 0.600 0.6583 0.6474 10.97 
0.210 2 2 1 4.0 4.0 0.504 0.570 0.6474 0.6804 10.97 
0.211 2 2 1 4.0 4.0 0.513 0.550 0.6804 0.6924 10.97 
0.212 2 2 1 4.0 4.0 0.554 0.592 0.6691 0.7044 10.96 
0.213 2 2 1 4.0 4.0 0.483 0.536 0.7302 0.7302 10.97 
0.214 2 2 1 4.0 4.0 0.447 0.521 0.7302 0.7434 10.97 
0.215 2 2 1 4.0 4.0 0.430 0.493 0.7434 0.7302 10.98 
0.216 2 2 1 4.0 4.0 0.438 0.498 0.7434 0.7723 10.98 
0.217 2 2 1 4.0 4.0 0.472 0.480 0.7723 0.7723 10.98 
0.218 2 2 1 4.0 4.0 0.426 0.451 0.7575 0.7723 10.98 
0.219 2 2 1 4.0 4.0 0.406 0.415 0.7872 0.8032 10.98 
0.220 2 2 1 4.0 4.0 0.416 0.409 0.7723 0.7723 10.99 
0.221 2 2 1 4.0 4.0 0.425 0.428 0.7872 0.8032 10.99 
0.222 2 2 1 4.0 4.0 0.382 0.438 0.8032 0.7872 10.98 
0.223 2 2 1 4.0 4.0 0.370 0.414 0.8366 0.8366 10.98 
0.224 2 2 1 4.0 4.0 0.373 0.416 0.8366 0.8032 10.98 
0.225 2 2 1 4.0 4.0 0.403 0.409 0.8193 0.8543 10.99 
0.226 2 2 1 4.0 4.0 0.384 0.382 0.8366 0.8366 11.02 
0.227 2 2 1 4.0 4.0 0.359 0.358 0.8366 0.8924 11.00 
0.228 2 2 1 4.0 4.0 0.358 0.381 0.8727 0.8543 10.99 
0.229 2 2 1 4.0 4.0 0.364 0.369 0.8727 0.8924 10.99 
0.230 2 2 1 4.0 4.0 0.332 0.383 0.8366 0.8727 10.99 
0.231 2 2 1 4.0 4.0 0.301 0.368 0.8924 0.8924 10.98 
0.232 2 2 1 4.0 4.0 0.322 0.384 0.8543 0.8924 10.99 
0.233 2 2 1 4.0 4.0 0.318 0.364 0.8924 0.9125 10.99 
0.234 2 2 1 4.0 4.0 0.302 0.330 0.9125 0.9796 10.99 
0.235 2 2 1 4.0 4.0 0.301 0.309 0.9338 0.9559 10.99 
0.236 2 2 1 4.0 4.0 0.317 0.321 0.9338 0.9796 10.99 
0.237 2 2 1 4.0 4.0 0.290 0.314 0.9559 0.8366 10.99 
0.238 2 2 1 4.0 4.0 0.264 0.290 0.9559 0.9338 10.99 
0.239 2 2 1 4.0 4.0 0.294 0.311 0.9559 0.9338 10.99 
0.240 2 2 1 4.0 4.0 0.287 0.274 0.9559 0.9796 10.99 
0.241 2 2 1 4.0 4.0 0.264 0.238 1.0041 1.0041 10.99 
0.242 2 2 1 4.0 4.0 0.268 0.252 0.9559 1.0041 11.00 
0.243 2 2 1 4.0 4.0 0.274 0.285 0.9796 1.0041 11.00 
0.244 2 2 1 4.0 4.0 0.273 0.299 1.0041 1.0041 11.00 
0.245 2 2 1 4.0 4.0 0.267 0.276 1.0041 1.0041 10.99 
0.246 2 2 1 4.0 4.0 0.283 0.310 1.0041 1.0298 11.00 
0.247 2 2 1 4.0 4.0 0.275 0.280 1.0041 1.0298 10.99 
0.248 2 2 1 4.0 4.0 0.253 0.238 1.0041 1.0298 11.00 
0.249 2 2 1 4.0 4.0 0.269 0.257 0.9796 1.0567 11.00 
0.250 2 2 1 4.0 4.0 0.256 0.261 1.0041 1.0298 11.00 
0.251 2 2 1 4.0 4.0 0.227 0.244 1.0041 1.0298 11.00 
0.252 2 2 1 4.0 4.0 0.230 0.288 1.0041 1.0041 10.99 
0.253 2 2 1 4.0 4.0 0.245 0.284 1.0041 1.0567 10.99 
0.254 2 2 1 4.0 4.0 0.234 0.251 1.0041 1.0852 10.99 
0.255 2 2 1 4.0 4.0 0.233 0.273 1.0298 1.0298 11.02 
0.256 2 2 1 4.0 4.0 0.241 0.258 1.0298 1.0567 11.00 
0.257 2 2 1 4.0 4.0 0.214 0.242 1.0298 1.0852 11.00 
0.258 2 2 1 4.0 4.0 0.188 0.240 1.0567 1.0041 11.00 
0.259 2 2 1 4.0 4.0 0.233 0.227 1.0852 1.0567 11.00 
0.260 2 2 1 4.0 4.0 0.224 0.199 1.0567 1.0852 10.99 
0.261 2 2 1 4.0 4.0 0.209 0.196 1.0567 1.0852 10.99 
0.262 2 2 1 4.0 4.0 0.229 0.201 1.0852 1.0852 10.99 
0.263 2 2 1 4.0 4.0 0.211 0.208 1.0852 1.1153 10.99 
0.264 2 2 1 4.0 4.0 0.191 0.224 1.0852 1.0852 11.00 
0.265 2 2 1 4.0 4.0 0.211 0.233 1.0852 1.0852 11.00 
0.266 2 2 1 4.0 4.0 0.209 0.176 1.0852 1.1153 11.00 
0.267 2 2 1 4.0 4.0 0.201 0.166 1.0852 1.0852 11.00 
0.268 2 2 1 4.0 4.0 0.216 0.181 1.0852 1.0852 11.00 
0.269 2 2 1 4.0 4.0 0.198 0.200 1.0852 1.1474 11.01 
0.270 2 2 1 4.0 4.0 0.170 0.238 1.0852 1.1153 11.01 
0.271 2 2 1 4.0 4.0 0.186 0.242 1.0567 1.1153 11.00 
0.272 2 2 1 4.0 4.0 0.197 0.200 1.0852 1.1474 11.00 
0.273 2 2 1 4.0 4.0 0.183 0.198 1.1153 1.1153 11.00 
0.274 2 2 1 4.0 4.0 0.209 0.200 1.0852 1.1153 11.00 
0.275 2 2 1 4.0 4.0 0.190 0.177 1.1153 1.1153 11.00 
0.276 2 2 1 4.0 4.0 0.167 0.186 1.1153 1.0041 11.00 
0.277 2 2 1 4.0 4.0 0.186 0.200 1.1474 1.0852 11.00 
0.278 2 2 1 4.0 4.0 0.195 0.158 1.1153 1.1474 11.01 
0.279 2 2 1 4.0 4.0 0.179 0.161 1.1153 1.1153 11.01 
0.280 2 2 1 4.0 4.0 0.200 0.202 1.1474 1.1153 11.01 
0.281 2 2 1 4.0 4.0 0.178 0.193 1.1474 1.1474 11.01 
0.282 2 2 1 4.0 4.0 0.168 0.204 1.1153 1.1153 11.00 
0.283 2 2 1 4.0 4.0 0.190 0.208 1.1153 1.1474 11.01 
0.284 2 2 1 4.0 4.0 0.202 0.160 1.0298 1.1812 11.00 
0.285 2 2 1 4.0 4.0 0.184 0.168 1.1153 1.1474 11.00 
0.286 2 2 1 4.0 4.0 0.201 0.173 1.1153 1.1474 11.00 
0.287 2 2 1 4.0 4.0 0.195 0.170 1.0852 1.1474 11.00 
0.288 2 2 1 4.0 4.0 0.153 0.194 1.1153 1.1153 11.01 
0.289 2 2 1 4.0 4.0 0.169 0.184 1.1153 1.1474 11.00 
0.290 2 2 1 4.0 4.0 0.180 0.163 1.1153 1.1812 11.01 
0.291 2 2 1 4.0 4.0 0.163 0.177 1.1153 1.1812 11.00 
0.292 2 2 1 4.0 4.0 0.163 0.143 1.1474 1.0567 11.00 
0.293 2 2 1 4.0 4.0 0.146 0.125 1.1153 1.1812 11.01 
0.294 2 2 1 4.0 4.0 0.143 0.156 1.1474 1.1812 11.01 
0.295 2 2 1 4.0 4.0 0.173 0.138 1.0298 1.1474 11.00 
0.296 2 2 1 4.0 4.0 0.173 0.149 1.1474 1.1474 11.00 
0.297 2 2 1 4.0 4.0 0.178 0.139 1.1153 1.1474 11.00 
0.298 2 2 1 4.0 4.0 0.193 0.151 1.1474 1.1812 11.01 
0.299 2 2 1 4.0 4.0 0.185 0.151 1.1474 1.1812 11.01 
0.300 2 2 1 4.0 4.0 0.177 0.181 1.1474 1.1812 11.01 
0.301 2 2 1 4.0 4.0 0.183 0.143 1.1474 1.2169 11.00 
0.302 2 2 1 4.0 4.0 0.180 0.150 1.1153 1.1812 11.00 
0.303 2 2 1 4.0 4.0 0.197 0.153 1.1474 1.1812 11.01 
0.304 2 2 1 4.0 4.0 0.214 0.152 1.1474 1.0852 11.00 
0.305 2 2 1 4.0 4.0 0.161 0.177 1.1474 1.1474 11.01 
0.306 2 2 1 4.0 4.0 0.158 0.170 1.1474 1.1812 11.00 
0.307 2 2 1 4.0 4.0 0.165 0.162 1.1474 1.1812 11.00 
0.308 2 2 1 4.0 4.0 0.145 0.170 1.1812 1.1812 11.00 
0.309 2 2 1 4.0 4.0 0.165 0.158 1.1474 1.1474 11.01 
0.310 2 2 1 4.0 4.0 0.176 0.144 1.1812 1.1812 11.00 
0.311 2 2 1 4.0 4.0 0.150 0.158 1.1812 1.1153 11.01 
0.312 2 2 1 4.0 4.0 0.165 0.143 1.1812 1.1474 11.01 
0.313 2 2 1 4.0 4.0 0.188 0.140 1.1474 1.1812 11.00 
0.314 2 2 1 4.0 4.0 0.164 0.153 1.1474 1.1812 11.00 
0.315 2 2 1 4.0 4.0 0.181 0.147 1.1474 1.2169 11.00 
0.316 2 2 1 4.0 4.0 0.165 0.153 1.1812 1.1812 11.00 
0.317 2 2 1 4.0 4.0 0.170 0.158 1.1812 1.1812 11.01 
0.318 2 2 1 4.0 4.0 0.175 0.120 1.1812 1.1153 11.00 
0.319 2 2 1 4.0 4.0 0.173 0.111 1.0298 1.1812 11.01 
0.320 2 2 1 4.0 4.0 0.159 0.129 1.1812 1.1812 11.01 
0.321 2 2 1 4.0 4.0 0.165 0.120 1.1812 1.1812 11.00 
0.322 2 2 1 4.0 4.0 0.145 0.171 1.1474 1.2169 11.00 
0.323 2 2 1 4.0 4.0 0.127 0.146 1.1812 1.2169 11.01 
0.324 2 2 1 4.0 4.0 0.165 0.137 1.1812 1.2169 11.00 
0.325 2 2 1 4.0 4.0 0.143 0.158 1.1474 1.2169 11.04 
0.326 2 2 1 4.0 4.0 0.152 0.143 1.1474 1.2169 11.01 
0.327 2 2 1 4.0 4.0 0.164 0.129 1.1812 1.2169 11.00 
0.328 2 2 1 4.0 4.0 0.146 0.152 1.1812 1.1812 11.01 
0.329 2 2 1 4.0 4.0 0.137 0.128 1.1812 1.2551 11.01 
0.330 2 2 1 4.0 4.0 0.168 0.138 1.1812 1.2169 11.00 
0.331 2 2 1 4.0 4.0 0.139 0.160 1.2169 1.2169 11.00 
0.332 2 2 1 4.0 4.0 0.155 0.132 1.1812 1.1812 11.00 
0.333 2 2 1 4.0 4.0 0.135 0.151 1.2169 1.2551 11.01 
0.334 2 2 1 4.0 4.0 0.156 0.142 1.2169 1.2169 11.01 
0.335 2 2 1 4.0 4.0 0.195 0.112 1.2169 1.2169 11.00 
0.336 2 2 1 4.0 4.0 0.172 0.148 1.0567 1.0567 11.00 
0.337 2 2 1 4.0 4.0 0.134 0.147 1.2169 1.1812 11.01 
0.338 2 2 1 4.0 4.0 0.162 0.138 1.2169 1.1812 11.00 
0.339 2 2 1 4.0 4.0 0.131 0.182 1.1812 1.1812 11.00 
0.340 2 2 1 4.0 4.0 0.117 0.149 1.2169 1.2551 11.01 
0.341 2 2 1 4.0 4.0 0.124 0.147 1.2169 1.1812 11.01 
0.342 2 2 1 4.0 4.0 0.122 0.165 1.2169 1.2169 11.00 
0.343 2 2 1 4.0 4.0 0.137 0.135 1.1153 1.2169 11.00 
0.344 2 2 1 4.0 4.0 0.136 0.147 1.1812 1.2169 11.00 
0.345 2 2 1 4.0 4.0 0.143 0.155 1.1812 1.1812 11.01 
0.346 2 2 1 4.0 4.0 0.147 0.113 1.1812 1.1812 11.00 
0.347 2 2 1 4.0 4.0 0.136 0.143 1.1812 1.2551 11.00 
0.348 2 2 1 4.0 4.0 0.162 0.112 1.1812 1.2169 11.00 
0.349 2 2 1 4.0 4.0 0.168 0.108 1.2169 1.2169 11.00 
0.350 2 2 1 4.0 4.0 0.132 0.155 1.2169 1.2169 11.00 
0.351 2 2 1 4.0 4.0 0.121 0.124 1.2169 1.2551 11.00 
0.352 2 2 2 -4.0 -4.0 0.146 0.150 1.2169 1.2169 11.01 
0.353 2 2 2 -4.0 -4.0 -0.120 0.050 1.1812 1.2169 10.99 
0.354 2 2 2 -4.0 -4.0 -0.830 -0.647 1.2169 1.2169 10.94 
0.355 2 2 2 -4.0 -4.0 -1.230 -1.382 1.1474 1.1812 10.92 
0.356 2 2 2 -4.0 -4.0 -1.523 -1.679 1.1153 1.1153 10.88 
0.357 2 2 2 -4.0 -4.0 -1.758 -1.907 1.0567 1.1153 10.90 
0.358 2 2 2 -4.0 -4.0 -1.832 -2.037 1.0041 0.8924 10.89 
0.359 2 2 2 -4.0 -4.0 -1.640 -1.872 0.9338 0.8924 10.90 
0.360 2 2 2 -4.0 -4.0 -1.680 -1.853 0.8543 0.7434 10.89 
0.361 2 2 2 -4.0 -4.0 -1.741 -1.907 0.7575 0.7872 10.87 
0.362 2 2 2 -4.0 -4.0 -1.705 -1.969 0.6924 0.7169 10.87 
0.363 2 2 2 -4.0 -4.0 -1.536 -1.928 0.6804 0.6583 10.90 
0.364 2 2 2 -4.0 -4.0 -1.540 -1.797 0.6273 0.5735 10.90 
0.365 2 2 2 -4.0 -4.0 -1.579 -1.763 0.5426 0.5498 10.90 
0.366 2 2 2 -4.0 -4.0 -1.592 -1.754 0.4779 0.4956 10.90 
0.367 2 2 2 -4.0 -4.0 -1.543 -1.718 0.3751 0.4723 10.91 
0.368 2 2 2 -4.0 -4.0 -1.575 -1.675 0.3751 0.3040 10.89 
0.369 2 2 2 -4.0 -4.0 -1.599 -1.723 0.3137 0.2952 10.89 
0.370 2 2 2 -4.0 -4.0 -1.661 -1.651 0.2554 0.2888 10.91 
0.371 2 2 2 -4.0 -4.0 -1.420 -1.504 0.2554 0.2036 10.92 
0.372 2 2 2 -4.0 -4.0 -1.282 -1.485 0.1831 0.1996 10.91 
0.373 2 2 2 -4.0 -4.0 -1.199 -1.481 0.1257 0.1996 10.91 
0.374 2 2 2 -4.0 -4.0 -1.197 -1.462 0.1020 0.1353 10.92 
0.375 2 2 2 -4.0 -4.0 -1.233 -1.435 0.1020 0.1012 10.93 
0.376 2 2 2 -4.0 -4.0 -1.191 -1.395 0.1020 0.0807 10.93 
0.377 2 2 2 -4.0 -4.0 -1.116 -1.363 -0.1269 0.0671 10.94 
0.378 2 2 2 -4.0 -4.0 -1.084 -1.321 -0.1269 0.0574 10.94 
0.379 2 2 2 -4.0 -4.0 -1.060 -1.284 -0.1269 0.0502 10.94 
0.380 2 2 2 -4.0 -4.0 -1.070 -1.243 -0.1269 -0.0486 10.95 
0.381 2 2 2 -4.0 -4.0 -1.117 -1.191 -0.1293 -0.0486 10.94 
0.382 2 2 2 -4.0 -4.0 -1.128 -1.215 -0.2446 -0.1823 10.94 
0.383 2 2 2 -4.0 -4.0 -1.028 -1.268 -0.2446 -0.1823 10.95 
0.384 2 2 2 -4.0 -4.0 -0.902 -1.119 -0.2675 -0.2418 10.95 
0.385 2 2 2 -4.0 -4.0 -0.832 -0.990 -0.3185 -0.2494 10.96 
0.386 2 2 2 -4.0 -4.0 -0.786 -0.962 -0.3161 -0.3374 10.96 
0.387 2 2 2 -4.0 -4.0 -0.761 -0.952 -0.3860 -0.3374 10.96 
0.388 2 2 2 -4.0 -4.0 -0.756 -0.937 -0.3374 -0.3402 10.95 
0.389 2 2 2 -4.0 -4.0 -0.735 -0.913 -0.3751 -0.3787 10.95 
0.390 2 2 2 -4.0 -4.0 -0.714 -0.876 -0.4097 -0.3615 10.97 
0.391 2 2 2 -4.0 -4.0 -0.757 -0.877 -0.4510 -0.4056 10.97 
0.392 2 2 2 -4.0 -4.0 -0.689 -0.926 -0.4410 -0.4317 10.98 
0.393 2 2 2 -4.0 -4.0 -0.671 -0.849 -0.4723 -0.4615 10.98 
0.394 2 2 2 -4.0 -4.0 -0.650 -0.753 -0.5213 -0.5020 10.96 
0.395 2 2 2 -4.0 -4.0 -0.629 -0.720 -0.5081 -0.4723 10.97 
0.396 2 2 2 -4.0 -4.0 -0.626 -0.709 -0.5354 -0.5149 10.98 
0.397 2 2 2 -4.0 -4.0 -0.696 -0.714 -0.5735 -0.5575 10.98 
0.398 2 2 2 -4.0 -4.0 -0.628 -0.732 -0.5354 -0.5281 10.98 
0.399 2 2 2 -4.0 -4.0 -0.583 -0.659 -0.5820 -0.5426 10.99 
0.400 2 2 2 -4.0 -4.0 -0.553 -0.629 -0.6273 -0.5904 10.99 
0.401 2 2 2 -4.0 -4.0 -0.542 -0.635 -0.6273 -0.6085 10.98 
0.402 2 2 2 -4.0 -4.0 -0.566 -0.639 -0.6374 -0.5992 10.98 
0.403 2 2 2 -4.0 -4.0 -0.538 -0.641 -0.6374 -0.6177 10.99 
0.404 2 2 2 -4.0 -4.0 -0.516 -0.657 -0.6583 -0.6374 10.99 
0.405 2 2 2 -4.0 -4.0 -0.489 -0.603 -0.7044 -0.6804 10.98 
0.406 2 2 2 -4.0 -4.0 -0.463 -0.579 -0.6924 -0.6804 10.99 
0.407 2 2 2 -4.0 -4.0 -0.504 -0.541 -0.7434 -0.7044 10.98 
0.408 2 2 2 -4.0 -4.0 -0.450 -0.536 -0.7302 -0.6924 10.99 
0.409 2 2 2 -4.0 -4.0 -0.423 -0.530 -0.7434 -0.6804 10.99 
0.410 2 2 2 -4.0 -4.0 -0.389 -0.498 -0.7434 -0.7434 10.99 
0.411 2 2 2 -4.0 -4.0 -0.363 -0.484 -0.8032 -0.7044 10.99 
0.412 2 2 2 -4.0 -4.0 -0.345 -0.476 -0.7575 -0.7434 11.00 
0.413 2 2 2 -4.0 -4.0 -0.334 -0.475 -0.7434 -0.7434 10.99 
0.414 2 2 2 -4.0 -4.0 -0.330 -0.460 -0.7872 -0.7302 10.99 
0.415 2 2 2 -4.0 -4.0 -0.342 -0.454 -0.7575 -0.7575 11.00 
0.416 2 2 2 -4.0 -4.0 -0.358 -0.449 -0.7872 -0.7575 10.99 
0.417 2 2 2 -4.0 -4.0 -0.337 -0.465 -0.7872 -0.7872 11.00 
0.418 2 2 2 -4.0 -4.0 -0.327 -0.432 -0.7723 -0.7872 11.01 
0.419 2 2 2 -4.0 -4.0 -0.340 -0.404 -0.8032 -0.8032 11.00 
0.420 2 2 2 -4.0 -4.0 -0.356 -0.383 -0.8032 -0.8032 11.00 
0.421 2 2 2 -4.0 -4.0 -0.337 -0.393 -0.8366 -0.8032 11.00 
0.422 2 2 2 -4.0 -4.0 -0.330 -0.399 -0.8366 -0.8543 11.00 
0.423 2 2 2 -4.0 -4.0 -0.368 -0.397 -0.8727 -0.8032 11.00 
0.424 2 2 2 -4.0 -4.0 -0.340 -0.356 -0.8366 -0.8543 11.00 
0.425 2 2 2 -4.0 -4.0 -0.307 -0.349 -0.8924 -0.8366 11.00 
0.426 2 2 2 -4.0 -4.0 -0.295 -0.357 -0.8727 -0.8543 10.99 
0.427 2 2 2 -4.0 -4.0 -0.325 -0.344 -0.8924 -0.8727 11.00 
0.428 2 2 2 -4.0 -4.0 -0.311 -0.340 -0.9125 -0.8924 11.00 
0.429 2 2 2 -4.0 -4.0 -0.290 -0.370 -0.8543 -0.8727 11.01 
0.430 2 2 2 -4.0 -4.0 -0.307 -0.353 -0.9125 -0.9338 11.00 
0.431 2 2 2 -4.0 -4.0 -0.318 -0.325 -0.9338 -0.8924 11.00 
0.432 2 2 2 -4.0 -4.0 -0.277 -0.340 -0.9338 -0.9125 11.00 
0.433 2 2 2 -4.0 -4.0 -0.256 -0.325 -0.9559 -0.9125 11.00 
0.434 2 2 2 -4.0 -4.0 -0.263 -0.321 -0.9559 -0.9338 11.00 
0.435 2 2 2 -4.0 -4.0 -0.250 -0.294 -0.9338 -0.9338 11.00 
0.436 2 2 2 -4.0 -4.0 -0.229 -0.321 -0.9559 -0.8727 11.00 
0.437 2 2 2 -4.0 -4.0 -0.241 -0.306 -0.9796 -0.9125 11.00 
0.438 2 2 2 -4.0 -4.0 -0.246 -0.271 -0.9796 -0.9125 11.01 
0.439 2 2 2 -4.0 -4.0 -0.229 -0.279 -1.0041 -0.9559 11.01 
0.440 2 2 2 -4.0 -4.0 -0.213 -0.289 -1.0041 -0.9796 11.01 
0.441 2 2 2 -4.0 -4.0 -0.250 -0.268 -1.0041 -0.9796 11.01 
0.442 2 2 2 -4.0 -4.0 -0.249 -0.250 -1.0041 -0.9559 11.00 
0.443 2 2 2 -4.0 -4.0 -0.241 -0.287 -1.0041 -0.9796 11.00 
0.444 2 2 2 -4.0 -4.0 -0.279 -0.283 -1.0041 -0.9796 11.01 
0.445 2 2 2 -4.0 -4.0 -0.245 -0.256 -1.0298 -1.0041 11.00 
0.446 2 2 2 -4.0 -4.0 -0.229 -0.260 -1.0298 -0.9796 11.00 
0.447 2 2 2 -4.0 -4.0 -0.227 -0.270 -1.0567 -1.0298 11.00 
0.448 2 2 2 -4.0 -4.0 -0.242 -0.241 -1.0298 -1.0298 11.00 
0.449 2 2 2 -4.0 -4.0 -0.212 -0.246 -1.0041 -1.0298 11.00 
0.450 2 2 2 -4.0 -4.0 -0.224 -0.290 -1.0298 -1.0298 11.00 
0.451 2 2 2 -4.0 -4.0 -0.238 -0.256 -1.0298 -1.0041 10.97 
0.452 2 2 2 -4.0 -4.0 -0.215 -0.259 -1.0567 -1.0298 10.99 
0.453 2 2 2 -4.0 -4.0 -0.185 -0.283 -1.0567 -1.0567 11.00 
0.454 2 2 2 -4.0 -4.0 -0.189 -0.251 -1.0567 -0.9559 11.00 
0.455 2 2 2 -4.0 -4.0 -0.189 -0.199 -1.0567 -1.0567 11.01 
0.456 2 2 2 -4.0 -4.0 -0.198 -0.214 -0.9559 -1.0567 11.02 
0.457 2 2 2 -4.0 -4.0 -0.226 -0.243 -1.0567 -1.0567 11.01 
0.458 2 2 2 -4.0 -4.0 -0.197 -0.209 -1.0567 -1.0567 11.00 
0.459 2 2 2 -4.0 -4.0 -0.196 -0.238 -1.0567 -1.0298 10.99 
0.460 2 2 2 -4.0 -4.0 -0.221 -0.227 -1.0567 -1.0567 11.00 
0.461 2 2 2 -4.0 -4.0 -0.224 -0.202 -1.0567 -1.0567 11.01 
0.462 2 2 2 -4.0 -4.0 -0.210 -0.226 -1.0567 -1.0567 11.00 
0.463 2 2 2 -4.0 -4.0 -0.238 -0.226 -1.0852 -1.0567 11.00 
0.464 2 2 2 -4.0 -4.0 -0.208 -0.197 -1.0852 -1.0852 11.01 
0.465 2 2 2 -4.0 -4.0 -0.191 -0.197 -1.0852 -1.0298 11.01 
0.466 2 2 2 -4.0 -4.0 -0.205 -0.210 -1.1153 -1.0852 11.00 
0.467 2 2 2 -4.0 -4.0 -0.217 -0.195 -1.0852 -1.1153 11.01 
0.468 2 2 2 -4.0 -4.0 -0.186 -0.218 -1.0852 -1.0567 10.99 
0.469 2 2 2 -4.0 -4.0 -0.200 -0.237 -1.1153 -1.0852 11.00 
0.470 2 2 2 -4.0 -4.0 -0.183 -0.203 -1.0852 -1.0852 11.00 
0.471 2 2 2 -4.0 -4.0 -0.150 -0.207 -1.1153 -1.0041 11.00 
0.472 2 2 2 -4.0 -4.0 -0.155 -0.212 -1.1474 -1.0852 11.00 
0.473 2 2 2 -4.0 -4.0 -0.162 -0.191 -1.0852 -1.0852 11.00 
0.474 2 2 2 -4.0 -4.0 -0.155 -0.183 -1.1153 -0.9338 11.01 
0.475 2 2 2 -4.0 -4.0 -0.182 -0.184 -1.1153 -1.1153 11.01 
0.476 2 2 2 -4.0 -4.0 -0.181 -0.147 -1.0852 -1.1153 11.01 
0.477 2 2 2 -4.0 -4.0 -0.159 -0.177 -1.0852 -1.0041 11.00 
0.478 2 2 2 -4.0 -4.0 -0.174 -0.190 -1.1474 -1.1153 11.01 
0.479 2 2 2 -4.0 -4.0 -0.201 -0.180 -1.0852 -1.1153 11.00 
0.480 2 2 2 -4.0 -4.0 -0.172 -0.204 -1.0852 -1.1153 11.01 
0.481 2 2 2 -4.0 -4.0 -0.204 -0.179 -1.1474 -1.1153 11.00 
0.482 2 2 2 -4.0 -4.0 -0.203 -0.147 -1.1153 -1.1474 11.00 
0.483 2 2 2 -4.0 -4.0 -0.181 -0.156 -1.1153 -1.0852 11.00 
0.484 2 2 2 -4.0 -4.0 -0.195 -0.209 -1.1474 -1.1474 11.01 
0.485 2 2 2 -4.0 -4.0 -0.181 -0.188 -1.1153 -1.1812 11.01 
0.486 2 2 2 -4.0 -4.0 -0.181 -0.197 -1.0852 -1.1153 11.00 
0.487 2 2 2 -4.0 -4.0 -0.196 -0.203 -1.1474 -1.1474 11.00 
0.488 2 2 2 -4.0 -4.0 -0.177 -0.180 -1.1153 -1.1474 11.00 
0.489 2 2 2 -4.0 -4.0 -0.155 -0.186 -1.1474 -1.1153 11.01 
0.490 2 2 2 -4.0 -4.0 -0.151 -0.170 -1.1812 -1.1474 11.01 
0.491 2 2 2 -4.0 -4.0 -0.155 -0.150 -1.1153 -1.1474 11.00 
0.492 2 2 2 -4.0 -4.0 -0.147 -0.175 -1.1474 -1.1474 11.00 
0.493 2 2 2 -4.0 -4.0 -0.164 -0.161 -1.1474 -1.1474 11.01 
0.494 2 2 2 -4.0 -4.0 -0.152 -0.147 -1.1474 -1.1474 11.00 
0.495 2 2 2 -4.0 -4.0 -0.146 -0.161 -1.1474 -1.1474 11.01 
0.496 2 2 2 -4.0 -4.0 -0.145 -0.154 -1.0567 -1.1153 11.00 
0.497 2 2 2 -4.0 -4.0 -0.158 -0.139 -1.1153 -1.1153 11.01 
0.498 2 2 2 -4.0 -4.0 -0.149 -0.165 -1.1474 -1.1812 11.00 
0.499 2 2 2 -4.0 -4.0 -0.177 -0.151 -1.1153 -1.1474 11.00 
0.500 2 2 2 -4.0 -4.0 -0.179 -0.152 -1.1474 -1.1474 11.01 
0.501 2 2 2 -4.0 -4.0 -0.155 -0.153 -1.1474 -1.1812 10.99 
0.502 2 2 2 -4.0 -4.0 -0.175 -0.143 -1.1474 -1.1474 11.00 
0.503 2 2 3 0.0 0.0 -0.176 -0.144 -1.1812 -1.1474 11.00 
0.504 2 2 3 0.0 0.0 0.009 -0.126 -1.1474 -1.1812 11.01 
0.505 2 2 3 0.0 0.0 0.326 0.237 -1.1474 -1.1812 11.01 
0.506 2 2 3 0.0 0.0 0.568 0.572 -1.1474 -1.1812 11.01 
0.507 2 2 3 0.0 0.0 0.752 0.723 -1.1474 -1.1812 11.02 
0.508 2 2 3 0.0 0.0 0.769 0.896 -1.1153 -1.1153 11.01 
0.509 2 2 3 0.0 0.0 0.729 0.975 -1.0852 -1.0852 11.02 
0.510 2 2 3 0.0 0.0 0.785 0.854 -1.0567 -0.9559 11.02 
0.511 2 2 3 0.0 0.0 0.796 0.890 -1.0298 -0.9796 11.02 
0.512 2 2 3 0.0 0.0 0.694 0.937 -0.9796 -0.9559 11.02 
0.513 2 2 3 0.0 0.0 0.717 0.862 -0.8727 -0.8727 11.01 
0.514 2 2 3 0.0 0.0 0.751 0.825 -0.8727 -0.9125 11.02 
0.515 2 2 3 0.0 0.0 0.695 0.877 -0.8193 -0.8193 11.02 
0.516 2 2 3 0.0 0.0 0.641 0.881 -0.7872 -0.7872 11.02 
0.517 2 2 3 0.0 0.0 0.671 0.800 -0.7575 -0.8032 11.02 
0.518 2 2 3 0.0 0.0 0.690 0.737 -0.7434 -0.7302 11.02 
0.519 2 2 3 0.0 0.0 0.658 0.779 -0.7434 -0.7169 11.02 
0.520 2 2 3 0.0 0.0 0.564 0.782 -0.7169 -0.6374 11.02 
0.521 2 2 3 0.0 0.0 0.585 0.691 -0.7302 -0.6691 11.02 
0.522 2 2 3 0.0 0.0 0.620 0.623 -0.6583 -0.6691 11.02 
0.523 2 2 3 0.0 0.0 0.619 0.660 -0.6474 -0.6691 11.02 
0.524 2 2 3 0.0 0.0 0.545 0.705 -0.5575 -0.6085 11.02 
0.525 2 2 3 0.0 0.0 0.502 0.682 -0.6085 -0.6273 11.02 
0.526 2 2 3 0.0 0.0 0.511 0.661 -0.5904 -0.5655 11.02 
0.527 2 2 3 0.0 0.0 0.519 0.590 -0.5354 -0.5281 11.01 
0.528 2 2 3 0.0 0.0 0.517 0.551 -0.5426 -0.5498 11.02 
0.529 2 2 3 0.0 0.0 0.511 0.569 -0.5354 -0.5081 11.02 
0.530 2 2 3 0.0 0.0 0.463 0.575 -0.4562 -0.4615 11.02 
0.531 2 2 3 0.0 0.0 0.408 0.550 -0.4896 -0.4836 11.02 
0.532 2 2 3 0.0 0.0 0.408 0.520 -0.4667 -0.4510 11.02 
0.533 2 2 3 0.0 0.0 0.429 0.481 -0.4836 -0.4410 11.02 
0.534 2 2 3 0.0 0.0 0.427 0.435 -0.4510 -0.3787 11.01 
0.535 2 2 3 0.0 0.0 0.409 0.438 -0.4410 -0.4056 11.02 
0.536 2 2 3 0.0 0.0 0.382 0.444 -0.4317 -0.3896 11.02 
0.537 2 2 3 0.0 0.0 0.342 0.451 -0.4362 -0.3651 11.02 
0.538 2 2 3 0.0 0.0 0.291 0.428 -0.3550 -0.3317 11.02 
0.539 2 2 3 0.0 0.0 0.279 0.402 -0.3751 -0.3161 11.02 
0.540 2 2 3 0.0 0.0 0.294 0.377 -0.3137 -0.3582 11.02 
0.541 2 2 3 0.0 0.0 0.298 0.359 -0.3651 -0.3113 11.02 
0.542 2 2 3 0.0 0.0 0.300 0.306 -0.3651 -0.2972 11.01 
0.543 2 2 3 0.0 0.0 0.295 0.275 -0.3161 -0.2972 11.02 
0.544 2 2 3 0.0 0.0 0.289 0.269 -0.3137 -0.2434 11.03 
0.545 2 2 3 0.0 0.0 0.266 0.278 -0.2639 -0.2848 11.02 
0.546 2 2 3 0.0 0.0 0.248 0.281 -0.2639 -0.2848 11.02 
0.547 2 2 3 0.0 0.0 0.233 0.281 -0.3088 -0.2321 11.02 
0.548 2 2 3 0.0 0.0 0.210 0.275 -0.2623 -0.2321 11.02 
0.549 2 2 3 0.0 0.0 0.207 0.267 -0.2623 -0.2229 11.02 
0.550 2 2 3 0.0 0.0 0.201 0.265 -0.2607 -0.2229 11.01 
0.551 2 2 3 0.0 0.0 0.203 0.250 -0.2434 -0.1868 11.01 
0.552 2 2 3 0.0 0.0 0.207 0.226 -0.2293 -0.1868 11.02 
0.553 2 2 3 0.0 0.0 0.200 0.227 -0.2418 -0.2028 11.02 
0.554 2 2 3 0.0 0.0 0.197 0.215 -0.2418 -0.2028 11.01 
0.555 2 2 3 0.0 0.0 0.179 0.193 -0.1791 -0.1623 11.02 
0.556 2 2 3 0.0 0.0 0.190 0.179 -0.1783 -0.1619 11.02 
0.557 2 2 3 0.0 0.0 0.182 0.168 -0.1783 -0.1619 11.02 
0.558 2 2 3 0.0 0.0 0.173 0.145 -0.1884 -0.1518 11.02 
0.559 2 2 3 0.0 0.0 0.166 0.138 -0.1884 -0.1518 11.02 
0.560 2 2 3 0.0 0.0 0.147 0.141 -0.1723 -0.1518 11.02 
0.561 2 2 3 0.0 0.0 0.131 0.143 -0.1723 -0.1201 11.02 
0.562 2 2 3 0.0 0.0 0.127 0.144 -0.1723 -0.1193 11.02 
0.563 2 2 3 0.0 0.0 0.124 0.136 -0.1723 -0.1193 11.02 
0.564 2 2 3 0.0 0.0 0.118 0.120 -0.1723 -0.1193 11.02 
0.565 2 2 3 0.0 0.0 0.113 0.117 -0.1285 -0.1177 11.02 
0.566 2 2 3 0.0 0.0 0.121 0.122 -0.1285 -0.1177 11.01 
0.567 2 2 3 0.0 0.0 0.112 0.110 -0.1285 -0.1177 11.02 
0.568 2 2 3 0.0 0.0 0.119 0.101 -0.1285 -0.1125 11.02 
0.569 2 2 3 0.0 0.0 0.116 0.097 -0.1285 -0.0876 11.02 
0.570 2 2 3 0.0 0.0 0.118 0.083 -0.1285 -0.0831 11.02 
0.571 2 2 3 0.0 0.0 0.110 0.076 -0.1285 -0.0831 11.02 
0.572 2 2 3 0.0 0.0 0.102 0.071 -0.1012 -0.0831 11.02 
0.573 2 2 3 0.0 0.0 0.098 0.067 -0.0964 -0.0831 11.02 
0.574 2 2 3 0.0 0.0 0.087 0.060 -0.0964 -0.0831 11.02 
0.575 2 2 3 0.0 0.0 0.081 0.059 -0.0964 -0.0695 11.02 
0.576 2 2 3 0.0 0.0 0.075 0.059 -0.0964 -0.0594 11.02 
0.577 2 2 3 0.0 0.0 0.070 0.052 -0.0872 -0.0566 11.02 
0.578 2 2 3 0.0 0.0 0.061 0.052 -0.0872 -0.0566 11.02 
0.579 2 2 3 0.0 0.0 0.057 0.047 -0.0872 -0.0566 11.02 
0.580 2 2 3 0.0 0.0 0.062 0.054 -0.0872 -0.0566 11.02 
0.581 2 2 3 0.0 0.0 0.063 0.044 -0.0872 -0.0566 11.02 
0.582 2 2 3 0.0 0.0 0.066 0.040 -0.0767 -0.0566 11.02 
0.583 2 2 3 0.0 0.0 0.062 0.031 -0.0643 -0.0566 11.03 
0.584 2 2 3 0.0 0.0 0.052 0.026 -0.0554 -0.0522 11.02 
0.585 2 2 3 0.0 0.0 0.059 0.020 -0.0498 -0.0462 11.02 
0.586 2 2 3 0.0 0.0 0.044 0.019 -0.0498 -0.0414 11.02 
0.587 2 2 3 0.0 0.0 0.044 0.020 -0.0498 -0.0374 11.03 
0.588 2 2 3 0.0 0.0 0.043 0.016 -0.0498 -0.0341 11.02 
0.589 2 2 3 0.0 0.0 0.043 0.014 -0.0498 -0.0313 11.02 
0.590 2 2 3 0.0 0.0 0.033 0.017 -0.0498 -0.0293 11.02 
0.591 2 2 3 0.0 0.0 0.029 0.017 -0.0498 -0.0273 11.02 
0.592 2 2 3 0.0 0.0 0.032 0.014 -0.0498 -0.0253 11.02 
0.593 2 2 3 0.0 0.0 0.028 0.011 -0.0490 -0.0241 11.02 
0.594 2 2 3 0.0 0.0 0.024 0.010 -0.0438 -0.0241 11.02 
0.595 2 2 3 0.0 0.0 0.028 0.012 -0.0394 -0.0241 11.02 
0.596 2 2 3 0.0 0.0 0.026 0.013 -0.0357 -0.0241 11.02 
0.597 2 2 3 0.0 0.0 0.027 0.014 -0.0329 -0.0241 11.02 
0.598 2 2 3 0.0 0.0 0.024 0.009 -0.0305 -0.0241 11.02 
0.599 2 2 3 0.0 0.0 0.020 0.008 -0.0305 -0.0241 11.02 
0.600 2 2 3 0.0 0.0 0.021 0.009 -0.0305 -0.0241 11.02 
0.601 2 2 3 0.0 0.0 0.020 0.006 -0.0305 -0.0241 11.02 
0.602 2 2 3 0.0 0.0 0.015 0.002 -0.0305 -0.0241 11.02 
0.603 2 2 3 0.0 0.0 0.012 0.005 -0.0305 -0.0241 11.02 
0.604 2 2 3 0.0 0.0 0.006 0.010 -0.0305 -0.0241 11.02 
0.605 2 2 3 0.0 0.0 0.003 0.005 -0.0305 -0.0241 11.02 
0.606 2 2 3 0.0 0.0 0.005 -0.002 -0.0305 -0.0241 11.02 
0.607 2 2 3 0.0 0.0 0.014 -0.003 -0.0305 -0.0241 11.02 
0.608 2 2 3 0.0 0.0 0.012 -0.001 -0.0305 -0.0241 11.02 
0.609 2 2 3 0.0 0.0 0.010 -0.001 -0.0305 -0.0241 11.02 
0.610 2 2 3 0.0 0.0 0.015 -0.001 -0.0305 -0.0229 11.02 
0.611 2 2 3 0.0 0.0 0.005 -0.003 -0.0305 -0.0217 11.02 
0.612 2 2 3 0.0 0.0 0.004 0.004 -0.0281 -0.0205 11.02 
0.613 2 2 3 0.0 0.0 0.007 -0.001 -0.0265 -0.0197 11.01 
0.614 2 2 3 0.0 0.0 0.010 0.010 -0.0245 -0.0189 11.02 
0.615 2 2 3 0.0 0.0 0.010 0.008 -0.0233 -0.0177 11.02 
0.616 2 2 3 0.0 0.0 0.012 0.009 -0.0221 -0.0169 11.02 
0.617 2 2 3 0.0 0.0 0.006 0.014 -0.0209 -0.0165 11.01 
0.618 2 2 3 0.0 0.0 0.011 0.010 -0.0197 -0.0157 11.02 
0.619 2 2 3 0.0 0.0 0.005 0.004 -0.0189 -0.0153 11.02 
0.620 2 2 3 0.0 0.0 0.003 0.002 -0.0181 -0.0145 11.02 
0.621 2 2 3 0.0 0.0 0.005 0.008 -0.0173 -0.0141 11.02 
0.622 2 2 3 0.0 0.0 -0.001 0.002 -0.0165 -0.0137 11.02 
0.623 2 2 3 0.0 0.0 -0.002 -0.001 -0.0157 -0.0133 11.02 
0.624 2 2 3 0.0 0.0 -0.003 -0.003 -0.0153 -0.0125 11.02 
0.625 2 2 3 0.0 0.0 0.005 -0.002 -0.0145 -0.0120 11.01 
0.626 2 2 3 0.0 0.0 0.001 -0.001 -0.0141 -0.0120 11.01 
0.627 2 2 3 0.0 0.0 -0.006 0.002 -0.0137 -0.0116 11.01 
0.628 2 2 3 0.0 0.0 -0.007 -0.002 -0.0133 -0.0112 11.02 
0.629 2 2 3 0.0 0.0 -0.005 -0.004 -0.0129 -0.0108 11.02 
0.630 2 2 3 0.0 0.0 -0.006 -0.002 -0.0125 -0.0104 11.02 
0.631 2 2 3 0.0 0.0 -0.002 -0.001 -0.0120 -0.0104 11.01 
0.632 2 2 3 0.0 0.0 -0.002 -0.001 -0.0116 -0.0100 11.02 
0.633 2 2 3 0.0 0.0 -0.006 0.005 -0.0112 -0.0096 11.01 
0.634 2 2 3 0.0 0.0 -0.003 0.005 -0.0108 -0.0096 11.02 
0.635 2 2 3 0.0 0.0 0.001 0.001 -0.0104 -0.0092 11.02 
0.636 2 2 3 0.0 0.0 -0.002 0.004 -0.0104 -0.0092 11.02 
0.637 2 2 3 0.0 0.0 -0.004 0.003 -0.0100 -0.0088 11.02 
0.638 2 2 3 0.0 0.0 -0.000 0.006 -0.0096 -0.0088 11.02 
0.639 2 2 3 0.0 0.0 -0.002 0.005 -0.0096 -0.0084 11.02 
0.640 2 2 3 0.0 0.0 0.002 0.005 -0.0092 -0.0084 11.02 
0.641 2 2 3 0.0 0.0 -0.000 0.006 -0.0092 -0.0080 11.02 
0.642 2 2 3 0.0 0.0 -0.002 0.001 -0.0088 -0.0080 11.02 
0.643 2 2 3 0.0 0.0 0.001 0.000 -0.0088 -0.0076 11.02 
0.644 2 2 3 0.0 0.0 0.003 0.000 -0.0084 -0.0076 11.02 
0.645 2 2 3 0.0 0.0 -0.005 -0.003 -0.0084 -0.0076 11.02 
0.646 2 2 3 0.0 0.0 -0.000 -0.003 -0.0080 -0.0072 11.01 
0.647 2 2 3 0.0 0.0 0.002 -0.001 -0.0080 -0.0072 11.02 
0.648 2 2 3 0.0 0.0 -0.001 -0.002 -0.0076 -0.0072 11.02 
0.649 2 2 3 0.0 0.0 -0.005 0.000 -0.0076 -0.0068 11.02 
0.650 2 2 3 0.0 0.0 -0.004 0.001 -0.0076 -0.0068 11.02 
0.651 2 2 3 0.0 0.0 -0.005 0.002 -0.0072 -0.0068 11.02 
0.652 2 2 3 0.0 0.0 0.006 -0.004 -0.0072 -0.0064 11.02 
0.653 2 2 3 0.0 0.0 -0.000 -0.003 -0.0072 -0.0064 11.02 
0.654 2 2 3 0.0 0.0 0.009 -0.002 -0.0068 -0.0064 11.02 
0.655 2 2 3 0.0 0.0 0.013 -0.017 -0.0068 -0.0064 11.02 
0.656 2 2 3 0.0 0.0 -0.001 -0.006 -0.0068 -0.0060 11.02 
0.657 2 2 3 0.0 0.0 -0.003 0.006 -0.0064 -0.0060 11.02 
0.658 2 2 3 0.0 0.0 -0.001 0.006 -0.0064 -0.0060 11.02 
0.659 2 2 3 0.0 0.0 -0.002 0.002 -0.0064 -0.0060 11.02 
0.660 2 2 3 0.0 0.0 -0.002 0.000 -0.0064 -0.0056 11.02 
0.661 2 2 3 0.0 0.0 -0.001 0.003 -0.0060 -0.0056 11.02 
0.662 2 2 3 0.0 0.0 0.005 0.002 -0.0060 -0.0056 11.02 
0.663 2 2 3 0.0 0.0 -0.001 0.010 -0.0060 -0.0056 11.02 
0.664 2 2 3 0.0 0.0 -0.001 0.006 -0.0060 -0.0056 11.01 
0.665 2 2 3 0.0 0.0 -0.002 0.002 -0.0056 -0.0052 11.01 
