%% logfile from robot Sofia (2)
% Sofia (2)
%  1    time 0.000 sec
%  2  3  4   (mission 0), state 2, thread 2, line 0
%  5  6 Motor voltage [V] left, right: 2.0 2.0
%  7  8 Motor current left, right [A]: 0.048 0.054
%  9 10 Wheel velocity [m/s] left, right: 0.0000 0.0000
% 11    Battery voltage [V]: 11.49
0.001 2 2 0 2.0 2.0 0.041 -0.018 0.0000 0.0000 11.49 
0.002 2 2 0 2.0 2.0 0.244 0.161 0.0000 0.0000 11.48 
0.003 2 2 0 2.0 2.0 0.412 0.326 0.0000 0.0000 11.48 
0.004 2 2 0 2.0 2.0 0.460 0.434 0.0000 0.0000 11.48 
0.005 2 2 0 2.0 2.0 0.499 0.520 0.0000 0.0000 11.48 
0.006 2 2 0 2.0 2.0 0.497 0.548 0.0000 0.0000 11.48 
0.007 2 2 0 2.0 2.0 0.491 0.544 0.0000 0.0000 11.48 
0.008 2 2 0 2.0 2.0 0.464 0.560 0.0000 0.0000 11.48 
0.009 2 2 0 2.0 2.0 0.463 0.566 0.0000 0.0759 11.47 
0.010 2 2 0 2.0 2.0 0.461 0.547 0.1137 0.0759 11.48 
0.011 2 2 0 2.0 2.0 0.462 0.562 0.1137 0.0759 11.48 
0.012 2 2 0 2.0 2.0 0.456 0.575 0.1137 0.1394 11.48 
0.013 2 2 0 2.0 2.0 0.468 0.591 0.1370 0.1394 11.48 
0.014 2 2 0 2.0 2.0 0.463 0.557 0.1370 0.1606 11.48 
0.015 2 2 0 2.0 2.0 0.409 0.509 0.1691 0.1606 11.48 
0.016 2 2 0 2.0 2.0 0.384 0.501 0.1691 0.2241 11.48 
0.017 2 2 0 2.0 2.0 0.382 0.475 0.1691 0.2241 11.48 
0.018 2 2 0 2.0 2.0 0.391 0.465 0.1723 0.2068 11.48 
0.019 2 2 0 2.0 2.0 0.374 0.464 0.2217 0.2068 11.48 
0.020 2 2 0 2.0 2.0 0.366 0.414 0.2217 0.2402 11.48 
0.021 2 2 0 2.0 2.0 0.352 0.387 0.2125 0.2434 11.48 
0.022 2 2 0 2.0 2.0 0.347 0.385 0.2125 0.2434 11.48 
0.023 2 2 0 2.0 2.0 0.354 0.360 0.2522 0.3137 11.48 
0.024 2 2 0 2.0 2.0 0.360 0.338 0.2747 0.2767 11.48 
0.025 2 2 0 2.0 2.0 0.321 0.353 0.2747 0.2767 11.48 
0.026 2 2 0 2.0 2.0 0.316 0.369 0.2908 0.3016 11.49 
0.027 2 2 0 2.0 2.0 0.332 0.375 0.2510 0.2848 11.49 
0.028 2 2 0 2.0 2.0 0.330 0.335 0.2510 0.3651 11.48 
0.029 2 2 0 2.0 2.0 0.316 0.330 0.3016 0.3346 11.48 
0.030 2 2 0 2.0 2.0 0.313 0.329 0.3113 0.3346 11.48 
0.031 2 2 0 2.0 2.0 0.336 0.303 0.3317 0.3346 11.48 
0.032 2 2 0 2.0 2.0 0.302 0.300 0.3213 0.3040 11.48 
0.033 2 2 0 2.0 2.0 0.290 0.287 0.2731 0.4016 11.48 
0.034 2 2 0 2.0 2.0 0.262 0.286 0.3346 0.3550 11.49 
0.035 2 2 0 2.0 2.0 0.288 0.290 0.3185 0.3715 11.48 
0.036 2 2 0 2.0 2.0 0.297 0.293 0.3651 0.3615 11.48 
0.037 2 2 0 2.0 2.0 0.288 0.280 0.3490 0.3936 11.48 
0.038 2 2 0 2.0 2.0 0.285 0.265 0.3490 0.3490 11.48 
0.039 2 2 0 2.0 2.0 0.267 0.275 0.3615 0.3896 11.48 
0.040 2 2 0 2.0 2.0 0.265 0.278 0.3550 0.3976 11.48 
0.041 2 2 0 2.0 2.0 0.261 0.267 0.3860 0.4225 11.48 
0.042 2 2 0 2.0 2.0 0.235 0.239 0.3346 0.3490 11.49 
0.043 2 2 0 2.0 2.0 0.242 0.246 0.3896 0.3823 11.48 
0.044 2 2 0 2.0 2.0 0.229 0.260 0.3430 0.3823 11.48 
0.045 2 2 0 2.0 2.0 0.225 0.259 0.3751 0.4317 11.48 
0.046 2 2 0 2.0 2.0 0.245 0.236 0.3936 0.4362 11.49 
0.047 2 2 0 2.0 2.0 0.251 0.230 0.4016 0.4362 11.49 
0.048 2 2 0 2.0 2.0 0.262 0.236 0.3582 0.4362 11.48 
0.049 2 2 0 2.0 2.0 0.243 0.217 0.3936 0.4615 11.48 
0.050 2 2 0 2.0 2.0 0.230 0.195 0.3976 0.4510 11.48 
0.051 2 2 0 2.0 2.0 0.201 0.238 0.4137 0.4016 11.48 
0.052 2 2 0 2.0 2.0 0.197 0.228 0.3860 0.4562 11.48 
0.053 2 2 0 2.0 2.0 0.198 0.221 0.4181 0.4723 11.48 
0.054 2 2 0 2.0 2.0 0.216 0.179 0.4225 0.4723 11.49 
0.055 2 2 0 2.0 2.0 0.191 0.175 0.4362 0.4410 11.49 
0.056 2 2 0 2.0 2.0 0.195 0.182 0.4225 0.4779 11.49 
0.057 2 2 0 2.0 2.0 0.212 0.195 0.4462 0.4779 11.49 
0.058 2 2 0 2.0 2.0 0.171 0.216 0.4362 0.4562 11.49 
0.059 2 2 0 2.0 2.0 0.157 0.212 0.4016 0.4956 11.48 
0.060 2 2 0 2.0 2.0 0.189 0.203 0.4317 0.4896 11.49 
0.061 2 2 0 2.0 2.0 0.184 0.199 0.4269 0.4896 11.49 
0.062 2 2 0 2.0 2.0 0.187 0.190 0.4462 0.5081 11.49 
0.063 2 2 0 2.0 2.0 0.214 0.166 0.4410 0.5020 11.49 
0.064 2 2 0 2.0 2.0 0.192 0.182 0.4667 0.5020 11.48 
0.065 2 2 0 2.0 2.0 0.171 0.201 0.4510 0.4779 11.48 
0.066 2 2 0 2.0 2.0 0.168 0.202 0.4667 0.4956 11.48 
0.067 2 2 0 2.0 2.0 0.181 0.142 0.4779 0.5020 11.49 
0.068 2 2 0 2.0 2.0 0.182 0.132 0.4779 0.4896 11.49 
0.069 2 2 0 2.0 2.0 0.168 0.135 0.4836 0.4956 11.49 
0.070 2 2 0 2.0 2.0 0.193 0.156 0.4615 0.5149 11.49 
0.071 2 2 0 2.0 2.0 0.168 0.178 0.4836 0.4956 11.48 
0.072 2 2 0 2.0 2.0 0.158 0.181 0.4836 0.5426 11.48 
0.073 2 2 0 2.0 2.0 0.157 0.170 0.4956 0.5354 11.48 
0.074 2 2 0 2.0 2.0 0.179 0.153 0.5081 0.4956 11.49 
0.075 2 2 0 2.0 2.0 0.191 0.122 0.4723 0.5426 11.49 
0.076 2 2 0 2.0 2.0 0.187 0.134 0.5020 0.5281 11.48 
0.077 2 2 0 2.0 2.0 0.186 0.161 0.5149 0.5213 11.48 
0.078 2 2 0 2.0 2.0 0.140 0.163 0.4667 0.5655 11.48 
0.079 2 2 0 2.0 2.0 0.130 0.144 0.4896 0.5354 11.48 
0.080 2 2 0 2.0 2.0 0.125 0.107 0.4896 0.5354 11.48 
0.081 2 2 0 2.0 2.0 0.151 0.079 0.5213 0.5735 11.49 
0.082 2 2 0 2.0 2.0 0.168 0.112 0.5213 0.5281 11.49 
0.083 2 2 0 2.0 2.0 0.153 0.165 0.5149 0.5149 11.49 
0.084 2 2 0 2.0 2.0 0.130 0.179 0.4956 0.5655 11.48 
0.085 2 2 0 2.0 2.0 0.123 0.155 0.5149 0.5498 11.48 
0.086 2 2 0 2.0 2.0 0.147 0.135 0.4896 0.5498 11.49 
0.087 2 2 0 2.0 2.0 0.134 0.144 0.5149 0.5575 11.49 
0.088 2 2 0 2.0 2.0 0.148 0.140 0.5281 0.5575 11.49 
0.089 2 2 0 2.0 2.0 0.148 0.148 0.4896 0.5149 11.48 
0.090 2 2 0 2.0 2.0 0.153 0.153 0.5149 0.5735 11.49 
0.091 2 2 0 2.0 2.0 0.151 0.124 0.5081 0.5655 11.49 
0.092 2 2 0 2.0 2.0 0.141 0.113 0.4956 0.5281 11.49 
0.093 2 2 0 2.0 2.0 0.132 0.075 0.5213 0.5655 11.48 
0.094 2 2 0 2.0 2.0 0.149 0.082 0.5213 0.5655 11.48 
0.095 2 2 0 2.0 2.0 0.141 0.118 0.5149 0.5820 11.48 
0.096 2 2 0 2.0 2.0 0.127 0.148 0.5354 0.5735 11.49 
0.097 2 2 0 2.0 2.0 0.119 0.143 0.5281 0.5735 11.49 
0.098 2 2 0 2.0 2.0 0.111 0.101 0.5354 0.5904 11.48 
0.099 2 2 0 2.0 2.0 0.130 0.093 0.5354 0.5820 11.48 
0.100 2 2 0 2.0 2.0 0.157 0.138 0.5149 0.5498 11.49 
0.101 2 2 0 2.0 2.0 0.155 0.155 0.5354 0.5992 11.49 
0.102 2 2 0 2.0 2.0 0.142 0.145 0.5498 0.5655 11.49 
0.103 2 2 0 2.0 2.0 0.119 0.099 0.5281 0.5575 11.49 
0.104 2 2 0 2.0 2.0 0.110 0.077 0.5426 0.5992 11.49 
0.105 2 2 0 2.0 2.0 0.127 0.076 0.5498 0.5735 11.48 
0.106 2 2 0 2.0 2.0 0.149 0.094 0.5498 0.5498 11.48 
0.107 2 2 0 2.0 2.0 0.148 0.123 0.5575 0.5992 11.49 
0.108 2 2 0 2.0 2.0 0.137 0.117 0.5498 0.5904 11.49 
0.109 2 2 0 2.0 2.0 0.123 0.083 0.5281 0.5992 11.49 
0.110 2 2 0 2.0 2.0 0.104 0.083 0.5426 0.5820 11.49 
0.111 2 2 0 2.0 2.0 0.089 0.108 0.5735 0.5820 11.49 
0.112 2 2 0 2.0 2.0 0.120 0.119 0.5281 0.6177 11.49 
0.113 2 2 0 2.0 2.0 0.132 0.102 0.5575 0.5735 11.48 
0.114 2 2 0 2.0 2.0 0.124 0.068 0.5735 0.5820 11.48 
0.115 2 2 0 2.0 2.0 0.108 0.072 0.5149 0.6177 11.49 
0.116 2 2 0 2.0 2.0 0.108 0.100 0.5426 0.5655 11.49 
0.117 2 2 0 2.0 2.0 0.119 0.153 0.5655 0.5498 11.49 
0.118 2 2 0 2.0 2.0 0.135 0.157 0.5655 0.5992 11.49 
0.119 2 2 0 2.0 2.0 0.122 0.137 0.5575 0.5904 11.49 
0.120 2 2 0 2.0 2.0 0.110 0.091 0.5820 0.6273 11.49 
0.121 2 2 0 2.0 2.0 0.105 0.061 0.5426 0.5904 11.48 
0.122 2 2 0 2.0 2.0 0.117 0.095 0.5281 0.5904 11.49 
0.123 2 2 0 2.0 2.0 0.109 0.111 0.5575 0.6085 11.49 
0.124 2 2 0 2.0 2.0 0.130 0.110 0.5735 0.6085 11.49 
0.125 2 2 0 2.0 2.0 0.140 0.106 0.5281 0.5575 11.48 
0.126 2 2 0 2.0 2.0 0.134 0.068 0.5575 0.6085 11.48 
0.127 2 2 0 2.0 2.0 0.108 0.063 0.5655 0.5992 11.49 
0.128 2 2 0 2.0 2.0 0.100 0.072 0.5354 0.5735 11.49 
0.129 2 2 0 2.0 2.0 0.115 0.098 0.5655 0.5992 11.49 
0.130 2 2 0 2.0 2.0 0.118 0.111 0.5735 0.5992 11.49 
0.131 2 2 0 2.0 2.0 0.108 0.099 0.5426 0.6177 11.49 
0.132 2 2 0 2.0 2.0 0.094 0.070 0.5575 0.6085 11.49 
0.133 2 2 0 2.0 2.0 0.092 0.072 0.5655 0.5735 11.49 
0.134 2 2 0 2.0 2.0 0.099 0.116 0.5354 0.6177 11.49 
0.135 2 2 0 2.0 2.0 0.118 0.122 0.5426 0.5992 11.49 
0.136 2 2 0 2.0 2.0 0.125 0.117 0.5575 0.5820 11.48 
0.137 2 2 0 2.0 2.0 0.129 0.080 0.5426 0.5992 11.48 
0.138 2 2 0 2.0 2.0 0.113 0.082 0.5498 0.5992 11.48 
0.139 2 2 0 2.0 2.0 0.108 0.095 0.5655 0.6273 11.48 
0.140 2 2 0 2.0 2.0 0.097 0.098 0.5735 0.6273 11.48 
0.141 2 2 0 2.0 2.0 0.117 0.061 0.5735 0.5820 11.48 
0.142 2 2 0 2.0 2.0 0.122 0.063 0.5820 0.6273 11.48 
0.143 2 2 0 2.0 2.0 0.122 0.084 0.5735 0.6085 11.48 
0.144 2 2 0 2.0 2.0 0.099 0.124 0.5498 0.5992 11.48 
0.145 2 2 0 2.0 2.0 0.085 0.107 0.5820 0.5655 11.48 
0.146 2 2 0 2.0 2.0 0.080 0.053 0.5904 0.5992 11.49 
0.147 2 2 0 2.0 2.0 0.104 0.007 0.5498 0.6474 11.49 
0.148 2 2 0 2.0 2.0 0.119 0.030 0.5820 0.5735 11.49 
0.149 2 2 0 2.0 2.0 0.111 0.075 0.5992 0.5904 11.49 
0.150 2 2 0 2.0 2.0 0.096 0.129 0.5575 0.6273 11.49 
0.151 2 2 0 2.0 2.0 0.095 0.120 0.5575 0.6177 11.49 
0.152 2 2 0 2.0 2.0 0.096 0.078 0.5904 0.6177 11.49 
0.153 2 2 0 2.0 2.0 0.108 0.059 0.5904 0.6177 11.49 
0.154 2 2 0 2.0 2.0 0.108 0.076 0.5820 0.6177 11.48 
0.155 2 2 0 2.0 2.0 0.096 0.121 0.5575 0.6273 11.48 
0.156 2 2 0 2.0 2.0 0.090 0.122 0.5820 0.6273 11.48 
0.157 2 2 0 2.0 2.0 0.082 0.082 0.5820 0.5735 11.49 
0.158 2 2 0 2.0 2.0 0.096 0.032 0.5735 0.6273 11.48 
0.159 2 2 0 2.0 2.0 0.113 0.054 0.5498 0.6177 11.49 
0.160 2 2 0 2.0 2.0 0.106 0.115 0.5820 0.5904 11.49 
0.161 2 2 0 2.0 2.0 0.094 0.136 0.5655 0.6273 11.49 
0.162 2 2 0 2.0 2.0 0.088 0.098 0.5498 0.6177 11.48 
0.163 2 2 0 2.0 2.0 0.104 0.060 0.5820 0.6374 11.48 
0.164 2 2 0 2.0 2.0 0.128 0.064 0.5735 0.6177 11.49 
0.165 2 2 0 2.0 2.0 0.119 0.095 0.5498 0.5904 11.49 
0.166 2 2 0 2.0 2.0 0.098 0.110 0.5735 0.6374 11.49 
0.167 2 2 0 2.0 2.0 0.086 0.083 0.5820 0.6085 11.49 
0.168 2 2 0 2.0 2.0 0.086 0.071 0.5426 0.5904 11.49 
0.169 2 2 0 2.0 2.0 0.096 0.056 0.5354 0.6085 11.49 
0.170 2 2 0 2.0 2.0 0.117 0.097 0.5735 0.6085 11.49 
0.171 2 2 0 2.0 2.0 0.115 0.117 0.5575 0.6374 11.48 
0.172 2 2 0 2.0 2.0 0.102 0.059 0.5655 0.6273 11.48 
0.173 2 2 0 2.0 2.0 0.096 0.053 0.5820 0.5735 11.48 
0.174 2 2 0 2.0 2.0 0.098 0.066 0.5904 0.6273 11.48 
0.175 2 2 0 2.0 2.0 0.123 0.098 0.5904 0.6085 11.48 
0.176 2 2 0 2.0 2.0 0.119 0.109 0.5655 0.5992 11.48 
0.177 2 2 0 2.0 2.0 0.105 0.111 0.5820 0.5992 11.49 
0.178 2 2 0 2.0 2.0 0.089 0.101 0.5655 0.6085 11.49 
0.179 2 2 0 2.0 2.0 0.081 0.075 0.5904 0.6474 11.48 
0.180 2 2 0 2.0 2.0 0.079 0.067 0.6085 0.5820 11.49 
0.181 2 2 0 2.0 2.0 0.109 0.063 0.5820 0.5735 11.49 
0.182 2 2 0 2.0 2.0 0.115 0.113 0.5904 0.6374 11.48 
0.183 2 2 0 2.0 2.0 0.098 0.087 0.5149 0.6177 11.48 
0.184 2 2 0 2.0 2.0 0.090 0.081 0.5735 0.6583 11.48 
0.185 2 2 0 2.0 2.0 0.085 0.054 0.5655 0.6177 11.48 
0.186 2 2 0 2.0 2.0 0.100 0.069 0.5992 0.5655 11.48 
0.187 2 2 0 2.0 2.0 0.100 0.107 0.5992 0.6273 11.48 
0.188 2 2 0 2.0 2.0 0.100 0.092 0.6085 0.6273 11.48 
0.189 2 2 0 2.0 2.0 0.086 0.065 0.5655 0.5820 11.49 
0.190 2 2 0 2.0 2.0 0.076 0.072 0.5498 0.6273 11.49 
0.191 2 2 0 2.0 2.0 0.084 0.085 0.5820 0.6177 11.49 
0.192 2 2 0 2.0 2.0 0.115 0.096 0.5904 0.6374 11.48 
0.193 2 2 0 2.0 2.0 0.115 0.109 0.5498 0.6177 11.48 
0.194 2 2 0 2.0 2.0 0.100 0.102 0.5820 0.5904 11.48 
0.195 2 2 0 2.0 2.0 0.081 0.102 0.5904 0.6374 11.48 
0.196 2 2 0 2.0 2.0 0.075 0.086 0.5655 0.6085 11.48 
0.197 2 2 0 2.0 2.0 0.100 0.094 0.5820 0.5820 11.48 
0.198 2 2 0 2.0 2.0 0.111 0.096 0.5904 0.5992 11.48 
0.199 2 2 0 2.0 2.0 0.108 0.086 0.5904 0.5992 11.48 
0.200 2 2 0 2.0 2.0 0.092 0.066 0.5820 0.6374 11.49 
0.201 2 2 1 4.0 4.0 0.076 0.068 0.5904 0.6085 11.48 
0.202 2 2 1 4.0 4.0 0.164 0.128 0.5820 0.5820 11.47 
0.203 2 2 1 4.0 4.0 0.363 0.286 0.5655 0.6374 11.46 
0.204 2 2 1 4.0 4.0 0.473 0.477 0.5820 0.6374 11.45 
0.205 2 2 1 4.0 4.0 0.552 0.559 0.6177 0.5992 11.45 
0.206 2 2 1 4.0 4.0 0.572 0.583 0.6273 0.6583 11.45 
0.207 2 2 1 4.0 4.0 0.579 0.630 0.6177 0.6691 11.44 
0.208 2 2 1 4.0 4.0 0.622 0.551 0.6691 0.6804 11.44 
0.209 2 2 1 4.0 4.0 0.545 0.559 0.7434 0.6924 11.45 
0.210 2 2 1 4.0 4.0 0.511 0.558 0.6804 0.7434 11.45 
0.211 2 2 1 4.0 4.0 0.507 0.551 0.7169 0.7169 11.44 
0.212 2 2 1 4.0 4.0 0.515 0.538 0.7434 0.7434 11.44 
0.213 2 2 1 4.0 4.0 0.526 0.513 0.7169 0.7723 11.45 
0.214 2 2 1 4.0 4.0 0.486 0.494 0.7723 0.8032 11.45 
0.215 2 2 1 4.0 4.0 0.488 0.491 0.6924 0.7723 11.45 
0.216 2 2 1 4.0 4.0 0.476 0.498 0.7302 0.7872 11.46 
0.217 2 2 1 4.0 4.0 0.501 0.456 0.7723 0.8032 11.45 
0.218 2 2 1 4.0 4.0 0.450 0.452 0.7872 0.8032 11.45 
0.219 2 2 1 4.0 4.0 0.421 0.459 0.7723 0.8366 11.45 
0.220 2 2 1 4.0 4.0 0.417 0.461 0.7575 0.8366 11.46 
0.221 2 2 1 4.0 4.0 0.436 0.420 0.8032 0.8543 11.45 
0.222 2 2 1 4.0 4.0 0.403 0.421 0.7723 0.8727 11.45 
0.223 2 2 1 4.0 4.0 0.393 0.446 0.8032 0.8543 11.45 
0.224 2 2 1 4.0 4.0 0.398 0.417 0.7872 0.8924 11.45 
0.225 2 2 1 4.0 4.0 0.406 0.391 0.8366 0.8924 11.46 
0.226 2 2 1 4.0 4.0 0.376 0.383 0.8543 0.9125 11.45 
0.227 2 2 1 4.0 4.0 0.353 0.404 0.8727 0.8924 11.46 
0.228 2 2 1 4.0 4.0 0.339 0.403 0.8543 0.9338 11.45 
0.229 2 2 1 4.0 4.0 0.347 0.378 0.8727 0.9125 11.46 
0.230 2 2 1 4.0 4.0 0.347 0.376 0.9125 0.9338 11.46 
0.231 2 2 1 4.0 4.0 0.336 0.359 0.9125 0.9559 11.46 
0.232 2 2 1 4.0 4.0 0.360 0.330 0.9338 0.9559 11.46 
0.233 2 2 1 4.0 4.0 0.330 0.316 0.9338 0.8924 11.46 
0.234 2 2 1 4.0 4.0 0.302 0.334 0.9559 0.9559 11.46 
0.235 2 2 1 4.0 4.0 0.297 0.343 0.9796 0.9796 11.47 
0.236 2 2 1 4.0 4.0 0.311 0.311 0.9796 1.0041 11.46 
0.237 2 2 1 4.0 4.0 0.301 0.329 0.9559 0.9796 11.46 
0.238 2 2 1 4.0 4.0 0.291 0.300 0.9796 1.0298 11.47 
0.239 2 2 1 4.0 4.0 0.321 0.296 1.0041 1.0298 11.47 
0.240 2 2 1 4.0 4.0 0.294 0.285 1.0298 1.0041 11.46 
0.241 2 2 1 4.0 4.0 0.278 0.281 1.0041 1.0567 11.47 
0.242 2 2 1 4.0 4.0 0.285 0.281 1.0041 1.0852 11.46 
0.243 2 2 1 4.0 4.0 0.295 0.266 0.9796 1.0852 11.46 
0.244 2 2 1 4.0 4.0 0.279 0.307 1.0041 1.0567 11.46 
0.245 2 2 1 4.0 4.0 0.279 0.269 1.0041 1.0567 11.46 
0.246 2 2 1 4.0 4.0 0.296 0.232 1.0041 1.0567 11.46 
0.247 2 2 1 4.0 4.0 0.268 0.249 1.0041 1.0852 11.46 
0.248 2 2 1 4.0 4.0 0.245 0.273 1.0041 1.0567 11.47 
0.249 2 2 1 4.0 4.0 0.264 0.230 1.0041 1.0852 11.46 
0.250 2 2 1 4.0 4.0 0.258 0.228 1.0567 1.1153 11.47 
0.251 2 2 1 4.0 4.0 0.251 0.248 1.0567 1.0852 11.46 
0.252 2 2 1 4.0 4.0 0.272 0.227 1.0567 1.0852 11.46 
0.253 2 2 1 4.0 4.0 0.260 0.244 1.0298 1.1153 11.46 
0.254 2 2 1 4.0 4.0 0.226 0.257 1.0852 1.1153 11.47 
0.255 2 2 1 4.0 4.0 0.234 0.247 1.0852 1.1153 11.47 
0.256 2 2 1 4.0 4.0 0.245 0.255 1.0852 1.1153 11.47 
0.257 2 2 1 4.0 4.0 0.237 0.231 1.0852 1.0852 11.47 
0.258 2 2 1 4.0 4.0 0.228 0.187 1.0852 1.1153 11.47 
0.259 2 2 1 4.0 4.0 0.230 0.217 1.0852 1.1153 11.47 
0.260 2 2 1 4.0 4.0 0.221 0.217 1.0567 1.1153 11.46 
0.261 2 2 1 4.0 4.0 0.215 0.197 1.0567 1.1474 11.47 
0.262 2 2 1 4.0 4.0 0.244 0.218 1.0567 1.1153 11.47 
0.263 2 2 1 4.0 4.0 0.235 0.218 1.0852 1.1153 11.47 
0.264 2 2 1 4.0 4.0 0.226 0.208 1.0852 1.1153 11.46 
0.265 2 2 1 4.0 4.0 0.233 0.224 1.0852 1.1474 11.46 
0.266 2 2 1 4.0 4.0 0.208 0.224 1.0852 1.1474 11.47 
0.267 2 2 1 4.0 4.0 0.200 0.193 1.1153 1.1474 11.47 
0.268 2 2 1 4.0 4.0 0.235 0.214 1.0852 1.1474 11.47 
0.269 2 2 1 4.0 4.0 0.215 0.206 1.1153 1.1812 11.47 
0.270 2 2 1 4.0 4.0 0.201 0.178 1.1153 1.1153 11.47 
0.271 2 2 1 4.0 4.0 0.210 0.193 1.1153 1.1812 11.47 
0.272 2 2 1 4.0 4.0 0.203 0.179 1.0852 1.1153 11.47 
0.273 2 2 1 4.0 4.0 0.190 0.193 1.1153 1.1474 11.47 
0.274 2 2 1 4.0 4.0 0.210 0.195 1.0852 1.1812 11.47 
0.275 2 2 1 4.0 4.0 0.207 0.170 1.0567 1.1812 11.47 
0.276 2 2 1 4.0 4.0 0.202 0.144 1.0852 1.2169 11.47 
0.277 2 2 1 4.0 4.0 0.220 0.155 1.1153 1.1812 11.47 
0.278 2 2 1 4.0 4.0 0.212 0.148 1.1153 1.2169 11.47 
0.279 2 2 1 4.0 4.0 0.187 0.193 1.0852 1.0852 11.47 
0.280 2 2 1 4.0 4.0 0.217 0.190 1.1153 1.1812 11.47 
0.281 2 2 1 4.0 4.0 0.213 0.167 1.1153 1.1812 11.48 
0.282 2 2 1 4.0 4.0 0.200 0.182 1.1153 1.2169 11.48 
0.283 2 2 1 4.0 4.0 0.209 0.154 1.1474 1.2169 11.47 
0.284 2 2 1 4.0 4.0 0.200 0.167 1.1474 1.2169 11.47 
0.285 2 2 1 4.0 4.0 0.173 0.165 1.1474 1.2169 11.47 
0.286 2 2 1 4.0 4.0 0.195 0.161 1.1474 1.1812 11.47 
0.287 2 2 1 4.0 4.0 0.191 0.159 1.1153 1.2169 11.47 
0.288 2 2 1 4.0 4.0 0.191 0.165 1.1812 1.2169 11.47 
0.289 2 2 1 4.0 4.0 0.191 0.172 1.1474 1.2169 11.48 
0.290 2 2 1 4.0 4.0 0.175 0.186 1.1474 1.2169 11.47 
0.291 2 2 1 4.0 4.0 0.168 0.174 1.1812 1.1812 11.47 
0.292 2 2 1 4.0 4.0 0.181 0.136 1.1474 1.2169 11.47 
0.293 2 2 1 4.0 4.0 0.179 0.140 1.1474 1.2169 11.47 
0.294 2 2 1 4.0 4.0 0.172 0.138 1.1812 1.2551 11.47 
0.295 2 2 1 4.0 4.0 0.188 0.126 1.1812 1.2169 11.47 
0.296 2 2 1 4.0 4.0 0.174 0.171 1.1812 1.2169 11.48 
0.297 2 2 1 4.0 4.0 0.181 0.154 1.1812 1.2169 11.48 
0.298 2 2 1 4.0 4.0 0.192 0.151 1.1812 1.2551 11.48 
0.299 2 2 1 4.0 4.0 0.173 0.168 1.1812 1.2169 11.47 
0.300 2 2 1 4.0 4.0 0.179 0.132 1.1812 1.2551 11.47 
0.301 2 2 1 4.0 4.0 0.173 0.144 1.1812 1.2551 11.49 
0.302 2 2 1 4.0 4.0 0.146 0.124 1.1474 1.2952 11.48 
0.303 2 2 1 4.0 4.0 0.169 0.110 1.1474 1.1474 11.47 
0.304 2 2 1 4.0 4.0 0.193 0.145 1.1812 1.2551 11.47 
0.305 2 2 1 4.0 4.0 0.168 0.132 1.1812 1.2551 11.47 
0.306 2 2 1 4.0 4.0 0.180 0.138 1.2169 1.2551 11.47 
0.307 2 2 1 4.0 4.0 0.165 0.169 1.1812 1.1153 11.47 
0.308 2 2 1 4.0 4.0 0.134 0.125 1.2169 1.2551 11.47 
0.309 2 2 1 4.0 4.0 0.156 0.138 1.1812 1.2551 11.47 
0.310 2 2 1 4.0 4.0 0.157 0.142 1.1474 1.2952 11.48 
0.311 2 2 1 4.0 4.0 0.168 0.098 1.2169 1.2551 11.47 
0.312 2 2 1 4.0 4.0 0.165 0.132 1.2169 1.2551 11.47 
0.313 2 2 1 4.0 4.0 0.153 0.131 1.1812 1.2551 11.48 
0.314 2 2 1 4.0 4.0 0.152 0.134 1.1812 1.2551 11.47 
0.315 2 2 1 4.0 4.0 0.161 0.159 1.1812 1.2169 11.47 
0.316 2 2 1 4.0 4.0 0.165 0.142 1.2169 1.2551 11.47 
0.317 2 2 1 4.0 4.0 0.172 0.140 1.2169 1.2551 11.47 
0.318 2 2 1 4.0 4.0 0.189 0.141 1.2169 1.2952 11.47 
0.319 2 2 1 4.0 4.0 0.174 0.138 1.1812 1.2169 11.48 
0.320 2 2 1 4.0 4.0 0.167 0.128 1.1812 1.2551 11.47 
0.321 2 2 1 4.0 4.0 0.163 0.106 1.1474 1.2551 11.48 
0.322 2 2 1 4.0 4.0 0.160 0.119 1.1812 1.2551 11.47 
0.323 2 2 1 4.0 4.0 0.171 0.124 1.2169 1.2169 11.48 
0.324 2 2 1 4.0 4.0 0.156 0.117 1.1812 1.2551 11.48 
0.325 2 2 1 4.0 4.0 0.138 0.125 1.2169 1.2952 11.48 
0.326 2 2 1 4.0 4.0 0.148 0.114 1.2169 1.2952 11.47 
0.327 2 2 1 4.0 4.0 0.157 0.101 1.1812 1.2551 11.47 
0.328 2 2 1 4.0 4.0 0.152 0.124 1.2169 1.2551 11.47 
0.329 2 2 1 4.0 4.0 0.153 0.117 1.2169 1.2551 11.47 
0.330 2 2 1 4.0 4.0 0.130 0.124 1.2169 1.2551 11.48 
0.331 2 2 1 4.0 4.0 0.134 0.113 1.2169 1.2169 11.47 
0.332 2 2 1 4.0 4.0 0.163 0.129 1.2169 1.2551 11.48 
0.333 2 2 1 4.0 4.0 0.161 0.159 1.1812 1.2551 11.47 
0.334 2 2 1 4.0 4.0 0.161 0.116 1.2169 1.2952 11.47 
0.335 2 2 1 4.0 4.0 0.135 0.099 1.2169 1.2169 11.48 
0.336 2 2 1 4.0 4.0 0.123 0.129 1.2169 1.2952 11.48 
0.337 2 2 1 4.0 4.0 0.151 0.094 1.2169 1.2952 11.48 
0.338 2 2 1 4.0 4.0 0.146 0.130 1.2169 1.2952 11.48 
0.339 2 2 1 4.0 4.0 0.153 0.121 1.2169 1.2551 11.47 
0.340 2 2 1 4.0 4.0 0.167 0.105 1.1812 1.2952 11.48 
0.341 2 2 1 4.0 4.0 0.149 0.125 1.2169 1.2952 11.48 
0.342 2 2 1 4.0 4.0 0.131 0.113 1.2169 1.2169 11.47 
0.343 2 2 1 4.0 4.0 0.148 0.121 1.2551 1.2952 11.48 
0.344 2 2 1 4.0 4.0 0.141 0.124 1.2169 1.2551 11.47 
0.345 2 2 1 4.0 4.0 0.137 0.084 1.2551 1.2551 11.47 
0.346 2 2 1 4.0 4.0 0.117 0.116 1.2169 1.2952 11.48 
0.347 2 2 1 4.0 4.0 0.106 0.110 1.2169 1.2952 11.47 
0.348 2 2 1 4.0 4.0 0.147 0.110 1.1812 1.2952 11.47 
0.349 2 2 1 4.0 4.0 0.150 0.128 1.2551 1.2952 11.48 
0.350 2 2 1 4.0 4.0 0.149 0.111 1.2551 1.2551 11.47 
0.351 2 2 1 4.0 4.0 0.173 0.111 1.2169 1.2952 11.47 
0.352 2 2 2 -4.0 -4.0 0.139 0.123 1.2551 1.2952 11.47 
0.353 2 2 2 -4.0 -4.0 -0.213 0.020 1.2169 1.2952 11.45 
0.354 2 2 2 -4.0 -4.0 -0.798 -0.624 1.2169 1.2952 11.41 
0.355 2 2 2 -4.0 -4.0 -1.384 -1.328 1.1474 1.2551 11.38 
0.356 2 2 2 -4.0 -4.0 -1.715 -1.750 1.1474 0.9796 11.36 
0.357 2 2 2 -4.0 -4.0 -1.565 -1.863 1.0852 1.1153 11.38 
0.358 2 2 2 -4.0 -4.0 -1.659 -1.891 1.0041 1.0298 11.36 
0.359 2 2 2 -4.0 -4.0 -1.786 -1.898 0.9559 0.9796 11.35 
0.360 2 2 2 -4.0 -4.0 -1.817 -1.900 0.8366 0.8924 11.37 
0.361 2 2 2 -4.0 -4.0 -1.630 -1.837 0.8193 0.8032 11.36 
0.362 2 2 2 -4.0 -4.0 -1.648 -1.876 0.7044 0.7723 11.37 
0.363 2 2 2 -4.0 -4.0 -1.695 -1.895 0.6474 0.7044 11.37 
0.364 2 2 2 -4.0 -4.0 -1.740 -1.899 0.5992 0.6085 11.37 
0.365 2 2 2 -4.0 -4.0 -1.672 -1.804 0.5575 0.6273 11.38 
0.366 2 2 2 -4.0 -4.0 -1.467 -1.735 0.5149 0.5820 11.37 
0.367 2 2 2 -4.0 -4.0 -1.436 -1.765 0.4836 0.4779 11.38 
0.368 2 2 2 -4.0 -4.0 -1.445 -1.786 0.3374 0.3683 11.39 
0.369 2 2 2 -4.0 -4.0 -1.452 -1.741 0.3113 0.3896 11.39 
0.370 2 2 2 -4.0 -4.0 -1.464 -1.736 0.3113 0.2972 11.39 
0.371 2 2 2 -4.0 -4.0 -1.452 -1.670 0.1940 0.2827 11.39 
0.372 2 2 2 -4.0 -4.0 -1.382 -1.630 0.1783 0.2217 11.39 
0.373 2 2 2 -4.0 -4.0 -1.345 -1.709 0.1783 0.2217 11.38 
0.374 2 2 2 -4.0 -4.0 -1.284 -1.760 0.1422 0.1538 11.38 
0.375 2 2 2 -4.0 -4.0 -1.249 -1.599 0.1048 0.1112 11.39 
0.376 2 2 2 -4.0 -4.0 -1.213 -1.462 0.0831 0.0868 11.39 
0.377 2 2 2 -4.0 -4.0 -1.170 -1.389 0.0691 0.0715 11.40 
0.378 2 2 2 -4.0 -4.0 -1.119 -1.443 -0.0627 0.0606 11.40 
0.379 2 2 2 -4.0 -4.0 -1.114 -1.513 -0.0627 0.0526 11.39 
0.380 2 2 2 -4.0 -4.0 -1.056 -1.547 -0.1663 0.0466 11.41 
0.381 2 2 2 -4.0 -4.0 -0.988 -1.398 -0.1663 -0.0438 11.42 
0.382 2 2 2 -4.0 -4.0 -0.969 -1.218 -0.2675 -0.0438 11.42 
0.383 2 2 2 -4.0 -4.0 -0.889 -1.179 -0.2695 -0.1823 11.42 
0.384 2 2 2 -4.0 -4.0 -0.864 -1.158 -0.2695 -0.1823 11.42 
0.385 2 2 2 -4.0 -4.0 -0.853 -1.130 -0.3715 -0.2462 11.42 
0.386 2 2 2 -4.0 -4.0 -0.885 -1.113 -0.3490 -0.3161 11.43 
0.387 2 2 2 -4.0 -4.0 -0.771 -1.041 -0.3787 -0.2972 11.42 
0.388 2 2 2 -4.0 -4.0 -0.741 -1.014 -0.4317 -0.2972 11.43 
0.389 2 2 2 -4.0 -4.0 -0.734 -0.982 -0.4317 -0.3550 11.43 
0.390 2 2 2 -4.0 -4.0 -0.718 -0.995 -0.4615 -0.4225 11.43 
0.391 2 2 2 -4.0 -4.0 -0.691 -0.993 -0.4362 -0.4181 11.44 
0.392 2 2 2 -4.0 -4.0 -0.706 -0.882 -0.4896 -0.4317 11.44 
0.393 2 2 2 -4.0 -4.0 -0.766 -0.818 -0.5426 -0.4410 11.44 
0.394 2 2 2 -4.0 -4.0 -0.657 -0.818 -0.5081 -0.4779 11.44 
0.395 2 2 2 -4.0 -4.0 -0.630 -0.802 -0.5575 -0.4779 11.44 
0.396 2 2 2 -4.0 -4.0 -0.596 -0.780 -0.5904 -0.5081 11.44 
0.397 2 2 2 -4.0 -4.0 -0.591 -0.806 -0.5735 -0.5575 11.44 
0.398 2 2 2 -4.0 -4.0 -0.576 -0.802 -0.5904 -0.5575 11.45 
0.399 2 2 2 -4.0 -4.0 -0.517 -0.720 -0.6273 -0.5735 11.45 
0.400 2 2 2 -4.0 -4.0 -0.502 -0.677 -0.6691 -0.5992 11.46 
0.401 2 2 2 -4.0 -4.0 -0.501 -0.659 -0.6691 -0.6085 11.46 
0.402 2 2 2 -4.0 -4.0 -0.501 -0.680 -0.7044 -0.6691 11.45 
0.403 2 2 2 -4.0 -4.0 -0.520 -0.673 -0.6804 -0.6374 11.46 
0.404 2 2 2 -4.0 -4.0 -0.484 -0.613 -0.6924 -0.6691 11.46 
0.405 2 2 2 -4.0 -4.0 -0.460 -0.565 -0.6804 -0.6583 11.46 
0.406 2 2 2 -4.0 -4.0 -0.460 -0.529 -0.7044 -0.7169 11.45 
0.407 2 2 2 -4.0 -4.0 -0.417 -0.549 -0.7434 -0.7575 11.46 
0.408 2 2 2 -4.0 -4.0 -0.408 -0.579 -0.7434 -0.7044 11.45 
0.409 2 2 2 -4.0 -4.0 -0.398 -0.510 -0.7575 -0.7434 11.46 
0.410 2 2 2 -4.0 -4.0 -0.402 -0.503 -0.7575 -0.7434 11.46 
0.411 2 2 2 -4.0 -4.0 -0.398 -0.509 -0.7723 -0.7872 11.45 
0.412 2 2 2 -4.0 -4.0 -0.447 -0.529 -0.7434 -0.7575 11.46 
0.413 2 2 2 -4.0 -4.0 -0.424 -0.480 -0.8032 -0.7575 11.49 
0.414 2 2 2 -4.0 -4.0 -0.402 -0.448 -0.7872 -0.7872 11.47 
0.415 2 2 2 -4.0 -4.0 -0.374 -0.440 -0.7872 -0.8032 11.46 
0.416 2 2 2 -4.0 -4.0 -0.382 -0.459 -0.8366 -0.8032 11.46 
0.417 2 2 2 -4.0 -4.0 -0.339 -0.443 -0.8727 -0.8543 11.46 
0.418 2 2 2 -4.0 -4.0 -0.339 -0.411 -0.8924 -0.8032 11.47 
0.419 2 2 2 -4.0 -4.0 -0.327 -0.408 -0.8366 -0.8543 11.46 
0.420 2 2 2 -4.0 -4.0 -0.363 -0.424 -0.8727 -0.8366 11.47 
0.421 2 2 2 -4.0 -4.0 -0.332 -0.391 -0.8924 -0.8727 11.47 
0.422 2 2 2 -4.0 -4.0 -0.307 -0.348 -0.8924 -0.8727 11.46 
0.423 2 2 2 -4.0 -4.0 -0.318 -0.374 -0.8924 -0.8366 11.47 
0.424 2 2 2 -4.0 -4.0 -0.301 -0.401 -0.9125 -0.8924 11.47 
0.425 2 2 2 -4.0 -4.0 -0.304 -0.340 -0.9338 -0.9125 11.47 
0.426 2 2 2 -4.0 -4.0 -0.295 -0.349 -0.9338 -0.9125 11.47 
0.427 2 2 2 -4.0 -4.0 -0.344 -0.389 -0.9338 -0.9338 11.47 
0.428 2 2 2 -4.0 -4.0 -0.318 -0.359 -0.9338 -0.9559 11.47 
0.429 2 2 2 -4.0 -4.0 -0.292 -0.334 -0.8727 -0.9338 11.47 
0.430 2 2 2 -4.0 -4.0 -0.269 -0.339 -0.8924 -0.8727 11.47 
0.431 2 2 2 -4.0 -4.0 -0.288 -0.363 -0.9125 -0.9559 11.47 
0.432 2 2 2 -4.0 -4.0 -0.284 -0.328 -0.9125 -0.9796 11.47 
0.433 2 2 2 -4.0 -4.0 -0.274 -0.330 -0.9559 -1.0298 11.47 
0.434 2 2 2 -4.0 -4.0 -0.302 -0.348 -0.9559 -1.0041 11.47 
0.435 2 2 2 -4.0 -4.0 -0.284 -0.284 -0.9796 -0.9796 11.47 
0.436 2 2 2 -4.0 -4.0 -0.269 -0.251 -0.9338 -0.9796 11.47 
0.437 2 2 2 -4.0 -4.0 -0.274 -0.286 -0.9796 -1.0041 11.47 
0.438 2 2 2 -4.0 -4.0 -0.263 -0.310 -1.0041 -1.0298 11.48 
0.439 2 2 2 -4.0 -4.0 -0.240 -0.268 -1.0298 -1.0041 11.47 
0.440 2 2 2 -4.0 -4.0 -0.242 -0.286 -1.0041 -1.0298 11.47 
0.441 2 2 2 -4.0 -4.0 -0.273 -0.305 -1.0041 -1.0298 11.47 
0.442 2 2 2 -4.0 -4.0 -0.246 -0.277 -1.0298 -1.0298 11.47 
0.443 2 2 2 -4.0 -4.0 -0.223 -0.243 -1.0567 -1.0567 11.48 
0.444 2 2 2 -4.0 -4.0 -0.218 -0.282 -1.0567 -1.0298 11.48 
0.445 2 2 2 -4.0 -4.0 -0.239 -0.282 -1.0567 -1.0567 11.48 
0.446 2 2 2 -4.0 -4.0 -0.228 -0.267 -1.0567 -1.0852 11.48 
0.447 2 2 2 -4.0 -4.0 -0.255 -0.258 -1.0567 -1.0567 11.47 
0.448 2 2 2 -4.0 -4.0 -0.223 -0.252 -1.0298 -1.0567 11.47 
0.449 2 2 2 -4.0 -4.0 -0.200 -0.242 -1.0298 -1.0852 11.48 
0.450 2 2 2 -4.0 -4.0 -0.221 -0.257 -1.0298 -1.0852 11.47 
0.451 2 2 2 -4.0 -4.0 -0.231 -0.209 -1.0852 -1.1153 11.48 
0.452 2 2 2 -4.0 -4.0 -0.223 -0.186 -1.0567 -1.0852 11.47 
0.453 2 2 2 -4.0 -4.0 -0.235 -0.230 -1.0041 -1.0852 11.47 
0.454 2 2 2 -4.0 -4.0 -0.246 -0.222 -1.0298 -1.0852 11.47 
0.455 2 2 2 -4.0 -4.0 -0.229 -0.191 -1.0567 -1.0852 11.47 
0.456 2 2 2 -4.0 -4.0 -0.209 -0.205 -1.0567 -1.1153 11.48 
0.457 2 2 2 -4.0 -4.0 -0.216 -0.214 -1.0852 -1.1474 11.47 
0.458 2 2 2 -4.0 -4.0 -0.201 -0.222 -1.0852 -1.1474 11.48 
0.459 2 2 2 -4.0 -4.0 -0.204 -0.237 -1.0567 -1.1474 11.48 
0.460 2 2 2 -4.0 -4.0 -0.225 -0.211 -1.0567 -1.1812 11.48 
0.461 2 2 2 -4.0 -4.0 -0.191 -0.168 -1.1153 -1.1474 11.48 
0.462 2 2 2 -4.0 -4.0 -0.173 -0.208 -1.1474 -1.1474 11.48 
0.463 2 2 2 -4.0 -4.0 -0.197 -0.214 -1.1153 -1.0567 11.48 
0.464 2 2 2 -4.0 -4.0 -0.197 -0.194 -1.1153 -1.1474 11.48 
0.465 2 2 2 -4.0 -4.0 -0.184 -0.200 -1.1474 -1.1474 11.48 
0.466 2 2 2 -4.0 -4.0 -0.195 -0.221 -1.1153 -1.1474 11.47 
0.467 2 2 2 -4.0 -4.0 -0.173 -0.196 -1.1474 -1.1812 11.47 
0.468 2 2 2 -4.0 -4.0 -0.165 -0.188 -1.1153 -1.1474 11.47 
0.469 2 2 2 -4.0 -4.0 -0.176 -0.172 -1.1474 -1.1812 11.48 
0.470 2 2 2 -4.0 -4.0 -0.174 -0.184 -1.1474 -1.2169 11.48 
0.471 2 2 2 -4.0 -4.0 -0.167 -0.236 -1.0852 -1.1474 11.48 
0.472 2 2 2 -4.0 -4.0 -0.203 -0.209 -1.1153 -1.1812 11.47 
0.473 2 2 2 -4.0 -4.0 -0.193 -0.168 -1.1153 -1.1812 11.47 
0.474 2 2 2 -4.0 -4.0 -0.185 -0.190 -1.1153 -1.1812 11.48 
0.475 2 2 2 -4.0 -4.0 -0.189 -0.202 -1.1474 -1.1812 11.48 
0.476 2 2 2 -4.0 -4.0 -0.181 -0.192 -1.1474 -1.2169 11.48 
0.477 2 2 2 -4.0 -4.0 -0.171 -0.195 -1.1153 -1.1812 11.48 
0.478 2 2 2 -4.0 -4.0 -0.193 -0.184 -1.1153 -1.1812 11.48 
0.479 2 2 2 -4.0 -4.0 -0.176 -0.191 -1.1812 -1.1812 11.47 
0.480 2 2 2 -4.0 -4.0 -0.162 -0.182 -1.1474 -1.2169 11.47 
0.481 2 2 2 -4.0 -4.0 -0.181 -0.157 -1.1474 -1.1812 11.47 
0.482 2 2 2 -4.0 -4.0 -0.183 -0.172 -1.1474 -1.1812 11.47 
0.483 2 2 2 -4.0 -4.0 -0.163 -0.188 -1.1153 -1.2169 11.47 
0.484 2 2 2 -4.0 -4.0 -0.170 -0.150 -1.1474 -1.1812 11.46 
0.485 2 2 2 -4.0 -4.0 -0.159 -0.126 -1.1474 -1.1812 11.47 
0.486 2 2 2 -4.0 -4.0 -0.151 -0.149 -1.1474 -1.2169 11.47 
0.487 2 2 2 -4.0 -4.0 -0.162 -0.177 -1.1812 -1.2551 11.47 
0.488 2 2 2 -4.0 -4.0 -0.152 -0.155 -1.0852 -1.2169 11.47 
0.489 2 2 2 -4.0 -4.0 -0.172 -0.155 -1.1153 -1.1812 11.47 
0.490 2 2 2 -4.0 -4.0 -0.178 -0.146 -1.1812 -1.2169 11.47 
0.491 2 2 2 -4.0 -4.0 -0.145 -0.159 -1.1474 -1.2169 11.48 
0.492 2 2 2 -4.0 -4.0 -0.160 -0.162 -1.1474 -1.2169 11.48 
0.493 2 2 2 -4.0 -4.0 -0.181 -0.183 -1.1812 -1.2169 11.48 
0.494 2 2 2 -4.0 -4.0 -0.165 -0.174 -1.0852 -1.1812 11.48 
0.495 2 2 2 -4.0 -4.0 -0.192 -0.126 -1.1474 -1.2169 11.47 
0.496 2 2 2 -4.0 -4.0 -0.176 -0.130 -1.1474 -1.2169 11.48 
0.497 2 2 2 -4.0 -4.0 -0.156 -0.183 -1.1474 -1.2551 11.47 
0.498 2 2 2 -4.0 -4.0 -0.170 -0.180 -1.1474 -1.2169 11.47 
0.499 2 2 2 -4.0 -4.0 -0.178 -0.158 -1.1474 -1.2169 11.47 
0.500 2 2 2 -4.0 -4.0 -0.159 -0.176 -1.1812 -1.2169 11.48 
0.501 2 2 2 -4.0 -4.0 -0.162 -0.147 -1.1812 -1.2551 11.47 
0.502 2 2 2 -4.0 -4.0 -0.155 -0.157 -1.1153 -1.1474 11.47 
0.503 2 2 3 0.0 0.0 -0.137 -0.133 -1.1812 -1.1812 11.47 
0.504 2 2 3 0.0 0.0 0.023 -0.085 -1.1812 -1.1474 11.48 
0.505 2 2 3 0.0 0.0 0.361 0.210 -1.1474 -1.1812 11.49 
0.506 2 2 3 0.0 0.0 0.648 0.566 -1.1474 -1.1812 11.49 
0.507 2 2 3 0.0 0.0 0.732 0.863 -1.0852 -1.1812 11.49 
0.508 2 2 3 0.0 0.0 0.758 0.883 -1.0567 -1.1474 11.49 
0.509 2 2 3 0.0 0.0 0.831 0.941 -1.0041 -1.0852 11.49 
0.510 2 2 3 0.0 0.0 0.821 1.041 -1.0041 -0.9796 11.49 
0.511 2 2 3 0.0 0.0 0.730 0.912 -1.0041 -1.0041 11.49 
0.512 2 2 3 0.0 0.0 0.755 0.886 -0.9796 -1.0041 11.49 
0.513 2 2 3 0.0 0.0 0.795 0.958 -0.8543 -0.9559 11.49 
0.514 2 2 3 0.0 0.0 0.748 1.011 -0.8543 -0.8924 11.49 
0.515 2 2 3 0.0 0.0 0.690 0.836 -0.8193 -0.9125 11.49 
0.516 2 2 3 0.0 0.0 0.703 0.844 -0.8193 -0.8366 11.49 
0.517 2 2 3 0.0 0.0 0.718 0.908 -0.7872 -0.8543 11.49 
0.518 2 2 3 0.0 0.0 0.643 0.857 -0.7434 -0.7723 11.49 
0.519 2 2 3 0.0 0.0 0.581 0.714 -0.7434 -0.7723 11.49 
0.520 2 2 3 0.0 0.0 0.599 0.718 -0.7044 -0.7044 11.49 
0.521 2 2 3 0.0 0.0 0.625 0.743 -0.6583 -0.7044 11.49 
0.522 2 2 3 0.0 0.0 0.621 0.749 -0.6273 -0.6085 11.49 
0.523 2 2 3 0.0 0.0 0.587 0.681 -0.6374 -0.6374 11.49 
0.524 2 2 3 0.0 0.0 0.499 0.627 -0.6085 -0.6474 11.49 
0.525 2 2 3 0.0 0.0 0.501 0.635 -0.5498 -0.6273 11.49 
0.526 2 2 3 0.0 0.0 0.524 0.684 -0.5655 -0.5904 11.49 
0.527 2 2 3 0.0 0.0 0.526 0.693 -0.5498 -0.5992 11.49 
0.528 2 2 3 0.0 0.0 0.518 0.665 -0.4956 -0.5426 11.49 
0.529 2 2 3 0.0 0.0 0.466 0.554 -0.5020 -0.5149 11.49 
0.530 2 2 3 0.0 0.0 0.406 0.515 -0.4723 -0.4723 11.49 
0.531 2 2 3 0.0 0.0 0.415 0.513 -0.4836 -0.5020 11.49 
0.532 2 2 3 0.0 0.0 0.423 0.523 -0.3896 -0.4723 11.49 
0.533 2 2 3 0.0 0.0 0.432 0.518 -0.4137 -0.4410 11.49 
0.534 2 2 3 0.0 0.0 0.428 0.494 -0.3715 -0.4562 11.49 
0.535 2 2 3 0.0 0.0 0.420 0.462 -0.3896 -0.3976 11.49 
0.536 2 2 3 0.0 0.0 0.399 0.391 -0.3088 -0.3823 11.49 
0.537 2 2 3 0.0 0.0 0.339 0.391 -0.3651 -0.3787 11.49 
0.538 2 2 3 0.0 0.0 0.290 0.407 -0.3265 -0.3936 11.49 
0.539 2 2 3 0.0 0.0 0.299 0.408 -0.3265 -0.3088 11.49 
0.540 2 2 3 0.0 0.0 0.303 0.419 -0.3550 -0.3064 11.49 
0.541 2 2 3 0.0 0.0 0.297 0.411 -0.2711 -0.3088 11.49 
0.542 2 2 3 0.0 0.0 0.294 0.401 -0.2972 -0.3137 11.49 
0.543 2 2 3 0.0 0.0 0.285 0.373 -0.2972 -0.3064 11.49 
0.544 2 2 3 0.0 0.0 0.279 0.361 -0.2345 -0.3064 11.49 
0.545 2 2 3 0.0 0.0 0.267 0.309 -0.2345 -0.2446 11.49 
0.546 2 2 3 0.0 0.0 0.245 0.273 -0.2659 -0.2446 11.49 
0.547 2 2 3 0.0 0.0 0.232 0.262 -0.2181 -0.2345 11.49 
0.548 2 2 3 0.0 0.0 0.222 0.263 -0.2181 -0.2293 11.49 
0.549 2 2 3 0.0 0.0 0.184 0.255 -0.2229 -0.2169 11.49 
0.550 2 2 3 0.0 0.0 0.150 0.235 -0.2229 -0.2205 11.49 
0.551 2 2 3 0.0 0.0 0.152 0.222 -0.1968 -0.2205 11.49 
0.552 2 2 3 0.0 0.0 0.156 0.220 -0.1968 -0.1928 11.49 
0.553 2 2 3 0.0 0.0 0.163 0.206 -0.1940 -0.1715 11.49 
0.554 2 2 3 0.0 0.0 0.156 0.196 -0.1940 -0.1715 11.49 
0.555 2 2 3 0.0 0.0 0.158 0.191 -0.1900 -0.1514 11.49 
0.556 2 2 3 0.0 0.0 0.158 0.194 -0.1486 -0.1514 11.49 
0.557 2 2 3 0.0 0.0 0.148 0.178 -0.1486 -0.1514 11.49 
0.558 2 2 3 0.0 0.0 0.146 0.179 -0.1486 -0.1297 11.49 
0.559 2 2 3 0.0 0.0 0.141 0.162 -0.1390 -0.1293 11.48 
0.560 2 2 3 0.0 0.0 0.137 0.156 -0.1390 -0.1293 11.49 
0.561 2 2 3 0.0 0.0 0.127 0.150 -0.1390 -0.1293 11.49 
0.562 2 2 3 0.0 0.0 0.116 0.147 -0.1141 -0.1273 11.49 
0.563 2 2 3 0.0 0.0 0.116 0.133 -0.0888 -0.1273 11.49 
0.564 2 2 3 0.0 0.0 0.112 0.121 -0.0884 -0.1273 11.49 
0.565 2 2 3 0.0 0.0 0.104 0.127 -0.0884 -0.1044 11.49 
0.566 2 2 3 0.0 0.0 0.093 0.114 -0.0884 -0.0956 11.49 
0.567 2 2 3 0.0 0.0 0.089 0.091 -0.0884 -0.0956 11.49 
0.568 2 2 3 0.0 0.0 0.091 0.096 -0.0888 -0.0956 11.49 
0.569 2 2 3 0.0 0.0 0.079 0.088 -0.0888 -0.0956 11.49 
0.570 2 2 3 0.0 0.0 0.074 0.081 -0.0888 -0.0863 11.49 
0.571 2 2 3 0.0 0.0 0.070 0.087 -0.0888 -0.0759 11.49 
0.572 2 2 3 0.0 0.0 0.062 0.088 -0.0888 -0.0759 11.49 
0.573 2 2 3 0.0 0.0 0.061 0.086 -0.0731 -0.0759 11.49 
0.574 2 2 3 0.0 0.0 0.051 0.080 -0.0619 -0.0759 11.49 
0.575 2 2 3 0.0 0.0 0.054 0.075 -0.0606 -0.0759 11.49 
0.576 2 2 3 0.0 0.0 0.053 0.069 -0.0606 -0.0747 11.49 
0.577 2 2 3 0.0 0.0 0.051 0.067 -0.0606 -0.0631 11.49 
0.578 2 2 3 0.0 0.0 0.051 0.042 -0.0606 -0.0542 11.49 
0.579 2 2 3 0.0 0.0 0.047 0.051 -0.0606 -0.0478 11.49 
0.580 2 2 3 0.0 0.0 0.036 0.049 -0.0606 -0.0426 11.49 
0.581 2 2 3 0.0 0.0 0.039 0.037 -0.0582 -0.0386 11.49 
0.582 2 2 3 0.0 0.0 0.035 0.038 -0.0510 -0.0353 11.49 
0.583 2 2 3 0.0 0.0 0.029 0.040 -0.0450 -0.0349 11.49 
0.584 2 2 3 0.0 0.0 0.032 0.049 -0.0406 -0.0349 11.49 
0.585 2 2 3 0.0 0.0 0.016 0.033 -0.0398 -0.0349 11.49 
0.586 2 2 3 0.0 0.0 0.017 0.023 -0.0398 -0.0349 11.49 
0.587 2 2 3 0.0 0.0 0.015 0.018 -0.0398 -0.0349 11.49 
0.588 2 2 3 0.0 0.0 0.009 0.011 -0.0398 -0.0349 11.49 
0.589 2 2 3 0.0 0.0 0.009 0.007 -0.0398 -0.0349 11.49 
0.590 2 2 3 0.0 0.0 0.011 0.001 -0.0398 -0.0349 11.49 
0.591 2 2 3 0.0 0.0 0.006 0.003 -0.0398 -0.0349 11.50 
0.592 2 2 3 0.0 0.0 0.001 0.008 -0.0398 -0.0349 11.49 
0.593 2 2 3 0.0 0.0 0.008 -0.019 -0.0398 -0.0349 11.49 
0.594 2 2 3 0.0 0.0 0.001 -0.007 -0.0398 -0.0333 11.49 
0.595 2 2 3 0.0 0.0 0.003 0.013 -0.0369 -0.0309 11.49 
0.596 2 2 3 0.0 0.0 -0.000 0.015 -0.0337 -0.0285 11.49 
0.597 2 2 3 0.0 0.0 -0.000 0.011 -0.0313 -0.0269 11.49 
0.598 2 2 3 0.0 0.0 -0.001 0.012 -0.0289 -0.0249 11.49 
0.599 2 2 3 0.0 0.0 -0.002 0.015 -0.0269 -0.0237 11.49 
0.600 2 2 3 0.0 0.0 0.003 0.011 -0.0253 -0.0221 11.49 
0.601 2 2 3 0.0 0.0 -0.005 0.014 -0.0237 -0.0209 11.49 
0.602 2 2 3 0.0 0.0 0.001 0.010 -0.0225 -0.0201 11.48 
0.603 2 2 3 0.0 0.0 -0.005 0.011 -0.0213 -0.0189 11.49 
0.604 2 2 3 0.0 0.0 -0.006 0.012 -0.0201 -0.0181 11.49 
0.605 2 2 3 0.0 0.0 -0.000 0.003 -0.0193 -0.0173 11.49 
0.606 2 2 3 0.0 0.0 -0.006 -0.002 -0.0181 -0.0165 11.49 
0.607 2 2 3 0.0 0.0 -0.002 -0.001 -0.0173 -0.0161 11.49 
0.608 2 2 3 0.0 0.0 -0.003 -0.010 -0.0169 -0.0153 11.49 
0.609 2 2 3 0.0 0.0 -0.006 -0.001 -0.0161 -0.0149 11.49 
0.610 2 2 3 0.0 0.0 0.001 -0.011 -0.0153 -0.0141 11.49 
0.611 2 2 3 0.0 0.0 -0.005 -0.014 -0.0149 -0.0137 11.49 
0.612 2 2 3 0.0 0.0 -0.000 -0.008 -0.0141 -0.0133 11.49 
0.613 2 2 3 0.0 0.0 -0.005 -0.011 -0.0137 -0.0129 11.49 
0.614 2 2 3 0.0 0.0 -0.003 -0.012 -0.0133 -0.0125 11.49 
0.615 2 2 3 0.0 0.0 -0.003 -0.008 -0.0129 -0.0120 11.49 
0.616 2 2 3 0.0 0.0 0.001 -0.007 -0.0125 -0.0116 11.49 
0.617 2 2 3 0.0 0.0 0.009 -0.004 -0.0120 -0.0112 11.48 
0.618 2 2 3 0.0 0.0 -0.000 -0.003 -0.0116 -0.0108 11.49 
0.619 2 2 3 0.0 0.0 -0.003 0.010 -0.0112 -0.0108 11.49 
0.620 2 2 3 0.0 0.0 -0.001 0.004 -0.0108 -0.0104 11.49 
0.621 2 2 3 0.0 0.0 -0.003 0.010 -0.0108 -0.0100 11.49 
0.622 2 2 3 0.0 0.0 -0.006 0.004 -0.0104 -0.0100 11.49 
0.623 2 2 3 0.0 0.0 -0.003 0.008 -0.0100 -0.0096 11.49 
0.624 2 2 3 0.0 0.0 -0.003 0.006 -0.0100 -0.0092 11.49 
0.625 2 2 3 0.0 0.0 -0.002 0.015 -0.0096 -0.0092 11.49 
0.626 2 2 3 0.0 0.0 -0.006 0.003 -0.0092 -0.0088 11.49 
0.627 2 2 3 0.0 0.0 0.001 0.000 -0.0092 -0.0088 11.49 
0.628 2 2 3 0.0 0.0 -0.003 0.008 -0.0088 -0.0084 11.49 
0.629 2 2 3 0.0 0.0 0.002 0.011 -0.0088 -0.0084 11.49 
0.630 2 2 3 0.0 0.0 0.003 0.007 -0.0084 -0.0080 11.49 
0.631 2 2 3 0.0 0.0 -0.006 0.003 -0.0084 -0.0080 11.50 
0.632 2 2 3 0.0 0.0 0.001 0.015 -0.0080 -0.0080 11.49 
0.633 2 2 3 0.0 0.0 0.004 0.000 -0.0080 -0.0076 11.49 
0.634 2 2 3 0.0 0.0 0.004 -0.002 -0.0080 -0.0076 11.49 
0.635 2 2 3 0.0 0.0 -0.003 -0.003 -0.0076 -0.0072 11.49 
0.636 2 2 3 0.0 0.0 -0.005 -0.002 -0.0076 -0.0072 11.49 
0.637 2 2 3 0.0 0.0 -0.007 -0.001 -0.0072 -0.0072 11.49 
0.638 2 2 3 0.0 0.0 -0.004 -0.016 -0.0072 -0.0068 11.49 
0.639 2 2 3 0.0 0.0 -0.006 -0.023 -0.0072 -0.0068 11.49 
0.640 2 2 3 0.0 0.0 0.003 -0.003 -0.0068 -0.0068 11.49 
0.641 2 2 3 0.0 0.0 -0.000 -0.010 -0.0068 -0.0064 11.49 
0.642 2 2 3 0.0 0.0 0.003 -0.012 -0.0068 -0.0064 11.49 
0.643 2 2 3 0.0 0.0 -0.000 -0.006 -0.0068 -0.0064 11.49 
0.644 2 2 3 0.0 0.0 0.001 0.005 -0.0064 -0.0064 11.49 
0.645 2 2 3 0.0 0.0 -0.001 0.009 -0.0064 -0.0060 11.49 
0.646 2 2 3 0.0 0.0 0.004 0.006 -0.0064 -0.0060 11.49 
0.647 2 2 3 0.0 0.0 0.001 0.006 -0.0060 -0.0060 11.49 
0.648 2 2 3 0.0 0.0 -0.006 0.007 -0.0060 -0.0060 11.49 
0.649 2 2 3 0.0 0.0 -0.003 0.011 -0.0060 -0.0056 11.49 
0.650 2 2 3 0.0 0.0 -0.006 0.011 -0.0060 -0.0056 11.49 
0.651 2 2 3 0.0 0.0 -0.003 0.005 -0.0056 -0.0056 11.49 
0.652 2 2 3 0.0 0.0 -0.003 0.011 -0.0056 -0.0056 11.49 
0.653 2 2 3 0.0 0.0 -0.000 0.007 -0.0056 -0.0056 11.49 
0.654 2 2 3 0.0 0.0 -0.004 -0.004 -0.0056 -0.0052 11.49 
0.655 2 2 3 0.0 0.0 0.002 0.003 -0.0056 -0.0052 11.49 
0.656 2 2 3 0.0 0.0 -0.003 -0.007 -0.0052 -0.0052 11.49 
0.657 2 2 3 0.0 0.0 -0.001 -0.001 -0.0052 -0.0052 11.49 
0.658 2 2 3 0.0 0.0 -0.003 -0.004 -0.0052 -0.0052 11.49 
0.659 2 2 3 0.0 0.0 0.006 0.012 -0.0052 -0.0052 11.49 
0.660 2 2 3 0.0 0.0 -0.000 -0.002 -0.0052 -0.0048 11.49 
0.661 2 2 3 0.0 0.0 0.001 0.024 -0.0052 -0.0048 11.49 
0.662 2 2 3 0.0 0.0 -0.002 0.022 -0.0048 -0.0048 11.48 
0.663 2 2 3 0.0 0.0 -0.000 0.013 -0.0048 -0.0048 11.49 
0.664 2 2 3 0.0 0.0 0.001 0.003 -0.0048 -0.0048 11.49 
0.665 2 2 3 0.0 0.0 0.006 0.003 -0.0048 -0.0048 11.49 
