%% logfile from robot Frida (27)
% Frida (27)
%  1    time 0.000 sec
%  2  3  4   (mission 0), state 2, thread 19, line 0
%  5  6 Motor voltage [V] left, right: 1.6 1.6
%  7  8 Motor current left, right [A]: -0.033 -0.027
%  9 10 Wheel velocity [m/s] left, right: 0.0000 -0.0000
% 11    Battery voltage [V]: 12.34
0.001 2 19 0 1.6 1.6 0.105 0.101 0.0000 -0.0000 12.34 
0.002 2 19 0 1.6 1.6 0.245 0.235 0.0000 -0.0000 12.34 
0.003 2 19 0 1.6 1.6 0.251 0.312 0.0000 -0.0000 12.34 
0.004 2 19 0 1.6 1.6 0.290 0.339 0.0000 -0.0000 12.34 
0.005 2 19 0 1.6 1.6 0.286 0.336 0.0000 -0.0000 12.33 
0.006 2 19 0 1.6 1.6 0.292 0.363 0.0000 -0.0000 12.34 
0.007 2 19 0 1.6 1.6 0.301 0.350 0.0000 0.0000 12.34 
0.008 2 19 0 1.6 1.6 0.312 0.349 0.0000 0.0000 12.34 
0.009 2 19 0 1.6 1.6 0.312 0.378 0.0000 0.0000 12.33 
0.010 2 19 0 1.6 1.6 0.287 0.350 0.0000 0.0000 12.34 
0.011 2 19 0 1.6 1.6 0.235 0.327 0.0000 0.0000 12.34 
0.012 2 19 0 1.6 1.6 0.297 0.278 0.0000 0.0000 12.35 
0.013 2 19 0 1.6 1.6 0.259 0.275 0.0000 0.0698 12.34 
0.014 2 19 0 1.6 1.6 0.285 0.285 0.0000 0.0698 12.35 
0.015 2 19 0 1.6 1.6 0.321 0.303 0.0604 0.0698 12.34 
0.016 2 19 0 1.6 1.6 0.287 0.349 0.0604 0.1221 12.33 
0.017 2 19 0 1.6 1.6 0.328 0.307 0.0604 0.1221 12.33 
0.018 2 19 0 1.6 1.6 0.238 0.264 0.0604 0.1221 12.33 
0.019 2 19 0 1.6 1.6 0.239 0.253 0.0604 0.1412 12.34 
0.020 2 19 0 1.6 1.6 0.221 0.271 0.0819 0.1412 12.33 
0.021 2 19 0 1.6 1.6 0.243 0.252 0.0819 0.1675 12.34 
0.022 2 19 0 1.6 1.6 0.266 0.279 0.0819 0.1675 12.33 
0.023 2 19 0 1.6 1.6 0.221 0.294 0.1051 0.1675 12.33 
0.024 2 19 0 1.6 1.6 0.219 0.350 0.1051 0.1428 12.33 
0.025 2 19 0 1.6 1.6 0.196 0.308 0.1051 0.1428 12.34 
0.026 2 19 0 1.6 1.6 0.213 0.273 0.1051 0.1858 12.33 
0.027 2 19 0 1.6 1.6 0.192 0.262 0.1213 0.1858 12.34 
0.028 2 19 0 1.6 1.6 0.167 0.230 0.1213 0.1858 12.34 
0.029 2 19 0 1.6 1.6 0.164 0.206 0.1213 0.1874 12.33 
0.030 2 19 0 1.6 1.6 0.144 0.162 0.1436 0.1874 12.33 
0.031 2 19 0 1.6 1.6 0.206 0.165 0.1436 0.2016 12.34 
0.032 2 19 0 1.6 1.6 0.185 0.217 0.1566 0.2016 12.34 
0.033 2 19 0 1.6 1.6 0.199 0.265 0.1566 0.1793 12.33 
0.034 2 19 0 1.6 1.6 0.190 0.208 0.1566 0.1793 12.34 
0.035 2 19 0 1.6 1.6 0.188 0.164 0.1740 0.2191 12.34 
0.036 2 19 0 1.6 1.6 0.191 0.160 0.1740 0.2264 12.34 
0.037 2 19 0 1.6 1.6 0.154 0.123 0.1688 0.2264 12.34 
0.038 2 19 0 1.6 1.6 0.223 0.200 0.1688 0.2398 12.33 
0.039 2 19 0 1.6 1.6 0.183 0.180 0.1826 0.2398 12.33 
0.040 2 19 0 1.6 1.6 0.182 0.230 0.1826 0.2049 12.33 
0.041 2 19 0 1.6 1.6 0.214 0.230 0.1947 0.2049 12.34 
0.042 2 19 0 1.6 1.6 0.193 0.231 0.1947 0.2426 12.34 
0.043 2 19 0 1.6 1.6 0.206 0.184 0.1976 0.2426 12.34 
0.044 2 19 0 1.6 1.6 0.206 0.180 0.1976 0.2288 12.34 
0.045 2 19 0 1.6 1.6 0.194 0.137 0.1842 0.2487 12.33 
0.046 2 19 0 1.6 1.6 0.217 0.077 0.1704 0.2487 12.34 
0.047 2 19 0 1.6 1.6 0.226 0.089 0.1704 0.2089 12.33 
0.048 2 19 0 1.6 1.6 0.160 0.105 0.2110 0.2089 12.34 
0.049 2 19 0 1.6 1.6 0.137 0.168 0.2110 0.2564 12.34 
0.050 2 19 0 1.6 1.6 0.133 0.203 0.2110 0.2471 12.33 
0.051 2 19 0 1.6 1.6 0.097 0.230 0.2329 0.2471 12.34 
0.052 2 19 0 1.6 1.6 0.113 0.192 0.2329 0.2686 12.34 
0.053 2 19 0 1.6 1.6 0.195 0.173 0.2345 0.2548 12.35 
0.054 2 19 0 1.6 1.6 0.180 0.168 0.2345 0.2442 12.34 
0.055 2 19 0 1.6 1.6 0.134 0.244 0.2329 0.2702 12.34 
0.056 2 19 0 1.6 1.6 0.138 0.153 0.2398 0.2702 12.34 
0.057 2 19 0 1.6 1.6 0.097 0.107 0.2398 0.2442 12.34 
0.058 2 19 0 1.6 1.6 0.118 0.110 0.2369 0.2722 12.34 
0.059 2 19 0 1.6 1.6 0.164 0.146 0.2369 0.2722 12.33 
0.060 2 19 0 1.6 1.6 0.160 0.177 0.2239 0.2487 12.34 
0.061 2 19 0 1.6 1.6 0.180 0.182 0.2239 0.2775 12.34 
0.062 2 19 0 1.6 1.6 0.206 0.184 0.2398 0.2775 12.33 
0.063 2 19 0 1.6 1.6 0.149 0.176 0.2239 0.2856 12.33 
0.064 2 19 0 1.6 1.6 0.103 0.157 0.2239 0.2897 12.34 
0.065 2 19 0 1.6 1.6 0.091 0.138 0.2564 0.2897 12.34 
0.066 2 19 0 1.6 1.6 0.099 0.142 0.2564 0.2536 12.33 
0.067 2 19 0 1.6 1.6 0.109 0.138 0.2617 0.2836 12.34 
0.068 2 19 0 1.6 1.6 0.166 0.110 0.2564 0.2836 12.33 
0.069 2 19 0 1.6 1.6 0.169 0.128 0.2564 0.2722 12.33 
0.070 2 19 0 1.6 1.6 0.066 0.169 0.2329 0.2856 12.34 
0.071 2 19 0 1.6 1.6 0.019 0.117 0.2600 0.2836 12.34 
0.072 2 19 0 1.6 1.6 0.094 0.090 0.2600 0.2649 12.34 
0.073 2 19 0 1.6 1.6 0.118 0.058 0.2564 0.2856 12.34 
0.074 2 19 0 1.6 1.6 0.135 0.070 0.2564 0.2738 12.34 
0.075 2 19 0 1.6 1.6 0.152 0.095 0.2600 0.2487 12.33 
0.076 2 19 0 1.6 1.6 0.329 0.135 0.2487 0.2957 12.31 
0.077 2 19 0 1.6 1.6 0.190 0.110 0.2487 0.2982 12.32 
0.078 2 19 0 1.6 1.6 0.170 0.172 0.2738 0.2982 12.33 
0.079 2 19 0 1.6 1.6 0.130 0.191 0.2702 0.2982 12.33 
0.080 2 19 0 1.6 1.6 0.109 0.174 0.2702 0.2633 12.33 
0.081 2 19 0 1.6 1.6 0.097 0.146 0.2722 0.2633 12.34 
0.082 2 19 0 1.6 1.6 0.107 0.109 0.2633 0.2937 12.34 
0.083 2 19 0 1.6 1.6 0.114 0.076 0.2633 0.2617 12.32 
0.084 2 19 0 1.6 1.6 0.095 0.065 0.2738 0.2617 12.33 
0.085 2 19 0 1.6 1.6 0.111 0.073 0.2686 0.2957 12.33 
0.086 2 19 0 1.6 1.6 0.107 0.092 0.2686 0.2917 12.34 
0.087 2 19 0 1.6 1.6 0.059 0.118 0.2738 0.3071 12.34 
0.088 2 19 0 1.6 1.6 0.062 0.190 0.2600 0.3071 12.34 
0.089 2 19 0 1.6 1.6 0.160 0.231 0.2600 0.2633 12.34 
0.090 2 19 0 1.6 1.6 0.113 0.182 0.2815 0.3026 12.34 
0.091 2 19 0 1.6 1.6 0.147 0.150 0.2665 0.3026 12.34 
0.092 2 19 0 1.6 1.6 0.124 0.157 0.2665 0.2836 12.32 
0.093 2 19 0 1.6 1.6 0.191 0.069 0.2795 0.3002 12.34 
0.094 2 19 0 1.6 1.6 0.154 0.039 0.2759 0.2617 12.34 
0.095 2 19 0 1.6 1.6 0.070 0.081 0.2759 0.2536 12.33 
0.096 2 19 0 1.6 1.6 0.055 0.142 0.2876 0.3002 12.33 
0.097 2 19 0 1.6 1.6 0.021 0.139 0.2665 0.2917 12.35 
0.098 2 19 0 1.6 1.6 -0.003 0.165 0.2665 0.2917 12.34 
0.099 2 19 0 1.6 1.6 0.068 0.196 0.2836 0.3120 12.34 
0.100 2 19 0 1.6 1.6 0.154 0.153 0.2738 0.2487 12.33 
0.101 2 19 0 1.6 1.6 0.138 0.153 0.2957 0.2487 12.33 
0.102 2 19 0 1.6 1.6 0.177 0.102 0.2957 0.3095 12.34 
0.103 2 19 0 1.6 1.6 0.118 0.100 0.2982 0.2982 12.32 
0.104 2 19 0 1.6 1.6 0.123 0.095 0.2957 0.3095 12.34 
0.105 2 19 0 1.6 1.6 0.074 0.136 0.2856 0.3095 12.33 
0.106 2 19 0 1.6 1.6 0.166 0.125 0.2738 0.2633 12.34 
0.107 2 19 0 1.6 1.6 0.126 0.119 0.2982 0.3095 12.32 
0.108 2 19 0 1.6 1.6 0.105 0.129 0.2836 0.3120 12.32 
0.109 2 19 0 1.6 1.6 0.141 0.142 0.2836 0.3120 12.30 
0.110 2 19 0 1.6 1.6 0.063 0.123 0.2957 0.3193 12.31 
0.111 2 19 0 1.6 1.6 0.101 0.125 0.3002 0.2702 12.33 
0.112 2 19 0 1.6 1.6 0.118 0.134 0.3047 0.3168 12.33 
0.113 2 19 0 1.6 1.6 0.091 0.112 0.3047 0.3168 12.32 
0.114 2 19 0 1.6 1.6 0.069 0.102 0.2856 0.2937 12.33 
0.115 2 19 0 1.6 1.6 0.149 0.092 0.2982 0.3168 12.34 
0.116 2 19 0 1.6 1.6 0.142 0.089 0.3095 0.2815 12.34 
0.117 2 19 0 1.6 1.6 0.089 0.053 0.3095 0.2617 12.34 
0.118 2 19 0 1.6 1.6 0.088 0.054 0.3026 0.3144 12.32 
0.119 2 19 0 1.6 1.6 0.052 0.039 0.2536 0.2982 12.32 
0.120 2 19 0 1.6 1.6 0.017 0.101 0.2536 0.2982 12.32 
0.121 2 19 0 1.6 1.6 0.155 0.122 0.3002 0.3217 12.34 
0.122 2 19 0 1.6 1.6 0.148 0.107 0.2937 0.2917 12.32 
0.123 2 19 0 1.6 1.6 0.137 0.141 0.3120 0.3193 12.33 
0.124 2 19 0 1.6 1.6 0.152 0.128 0.3120 0.3071 12.32 
0.125 2 19 0 1.6 1.6 0.214 0.121 0.3144 0.2856 12.32 
0.126 2 19 0 1.6 1.6 0.182 0.113 0.3120 0.3168 12.33 
0.127 2 19 0 1.6 1.6 0.102 0.062 0.3193 0.2876 12.33 
0.128 2 19 0 1.6 1.6 0.130 0.073 0.3193 0.2876 12.31 
0.129 2 19 0 1.6 1.6 0.099 0.109 0.3120 0.3168 12.33 
0.130 2 19 0 1.6 1.6 0.152 0.108 0.2937 0.3245 12.33 
0.131 2 19 0 1.6 1.6 0.134 0.115 0.3095 0.3245 12.33 
0.132 2 19 0 1.6 1.6 0.075 0.128 0.3095 0.2836 12.33 
0.133 2 19 0 1.6 1.6 0.134 0.174 0.2795 0.2836 12.31 
0.134 2 19 0 1.6 1.6 0.157 0.136 0.3217 0.3217 12.31 
0.135 2 19 0 1.6 1.6 0.122 0.092 0.3270 0.3026 12.33 
0.136 2 19 0 1.6 1.6 0.132 0.073 0.3270 0.3168 12.31 
0.137 2 19 0 1.6 1.6 0.132 0.076 0.3168 0.3168 12.34 
0.138 2 19 0 1.6 1.6 0.034 0.066 0.2856 0.2917 12.32 
0.139 2 19 0 1.6 1.6 -0.011 0.081 0.3193 0.3168 12.31 
0.140 2 19 0 1.6 1.6 0.017 0.128 0.3193 0.2775 12.32 
0.141 2 19 0 1.6 1.6 0.045 0.151 0.3095 0.2702 12.32 
0.142 2 19 0 1.6 1.6 0.095 0.119 0.3120 0.3245 12.33 
0.143 2 19 0 1.6 1.6 0.118 0.144 0.2957 0.3217 12.33 
0.144 2 19 0 1.6 1.6 0.099 0.082 0.3217 0.3217 12.31 
0.145 2 19 0 1.6 1.6 0.099 0.073 0.3217 0.3217 12.31 
0.146 2 19 0 1.6 1.6 0.039 0.073 0.3144 0.2815 12.31 
0.147 2 19 0 1.6 1.6 0.101 0.106 0.3168 0.3168 12.33 
0.148 2 19 0 1.6 1.6 0.126 0.075 0.3047 0.2795 12.33 
0.149 2 19 0 1.6 1.6 0.121 0.091 0.3047 0.2795 12.33 
0.150 2 19 0 1.6 1.6 0.114 0.102 0.3120 0.3144 12.33 
0.151 2 19 0 1.6 1.6 0.027 0.093 0.3047 0.3071 12.33 
0.152 2 19 0 1.6 1.6 0.019 0.112 0.3071 0.3217 12.33 
0.153 2 19 0 1.6 1.6 0.038 0.125 0.3071 0.3217 12.33 
0.154 2 19 0 1.6 1.6 0.091 0.187 0.2876 0.2795 12.31 
0.155 2 19 0 1.6 1.6 0.116 0.176 0.3120 0.3168 12.31 
0.156 2 19 0 1.6 1.6 0.142 0.127 0.2937 0.2982 12.31 
0.157 2 19 0 1.6 1.6 0.141 0.135 0.2937 0.2982 12.32 
0.158 2 19 0 1.6 1.6 0.119 0.133 0.3120 0.3168 12.33 
0.159 2 19 0 1.6 1.6 0.088 0.083 0.3026 0.2649 12.32 
0.160 2 19 0 1.6 1.6 0.128 0.089 0.3144 0.2649 12.33 
0.161 2 19 0 1.6 1.6 0.095 0.058 0.3144 0.3144 12.33 
0.162 2 19 0 1.6 1.6 0.130 0.044 0.2917 0.3026 12.33 
0.163 2 19 0 1.6 1.6 0.113 0.088 0.3071 0.3217 12.31 
0.164 2 19 0 1.6 1.6 0.076 0.132 0.2957 0.3002 12.31 
0.165 2 19 0 1.6 1.6 0.114 0.180 0.2957 0.2580 12.32 
0.166 2 19 0 1.6 1.6 0.130 0.184 0.3168 0.3217 12.33 
0.167 2 19 0 1.6 1.6 0.145 0.124 0.3193 0.3071 12.32 
0.168 2 19 0 1.6 1.6 0.114 0.115 0.3168 0.3071 12.32 
0.169 2 19 0 1.6 1.6 0.063 0.100 0.3168 0.3193 12.33 
0.170 2 19 0 1.6 1.6 0.077 0.104 0.2937 0.2702 12.34 
0.171 2 19 0 1.6 1.6 0.143 0.104 0.3193 0.3168 12.32 
0.172 2 19 0 1.6 1.6 0.125 0.121 0.3002 0.3168 12.32 
0.173 2 19 0 1.6 1.6 0.176 0.133 0.3002 0.3168 12.33 
0.174 2 19 0 1.6 1.6 0.111 0.158 0.3168 0.3298 12.33 
0.175 2 19 0 1.6 1.6 0.092 0.118 0.3095 0.2738 12.30 
0.176 2 19 0 1.6 1.6 0.107 0.087 0.3193 0.2738 12.32 
0.177 2 19 0 1.6 1.6 0.112 0.063 0.2957 0.3245 12.32 
0.178 2 19 0 1.6 1.6 0.116 0.054 0.2957 0.2982 12.31 
0.179 2 19 0 1.6 1.6 0.114 0.063 0.3144 0.3193 12.32 
0.180 2 19 0 1.6 1.6 0.100 0.054 0.3270 0.3144 12.32 
0.181 2 19 0 1.6 1.6 0.100 0.058 0.3168 0.2649 12.34 
0.182 2 19 0 1.6 1.6 0.076 0.069 0.3168 0.3193 12.35 
0.183 2 19 0 1.6 1.6 0.068 0.105 0.2649 0.3026 12.32 
0.184 2 19 0 1.6 1.6 0.099 0.184 0.3120 0.3026 12.32 
0.185 2 19 0 1.6 1.6 0.084 0.135 0.3047 0.3245 12.30 
0.186 2 19 0 1.6 1.6 0.087 0.124 0.3047 0.2937 12.31 
0.187 2 19 0 1.6 1.6 0.091 0.137 0.3245 0.3217 12.32 
0.188 2 19 0 1.6 1.6 0.095 0.119 0.3245 0.3217 12.34 
0.189 2 19 0 1.6 1.6 0.066 0.092 0.3217 0.2897 12.32 
0.190 2 19 0 1.6 1.6 0.132 0.127 0.3298 0.3217 12.32 
0.191 2 19 0 1.6 1.6 0.170 0.116 0.3298 0.2897 12.31 
0.192 2 19 0 1.6 1.6 0.153 0.121 0.3217 0.2897 12.33 
0.193 2 19 0 1.6 1.6 0.119 0.126 0.3002 0.3217 12.32 
0.194 2 19 0 1.6 1.6 0.095 0.102 0.3193 0.3270 12.33 
0.195 2 19 0 1.6 1.6 0.055 0.107 0.3193 0.3298 12.31 
0.196 2 19 0 1.6 1.6 0.135 0.104 0.2876 0.2897 12.33 
0.197 2 19 0 1.6 1.6 0.099 0.119 0.3298 0.2897 12.32 
0.198 2 19 0 1.6 1.6 0.088 0.117 0.3323 0.3270 12.33 
0.199 2 19 0 1.6 1.6 0.126 0.090 0.3245 0.3095 12.35 
0.200 2 19 0 1.6 1.6 0.130 0.063 0.3245 0.3217 12.33 
0.201 2 19 1 4.0 4.0 0.010 0.110 0.2917 0.3217 12.32 
0.202 2 19 1 4.0 4.0 0.133 0.153 0.3245 0.2982 12.29 
0.203 2 19 1 4.0 4.0 0.406 0.369 0.3217 0.3217 12.30 
0.204 2 19 1 4.0 4.0 0.504 0.563 0.3217 0.2937 12.28 
0.205 2 19 1 4.0 4.0 0.576 0.586 0.3436 0.3651 12.25 
0.206 2 19 1 4.0 4.0 0.692 0.620 0.3436 0.3826 12.27 
0.207 2 19 1 4.0 4.0 0.606 0.692 0.3935 0.3935 12.27 
0.208 2 19 1 4.0 4.0 0.597 0.718 0.3935 0.3862 12.25 
0.209 2 19 1 4.0 4.0 0.600 0.700 0.4016 0.3976 12.26 
0.210 2 19 1 4.0 4.0 0.613 0.685 0.4097 0.3976 12.28 
0.211 2 19 1 4.0 4.0 0.551 0.664 0.4454 0.4361 12.29 
0.212 2 19 1 4.0 4.0 0.487 0.648 0.4661 0.4556 12.25 
0.213 2 19 1 4.0 4.0 0.544 0.667 0.4661 0.4828 12.26 
0.214 2 19 1 4.0 4.0 0.538 0.627 0.4828 0.4661 12.29 
0.215 2 19 1 4.0 4.0 0.535 0.636 0.4828 0.4945 12.29 
0.216 2 19 1 4.0 4.0 0.512 0.618 0.5132 0.5266 12.29 
0.217 2 19 1 4.0 4.0 0.498 0.577 0.5335 0.5006 12.29 
0.218 2 19 1 4.0 4.0 0.471 0.556 0.5266 0.5335 12.28 
0.219 2 19 1 4.0 4.0 0.480 0.559 0.5554 0.5712 12.27 
0.220 2 19 1 4.0 4.0 0.463 0.608 0.5793 0.5266 12.28 
0.221 2 19 1 4.0 4.0 0.460 0.581 0.5964 0.5793 12.29 
0.222 2 19 1 4.0 4.0 0.441 0.530 0.5878 0.6053 12.30 
0.223 2 19 1 4.0 4.0 0.440 0.514 0.6053 0.6053 12.30 
0.224 2 19 1 4.0 4.0 0.423 0.494 0.6239 0.6239 12.31 
0.225 2 19 1 4.0 4.0 0.518 0.450 0.6438 0.6053 12.30 
0.226 2 19 1 4.0 4.0 0.407 0.456 0.6337 0.6337 12.30 
0.227 2 19 1 4.0 4.0 0.451 0.442 0.6649 0.6649 12.30 
0.228 2 19 1 4.0 4.0 0.415 0.460 0.6438 0.6146 12.31 
0.229 2 19 1 4.0 4.0 0.470 0.236 0.6438 0.6649 12.32 
0.230 2 19 1 4.0 4.0 0.381 0.380 0.6872 0.6649 12.32 
0.231 2 19 1 4.0 4.0 0.407 0.412 0.6872 0.6994 12.29 
0.232 2 19 1 4.0 4.0 0.439 0.401 0.7116 0.6994 12.31 
0.233 2 19 1 4.0 4.0 0.398 0.400 0.6994 0.7116 12.28 
0.234 2 19 1 4.0 4.0 0.386 0.436 0.6872 0.7375 12.28 
0.235 2 19 1 4.0 4.0 0.384 0.423 0.7116 0.6994 12.29 
0.236 2 19 1 4.0 4.0 0.403 0.427 0.7375 0.7241 12.31 
0.237 2 19 1 4.0 4.0 0.335 0.381 0.7375 0.7375 12.31 
0.238 2 19 1 4.0 4.0 0.323 0.358 0.7509 0.6994 12.31 
0.239 2 19 1 4.0 4.0 0.312 0.339 0.7509 0.7651 12.32 
0.240 2 19 1 4.0 4.0 0.335 0.362 0.7509 0.7375 12.32 
0.241 2 19 1 4.0 4.0 0.316 0.346 0.7651 0.7651 12.31 
0.242 2 19 1 4.0 4.0 0.265 0.330 0.7651 0.7651 12.32 
0.243 2 19 1 4.0 4.0 0.251 0.417 0.7509 0.7951 12.32 
0.244 2 19 1 4.0 4.0 0.304 0.414 0.7651 0.7801 12.31 
0.245 2 19 1 4.0 4.0 0.285 0.365 0.7801 0.7801 12.30 
0.246 2 19 1 4.0 4.0 0.315 0.347 0.7651 0.7801 12.32 
0.247 2 19 1 4.0 4.0 0.316 0.376 0.7801 0.7951 12.30 
0.248 2 19 1 4.0 4.0 0.295 0.372 0.8114 0.7651 12.29 
0.249 2 19 1 4.0 4.0 0.335 0.384 0.7951 0.7951 12.31 
0.250 2 19 1 4.0 4.0 0.292 0.323 0.7951 0.7801 12.32 
0.251 2 19 1 4.0 4.0 0.251 0.355 0.8276 0.8114 12.32 
0.252 2 19 1 4.0 4.0 0.341 0.331 0.7951 0.7951 12.30 
0.253 2 19 1 4.0 4.0 0.298 0.328 0.8276 0.8114 12.30 
0.254 2 19 1 4.0 4.0 0.278 0.284 0.7651 0.7651 12.30 
0.255 2 19 1 4.0 4.0 0.277 0.274 0.8114 0.8114 12.32 
0.256 2 19 1 4.0 4.0 0.248 0.269 0.8450 0.8276 12.32 
0.257 2 19 1 4.0 4.0 0.287 0.337 0.8629 0.8276 12.31 
0.258 2 19 1 4.0 4.0 0.237 0.318 0.8450 0.8276 12.32 
0.259 2 19 1 4.0 4.0 0.284 0.347 0.8114 0.8629 12.32 
0.260 2 19 1 4.0 4.0 0.288 0.327 0.8450 0.8450 12.33 
0.261 2 19 1 4.0 4.0 0.277 0.278 0.8276 0.8629 12.33 
0.262 2 19 1 4.0 4.0 0.183 0.243 0.8629 0.8815 12.33 
0.263 2 19 1 4.0 4.0 0.181 0.284 0.8815 0.8450 12.33 
0.264 2 19 1 4.0 4.0 0.198 0.324 0.8815 0.8815 12.32 
0.265 2 19 1 4.0 4.0 0.249 0.309 0.8815 0.8450 12.33 
0.266 2 19 1 4.0 4.0 0.175 0.282 0.8815 0.8629 12.33 
0.267 2 19 1 4.0 4.0 0.270 0.315 0.8815 0.8276 12.32 
0.268 2 19 1 4.0 4.0 0.296 0.299 0.8815 0.8450 12.32 
0.269 2 19 1 4.0 4.0 0.212 0.244 0.8815 0.8114 12.31 
0.270 2 19 1 4.0 4.0 0.198 0.222 0.8815 0.8450 12.31 
0.271 2 19 1 4.0 4.0 0.240 0.286 0.9014 0.7951 12.31 
0.272 2 19 1 4.0 4.0 0.246 0.355 0.8815 0.8450 12.32 
0.273 2 19 1 4.0 4.0 0.221 0.330 0.9014 0.8276 12.31 
0.274 2 19 1 4.0 4.0 0.222 0.305 0.9014 0.9014 12.32 
0.275 2 19 1 4.0 4.0 0.274 0.320 0.9014 0.8629 12.32 
0.276 2 19 1 4.0 4.0 0.275 0.278 0.9217 0.8815 12.32 
0.277 2 19 1 4.0 4.0 0.185 0.246 0.8629 0.8629 12.32 
0.278 2 19 1 4.0 4.0 0.243 0.186 0.9014 0.9014 12.33 
0.279 2 19 1 4.0 4.0 0.304 0.224 0.9014 0.9217 12.32 
0.280 2 19 1 4.0 4.0 0.293 0.230 0.9217 0.9217 12.33 
0.281 2 19 1 4.0 4.0 0.240 0.277 0.8629 0.9432 12.32 
0.282 2 19 1 4.0 4.0 0.280 0.298 0.9217 0.9432 12.32 
0.283 2 19 1 4.0 4.0 0.244 0.273 0.9014 0.9432 12.32 
0.284 2 19 1 4.0 4.0 0.179 0.239 0.9217 0.9432 12.32 
0.285 2 19 1 4.0 4.0 0.187 0.195 0.9217 0.9014 12.33 
0.286 2 19 1 4.0 4.0 0.223 0.217 0.9217 0.9432 12.32 
0.287 2 19 1 4.0 4.0 0.183 0.206 0.9432 0.9432 12.33 
0.288 2 19 1 4.0 4.0 0.148 0.208 0.9432 0.9432 12.33 
0.289 2 19 1 4.0 4.0 0.186 0.337 0.8815 0.9432 12.32 
0.290 2 19 1 4.0 4.0 0.141 0.305 0.9432 0.9432 12.33 
0.291 2 19 1 4.0 4.0 0.156 0.249 0.9432 0.8815 12.32 
0.292 2 19 1 4.0 4.0 0.165 0.201 0.9432 0.9217 12.33 
0.293 2 19 1 4.0 4.0 0.240 0.231 0.9432 0.8815 12.33 
0.294 2 19 1 4.0 4.0 0.224 0.246 0.9432 0.9217 12.32 
0.295 2 19 1 4.0 4.0 0.164 0.215 0.9432 0.9217 12.32 
0.296 2 19 1 4.0 4.0 0.220 0.309 0.9432 0.9432 12.32 
0.297 2 19 1 4.0 4.0 0.209 0.290 0.9655 0.9217 12.33 
0.298 2 19 1 4.0 4.0 0.153 0.245 0.8629 0.8815 12.33 
0.299 2 19 1 4.0 4.0 0.168 0.205 0.9014 0.9014 12.33 
0.300 2 19 1 4.0 4.0 0.207 0.203 0.9432 0.9217 12.32 
0.301 2 19 1 4.0 4.0 0.193 0.225 0.9655 0.9655 12.33 
0.302 2 19 1 4.0 4.0 0.168 0.210 0.9655 0.9655 12.34 
0.303 2 19 1 4.0 4.0 0.169 0.349 0.9655 0.9655 12.33 
0.304 2 19 1 4.0 4.0 0.216 0.309 0.9432 0.9655 12.33 
0.305 2 19 1 4.0 4.0 0.167 0.242 0.9655 0.9655 12.33 
0.306 2 19 1 4.0 4.0 0.206 0.216 0.9655 0.9432 12.33 
0.307 2 19 1 4.0 4.0 0.232 0.225 0.9655 0.9895 12.32 
0.308 2 19 1 4.0 4.0 0.175 0.236 0.9655 0.9655 12.33 
0.309 2 19 1 4.0 4.0 0.116 0.218 0.9655 0.9655 12.32 
0.310 2 19 1 4.0 4.0 0.170 0.275 0.9655 0.9655 12.33 
0.311 2 19 1 4.0 4.0 0.133 0.280 0.9655 0.9655 12.33 
0.312 2 19 1 4.0 4.0 0.135 0.234 0.9655 0.9432 12.33 
0.313 2 19 1 4.0 4.0 0.185 0.193 0.9655 0.9655 12.33 
0.314 2 19 1 4.0 4.0 0.213 0.233 0.9895 0.9217 12.32 
0.315 2 19 1 4.0 4.0 0.138 0.241 0.9895 0.9655 12.33 
0.316 2 19 1 4.0 4.0 0.178 0.189 0.9895 0.9655 12.33 
0.317 2 19 1 4.0 4.0 0.214 0.274 0.9655 0.9655 12.32 
0.318 2 19 1 4.0 4.0 0.126 0.316 0.9895 0.9655 12.33 
0.319 2 19 1 4.0 4.0 0.113 0.233 0.9217 0.9432 12.33 
0.320 2 19 1 4.0 4.0 0.146 0.195 0.9655 0.9895 12.33 
0.321 2 19 1 4.0 4.0 0.190 0.216 1.0142 0.9895 12.33 
0.322 2 19 1 4.0 4.0 0.156 0.212 0.9895 0.9895 12.33 
0.323 2 19 1 4.0 4.0 0.181 0.218 0.9655 0.9895 12.32 
0.324 2 19 1 4.0 4.0 0.207 0.245 0.9895 0.9655 12.33 
0.325 2 19 1 4.0 4.0 0.124 0.282 0.9895 0.9895 12.32 
0.326 2 19 1 4.0 4.0 0.100 0.224 0.9895 0.9895 12.32 
0.327 2 19 1 4.0 4.0 0.182 0.244 0.9895 0.9895 12.32 
0.328 2 19 1 4.0 4.0 0.205 0.233 0.9895 1.0142 12.32 
0.329 2 19 1 4.0 4.0 0.078 0.180 1.0142 0.9655 12.33 
0.330 2 19 1 4.0 4.0 0.150 0.200 1.0142 0.9895 12.33 
0.331 2 19 1 4.0 4.0 0.153 0.334 0.9895 0.9655 12.32 
0.332 2 19 1 4.0 4.0 0.134 0.298 0.9895 1.0142 12.32 
0.333 2 19 1 4.0 4.0 0.161 0.239 0.9895 0.9895 12.33 
0.334 2 19 1 4.0 4.0 0.217 0.191 1.0142 0.9895 12.33 
0.335 2 19 1 4.0 4.0 0.206 0.233 0.9895 0.9432 12.32 
0.336 2 19 1 4.0 4.0 0.152 0.212 0.9895 0.9432 12.33 
0.337 2 19 1 4.0 4.0 0.247 0.242 0.9895 0.9895 12.32 
0.338 2 19 1 4.0 4.0 0.209 0.339 1.0142 0.9895 12.32 
0.339 2 19 1 4.0 4.0 0.122 0.286 0.9655 0.9895 12.33 
0.340 2 19 1 4.0 4.0 0.168 0.214 0.9895 0.9895 12.33 
0.341 2 19 1 4.0 4.0 0.191 0.206 0.9895 0.9895 12.33 
0.342 2 19 1 4.0 4.0 0.189 0.221 1.0142 0.9655 12.33 
0.343 2 19 1 4.0 4.0 0.216 0.239 0.9895 0.9655 12.32 
0.344 2 19 1 4.0 4.0 0.228 0.229 1.0142 1.0142 12.33 
0.345 2 19 1 4.0 4.0 0.158 0.266 0.9895 0.9895 12.32 
0.346 2 19 1 4.0 4.0 0.097 0.286 0.9895 1.0142 12.32 
0.347 2 19 1 4.0 4.0 0.170 0.253 0.9895 0.9895 12.33 
0.348 2 19 1 4.0 4.0 0.186 0.251 0.9895 1.0142 12.33 
0.349 2 19 1 4.0 4.0 0.092 0.222 0.9895 0.9895 12.32 
0.350 2 19 1 4.0 4.0 0.121 0.173 0.9895 0.9895 12.32 
0.351 2 19 1 4.0 4.0 0.175 0.199 0.9895 0.9895 12.33 
0.352 2 19 2 -4.0 -4.0 0.101 0.269 0.9895 0.9895 12.33 
0.353 2 19 2 -4.0 -4.0 -0.426 0.043 0.9895 0.9655 12.29 
0.354 2 19 2 -4.0 -4.0 -0.861 -0.744 0.9895 0.9895 12.26 
0.355 2 19 2 -4.0 -4.0 -1.278 -1.142 0.9655 0.8450 12.23 
0.356 2 19 2 -4.0 -4.0 -1.475 -1.347 0.9217 0.8629 12.20 
0.357 2 19 2 -4.0 -4.0 -1.589 -1.507 0.8629 0.7801 12.19 
0.358 2 19 2 -4.0 -4.0 -1.483 -1.661 0.7651 0.7651 12.20 
0.359 2 19 2 -4.0 -4.0 -1.430 -1.541 0.7375 0.6438 12.20 
0.360 2 19 2 -4.0 -4.0 -1.511 -1.503 0.6337 0.6540 12.19 
0.361 2 19 2 -4.0 -4.0 -1.514 -1.539 0.6239 0.6146 12.18 
0.362 2 19 2 -4.0 -4.0 -1.266 -1.563 0.5631 0.5335 12.20 
0.363 2 19 2 -4.0 -4.0 -1.241 -1.574 0.5335 0.5201 12.20 
0.364 2 19 2 -4.0 -4.0 -1.308 -1.597 0.5006 0.4661 12.21 
0.365 2 19 2 -4.0 -4.0 -1.388 -1.386 0.4714 0.4016 12.22 
0.366 2 19 2 -4.0 -4.0 -1.378 -1.265 0.3862 0.3193 12.21 
0.367 2 19 2 -4.0 -4.0 -1.347 -1.285 0.2957 0.3193 12.20 
0.368 2 19 2 -4.0 -4.0 -1.284 -1.261 0.2957 0.2957 12.20 
0.369 2 19 2 -4.0 -4.0 -1.231 -1.252 0.2288 0.2304 12.21 
0.370 2 19 2 -4.0 -4.0 -1.305 -1.269 0.2288 0.1858 12.22 
0.371 2 19 2 -4.0 -4.0 -1.310 -1.277 0.1785 0.1858 12.20 
0.372 2 19 2 -4.0 -4.0 -0.968 -1.420 0.1237 0.1570 12.20 
0.373 2 19 2 -4.0 -4.0 -1.236 -1.381 0.0949 0.1136 12.21 
0.374 2 19 2 -4.0 -4.0 -1.175 -1.217 0.0767 0.0884 12.22 
0.375 2 19 2 -4.0 -4.0 -1.107 -1.174 0.0645 0.0726 12.22 
0.376 2 19 2 -4.0 -4.0 -1.018 -1.162 0.0556 0.0617 12.22 
0.377 2 19 2 -4.0 -4.0 -1.019 -1.074 0.0487 -0.0572 12.23 
0.378 2 19 2 -4.0 -4.0 -0.982 -1.025 0.0434 -0.0572 12.23 
0.379 2 19 2 -4.0 -4.0 -0.992 -0.962 -0.0430 -0.1748 12.24 
0.380 2 19 2 -4.0 -4.0 -0.887 -0.935 -0.0430 -0.1748 12.24 
0.381 2 19 2 -4.0 -4.0 -0.601 -1.107 -0.2016 -0.2426 12.23 
0.382 2 19 2 -4.0 -4.0 -0.771 -1.082 -0.2426 -0.2426 12.24 
0.383 2 19 2 -4.0 -4.0 -0.792 -0.922 -0.2426 -0.2564 12.23 
0.384 2 19 2 -4.0 -4.0 -0.781 -0.811 -0.3047 -0.3168 12.25 
0.385 2 19 2 -4.0 -4.0 -0.770 -0.797 -0.3436 -0.3193 12.23 
0.386 2 19 2 -4.0 -4.0 -0.730 -0.733 -0.3688 -0.3688 12.24 
0.387 2 19 2 -4.0 -4.0 -0.830 -0.718 -0.3826 -0.3193 12.25 
0.388 2 19 2 -4.0 -4.0 -0.638 -0.673 -0.4057 -0.3619 12.26 
0.389 2 19 2 -4.0 -4.0 -0.652 -0.716 -0.4016 -0.3976 12.27 
0.390 2 19 2 -4.0 -4.0 -0.556 -0.731 -0.4179 -0.4268 12.27 
0.391 2 19 2 -4.0 -4.0 -0.601 -0.783 -0.3789 -0.3935 12.25 
0.392 2 19 2 -4.0 -4.0 -0.525 -0.630 -0.4223 -0.4406 12.26 
0.393 2 19 2 -4.0 -4.0 -0.638 -0.602 -0.4556 -0.4556 12.25 
0.394 2 19 2 -4.0 -4.0 -0.672 -0.582 -0.4771 -0.4771 12.26 
0.395 2 19 2 -4.0 -4.0 -0.631 -0.561 -0.5071 -0.4556 12.27 
0.396 2 19 2 -4.0 -4.0 -0.551 -0.590 -0.5201 -0.5071 12.28 
0.397 2 19 2 -4.0 -4.0 -0.533 -0.635 -0.5408 -0.5335 12.28 
0.398 2 19 2 -4.0 -4.0 -0.497 -0.644 -0.5631 -0.4884 12.27 
0.399 2 19 2 -4.0 -4.0 -0.532 -0.549 -0.5554 -0.5408 12.27 
0.400 2 19 2 -4.0 -4.0 -0.579 -0.511 -0.5964 -0.5631 12.27 
0.401 2 19 2 -4.0 -4.0 -0.533 -0.471 -0.6053 -0.5335 12.28 
0.402 2 19 2 -4.0 -4.0 -0.418 -0.458 -0.6146 -0.5712 12.28 
0.403 2 19 2 -4.0 -4.0 -0.425 -0.501 -0.6239 -0.5964 12.28 
0.404 2 19 2 -4.0 -4.0 -0.405 -0.461 -0.6337 -0.6053 12.28 
0.405 2 19 2 -4.0 -4.0 -0.453 -0.519 -0.6337 -0.6146 12.27 
0.406 2 19 2 -4.0 -4.0 -0.422 -0.508 -0.6540 -0.6053 12.28 
0.407 2 19 2 -4.0 -4.0 -0.352 -0.463 -0.6540 -0.6337 12.29 
0.408 2 19 2 -4.0 -4.0 -0.342 -0.447 -0.6759 -0.6438 12.29 
0.409 2 19 2 -4.0 -4.0 -0.389 -0.446 -0.6759 -0.6872 12.29 
0.410 2 19 2 -4.0 -4.0 -0.445 -0.383 -0.6872 -0.6337 12.29 
0.411 2 19 2 -4.0 -4.0 -0.420 -0.345 -0.6872 -0.6540 12.28 
0.412 2 19 2 -4.0 -4.0 -0.356 -0.417 -0.6994 -0.6872 12.29 
0.413 2 19 2 -4.0 -4.0 -0.313 -0.458 -0.7241 -0.7116 12.27 
0.414 2 19 2 -4.0 -4.0 -0.331 -0.453 -0.7241 -0.7116 12.28 
0.415 2 19 2 -4.0 -4.0 -0.336 -0.419 -0.7509 -0.7241 12.29 
0.416 2 19 2 -4.0 -4.0 -0.346 -0.359 -0.6994 -0.6872 12.28 
0.417 2 19 2 -4.0 -4.0 -0.334 -0.341 -0.7116 -0.6872 12.29 
0.418 2 19 2 -4.0 -4.0 -0.325 -0.411 -0.7509 -0.6994 12.26 
0.419 2 19 2 -4.0 -4.0 -0.478 -0.392 -0.7651 -0.7241 12.28 
0.420 2 19 2 -4.0 -4.0 -0.350 -0.353 -0.7651 -0.7116 12.28 
0.421 2 19 2 -4.0 -4.0 -0.313 -0.330 -0.7116 -0.7375 12.29 
0.422 2 19 2 -4.0 -4.0 -0.270 -0.357 -0.7801 -0.7509 12.30 
0.423 2 19 2 -4.0 -4.0 -0.395 -0.395 -0.7509 -0.7375 12.29 
0.424 2 19 2 -4.0 -4.0 -0.388 -0.399 -0.7951 -0.7651 12.28 
0.425 2 19 2 -4.0 -4.0 -0.379 -0.387 -0.8114 -0.7116 12.29 
0.426 2 19 2 -4.0 -4.0 -0.347 -0.362 -0.8114 -0.7509 12.29 
0.427 2 19 2 -4.0 -4.0 -0.386 -0.352 -0.7951 -0.6994 12.29 
0.428 2 19 2 -4.0 -4.0 -0.376 -0.342 -0.8276 -0.7509 12.30 
0.429 2 19 2 -4.0 -4.0 -0.311 -0.315 -0.8276 -0.7241 12.30 
0.430 2 19 2 -4.0 -4.0 -0.323 -0.372 -0.8114 -0.7651 12.30 
0.431 2 19 2 -4.0 -4.0 -0.349 -0.402 -0.8276 -0.7375 12.31 
0.432 2 19 2 -4.0 -4.0 -0.337 -0.389 -0.8276 -0.7801 12.31 
0.433 2 19 2 -4.0 -4.0 -0.266 -0.323 -0.8276 -0.7651 12.31 
0.434 2 19 2 -4.0 -4.0 -0.311 -0.288 -0.8450 -0.7801 12.31 
0.435 2 19 2 -4.0 -4.0 -0.351 -0.281 -0.8629 -0.8114 12.30 
0.436 2 19 2 -4.0 -4.0 -0.339 -0.257 -0.8450 -0.7509 12.30 
0.437 2 19 2 -4.0 -4.0 -0.295 -0.276 -0.8629 -0.7951 12.29 
0.438 2 19 2 -4.0 -4.0 -0.247 -0.288 -0.8276 -0.8114 12.30 
0.439 2 19 2 -4.0 -4.0 -0.304 -0.366 -0.8629 -0.7951 12.31 
0.440 2 19 2 -4.0 -4.0 -0.318 -0.341 -0.8276 -0.8450 12.31 
0.441 2 19 2 -4.0 -4.0 -0.313 -0.300 -0.8276 -0.8276 12.28 
0.442 2 19 2 -4.0 -4.0 -0.285 -0.252 -0.8629 -0.8114 12.31 
0.443 2 19 2 -4.0 -4.0 -0.363 -0.307 -0.9014 -0.8114 12.30 
0.444 2 19 2 -4.0 -4.0 -0.243 -0.343 -0.9014 -0.8276 12.31 
0.445 2 19 2 -4.0 -4.0 -0.177 -0.317 -0.8450 -0.7801 12.32 
0.446 2 19 2 -4.0 -4.0 -0.232 -0.319 -0.8815 -0.8114 12.31 
0.447 2 19 2 -4.0 -4.0 -0.270 -0.323 -0.9014 -0.7801 12.31 
0.448 2 19 2 -4.0 -4.0 -0.260 -0.270 -0.9217 -0.8276 12.31 
0.449 2 19 2 -4.0 -4.0 -0.253 -0.241 -0.9217 -0.7951 12.30 
0.450 2 19 2 -4.0 -4.0 -0.318 -0.248 -0.9217 -0.8450 12.30 
0.451 2 19 2 -4.0 -4.0 -0.269 -0.269 -0.9217 -0.7801 12.31 
0.452 2 19 2 -4.0 -4.0 -0.180 -0.271 -0.9014 -0.8276 12.31 
0.453 2 19 2 -4.0 -4.0 -0.202 -0.254 -0.9217 -0.7951 12.29 
0.454 2 19 2 -4.0 -4.0 -0.150 -0.311 -0.9432 -0.8276 12.29 
0.455 2 19 2 -4.0 -4.0 -0.156 -0.371 -0.9217 -0.8114 12.29 
0.456 2 19 2 -4.0 -4.0 -0.148 -0.330 -0.9432 -0.8815 12.31 
0.457 2 19 2 -4.0 -4.0 -0.232 -0.280 -0.9432 -0.8629 12.31 
0.458 2 19 2 -4.0 -4.0 -0.197 -0.241 -0.9217 -0.8629 12.32 
0.459 2 19 2 -4.0 -4.0 -0.209 -0.201 -0.9432 -0.9014 12.30 
0.460 2 19 2 -4.0 -4.0 -0.216 -0.218 -0.9217 -0.8450 12.29 
0.461 2 19 2 -4.0 -4.0 -0.260 -0.264 -0.9432 -0.8629 12.31 
0.462 2 19 2 -4.0 -4.0 -0.269 -0.293 -0.9432 -0.8815 12.31 
0.463 2 19 2 -4.0 -4.0 -0.255 -0.303 -0.9432 -0.8629 12.32 
0.464 2 19 2 -4.0 -4.0 -0.285 -0.300 -0.9655 -0.8815 12.31 
0.465 2 19 2 -4.0 -4.0 -0.226 -0.255 -0.9655 -0.8629 12.31 
0.466 2 19 2 -4.0 -4.0 -0.182 -0.262 -0.7801 -0.8815 12.29 
0.467 2 19 2 -4.0 -4.0 -0.193 -0.245 -0.9217 -0.9014 12.32 
0.468 2 19 2 -4.0 -4.0 -0.262 -0.208 -0.9217 -0.8276 12.30 
0.469 2 19 2 -4.0 -4.0 -0.229 -0.200 -0.9432 -0.8629 12.32 
0.470 2 19 2 -4.0 -4.0 -0.191 -0.268 -0.9655 -0.8629 12.32 
0.471 2 19 2 -4.0 -4.0 -0.247 -0.294 -0.9655 -0.9014 12.31 
0.472 2 19 2 -4.0 -4.0 -0.243 -0.316 -0.9895 -0.8629 12.31 
0.473 2 19 2 -4.0 -4.0 -0.202 -0.275 -0.9432 -0.9014 12.32 
0.474 2 19 2 -4.0 -4.0 -0.160 -0.261 -0.9655 -0.8450 12.32 
0.475 2 19 2 -4.0 -4.0 -0.148 -0.246 -0.9655 -0.8815 12.32 
0.476 2 19 2 -4.0 -4.0 -0.133 -0.200 -0.9655 -0.8815 12.31 
0.477 2 19 2 -4.0 -4.0 -0.096 -0.211 -0.9895 -0.8450 12.31 
0.478 2 19 2 -4.0 -4.0 -0.172 -0.239 -0.9895 -0.9014 12.31 
0.479 2 19 2 -4.0 -4.0 -0.164 -0.268 -0.9895 -0.9014 12.31 
0.480 2 19 2 -4.0 -4.0 -0.151 -0.284 -0.9895 -0.9014 12.32 
0.481 2 19 2 -4.0 -4.0 -0.115 -0.353 -0.9655 -0.9432 12.32 
0.482 2 19 2 -4.0 -4.0 -0.238 -0.309 -0.9895 -0.9014 12.32 
0.483 2 19 2 -4.0 -4.0 -0.217 -0.246 -0.9655 -0.9217 12.33 
0.484 2 19 2 -4.0 -4.0 -0.213 -0.231 -0.9655 -0.9432 12.32 
0.485 2 19 2 -4.0 -4.0 -0.304 -0.236 -0.9895 -0.9432 12.31 
0.486 2 19 2 -4.0 -4.0 -0.175 -0.186 -0.9895 -0.9432 12.32 
0.487 2 19 2 -4.0 -4.0 -0.121 -0.163 -0.9014 -0.9217 12.33 
0.488 2 19 2 -4.0 -4.0 -0.168 -0.248 -0.9655 -0.9217 12.31 
0.489 2 19 2 -4.0 -4.0 -0.260 -0.276 -0.9895 -0.9432 12.32 
0.490 2 19 2 -4.0 -4.0 -0.194 -0.280 -0.9895 -0.9014 12.32 
0.491 2 19 2 -4.0 -4.0 -0.187 -0.287 -0.9895 -0.9217 12.32 
0.492 2 19 2 -4.0 -4.0 -0.201 -0.280 -0.9895 -0.8815 12.31 
0.493 2 19 2 -4.0 -4.0 -0.212 -0.251 -0.9895 -0.9217 12.32 
0.494 2 19 2 -4.0 -4.0 -0.171 -0.201 -1.0142 -0.9014 12.32 
0.495 2 19 2 -4.0 -4.0 -0.164 -0.241 -1.0142 -0.8276 12.32 
0.496 2 19 2 -4.0 -4.0 -0.156 -0.264 -0.9895 -0.8815 12.32 
0.497 2 19 2 -4.0 -4.0 -0.099 -0.270 -0.9895 -0.8629 12.32 
0.498 2 19 2 -4.0 -4.0 -0.145 -0.255 -0.9895 -0.8815 12.32 
0.499 2 19 2 -4.0 -4.0 -0.220 -0.256 -0.9895 -0.9014 12.32 
0.500 2 19 2 -4.0 -4.0 -0.207 -0.252 -0.9895 -0.9217 12.32 
0.501 2 19 2 -4.0 -4.0 -0.133 -0.212 -0.9014 -0.9217 12.31 
0.502 2 19 2 -4.0 -4.0 -0.217 -0.222 -0.9895 -0.9217 12.31 
0.503 2 19 3 0.0 0.0 -0.168 -0.217 -0.9895 -0.8276 12.31 
0.504 2 19 3 0.0 0.0 0.154 -0.106 -0.9895 -0.9014 12.33 
0.505 2 19 3 0.0 0.0 0.346 0.243 -1.0142 -0.9217 12.33 
0.506 2 19 3 0.0 0.0 0.436 0.454 -1.0142 -0.8815 12.33 
0.507 2 19 3 0.0 0.0 0.524 0.424 -0.8276 -0.9014 12.32 
0.508 2 19 3 0.0 0.0 0.610 0.572 -0.9014 -0.8629 12.33 
0.509 2 19 3 0.0 0.0 0.584 0.655 -0.8629 -0.8114 12.33 
0.510 2 19 3 0.0 0.0 0.531 0.689 -0.8629 -0.7951 12.33 
0.511 2 19 3 0.0 0.0 0.572 0.528 -0.8276 -0.7801 12.33 
0.512 2 19 3 0.0 0.0 0.610 0.556 -0.7801 -0.7116 12.33 
0.513 2 19 3 0.0 0.0 0.588 0.583 -0.7801 -0.7116 12.33 
0.514 2 19 3 0.0 0.0 0.454 0.564 -0.7801 -0.6994 12.33 
0.515 2 19 3 0.0 0.0 0.527 0.494 -0.7509 -0.6872 12.34 
0.516 2 19 3 0.0 0.0 0.567 0.426 -0.7241 -0.6872 12.34 
0.517 2 19 3 0.0 0.0 0.529 0.508 -0.7116 -0.6337 12.33 
0.518 2 19 3 0.0 0.0 0.442 0.555 -0.6759 -0.6337 12.34 
0.519 2 19 3 0.0 0.0 0.388 0.516 -0.6540 -0.6337 12.33 
0.520 2 19 3 0.0 0.0 0.400 0.385 -0.6540 -0.5793 12.34 
0.521 2 19 3 0.0 0.0 0.419 0.355 -0.6438 -0.5712 12.33 
0.522 2 19 3 0.0 0.0 0.420 0.390 -0.6146 -0.5793 12.33 
0.523 2 19 3 0.0 0.0 0.371 0.457 -0.5964 -0.5408 12.27 
0.524 2 19 3 0.0 0.0 0.300 0.447 -0.5964 -0.5201 12.32 
0.525 2 19 3 0.0 0.0 0.356 0.424 -0.5631 -0.5266 12.33 
0.526 2 19 3 0.0 0.0 0.403 0.345 -0.5481 -0.4828 12.33 
0.527 2 19 3 0.0 0.0 0.388 0.286 -0.5408 -0.4945 12.33 
0.528 2 19 3 0.0 0.0 0.359 0.317 -0.4945 -0.4828 12.33 
0.529 2 19 3 0.0 0.0 0.351 0.359 -0.4945 -0.4016 12.33 
0.530 2 19 3 0.0 0.0 0.247 0.353 -0.4884 -0.4223 12.34 
0.531 2 19 3 0.0 0.0 0.279 0.336 -0.4454 -0.3720 12.34 
0.532 2 19 3 0.0 0.0 0.269 0.296 -0.4454 -0.3935 12.33 
0.533 2 19 3 0.0 0.0 0.499 0.290 -0.4057 -0.4057 12.30 
0.534 2 19 3 0.0 0.0 0.315 0.115 -0.4179 -0.3935 12.31 
0.535 2 19 3 0.0 0.0 0.263 0.137 -0.4179 -0.3935 12.34 
0.536 2 19 3 0.0 0.0 0.225 0.197 -0.4016 -0.3270 12.34 
0.537 2 19 3 0.0 0.0 0.252 0.239 -0.3899 -0.3688 12.35 
0.538 2 19 3 0.0 0.0 0.218 0.271 -0.3899 -0.3217 12.35 
0.539 2 19 3 0.0 0.0 0.198 0.224 -0.3497 -0.3408 12.34 
0.540 2 19 3 0.0 0.0 0.168 0.244 -0.3497 -0.3298 12.33 
0.541 2 19 3 0.0 0.0 0.217 0.227 -0.3558 -0.3071 12.34 
0.542 2 19 3 0.0 0.0 0.217 0.199 -0.2856 -0.3168 12.34 
0.543 2 19 3 0.0 0.0 0.261 0.175 -0.3323 -0.2665 12.35 
0.544 2 19 3 0.0 0.0 0.216 0.108 -0.3217 -0.2665 12.34 
0.545 2 19 3 0.0 0.0 0.171 0.106 -0.3193 -0.2982 12.33 
0.546 2 19 3 0.0 0.0 0.154 0.110 -0.3026 -0.2795 12.34 
0.547 2 19 3 0.0 0.0 0.129 0.124 -0.2738 -0.2795 12.34 
0.548 2 19 3 0.0 0.0 0.121 0.118 -0.2738 -0.2665 12.34 
0.549 2 19 3 0.0 0.0 0.129 0.135 -0.2897 -0.2276 12.33 
0.550 2 19 3 0.0 0.0 0.122 0.130 -0.2649 -0.2239 12.34 
0.551 2 19 3 0.0 0.0 0.149 0.157 -0.2649 -0.2345 12.33 
0.552 2 19 3 0.0 0.0 0.164 0.130 -0.2564 -0.2345 12.34 
0.553 2 19 3 0.0 0.0 0.157 0.122 -0.2442 -0.1959 12.33 
0.554 2 19 3 0.0 0.0 0.152 0.099 -0.2288 -0.1959 12.34 
0.555 2 19 3 0.0 0.0 0.163 0.088 -0.2288 -0.2101 12.34 
0.556 2 19 3 0.0 0.0 0.167 0.050 -0.2288 -0.2101 12.34 
0.557 2 19 3 0.0 0.0 0.148 0.096 -0.1976 -0.1809 12.35 
0.558 2 19 3 0.0 0.0 0.136 0.060 -0.1976 -0.1793 12.33 
0.559 2 19 3 0.0 0.0 0.081 0.065 -0.2089 -0.1793 12.34 
0.560 2 19 3 0.0 0.0 0.061 0.064 -0.2089 -0.1911 12.34 
0.561 2 19 3 0.0 0.0 0.086 0.062 -0.2008 -0.1911 12.33 
0.562 2 19 3 0.0 0.0 0.085 0.081 -0.2008 -0.1623 12.33 
0.563 2 19 3 0.0 0.0 0.088 0.057 -0.1919 -0.1623 12.33 
0.564 2 19 3 0.0 0.0 0.099 0.055 -0.1919 -0.1623 12.34 
0.565 2 19 3 0.0 0.0 0.070 0.096 -0.1919 -0.1578 12.33 
0.566 2 19 3 0.0 0.0 0.105 0.076 -0.1623 -0.1578 12.34 
0.567 2 19 3 0.0 0.0 0.052 0.054 -0.1623 -0.1452 12.33 
0.568 2 19 3 0.0 0.0 0.090 0.051 -0.1623 -0.1152 12.34 
0.569 2 19 3 0.0 0.0 0.068 0.047 -0.1529 -0.1152 12.34 
0.570 2 19 3 0.0 0.0 0.080 0.058 -0.1529 -0.1152 12.34 
0.571 2 19 3 0.0 0.0 0.111 0.045 -0.1420 -0.1290 12.33 
0.572 2 19 3 0.0 0.0 0.103 0.028 -0.1274 -0.1290 12.34 
0.573 2 19 3 0.0 0.0 0.086 0.020 -0.1274 -0.1290 12.33 
0.574 2 19 3 0.0 0.0 0.054 0.053 -0.1274 -0.1290 12.34 
0.575 2 19 3 0.0 0.0 0.015 0.042 -0.1213 -0.1091 12.34 
0.576 2 19 3 0.0 0.0 0.038 0.024 -0.1213 -0.1091 12.34 
0.577 2 19 3 0.0 0.0 0.044 0.016 -0.1213 -0.1091 12.34 
0.578 2 19 3 0.0 0.0 0.075 0.043 -0.1213 -0.1091 12.34 
0.579 2 19 3 0.0 0.0 0.023 0.023 -0.1059 -0.1152 12.33 
0.580 2 19 3 0.0 0.0 0.008 0.069 -0.1059 -0.1152 12.33 
0.581 2 19 3 0.0 0.0 0.005 0.033 -0.1059 -0.1152 12.35 
0.582 2 19 3 0.0 0.0 -0.004 0.011 -0.1059 -0.1034 12.34 
0.583 2 19 3 0.0 0.0 0.032 0.016 -0.1059 -0.0917 12.34 
0.584 2 19 3 0.0 0.0 0.042 0.038 -0.1059 -0.0917 12.34 
0.585 2 19 3 0.0 0.0 0.032 0.039 -0.1059 -0.0917 12.34 
0.586 2 19 3 0.0 0.0 0.013 0.037 -0.1059 -0.0917 12.34 
0.587 2 19 3 0.0 0.0 0.025 0.029 -0.0929 -0.0929 12.34 
0.588 2 19 3 0.0 0.0 0.019 0.029 -0.0929 -0.0929 12.34 
0.589 2 19 3 0.0 0.0 -0.002 0.009 -0.0929 -0.0929 12.34 
0.590 2 19 3 0.0 0.0 0.023 0.015 -0.0929 -0.0929 12.34 
0.591 2 19 3 0.0 0.0 0.014 0.024 -0.0929 -0.0929 12.34 
0.592 2 19 3 0.0 0.0 0.033 0.019 -0.0811 -0.0783 12.33 
0.593 2 19 3 0.0 0.0 0.004 0.010 -0.0811 -0.0657 12.34 
0.594 2 19 3 0.0 0.0 0.019 0.043 -0.0811 -0.0564 12.33 
0.595 2 19 3 0.0 0.0 0.042 0.003 -0.0811 -0.0552 12.34 
0.596 2 19 3 0.0 0.0 -0.030 0.017 -0.0811 -0.0552 12.34 
0.597 2 19 3 0.0 0.0 0.015 0.049 -0.0759 -0.0552 12.34 
0.598 2 19 3 0.0 0.0 0.037 0.005 -0.0637 -0.0552 12.34 
0.599 2 19 3 0.0 0.0 0.038 0.005 -0.0552 -0.0552 12.34 
0.600 2 19 3 0.0 0.0 -0.025 0.029 -0.0483 -0.0552 12.33 
0.601 2 19 3 0.0 0.0 -0.007 0.048 -0.0434 -0.0552 12.33 
0.602 2 19 3 0.0 0.0 -0.012 0.003 -0.0394 -0.0515 12.33 
0.603 2 19 3 0.0 0.0 0.002 -0.023 -0.0394 -0.0454 12.34 
0.604 2 19 3 0.0 0.0 0.022 -0.006 -0.0394 -0.0410 12.34 
0.605 2 19 3 0.0 0.0 -0.007 0.020 -0.0394 -0.0373 12.34 
0.606 2 19 3 0.0 0.0 0.007 0.029 -0.0394 -0.0341 12.34 
0.607 2 19 3 0.0 0.0 -0.014 0.001 -0.0394 -0.0312 12.34 
0.608 2 19 3 0.0 0.0 -0.005 -0.010 -0.0394 -0.0292 12.34 
0.609 2 19 3 0.0 0.0 -0.029 0.005 -0.0394 -0.0272 12.34 
0.610 2 19 3 0.0 0.0 -0.029 -0.022 -0.0394 -0.0256 12.35 
0.611 2 19 3 0.0 0.0 -0.006 -0.001 -0.0394 -0.0239 12.34 
0.612 2 19 3 0.0 0.0 -0.003 0.026 -0.0394 -0.0223 12.34 
0.613 2 19 3 0.0 0.0 -0.020 -0.009 -0.0365 -0.0215 12.34 
0.614 2 19 3 0.0 0.0 -0.009 -0.004 -0.0333 -0.0203 12.34 
0.615 2 19 3 0.0 0.0 -0.033 0.016 -0.0308 -0.0191 12.34 
0.616 2 19 3 0.0 0.0 -0.011 0.001 -0.0288 -0.0183 12.34 
0.617 2 19 3 0.0 0.0 -0.023 -0.001 -0.0268 -0.0174 12.34 
0.618 2 19 3 0.0 0.0 -0.032 0.002 -0.0252 -0.0166 12.34 
0.619 2 19 3 0.0 0.0 -0.019 0.006 -0.0235 -0.0162 12.34 
0.620 2 19 3 0.0 0.0 -0.034 0.008 -0.0223 -0.0154 12.33 
0.621 2 19 3 0.0 0.0 -0.004 0.048 -0.0211 -0.0150 12.34 
0.622 2 19 3 0.0 0.0 -0.036 -0.018 -0.0199 -0.0142 12.34 
0.623 2 19 3 0.0 0.0 -0.034 -0.017 -0.0191 -0.0138 12.34 
0.624 2 19 3 0.0 0.0 -0.007 0.008 -0.0183 0.0138 12.34 
0.625 2 19 3 0.0 0.0 0.014 -0.031 0.0178 0.0138 12.33 
0.626 2 19 3 0.0 0.0 -0.026 0.009 0.0178 0.0138 12.34 
0.627 2 19 3 0.0 0.0 -0.016 0.007 0.0178 0.0138 12.35 
0.628 2 19 3 0.0 0.0 -0.011 -0.035 0.0178 0.0138 12.34 
0.629 2 19 3 0.0 0.0 -0.010 -0.026 0.0178 0.0138 12.34 
0.630 2 19 3 0.0 0.0 -0.030 -0.008 0.0178 0.0138 12.34 
0.631 2 19 3 0.0 0.0 -0.034 -0.014 0.0178 0.0138 12.34 
0.632 2 19 3 0.0 0.0 -0.012 0.028 0.0178 0.0138 12.34 
0.633 2 19 3 0.0 0.0 -0.029 0.006 0.0178 0.0138 12.34 
0.634 2 19 3 0.0 0.0 -0.064 -0.006 0.0178 0.0138 12.34 
0.635 2 19 3 0.0 0.0 0.007 -0.026 0.0178 0.0138 12.35 
0.636 2 19 3 0.0 0.0 0.000 -0.045 0.0178 0.0138 12.34 
0.637 2 19 3 0.0 0.0 -0.025 -0.007 0.0178 0.0138 12.34 
0.638 2 19 3 0.0 0.0 -0.015 -0.007 0.0178 0.0138 12.34 
0.639 2 19 3 0.0 0.0 -0.021 -0.029 0.0178 0.0138 12.34 
0.640 2 19 3 0.0 0.0 -0.007 -0.017 0.0178 0.0138 12.33 
0.641 2 19 3 0.0 0.0 -0.001 -0.026 0.0178 0.0231 12.34 
0.642 2 19 3 0.0 0.0 -0.030 -0.030 0.0178 0.0231 12.34 
0.643 2 19 3 0.0 0.0 -0.045 0.028 0.0178 0.0231 12.33 
0.644 2 19 3 0.0 0.0 -0.064 -0.023 0.0178 0.0231 12.33 
0.645 2 19 3 0.0 0.0 0.008 -0.009 0.0178 0.0231 12.35 
0.646 2 19 3 0.0 0.0 -0.020 0.022 0.0178 0.0231 12.34 
0.647 2 19 3 0.0 0.0 -0.016 -0.014 0.0174 0.0231 12.34 
0.648 2 19 3 0.0 0.0 0.008 0.010 0.0170 0.0231 12.34 
0.649 2 19 3 0.0 0.0 -0.024 0.005 0.0170 0.0231 12.33 
0.650 2 19 3 0.0 0.0 -0.010 -0.026 0.0170 0.0231 12.34 
0.651 2 19 3 0.0 0.0 -0.010 -0.021 0.0170 0.0231 12.34 
0.652 2 19 3 0.0 0.0 -0.002 -0.007 0.0170 0.0231 12.35 
0.653 2 19 3 0.0 0.0 0.006 -0.041 0.0170 0.0231 12.34 
0.654 2 19 3 0.0 0.0 -0.005 -0.000 0.0170 0.0329 12.34 
0.655 2 19 3 0.0 0.0 -0.011 -0.043 0.0170 0.0329 12.34 
0.656 2 19 3 0.0 0.0 -0.046 -0.016 0.0170 0.0329 12.34 
0.657 2 19 3 0.0 0.0 -0.001 0.028 0.0170 0.0329 12.35 
0.658 2 19 3 0.0 0.0 -0.007 -0.028 0.0170 0.0329 12.34 
0.659 2 19 3 0.0 0.0 -0.034 0.005 0.0170 0.0329 12.34 
0.660 2 19 3 0.0 0.0 -0.011 0.030 0.0170 0.0329 12.34 
0.661 2 19 3 0.0 0.0 -0.004 -0.016 0.0170 0.0329 12.33 
0.662 2 19 3 0.0 0.0 -0.031 0.020 0.0170 0.0329 12.34 
0.663 2 19 3 0.0 0.0 -0.066 0.029 0.0276 0.0329 12.33 
0.664 2 19 3 0.0 0.0 0.015 0.012 0.0276 0.0329 12.35 
0.665 2 19 3 0.0 0.0 0.021 0.012 0.0276 0.0329 12.35 
