%% logfile from robot Emily (22)
% Emily (22)
%  1    time 0.000 sec
%  2  3  4   (mission 0), state 2, thread 2, line 0
%  5  6 Motor voltage [V] left, right: 2.0 2.0
%  7  8 Motor current left, right [A]: 0.023 0.024
%  9 10 Wheel velocity [m/s] left, right: -0.0000 0.0000
% 11    Battery voltage [V]: 12.33
0.001 2 2 0 2.0 2.0 0.096 0.009 -0.0000 0.0000 12.32 
0.002 2 2 0 2.0 2.0 0.288 0.200 -0.0000 0.0000 12.32 
0.003 2 2 0 2.0 2.0 0.390 0.333 -0.0000 0.0000 12.32 
0.004 2 2 0 2.0 2.0 0.447 0.416 -0.0000 0.0000 12.31 
0.005 2 2 0 2.0 2.0 0.439 0.450 -0.0000 0.0000 12.31 
0.006 2 2 0 2.0 2.0 0.462 0.457 -0.0000 0.0000 12.31 
0.007 2 2 0 2.0 2.0 0.431 0.461 -0.0000 0.0000 12.31 
0.008 2 2 0 2.0 2.0 0.384 0.479 -0.0000 0.0000 12.31 
0.009 2 2 0 2.0 2.0 0.374 0.459 -0.0000 0.0000 12.31 
0.010 2 2 0 2.0 2.0 0.394 0.482 0.0000 0.0823 12.31 
0.011 2 2 0 2.0 2.0 0.401 0.462 0.0000 0.0823 12.31 
0.012 2 2 0 2.0 2.0 0.382 0.425 0.0000 0.0823 12.31 
0.013 2 2 0 2.0 2.0 0.385 0.416 0.0000 0.1233 12.31 
0.014 2 2 0 2.0 2.0 0.366 0.424 0.0000 0.1233 12.31 
0.015 2 2 0 2.0 2.0 0.355 0.425 0.0872 0.1783 12.32 
0.016 2 2 0 2.0 2.0 0.350 0.408 0.0872 0.1783 12.31 
0.017 2 2 0 2.0 2.0 0.353 0.359 0.1422 0.1928 12.31 
0.018 2 2 0 2.0 2.0 0.327 0.342 0.1422 0.1928 12.31 
0.019 2 2 0 2.0 2.0 0.350 0.362 0.1422 0.2016 12.31 
0.020 2 2 0 2.0 2.0 0.338 0.356 0.1631 0.2016 12.31 
0.021 2 2 0 2.0 2.0 0.328 0.323 0.1631 0.1839 12.32 
0.022 2 2 0 2.0 2.0 0.313 0.309 0.1767 0.1839 12.32 
0.023 2 2 0 2.0 2.0 0.288 0.299 0.1767 0.2293 12.31 
0.024 2 2 0 2.0 2.0 0.272 0.301 0.1759 0.2293 12.31 
0.025 2 2 0 2.0 2.0 0.282 0.306 0.1759 0.2181 12.31 
0.026 2 2 0 2.0 2.0 0.296 0.298 0.2293 0.2574 12.31 
0.027 2 2 0 2.0 2.0 0.273 0.288 0.2293 0.2574 12.31 
0.028 2 2 0 2.0 2.0 0.290 0.292 0.2390 0.2462 12.31 
0.029 2 2 0 2.0 2.0 0.253 0.302 0.2374 0.2462 12.31 
0.030 2 2 0 2.0 2.0 0.262 0.319 0.2374 0.2868 12.31 
0.031 2 2 0 2.0 2.0 0.264 0.269 0.2088 0.2574 12.31 
0.032 2 2 0 2.0 2.0 0.277 0.231 0.2088 0.2972 12.31 
0.033 2 2 0 2.0 2.0 0.298 0.238 0.2675 0.2972 12.31 
0.034 2 2 0 2.0 2.0 0.290 0.245 0.2538 0.3137 12.31 
0.035 2 2 0 2.0 2.0 0.276 0.233 0.2538 0.3113 12.31 
0.036 2 2 0 2.0 2.0 0.278 0.222 0.2675 0.2747 12.31 
0.037 2 2 0 2.0 2.0 0.282 0.219 0.2623 0.2747 12.31 
0.038 2 2 0 2.0 2.0 0.258 0.214 0.2462 0.3185 12.31 
0.039 2 2 0 2.0 2.0 0.253 0.240 0.3113 0.2574 12.31 
0.040 2 2 0 2.0 2.0 0.283 0.244 0.2996 0.3462 12.31 
0.041 2 2 0 2.0 2.0 0.247 0.247 0.2996 0.3462 12.31 
0.042 2 2 0 2.0 2.0 0.214 0.217 0.2972 0.3550 12.31 
0.043 2 2 0 2.0 2.0 0.217 0.218 0.2675 0.3462 12.32 
0.044 2 2 0 2.0 2.0 0.233 0.208 0.3317 0.2908 12.31 
0.045 2 2 0 2.0 2.0 0.227 0.207 0.3402 0.3615 12.31 
0.046 2 2 0 2.0 2.0 0.213 0.195 0.3402 0.3265 12.31 
0.047 2 2 0 2.0 2.0 0.227 0.181 0.3185 0.3265 12.31 
0.048 2 2 0 2.0 2.0 0.216 0.200 0.2747 0.3582 12.31 
0.049 2 2 0 2.0 2.0 0.208 0.198 0.3550 0.3185 12.31 
0.050 2 2 0 2.0 2.0 0.214 0.227 0.3550 0.3787 12.31 
0.051 2 2 0 2.0 2.0 0.206 0.184 0.3550 0.3346 12.31 
0.052 2 2 0 2.0 2.0 0.211 0.168 0.3374 0.3787 12.31 
0.053 2 2 0 2.0 2.0 0.211 0.179 0.3113 0.3462 12.31 
0.054 2 2 0 2.0 2.0 0.218 0.176 0.3715 0.3896 12.32 
0.055 2 2 0 2.0 2.0 0.218 0.159 0.3374 0.3430 12.31 
0.056 2 2 0 2.0 2.0 0.209 0.150 0.3402 0.3317 12.31 
0.057 2 2 0 2.0 2.0 0.181 0.162 0.3402 0.3936 12.32 
0.058 2 2 0 2.0 2.0 0.184 0.199 0.3289 0.3787 12.31 
0.059 2 2 0 2.0 2.0 0.200 0.203 0.3787 0.3936 12.31 
0.060 2 2 0 2.0 2.0 0.210 0.163 0.3040 0.3402 12.31 
0.061 2 2 0 2.0 2.0 0.197 0.169 0.3430 0.3715 12.31 
0.062 2 2 0 2.0 2.0 0.199 0.149 0.3064 0.3896 12.31 
0.063 2 2 0 2.0 2.0 0.188 0.142 0.3064 0.4016 12.31 
0.064 2 2 0 2.0 2.0 0.189 0.131 0.3751 0.3550 12.31 
0.065 2 2 0 2.0 2.0 0.182 0.133 0.3751 0.3823 12.31 
0.066 2 2 0 2.0 2.0 0.184 0.161 0.3430 0.4016 12.32 
0.067 2 2 0 2.0 2.0 0.192 0.186 0.3289 0.4137 12.31 
0.068 2 2 0 2.0 2.0 0.205 0.159 0.3787 0.3715 12.31 
0.069 2 2 0 2.0 2.0 0.204 0.163 0.3550 0.3936 12.32 
0.070 2 2 0 2.0 2.0 0.182 0.133 0.3462 0.3715 12.32 
0.071 2 2 0 2.0 2.0 0.190 0.123 0.3462 0.3976 12.31 
0.072 2 2 0 2.0 2.0 0.205 0.133 0.2868 0.3976 12.31 
0.073 2 2 0 2.0 2.0 0.204 0.129 0.3787 0.4137 12.31 
0.074 2 2 0 2.0 2.0 0.182 0.153 0.3860 0.3787 12.32 
0.075 2 2 0 2.0 2.0 0.186 0.175 0.3522 0.4097 12.31 
0.076 2 2 0 2.0 2.0 0.182 0.162 0.2972 0.4269 12.31 
0.077 2 2 0 2.0 2.0 0.194 0.147 0.3896 0.4181 12.31 
0.078 2 2 0 2.0 2.0 0.232 0.128 0.3860 0.3751 12.31 
0.079 2 2 0 2.0 2.0 0.217 0.133 0.3651 0.4097 12.31 
0.080 2 2 0 2.0 2.0 0.203 0.150 0.3651 0.4269 12.31 
0.081 2 2 0 2.0 2.0 0.184 0.157 0.3113 0.4181 12.31 
0.082 2 2 0 2.0 2.0 0.190 0.171 0.3896 0.4410 12.31 
0.083 2 2 0 2.0 2.0 0.165 0.168 0.3751 0.3976 12.31 
0.084 2 2 0 2.0 2.0 0.159 0.138 0.3651 0.4269 12.31 
0.085 2 2 0 2.0 2.0 0.147 0.132 0.3265 0.4510 12.31 
0.086 2 2 0 2.0 2.0 0.156 0.132 0.4016 0.4562 12.31 
0.087 2 2 0 2.0 2.0 0.180 0.128 0.3976 0.3936 12.31 
0.088 2 2 0 2.0 2.0 0.149 0.127 0.3823 0.4225 12.31 
0.089 2 2 0 2.0 2.0 0.175 0.126 0.3289 0.3615 12.31 
0.090 2 2 0 2.0 2.0 0.191 0.160 0.3651 0.4137 12.31 
0.091 2 2 0 2.0 2.0 0.201 0.158 0.3651 0.4562 12.31 
0.092 2 2 0 2.0 2.0 0.195 0.147 0.3787 0.3896 12.33 
0.093 2 2 0 2.0 2.0 0.138 0.161 0.3860 0.4317 12.30 
0.094 2 2 0 2.0 2.0 0.176 0.132 0.3490 0.4317 12.31 
0.095 2 2 0 2.0 2.0 0.209 0.117 0.3860 0.4510 12.31 
0.096 2 2 0 2.0 2.0 0.192 0.121 0.3976 0.4362 12.31 
0.097 2 2 0 2.0 2.0 0.169 0.158 0.4016 0.4615 12.31 
0.098 2 2 0 2.0 2.0 0.156 0.130 0.3522 0.4462 12.32 
0.099 2 2 0 2.0 2.0 0.150 0.104 0.3896 0.4615 12.31 
0.100 2 2 0 2.0 2.0 0.145 0.112 0.4137 0.4723 12.31 
0.101 2 2 0 2.0 2.0 0.143 0.122 0.4016 0.4410 12.32 
0.102 2 2 0 2.0 2.0 0.150 0.113 0.3402 0.4615 12.32 
0.103 2 2 0 2.0 2.0 0.138 0.108 0.3823 0.4615 12.31 
0.104 2 2 0 2.0 2.0 0.161 0.127 0.4056 0.4779 12.31 
0.105 2 2 0 2.0 2.0 0.166 0.149 0.4097 0.4410 12.31 
0.106 2 2 0 2.0 2.0 0.181 0.125 0.3751 0.4667 12.31 
0.107 2 2 0 2.0 2.0 0.173 0.105 0.4097 0.4779 12.31 
0.108 2 2 0 2.0 2.0 0.160 0.095 0.4097 0.4510 12.31 
0.109 2 2 0 2.0 2.0 0.157 0.076 0.4097 0.4667 12.31 
0.110 2 2 0 2.0 2.0 0.161 0.081 0.3936 0.4836 12.31 
0.111 2 2 0 2.0 2.0 0.164 0.120 0.4056 0.4896 12.31 
0.112 2 2 0 2.0 2.0 0.148 0.107 0.3715 0.4615 12.31 
0.113 2 2 0 2.0 2.0 0.140 0.111 0.3976 0.4510 12.31 
0.114 2 2 0 2.0 2.0 0.139 0.093 0.4137 0.4723 12.31 
0.115 2 2 0 2.0 2.0 0.136 0.081 0.4362 0.4667 12.31 
0.116 2 2 0 2.0 2.0 0.153 0.076 0.4317 0.4779 12.31 
0.117 2 2 0 2.0 2.0 0.142 0.096 0.3976 0.4562 12.32 
0.118 2 2 0 2.0 2.0 0.138 0.144 0.4317 0.4779 12.31 
0.119 2 2 0 2.0 2.0 0.158 0.125 0.4362 0.4956 12.31 
0.120 2 2 0 2.0 2.0 0.173 0.125 0.4362 0.4562 12.31 
0.121 2 2 0 2.0 2.0 0.173 0.127 0.3582 0.4779 12.31 
0.122 2 2 0 2.0 2.0 0.173 0.100 0.4097 0.4667 12.31 
0.123 2 2 0 2.0 2.0 0.159 0.083 0.4410 0.4836 12.31 
0.124 2 2 0 2.0 2.0 0.148 0.105 0.4362 0.4896 12.31 
0.125 2 2 0 2.0 2.0 0.142 0.135 0.3550 0.4615 12.31 
0.126 2 2 0 2.0 2.0 0.168 0.120 0.4056 0.4836 12.31 
0.127 2 2 0 2.0 2.0 0.173 0.092 0.4317 0.5020 12.31 
0.128 2 2 0 2.0 2.0 0.145 0.097 0.4097 0.5081 12.31 
0.129 2 2 0 2.0 2.0 0.134 0.094 0.4225 0.4836 12.31 
0.130 2 2 0 2.0 2.0 0.119 0.092 0.4410 0.3936 12.31 
0.131 2 2 0 2.0 2.0 0.118 0.120 0.4410 0.4462 12.31 
0.132 2 2 0 2.0 2.0 0.104 0.147 0.3936 0.4836 12.31 
0.133 2 2 0 2.0 2.0 0.112 0.141 0.4317 0.4956 12.31 
0.134 2 2 0 2.0 2.0 0.122 0.125 0.4510 0.4562 12.31 
0.135 2 2 0 2.0 2.0 0.142 0.093 0.4510 0.4723 12.31 
0.136 2 2 0 2.0 2.0 0.152 0.081 0.3860 0.4896 12.31 
0.137 2 2 0 2.0 2.0 0.146 0.081 0.4317 0.4667 12.31 
0.138 2 2 0 2.0 2.0 0.166 0.101 0.4462 0.4896 12.31 
0.139 2 2 0 2.0 2.0 0.143 0.107 0.4269 0.4723 12.31 
0.140 2 2 0 2.0 2.0 0.140 0.081 0.4562 0.4779 12.31 
0.141 2 2 0 2.0 2.0 0.178 0.076 0.4615 0.4956 12.31 
0.142 2 2 0 2.0 2.0 0.141 0.093 0.4615 0.4667 12.31 
0.143 2 2 0 2.0 2.0 0.136 0.093 0.4317 0.4896 12.31 
0.144 2 2 0 2.0 2.0 0.141 0.116 0.4615 0.4896 12.31 
0.145 2 2 0 2.0 2.0 0.125 0.157 0.4723 0.4615 12.31 
0.146 2 2 0 2.0 2.0 0.124 0.127 0.3976 0.4836 12.31 
0.147 2 2 0 2.0 2.0 0.123 0.095 0.4362 0.4836 12.31 
0.148 2 2 0 2.0 2.0 0.151 0.068 0.4562 0.5020 12.31 
0.149 2 2 0 2.0 2.0 0.143 0.066 0.4562 0.4667 12.31 
0.150 2 2 0 2.0 2.0 0.147 0.066 0.4362 0.5020 12.31 
0.151 2 2 0 2.0 2.0 0.134 0.085 0.4615 0.5149 12.31 
0.152 2 2 0 2.0 2.0 0.137 0.088 0.4562 0.4836 12.31 
0.153 2 2 0 2.0 2.0 0.122 0.088 0.4562 0.4956 12.31 
0.154 2 2 0 2.0 2.0 0.117 0.081 0.4667 0.4956 12.31 
0.155 2 2 0 2.0 2.0 0.155 0.067 0.3976 0.4836 12.31 
0.156 2 2 0 2.0 2.0 0.134 0.067 0.4181 0.4956 12.31 
0.157 2 2 0 2.0 2.0 0.129 0.086 0.3976 0.4723 12.31 
0.158 2 2 0 2.0 2.0 0.146 0.127 0.4362 0.4956 12.31 
0.159 2 2 0 2.0 2.0 0.136 0.120 0.4562 0.5081 12.31 
0.160 2 2 0 2.0 2.0 0.134 0.099 0.4462 0.4779 12.31 
0.161 2 2 0 2.0 2.0 0.134 0.081 0.4317 0.4956 12.31 
0.162 2 2 0 2.0 2.0 0.146 0.074 0.4562 0.4836 12.31 
0.163 2 2 0 2.0 2.0 0.142 0.091 0.4510 0.4779 12.31 
0.164 2 2 0 2.0 2.0 0.144 0.116 0.4097 0.5081 12.31 
0.165 2 2 0 2.0 2.0 0.167 0.153 0.4137 0.4779 12.31 
0.166 2 2 0 2.0 2.0 0.152 0.120 0.4462 0.5020 12.31 
0.167 2 2 0 2.0 2.0 0.150 0.106 0.4462 0.5281 12.31 
0.168 2 2 0 2.0 2.0 0.134 0.100 0.3683 0.4896 12.31 
0.169 2 2 0 2.0 2.0 0.164 0.078 0.4181 0.5020 12.31 
0.170 2 2 0 2.0 2.0 0.169 0.093 0.4462 0.4510 12.31 
0.171 2 2 0 2.0 2.0 0.138 0.095 0.4510 0.4896 12.31 
0.172 2 2 0 2.0 2.0 0.123 0.103 0.3860 0.5213 12.31 
0.173 2 2 0 2.0 2.0 0.119 0.092 0.4317 0.4779 12.31 
0.174 2 2 0 2.0 2.0 0.117 0.085 0.4510 0.5020 12.31 
0.175 2 2 0 2.0 2.0 0.108 0.091 0.4016 0.4896 12.31 
0.176 2 2 0 2.0 2.0 0.118 0.086 0.4410 0.4723 12.31 
0.177 2 2 0 2.0 2.0 0.150 0.092 0.4615 0.5081 12.31 
0.178 2 2 0 2.0 2.0 0.143 0.109 0.4562 0.4896 12.31 
0.179 2 2 0 2.0 2.0 0.150 0.096 0.3896 0.5081 12.31 
0.180 2 2 0 2.0 2.0 0.167 0.074 0.4362 0.5149 12.31 
0.181 2 2 0 2.0 2.0 0.143 0.078 0.4462 0.4836 12.31 
0.182 2 2 0 2.0 2.0 0.144 0.073 0.4510 0.5081 12.31 
0.183 2 2 0 2.0 2.0 0.163 0.089 0.4667 0.5081 12.31 
0.184 2 2 0 2.0 2.0 0.169 0.126 0.4667 0.4956 12.31 
0.185 2 2 0 2.0 2.0 0.137 0.127 0.4723 0.5081 12.31 
0.186 2 2 0 2.0 2.0 0.121 0.118 0.4410 0.5081 12.31 
0.187 2 2 0 2.0 2.0 0.129 0.096 0.4723 0.5213 12.31 
0.188 2 2 0 2.0 2.0 0.118 0.046 0.4836 0.4836 12.31 
0.189 2 2 0 2.0 2.0 0.121 0.056 0.4137 0.5213 12.31 
0.190 2 2 0 2.0 2.0 0.115 0.066 0.4462 0.5281 12.31 
0.191 2 2 0 2.0 2.0 0.137 0.089 0.4723 0.4956 12.31 
0.192 2 2 0 2.0 2.0 0.130 0.103 0.4723 0.5020 12.31 
0.193 2 2 0 2.0 2.0 0.127 0.100 0.4510 0.5081 12.31 
0.194 2 2 0 2.0 2.0 0.140 0.087 0.4779 0.5020 12.31 
0.195 2 2 0 2.0 2.0 0.134 0.067 0.4723 0.5149 12.31 
0.196 2 2 0 2.0 2.0 0.094 0.104 0.4615 0.4836 12.29 
0.197 2 2 0 2.0 2.0 0.123 0.137 0.4836 0.5213 12.30 
0.198 2 2 0 2.0 2.0 0.146 0.103 0.4510 0.5281 12.31 
0.199 2 2 0 2.0 2.0 0.123 0.084 0.4615 0.4896 12.31 
0.200 2 2 0 2.0 2.0 0.119 0.079 0.4410 0.5149 12.31 
0.201 2 2 1 4.0 4.0 0.120 0.078 0.4956 0.5149 12.31 
0.202 2 2 1 4.0 4.0 0.214 0.118 0.4836 0.4956 12.29 
0.203 2 2 1 4.0 4.0 0.390 0.331 0.4667 0.5149 12.24 
0.204 2 2 1 4.0 4.0 0.515 0.418 0.5020 0.5281 12.25 
0.205 2 2 1 4.0 4.0 0.532 0.473 0.5081 0.5498 12.25 
0.206 2 2 1 4.0 4.0 0.531 0.543 0.4723 0.5655 12.25 
0.207 2 2 1 4.0 4.0 0.560 0.567 0.5213 0.5655 12.24 
0.208 2 2 1 4.0 4.0 0.560 0.582 0.5575 0.5213 12.24 
0.209 2 2 1 4.0 4.0 0.572 0.621 0.5081 0.6177 12.24 
0.210 2 2 1 4.0 4.0 0.582 0.514 0.5575 0.6273 12.24 
0.211 2 2 1 4.0 4.0 0.543 0.507 0.5992 0.6177 12.25 
0.212 2 2 1 4.0 4.0 0.483 0.522 0.5575 0.6177 12.25 
0.213 2 2 1 4.0 4.0 0.481 0.518 0.6273 0.6273 12.25 
0.214 2 2 1 4.0 4.0 0.472 0.553 0.6273 0.6691 12.25 
0.215 2 2 1 4.0 4.0 0.477 0.473 0.6474 0.6691 12.25 
0.216 2 2 1 4.0 4.0 0.452 0.443 0.6691 0.6924 12.26 
0.217 2 2 1 4.0 4.0 0.444 0.446 0.6177 0.7044 12.25 
0.218 2 2 1 4.0 4.0 0.462 0.455 0.6691 0.7044 12.25 
0.219 2 2 1 4.0 4.0 0.465 0.485 0.6804 0.6804 12.25 
0.220 2 2 1 4.0 4.0 0.477 0.421 0.6924 0.7302 12.26 
0.221 2 2 1 4.0 4.0 0.428 0.408 0.7044 0.7169 12.26 
0.222 2 2 1 4.0 4.0 0.401 0.386 0.7169 0.7723 12.26 
0.223 2 2 1 4.0 4.0 0.394 0.411 0.7302 0.7434 12.26 
0.224 2 2 1 4.0 4.0 0.406 0.370 0.6804 0.7723 12.26 
0.225 2 2 1 4.0 4.0 0.453 0.363 0.7575 0.7723 12.26 
0.226 2 2 1 4.0 4.0 0.388 0.350 0.7169 0.7872 12.26 
0.227 2 2 1 4.0 4.0 0.388 0.380 0.7575 0.7872 12.26 
0.228 2 2 1 4.0 4.0 0.365 0.366 0.7434 0.8193 12.26 
0.229 2 2 1 4.0 4.0 0.416 0.342 0.7044 0.7872 12.26 
0.230 2 2 1 4.0 4.0 0.363 0.351 0.7434 0.8032 12.26 
0.231 2 2 1 4.0 4.0 0.353 0.370 0.7434 0.8193 12.26 
0.232 2 2 1 4.0 4.0 0.351 0.361 0.7723 0.8193 12.27 
0.233 2 2 1 4.0 4.0 0.351 0.313 0.7872 0.8032 12.25 
0.234 2 2 1 4.0 4.0 0.358 0.305 0.8032 0.7723 12.25 
0.235 2 2 1 4.0 4.0 0.356 0.349 0.7723 0.8366 12.27 
0.236 2 2 1 4.0 4.0 0.352 0.317 0.8032 0.8032 12.27 
0.237 2 2 1 4.0 4.0 0.365 0.309 0.7723 0.8366 12.27 
0.238 2 2 1 4.0 4.0 0.353 0.293 0.8193 0.8193 12.26 
0.239 2 2 1 4.0 4.0 0.318 0.344 0.7872 0.8543 12.26 
0.240 2 2 1 4.0 4.0 0.291 0.312 0.8193 0.8727 12.27 
0.241 2 2 1 4.0 4.0 0.303 0.306 0.8193 0.8727 12.27 
0.242 2 2 1 4.0 4.0 0.304 0.298 0.8366 0.9125 12.25 
0.243 2 2 1 4.0 4.0 0.328 0.304 0.8193 0.8924 12.25 
0.244 2 2 1 4.0 4.0 0.315 0.264 0.8032 0.9125 12.26 
0.245 2 2 1 4.0 4.0 0.342 0.244 0.8727 0.9338 12.26 
0.246 2 2 1 4.0 4.0 0.302 0.267 0.8193 0.9338 12.27 
0.247 2 2 1 4.0 4.0 0.280 0.257 0.8727 0.9125 12.27 
0.248 2 2 1 4.0 4.0 0.277 0.253 0.8193 0.9338 12.28 
0.249 2 2 1 4.0 4.0 0.273 0.252 0.8727 0.9559 12.27 
0.250 2 2 1 4.0 4.0 0.302 0.262 0.8924 0.9796 12.27 
0.251 2 2 1 4.0 4.0 0.294 0.231 0.8924 0.9796 12.28 
0.252 2 2 1 4.0 4.0 0.302 0.206 0.9125 0.9559 12.25 
0.253 2 2 1 4.0 4.0 0.305 0.250 0.8727 0.9559 12.25 
0.254 2 2 1 4.0 4.0 0.283 0.255 0.8727 1.0041 12.27 
0.255 2 2 1 4.0 4.0 0.252 0.247 0.9125 0.9796 12.27 
0.256 2 2 1 4.0 4.0 0.278 0.254 0.9338 0.9125 12.27 
0.257 2 2 1 4.0 4.0 0.262 0.245 0.8543 0.9559 12.26 
0.258 2 2 1 4.0 4.0 0.271 0.232 0.9338 0.9796 12.27 
0.259 2 2 1 4.0 4.0 0.251 0.211 0.8924 0.9796 12.26 
0.260 2 2 1 4.0 4.0 0.259 0.209 0.9338 1.0041 12.26 
0.261 2 2 1 4.0 4.0 0.251 0.198 0.9125 1.0298 12.25 
0.262 2 2 1 4.0 4.0 0.224 0.195 0.9125 1.0298 12.28 
0.263 2 2 1 4.0 4.0 0.245 0.246 0.9796 1.0041 12.28 
0.264 2 2 1 4.0 4.0 0.260 0.233 0.9338 1.0298 12.27 
0.265 2 2 1 4.0 4.0 0.264 0.203 0.9559 1.0298 12.28 
0.266 2 2 1 4.0 4.0 0.259 0.214 0.9559 0.9796 12.28 
0.267 2 2 1 4.0 4.0 0.243 0.212 0.9559 1.0298 12.28 
0.268 2 2 1 4.0 4.0 0.222 0.183 0.9796 1.0567 12.28 
0.269 2 2 1 4.0 4.0 0.226 0.184 0.8924 1.0567 12.27 
0.270 2 2 1 4.0 4.0 0.240 0.205 0.9796 0.9559 12.27 
0.271 2 2 1 4.0 4.0 0.253 0.203 0.9796 1.0298 12.27 
0.272 2 2 1 4.0 4.0 0.230 0.192 0.9796 1.0567 12.26 
0.273 2 2 1 4.0 4.0 0.248 0.205 0.9796 1.0567 12.28 
0.274 2 2 1 4.0 4.0 0.240 0.198 0.9559 1.0567 12.26 
0.275 2 2 1 4.0 4.0 0.202 0.162 1.0041 1.0041 12.28 
0.276 2 2 1 4.0 4.0 0.198 0.182 1.0041 1.0852 12.28 
0.277 2 2 1 4.0 4.0 0.220 0.202 1.0041 1.0567 12.28 
0.278 2 2 1 4.0 4.0 0.252 0.188 0.9796 1.0298 12.26 
0.279 2 2 1 4.0 4.0 0.217 0.230 0.9559 1.0298 12.26 
0.280 2 2 1 4.0 4.0 0.245 0.197 1.0041 1.0852 12.28 
0.281 2 2 1 4.0 4.0 0.216 0.151 1.0041 1.0852 12.27 
0.282 2 2 1 4.0 4.0 0.193 0.192 1.0298 1.0567 12.27 
0.283 2 2 1 4.0 4.0 0.217 0.177 1.0298 1.0852 12.28 
0.284 2 2 1 4.0 4.0 0.222 0.158 0.9796 1.0852 12.26 
0.285 2 2 1 4.0 4.0 0.232 0.168 1.0041 1.0852 12.27 
0.286 2 2 1 4.0 4.0 0.229 0.156 1.0041 1.0567 12.28 
0.287 2 2 1 4.0 4.0 0.207 0.135 0.9796 1.0852 12.29 
0.288 2 2 1 4.0 4.0 0.214 0.164 1.0298 1.0852 12.29 
0.289 2 2 1 4.0 4.0 0.203 0.187 1.0041 1.0852 12.29 
0.290 2 2 1 4.0 4.0 0.218 0.187 1.0298 1.1153 12.29 
0.291 2 2 1 4.0 4.0 0.221 0.187 1.0298 1.1153 12.29 
0.292 2 2 1 4.0 4.0 0.206 0.191 1.0298 1.1153 12.29 
0.293 2 2 1 4.0 4.0 0.219 0.168 1.0298 1.0852 12.29 
0.294 2 2 1 4.0 4.0 0.196 0.147 1.0298 1.0567 12.27 
0.295 2 2 1 4.0 4.0 0.161 0.194 1.0567 1.0567 12.28 
0.296 2 2 1 4.0 4.0 0.207 0.165 1.0852 1.0852 12.26 
0.297 2 2 1 4.0 4.0 0.229 0.152 1.0567 1.1153 12.26 
0.298 2 2 1 4.0 4.0 0.173 0.184 1.0852 1.0852 12.26 
0.299 2 2 1 4.0 4.0 0.203 0.162 1.0567 1.0852 12.28 
0.300 2 2 1 4.0 4.0 0.188 0.151 1.0298 1.1474 12.28 
0.301 2 2 1 4.0 4.0 0.165 0.190 1.0567 1.1153 12.29 
0.302 2 2 1 4.0 4.0 0.185 0.150 1.0852 1.1153 12.27 
0.303 2 2 1 4.0 4.0 0.200 0.124 1.0298 1.1474 12.29 
0.304 2 2 1 4.0 4.0 0.197 0.139 1.0567 1.1153 12.29 
0.305 2 2 1 4.0 4.0 0.203 0.111 1.0567 1.1474 12.28 
0.306 2 2 1 4.0 4.0 0.197 0.105 1.0298 1.1474 12.27 
0.307 2 2 1 4.0 4.0 0.190 0.156 1.0852 1.1153 12.27 
0.308 2 2 1 4.0 4.0 0.169 0.138 1.0567 1.1474 12.29 
0.309 2 2 1 4.0 4.0 0.225 0.149 1.0852 1.1474 12.27 
0.310 2 2 1 4.0 4.0 0.216 0.171 1.0852 1.1812 12.29 
0.311 2 2 1 4.0 4.0 0.199 0.165 1.0567 1.1474 12.29 
0.312 2 2 1 4.0 4.0 0.210 0.149 1.0567 1.1153 12.28 
0.313 2 2 1 4.0 4.0 0.209 0.158 1.0852 1.1153 12.28 
0.314 2 2 1 4.0 4.0 0.176 0.146 1.0567 1.1474 12.29 
0.315 2 2 1 4.0 4.0 0.180 0.132 1.0852 1.1474 12.28 
0.316 2 2 1 4.0 4.0 0.184 0.167 1.0567 1.1474 12.29 
0.317 2 2 1 4.0 4.0 0.187 0.134 1.0298 1.1474 12.30 
0.318 2 2 1 4.0 4.0 0.216 0.143 1.0852 1.0567 12.28 
0.319 2 2 1 4.0 4.0 0.177 0.159 1.0852 1.1474 12.29 
0.320 2 2 1 4.0 4.0 0.160 0.111 0.9796 1.1474 12.30 
0.321 2 2 1 4.0 4.0 0.186 0.100 1.0852 1.1474 12.27 
0.322 2 2 1 4.0 4.0 0.193 0.117 1.0852 1.1153 12.28 
0.323 2 2 1 4.0 4.0 0.186 0.100 1.0852 1.1474 12.29 
0.324 2 2 1 4.0 4.0 0.207 0.156 1.0852 1.1474 12.29 
0.325 2 2 1 4.0 4.0 0.173 0.173 1.0852 1.1474 12.29 
0.326 2 2 1 4.0 4.0 0.154 0.122 1.1153 1.1474 12.28 
0.327 2 2 1 4.0 4.0 0.169 0.135 1.1153 1.1153 12.29 
0.328 2 2 1 4.0 4.0 0.198 0.146 1.1153 1.1812 12.29 
0.329 2 2 1 4.0 4.0 0.154 0.118 1.1153 1.0041 12.30 
0.330 2 2 1 4.0 4.0 0.170 0.147 1.0852 1.1474 12.29 
0.331 2 2 1 4.0 4.0 0.192 0.130 1.0567 1.1474 12.30 
0.332 2 2 1 4.0 4.0 0.175 0.100 1.1153 1.1153 12.30 
0.333 2 2 1 4.0 4.0 0.180 0.142 1.1153 1.1153 12.30 
0.334 2 2 1 4.0 4.0 0.195 0.123 1.0567 1.1474 12.30 
0.335 2 2 1 4.0 4.0 0.186 0.134 1.1153 1.1474 12.29 
0.336 2 2 1 4.0 4.0 0.196 0.174 1.0852 1.1812 12.29 
0.337 2 2 1 4.0 4.0 0.186 0.134 1.0567 1.1812 12.29 
0.338 2 2 1 4.0 4.0 0.155 0.100 1.0852 1.1812 12.29 
0.339 2 2 1 4.0 4.0 0.173 0.104 1.0852 1.1474 12.29 
0.340 2 2 1 4.0 4.0 0.192 0.129 1.0852 1.1474 12.29 
0.341 2 2 1 4.0 4.0 0.183 0.113 1.0852 1.1474 12.29 
0.342 2 2 1 4.0 4.0 0.198 0.135 1.1153 1.1812 12.30 
0.343 2 2 1 4.0 4.0 0.188 0.116 1.0852 1.1812 12.30 
0.344 2 2 1 4.0 4.0 0.166 0.085 1.1153 1.1812 12.30 
0.345 2 2 1 4.0 4.0 0.143 0.092 1.1153 1.1812 12.30 
0.346 2 2 1 4.0 4.0 0.189 0.124 1.0852 1.1474 12.30 
0.347 2 2 1 4.0 4.0 0.188 0.122 1.1153 1.1153 12.31 
0.348 2 2 1 4.0 4.0 0.161 0.165 1.1474 1.1153 12.30 
0.349 2 2 1 4.0 4.0 0.158 0.143 1.0567 1.1474 12.30 
0.350 2 2 1 4.0 4.0 0.161 0.119 1.1153 1.0567 12.30 
0.351 2 2 1 4.0 4.0 0.131 0.132 1.1153 1.1474 12.30 
0.352 2 2 2 -4.0 -4.0 0.166 0.100 0.9338 1.1812 12.30 
0.353 2 2 2 -4.0 -4.0 -0.271 -0.033 1.1153 1.1474 12.28 
0.354 2 2 2 -4.0 -4.0 -0.953 -0.636 1.0852 1.1812 12.21 
0.355 2 2 2 -4.0 -4.0 -1.208 -1.285 1.0567 1.1153 12.17 
0.356 2 2 2 -4.0 -4.0 -1.358 -1.703 1.0041 1.0567 12.16 
0.357 2 2 2 -4.0 -4.0 -1.577 -1.666 0.8727 1.0041 12.17 
0.358 2 2 2 -4.0 -4.0 -1.711 -1.690 0.8727 0.9796 12.16 
0.359 2 2 2 -4.0 -4.0 -1.416 -1.799 0.7302 0.8366 12.14 
0.360 2 2 2 -4.0 -4.0 -1.487 -1.882 0.7575 0.8193 12.16 
0.361 2 2 2 -4.0 -4.0 -1.589 -1.568 0.6804 0.7302 12.14 
0.362 2 2 2 -4.0 -4.0 -1.623 -1.625 0.6085 0.6924 12.13 
0.363 2 2 2 -4.0 -4.0 -1.607 -1.722 0.5655 0.6583 12.13 
0.364 2 2 2 -4.0 -4.0 -1.386 -1.760 0.5213 0.5992 12.14 
0.365 2 2 2 -4.0 -4.0 -1.271 -1.759 0.3936 0.5149 12.14 
0.366 2 2 2 -4.0 -4.0 -1.327 -1.526 0.4097 0.5020 12.16 
0.367 2 2 2 -4.0 -4.0 -1.364 -1.464 0.3683 0.4836 12.17 
0.368 2 2 2 -4.0 -4.0 -1.364 -1.500 0.3522 0.4016 12.16 
0.369 2 2 2 -4.0 -4.0 -1.343 -1.542 0.2675 0.3088 12.15 
0.370 2 2 2 -4.0 -4.0 -1.311 -1.545 0.2446 0.2868 12.16 
0.371 2 2 2 -4.0 -4.0 -1.290 -1.511 0.1518 0.2446 12.17 
0.372 2 2 2 -4.0 -4.0 -1.265 -1.440 0.1100 0.2446 12.18 
0.373 2 2 2 -4.0 -4.0 -1.211 -1.421 0.0863 0.1775 12.17 
0.374 2 2 2 -4.0 -4.0 -1.174 -1.358 0.0711 0.1229 12.17 
0.375 2 2 2 -4.0 -4.0 -1.117 -1.317 0.0602 0.0940 12.18 
0.376 2 2 2 -4.0 -4.0 -1.046 -1.291 0.0522 0.0763 12.20 
0.377 2 2 2 -4.0 -4.0 -0.981 -1.245 0.0462 0.0639 12.18 
0.378 2 2 2 -4.0 -4.0 -0.933 -1.224 -0.0426 0.0550 12.18 
0.379 2 2 2 -4.0 -4.0 -0.928 -1.218 -0.0426 0.0486 12.20 
0.380 2 2 2 -4.0 -4.0 -0.892 -1.207 -0.2374 0.0430 12.21 
0.381 2 2 2 -4.0 -4.0 -0.870 -1.136 -0.2908 -0.0394 12.20 
0.382 2 2 2 -4.0 -4.0 -0.846 -1.106 -0.3490 -0.0394 12.20 
0.383 2 2 2 -4.0 -4.0 -0.811 -1.060 -0.3490 -0.2113 12.23 
0.384 2 2 2 -4.0 -4.0 -0.722 -1.026 -0.2996 -0.2113 12.22 
0.385 2 2 2 -4.0 -4.0 -0.694 -0.983 -0.3787 -0.2362 12.23 
0.386 2 2 2 -4.0 -4.0 -0.702 -0.950 -0.3823 -0.3185 12.23 
0.387 2 2 2 -4.0 -4.0 -0.687 -0.921 -0.4137 -0.3683 12.23 
0.388 2 2 2 -4.0 -4.0 -0.672 -0.912 -0.3715 -0.3751 12.23 
0.389 2 2 2 -4.0 -4.0 -0.654 -0.839 -0.4137 -0.3651 12.22 
0.390 2 2 2 -4.0 -4.0 -0.679 -0.775 -0.4779 -0.3860 12.23 
0.391 2 2 2 -4.0 -4.0 -0.709 -0.786 -0.4510 -0.3976 12.23 
0.392 2 2 2 -4.0 -4.0 -0.613 -0.748 -0.4896 -0.4269 12.24 
0.393 2 2 2 -4.0 -4.0 -0.566 -0.710 -0.5149 -0.4410 12.24 
0.394 2 2 2 -4.0 -4.0 -0.565 -0.701 -0.5081 -0.4723 12.24 
0.395 2 2 2 -4.0 -4.0 -0.531 -0.645 -0.5426 -0.4562 12.25 
0.396 2 2 2 -4.0 -4.0 -0.531 -0.611 -0.6085 -0.5149 12.25 
0.397 2 2 2 -4.0 -4.0 -0.489 -0.615 -0.5498 -0.5354 12.25 
0.398 2 2 2 -4.0 -4.0 -0.493 -0.639 -0.6085 -0.5149 12.25 
0.399 2 2 2 -4.0 -4.0 -0.493 -0.631 -0.6474 -0.5498 12.25 
0.400 2 2 2 -4.0 -4.0 -0.468 -0.626 -0.6177 -0.5820 12.24 
0.401 2 2 2 -4.0 -4.0 -0.463 -0.592 -0.6583 -0.5904 12.25 
0.402 2 2 2 -4.0 -4.0 -0.494 -0.548 -0.6085 -0.5735 12.26 
0.403 2 2 2 -4.0 -4.0 -0.454 -0.516 -0.6474 -0.6273 12.25 
0.404 2 2 2 -4.0 -4.0 -0.449 -0.502 -0.7044 -0.6374 12.26 
0.405 2 2 2 -4.0 -4.0 -0.415 -0.505 -0.6924 -0.6374 12.26 
0.406 2 2 2 -4.0 -4.0 -0.437 -0.467 -0.7575 -0.6474 12.25 
0.407 2 2 2 -4.0 -4.0 -0.418 -0.459 -0.7169 -0.6177 12.25 
0.408 2 2 2 -4.0 -4.0 -0.393 -0.459 -0.6804 -0.6691 12.26 
0.409 2 2 2 -4.0 -4.0 -0.390 -0.470 -0.7044 -0.6924 12.26 
0.410 2 2 2 -4.0 -4.0 -0.394 -0.436 -0.7302 -0.6924 12.23 
0.411 2 2 2 -4.0 -4.0 -0.409 -0.428 -0.7169 -0.7169 12.25 
0.412 2 2 2 -4.0 -4.0 -0.390 -0.409 -0.7723 -0.7302 12.27 
0.413 2 2 2 -4.0 -4.0 -0.363 -0.425 -0.7169 -0.7044 12.27 
0.414 2 2 2 -4.0 -4.0 -0.369 -0.429 -0.7872 -0.7302 12.27 
0.415 2 2 2 -4.0 -4.0 -0.371 -0.405 -0.7044 -0.7044 12.27 
0.416 2 2 2 -4.0 -4.0 -0.322 -0.403 -0.7723 -0.7723 12.26 
0.417 2 2 2 -4.0 -4.0 -0.345 -0.406 -0.7434 -0.7169 12.26 
0.418 2 2 2 -4.0 -4.0 -0.353 -0.410 -0.7872 -0.7434 12.27 
0.419 2 2 2 -4.0 -4.0 -0.362 -0.379 -0.7302 -0.8032 12.27 
0.420 2 2 2 -4.0 -4.0 -0.356 -0.402 -0.8032 -0.7723 12.27 
0.421 2 2 2 -4.0 -4.0 -0.322 -0.373 -0.7872 -0.7872 12.27 
0.422 2 2 2 -4.0 -4.0 -0.289 -0.376 -0.8366 -0.7872 12.28 
0.423 2 2 2 -4.0 -4.0 -0.322 -0.369 -0.7872 -0.7575 12.27 
0.424 2 2 2 -4.0 -4.0 -0.314 -0.342 -0.8366 -0.8032 12.27 
0.425 2 2 2 -4.0 -4.0 -0.302 -0.333 -0.7723 -0.7872 12.27 
0.426 2 2 2 -4.0 -4.0 -0.295 -0.355 -0.8366 -0.8193 12.27 
0.427 2 2 2 -4.0 -4.0 -0.307 -0.361 -0.7872 -0.8032 12.27 
0.428 2 2 2 -4.0 -4.0 -0.322 -0.344 -0.8727 -0.8032 12.27 
0.429 2 2 2 -4.0 -4.0 -0.301 -0.311 -0.8543 -0.8543 12.27 
0.430 2 2 2 -4.0 -4.0 -0.295 -0.299 -0.9125 -0.8366 12.26 
0.431 2 2 2 -4.0 -4.0 -0.307 -0.283 -0.8727 -0.8727 12.25 
0.432 2 2 2 -4.0 -4.0 -0.299 -0.268 -0.8727 -0.8193 12.27 
0.433 2 2 2 -4.0 -4.0 -0.273 -0.299 -0.8924 -0.8727 12.28 
0.434 2 2 2 -4.0 -4.0 -0.295 -0.282 -0.9125 -0.8727 12.28 
0.435 2 2 2 -4.0 -4.0 -0.295 -0.282 -0.9338 -0.8924 12.28 
0.436 2 2 2 -4.0 -4.0 -0.278 -0.309 -0.8543 -0.9125 12.28 
0.437 2 2 2 -4.0 -4.0 -0.262 -0.305 -0.9559 -0.9125 12.28 
0.438 2 2 2 -4.0 -4.0 -0.259 -0.279 -0.8924 -0.9125 12.28 
0.439 2 2 2 -4.0 -4.0 -0.272 -0.276 -0.9559 -0.9338 12.28 
0.440 2 2 2 -4.0 -4.0 -0.244 -0.291 -0.9559 -0.8543 12.28 
0.441 2 2 2 -4.0 -4.0 -0.278 -0.288 -0.8924 -0.8924 12.27 
0.442 2 2 2 -4.0 -4.0 -0.290 -0.261 -0.9338 -0.9559 12.30 
0.443 2 2 2 -4.0 -4.0 -0.238 -0.271 -0.9796 -0.9559 12.28 
0.444 2 2 2 -4.0 -4.0 -0.217 -0.257 -1.0041 -0.9796 12.28 
0.445 2 2 2 -4.0 -4.0 -0.231 -0.220 -0.9796 -0.9796 12.28 
0.446 2 2 2 -4.0 -4.0 -0.280 -0.227 -0.8924 -1.0041 12.27 
0.447 2 2 2 -4.0 -4.0 -0.248 -0.223 -0.9559 -0.9796 12.27 
0.448 2 2 2 -4.0 -4.0 -0.257 -0.242 -0.8924 -0.9796 12.28 
0.449 2 2 2 -4.0 -4.0 -0.236 -0.229 -1.0041 -0.9796 12.28 
0.450 2 2 2 -4.0 -4.0 -0.215 -0.255 -1.0041 -0.9796 12.28 
0.451 2 2 2 -4.0 -4.0 -0.252 -0.262 -0.9796 -0.9796 12.28 
0.452 2 2 2 -4.0 -4.0 -0.235 -0.208 -0.9559 -1.0041 12.28 
0.453 2 2 2 -4.0 -4.0 -0.227 -0.196 -1.0041 -1.0041 12.28 
0.454 2 2 2 -4.0 -4.0 -0.226 -0.233 -1.0298 -1.0041 12.28 
0.455 2 2 2 -4.0 -4.0 -0.244 -0.221 -1.0041 -1.0041 12.28 
0.456 2 2 2 -4.0 -4.0 -0.230 -0.227 -0.9796 -1.0041 12.28 
0.457 2 2 2 -4.0 -4.0 -0.200 -0.235 -1.0298 -1.0041 12.28 
0.458 2 2 2 -4.0 -4.0 -0.223 -0.232 -1.0298 -1.0298 12.28 
0.459 2 2 2 -4.0 -4.0 -0.215 -0.212 -1.0567 -1.0041 12.28 
0.460 2 2 2 -4.0 -4.0 -0.202 -0.246 -1.0298 -0.9796 12.28 
0.461 2 2 2 -4.0 -4.0 -0.259 -0.222 -1.0041 -1.0041 12.27 
0.462 2 2 2 -4.0 -4.0 -0.260 -0.199 -1.0567 -1.0567 12.28 
0.463 2 2 2 -4.0 -4.0 -0.204 -0.201 -1.0298 -1.0298 12.28 
0.464 2 2 2 -4.0 -4.0 -0.200 -0.204 -1.0041 -1.0567 12.28 
0.465 2 2 2 -4.0 -4.0 -0.215 -0.180 -1.0298 -1.0298 12.28 
0.466 2 2 2 -4.0 -4.0 -0.191 -0.178 -1.0298 -1.0567 12.28 
0.467 2 2 2 -4.0 -4.0 -0.195 -0.222 -1.0852 -1.0298 12.28 
0.468 2 2 2 -4.0 -4.0 -0.204 -0.219 -1.0298 -1.0567 12.28 
0.469 2 2 2 -4.0 -4.0 -0.222 -0.203 -1.0298 -1.0041 12.28 
0.470 2 2 2 -4.0 -4.0 -0.200 -0.222 -1.0852 -1.0567 12.28 
0.471 2 2 2 -4.0 -4.0 -0.219 -0.208 -1.0298 -1.0567 12.28 
0.472 2 2 2 -4.0 -4.0 -0.216 -0.167 -1.0298 -1.0041 12.28 
0.473 2 2 2 -4.0 -4.0 -0.215 -0.202 -1.0567 -1.0567 12.28 
0.474 2 2 2 -4.0 -4.0 -0.223 -0.189 -1.0567 -1.0298 12.28 
0.475 2 2 2 -4.0 -4.0 -0.215 -0.165 -1.0852 -1.0567 12.28 
0.476 2 2 2 -4.0 -4.0 -0.188 -0.189 -1.0852 -1.0567 12.29 
0.477 2 2 2 -4.0 -4.0 -0.191 -0.179 -1.0567 -1.0567 12.28 
0.478 2 2 2 -4.0 -4.0 -0.179 -0.155 -1.1153 -1.0567 12.28 
0.479 2 2 2 -4.0 -4.0 -0.162 -0.193 -1.0852 -1.1153 12.28 
0.480 2 2 2 -4.0 -4.0 -0.217 -0.208 -1.0567 -1.0298 12.28 
0.481 2 2 2 -4.0 -4.0 -0.209 -0.188 -1.1153 -1.0852 12.29 
0.482 2 2 2 -4.0 -4.0 -0.175 -0.200 -1.0852 -1.0852 12.29 
0.483 2 2 2 -4.0 -4.0 -0.181 -0.188 -1.0567 -1.0298 12.29 
0.484 2 2 2 -4.0 -4.0 -0.184 -0.164 -1.1153 -1.0567 12.28 
0.485 2 2 2 -4.0 -4.0 -0.185 -0.166 -1.0852 -1.0852 12.28 
0.486 2 2 2 -4.0 -4.0 -0.191 -0.196 -1.0567 -1.0852 12.28 
0.487 2 2 2 -4.0 -4.0 -0.178 -0.164 -1.0852 -1.0567 12.28 
0.488 2 2 2 -4.0 -4.0 -0.172 -0.180 -1.0852 -1.0567 12.28 
0.489 2 2 2 -4.0 -4.0 -0.198 -0.203 -1.0852 -1.1153 12.28 
0.490 2 2 2 -4.0 -4.0 -0.196 -0.144 -1.0567 -1.1153 12.28 
0.491 2 2 2 -4.0 -4.0 -0.180 -0.139 -1.0852 -1.0567 12.28 
0.492 2 2 2 -4.0 -4.0 -0.182 -0.169 -1.0567 -1.0852 12.28 
0.493 2 2 2 -4.0 -4.0 -0.210 -0.147 -1.0852 -1.0852 12.28 
0.494 2 2 2 -4.0 -4.0 -0.170 -0.166 -1.0852 -1.0852 12.29 
0.495 2 2 2 -4.0 -4.0 -0.153 -0.179 -1.1474 -1.0852 12.29 
0.496 2 2 2 -4.0 -4.0 -0.196 -0.155 -1.0852 -1.1153 12.28 
0.497 2 2 2 -4.0 -4.0 -0.202 -0.167 -1.0852 -1.1153 12.27 
0.498 2 2 2 -4.0 -4.0 -0.185 -0.197 -1.1153 -1.0852 12.28 
0.499 2 2 2 -4.0 -4.0 -0.193 -0.163 -1.0852 -1.1153 12.28 
0.500 2 2 2 -4.0 -4.0 -0.168 -0.159 -1.0852 -1.1153 12.29 
0.501 2 2 2 -4.0 -4.0 -0.158 -0.175 -1.1474 -1.1153 12.28 
0.502 2 2 2 -4.0 -4.0 -0.170 -0.150 -1.1153 -1.1474 12.28 
0.503 2 2 3 0.0 0.0 -0.186 -0.146 -1.0852 -1.1474 12.25 
0.504 2 2 3 0.0 0.0 0.055 -0.109 -1.1812 -1.1153 12.31 
0.505 2 2 3 0.0 0.0 0.312 0.233 -1.1153 -1.1153 12.31 
0.506 2 2 3 0.0 0.0 0.573 0.556 -1.0852 -1.0567 12.31 
0.507 2 2 3 0.0 0.0 0.753 0.589 -1.1153 -1.0852 12.31 
0.508 2 2 3 0.0 0.0 0.668 0.734 -1.0567 -1.0567 12.31 
0.509 2 2 3 0.0 0.0 0.681 0.826 -1.0041 -1.0567 12.31 
0.510 2 2 3 0.0 0.0 0.756 0.670 -0.9796 -1.0041 12.31 
0.511 2 2 3 0.0 0.0 0.765 0.692 -0.8924 -0.9559 12.31 
0.512 2 2 3 0.0 0.0 0.625 0.770 -0.9125 -0.9338 12.30 
0.513 2 2 3 0.0 0.0 0.675 0.773 -0.8032 -0.9125 12.31 
0.514 2 2 3 0.0 0.0 0.728 0.660 -0.8366 -0.8366 12.31 
0.515 2 2 3 0.0 0.0 0.655 0.705 -0.7575 -0.8193 12.31 
0.516 2 2 3 0.0 0.0 0.553 0.739 -0.7723 -0.7434 12.31 
0.517 2 2 3 0.0 0.0 0.588 0.685 -0.7169 -0.8032 12.31 
0.518 2 2 3 0.0 0.0 0.647 0.544 -0.7044 -0.7044 12.31 
0.519 2 2 3 0.0 0.0 0.641 0.585 -0.7169 -0.7302 12.31 
0.520 2 2 3 0.0 0.0 0.493 0.652 -0.6691 -0.7169 12.31 
0.521 2 2 3 0.0 0.0 0.470 0.653 -0.6924 -0.7169 12.31 
0.522 2 2 3 0.0 0.0 0.507 0.515 -0.6085 -0.6804 12.31 
0.523 2 2 3 0.0 0.0 0.534 0.488 -0.6085 -0.6474 12.31 
0.524 2 2 3 0.0 0.0 0.536 0.541 -0.6273 -0.6273 12.31 
0.525 2 2 3 0.0 0.0 0.415 0.598 -0.5426 -0.6273 12.30 
0.526 2 2 3 0.0 0.0 0.363 0.587 -0.5498 -0.5820 12.30 
0.527 2 2 3 0.0 0.0 0.378 0.461 -0.5655 -0.5904 12.31 
0.528 2 2 3 0.0 0.0 0.423 0.385 -0.4723 -0.5904 12.28 
0.529 2 2 3 0.0 0.0 0.444 0.410 -0.4836 -0.5498 12.31 
0.530 2 2 3 0.0 0.0 0.439 0.457 -0.4896 -0.5281 12.31 
0.531 2 2 3 0.0 0.0 0.395 0.486 -0.4097 -0.5281 12.31 
0.532 2 2 3 0.0 0.0 0.318 0.480 -0.3490 -0.4836 12.28 
0.533 2 2 3 0.0 0.0 0.293 0.433 -0.3860 -0.4779 12.31 
0.534 2 2 3 0.0 0.0 0.299 0.312 -0.3936 -0.4667 12.31 
0.535 2 2 3 0.0 0.0 0.331 0.323 -0.4137 -0.4723 12.31 
0.536 2 2 3 0.0 0.0 0.345 0.346 -0.3317 -0.4615 12.31 
0.537 2 2 3 0.0 0.0 0.340 0.373 -0.3582 -0.3787 12.31 
0.538 2 2 3 0.0 0.0 0.325 0.385 -0.3430 -0.3976 12.31 
0.539 2 2 3 0.0 0.0 0.305 0.378 -0.3346 -0.3823 12.31 
0.540 2 2 3 0.0 0.0 0.265 0.350 -0.3213 -0.3823 12.31 
0.541 2 2 3 0.0 0.0 0.245 0.269 -0.2462 -0.3490 12.29 
0.542 2 2 3 0.0 0.0 0.183 0.200 -0.2711 -0.3137 12.30 
0.543 2 2 3 0.0 0.0 0.181 0.187 -0.2711 -0.3683 12.31 
0.544 2 2 3 0.0 0.0 0.182 0.215 -0.2145 -0.3402 12.31 
0.545 2 2 3 0.0 0.0 0.183 0.244 -0.2145 -0.3346 12.31 
0.546 2 2 3 0.0 0.0 0.180 0.276 -0.2574 -0.2868 12.31 
0.547 2 2 3 0.0 0.0 0.186 0.285 -0.2345 -0.2767 12.31 
0.548 2 2 3 0.0 0.0 0.185 0.276 -0.1948 -0.3016 12.31 
0.549 2 2 3 0.0 0.0 0.181 0.261 -0.1948 -0.2639 12.31 
0.550 2 2 3 0.0 0.0 0.179 0.233 -0.1940 -0.2639 12.31 
0.551 2 2 3 0.0 0.0 0.169 0.205 -0.1940 -0.2695 12.31 
0.552 2 2 3 0.0 0.0 0.160 0.183 -0.1606 -0.2494 12.31 
0.553 2 2 3 0.0 0.0 0.146 0.175 -0.1606 -0.2362 12.31 
0.554 2 2 3 0.0 0.0 0.131 0.177 -0.1606 -0.2522 12.31 
0.555 2 2 3 0.0 0.0 0.116 0.192 -0.1518 -0.2522 12.31 
0.556 2 2 3 0.0 0.0 0.105 0.189 -0.1518 -0.2068 12.31 
0.557 2 2 3 0.0 0.0 0.091 0.189 -0.1518 -0.2068 12.31 
0.558 2 2 3 0.0 0.0 0.092 0.202 -0.1165 -0.2125 12.31 
0.559 2 2 3 0.0 0.0 0.093 0.197 -0.1092 -0.2125 12.31 
0.560 2 2 3 0.0 0.0 0.077 0.198 -0.1092 -0.1783 12.31 
0.561 2 2 3 0.0 0.0 0.066 0.189 -0.1092 -0.1783 12.31 
0.562 2 2 3 0.0 0.0 0.070 0.177 -0.1104 -0.1783 12.31 
0.563 2 2 3 0.0 0.0 0.064 0.157 -0.1104 -0.1751 12.31 
0.564 2 2 3 0.0 0.0 0.065 0.123 -0.1104 -0.1751 12.31 
0.565 2 2 3 0.0 0.0 0.068 0.089 -0.1104 -0.1353 12.31 
0.566 2 2 3 0.0 0.0 0.063 0.104 -0.0968 -0.1337 12.30 
0.567 2 2 3 0.0 0.0 0.051 0.103 -0.0779 -0.1337 12.31 
0.568 2 2 3 0.0 0.0 0.043 0.110 -0.0651 -0.1490 12.30 
0.569 2 2 3 0.0 0.0 0.031 0.110 -0.0590 -0.1490 12.31 
0.570 2 2 3 0.0 0.0 0.017 0.081 -0.0590 -0.1490 12.31 
0.571 2 2 3 0.0 0.0 0.013 0.078 -0.0590 -0.1514 12.32 
0.572 2 2 3 0.0 0.0 0.008 0.066 -0.0590 -0.1514 12.31 
0.573 2 2 3 0.0 0.0 0.005 0.063 -0.0590 -0.1514 12.31 
0.574 2 2 3 0.0 0.0 0.001 0.063 -0.0590 -0.1325 12.31 
0.575 2 2 3 0.0 0.0 0.005 0.062 -0.0590 -0.1325 12.31 
0.576 2 2 3 0.0 0.0 0.005 0.062 -0.0542 -0.1325 12.30 
0.577 2 2 3 0.0 0.0 0.008 0.069 -0.0478 -0.1121 12.31 
0.578 2 2 3 0.0 0.0 0.009 0.071 -0.0426 -0.0876 12.31 
0.579 2 2 3 0.0 0.0 0.002 0.063 -0.0386 -0.0819 12.31 
0.580 2 2 3 0.0 0.0 -0.007 0.064 -0.0349 -0.0819 12.31 
0.581 2 2 3 0.0 0.0 0.009 0.054 -0.0321 -0.0819 12.31 
0.582 2 2 3 0.0 0.0 0.004 0.041 -0.0297 -0.0819 12.31 
0.583 2 2 3 0.0 0.0 -0.010 0.053 -0.0277 -0.0819 12.31 
0.584 2 2 3 0.0 0.0 0.005 0.060 -0.0261 -0.0703 12.32 
0.585 2 2 3 0.0 0.0 -0.001 0.062 -0.0245 -0.0663 12.32 
0.586 2 2 3 0.0 0.0 0.001 0.061 -0.0229 -0.0663 12.32 
0.587 2 2 3 0.0 0.0 0.003 0.054 -0.0217 -0.0663 12.32 
0.588 2 2 3 0.0 0.0 0.004 0.053 -0.0205 -0.0663 12.32 
0.589 2 2 3 0.0 0.0 0.001 0.046 -0.0197 -0.0663 12.29 
0.590 2 2 3 0.0 0.0 -0.003 0.033 -0.0185 -0.0663 12.31 
0.591 2 2 3 0.0 0.0 0.002 0.023 -0.0177 -0.0602 12.31 
0.592 2 2 3 0.0 0.0 0.006 0.027 -0.0169 -0.0526 12.29 
0.593 2 2 3 0.0 0.0 0.005 0.020 -0.0165 -0.0462 12.31 
0.594 2 2 3 0.0 0.0 0.005 0.017 -0.0157 -0.0414 12.32 
0.595 2 2 3 0.0 0.0 -0.000 0.011 -0.0149 -0.0378 12.32 
0.596 2 2 3 0.0 0.0 0.008 0.011 -0.0145 -0.0341 12.32 
0.597 2 2 3 0.0 0.0 -0.002 0.014 -0.0141 -0.0317 12.31 
0.598 2 2 3 0.0 0.0 0.001 0.009 -0.0137 -0.0293 12.32 
0.599 2 2 3 0.0 0.0 0.007 0.008 -0.0129 -0.0273 12.32 
0.600 2 2 3 0.0 0.0 0.001 0.002 -0.0125 -0.0253 12.30 
0.601 2 2 3 0.0 0.0 0.001 -0.003 -0.0120 -0.0241 12.31 
0.602 2 2 3 0.0 0.0 0.009 0.002 -0.0116 -0.0225 12.31 
0.603 2 2 3 0.0 0.0 0.009 0.006 -0.0116 -0.0213 12.31 
0.604 2 2 3 0.0 0.0 0.005 0.004 -0.0112 -0.0201 12.32 
0.605 2 2 3 0.0 0.0 -0.021 -0.001 -0.0108 -0.0193 12.30 
0.606 2 2 3 0.0 0.0 -0.010 0.019 -0.0104 -0.0185 12.30 
0.607 2 2 3 0.0 0.0 0.008 0.005 -0.0104 -0.0177 12.31 
0.608 2 2 3 0.0 0.0 0.010 -0.011 -0.0100 -0.0169 12.29 
0.609 2 2 3 0.0 0.0 0.012 0.014 -0.0096 -0.0161 12.31 
0.610 2 2 3 0.0 0.0 0.003 -0.007 -0.0096 -0.0157 12.31 
0.611 2 2 3 0.0 0.0 0.005 0.005 -0.0092 -0.0149 12.31 
0.612 2 2 3 0.0 0.0 -0.003 -0.004 -0.0092 -0.0145 12.32 
0.613 2 2 3 0.0 0.0 0.005 -0.004 -0.0088 -0.0137 12.32 
0.614 2 2 3 0.0 0.0 0.004 -0.006 -0.0088 -0.0133 12.32 
0.615 2 2 3 0.0 0.0 0.008 -0.003 -0.0084 -0.0129 12.29 
0.616 2 2 3 0.0 0.0 0.006 -0.003 -0.0084 -0.0125 12.31 
0.617 2 2 3 0.0 0.0 0.015 -0.018 -0.0080 -0.0120 12.31 
0.618 2 2 3 0.0 0.0 0.007 -0.003 -0.0080 -0.0116 12.32 
0.619 2 2 3 0.0 0.0 0.006 -0.005 -0.0076 -0.0112 12.32 
0.620 2 2 3 0.0 0.0 0.001 -0.007 -0.0076 -0.0112 12.32 
0.621 2 2 3 0.0 0.0 -0.006 -0.006 -0.0076 -0.0108 12.32 
0.622 2 2 3 0.0 0.0 0.001 -0.014 -0.0072 -0.0104 12.32 
0.623 2 2 3 0.0 0.0 0.006 -0.002 -0.0072 -0.0100 12.32 
0.624 2 2 3 0.0 0.0 0.003 -0.002 -0.0072 -0.0100 12.32 
0.625 2 2 3 0.0 0.0 0.001 0.014 -0.0068 -0.0096 12.32 
0.626 2 2 3 0.0 0.0 0.001 0.016 -0.0068 -0.0096 12.31 
0.627 2 2 3 0.0 0.0 0.006 0.002 -0.0068 -0.0092 12.31 
0.628 2 2 3 0.0 0.0 -0.003 -0.000 -0.0064 -0.0088 12.30 
0.629 2 2 3 0.0 0.0 0.002 0.005 -0.0064 -0.0088 12.31 
0.630 2 2 3 0.0 0.0 -0.001 0.001 -0.0064 -0.0084 12.32 
0.631 2 2 3 0.0 0.0 0.001 -0.004 -0.0064 -0.0084 12.31 
0.632 2 2 3 0.0 0.0 -0.006 -0.007 -0.0060 -0.0080 12.32 
0.633 2 2 3 0.0 0.0 -0.008 -0.003 -0.0060 -0.0080 12.32 
0.634 2 2 3 0.0 0.0 0.006 -0.006 -0.0060 -0.0080 12.32 
0.635 2 2 3 0.0 0.0 0.011 -0.012 -0.0060 -0.0076 12.32 
0.636 2 2 3 0.0 0.0 0.007 -0.004 -0.0056 -0.0076 12.32 
0.637 2 2 3 0.0 0.0 0.006 -0.007 -0.0056 -0.0072 12.32 
0.638 2 2 3 0.0 0.0 0.012 -0.008 -0.0056 -0.0072 12.32 
0.639 2 2 3 0.0 0.0 0.017 -0.005 -0.0056 -0.0072 12.32 
0.640 2 2 3 0.0 0.0 0.009 -0.010 -0.0056 -0.0068 12.32 
0.641 2 2 3 0.0 0.0 -0.006 -0.016 -0.0052 -0.0068 12.32 
0.642 2 2 3 0.0 0.0 0.003 -0.015 -0.0052 -0.0068 12.32 
0.643 2 2 3 0.0 0.0 -0.003 0.004 -0.0052 -0.0068 12.32 
0.644 2 2 3 0.0 0.0 0.001 -0.008 -0.0052 -0.0064 12.31 
0.645 2 2 3 0.0 0.0 0.002 -0.010 -0.0052 -0.0064 12.31 
0.646 2 2 3 0.0 0.0 -0.000 0.001 -0.0048 -0.0064 12.31 
0.647 2 2 3 0.0 0.0 0.002 -0.003 -0.0048 -0.0060 12.32 
0.648 2 2 3 0.0 0.0 -0.004 -0.007 -0.0048 -0.0060 12.32 
0.649 2 2 3 0.0 0.0 0.008 0.001 -0.0048 -0.0060 12.32 
0.650 2 2 3 0.0 0.0 0.004 -0.001 -0.0048 -0.0060 12.32 
0.651 2 2 3 0.0 0.0 -0.002 -0.012 -0.0048 -0.0060 12.32 
0.652 2 2 3 0.0 0.0 0.007 -0.003 -0.0044 -0.0056 12.32 
0.653 2 2 3 0.0 0.0 0.007 -0.018 -0.0044 -0.0056 12.32 
0.654 2 2 3 0.0 0.0 -0.001 -0.006 -0.0044 -0.0056 12.32 
0.655 2 2 3 0.0 0.0 0.002 -0.007 -0.0044 -0.0056 12.32 
0.656 2 2 3 0.0 0.0 0.001 0.001 -0.0044 -0.0052 12.32 
0.657 2 2 3 0.0 0.0 0.003 -0.006 -0.0044 -0.0052 12.32 
0.658 2 2 3 0.0 0.0 0.006 -0.002 -0.0044 -0.0052 12.32 
0.659 2 2 3 0.0 0.0 0.002 -0.007 -0.0044 -0.0052 12.32 
0.660 2 2 3 0.0 0.0 -0.003 -0.003 -0.0040 -0.0052 12.32 
0.661 2 2 3 0.0 0.0 0.006 -0.005 -0.0040 -0.0052 12.31 
0.662 2 2 3 0.0 0.0 0.003 -0.005 -0.0040 -0.0048 12.32 
0.663 2 2 3 0.0 0.0 0.007 -0.000 -0.0040 -0.0048 12.32 
0.664 2 2 3 0.0 0.0 0.008 -0.002 -0.0040 -0.0048 12.32 
0.665 2 2 3 0.0 0.0 0.012 0.002 -0.0040 -0.0048 12.32 
