%% logfile from robot Mathilde (17)
% Mathilde (17)
%  1    time 0.000 sec
%  2  3  4   (mission 0), state 2, thread 19, line 0
%  5  6 Motor voltage [V] left, right: 1.6 1.6
%  7  8 Motor current left, right [A]: 4.443 4.447
%  9 10 Wheel velocity [m/s] left, right: 0.0000 0.0000
% 11    Battery voltage [V]: 11.80
0.001 2 19 0 1.6 1.6 0.000 0.025 0.0000 0.0000 11.80 
0.002 2 19 0 1.6 1.6 0.002 0.201 0.0000 0.0000 11.81 
0.003 2 19 0 1.6 1.6 0.000 0.350 0.0000 0.0000 11.80 
0.004 2 19 0 1.6 1.6 -0.000 0.397 0.0000 0.0000 11.80 
0.005 2 19 0 1.6 1.6 0.003 0.443 0.0000 0.0000 11.79 
0.006 2 19 0 1.6 1.6 -0.001 0.458 0.0000 0.0000 11.79 
0.007 2 19 0 1.6 1.6 -0.002 0.463 0.0000 0.0000 11.81 
0.008 2 19 0 1.6 1.6 -0.003 0.447 0.0000 0.0000 11.80 
0.009 2 19 0 1.6 1.6 -0.001 0.458 0.0000 0.0000 11.80 
0.010 2 19 0 1.6 1.6 -0.000 0.441 0.0000 0.0000 11.80 
0.011 2 19 0 1.6 1.6 -0.000 0.420 0.0000 0.0000 11.80 
0.012 2 19 0 1.6 1.6 0.002 0.436 0.0000 0.0698 11.79 
0.013 2 19 0 1.6 1.6 0.006 0.423 0.0718 0.0698 11.79 
0.014 2 19 0 1.6 1.6 -0.000 0.394 0.0718 0.0698 11.79 
0.015 2 19 0 1.6 1.6 0.003 0.363 0.0718 0.1258 11.79 
0.016 2 19 0 1.6 1.6 0.002 0.363 0.1193 0.1258 11.80 
0.017 2 19 0 1.6 1.6 0.001 0.369 0.1193 0.1258 11.80 
0.018 2 19 0 1.6 1.6 0.000 0.353 0.1193 0.1396 11.80 
0.019 2 19 0 1.6 1.6 -0.002 0.353 0.1436 0.1396 11.80 
0.020 2 19 0 1.6 1.6 -0.001 0.341 0.1436 0.1696 11.80 
0.021 2 19 0 1.6 1.6 -0.003 0.325 0.1436 0.1696 11.80 
0.022 2 19 0 1.6 1.6 -0.001 0.343 0.1542 0.1809 11.80 
0.023 2 19 0 1.6 1.6 0.003 0.319 0.1542 0.1809 11.80 
0.024 2 19 0 1.6 1.6 0.003 0.322 0.1886 0.2179 11.79 
0.025 2 19 0 1.6 1.6 0.003 0.310 0.1886 0.2179 11.79 
0.026 2 19 0 1.6 1.6 -0.002 0.342 0.2316 0.2191 11.79 
0.027 2 19 0 1.6 1.6 -0.000 0.337 0.2316 0.2191 11.79 
0.028 2 19 0 1.6 1.6 0.001 0.290 0.2191 0.2426 11.80 
0.029 2 19 0 1.6 1.6 -0.003 0.297 0.2191 0.2426 11.80 
0.030 2 19 0 1.6 1.6 0.004 0.292 0.2134 0.2264 11.79 
0.031 2 19 0 1.6 1.6 0.008 0.270 0.2345 0.2600 11.79 
0.032 2 19 0 1.6 1.6 0.001 0.244 0.2345 0.2600 11.79 
0.033 2 19 0 1.6 1.6 -0.000 0.233 0.2536 0.2600 11.80 
0.034 2 19 0 1.6 1.6 0.003 0.222 0.2548 0.2759 11.79 
0.035 2 19 0 1.6 1.6 0.000 0.213 0.2548 0.2759 11.79 
0.036 2 19 0 1.6 1.6 0.000 0.210 0.2487 0.3095 11.79 
0.037 2 19 0 1.6 1.6 -0.002 0.215 0.2487 0.2957 11.81 
0.038 2 19 0 1.6 1.6 -0.000 0.235 0.2738 0.2795 11.80 
0.039 2 19 0 1.6 1.6 0.001 0.232 0.2856 0.2795 11.80 
0.040 2 19 0 1.6 1.6 -0.001 0.251 0.2957 0.3071 11.79 
0.041 2 19 0 1.6 1.6 0.002 0.249 0.2957 0.2633 11.80 
0.042 2 19 0 1.6 1.6 0.003 0.243 0.3071 0.3168 11.79 
0.043 2 19 0 1.6 1.6 0.001 0.229 0.3047 0.3168 11.80 
0.044 2 19 0 1.6 1.6 0.002 0.239 0.3168 0.3323 11.79 
0.045 2 19 0 1.6 1.6 0.003 0.206 0.3168 0.3270 11.78 
0.046 2 19 0 1.6 1.6 0.005 0.211 0.3168 0.2917 11.79 
0.047 2 19 0 1.6 1.6 -0.000 0.192 0.3193 0.2917 11.78 
0.048 2 19 0 1.6 1.6 0.003 0.189 0.3270 0.3379 11.80 
0.049 2 19 0 1.6 1.6 0.008 0.241 0.3217 0.3558 11.80 
0.050 2 19 0 1.6 1.6 0.003 0.213 0.3217 0.3497 11.80 
0.051 2 19 0 1.6 1.6 0.004 0.208 0.3408 0.3047 11.80 
0.052 2 19 0 1.6 1.6 0.002 0.198 0.3379 0.3497 11.79 
0.053 2 19 0 1.6 1.6 0.004 0.182 0.3465 0.3497 11.76 
0.054 2 19 0 1.6 1.6 -0.000 0.162 0.3497 0.3465 11.79 
0.055 2 19 0 1.6 1.6 -0.002 0.172 0.3558 0.3558 11.77 
0.056 2 19 0 1.6 1.6 0.002 0.165 0.3497 0.3323 11.76 
0.057 2 19 0 1.6 1.6 0.004 0.162 0.3586 0.3651 11.78 
0.058 2 19 0 1.6 1.6 0.002 0.194 0.3586 0.3497 11.77 
0.059 2 19 0 1.6 1.6 -0.000 0.176 0.3789 0.3753 11.79 
0.060 2 19 0 1.6 1.6 -0.002 0.182 0.3688 0.3558 11.80 
0.061 2 19 0 1.6 1.6 0.004 0.179 0.3558 0.3789 11.80 
0.062 2 19 0 1.6 1.6 0.001 0.176 0.3753 0.3789 11.79 
0.063 2 19 0 1.6 1.6 0.005 0.160 0.3935 0.3436 11.79 
0.064 2 19 0 1.6 1.6 0.005 0.154 0.3826 0.3826 11.81 
0.065 2 19 0 1.6 1.6 0.003 0.153 0.3465 0.3619 11.80 
0.066 2 19 0 1.6 1.6 0.001 0.176 0.3862 0.3862 11.78 
0.067 2 19 0 1.6 1.6 0.003 0.202 0.4138 0.3497 11.80 
0.068 2 19 0 1.6 1.6 0.004 0.191 0.3935 0.3976 11.80 
0.069 2 19 0 1.6 1.6 0.000 0.202 0.3465 0.4016 11.81 
0.070 2 19 0 1.6 1.6 0.002 0.168 0.3935 0.3976 11.81 
0.071 2 19 0 1.6 1.6 -0.002 0.168 0.4057 0.3651 11.82 
0.072 2 19 0 1.6 1.6 -0.000 0.137 0.4057 0.3976 11.76 
0.073 2 19 0 1.6 1.6 -0.002 0.118 0.4138 0.3558 11.77 
0.074 2 19 0 1.6 1.6 -0.002 0.099 0.4138 0.3826 11.76 
0.075 2 19 0 1.6 1.6 -0.003 0.133 0.4179 0.4016 11.79 
0.076 2 19 0 1.6 1.6 0.000 0.164 0.4179 0.4057 11.78 
0.077 2 19 0 1.6 1.6 0.001 0.183 0.4057 0.3753 11.77 
0.078 2 19 0 1.6 1.6 0.002 0.166 0.4097 0.3935 11.77 
0.079 2 19 0 1.6 1.6 0.004 0.141 0.4268 0.3899 11.75 
0.080 2 19 0 1.6 1.6 0.006 0.135 0.4223 0.4057 11.79 
0.081 2 19 0 1.6 1.6 0.004 0.122 0.3862 0.3826 11.77 
0.082 2 19 0 1.6 1.6 -0.000 0.129 0.4057 0.4016 11.80 
0.083 2 19 0 1.6 1.6 0.002 0.153 0.4361 0.3976 11.80 
0.084 2 19 0 1.6 1.6 0.003 0.164 0.4312 0.4138 11.79 
0.085 2 19 0 1.6 1.6 0.002 0.173 0.3976 0.3789 11.80 
0.086 2 19 0 1.6 1.6 0.003 0.164 0.4138 0.4016 11.79 
0.087 2 19 0 1.6 1.6 0.001 0.135 0.4268 0.4057 11.80 
0.088 2 19 0 1.6 1.6 0.004 0.102 0.4312 0.4138 11.79 
0.089 2 19 0 1.6 1.6 0.004 0.098 0.4016 0.4361 11.78 
0.090 2 19 0 1.6 1.6 0.001 0.099 0.4179 0.4312 11.80 
0.091 2 19 0 1.6 1.6 0.005 0.127 0.4268 0.3976 11.78 
0.092 2 19 0 1.6 1.6 0.008 0.144 0.4406 0.4138 11.79 
0.093 2 19 0 1.6 1.6 0.009 0.167 0.4406 0.3586 11.78 
0.094 2 19 0 1.6 1.6 0.004 0.150 0.4454 0.3935 11.79 
0.095 2 19 0 1.6 1.6 0.003 0.147 0.4454 0.4179 11.80 
0.096 2 19 0 1.6 1.6 0.002 0.118 0.4454 0.4268 11.81 
0.097 2 19 0 1.6 1.6 0.004 0.111 0.4454 0.3789 11.81 
0.098 2 19 0 1.6 1.6 0.004 0.108 0.4361 0.4057 11.76 
0.099 2 19 0 1.6 1.6 0.006 0.141 0.4454 0.4268 11.74 
0.100 2 19 0 1.6 1.6 0.002 0.152 0.4454 0.4361 11.78 
0.101 2 19 0 1.6 1.6 -0.000 0.151 0.4507 0.3789 11.78 
0.102 2 19 0 1.6 1.6 -0.000 0.113 0.4507 0.4057 11.80 
0.103 2 19 0 1.6 1.6 -0.001 0.098 0.4507 0.4138 11.78 
0.104 2 19 0 1.6 1.6 -0.002 0.100 0.4507 0.4268 11.80 
0.105 2 19 0 1.6 1.6 0.002 0.088 0.4609 0.3976 11.78 
0.106 2 19 0 1.6 1.6 0.004 0.100 0.4609 0.4179 11.76 
0.107 2 19 0 1.6 1.6 0.004 0.128 0.4507 0.4138 11.79 
0.108 2 19 0 1.6 1.6 0.004 0.134 0.4556 0.4268 11.80 
0.109 2 19 0 1.6 1.6 0.000 0.134 0.4714 0.4223 11.78 
0.110 2 19 0 1.6 1.6 -0.003 0.111 0.4661 0.4179 11.80 
0.111 2 19 0 1.6 1.6 0.001 0.122 0.4507 0.4179 11.80 
0.112 2 19 0 1.6 1.6 0.002 0.102 0.4884 0.4179 11.80 
0.113 2 19 0 1.6 1.6 0.004 0.114 0.4771 0.4312 11.79 
0.114 2 19 0 1.6 1.6 0.002 0.166 0.4406 0.3976 11.76 
0.115 2 19 0 1.6 1.6 -0.000 0.155 0.4507 0.4223 11.79 
0.116 2 19 0 1.6 1.6 -0.002 0.160 0.4609 0.4361 11.79 
0.117 2 19 0 1.6 1.6 0.000 0.140 0.4661 0.4454 11.78 
0.118 2 19 0 1.6 1.6 0.000 0.114 0.4661 0.4268 11.79 
0.119 2 19 0 1.6 1.6 -0.000 0.101 0.4714 0.4361 11.79 
0.120 2 19 0 1.6 1.6 0.001 0.083 0.4714 0.3976 11.78 
0.121 2 19 0 1.6 1.6 -0.000 0.083 0.4609 0.4223 11.80 
0.122 2 19 0 1.6 1.6 0.001 0.107 0.4661 0.4361 11.81 
0.123 2 19 0 1.6 1.6 0.001 0.134 0.4828 0.4454 11.80 
0.124 2 19 0 1.6 1.6 0.004 0.144 0.4771 0.4268 11.76 
0.125 2 19 0 1.6 1.6 0.004 0.122 0.4609 0.4406 11.78 
0.126 2 19 0 1.6 1.6 0.002 0.101 0.4945 0.4454 11.80 
0.127 2 19 0 1.6 1.6 0.000 0.070 0.4828 0.4312 11.76 
0.128 2 19 0 1.6 1.6 0.005 0.094 0.4661 0.4406 11.79 
0.129 2 19 0 1.6 1.6 0.004 0.122 0.4661 0.4361 11.79 
0.130 2 19 0 1.6 1.6 0.001 0.157 0.4771 0.4454 11.78 
0.131 2 19 0 1.6 1.6 0.006 0.155 0.4609 0.4312 11.76 
0.132 2 19 0 1.6 1.6 0.005 0.131 0.4661 0.4406 11.77 
0.133 2 19 0 1.6 1.6 0.001 0.088 0.4714 0.4406 11.78 
0.134 2 19 0 1.6 1.6 -0.003 0.065 0.4771 0.4507 11.80 
0.135 2 19 0 1.6 1.6 -0.001 0.065 0.4828 0.4714 11.80 
0.136 2 19 0 1.6 1.6 0.002 0.078 0.4828 0.4556 11.80 
0.137 2 19 0 1.6 1.6 0.001 0.132 0.4828 0.4454 11.81 
0.138 2 19 0 1.6 1.6 -0.002 0.139 0.4828 0.3935 11.78 
0.139 2 19 0 1.6 1.6 0.003 0.130 0.4828 0.4138 11.80 
0.140 2 19 0 1.6 1.6 0.002 0.101 0.4714 0.4406 11.80 
0.141 2 19 0 1.6 1.6 -0.001 0.092 0.4771 0.4454 11.79 
0.142 2 19 0 1.6 1.6 0.000 0.089 0.4771 0.4016 11.80 
0.143 2 19 0 1.6 1.6 -0.000 0.103 0.4828 0.4268 11.79 
0.144 2 19 0 1.6 1.6 -0.002 0.111 0.4828 0.4507 11.76 
0.145 2 19 0 1.6 1.6 -0.000 0.097 0.4771 0.4507 11.79 
0.146 2 19 0 1.6 1.6 0.003 0.105 0.4771 0.3899 11.79 
0.147 2 19 0 1.6 1.6 -0.000 0.119 0.4884 0.4179 11.80 
0.148 2 19 0 1.6 1.6 -0.000 0.114 0.4771 0.4268 11.82 
0.149 2 19 0 1.6 1.6 -0.000 0.096 0.4828 0.4361 11.81 
0.150 2 19 0 1.6 1.6 0.000 0.090 0.4945 0.4223 11.81 
0.151 2 19 0 1.6 1.6 0.003 0.131 0.4884 0.4312 11.81 
0.152 2 19 0 1.6 1.6 0.004 0.131 0.4661 0.4406 11.80 
0.153 2 19 0 1.6 1.6 0.008 0.139 0.5132 0.4361 11.80 
0.154 2 19 0 1.6 1.6 0.012 0.134 0.5071 0.4454 11.80 
0.155 2 19 0 1.6 1.6 0.008 0.111 0.4661 0.4057 11.80 
0.156 2 19 0 1.6 1.6 0.005 0.118 0.4771 0.4268 11.77 
0.157 2 19 0 1.6 1.6 0.005 0.103 0.4884 0.4223 11.80 
0.158 2 19 0 1.6 1.6 0.003 0.107 0.4884 0.4406 11.80 
0.159 2 19 0 1.6 1.6 0.004 0.158 0.4945 0.4057 11.80 
0.160 2 19 0 1.6 1.6 0.000 0.160 0.5006 0.4312 11.81 
0.161 2 19 0 1.6 1.6 -0.000 0.141 0.4945 0.4507 11.81 
0.162 2 19 0 1.6 1.6 0.000 0.126 0.4884 0.4556 11.81 
0.163 2 19 0 1.6 1.6 0.001 0.077 0.5071 0.4361 11.81 
0.164 2 19 0 1.6 1.6 -0.000 0.065 0.5006 0.4097 11.81 
0.165 2 19 0 1.6 1.6 -0.000 0.068 0.4714 0.4268 11.80 
0.166 2 19 0 1.6 1.6 -0.001 0.111 0.4828 0.4406 11.79 
0.167 2 19 0 1.6 1.6 0.015 0.130 0.5132 0.4507 11.79 
0.168 2 19 0 1.6 1.6 0.002 0.141 0.4828 0.4361 11.78 
0.169 2 19 0 1.6 1.6 0.003 0.125 0.4884 0.4454 11.77 
0.170 2 19 0 1.6 1.6 0.004 0.102 0.5006 0.4406 11.77 
0.171 2 19 0 1.6 1.6 0.002 0.108 0.4945 0.4507 11.78 
0.172 2 19 0 1.6 1.6 0.001 0.089 0.4771 0.4361 11.79 
0.173 2 19 0 1.6 1.6 0.005 0.114 0.4884 0.4507 11.79 
0.174 2 19 0 1.6 1.6 -0.001 0.129 0.4945 0.4556 11.79 
0.175 2 19 0 1.6 1.6 0.014 0.120 0.5006 0.4361 11.80 
0.176 2 19 0 1.6 1.6 0.012 0.118 0.4945 0.4507 11.80 
0.177 2 19 0 1.6 1.6 0.010 0.091 0.4945 0.4507 11.80 
0.178 2 19 0 1.6 1.6 0.006 0.085 0.4945 0.4556 11.80 
0.179 2 19 0 1.6 1.6 0.004 0.091 0.4884 0.4771 11.81 
0.180 2 19 0 1.6 1.6 0.004 0.103 0.4828 0.4714 11.80 
0.181 2 19 0 1.6 1.6 0.000 0.104 0.4884 0.4507 11.81 
0.182 2 19 0 1.6 1.6 -0.000 0.137 0.4884 0.4556 11.80 
0.183 2 19 0 1.6 1.6 0.010 0.141 0.4884 0.3899 11.81 
0.184 2 19 0 1.6 1.6 0.003 0.132 0.4945 0.4507 11.80 
0.185 2 19 0 1.6 1.6 -0.003 0.091 0.4884 0.4556 11.81 
0.186 2 19 0 1.6 1.6 0.004 0.077 0.4884 0.4057 11.80 
0.187 2 19 0 1.6 1.6 0.008 0.082 0.5006 0.4312 11.79 
0.188 2 19 0 1.6 1.6 0.003 0.114 0.4884 0.4556 11.80 
0.189 2 19 0 1.6 1.6 0.004 0.116 0.4884 0.4609 11.81 
0.190 2 19 0 1.6 1.6 0.013 0.122 0.5006 0.4057 11.81 
0.191 2 19 0 1.6 1.6 0.004 0.106 0.5006 0.4312 11.80 
0.192 2 19 0 1.6 1.6 -0.002 0.067 0.4771 0.4406 11.80 
0.193 2 19 0 1.6 1.6 -0.003 0.065 0.5201 0.4268 11.80 
0.194 2 19 0 1.6 1.6 -0.003 0.064 0.5132 0.4507 11.80 
0.195 2 19 0 1.6 1.6 -0.003 0.096 0.4714 0.4406 11.81 
0.196 2 19 0 1.6 1.6 -0.003 0.126 0.4828 0.4556 11.80 
0.197 2 19 0 1.6 1.6 0.009 0.135 0.4945 0.4454 11.81 
0.198 2 19 0 1.6 1.6 0.013 0.117 0.5071 0.4556 11.79 
0.199 2 19 0 1.6 1.6 0.006 0.096 0.5006 0.4361 11.79 
0.200 2 19 0 1.6 1.6 -0.001 0.075 0.5071 0.4454 11.81 
0.201 2 19 1 4.0 4.0 -0.003 0.078 0.4945 0.4406 11.82 
0.202 2 19 1 4.0 4.0 0.008 0.168 0.4945 0.4507 11.80 
0.203 2 19 1 4.0 4.0 0.012 0.431 0.5132 0.4312 11.78 
0.204 2 19 1 4.0 4.0 0.015 0.601 0.5201 0.4771 11.76 
0.205 2 19 1 4.0 4.0 0.016 0.693 0.5201 0.4884 11.77 
0.206 2 19 1 4.0 4.0 0.013 0.724 0.5712 0.4828 11.77 
0.207 2 19 1 4.0 4.0 0.009 0.720 0.5793 0.5071 11.78 
0.208 2 19 1 4.0 4.0 0.018 0.723 0.5793 0.5335 11.77 
0.209 2 19 1 4.0 4.0 0.020 0.731 0.6053 0.5554 11.77 
0.210 2 19 1 4.0 4.0 0.023 0.647 0.6053 0.5712 11.76 
0.211 2 19 1 4.0 4.0 0.019 0.643 0.6438 0.5964 11.77 
0.212 2 19 1 4.0 4.0 0.014 0.627 0.6540 0.6239 11.77 
0.213 2 19 1 4.0 4.0 0.015 0.643 0.6759 0.6146 11.77 
0.214 2 19 1 4.0 4.0 0.012 0.677 0.6994 0.6438 11.75 
0.215 2 19 1 4.0 4.0 0.008 0.642 0.7116 0.6649 11.76 
0.216 2 19 1 4.0 4.0 0.008 0.589 0.6994 0.6759 11.75 
0.217 2 19 1 4.0 4.0 0.010 0.561 0.7241 0.7116 11.77 
0.218 2 19 1 4.0 4.0 0.018 0.550 0.7375 0.7509 11.75 
0.219 2 19 1 4.0 4.0 0.015 0.472 0.7509 0.7375 11.76 
0.220 2 19 1 4.0 4.0 0.016 0.484 0.7509 0.6759 11.78 
0.221 2 19 1 4.0 4.0 0.012 0.476 0.7801 0.7509 11.78 
0.222 2 19 1 4.0 4.0 0.016 0.496 0.7801 0.7241 11.77 
0.223 2 19 1 4.0 4.0 0.008 0.515 0.8114 0.7801 11.75 
0.224 2 19 1 4.0 4.0 0.012 0.491 0.7951 0.7375 11.76 
0.225 2 19 1 4.0 4.0 0.016 0.460 0.8276 0.7951 11.78 
0.226 2 19 1 4.0 4.0 0.009 0.437 0.7951 0.7801 11.77 
0.227 2 19 1 4.0 4.0 0.014 0.447 0.8276 0.7951 11.77 
0.228 2 19 1 4.0 4.0 0.015 0.445 0.8629 0.7951 11.78 
0.229 2 19 1 4.0 4.0 0.004 0.430 0.8629 0.7951 11.77 
0.230 2 19 1 4.0 4.0 0.015 0.426 0.9014 0.8114 11.77 
0.231 2 19 1 4.0 4.0 0.004 0.434 0.8629 0.8114 11.78 
0.232 2 19 1 4.0 4.0 0.008 0.439 0.9217 0.8450 11.77 
0.233 2 19 1 4.0 4.0 0.009 0.446 0.9014 0.8629 11.78 
0.234 2 19 1 4.0 4.0 0.014 0.409 0.9217 0.8276 11.78 
0.235 2 19 1 4.0 4.0 0.013 0.419 0.9217 0.8629 11.78 
0.236 2 19 1 4.0 4.0 0.012 0.385 0.9217 0.8450 11.78 
0.237 2 19 1 4.0 4.0 0.020 0.375 0.9432 0.8815 11.78 
0.238 2 19 1 4.0 4.0 0.022 0.385 0.9432 0.9014 11.77 
0.239 2 19 1 4.0 4.0 0.011 0.390 0.9432 0.9217 11.78 
0.240 2 19 1 4.0 4.0 0.003 0.377 0.9655 0.9217 11.77 
0.241 2 19 1 4.0 4.0 0.005 0.335 0.9655 0.9655 11.77 
0.242 2 19 1 4.0 4.0 0.002 0.321 0.9655 0.9655 11.77 
0.243 2 19 1 4.0 4.0 0.010 0.303 0.9432 0.8815 11.78 
0.244 2 19 1 4.0 4.0 0.011 0.312 1.0142 0.9432 11.78 
0.245 2 19 1 4.0 4.0 0.019 0.305 0.9895 0.9432 11.79 
0.246 2 19 1 4.0 4.0 0.015 0.339 1.0402 0.9655 11.79 
0.247 2 19 1 4.0 4.0 0.009 0.326 1.0142 0.9655 11.79 
0.248 2 19 1 4.0 4.0 0.013 0.285 1.0402 0.9655 11.78 
0.249 2 19 1 4.0 4.0 0.012 0.305 1.0402 0.9895 11.78 
0.250 2 19 1 4.0 4.0 0.009 0.309 1.0402 0.9895 11.78 
0.251 2 19 1 4.0 4.0 0.010 0.314 1.0402 0.9895 11.79 
0.252 2 19 1 4.0 4.0 0.005 0.321 1.0673 1.0142 11.79 
0.253 2 19 1 4.0 4.0 0.006 0.351 1.0673 1.0142 11.80 
0.254 2 19 1 4.0 4.0 0.002 0.340 1.0673 1.0142 11.79 
0.255 2 19 1 4.0 4.0 0.017 0.302 1.0673 0.9895 11.78 
0.256 2 19 1 4.0 4.0 0.011 0.300 1.0961 1.0402 11.78 
0.257 2 19 1 4.0 4.0 0.011 0.308 1.0961 1.0402 11.77 
0.258 2 19 1 4.0 4.0 0.007 0.282 1.0961 1.0142 11.78 
0.259 2 19 1 4.0 4.0 0.008 0.294 1.0961 1.0402 11.79 
0.260 2 19 1 4.0 4.0 0.014 0.300 1.0961 1.0142 11.78 
0.261 2 19 1 4.0 4.0 0.005 0.290 1.0961 1.0402 11.77 
0.262 2 19 1 4.0 4.0 0.007 0.266 1.0961 1.0402 11.79 
0.263 2 19 1 4.0 4.0 0.013 0.275 1.1266 1.0142 11.78 
0.264 2 19 1 4.0 4.0 0.005 0.259 1.0961 1.0673 11.79 
0.265 2 19 1 4.0 4.0 -0.003 0.269 1.0961 1.0402 11.79 
0.266 2 19 1 4.0 4.0 -0.000 0.274 1.1266 1.0402 11.79 
0.267 2 19 1 4.0 4.0 -0.002 0.261 1.1590 1.0673 11.78 
0.268 2 19 1 4.0 4.0 -0.001 0.247 1.1590 1.0673 11.79 
0.269 2 19 1 4.0 4.0 0.004 0.259 1.1590 1.0402 11.78 
0.270 2 19 1 4.0 4.0 0.011 0.277 1.1590 1.0402 11.80 
0.271 2 19 1 4.0 4.0 0.008 0.242 1.1590 1.0673 11.78 
0.272 2 19 1 4.0 4.0 0.004 0.279 1.1590 1.0673 11.78 
0.273 2 19 1 4.0 4.0 0.016 0.278 1.1266 1.0673 11.79 
0.274 2 19 1 4.0 4.0 0.003 0.232 1.1590 1.0673 11.79 
0.275 2 19 1 4.0 4.0 0.003 0.249 1.1590 1.0961 11.79 
0.276 2 19 1 4.0 4.0 0.009 0.263 1.1590 1.0961 11.78 
0.277 2 19 1 4.0 4.0 0.001 0.244 1.1590 1.0961 11.79 
0.278 2 19 1 4.0 4.0 0.006 0.249 1.1590 1.0961 11.79 
0.279 2 19 1 4.0 4.0 0.008 0.248 1.1931 1.0961 11.79 
0.280 2 19 1 4.0 4.0 0.013 0.220 1.1931 1.1590 11.79 
0.281 2 19 1 4.0 4.0 0.008 0.190 1.1590 1.1266 11.78 
0.282 2 19 1 4.0 4.0 0.011 0.232 1.1931 1.0961 11.79 
0.283 2 19 1 4.0 4.0 0.003 0.211 1.1590 1.0961 11.79 
0.284 2 19 1 4.0 4.0 0.004 0.230 1.1931 1.1266 11.79 
0.285 2 19 1 4.0 4.0 0.004 0.224 1.1931 1.1266 11.79 
0.286 2 19 1 4.0 4.0 0.012 0.206 1.1931 1.0961 11.79 
0.287 2 19 1 4.0 4.0 0.008 0.197 1.1590 1.1266 11.79 
0.288 2 19 1 4.0 4.0 0.008 0.231 1.1931 1.1266 11.79 
0.289 2 19 1 4.0 4.0 0.007 0.232 1.1931 1.0961 11.79 
0.290 2 19 1 4.0 4.0 0.016 0.233 1.1931 1.0961 11.79 
0.291 2 19 1 4.0 4.0 0.012 0.236 1.2292 1.1266 11.79 
0.292 2 19 1 4.0 4.0 0.011 0.210 1.2292 1.0961 11.79 
0.293 2 19 1 4.0 4.0 0.002 0.209 1.2292 1.1266 11.78 
0.294 2 19 1 4.0 4.0 0.012 0.239 1.2292 1.1266 11.78 
0.295 2 19 1 4.0 4.0 0.004 0.202 1.1931 1.0961 11.79 
0.296 2 19 1 4.0 4.0 0.004 0.224 1.2292 1.1266 11.79 
0.297 2 19 1 4.0 4.0 0.011 0.236 1.2292 1.1266 11.78 
0.298 2 19 1 4.0 4.0 0.010 0.196 1.1931 1.1590 11.78 
0.299 2 19 1 4.0 4.0 0.008 0.186 1.1931 1.1266 11.79 
0.300 2 19 1 4.0 4.0 -0.000 0.208 1.2292 1.1266 11.79 
0.301 2 19 1 4.0 4.0 -0.002 0.177 1.2678 1.1266 11.79 
0.302 2 19 1 4.0 4.0 0.008 0.197 1.2678 1.1590 11.79 
0.303 2 19 1 4.0 4.0 0.008 0.213 1.2292 1.1266 11.79 
0.304 2 19 1 4.0 4.0 0.001 0.198 1.2678 1.0961 11.80 
0.305 2 19 1 4.0 4.0 0.004 0.187 1.2678 1.1590 11.73 
0.306 2 19 1 4.0 4.0 0.001 0.204 1.2292 1.1266 11.76 
0.307 2 19 1 4.0 4.0 0.003 0.183 1.2678 1.1266 11.78 
0.308 2 19 1 4.0 4.0 0.010 0.232 1.2678 1.1590 11.79 
0.309 2 19 1 4.0 4.0 0.009 0.249 1.2678 1.1266 11.78 
0.310 2 19 1 4.0 4.0 -0.002 0.203 1.2678 1.0961 11.79 
0.311 2 19 1 4.0 4.0 0.000 0.176 1.2678 1.1590 11.78 
0.312 2 19 1 4.0 4.0 0.002 0.187 1.2678 1.1590 11.78 
0.313 2 19 1 4.0 4.0 -0.000 0.159 1.2678 1.1266 11.80 
0.314 2 19 1 4.0 4.0 -0.003 0.206 1.2292 1.1590 11.78 
0.315 2 19 1 4.0 4.0 -0.003 0.217 1.0961 1.1266 11.79 
0.316 2 19 1 4.0 4.0 0.001 0.187 1.2292 1.1931 11.79 
0.317 2 19 1 4.0 4.0 0.004 0.163 1.2678 1.0673 11.80 
0.318 2 19 1 4.0 4.0 0.004 0.188 1.2678 1.1590 11.79 
0.319 2 19 1 4.0 4.0 0.000 0.153 1.2292 1.1590 11.79 
0.320 2 19 1 4.0 4.0 0.010 0.191 1.2678 1.1590 11.80 
0.321 2 19 1 4.0 4.0 0.000 0.181 1.2678 1.1590 11.79 
0.322 2 19 1 4.0 4.0 0.008 0.153 1.2678 1.1266 11.79 
0.323 2 19 1 4.0 4.0 0.012 0.165 1.3083 1.1590 11.79 
0.324 2 19 1 4.0 4.0 0.008 0.187 1.3083 1.1266 11.79 
0.325 2 19 1 4.0 4.0 0.007 0.187 1.2678 1.1266 11.78 
0.326 2 19 1 4.0 4.0 0.007 0.234 1.2678 1.1590 11.79 
0.327 2 19 1 4.0 4.0 -0.000 0.209 1.2678 1.1590 11.78 
0.328 2 19 1 4.0 4.0 0.004 0.166 1.2678 1.1590 11.79 
0.329 2 19 1 4.0 4.0 0.000 0.193 1.2678 1.1266 11.79 
0.330 2 19 1 4.0 4.0 0.008 0.194 1.2292 1.1590 11.78 
0.331 2 19 1 4.0 4.0 0.008 0.179 1.2292 1.1590 11.75 
0.332 2 19 1 4.0 4.0 0.008 0.213 1.2678 1.1590 11.78 
0.333 2 19 1 4.0 4.0 0.008 0.191 1.3083 1.1590 11.79 
0.334 2 19 1 4.0 4.0 0.008 0.163 1.3083 1.1931 11.79 
0.335 2 19 1 4.0 4.0 0.008 0.193 1.2678 1.1590 11.79 
0.336 2 19 1 4.0 4.0 0.002 0.186 1.3083 1.1590 11.79 
0.337 2 19 1 4.0 4.0 0.000 0.204 1.3083 1.1931 11.78 
0.338 2 19 1 4.0 4.0 0.004 0.215 1.3083 1.1590 11.78 
0.339 2 19 1 4.0 4.0 0.004 0.170 1.3083 1.1590 11.80 
0.340 2 19 1 4.0 4.0 0.004 0.181 1.3083 1.1590 11.78 
0.341 2 19 1 4.0 4.0 0.003 0.198 1.3083 1.1266 11.78 
0.342 2 19 1 4.0 4.0 0.007 0.192 1.3083 1.1590 11.78 
0.343 2 19 1 4.0 4.0 0.002 0.206 1.3083 1.1590 11.78 
0.344 2 19 1 4.0 4.0 0.001 0.212 1.3083 1.1590 11.79 
0.345 2 19 1 4.0 4.0 0.008 0.187 1.3083 1.1266 11.79 
0.346 2 19 1 4.0 4.0 -0.000 0.177 1.3083 1.1931 11.79 
0.347 2 19 1 4.0 4.0 0.009 0.220 1.2678 1.1590 11.79 
0.348 2 19 1 4.0 4.0 0.007 0.170 1.3083 1.1590 11.80 
0.349 2 19 1 4.0 4.0 0.004 0.206 1.3083 1.1266 11.79 
0.350 2 19 1 4.0 4.0 -0.001 0.182 1.3083 1.1590 11.79 
0.351 2 19 1 4.0 4.0 -0.002 0.153 1.2678 1.1931 11.78 
0.352 2 19 2 -4.0 -4.0 0.000 0.193 1.3083 1.1266 11.78 
0.353 2 19 2 -4.0 -4.0 0.004 0.031 1.3083 1.1931 11.75 
0.354 2 19 2 -4.0 -4.0 0.008 -0.783 1.2678 1.1590 11.67 
0.355 2 19 2 -4.0 -4.0 0.014 -1.289 1.2678 1.0961 11.65 
0.356 2 19 2 -4.0 -4.0 0.024 -1.629 1.1931 1.0673 11.61 
0.357 2 19 2 -4.0 -4.0 0.026 -1.894 1.1266 0.9895 11.58 
0.358 2 19 2 -4.0 -4.0 0.018 -1.987 1.0402 0.9217 11.62 
0.359 2 19 2 -4.0 -4.0 0.023 -1.750 0.9895 0.8276 11.61 
0.360 2 19 2 -4.0 -4.0 0.026 -1.779 0.9432 0.7509 11.62 
0.361 2 19 2 -4.0 -4.0 0.031 -1.837 0.9217 0.6994 11.61 
0.362 2 19 2 -4.0 -4.0 0.029 -1.929 0.8114 0.6239 11.61 
0.363 2 19 2 -4.0 -4.0 0.024 -1.805 0.7509 0.6053 11.61 
0.364 2 19 2 -4.0 -4.0 0.025 -1.650 0.6759 0.5878 11.61 
0.365 2 19 2 -4.0 -4.0 0.018 -1.678 0.6540 0.5006 11.62 
0.366 2 19 2 -4.0 -4.0 0.020 -1.684 0.5964 0.4714 11.64 
0.367 2 19 2 -4.0 -4.0 0.020 -1.711 0.5201 0.3753 11.64 
0.368 2 19 2 -4.0 -4.0 0.013 -1.681 0.5006 0.2503 11.63 
0.369 2 19 2 -4.0 -4.0 0.019 -1.614 0.4771 0.2503 11.62 
0.370 2 19 2 -4.0 -4.0 0.019 -1.540 0.3826 0.1911 11.61 
0.371 2 19 2 -4.0 -4.0 0.009 -1.498 0.3217 0.1667 11.62 
0.372 2 19 2 -4.0 -4.0 0.011 -1.430 0.2665 0.1667 11.64 
0.373 2 19 2 -4.0 -4.0 0.019 -1.452 0.2398 0.1505 11.62 
0.374 2 19 2 -4.0 -4.0 0.016 -1.432 0.2215 0.1099 11.64 
0.375 2 19 2 -4.0 -4.0 0.011 -1.334 0.1432 0.0864 11.67 
0.376 2 19 2 -4.0 -4.0 0.007 -1.274 0.1059 0.0710 11.66 
0.377 2 19 2 -4.0 -4.0 0.004 -1.231 0.1047 -0.0706 11.68 
0.378 2 19 2 -4.0 -4.0 0.007 -1.179 -0.2548 -0.0706 11.64 
0.379 2 19 2 -4.0 -4.0 0.013 -1.116 -0.2548 -0.1647 11.68 
0.380 2 19 2 -4.0 -4.0 0.004 -1.100 -0.1708 -0.1647 11.67 
0.381 2 19 2 -4.0 -4.0 0.016 -1.054 -0.1201 -0.2134 11.71 
0.382 2 19 2 -4.0 -4.0 0.010 -1.023 -0.1156 -0.2937 11.69 
0.383 2 19 2 -4.0 -4.0 -0.000 -0.982 -0.1156 -0.2937 11.69 
0.384 2 19 2 -4.0 -4.0 0.009 -0.929 -0.2101 -0.3120 11.68 
0.385 2 19 2 -4.0 -4.0 0.016 -0.945 -0.2722 -0.3789 11.69 
0.386 2 19 2 -4.0 -4.0 0.015 -0.947 -0.3120 -0.3935 11.69 
0.387 2 19 2 -4.0 -4.0 0.008 -0.923 -0.3586 -0.4097 11.71 
0.388 2 19 2 -4.0 -4.0 0.011 -0.808 -0.3586 -0.4312 11.71 
0.389 2 19 2 -4.0 -4.0 0.013 -0.805 -0.3753 -0.4406 11.71 
0.390 2 19 2 -4.0 -4.0 0.011 -0.787 -0.3525 -0.4714 11.71 
0.391 2 19 2 -4.0 -4.0 0.008 -0.772 -0.4406 -0.4714 11.72 
0.392 2 19 2 -4.0 -4.0 0.012 -0.786 -0.4507 -0.5071 11.71 
0.393 2 19 2 -4.0 -4.0 0.007 -0.816 -0.4454 -0.5481 11.73 
0.394 2 19 2 -4.0 -4.0 0.005 -0.723 -0.4771 -0.5481 11.71 
0.395 2 19 2 -4.0 -4.0 0.003 -0.665 -0.5132 -0.5631 11.72 
0.396 2 19 2 -4.0 -4.0 0.005 -0.652 -0.5266 -0.5878 11.73 
0.397 2 19 2 -4.0 -4.0 0.007 -0.627 -0.5481 -0.6239 11.74 
0.398 2 19 2 -4.0 -4.0 0.009 -0.628 -0.5793 -0.5964 11.73 
0.399 2 19 2 -4.0 -4.0 0.008 -0.630 -0.5793 -0.6649 11.72 
0.400 2 19 2 -4.0 -4.0 0.007 -0.621 -0.6146 -0.6649 11.73 
0.401 2 19 2 -4.0 -4.0 0.008 -0.607 -0.6337 -0.6649 11.74 
0.402 2 19 2 -4.0 -4.0 0.005 -0.585 -0.6540 -0.7116 11.74 
0.403 2 19 2 -4.0 -4.0 0.004 -0.590 -0.6540 -0.6540 11.75 
0.404 2 19 2 -4.0 -4.0 0.008 -0.555 -0.6759 -0.6872 11.73 
0.405 2 19 2 -4.0 -4.0 0.007 -0.512 -0.6994 -0.7651 11.74 
0.406 2 19 2 -4.0 -4.0 0.008 -0.508 -0.7375 -0.7509 11.75 
0.407 2 19 2 -4.0 -4.0 0.006 -0.493 -0.7375 -0.7375 11.74 
0.408 2 19 2 -4.0 -4.0 0.007 -0.495 -0.7375 -0.7509 11.72 
0.409 2 19 2 -4.0 -4.0 0.010 -0.502 -0.7375 -0.7651 11.73 
0.410 2 19 2 -4.0 -4.0 0.014 -0.482 -0.7651 -0.7801 11.75 
0.411 2 19 2 -4.0 -4.0 0.005 -0.472 -0.7651 -0.7951 11.74 
0.412 2 19 2 -4.0 -4.0 0.012 -0.506 -0.7951 -0.7951 11.75 
0.413 2 19 2 -4.0 -4.0 0.005 -0.433 -0.7951 -0.8276 11.74 
0.414 2 19 2 -4.0 -4.0 0.010 -0.416 -0.8276 -0.7951 11.76 
0.415 2 19 2 -4.0 -4.0 0.011 -0.410 -0.8450 -0.8114 11.76 
0.416 2 19 2 -4.0 -4.0 0.008 -0.471 -0.8450 -0.8450 11.74 
0.417 2 19 2 -4.0 -4.0 0.008 -0.428 -0.8629 -0.8276 11.74 
0.418 2 19 2 -4.0 -4.0 0.004 -0.421 -0.8815 -0.8114 11.75 
0.419 2 19 2 -4.0 -4.0 0.008 -0.406 -0.8450 -0.8276 11.75 
0.420 2 19 2 -4.0 -4.0 0.000 -0.397 -0.8450 -0.8450 11.77 
0.421 2 19 2 -4.0 -4.0 0.003 -0.371 -0.8815 -0.8450 11.76 
0.422 2 19 2 -4.0 -4.0 0.006 -0.357 -0.9014 -0.8815 11.76 
0.423 2 19 2 -4.0 -4.0 0.011 -0.357 -0.9217 -0.8450 11.77 
0.424 2 19 2 -4.0 -4.0 0.007 -0.363 -0.9217 -0.9217 11.76 
0.425 2 19 2 -4.0 -4.0 0.005 -0.372 -0.9217 -0.8815 11.76 
0.426 2 19 2 -4.0 -4.0 0.009 -0.357 -0.9432 -0.9217 11.78 
0.427 2 19 2 -4.0 -4.0 0.009 -0.384 -0.9432 -0.8815 11.78 
0.428 2 19 2 -4.0 -4.0 0.002 -0.358 -0.9432 -0.9014 11.76 
0.429 2 19 2 -4.0 -4.0 0.005 -0.335 -0.9895 -0.9432 11.77 
0.430 2 19 2 -4.0 -4.0 0.004 -0.321 -0.9895 -0.9217 11.77 
0.431 2 19 2 -4.0 -4.0 0.006 -0.340 -0.9895 -0.9432 11.78 
0.432 2 19 2 -4.0 -4.0 0.003 -0.349 -0.9895 -0.9655 11.76 
0.433 2 19 2 -4.0 -4.0 0.004 -0.327 -1.0142 -0.9655 11.77 
0.434 2 19 2 -4.0 -4.0 0.002 -0.358 -0.9895 -0.9655 11.75 
0.435 2 19 2 -4.0 -4.0 -0.002 -0.334 -1.0402 -0.8815 11.78 
0.436 2 19 2 -4.0 -4.0 0.004 -0.296 -1.0402 -0.9655 11.77 
0.437 2 19 2 -4.0 -4.0 0.000 -0.282 -1.0673 -1.0142 11.78 
0.438 2 19 2 -4.0 -4.0 0.007 -0.309 -1.0673 -0.9895 11.77 
0.439 2 19 2 -4.0 -4.0 0.004 -0.306 -1.0402 -1.0142 11.78 
0.440 2 19 2 -4.0 -4.0 0.003 -0.304 -1.0673 -0.9895 11.78 
0.441 2 19 2 -4.0 -4.0 0.003 -0.334 -1.0673 -1.0142 11.78 
0.442 2 19 2 -4.0 -4.0 0.008 -0.311 -1.0673 -0.9895 11.77 
0.443 2 19 2 -4.0 -4.0 0.004 -0.280 -1.0673 -1.0142 11.77 
0.444 2 19 2 -4.0 -4.0 0.004 -0.289 -1.0673 -1.0142 11.77 
0.445 2 19 2 -4.0 -4.0 0.004 -0.301 -1.0673 -1.0142 11.77 
0.446 2 19 2 -4.0 -4.0 0.004 -0.288 -1.0673 -1.0402 11.76 
0.447 2 19 2 -4.0 -4.0 0.007 -0.287 -1.0673 -0.9895 11.77 
0.448 2 19 2 -4.0 -4.0 0.005 -0.299 -1.1266 -1.0402 11.77 
0.449 2 19 2 -4.0 -4.0 0.003 -0.281 -1.1266 -1.0673 11.75 
0.450 2 19 2 -4.0 -4.0 0.003 -0.247 -1.0961 -1.0402 11.77 
0.451 2 19 2 -4.0 -4.0 0.005 -0.269 -1.0961 -1.0402 11.77 
0.452 2 19 2 -4.0 -4.0 0.004 -0.300 -1.1590 -1.0402 11.77 
0.453 2 19 2 -4.0 -4.0 0.002 -0.247 -1.1266 -1.0673 11.78 
0.454 2 19 2 -4.0 -4.0 0.002 -0.286 -1.1266 -1.0402 11.77 
0.455 2 19 2 -4.0 -4.0 0.001 -0.259 -1.1590 -1.0142 11.78 
0.456 2 19 2 -4.0 -4.0 0.005 -0.234 -1.1590 -1.0402 11.78 
0.457 2 19 2 -4.0 -4.0 0.002 -0.246 -1.1590 -1.0673 11.78 
0.458 2 19 2 -4.0 -4.0 0.000 -0.285 -1.1931 -1.0402 11.78 
0.459 2 19 2 -4.0 -4.0 0.000 -0.264 -1.1931 -1.0402 11.79 
0.460 2 19 2 -4.0 -4.0 0.004 -0.248 -1.1931 -1.0673 11.78 
0.461 2 19 2 -4.0 -4.0 0.000 -0.266 -1.1931 -1.0673 11.78 
0.462 2 19 2 -4.0 -4.0 0.004 -0.233 -1.1931 -1.0673 11.79 
0.463 2 19 2 -4.0 -4.0 0.009 -0.228 -1.1931 -1.0402 11.78 
0.464 2 19 2 -4.0 -4.0 0.000 -0.244 -1.1931 -1.0961 11.76 
0.465 2 19 2 -4.0 -4.0 0.004 -0.254 -1.1931 -1.0961 11.78 
0.466 2 19 2 -4.0 -4.0 0.003 -0.232 -1.1931 -1.0402 11.78 
0.467 2 19 2 -4.0 -4.0 -0.002 -0.251 -1.1931 -1.0961 11.78 
0.468 2 19 2 -4.0 -4.0 0.002 -0.247 -1.1931 -1.1266 11.78 
0.469 2 19 2 -4.0 -4.0 0.001 -0.225 -1.2292 -1.0961 11.77 
0.470 2 19 2 -4.0 -4.0 0.000 -0.231 -1.1931 -1.0961 11.78 
0.471 2 19 2 -4.0 -4.0 0.013 -0.248 -1.1931 -1.0673 11.77 
0.472 2 19 2 -4.0 -4.0 0.003 -0.247 -1.1931 -1.0673 11.77 
0.473 2 19 2 -4.0 -4.0 0.008 -0.235 -1.2292 -1.0961 11.77 
0.474 2 19 2 -4.0 -4.0 0.005 -0.210 -1.1931 -1.0961 11.79 
0.475 2 19 2 -4.0 -4.0 0.003 -0.212 -1.1931 -1.0961 11.79 
0.476 2 19 2 -4.0 -4.0 0.007 -0.244 -1.2292 -1.0673 11.78 
0.477 2 19 2 -4.0 -4.0 0.004 -0.253 -1.2292 -1.0961 11.79 
0.478 2 19 2 -4.0 -4.0 0.010 -0.239 -1.2292 -1.0961 11.79 
0.479 2 19 2 -4.0 -4.0 0.003 -0.249 -1.2292 -1.0961 11.78 
0.480 2 19 2 -4.0 -4.0 0.008 -0.231 -1.2292 -1.0673 11.79 
0.481 2 19 2 -4.0 -4.0 0.003 -0.186 -1.2292 -1.0961 11.79 
0.482 2 19 2 -4.0 -4.0 0.001 -0.218 -1.2678 -1.1266 11.78 
0.483 2 19 2 -4.0 -4.0 -0.000 -0.237 -1.1931 -1.0961 11.79 
0.484 2 19 2 -4.0 -4.0 0.004 -0.216 -1.2292 -1.1266 11.78 
0.485 2 19 2 -4.0 -4.0 0.000 -0.235 -1.2292 -1.0961 11.79 
0.486 2 19 2 -4.0 -4.0 -0.001 -0.214 -1.2292 -1.1590 11.79 
0.487 2 19 2 -4.0 -4.0 0.003 -0.203 -1.2678 -1.1590 11.79 
0.488 2 19 2 -4.0 -4.0 -0.001 -0.213 -1.2678 -1.0961 11.78 
0.489 2 19 2 -4.0 -4.0 -0.002 -0.247 -1.3083 -1.0961 11.79 
0.490 2 19 2 -4.0 -4.0 -0.000 -0.204 -1.2678 -1.1266 11.79 
0.491 2 19 2 -4.0 -4.0 0.000 -0.217 -1.1266 -1.1266 11.78 
0.492 2 19 2 -4.0 -4.0 0.008 -0.202 -1.2678 -1.0961 11.79 
0.493 2 19 2 -4.0 -4.0 0.004 -0.195 -1.2678 -1.1266 11.79 
0.494 2 19 2 -4.0 -4.0 -0.001 -0.211 -1.2678 -1.1266 11.79 
0.495 2 19 2 -4.0 -4.0 0.007 -0.234 -1.2678 -1.0961 11.78 
0.496 2 19 2 -4.0 -4.0 0.005 -0.203 -1.2678 -1.0961 11.78 
0.497 2 19 2 -4.0 -4.0 0.008 -0.213 -1.2678 -1.0961 11.77 
0.498 2 19 2 -4.0 -4.0 0.007 -0.201 -1.2678 -1.0961 11.78 
0.499 2 19 2 -4.0 -4.0 0.004 -0.198 -1.2678 -1.1266 11.78 
0.500 2 19 2 -4.0 -4.0 0.003 -0.221 -1.2678 -1.1266 11.78 
0.501 2 19 2 -4.0 -4.0 0.003 -0.228 -1.3083 -1.1266 11.78 
0.502 2 19 2 -4.0 -4.0 0.000 -0.212 -1.2678 -1.1590 11.78 
0.503 2 19 3 0.0 0.0 0.003 -0.232 -1.2678 -1.1266 11.78 
0.504 2 19 3 0.0 0.0 0.004 -0.159 -1.2678 -1.1590 11.79 
0.505 2 19 3 0.0 0.0 0.005 0.265 -1.3083 -1.1590 11.80 
0.506 2 19 3 0.0 0.0 0.003 0.647 -1.2678 -1.1266 11.80 
0.507 2 19 3 0.0 0.0 0.002 0.674 -1.2678 -1.0673 11.80 
0.508 2 19 3 0.0 0.0 0.005 0.817 -1.2292 -1.0402 11.80 
0.509 2 19 3 0.0 0.0 0.004 0.921 -1.1931 -0.9895 11.79 
0.510 2 19 3 0.0 0.0 -0.002 0.810 -1.1590 -0.9895 11.80 
0.511 2 19 3 0.0 0.0 -0.002 0.780 -1.1266 -0.9014 11.79 
0.512 2 19 3 0.0 0.0 -0.002 0.856 -1.0961 -0.8629 11.80 
0.513 2 19 3 0.0 0.0 0.004 0.884 -1.0673 -0.8629 11.80 
0.514 2 19 3 0.0 0.0 0.001 0.755 -1.0402 -0.7951 11.80 
0.515 2 19 3 0.0 0.0 -0.001 0.736 -1.0142 -0.7801 11.80 
0.516 2 19 3 0.0 0.0 0.001 0.777 -0.9895 -0.7375 11.79 
0.517 2 19 3 0.0 0.0 -0.002 0.773 -0.9432 -0.7116 11.80 
0.518 2 19 3 0.0 0.0 -0.003 0.670 -0.9217 -0.6872 11.80 
0.519 2 19 3 0.0 0.0 -0.001 0.608 -0.8450 -0.6872 11.80 
0.520 2 19 3 0.0 0.0 0.002 0.628 -0.8276 -0.6540 11.81 
0.521 2 19 3 0.0 0.0 -0.003 0.663 -0.7801 -0.6337 11.81 
0.522 2 19 3 0.0 0.0 0.007 0.679 -0.7651 -0.5631 11.80 
0.523 2 19 3 0.0 0.0 0.002 0.616 -0.7375 -0.5712 11.81 
0.524 2 19 3 0.0 0.0 -0.002 0.486 -0.7375 -0.5712 11.80 
0.525 2 19 3 0.0 0.0 0.002 0.490 -0.7241 -0.5132 11.80 
0.526 2 19 3 0.0 0.0 0.003 0.519 -0.6994 -0.5132 11.80 
0.527 2 19 3 0.0 0.0 0.002 0.559 -0.6649 -0.5132 11.80 
0.528 2 19 3 0.0 0.0 -0.000 0.544 -0.6053 -0.4945 11.81 
0.529 2 19 3 0.0 0.0 -0.000 0.520 -0.6438 -0.3753 11.81 
0.530 2 19 3 0.0 0.0 0.003 0.468 -0.6146 -0.4057 11.80 
0.531 2 19 3 0.0 0.0 -0.003 0.367 -0.5631 -0.3826 11.80 
0.532 2 19 3 0.0 0.0 0.001 0.373 -0.5712 -0.3976 11.81 
0.533 2 19 3 0.0 0.0 0.002 0.394 -0.5554 -0.4057 11.80 
0.534 2 19 3 0.0 0.0 0.004 0.419 -0.5132 -0.3586 11.79 
0.535 2 19 3 0.0 0.0 -0.001 0.399 -0.5132 -0.3270 11.81 
0.536 2 19 3 0.0 0.0 -0.000 0.381 -0.4945 -0.3168 11.80 
0.537 2 19 3 0.0 0.0 0.003 0.350 -0.4771 -0.3144 11.80 
0.538 2 19 3 0.0 0.0 0.004 0.338 -0.4661 -0.2702 11.81 
0.539 2 19 3 0.0 0.0 0.004 0.305 -0.4454 -0.2815 11.81 
0.540 2 19 3 0.0 0.0 0.001 0.251 -0.4312 -0.2815 11.81 
0.541 2 19 3 0.0 0.0 -0.000 0.227 -0.3935 -0.2536 11.81 
0.542 2 19 3 0.0 0.0 -0.000 0.224 -0.3899 -0.2536 11.80 
0.543 2 19 3 0.0 0.0 0.003 0.232 -0.3651 -0.2487 11.81 
0.544 2 19 3 0.0 0.0 0.003 0.244 -0.3651 -0.2227 11.80 
0.545 2 19 3 0.0 0.0 0.005 0.244 -0.3436 -0.2077 11.79 
0.546 2 19 3 0.0 0.0 0.001 0.241 -0.3323 -0.2077 11.79 
0.547 2 19 3 0.0 0.0 -0.002 0.232 -0.3323 -0.1996 11.81 
0.548 2 19 3 0.0 0.0 -0.001 0.210 -0.3120 -0.1996 11.81 
0.549 2 19 3 0.0 0.0 0.002 0.207 -0.2957 -0.1627 11.81 
0.550 2 19 3 0.0 0.0 -0.003 0.192 -0.2957 -0.1627 11.80 
0.551 2 19 3 0.0 0.0 -0.003 0.175 -0.2856 -0.1627 11.80 
0.552 2 19 3 0.0 0.0 0.001 0.168 -0.2665 -0.1485 11.80 
0.553 2 19 3 0.0 0.0 0.005 0.150 -0.2665 -0.1485 11.79 
0.554 2 19 3 0.0 0.0 -0.000 0.142 -0.2536 -0.1485 11.80 
0.555 2 19 3 0.0 0.0 0.001 0.125 -0.2345 -0.1172 11.80 
0.556 2 19 3 0.0 0.0 -0.000 0.126 -0.2345 -0.1172 11.80 
0.557 2 19 3 0.0 0.0 0.002 0.122 -0.2008 -0.1172 11.79 
0.558 2 19 3 0.0 0.0 0.001 0.108 -0.2008 -0.1172 11.80 
0.559 2 19 3 0.0 0.0 0.000 0.097 -0.1988 -0.1140 11.80 
0.560 2 19 3 0.0 0.0 -0.002 0.091 -0.1976 -0.1140 11.80 
0.561 2 19 3 0.0 0.0 0.002 0.100 -0.1976 -0.1140 11.80 
0.562 2 19 3 0.0 0.0 -0.001 0.082 -0.1809 -0.1120 11.81 
0.563 2 19 3 0.0 0.0 0.003 0.091 -0.1809 -0.0876 11.80 
0.564 2 19 3 0.0 0.0 0.005 0.079 -0.1602 -0.0860 11.80 
0.565 2 19 3 0.0 0.0 0.003 0.067 -0.1602 -0.0860 11.79 
0.566 2 19 3 0.0 0.0 0.005 0.072 -0.1602 -0.0860 11.80 
0.567 2 19 3 0.0 0.0 0.004 0.067 -0.1343 -0.0860 11.80 
0.568 2 19 3 0.0 0.0 0.004 0.053 -0.1343 -0.0824 11.80 
0.569 2 19 3 0.0 0.0 -0.001 0.035 -0.1343 -0.0686 11.80 
0.570 2 19 3 0.0 0.0 0.000 0.046 -0.1318 -0.0584 11.79 
0.571 2 19 3 0.0 0.0 0.002 0.037 -0.1318 -0.0511 11.80 
0.572 2 19 3 0.0 0.0 0.006 0.037 -0.1318 -0.0454 11.80 
0.573 2 19 3 0.0 0.0 -0.000 0.032 -0.1294 -0.0406 11.81 
0.574 2 19 3 0.0 0.0 -0.004 0.031 -0.1286 -0.0369 11.81 
0.575 2 19 3 0.0 0.0 0.004 0.020 -0.1286 -0.0361 11.80 
0.576 2 19 3 0.0 0.0 0.004 0.016 -0.1286 -0.0361 11.80 
0.577 2 19 3 0.0 0.0 0.001 0.009 -0.1018 -0.0361 11.80 
0.578 2 19 3 0.0 0.0 0.002 0.007 -0.0929 -0.0361 11.80 
0.579 2 19 3 0.0 0.0 0.005 0.000 -0.0929 -0.0361 11.81 
0.580 2 19 3 0.0 0.0 0.002 0.002 -0.0929 -0.0361 11.81 
0.581 2 19 3 0.0 0.0 0.002 -0.001 -0.0929 -0.0361 11.79 
0.582 2 19 3 0.0 0.0 0.002 0.002 -0.0872 -0.0361 11.80 
0.583 2 19 3 0.0 0.0 -0.000 -0.006 -0.0718 -0.0361 11.81 
0.584 2 19 3 0.0 0.0 0.002 0.001 -0.0609 -0.0361 11.80 
0.585 2 19 3 0.0 0.0 -0.002 -0.011 -0.0592 -0.0361 11.80 
0.586 2 19 3 0.0 0.0 0.001 -0.017 -0.0592 -0.0345 11.80 
0.587 2 19 3 0.0 0.0 0.005 -0.009 -0.0592 0.0316 11.79 
0.588 2 19 3 0.0 0.0 0.001 -0.003 -0.0592 0.0316 11.81 
0.589 2 19 3 0.0 0.0 0.000 -0.005 -0.0592 0.0316 11.81 
0.590 2 19 3 0.0 0.0 0.003 -0.003 -0.0592 0.0316 11.80 
0.591 2 19 3 0.0 0.0 0.003 -0.010 -0.0592 0.0316 11.80 
0.592 2 19 3 0.0 0.0 0.001 -0.007 -0.0519 0.0316 11.80 
0.593 2 19 3 0.0 0.0 0.002 -0.018 -0.0458 0.0316 11.80 
0.594 2 19 3 0.0 0.0 0.007 -0.007 -0.0414 0.0316 11.81 
0.595 2 19 3 0.0 0.0 0.006 -0.015 -0.0373 0.0316 11.80 
0.596 2 19 3 0.0 0.0 0.006 -0.009 -0.0341 0.0316 11.80 
0.597 2 19 3 0.0 0.0 0.004 -0.019 -0.0316 0.0316 11.81 
0.598 2 19 3 0.0 0.0 0.001 -0.016 -0.0312 0.0316 11.81 
0.599 2 19 3 0.0 0.0 0.004 -0.023 -0.0312 0.0316 11.80 
0.600 2 19 3 0.0 0.0 0.003 -0.019 -0.0312 0.0308 11.81 
0.601 2 19 3 0.0 0.0 0.004 -0.013 -0.0312 0.0288 11.80 
0.602 2 19 3 0.0 0.0 0.004 -0.013 -0.0312 0.0268 11.81 
0.603 2 19 3 0.0 0.0 0.002 -0.008 -0.0312 0.0252 11.80 
0.604 2 19 3 0.0 0.0 0.002 -0.002 -0.0312 0.0235 11.80 
0.605 2 19 3 0.0 0.0 0.003 -0.007 -0.0312 0.0223 11.80 
0.606 2 19 3 0.0 0.0 0.004 -0.020 -0.0312 0.0211 11.80 
0.607 2 19 3 0.0 0.0 0.001 -0.019 -0.0312 0.0203 11.81 
0.608 2 19 3 0.0 0.0 -0.003 -0.006 -0.0312 0.0191 11.81 
0.609 2 19 3 0.0 0.0 0.004 -0.035 -0.0312 0.0183 11.80 
0.610 2 19 3 0.0 0.0 0.003 -0.020 -0.0312 0.0174 11.80 
0.611 2 19 3 0.0 0.0 0.006 -0.015 -0.0288 0.0166 11.81 
0.612 2 19 3 0.0 0.0 0.002 -0.013 -0.0268 0.0162 11.80 
0.613 2 19 3 0.0 0.0 0.003 -0.008 -0.0252 0.0154 11.80 
0.614 2 19 3 0.0 0.0 0.000 -0.030 -0.0239 0.0150 11.80 
0.615 2 19 3 0.0 0.0 0.001 -0.027 -0.0223 0.0142 11.80 
0.616 2 19 3 0.0 0.0 0.007 -0.024 -0.0211 0.0138 11.80 
0.617 2 19 3 0.0 0.0 0.002 -0.015 -0.0203 0.0134 11.80 
0.618 2 19 3 0.0 0.0 0.002 -0.004 -0.0191 0.0130 11.80 
0.619 2 19 3 0.0 0.0 0.001 -0.003 -0.0183 0.0126 11.81 
0.620 2 19 3 0.0 0.0 0.004 -0.022 -0.0174 0.0122 11.81 
0.621 2 19 3 0.0 0.0 0.002 -0.009 -0.0166 0.0118 11.80 
0.622 2 19 3 0.0 0.0 -0.000 -0.014 -0.0162 0.0114 11.80 
0.623 2 19 3 0.0 0.0 0.000 -0.008 -0.0154 0.0110 11.81 
0.624 2 19 3 0.0 0.0 -0.000 -0.011 -0.0150 0.0110 11.81 
0.625 2 19 3 0.0 0.0 0.001 -0.023 -0.0142 0.0105 11.81 
0.626 2 19 3 0.0 0.0 0.003 -0.013 -0.0138 0.0105 11.80 
0.627 2 19 3 0.0 0.0 0.000 -0.017 -0.0134 0.0105 11.81 
0.628 2 19 3 0.0 0.0 -0.001 -0.022 -0.0130 0.0105 11.81 
0.629 2 19 3 0.0 0.0 0.004 -0.019 -0.0126 0.0105 11.80 
0.630 2 19 3 0.0 0.0 -0.001 -0.025 -0.0122 0.0105 11.81 
0.631 2 19 3 0.0 0.0 -0.003 -0.019 -0.0118 0.0105 11.80 
0.632 2 19 3 0.0 0.0 -0.001 -0.019 -0.0114 0.0105 11.80 
0.633 2 19 3 0.0 0.0 0.005 -0.030 -0.0110 0.0105 11.81 
0.634 2 19 3 0.0 0.0 -0.001 -0.022 -0.0110 0.0105 11.81 
0.635 2 19 3 0.0 0.0 -0.003 -0.012 -0.0105 0.0105 11.81 
0.636 2 19 3 0.0 0.0 -0.001 -0.007 -0.0101 0.0105 11.80 
0.637 2 19 3 0.0 0.0 0.001 -0.014 -0.0101 0.0105 11.80 
0.638 2 19 3 0.0 0.0 0.003 -0.024 -0.0097 0.0105 11.80 
0.639 2 19 3 0.0 0.0 0.008 -0.007 -0.0093 0.0105 11.80 
0.640 2 19 3 0.0 0.0 0.004 -0.007 -0.0093 0.0105 11.80 
0.641 2 19 3 0.0 0.0 0.006 -0.016 -0.0089 0.0105 11.81 
0.642 2 19 3 0.0 0.0 0.006 -0.020 -0.0089 0.0105 11.81 
0.643 2 19 3 0.0 0.0 0.004 -0.015 -0.0085 0.0105 11.80 
0.644 2 19 3 0.0 0.0 -0.001 -0.015 -0.0085 0.0105 11.81 
0.645 2 19 3 0.0 0.0 -0.000 -0.015 -0.0081 0.0105 11.81 
0.646 2 19 3 0.0 0.0 0.000 -0.014 -0.0081 0.0105 11.81 
0.647 2 19 3 0.0 0.0 -0.000 -0.017 -0.0081 0.0105 11.81 
0.648 2 19 3 0.0 0.0 0.003 -0.015 -0.0077 0.0105 11.80 
0.649 2 19 3 0.0 0.0 0.004 -0.009 -0.0077 0.0105 11.80 
0.650 2 19 3 0.0 0.0 -0.002 -0.001 -0.0073 0.0105 11.81 
0.651 2 19 3 0.0 0.0 -0.000 -0.022 -0.0073 0.0105 11.81 
0.652 2 19 3 0.0 0.0 0.004 -0.014 -0.0073 0.0105 11.80 
0.653 2 19 3 0.0 0.0 0.001 0.000 -0.0069 0.0105 11.81 
0.654 2 19 3 0.0 0.0 0.001 -0.011 -0.0069 0.0105 11.81 
0.655 2 19 3 0.0 0.0 -0.001 -0.012 -0.0069 0.0105 11.80 
0.656 2 19 3 0.0 0.0 -0.002 -0.016 -0.0065 0.0105 11.81 
0.657 2 19 3 0.0 0.0 -0.000 -0.006 -0.0065 0.0105 11.81 
0.658 2 19 3 0.0 0.0 -0.000 -0.014 -0.0065 0.0105 11.80 
0.659 2 19 3 0.0 0.0 0.001 -0.002 -0.0065 0.0105 11.80 
0.660 2 19 3 0.0 0.0 -0.000 0.005 -0.0061 0.0105 11.81 
0.661 2 19 3 0.0 0.0 -0.000 0.005 -0.0061 0.0105 11.81 
0.662 2 19 3 0.0 0.0 0.001 0.007 -0.0061 0.0105 11.82 
0.663 2 19 3 0.0 0.0 -0.001 0.003 -0.0061 0.0105 11.81 
0.664 2 19 3 0.0 0.0 -0.003 -0.003 -0.0057 0.0101 11.81 
0.665 2 19 3 0.0 0.0 -0.001 -0.003 -0.0057 0.0097 11.81 
