%% logfile from robot Mia (87)
% Mia (87)
%  1    time 0.000 sec
%  2  3  4   (mission 0), state 2, thread 1, line 0
%  5  6 Motor voltage [V] left, right: 2.0 2.0
%  7  8 Motor current left, right [A]: 0.013 -0.014
%  9 10 Wheel velocity [m/s] left, right: 0.0000 0.0000
% 11    Battery voltage [V]: 12.23
0.001 2 1 0 2.0 2.0 -0.010 0.029 0.0000 0.0000 12.22 
0.002 2 1 0 2.0 2.0 0.122 0.207 0.0000 0.0000 12.20 
0.003 2 1 0 2.0 2.0 0.321 0.371 0.0000 0.0000 12.20 
0.004 2 1 0 2.0 2.0 0.398 0.466 0.0000 0.0000 12.19 
0.005 2 1 0 2.0 2.0 0.409 0.505 0.0000 0.0000 12.18 
0.006 2 1 0 2.0 2.0 0.443 0.535 0.0000 0.0000 12.18 
0.007 2 1 0 2.0 2.0 0.428 0.538 0.0000 0.0000 12.18 
0.008 2 1 0 2.0 2.0 0.442 0.525 0.0000 0.0000 12.19 
0.009 2 1 0 2.0 2.0 0.429 0.503 0.0000 0.0000 12.18 
0.010 2 1 0 2.0 2.0 0.418 0.481 0.0000 0.0843 12.19 
0.011 2 1 0 2.0 2.0 0.401 0.447 0.1229 0.0843 12.18 
0.012 2 1 0 2.0 2.0 0.390 0.443 0.1229 0.0843 12.19 
0.013 2 1 0 2.0 2.0 0.380 0.452 0.1831 0.1402 12.18 
0.014 2 1 0 2.0 2.0 0.585 0.201 0.1831 0.1402 12.18 
0.015 2 1 0 2.0 2.0 0.607 0.179 0.1831 0.1526 12.19 
0.016 2 1 0 2.0 2.0 0.452 0.322 0.1775 0.1526 12.19 
0.017 2 1 0 2.0 2.0 0.363 0.379 0.1775 0.1526 12.19 
0.018 2 1 0 2.0 2.0 0.314 0.409 0.1892 0.1663 12.20 
0.019 2 1 0 2.0 2.0 0.294 0.407 0.1892 0.1663 12.19 
0.020 2 1 0 2.0 2.0 0.291 0.376 0.2145 0.2253 12.20 
0.021 2 1 0 2.0 2.0 0.288 0.366 0.2538 0.2345 12.21 
0.022 2 1 0 2.0 2.0 0.288 0.377 0.2538 0.2345 12.20 
0.023 2 1 0 2.0 2.0 0.266 0.410 0.2494 0.2418 12.20 
0.024 2 1 0 2.0 2.0 0.297 0.377 0.2478 0.2418 12.20 
0.025 2 1 0 2.0 2.0 0.261 0.358 0.2478 0.2418 12.20 
0.026 2 1 0 2.0 2.0 0.273 0.336 0.2538 0.2952 12.20 
0.027 2 1 0 2.0 2.0 0.276 0.312 0.3137 0.2767 12.20 
0.028 2 1 0 2.0 2.0 0.286 0.330 0.3137 0.2767 12.19 
0.029 2 1 0 2.0 2.0 0.253 0.318 0.3346 0.2952 12.19 
0.030 2 1 0 2.0 2.0 0.234 0.314 0.2888 0.2908 12.20 
0.031 2 1 0 2.0 2.0 0.253 0.290 0.2807 0.3430 12.20 
0.032 2 1 0 2.0 2.0 0.233 0.289 0.3430 0.3213 12.19 
0.033 2 1 0 2.0 2.0 0.240 0.326 0.3430 0.3213 12.20 
0.034 2 1 0 2.0 2.0 0.223 0.366 0.3374 0.3317 12.20 
0.035 2 1 0 2.0 2.0 0.248 0.339 0.3185 0.3064 12.20 
0.036 2 1 0 2.0 2.0 0.220 0.293 0.3289 0.3787 12.20 
0.037 2 1 0 2.0 2.0 0.214 0.286 0.3823 0.3683 12.21 
0.038 2 1 0 2.0 2.0 0.216 0.273 0.3751 0.3615 12.21 
0.039 2 1 0 2.0 2.0 0.192 0.246 0.3462 0.3289 12.20 
0.040 2 1 0 2.0 2.0 0.197 0.239 0.3462 0.3651 12.20 
0.041 2 1 0 2.0 2.0 0.223 0.240 0.3976 0.3651 12.21 
0.042 2 1 0 2.0 2.0 0.215 0.266 0.4016 0.3860 12.20 
0.043 2 1 0 2.0 2.0 0.193 0.272 0.3936 0.3936 12.20 
0.044 2 1 0 2.0 2.0 0.199 0.241 0.3651 0.3651 12.21 
0.045 2 1 0 2.0 2.0 0.187 0.226 0.3715 0.3976 12.21 
0.046 2 1 0 2.0 2.0 0.175 0.238 0.4016 0.4056 12.20 
0.047 2 1 0 2.0 2.0 0.165 0.246 0.4137 0.4097 12.20 
0.048 2 1 0 2.0 2.0 0.183 0.219 0.3860 0.4225 12.21 
0.049 2 1 0 2.0 2.0 0.174 0.197 0.4269 0.4225 12.20 
0.050 2 1 0 2.0 2.0 0.156 0.221 0.4181 0.4225 12.20 
0.051 2 1 0 2.0 2.0 0.159 0.241 0.3936 0.4181 12.20 
0.052 2 1 0 2.0 2.0 0.134 0.245 0.4016 0.4410 12.21 
0.053 2 1 0 2.0 2.0 0.168 0.216 0.4317 0.4317 12.20 
0.054 2 1 0 2.0 2.0 0.158 0.208 0.4317 0.4362 12.21 
0.055 2 1 0 2.0 2.0 0.132 0.206 0.4181 0.4362 12.21 
0.056 2 1 0 2.0 2.0 0.150 0.169 0.4269 0.4615 12.21 
0.057 2 1 0 2.0 2.0 0.162 0.181 0.4562 0.4462 12.21 
0.058 2 1 0 2.0 2.0 0.129 0.211 0.4510 0.4362 12.22 
0.059 2 1 0 2.0 2.0 0.121 0.199 0.4362 0.4723 12.22 
0.060 2 1 0 2.0 2.0 0.139 0.172 0.4362 0.4956 12.20 
0.061 2 1 0 2.0 2.0 0.150 0.179 0.4510 0.4836 12.21 
0.062 2 1 0 2.0 2.0 0.111 0.196 0.4410 0.4723 12.21 
0.063 2 1 0 2.0 2.0 0.158 0.189 0.4410 0.5020 12.21 
0.064 2 1 0 2.0 2.0 0.156 0.202 0.4779 0.4956 12.20 
0.065 2 1 0 2.0 2.0 0.142 0.197 0.4723 0.4510 12.21 
0.066 2 1 0 2.0 2.0 0.123 0.180 0.4562 0.4896 12.21 
0.067 2 1 0 2.0 2.0 0.127 0.163 0.4562 0.5020 12.21 
0.068 2 1 0 2.0 2.0 0.120 0.143 0.4836 0.4836 12.21 
0.069 2 1 0 2.0 2.0 0.107 0.156 0.4723 0.5149 12.21 
0.070 2 1 0 2.0 2.0 0.125 0.164 0.4779 0.5213 12.20 
0.071 2 1 0 2.0 2.0 0.129 0.159 0.5020 0.5020 12.21 
0.072 2 1 0 2.0 2.0 0.118 0.178 0.4779 0.5281 12.22 
0.073 2 1 0 2.0 2.0 0.122 0.165 0.4667 0.5149 12.21 
0.074 2 1 0 2.0 2.0 0.108 0.127 0.5020 0.5149 12.21 
0.075 2 1 0 2.0 2.0 0.085 0.151 0.5281 0.5281 12.21 
0.076 2 1 0 2.0 2.0 0.127 0.153 0.4956 0.5213 12.21 
0.077 2 1 0 2.0 2.0 0.127 0.177 0.5020 0.5213 12.21 
0.078 2 1 0 2.0 2.0 0.135 0.196 0.5149 0.5354 12.21 
0.079 2 1 0 2.0 2.0 0.107 0.168 0.4956 0.5426 12.21 
0.080 2 1 0 2.0 2.0 0.115 0.148 0.4896 0.5354 12.21 
0.081 2 1 0 2.0 2.0 0.085 0.145 0.5213 0.4956 12.21 
0.082 2 1 0 2.0 2.0 0.103 0.139 0.5020 0.5354 12.21 
0.083 2 1 0 2.0 2.0 0.108 0.135 0.5149 0.5354 12.21 
0.084 2 1 0 2.0 2.0 0.096 0.141 0.5426 0.5149 12.22 
0.085 2 1 0 2.0 2.0 0.087 0.158 0.5149 0.5498 12.22 
0.086 2 1 0 2.0 2.0 0.097 0.122 0.5020 0.5426 12.22 
0.087 2 1 0 2.0 2.0 0.095 0.120 0.5354 0.5281 12.22 
0.088 2 1 0 2.0 2.0 0.113 0.124 0.5213 0.5498 12.21 
0.089 2 1 0 2.0 2.0 0.121 0.150 0.5213 0.5498 12.21 
0.090 2 1 0 2.0 2.0 0.096 0.134 0.5498 0.5655 12.21 
0.091 2 1 0 2.0 2.0 0.104 0.138 0.5149 0.5498 12.22 
0.092 2 1 0 2.0 2.0 0.097 0.111 0.5149 0.5575 12.21 
0.093 2 1 0 2.0 2.0 0.074 0.128 0.5498 0.5820 12.22 
0.094 2 1 0 2.0 2.0 0.089 0.129 0.5213 0.5498 12.21 
0.095 2 1 0 2.0 2.0 0.100 0.123 0.5281 0.5498 12.21 
0.096 2 1 0 2.0 2.0 0.098 0.131 0.5575 0.5735 12.21 
0.097 2 1 0 2.0 2.0 0.114 0.108 0.5281 0.5992 12.21 
0.098 2 1 0 2.0 2.0 0.116 0.078 0.5281 0.5655 12.21 
0.099 2 1 0 2.0 2.0 0.091 0.098 0.5655 0.5904 12.21 
0.100 2 1 0 2.0 2.0 0.094 0.120 0.5281 0.5820 12.20 
0.101 2 1 0 2.0 2.0 0.093 0.159 0.5213 0.5213 12.22 
0.102 2 1 0 2.0 2.0 0.120 0.129 0.5575 0.5904 12.21 
0.103 2 1 0 2.0 2.0 0.101 0.119 0.5213 0.5820 12.21 
0.104 2 1 0 2.0 2.0 0.101 0.092 0.5149 0.5575 12.21 
0.105 2 1 0 2.0 2.0 0.104 0.074 0.5575 0.5992 12.21 
0.106 2 1 0 2.0 2.0 0.091 0.116 0.5281 0.5904 12.21 
0.107 2 1 0 2.0 2.0 0.103 0.121 0.5281 0.5904 12.22 
0.108 2 1 0 2.0 2.0 0.116 0.098 0.5655 0.5735 12.21 
0.109 2 1 0 2.0 2.0 0.097 0.086 0.5354 0.5655 12.21 
0.110 2 1 0 2.0 2.0 0.092 0.076 0.5213 0.5992 12.22 
0.111 2 1 0 2.0 2.0 0.086 0.082 0.5575 0.5904 12.20 
0.112 2 1 0 2.0 2.0 0.101 0.137 0.5575 0.5498 12.21 
0.113 2 1 0 2.0 2.0 0.112 0.122 0.5213 0.5904 12.22 
0.114 2 1 0 2.0 2.0 0.126 0.106 0.5575 0.5904 12.22 
0.115 2 1 0 2.0 2.0 0.099 0.096 0.5426 0.5498 12.21 
0.116 2 1 0 2.0 2.0 0.093 0.079 0.5354 0.5904 12.22 
0.117 2 1 0 2.0 2.0 0.306 -0.131 0.5735 0.5904 12.21 
0.118 2 1 0 2.0 2.0 0.350 -0.157 0.5498 0.5992 12.21 
0.119 2 1 0 2.0 2.0 0.223 -0.016 0.5655 0.5992 12.20 
0.120 2 1 0 2.0 2.0 0.154 0.051 0.5904 0.5820 12.22 
0.121 2 1 0 2.0 2.0 0.094 0.061 0.5575 0.6085 12.22 
0.122 2 1 0 2.0 2.0 0.100 0.082 0.5820 0.5992 12.21 
0.123 2 1 0 2.0 2.0 0.075 0.114 0.5904 0.5820 12.22 
0.124 2 1 0 2.0 2.0 0.086 0.116 0.5575 0.6177 12.21 
0.125 2 1 0 2.0 2.0 0.099 0.096 0.5904 0.5904 12.21 
0.126 2 1 0 2.0 2.0 0.075 0.095 0.5735 0.5904 12.21 
0.127 2 1 0 2.0 2.0 0.085 0.083 0.5426 0.5904 12.21 
0.128 2 1 0 2.0 2.0 0.081 0.094 0.5820 0.5992 12.22 
0.129 2 1 0 2.0 2.0 0.069 0.108 0.5655 0.6085 12.21 
0.130 2 1 0 2.0 2.0 0.081 0.105 0.5575 0.6273 12.22 
0.131 2 1 0 2.0 2.0 0.072 0.075 0.5904 0.5992 12.22 
0.132 2 1 0 2.0 2.0 0.081 0.072 0.5498 0.6273 12.21 
0.133 2 1 0 2.0 2.0 0.085 0.097 0.5498 0.6177 12.21 
0.134 2 1 0 2.0 2.0 0.097 0.131 0.5575 0.5575 12.21 
0.135 2 1 0 2.0 2.0 0.077 0.128 0.5426 0.6273 12.21 
0.136 2 1 0 2.0 2.0 0.098 0.083 0.5354 0.6177 12.21 
0.137 2 1 0 2.0 2.0 0.095 0.082 0.5735 0.6177 12.21 
0.138 2 1 0 2.0 2.0 0.085 0.076 0.5498 0.6273 12.21 
0.139 2 1 0 2.0 2.0 0.097 0.083 0.5426 0.5992 12.20 
0.140 2 1 0 2.0 2.0 0.079 0.100 0.5735 0.6273 12.21 
0.141 2 1 0 2.0 2.0 0.085 0.076 0.5498 0.6085 12.21 
0.142 2 1 0 2.0 2.0 0.087 0.069 0.5904 0.5992 12.22 
0.143 2 1 0 2.0 2.0 0.090 0.067 0.5820 0.6273 12.21 
0.144 2 1 0 2.0 2.0 0.069 0.111 0.5575 0.6177 12.20 
0.145 2 1 0 2.0 2.0 0.074 0.109 0.5820 0.6273 12.19 
0.146 2 1 0 2.0 2.0 0.074 0.080 0.6177 0.6085 12.20 
0.147 2 1 0 2.0 2.0 0.081 0.072 0.5426 0.5735 12.21 
0.148 2 1 0 2.0 2.0 0.089 0.059 0.5820 0.6177 12.21 
0.149 2 1 0 2.0 2.0 0.113 0.081 0.5498 0.6085 12.22 
0.150 2 1 0 2.0 2.0 0.081 0.105 0.5575 0.5820 12.22 
0.151 2 1 0 2.0 2.0 0.070 0.098 0.5904 0.6177 12.22 
0.152 2 1 0 2.0 2.0 0.075 0.091 0.5735 0.6085 12.21 
0.153 2 1 0 2.0 2.0 0.075 0.060 0.5820 0.6273 12.22 
0.154 2 1 0 2.0 2.0 0.085 0.075 0.6085 0.6177 12.21 
0.155 2 1 0 2.0 2.0 0.087 0.111 0.5820 0.5992 12.22 
0.156 2 1 0 2.0 2.0 0.070 0.103 0.5992 0.6085 12.21 
0.157 2 1 0 2.0 2.0 0.067 0.074 0.6085 0.6085 12.21 
0.158 2 1 0 2.0 2.0 0.060 0.072 0.5735 0.6273 12.20 
0.159 2 1 0 2.0 2.0 0.071 0.076 0.5992 0.5992 12.21 
0.160 2 1 0 2.0 2.0 0.082 0.112 0.5820 0.5735 12.21 
0.161 2 1 0 2.0 2.0 0.049 0.120 0.5655 0.6273 12.21 
0.162 2 1 0 2.0 2.0 0.055 0.079 0.5992 0.6273 12.22 
0.163 2 1 0 2.0 2.0 0.055 0.083 0.5735 0.6085 12.22 
0.164 2 1 0 2.0 2.0 0.087 0.067 0.5735 0.6374 12.22 
0.165 2 1 0 2.0 2.0 0.097 0.097 0.5992 0.6273 12.21 
0.166 2 1 0 2.0 2.0 0.063 0.114 0.5735 0.6177 12.21 
0.167 2 1 0 2.0 2.0 0.073 0.093 0.6085 0.6374 12.22 
0.168 2 1 0 2.0 2.0 0.052 0.078 0.5820 0.5992 12.22 
0.169 2 1 0 2.0 2.0 0.078 0.057 0.5655 0.6374 12.21 
0.170 2 1 0 2.0 2.0 0.094 0.071 0.5992 0.6374 12.22 
0.171 2 1 0 2.0 2.0 0.063 0.085 0.5904 0.6374 12.22 
0.172 2 1 0 2.0 2.0 0.078 0.064 0.5655 0.6177 12.22 
0.173 2 1 0 2.0 2.0 0.066 0.059 0.5992 0.6085 12.22 
0.174 2 1 0 2.0 2.0 0.078 0.072 0.5655 0.6474 12.22 
0.175 2 1 0 2.0 2.0 0.090 0.063 0.5655 0.6374 12.21 
0.176 2 1 0 2.0 2.0 0.078 0.094 0.5992 0.5992 12.22 
0.177 2 1 0 2.0 2.0 0.069 0.122 0.5655 0.6374 12.22 
0.178 2 1 0 2.0 2.0 0.070 0.088 0.5498 0.6374 12.22 
0.179 2 1 0 2.0 2.0 0.039 0.084 0.6177 0.6273 12.22 
0.180 2 1 0 2.0 2.0 0.054 0.090 0.5820 0.6273 12.22 
0.181 2 1 0 2.0 2.0 0.081 0.098 0.5904 0.5992 12.22 
0.182 2 1 0 2.0 2.0 0.072 0.116 0.5992 0.6374 12.22 
0.183 2 1 0 2.0 2.0 0.082 0.089 0.5735 0.6273 12.22 
0.184 2 1 0 2.0 2.0 0.066 0.076 0.5992 0.6474 12.22 
0.185 2 1 0 2.0 2.0 0.065 0.067 0.5992 0.6374 12.22 
0.186 2 1 0 2.0 2.0 0.094 0.096 0.5820 0.6177 12.21 
0.187 2 1 0 2.0 2.0 0.092 0.086 0.6085 0.6474 12.22 
0.188 2 1 0 2.0 2.0 0.085 0.073 0.5820 0.6374 12.22 
0.189 2 1 0 2.0 2.0 0.078 0.058 0.5655 0.6273 12.22 
0.190 2 1 0 2.0 2.0 0.066 0.048 0.6085 0.6177 12.21 
0.191 2 1 0 2.0 2.0 0.060 0.082 0.5735 0.6177 12.22 
0.192 2 1 0 2.0 2.0 0.078 0.073 0.6085 0.6474 12.22 
0.193 2 1 0 2.0 2.0 0.083 0.068 0.5904 0.6474 12.21 
0.194 2 1 0 2.0 2.0 0.066 0.078 0.5735 0.6273 12.22 
0.195 2 1 0 2.0 2.0 0.063 0.058 0.5992 0.6583 12.21 
0.196 2 1 0 2.0 2.0 0.076 0.092 0.5992 0.6273 12.22 
0.197 2 1 0 2.0 2.0 0.059 0.109 0.5735 0.6273 12.22 
0.198 2 1 0 2.0 2.0 0.065 0.090 0.6085 0.6374 12.22 
0.199 2 1 0 2.0 2.0 0.062 0.100 0.5735 0.6085 12.22 
0.200 2 1 0 2.0 2.0 0.069 0.067 0.5735 0.6474 12.22 
0.201 2 1 1 3.0 3.0 0.080 0.086 0.5904 0.6374 12.22 
0.202 2 1 1 3.0 3.0 0.080 0.101 0.5655 0.6374 12.20 
0.203 2 1 1 3.0 3.0 0.177 0.161 0.6085 0.6273 12.19 
0.204 2 1 1 3.0 3.0 0.220 0.207 0.5992 0.6177 12.19 
0.205 2 1 1 3.0 3.0 0.250 0.258 0.5820 0.6583 12.19 
0.206 2 1 1 3.0 3.0 0.267 0.297 0.6273 0.6474 12.18 
0.207 2 1 1 3.0 3.0 0.270 0.306 0.6085 0.6691 12.19 
0.208 2 1 1 3.0 3.0 0.261 0.285 0.6085 0.6804 12.19 
0.209 2 1 1 3.0 3.0 0.245 0.272 0.6474 0.6273 12.18 
0.210 2 1 1 3.0 3.0 0.235 0.269 0.6273 0.6804 12.18 
0.211 2 1 1 3.0 3.0 0.222 0.270 0.6583 0.6804 12.19 
0.212 2 1 1 3.0 3.0 0.211 0.259 0.6583 0.7044 12.18 
0.213 2 1 1 3.0 3.0 0.243 0.244 0.6273 0.7044 12.19 
0.214 2 1 1 3.0 3.0 0.242 0.241 0.6804 0.7302 12.19 
0.215 2 1 1 3.0 3.0 0.245 0.257 0.6583 0.7169 12.19 
0.216 2 1 1 3.0 3.0 0.238 0.279 0.6924 0.6924 12.18 
0.217 2 1 1 3.0 3.0 0.204 0.255 0.6691 0.7044 12.19 
0.218 2 1 1 3.0 3.0 0.221 0.230 0.7044 0.7169 12.20 
0.219 2 1 1 3.0 3.0 0.409 0.013 0.7169 0.7169 12.19 
0.220 2 1 1 3.0 3.0 0.486 -0.033 0.6583 0.7302 12.19 
0.221 2 1 1 3.0 3.0 0.318 0.126 0.7169 0.7575 12.20 
0.222 2 1 1 3.0 3.0 0.239 0.191 0.6924 0.7723 12.20 
0.223 2 1 1 3.0 3.0 0.214 0.206 0.7302 0.7723 12.21 
0.224 2 1 1 3.0 3.0 0.177 0.261 0.6924 0.7723 12.20 
0.225 2 1 1 3.0 3.0 0.192 0.266 0.7302 0.7302 12.19 
0.226 2 1 1 3.0 3.0 0.179 0.223 0.7044 0.7723 12.20 
0.227 2 1 1 3.0 3.0 0.174 0.211 0.7169 0.7723 12.20 
0.228 2 1 1 3.0 3.0 0.168 0.209 0.7434 0.7872 12.20 
0.229 2 1 1 3.0 3.0 0.172 0.223 0.7169 0.7723 12.20 
0.230 2 1 1 3.0 3.0 0.155 0.192 0.7302 0.7723 12.20 
0.231 2 1 1 3.0 3.0 0.186 0.180 0.7044 0.7723 12.19 
0.232 2 1 1 3.0 3.0 0.173 0.181 0.7302 0.8032 12.19 
0.233 2 1 1 3.0 3.0 0.188 0.206 0.7169 0.7575 12.20 
0.234 2 1 1 3.0 3.0 0.181 0.196 0.7575 0.8032 12.19 
0.235 2 1 1 3.0 3.0 0.152 0.185 0.7302 0.7575 12.20 
0.236 2 1 1 3.0 3.0 0.160 0.181 0.7575 0.7872 12.21 
0.237 2 1 1 3.0 3.0 0.166 0.194 0.7434 0.7723 12.21 
0.238 2 1 1 3.0 3.0 0.144 0.176 0.7169 0.8032 12.21 
0.239 2 1 1 3.0 3.0 0.135 0.160 0.7723 0.7872 12.20 
0.240 2 1 1 3.0 3.0 0.159 0.159 0.7169 0.8193 12.20 
0.241 2 1 1 3.0 3.0 0.162 0.195 0.7723 0.8032 12.20 
0.242 2 1 1 3.0 3.0 0.157 0.186 0.7575 0.8032 12.20 
0.243 2 1 1 3.0 3.0 0.148 0.178 0.8032 0.8032 12.21 
0.244 2 1 1 3.0 3.0 0.163 0.170 0.7872 0.8032 12.20 
0.245 2 1 1 3.0 3.0 0.134 0.188 0.8193 0.7872 12.20 
0.246 2 1 1 3.0 3.0 0.142 0.173 0.7575 0.8543 12.21 
0.247 2 1 1 3.0 3.0 0.139 0.148 0.8032 0.8543 12.21 
0.248 2 1 1 3.0 3.0 0.139 0.155 0.7723 0.8543 12.20 
0.249 2 1 1 3.0 3.0 0.142 0.177 0.7872 0.8032 12.20 
0.250 2 1 1 3.0 3.0 0.127 0.165 0.7575 0.8366 12.21 
0.251 2 1 1 3.0 3.0 0.107 0.153 0.7872 0.8366 12.20 
0.252 2 1 1 3.0 3.0 0.131 0.166 0.7872 0.8543 12.20 
0.253 2 1 1 3.0 3.0 0.115 0.165 0.8193 0.8543 12.20 
0.254 2 1 1 3.0 3.0 0.120 0.147 0.7872 0.8543 12.21 
0.255 2 1 1 3.0 3.0 0.132 0.121 0.8032 0.8727 12.21 
0.256 2 1 1 3.0 3.0 0.139 0.156 0.7723 0.7723 12.20 
0.257 2 1 1 3.0 3.0 0.128 0.167 0.8032 0.8727 12.20 
0.258 2 1 1 3.0 3.0 0.133 0.135 0.7723 0.8193 12.20 
0.259 2 1 1 3.0 3.0 0.145 0.132 0.8032 0.8543 12.20 
0.260 2 1 1 3.0 3.0 0.136 0.139 0.7872 0.8193 12.20 
0.261 2 1 1 3.0 3.0 0.118 0.143 0.8366 0.8543 12.21 
0.262 2 1 1 3.0 3.0 0.135 0.128 0.7872 0.8366 12.21 
0.263 2 1 1 3.0 3.0 0.122 0.119 0.8543 0.8727 12.20 
0.264 2 1 1 3.0 3.0 0.103 0.154 0.7723 0.8924 12.20 
0.265 2 1 1 3.0 3.0 0.121 0.159 0.8193 0.8924 12.20 
0.266 2 1 1 3.0 3.0 0.133 0.135 0.8032 0.9125 12.20 
0.267 2 1 1 3.0 3.0 0.122 0.121 0.8543 0.8924 12.20 
0.268 2 1 1 3.0 3.0 0.117 0.126 0.8366 0.8924 12.20 
0.269 2 1 1 3.0 3.0 0.130 0.121 0.8727 0.9125 12.20 
0.270 2 1 1 3.0 3.0 0.099 0.109 0.8193 0.9338 12.21 
0.271 2 1 1 3.0 3.0 0.089 0.145 0.8543 0.8366 12.21 
0.272 2 1 1 3.0 3.0 0.110 0.149 0.8193 0.8924 12.21 
0.273 2 1 1 3.0 3.0 0.094 0.125 0.8366 0.9125 12.21 
0.274 2 1 1 3.0 3.0 0.110 0.123 0.8032 0.9125 12.21 
0.275 2 1 1 3.0 3.0 0.102 0.146 0.8366 0.9338 12.21 
0.276 2 1 1 3.0 3.0 0.108 0.133 0.8543 0.9338 12.21 
0.277 2 1 1 3.0 3.0 0.127 0.108 0.8032 0.8924 12.21 
0.278 2 1 1 3.0 3.0 0.109 0.136 0.8543 0.8727 12.20 
0.279 2 1 1 3.0 3.0 0.121 0.158 0.8032 0.9338 12.20 
0.280 2 1 1 3.0 3.0 0.087 0.135 0.8366 0.8543 12.21 
0.281 2 1 1 3.0 3.0 0.063 0.124 0.8032 0.8924 12.21 
0.282 2 1 1 3.0 3.0 0.109 0.133 0.8366 0.9125 12.21 
0.283 2 1 1 3.0 3.0 0.086 0.134 0.8193 0.9125 12.21 
0.284 2 1 1 3.0 3.0 0.110 0.106 0.8543 0.9338 12.21 
0.285 2 1 1 3.0 3.0 0.120 0.116 0.8193 0.9338 12.21 
0.286 2 1 1 3.0 3.0 0.096 0.125 0.8366 0.9338 12.21 
0.287 2 1 1 3.0 3.0 0.129 0.112 0.8727 0.9338 12.21 
0.288 2 1 1 3.0 3.0 0.107 0.101 0.8543 0.9338 12.20 
0.289 2 1 1 3.0 3.0 0.110 0.129 0.8366 0.9125 12.21 
0.290 2 1 1 3.0 3.0 0.071 0.122 0.8924 0.9559 12.21 
0.291 2 1 1 3.0 3.0 0.101 0.112 0.8727 0.9559 12.20 
0.292 2 1 1 3.0 3.0 0.093 0.111 0.9125 0.9559 12.21 
0.293 2 1 1 3.0 3.0 0.112 0.131 0.8543 0.8924 12.21 
0.294 2 1 1 3.0 3.0 0.089 0.124 0.8924 0.8543 12.20 
0.295 2 1 1 3.0 3.0 0.095 0.105 0.8727 0.9338 12.21 
0.296 2 1 1 3.0 3.0 0.100 0.118 0.8366 0.9125 12.21 
0.297 2 1 1 3.0 3.0 0.102 0.116 0.8727 0.9338 12.21 
0.298 2 1 1 3.0 3.0 0.106 0.094 0.8366 0.9559 12.20 
0.299 2 1 1 3.0 3.0 0.089 0.085 0.8543 0.9559 12.20 
0.300 2 1 1 3.0 3.0 0.108 0.138 0.8366 0.9559 12.20 
0.301 2 1 1 3.0 3.0 0.094 0.121 0.8727 0.9559 12.21 
0.302 2 1 1 3.0 3.0 0.093 0.105 0.8366 0.9125 12.21 
0.303 2 1 1 3.0 3.0 0.110 0.093 0.8543 0.9125 12.20 
0.304 2 1 1 3.0 3.0 0.096 0.113 0.8366 0.9338 12.20 
0.305 2 1 1 3.0 3.0 0.115 0.087 0.8543 0.9338 12.21 
0.306 2 1 1 3.0 3.0 0.088 0.083 0.8366 0.9559 12.21 
0.307 2 1 1 3.0 3.0 0.095 0.120 0.8727 0.9559 12.21 
0.308 2 1 1 3.0 3.0 0.097 0.104 0.8193 0.9338 12.21 
0.309 2 1 1 3.0 3.0 0.063 0.089 0.8924 0.9338 12.20 
0.310 2 1 1 3.0 3.0 0.100 0.098 0.8193 0.9125 12.21 
0.311 2 1 1 3.0 3.0 0.079 0.101 0.8727 0.9559 12.20 
0.312 2 1 1 3.0 3.0 0.101 0.078 0.8924 0.9796 12.21 
0.313 2 1 1 3.0 3.0 0.076 0.097 0.8924 0.9796 12.21 
0.314 2 1 1 3.0 3.0 0.094 0.128 0.9125 0.9125 12.20 
0.315 2 1 1 3.0 3.0 0.116 0.114 0.9125 0.9338 12.21 
0.316 2 1 1 3.0 3.0 0.072 0.110 0.9125 0.9559 12.21 
0.317 2 1 1 3.0 3.0 0.089 0.118 0.8924 0.9338 12.21 
0.318 2 1 1 3.0 3.0 0.097 0.095 0.9125 0.9559 12.21 
0.319 2 1 1 3.0 3.0 0.071 0.072 0.8727 0.9796 12.21 
0.320 2 1 1 3.0 3.0 0.077 0.086 0.8924 0.9796 12.21 
0.321 2 1 1 3.0 3.0 0.250 -0.088 0.8727 0.9796 12.20 
0.322 2 1 1 3.0 3.0 0.365 -0.189 0.8924 0.9338 12.22 
0.323 2 1 1 3.0 3.0 0.201 -0.051 0.8924 0.9559 12.21 
0.324 2 1 1 3.0 3.0 0.106 0.047 0.8727 0.9338 12.20 
0.325 2 1 1 3.0 3.0 0.103 0.082 0.8924 0.9559 12.20 
0.326 2 1 1 3.0 3.0 0.076 0.065 0.8727 0.9559 12.21 
0.327 2 1 1 3.0 3.0 0.085 0.092 0.8924 0.9559 12.21 
0.328 2 1 1 3.0 3.0 0.066 0.120 0.8727 0.9559 12.21 
0.329 2 1 1 3.0 3.0 0.074 0.103 0.8924 0.9559 12.21 
0.330 2 1 1 3.0 3.0 0.064 0.109 0.8366 0.9559 12.21 
0.331 2 1 1 3.0 3.0 0.050 0.109 0.9125 0.9559 12.21 
0.332 2 1 1 3.0 3.0 0.060 0.107 0.8366 0.9796 12.21 
0.333 2 1 1 3.0 3.0 0.093 0.082 0.8924 0.9796 12.20 
0.334 2 1 1 3.0 3.0 0.090 0.100 0.8727 0.8543 12.20 
0.335 2 1 1 3.0 3.0 0.060 0.126 0.8924 0.9338 12.20 
0.336 2 1 1 3.0 3.0 0.089 0.110 0.9125 0.9125 12.20 
0.337 2 1 1 3.0 3.0 0.077 0.093 0.9125 0.9559 12.21 
0.338 2 1 1 3.0 3.0 0.076 0.103 0.9125 0.9796 12.21 
0.339 2 1 1 3.0 3.0 0.052 0.111 0.9125 0.9559 12.21 
0.340 2 1 1 3.0 3.0 0.084 0.090 0.9125 0.9796 12.21 
0.341 2 1 1 3.0 3.0 0.066 0.105 0.8924 0.9559 12.21 
0.342 2 1 1 3.0 3.0 0.066 0.119 0.9125 0.9796 12.21 
0.343 2 1 1 3.0 3.0 0.091 0.099 0.8924 0.9559 12.21 
0.344 2 1 1 3.0 3.0 0.097 0.065 0.9125 0.9796 12.21 
0.345 2 1 1 3.0 3.0 0.084 0.092 0.9125 0.9796 12.21 
0.346 2 1 1 3.0 3.0 0.074 0.078 0.8924 0.9796 12.21 
0.347 2 1 1 3.0 3.0 0.085 0.066 0.9125 0.9796 12.21 
0.348 2 1 1 3.0 3.0 0.105 0.104 0.8924 0.9559 12.20 
0.349 2 1 1 3.0 3.0 0.090 0.098 0.9125 0.9559 12.22 
0.350 2 1 1 3.0 3.0 0.056 0.085 0.8924 0.9796 12.21 
0.351 2 1 1 3.0 3.0 0.079 0.065 0.9125 0.9559 12.20 
0.352 2 1 1 3.0 3.0 0.092 0.089 0.8727 0.9559 12.21 
0.353 2 1 1 3.0 3.0 0.095 0.083 0.9338 0.9796 12.22 
0.354 2 1 1 3.0 3.0 0.085 0.058 0.8543 1.0041 12.20 
0.355 2 1 1 3.0 3.0 0.085 0.086 0.9125 0.8924 12.21 
0.356 2 1 1 3.0 3.0 0.084 0.090 0.9125 0.9559 12.21 
0.357 2 1 1 3.0 3.0 0.089 0.068 0.9125 0.9559 12.21 
0.358 2 1 1 3.0 3.0 0.104 0.082 0.9338 0.9559 12.20 
0.359 2 1 1 3.0 3.0 0.084 0.083 0.9125 0.9796 12.21 
0.360 2 1 1 3.0 3.0 0.074 0.067 0.9125 0.9796 12.21 
0.361 2 1 1 3.0 3.0 0.082 0.062 0.8924 0.9559 12.20 
0.362 2 1 1 3.0 3.0 0.095 0.093 0.9125 1.0041 12.20 
0.363 2 1 1 3.0 3.0 0.093 0.104 0.8924 1.0041 12.20 
0.364 2 1 1 3.0 3.0 0.070 0.082 0.9125 0.9559 12.20 
0.365 2 1 1 3.0 3.0 0.077 0.075 0.8924 0.9559 12.20 
0.366 2 1 1 3.0 3.0 0.089 0.082 0.8924 0.9796 12.21 
0.367 2 1 1 3.0 3.0 0.093 0.067 0.9125 0.9796 12.21 
0.368 2 1 1 3.0 3.0 0.097 0.070 0.8727 0.9796 12.20 
0.369 2 1 1 3.0 3.0 0.107 0.082 0.8924 1.0041 12.20 
0.370 2 1 1 3.0 3.0 0.093 0.077 0.8727 0.9796 12.21 
0.371 2 1 1 3.0 3.0 0.078 0.064 0.8924 0.9796 12.21 
0.372 2 1 1 3.0 3.0 0.092 0.086 0.8924 0.9559 12.21 
0.373 2 1 1 3.0 3.0 0.091 0.086 0.9125 1.0041 12.21 
0.374 2 1 1 3.0 3.0 0.070 0.071 0.8543 1.0041 12.21 
0.375 2 1 1 3.0 3.0 0.070 0.078 0.9338 1.0041 12.20 
0.376 2 1 1 3.0 3.0 0.093 0.106 0.8543 0.9338 12.21 
0.377 2 1 1 3.0 3.0 0.111 0.081 0.9125 0.9338 12.21 
0.378 2 1 1 3.0 3.0 0.105 0.084 0.9125 0.9559 12.21 
0.379 2 1 1 3.0 3.0 0.063 0.094 0.9125 0.9796 12.21 
0.380 2 1 1 3.0 3.0 0.078 0.080 0.9338 0.9796 12.20 
0.381 2 1 1 3.0 3.0 0.097 0.059 0.9125 0.9796 12.21 
0.382 2 1 1 3.0 3.0 0.066 0.109 0.9338 0.9559 12.21 
0.383 2 1 1 3.0 3.0 0.087 0.120 0.9125 0.9796 12.20 
0.384 2 1 1 3.0 3.0 0.089 0.083 0.9338 0.9559 12.21 
0.385 2 1 1 3.0 3.0 0.085 0.082 0.9338 0.9796 12.20 
0.386 2 1 1 3.0 3.0 0.065 0.081 0.9125 0.9796 12.20 
0.387 2 1 1 3.0 3.0 0.065 0.072 0.9338 0.9796 12.21 
0.388 2 1 1 3.0 3.0 0.095 0.062 0.9125 0.9796 12.20 
0.389 2 1 1 3.0 3.0 0.078 0.090 0.9338 0.9559 12.20 
0.390 2 1 1 3.0 3.0 0.078 0.113 0.8727 0.9559 12.21 
0.391 2 1 1 3.0 3.0 0.099 0.084 0.9125 1.0041 12.21 
0.392 2 1 1 3.0 3.0 0.091 0.078 0.8924 0.9796 12.21 
0.393 2 1 1 3.0 3.0 0.068 0.097 0.9125 1.0041 12.21 
0.394 2 1 1 3.0 3.0 0.078 0.058 0.8924 0.9796 12.21 
0.395 2 1 1 3.0 3.0 0.085 0.047 0.8924 1.0041 12.20 
0.396 2 1 1 3.0 3.0 0.088 0.086 0.8924 0.9338 12.20 
0.397 2 1 1 3.0 3.0 0.087 0.106 0.9125 0.9559 12.21 
0.398 2 1 1 3.0 3.0 0.095 0.057 0.8924 0.9559 12.21 
0.399 2 1 1 3.0 3.0 0.105 0.078 0.9125 0.9559 12.21 
0.400 2 1 1 3.0 3.0 0.097 0.075 0.9338 0.9796 12.21 
0.401 2 1 1 3.0 3.0 0.088 0.055 0.9125 1.0041 12.21 
0.402 2 1 1 3.0 3.0 0.110 0.035 0.9338 1.0041 12.21 
0.403 2 1 1 3.0 3.0 0.100 0.092 0.8924 1.0041 12.21 
0.404 2 1 1 3.0 3.0 0.098 0.074 0.9125 0.8366 12.20 
0.405 2 1 1 3.0 3.0 0.103 0.048 0.9338 0.9796 12.21 
0.406 2 1 1 3.0 3.0 0.110 0.069 0.9125 0.9559 12.21 
0.407 2 1 1 3.0 3.0 0.104 0.059 0.9338 0.9796 12.21 
0.408 2 1 1 3.0 3.0 0.083 0.049 0.9125 0.9796 12.21 
0.409 2 1 1 3.0 3.0 0.103 0.085 0.9338 0.9796 12.21 
0.410 2 1 1 3.0 3.0 0.105 0.100 0.9125 0.9796 12.20 
0.411 2 1 1 3.0 3.0 0.103 0.058 0.9125 0.9796 12.21 
0.412 2 1 1 3.0 3.0 0.099 0.059 0.8924 0.9796 12.21 
0.413 2 1 1 3.0 3.0 0.111 0.067 0.9125 0.9796 12.20 
0.414 2 1 1 3.0 3.0 0.112 0.056 0.9125 1.0041 12.21 
0.415 2 1 1 3.0 3.0 0.093 0.039 0.8924 1.0041 12.21 
0.416 2 1 1 3.0 3.0 0.100 0.086 0.9125 0.8924 12.20 
0.417 2 1 1 3.0 3.0 0.104 0.078 0.8924 0.9559 12.20 
0.418 2 1 1 3.0 3.0 0.086 0.070 0.9338 0.9559 12.22 
0.419 2 1 1 3.0 3.0 0.083 0.064 0.8543 0.9796 12.21 
0.420 2 1 1 3.0 3.0 0.103 0.088 0.9125 0.9559 12.21 
0.421 2 1 1 3.0 3.0 0.108 0.068 0.8924 0.9796 12.21 
0.422 2 1 1 3.0 3.0 0.092 0.062 0.9338 1.0041 12.20 
0.423 2 1 1 3.0 3.0 0.106 0.093 0.9338 1.0041 12.21 
0.424 2 1 1 3.0 3.0 0.264 -0.105 0.9338 1.0041 12.19 
0.425 2 1 1 3.0 3.0 0.374 -0.225 0.9338 1.0041 12.21 
0.426 2 1 1 3.0 3.0 0.207 -0.056 0.9338 0.9796 12.21 
0.427 2 1 1 3.0 3.0 0.119 0.020 0.9338 1.0041 12.21 
0.428 2 1 1 3.0 3.0 0.086 0.057 0.8924 0.9796 12.21 
0.429 2 1 1 3.0 3.0 0.072 0.068 0.9125 1.0041 12.20 
0.430 2 1 1 3.0 3.0 0.076 0.087 0.8924 1.0041 12.21 
0.431 2 1 1 3.0 3.0 0.080 0.093 0.8727 0.9796 12.21 
0.432 2 1 1 3.0 3.0 0.074 0.058 0.9338 0.9796 12.21 
0.433 2 1 1 3.0 3.0 0.070 0.082 0.8924 0.9559 12.21 
0.434 2 1 1 3.0 3.0 0.097 0.075 0.9125 1.0041 12.21 
0.435 2 1 1 3.0 3.0 0.090 0.076 0.8924 1.0041 12.21 
0.436 2 1 1 3.0 3.0 0.083 0.052 0.8924 1.0041 12.21 
0.437 2 1 1 3.0 3.0 0.083 0.089 0.8924 0.9338 12.21 
0.438 2 1 1 3.0 3.0 0.093 0.074 0.9125 0.9338 12.20 
0.439 2 1 1 3.0 3.0 0.080 0.061 0.8727 0.9796 12.20 
0.440 2 1 1 3.0 3.0 0.080 0.093 0.9338 0.9796 12.21 
0.441 2 1 1 3.0 3.0 0.089 0.070 0.8924 0.9796 12.22 
0.442 2 1 1 3.0 3.0 0.095 0.050 0.8924 1.0041 12.20 
0.443 2 1 1 3.0 3.0 0.094 0.067 0.9125 0.9796 12.21 
0.444 2 1 1 3.0 3.0 0.073 0.097 0.9125 1.0041 12.21 
0.445 2 1 1 3.0 3.0 0.082 0.074 0.9338 0.9559 12.20 
0.446 2 1 1 3.0 3.0 0.087 0.055 0.8924 0.9796 12.21 
0.447 2 1 1 3.0 3.0 0.072 0.086 0.9338 0.9796 12.21 
0.448 2 1 1 3.0 3.0 0.074 0.078 0.9125 0.9796 12.21 
0.449 2 1 1 3.0 3.0 0.093 0.089 0.9338 0.9796 12.21 
0.450 2 1 1 3.0 3.0 0.091 0.090 0.9125 0.9559 12.21 
0.451 2 1 1 3.0 3.0 0.066 0.097 0.8924 0.9796 12.21 
0.452 2 1 1 3.0 3.0 0.064 0.062 0.9125 1.0041 12.21 
0.453 2 1 1 3.0 3.0 0.082 0.074 0.8924 0.9796 12.22 
0.454 2 1 1 3.0 3.0 0.081 0.085 0.9125 1.0041 12.21 
0.455 2 1 1 3.0 3.0 0.070 0.077 0.8924 0.9796 12.21 
0.456 2 1 1 3.0 3.0 0.077 0.052 0.9125 1.0041 12.20 
0.457 2 1 1 3.0 3.0 0.093 0.093 0.8924 0.9338 12.21 
0.458 2 1 1 3.0 3.0 0.079 0.098 0.9338 0.9559 12.20 
0.459 2 1 1 3.0 3.0 0.061 0.067 0.9338 0.9796 12.21 
0.460 2 1 1 3.0 3.0 0.083 0.078 0.9125 0.9559 12.21 
0.461 2 1 1 3.0 3.0 0.078 0.080 0.9125 0.9796 12.21 
0.462 2 1 1 3.0 3.0 0.071 0.041 0.9338 1.0041 12.21 
0.463 2 1 1 3.0 3.0 0.102 0.055 0.8924 1.0041 12.21 
0.464 2 1 1 3.0 3.0 0.074 0.102 0.8924 1.0041 12.21 
0.465 2 1 1 3.0 3.0 0.070 0.078 0.9338 0.9559 12.21 
0.466 2 1 1 3.0 3.0 0.073 0.063 0.9125 0.9796 12.21 
0.467 2 1 1 3.0 3.0 0.084 0.086 0.8727 0.9559 12.21 
0.468 2 1 1 3.0 3.0 0.087 0.077 0.9338 0.9796 12.21 
0.469 2 1 1 3.0 3.0 0.078 0.058 0.9338 0.9796 12.21 
0.470 2 1 1 3.0 3.0 0.071 0.079 0.9559 0.9338 12.21 
0.471 2 1 1 3.0 3.0 0.090 0.112 0.9125 0.9796 12.22 
0.472 2 1 1 3.0 3.0 0.057 0.086 0.9338 0.9796 12.21 
0.473 2 1 1 3.0 3.0 0.082 0.085 0.9125 0.9796 12.21 
0.474 2 1 1 3.0 3.0 0.059 0.083 0.9338 0.9796 12.21 
0.475 2 1 1 3.0 3.0 0.072 0.078 0.9125 1.0041 12.21 
0.476 2 1 1 3.0 3.0 0.069 0.064 0.9125 1.0298 12.21 
0.477 2 1 1 3.0 3.0 0.073 0.101 0.9338 0.9125 12.21 
0.478 2 1 1 3.0 3.0 0.088 0.116 0.9125 0.9796 12.22 
0.479 2 1 1 3.0 3.0 0.082 0.091 0.9338 0.9796 12.22 
0.480 2 1 1 3.0 3.0 0.056 0.096 0.9125 0.9796 12.21 
0.481 2 1 1 3.0 3.0 0.078 0.102 0.9338 0.9796 12.22 
0.482 2 1 1 3.0 3.0 0.057 0.076 0.8924 0.9796 12.21 
0.483 2 1 1 3.0 3.0 0.071 0.059 0.9338 1.0041 12.21 
0.484 2 1 1 3.0 3.0 0.056 0.105 0.8543 1.0041 12.21 
0.485 2 1 1 3.0 3.0 0.086 0.095 0.9125 1.0041 12.20 
0.486 2 1 1 3.0 3.0 0.093 0.071 0.9125 1.0041 12.21 
0.487 2 1 1 3.0 3.0 0.078 0.081 0.9125 0.9796 12.20 
0.488 2 1 1 3.0 3.0 0.077 0.080 0.9338 1.0041 12.20 
0.489 2 1 1 3.0 3.0 0.099 0.067 0.9338 1.0041 12.21 
0.490 2 1 1 3.0 3.0 0.056 0.072 0.9338 1.0041 12.21 
0.491 2 1 1 3.0 3.0 0.034 0.125 0.9125 1.0041 12.24 
0.492 2 1 1 3.0 3.0 0.075 0.108 0.9338 0.9796 12.22 
0.493 2 1 1 3.0 3.0 0.047 0.090 0.8924 0.9796 12.21 
0.494 2 1 1 3.0 3.0 0.051 0.103 0.8543 0.9559 12.21 
0.495 2 1 1 3.0 3.0 0.074 0.093 0.9125 1.0041 12.20 
0.496 2 1 1 3.0 3.0 0.052 0.067 0.8924 1.0041 12.20 
0.497 2 1 1 3.0 3.0 0.059 0.090 0.9338 0.8032 12.20 
0.498 2 1 1 3.0 3.0 0.061 0.112 0.8924 0.9559 12.20 
0.499 2 1 1 3.0 3.0 0.065 0.097 0.9125 0.9559 12.20 
0.500 2 1 1 3.0 3.0 0.085 0.087 0.8924 0.9796 12.21 
0.501 2 1 1 3.0 3.0 0.054 0.093 0.9338 0.9796 12.20 
0.502 2 1 1 3.0 3.0 0.070 0.086 0.9125 0.9796 12.21 
0.503 2 1 1 3.0 3.0 0.075 0.081 0.9125 1.0041 12.22 
0.504 2 1 1 3.0 3.0 0.056 0.087 0.9338 0.9796 12.21 
0.505 2 1 1 3.0 3.0 0.082 0.105 0.9338 1.0041 12.21 
0.506 2 1 1 3.0 3.0 0.076 0.079 0.9338 0.9796 12.21 
0.507 2 1 1 3.0 3.0 0.081 0.077 0.9125 0.9796 12.21 
0.508 2 1 1 3.0 3.0 0.083 0.111 0.9338 0.9796 12.21 
0.509 2 1 1 3.0 3.0 0.057 0.086 0.9125 0.9559 12.20 
0.510 2 1 1 3.0 3.0 0.100 0.078 0.9559 0.9796 12.21 
0.511 2 1 1 3.0 3.0 0.064 0.105 0.9338 0.9796 12.20 
0.512 2 1 1 3.0 3.0 0.056 0.103 0.9338 0.9796 12.20 
0.513 2 1 1 3.0 3.0 0.069 0.075 0.9559 1.0041 12.20 
0.514 2 1 1 3.0 3.0 0.061 0.087 0.9125 0.8924 12.21 
0.515 2 1 1 3.0 3.0 0.072 0.107 0.9338 1.0041 12.21 
0.516 2 1 1 3.0 3.0 0.045 0.082 0.9125 1.0041 12.21 
0.517 2 1 1 3.0 3.0 0.061 0.075 0.9338 1.0298 12.20 
0.518 2 1 1 3.0 3.0 0.086 0.116 0.9125 0.9559 12.21 
0.519 2 1 1 3.0 3.0 0.065 0.098 0.9125 0.9125 12.22 
0.520 2 1 1 3.0 3.0 0.091 0.082 0.9125 0.9796 12.22 
0.521 2 1 1 3.0 3.0 0.079 0.094 0.8924 0.9559 12.22 
0.522 2 1 1 3.0 3.0 0.078 0.080 0.9125 0.9796 12.21 
0.523 2 1 1 3.0 3.0 0.071 0.062 0.8924 1.0041 12.20 
0.524 2 1 1 3.0 3.0 0.063 0.073 0.9125 0.9559 12.20 
0.525 2 1 1 3.0 3.0 0.088 0.104 0.8543 1.0041 12.20 
0.526 2 1 1 3.0 3.0 0.217 -0.077 0.9338 0.9559 12.20 
0.527 2 1 1 3.0 3.0 0.374 -0.229 0.8543 0.9559 12.20 
0.528 2 1 1 3.0 3.0 0.235 -0.066 0.9125 0.9796 12.21 
0.529 2 1 1 3.0 3.0 0.135 0.044 0.8924 0.9796 12.21 
0.530 2 1 1 3.0 3.0 0.078 0.061 0.9125 0.9338 12.21 
0.531 2 1 1 3.0 3.0 0.081 0.103 0.9338 0.9559 12.21 
0.532 2 1 1 3.0 3.0 0.082 0.114 0.9338 0.9559 12.21 
0.533 2 1 1 3.0 3.0 0.078 0.097 0.9338 0.9796 12.21 
0.534 2 1 1 3.0 3.0 0.060 0.092 0.9125 0.9559 12.21 
0.535 2 1 1 3.0 3.0 0.078 0.101 0.9338 0.9559 12.21 
0.536 2 1 1 3.0 3.0 0.080 0.097 0.9125 0.9796 12.22 
0.537 2 1 1 3.0 3.0 0.046 0.072 0.9338 1.0041 12.21 
0.538 2 1 1 3.0 3.0 0.060 0.106 0.9338 0.8924 12.21 
0.539 2 1 1 3.0 3.0 0.048 0.113 0.9125 0.9559 12.21 
0.540 2 1 1 3.0 3.0 0.068 0.093 0.9338 0.9559 12.22 
0.541 2 1 1 3.0 3.0 0.044 0.098 0.9125 0.9796 12.20 
0.542 2 1 1 3.0 3.0 0.069 0.094 0.9338 0.9796 12.21 
0.543 2 1 1 3.0 3.0 0.087 0.076 0.9125 0.9796 12.22 
0.544 2 1 1 3.0 3.0 0.057 0.068 0.9338 1.0041 12.21 
0.545 2 1 1 3.0 3.0 0.075 0.096 0.9125 1.0041 12.21 
0.546 2 1 1 3.0 3.0 0.081 0.089 0.8924 1.0041 12.21 
0.547 2 1 1 3.0 3.0 0.059 0.069 0.9125 0.9796 12.21 
0.548 2 1 1 3.0 3.0 0.065 0.072 0.9338 0.9559 12.21 
0.549 2 1 1 3.0 3.0 0.077 0.087 0.9125 0.9796 12.20 
0.550 2 1 1 3.0 3.0 0.063 0.081 0.9125 1.0041 12.21 
0.551 2 1 1 3.0 3.0 0.077 0.074 0.9338 1.0041 12.20 
0.552 2 1 1 3.0 3.0 0.052 0.107 0.9125 0.9338 12.20 
0.553 2 1 1 3.0 3.0 0.094 0.090 0.9338 1.0041 12.20 
0.554 2 1 1 3.0 3.0 0.063 0.068 0.8924 1.0041 12.20 
0.555 2 1 1 3.0 3.0 0.064 0.085 0.9125 1.0041 12.21 
0.556 2 1 1 3.0 3.0 0.070 0.097 0.9338 1.0298 12.20 
0.557 2 1 1 3.0 3.0 0.074 0.067 0.9125 0.9796 12.21 
0.558 2 1 1 3.0 3.0 0.069 0.091 0.9338 0.9125 12.21 
0.559 2 1 1 3.0 3.0 0.049 0.108 0.9125 0.9796 12.21 
0.560 2 1 1 3.0 3.0 0.056 0.078 0.9338 0.9796 12.20 
0.561 2 1 1 3.0 3.0 0.082 0.071 0.9125 0.9796 12.21 
0.562 2 1 1 3.0 3.0 0.044 0.079 0.9338 0.9796 12.21 
0.563 2 1 1 3.0 3.0 0.077 0.071 0.8924 0.9796 12.20 
0.564 2 1 1 3.0 3.0 0.065 0.063 0.8924 1.0041 12.21 
0.565 2 1 1 3.0 3.0 0.071 0.090 0.9125 0.9796 12.20 
0.566 2 1 1 3.0 3.0 0.082 0.097 0.8924 1.0041 12.21 
0.567 2 1 1 3.0 3.0 0.055 0.072 0.9125 1.0041 12.21 
0.568 2 1 1 3.0 3.0 0.072 0.074 0.9125 0.9125 12.21 
0.569 2 1 1 3.0 3.0 0.063 0.105 0.9338 1.0041 12.21 
0.570 2 1 1 3.0 3.0 0.050 0.082 0.8543 0.9796 12.21 
0.571 2 1 1 3.0 3.0 0.082 0.059 0.9125 1.0041 12.21 
0.572 2 1 1 3.0 3.0 0.045 0.112 0.8924 1.0041 12.21 
0.573 2 1 1 3.0 3.0 0.074 0.107 0.9125 0.9796 12.20 
0.574 2 1 1 3.0 3.0 0.060 0.086 0.9338 0.9796 12.20 
0.575 2 1 1 3.0 3.0 0.063 0.082 0.9338 0.9559 12.20 
0.576 2 1 1 3.0 3.0 0.074 0.075 0.9338 1.0041 12.21 
0.577 2 1 1 3.0 3.0 0.048 0.067 0.9338 1.0041 12.21 
0.578 2 1 1 3.0 3.0 0.070 0.085 0.9338 1.0041 12.21 
0.579 2 1 1 3.0 3.0 0.080 0.105 0.9125 0.9559 12.21 
0.580 2 1 1 3.0 3.0 0.048 0.088 0.9338 0.9338 12.21 
0.581 2 1 1 3.0 3.0 0.062 0.072 0.9338 0.9796 12.21 
0.582 2 1 1 3.0 3.0 0.049 0.092 0.9125 0.9796 12.21 
0.583 2 1 1 3.0 3.0 0.057 0.090 0.9338 0.9796 12.21 
0.584 2 1 1 3.0 3.0 0.056 0.057 0.8924 1.0041 12.20 
0.585 2 1 1 3.0 3.0 0.088 0.075 0.9125 0.9796 12.21 
0.586 2 1 1 3.0 3.0 0.066 0.094 0.9125 1.0041 12.21 
0.587 2 1 1 3.0 3.0 0.078 0.083 0.9338 0.9559 12.20 
0.588 2 1 1 3.0 3.0 0.042 0.091 0.9125 0.9796 12.21 
0.589 2 1 1 3.0 3.0 0.078 0.108 0.9338 0.9796 12.21 
0.590 2 1 1 3.0 3.0 0.055 0.102 0.9125 0.9559 12.21 
0.591 2 1 1 3.0 3.0 0.072 0.082 0.9125 0.9796 12.21 
0.592 2 1 1 3.0 3.0 0.069 0.090 0.8924 0.9559 12.21 
0.593 2 1 1 3.0 3.0 0.098 0.105 0.8924 0.9796 12.21 
0.594 2 1 1 3.0 3.0 0.064 0.079 0.9338 1.0041 12.21 
0.595 2 1 1 3.0 3.0 0.080 0.091 0.9125 0.9796 12.21 
0.596 2 1 1 3.0 3.0 0.084 0.080 0.9559 1.0041 12.21 
0.597 2 1 1 3.0 3.0 0.067 0.073 0.9125 0.9796 12.21 
0.598 2 1 1 3.0 3.0 0.083 0.066 0.8543 1.0041 12.21 
0.599 2 1 1 3.0 3.0 0.083 0.101 0.9559 0.9338 12.20 
0.600 2 1 1 3.0 3.0 0.092 0.088 0.9125 0.9559 12.21 
0.601 2 1 1 3.0 3.0 0.076 0.070 0.9338 0.9796 12.21 
0.602 2 1 1 3.0 3.0 0.078 0.090 0.9125 0.9559 12.21 
0.603 2 1 1 3.0 3.0 0.095 0.070 0.9338 0.9796 12.21 
0.604 2 1 1 3.0 3.0 0.084 0.048 0.9125 1.0041 12.21 
0.605 2 1 1 3.0 3.0 0.075 0.054 0.9125 1.0041 12.21 
0.606 2 1 1 3.0 3.0 0.074 0.095 0.8924 1.0041 12.21 
0.607 2 1 1 3.0 3.0 0.080 0.074 0.9125 0.9559 12.20 
0.608 2 1 1 3.0 3.0 0.092 0.071 0.9125 0.9796 12.21 
0.609 2 1 1 3.0 3.0 0.091 0.083 0.9125 0.9796 12.21 
0.610 2 1 1 3.0 3.0 0.101 0.085 0.9338 0.9796 12.20 
0.611 2 1 1 3.0 3.0 0.074 0.069 0.9125 0.9796 12.21 
0.612 2 1 1 3.0 3.0 0.063 0.082 0.9559 0.9796 12.21 
0.613 2 1 1 3.0 3.0 0.074 0.101 0.8727 0.9796 12.21 
0.614 2 1 1 3.0 3.0 0.089 0.052 0.9125 0.9796 12.22 
0.615 2 1 1 3.0 3.0 0.092 0.055 0.9125 0.9796 12.21 
0.616 2 1 1 3.0 3.0 0.077 0.075 0.9338 0.9796 12.20 
0.617 2 1 1 3.0 3.0 0.093 0.059 0.9559 0.9796 12.21 
0.618 2 1 1 3.0 3.0 0.075 0.048 0.9338 1.0041 12.21 
0.619 2 1 1 3.0 3.0 0.064 0.093 0.9338 0.8924 12.21 
0.620 2 1 1 3.0 3.0 0.072 0.099 0.9338 0.9559 12.21 
0.621 2 1 1 3.0 3.0 0.094 0.091 0.9559 0.9559 12.21 
0.622 2 1 1 3.0 3.0 0.083 0.086 0.9125 0.9796 12.21 
0.623 2 1 1 3.0 3.0 0.059 0.095 0.9338 0.9796 12.20 
0.624 2 1 1 3.0 3.0 0.070 0.055 0.9338 0.9796 12.21 
0.625 2 1 1 3.0 3.0 0.085 0.041 0.9125 0.9559 12.20 
0.626 2 1 1 3.0 3.0 0.083 0.088 0.9338 1.0041 12.21 
0.627 2 1 1 3.0 3.0 0.078 0.078 0.9125 1.0041 12.22 
0.628 2 1 1 3.0 3.0 0.226 -0.074 0.9338 0.9796 12.19 
0.629 2 1 1 3.0 3.0 0.384 -0.218 0.9125 0.9559 12.20 
0.630 2 1 1 3.0 3.0 0.220 -0.048 0.9338 0.9796 12.21 
0.631 2 1 1 3.0 3.0 0.124 0.017 0.9125 0.9796 12.21 
0.632 2 1 1 3.0 3.0 0.090 0.064 0.9338 0.9796 12.20 
0.633 2 1 1 3.0 3.0 0.091 0.099 0.8924 1.0041 12.21 
0.634 2 1 1 3.0 3.0 0.096 0.050 0.9125 0.9796 12.20 
0.635 2 1 1 3.0 3.0 0.103 0.057 0.8924 0.9796 12.20 
0.636 2 1 1 3.0 3.0 0.108 0.078 0.8924 0.9559 12.20 
0.637 2 1 1 3.0 3.0 0.098 0.063 0.9125 1.0041 12.21 
0.638 2 1 1 3.0 3.0 0.082 0.050 0.9125 1.0298 12.21 
0.639 2 1 1 3.0 3.0 0.107 0.086 0.9338 0.9125 12.21 
0.640 2 1 1 3.0 3.0 0.072 0.117 0.8924 0.9796 12.22 
0.641 2 1 1 3.0 3.0 0.069 0.075 0.9338 0.9559 12.22 
0.642 2 1 1 3.0 3.0 0.072 0.074 0.9338 0.9796 12.20 
0.643 2 1 1 3.0 3.0 0.091 0.085 0.9125 0.9796 12.21 
0.644 2 1 1 3.0 3.0 0.089 0.057 0.9125 0.9796 12.21 
0.645 2 1 1 3.0 3.0 0.078 0.034 0.8924 1.0041 12.22 
0.646 2 1 1 3.0 3.0 0.091 0.067 0.9338 0.9796 12.21 
0.647 2 1 1 3.0 3.0 0.075 0.081 0.9125 1.0041 12.21 
0.648 2 1 1 3.0 3.0 0.054 0.070 0.9338 0.9796 12.21 
0.649 2 1 1 3.0 3.0 0.074 0.072 0.9125 0.9796 12.21 
0.650 2 1 1 3.0 3.0 0.089 0.086 0.9338 0.9796 12.21 
0.651 2 1 1 3.0 3.0 0.090 0.062 0.9338 0.9559 12.21 
0.652 2 1 1 3.0 3.0 0.069 0.058 0.9125 0.9796 12.21 
0.653 2 1 1 3.0 3.0 0.074 0.089 0.9338 1.0041 12.20 
0.654 2 1 1 3.0 3.0 0.093 0.093 0.9125 0.9796 12.21 
0.655 2 1 1 3.0 3.0 0.083 0.065 0.9338 0.9796 12.21 
0.656 2 1 1 3.0 3.0 0.081 0.081 0.8543 0.9559 12.21 
0.657 2 1 1 3.0 3.0 0.094 0.078 0.9125 1.0041 12.21 
0.658 2 1 1 3.0 3.0 0.093 0.045 0.8924 1.0298 12.21 
0.659 2 1 1 3.0 3.0 0.073 0.059 0.9125 1.0298 12.21 
0.660 2 1 1 3.0 3.0 0.092 0.101 0.9125 0.9796 12.21 
0.661 2 1 1 3.0 3.0 0.105 0.101 0.9125 0.9559 12.21 
0.662 2 1 1 3.0 3.0 0.096 0.065 0.9125 1.0041 12.21 
0.663 2 1 1 3.0 3.0 0.071 0.082 0.9125 1.0041 12.21 
0.664 2 1 1 3.0 3.0 0.085 0.067 0.9338 0.9796 12.21 
0.665 2 1 1 3.0 3.0 0.095 0.050 0.9125 1.0041 12.21 
