%% logfile from robot Signe (32)
% Signe (32)
%  1    time 0.000 sec
%  2  3  4   (mission 0), state 2, thread 2, line 0
%  5  6 Motor voltage [V] left, right: 2.0 2.0
%  7  8 Motor current left, right [A]: 0.010 0.016
%  9 10 Wheel velocity [m/s] left, right: 0.0000 -0.0000
% 11    Battery voltage [V]: 12.14
0.001 2 2 0 2.0 2.0 0.142 0.038 0.0000 -0.0000 12.13 
0.002 2 2 0 2.0 2.0 0.343 0.201 0.0000 -0.0000 12.13 
0.003 2 2 0 2.0 2.0 0.444 0.354 0.0000 -0.0000 12.13 
0.004 2 2 0 2.0 2.0 0.499 0.409 0.0000 -0.0000 12.13 
0.005 2 2 0 2.0 2.0 0.546 0.443 0.0000 -0.0000 12.13 
0.006 2 2 0 2.0 2.0 0.412 0.445 0.0000 -0.0000 12.13 
0.007 2 2 0 2.0 2.0 0.381 0.519 0.0000 -0.0000 12.12 
0.008 2 2 0 2.0 2.0 0.390 0.500 0.0000 -0.0000 12.13 
0.009 2 2 0 2.0 2.0 0.444 0.483 0.0000 0.0000 12.13 
0.010 2 2 0 2.0 2.0 0.419 0.449 0.0000 0.0000 12.13 
0.011 2 2 0 2.0 2.0 0.423 0.479 0.0000 0.0000 12.13 
0.012 2 2 0 2.0 2.0 0.448 0.432 0.0643 0.1257 12.13 
0.013 2 2 0 2.0 2.0 0.436 0.453 0.0643 0.1257 12.11 
0.014 2 2 0 2.0 2.0 0.405 0.402 0.0643 0.1550 12.12 
0.015 2 2 0 2.0 2.0 0.402 0.398 0.0643 0.1550 12.11 
0.016 2 2 0 2.0 2.0 0.412 0.394 0.1088 0.1550 12.10 
0.017 2 2 0 2.0 2.0 0.366 0.397 0.1088 0.1823 12.11 
0.018 2 2 0 2.0 2.0 0.375 0.362 0.1088 0.1823 12.12 
0.019 2 2 0 2.0 2.0 0.382 0.313 0.1470 0.1799 12.12 
0.020 2 2 0 2.0 2.0 0.352 0.208 0.1470 0.1799 12.13 
0.021 2 2 0 2.0 2.0 0.331 0.216 0.1639 0.2217 12.13 
0.022 2 2 0 2.0 2.0 0.337 0.287 0.1639 0.2068 12.13 
0.023 2 2 0 2.0 2.0 0.356 0.281 0.1723 0.2028 12.13 
0.024 2 2 0 2.0 2.0 0.331 0.319 0.1723 0.2205 12.13 
0.025 2 2 0 2.0 2.0 0.313 0.298 0.2068 0.2205 12.13 
0.026 2 2 0 2.0 2.0 0.316 0.329 0.2068 0.2157 12.13 
0.027 2 2 0 2.0 2.0 0.356 0.310 0.2133 0.2157 12.13 
0.028 2 2 0 2.0 2.0 0.309 0.326 0.2133 0.2731 12.13 
0.029 2 2 0 2.0 2.0 0.299 0.321 0.2362 0.2538 12.13 
0.030 2 2 0 2.0 2.0 0.301 0.340 0.2362 0.2538 12.13 
0.031 2 2 0 2.0 2.0 0.264 0.352 0.2321 0.2747 12.13 
0.032 2 2 0 2.0 2.0 0.250 0.293 0.2478 0.2522 12.13 
0.033 2 2 0 2.0 2.0 0.261 0.295 0.2478 0.2522 12.12 
0.034 2 2 0 2.0 2.0 0.282 0.290 0.2345 0.3088 12.13 
0.035 2 2 0 2.0 2.0 0.268 0.267 0.2659 0.2868 12.15 
0.036 2 2 0 2.0 2.0 0.260 0.253 0.2659 0.2972 12.14 
0.037 2 2 0 2.0 2.0 0.266 0.197 0.2787 0.2972 12.14 
0.038 2 2 0 2.0 2.0 0.287 0.230 0.2888 0.2807 12.13 
0.039 2 2 0 2.0 2.0 0.291 0.226 0.2888 0.3374 12.13 
0.040 2 2 0 2.0 2.0 0.305 0.223 0.2888 0.3289 12.12 
0.041 2 2 0 2.0 2.0 0.257 0.283 0.3113 0.3346 12.13 
0.042 2 2 0 2.0 2.0 0.221 0.291 0.2827 0.3346 12.13 
0.043 2 2 0 2.0 2.0 0.242 0.277 0.2827 0.3137 12.13 
0.044 2 2 0 2.0 2.0 0.265 0.219 0.3137 0.3651 12.13 
0.045 2 2 0 2.0 2.0 0.223 0.157 0.3374 0.3289 12.13 
0.046 2 2 0 2.0 2.0 0.233 0.162 0.3265 0.3402 12.13 
0.047 2 2 0 2.0 2.0 0.220 0.155 0.2996 0.3088 12.13 
0.048 2 2 0 2.0 2.0 0.238 0.154 0.2996 0.3088 12.13 
0.049 2 2 0 2.0 2.0 0.238 0.191 0.3346 0.3751 12.13 
0.050 2 2 0 2.0 2.0 0.249 0.219 0.3462 0.3522 12.13 
0.051 2 2 0 2.0 2.0 0.262 0.250 0.3522 0.3582 12.13 
0.052 2 2 0 2.0 2.0 0.218 0.214 0.3161 0.3346 12.13 
0.053 2 2 0 2.0 2.0 0.211 0.200 0.3550 0.3860 12.13 
0.054 2 2 0 2.0 2.0 0.204 0.230 0.3651 0.3374 12.14 
0.055 2 2 0 2.0 2.0 0.211 0.215 0.3582 0.3683 12.13 
0.056 2 2 0 2.0 2.0 0.196 0.263 0.3582 0.3522 12.13 
0.057 2 2 0 2.0 2.0 0.207 0.222 0.3161 0.3787 12.13 
0.058 2 2 0 2.0 2.0 0.228 0.219 0.3683 0.3936 12.12 
0.059 2 2 0 2.0 2.0 0.241 0.237 0.3896 0.3936 12.11 
0.060 2 2 0 2.0 2.0 0.193 0.248 0.3787 0.3896 12.13 
0.061 2 2 0 2.0 2.0 0.242 0.257 0.3522 0.3683 12.13 
0.062 2 2 0 2.0 2.0 0.199 0.202 0.3787 0.3936 12.13 
0.063 2 2 0 2.0 2.0 0.188 0.166 0.3936 0.3522 12.13 
0.064 2 2 0 2.0 2.0 0.173 0.145 0.3860 0.3976 12.13 
0.065 2 2 0 2.0 2.0 0.204 0.141 0.3582 0.3860 12.13 
0.066 2 2 0 2.0 2.0 0.168 0.143 0.3896 0.4056 12.11 
0.067 2 2 0 2.0 2.0 0.179 0.184 0.3936 0.3615 12.12 
0.068 2 2 0 2.0 2.0 0.238 0.209 0.3976 0.3860 12.12 
0.069 2 2 0 2.0 2.0 0.173 0.208 0.3582 0.3976 12.13 
0.070 2 2 0 2.0 2.0 0.151 0.189 0.3936 0.4225 12.13 
0.071 2 2 0 2.0 2.0 0.163 0.162 0.4056 0.3823 12.13 
0.072 2 2 0 2.0 2.0 0.177 0.139 0.3976 0.3976 12.13 
0.073 2 2 0 2.0 2.0 0.166 0.164 0.3936 0.3751 12.13 
0.074 2 2 0 2.0 2.0 0.154 0.149 0.3751 0.4097 12.14 
0.075 2 2 0 2.0 2.0 0.154 0.173 0.4016 0.4137 12.13 
0.076 2 2 0 2.0 2.0 0.257 0.222 0.3936 0.4181 12.13 
0.077 2 2 0 2.0 2.0 0.181 0.166 0.4016 0.3823 12.13 
0.078 2 2 0 2.0 2.0 0.166 0.139 0.3860 0.4097 12.13 
0.079 2 2 0 2.0 2.0 0.153 0.143 0.4181 0.4137 12.13 
0.080 2 2 0 2.0 2.0 0.194 0.121 0.4137 0.3976 12.13 
0.081 2 2 0 2.0 2.0 0.151 0.137 0.3896 0.4181 12.14 
0.082 2 2 0 2.0 2.0 0.174 0.162 0.3976 0.4137 12.13 
0.083 2 2 0 2.0 2.0 0.164 0.180 0.3976 0.4225 12.13 
0.084 2 2 0 2.0 2.0 0.242 0.186 0.4097 0.3823 12.13 
0.085 2 2 0 2.0 2.0 0.185 0.187 0.4097 0.4225 12.12 
0.086 2 2 0 2.0 2.0 0.145 0.181 0.4137 0.4225 12.13 
0.087 2 2 0 2.0 2.0 0.148 0.155 0.3860 0.4317 12.13 
0.088 2 2 0 2.0 2.0 0.200 0.141 0.4056 0.3976 12.13 
0.089 2 2 0 2.0 2.0 0.137 0.149 0.4181 0.4317 12.13 
0.090 2 2 0 2.0 2.0 0.173 0.166 0.4269 0.4410 12.12 
0.091 2 2 0 2.0 2.0 0.190 0.209 0.4225 0.4462 12.13 
0.092 2 2 0 2.0 2.0 0.206 0.184 0.4317 0.4269 12.13 
0.093 2 2 0 2.0 2.0 0.169 0.144 0.3936 0.4410 12.13 
0.094 2 2 0 2.0 2.0 0.162 0.065 0.4137 0.4410 12.13 
0.095 2 2 0 2.0 2.0 0.138 0.063 0.4362 0.3936 12.13 
0.096 2 2 0 2.0 2.0 0.182 0.067 0.4410 0.4317 12.13 
0.097 2 2 0 2.0 2.0 0.129 0.084 0.3976 0.4362 12.13 
0.098 2 2 0 2.0 2.0 0.153 0.154 0.4181 0.4410 12.13 
0.099 2 2 0 2.0 2.0 0.195 0.158 0.4317 0.4269 12.13 
0.100 2 2 0 2.0 2.0 0.177 0.157 0.4362 0.4510 12.13 
0.101 2 2 0 2.0 2.0 0.130 0.159 0.3976 0.4317 12.13 
0.102 2 2 0 2.0 2.0 0.147 0.162 0.4362 0.4410 12.13 
0.103 2 2 0 2.0 2.0 0.129 0.169 0.4410 0.4362 12.12 
0.104 2 2 0 2.0 2.0 0.163 0.178 0.3860 0.4667 12.14 
0.105 2 2 0 2.0 2.0 0.148 0.181 0.4137 0.4615 12.12 
0.106 2 2 0 2.0 2.0 0.166 0.199 0.4362 0.4462 12.12 
0.107 2 2 0 2.0 2.0 0.154 0.177 0.4462 0.4667 12.12 
0.108 2 2 0 2.0 2.0 0.207 0.125 0.4317 0.4410 12.12 
0.109 2 2 0 2.0 2.0 0.151 0.083 0.4410 0.4510 12.13 
0.110 2 2 0 2.0 2.0 0.137 0.080 0.4615 0.4462 12.13 
0.111 2 2 0 2.0 2.0 0.116 0.100 0.4562 0.4667 12.12 
0.112 2 2 0 2.0 2.0 0.170 0.115 0.4462 0.4362 12.15 
0.113 2 2 0 2.0 2.0 0.147 0.199 0.4510 0.4562 12.13 
0.114 2 2 0 2.0 2.0 0.152 0.169 0.4562 0.4779 12.13 
0.115 2 2 0 2.0 2.0 0.137 0.166 0.4317 0.4510 12.13 
0.116 2 2 0 2.0 2.0 0.135 0.126 0.4462 0.4562 12.12 
0.117 2 2 0 2.0 2.0 0.120 0.124 0.4562 0.4362 12.11 
0.118 2 2 0 2.0 2.0 0.135 0.099 0.4562 0.4667 12.10 
0.119 2 2 0 2.0 2.0 0.119 0.131 0.4362 0.4615 12.10 
0.120 2 2 0 2.0 2.0 0.158 0.181 0.4462 0.4269 12.12 
0.121 2 2 0 2.0 2.0 0.163 0.138 0.4510 0.4723 12.12 
0.122 2 2 0 2.0 2.0 0.146 0.120 0.4410 0.4615 12.12 
0.123 2 2 0 2.0 2.0 0.201 0.105 0.4510 0.4615 12.12 
0.124 2 2 0 2.0 2.0 0.149 0.097 0.4667 0.4410 12.12 
0.125 2 2 0 2.0 2.0 0.147 0.110 0.4615 0.4667 12.12 
0.126 2 2 0 2.0 2.0 0.128 0.175 0.4410 0.4615 12.13 
0.127 2 2 0 2.0 2.0 0.175 0.173 0.4462 0.4562 12.13 
0.128 2 2 0 2.0 2.0 0.159 0.168 0.4462 0.4723 12.11 
0.129 2 2 0 2.0 2.0 0.155 0.134 0.4562 0.4667 12.11 
0.130 2 2 0 2.0 2.0 0.177 0.141 0.4562 0.4667 12.10 
0.131 2 2 0 2.0 2.0 0.131 0.110 0.4410 0.4510 12.12 
0.132 2 2 0 2.0 2.0 0.124 0.120 0.4510 0.4779 12.13 
0.133 2 2 0 2.0 2.0 0.112 0.115 0.4562 0.4779 12.12 
0.134 2 2 0 2.0 2.0 0.181 0.188 0.4562 0.4615 12.12 
0.135 2 2 0 2.0 2.0 0.173 0.131 0.4510 0.4836 12.10 
0.136 2 2 0 2.0 2.0 0.155 0.112 0.4562 0.4667 12.11 
0.137 2 2 0 2.0 2.0 0.197 0.103 0.4362 0.4667 12.11 
0.138 2 2 0 2.0 2.0 0.139 0.082 0.4667 0.4410 12.12 
0.139 2 2 0 2.0 2.0 0.124 0.081 0.4667 0.4667 12.13 
0.140 2 2 0 2.0 2.0 0.124 0.121 0.4410 0.4667 12.12 
0.141 2 2 0 2.0 2.0 0.184 0.172 0.4562 0.4510 12.05 
0.142 2 2 0 2.0 2.0 0.178 0.147 0.4615 0.4723 12.08 
0.143 2 2 0 2.0 2.0 0.172 0.155 0.4667 0.4562 12.11 
0.144 2 2 0 2.0 2.0 0.177 0.146 0.4462 0.4615 12.12 
0.145 2 2 0 2.0 2.0 0.143 0.129 0.4667 0.4562 12.11 
0.146 2 2 0 2.0 2.0 0.116 0.122 0.4723 0.4779 12.11 
0.147 2 2 0 2.0 2.0 0.120 0.168 0.4410 0.4779 12.10 
0.148 2 2 0 2.0 2.0 0.148 0.173 0.4562 0.4667 12.11 
0.149 2 2 0 2.0 2.0 0.170 0.191 0.4723 0.4896 12.10 
0.150 2 2 0 2.0 2.0 0.156 0.104 0.4779 0.4562 12.12 
0.151 2 2 0 2.0 2.0 0.147 0.112 0.4562 0.4667 12.13 
0.152 2 2 0 2.0 2.0 0.188 0.070 0.4836 0.4667 12.12 
0.153 2 2 0 2.0 2.0 0.136 0.089 0.4779 0.4562 12.12 
0.154 2 2 0 2.0 2.0 0.124 0.115 0.4562 0.4667 12.11 
0.155 2 2 0 2.0 2.0 0.101 0.126 0.4667 0.4779 12.12 
0.156 2 2 0 2.0 2.0 0.207 0.137 0.4723 0.4956 12.12 
0.157 2 2 0 2.0 2.0 0.122 0.131 0.4779 0.4723 12.14 
0.158 2 2 0 2.0 2.0 0.121 0.116 0.4510 0.4723 12.13 
0.159 2 2 0 2.0 2.0 0.142 0.098 0.4779 0.4836 12.12 
0.160 2 2 0 2.0 2.0 0.111 0.090 0.4779 0.4836 12.13 
0.161 2 2 0 2.0 2.0 0.110 0.144 0.4562 0.4836 12.10 
0.162 2 2 0 2.0 2.0 0.167 0.118 0.4667 0.4615 12.13 
0.163 2 2 0 2.0 2.0 0.171 0.068 0.4667 0.4896 12.13 
0.164 2 2 0 2.0 2.0 0.153 0.085 0.4723 0.4779 12.10 
0.165 2 2 0 2.0 2.0 0.141 0.080 0.4667 0.4562 12.11 
0.166 2 2 0 2.0 2.0 0.188 0.107 0.4836 0.4836 12.10 
0.167 2 2 0 2.0 2.0 0.124 0.140 0.4779 0.4723 12.12 
0.168 2 2 0 2.0 2.0 0.124 0.170 0.4562 0.4779 12.12 
0.169 2 2 0 2.0 2.0 0.134 0.181 0.4615 0.4510 12.11 
0.170 2 2 0 2.0 2.0 0.215 0.168 0.4562 0.4723 12.12 
0.171 2 2 0 2.0 2.0 0.172 0.120 0.4615 0.4836 12.12 
0.172 2 2 0 2.0 2.0 0.158 0.081 0.4667 0.4615 12.11 
0.173 2 2 0 2.0 2.0 0.143 0.125 0.4510 0.4896 12.12 
0.174 2 2 0 2.0 2.0 0.138 0.131 0.4615 0.4896 12.12 
0.175 2 2 0 2.0 2.0 0.116 0.198 0.4667 0.4896 12.10 
0.176 2 2 0 2.0 2.0 0.142 0.147 0.4723 0.4956 12.12 
0.177 2 2 0 2.0 2.0 0.167 0.110 0.4667 0.4836 12.11 
0.178 2 2 0 2.0 2.0 0.224 0.057 0.4510 0.4836 12.12 
0.179 2 2 0 2.0 2.0 0.170 0.073 0.4615 0.4562 12.13 
0.180 2 2 0 2.0 2.0 0.145 0.085 0.4836 0.4836 12.12 
0.181 2 2 0 2.0 2.0 0.110 0.109 0.4836 0.4779 12.11 
0.182 2 2 0 2.0 2.0 0.174 0.146 0.4562 0.4615 12.12 
0.183 2 2 0 2.0 2.0 0.149 0.127 0.4667 0.4836 12.12 
0.184 2 2 0 2.0 2.0 0.153 0.139 0.4779 0.4667 12.13 
0.185 2 2 0 2.0 2.0 0.148 0.131 0.4562 0.4723 12.13 
0.186 2 2 0 2.0 2.0 0.118 0.144 0.4667 0.4667 12.11 
0.187 2 2 0 2.0 2.0 0.161 0.139 0.4779 0.4956 12.12 
0.188 2 2 0 2.0 2.0 0.096 0.152 0.4836 0.4896 12.12 
0.189 2 2 0 2.0 2.0 0.117 0.167 0.4510 0.4723 12.10 
0.190 2 2 0 2.0 2.0 0.170 0.183 0.4836 0.4956 12.11 
0.191 2 2 0 2.0 2.0 0.169 0.125 0.4896 0.4667 12.10 
0.192 2 2 0 2.0 2.0 0.142 0.127 0.4667 0.4779 12.10 
0.193 2 2 0 2.0 2.0 0.153 0.070 0.4779 0.4956 12.10 
0.194 2 2 0 2.0 2.0 0.122 0.095 0.4956 0.4615 12.12 
0.195 2 2 0 2.0 2.0 0.189 0.120 0.4667 0.4779 12.13 
0.196 2 2 0 2.0 2.0 0.116 0.155 0.4779 0.4836 12.11 
0.197 2 2 0 2.0 2.0 0.148 0.182 0.4779 0.4779 12.11 
0.198 2 2 0 2.0 2.0 0.124 0.133 0.4836 0.4836 12.13 
0.199 2 2 0 2.0 2.0 0.192 0.124 0.4615 0.4615 12.13 
0.200 2 2 0 2.0 2.0 0.120 0.112 0.4723 0.4896 12.11 
0.201 2 2 1 4.0 4.0 0.101 0.120 0.4896 0.4896 12.11 
0.202 2 2 1 4.0 4.0 0.294 0.223 0.4667 0.4615 12.11 
0.203 2 2 1 4.0 4.0 0.422 0.361 0.4779 0.5020 12.08 
0.204 2 2 1 4.0 4.0 0.565 0.424 0.4836 0.4956 12.05 
0.205 2 2 1 4.0 4.0 0.580 0.512 0.5020 0.5020 12.07 
0.206 2 2 1 4.0 4.0 0.543 0.565 0.5149 0.5354 12.06 
0.207 2 2 1 4.0 4.0 0.550 0.613 0.5426 0.5354 12.07 
0.208 2 2 1 4.0 4.0 0.596 0.683 0.5354 0.5498 12.08 
0.209 2 2 1 4.0 4.0 0.584 0.578 0.5575 0.5735 12.11 
0.210 2 2 1 4.0 4.0 0.599 0.571 0.5655 0.5735 12.07 
0.211 2 2 1 4.0 4.0 0.577 0.555 0.5820 0.5735 12.09 
0.212 2 2 1 4.0 4.0 0.503 0.560 0.5992 0.6177 12.07 
0.213 2 2 1 4.0 4.0 0.487 0.582 0.5992 0.6273 12.09 
0.214 2 2 1 4.0 4.0 0.472 0.563 0.6177 0.6177 12.10 
0.215 2 2 1 4.0 4.0 0.607 0.509 0.6273 0.6374 12.10 
0.216 2 2 1 4.0 4.0 0.504 0.428 0.6177 0.6374 12.09 
0.217 2 2 1 4.0 4.0 0.474 0.423 0.6474 0.6583 12.10 
0.218 2 2 1 4.0 4.0 0.521 0.459 0.6804 0.6804 12.07 
0.219 2 2 1 4.0 4.0 0.467 0.439 0.6691 0.7044 12.08 
0.220 2 2 1 4.0 4.0 0.502 0.422 0.6924 0.6804 12.09 
0.221 2 2 1 4.0 4.0 0.498 0.452 0.6691 0.6924 12.08 
0.222 2 2 1 4.0 4.0 0.420 0.451 0.7169 0.7434 12.12 
0.223 2 2 1 4.0 4.0 0.397 0.545 0.7169 0.7169 12.09 
0.224 2 2 1 4.0 4.0 0.487 0.469 0.7044 0.7575 12.09 
0.225 2 2 1 4.0 4.0 0.428 0.431 0.7434 0.7302 12.10 
0.226 2 2 1 4.0 4.0 0.424 0.367 0.7434 0.7723 12.08 
0.227 2 2 1 4.0 4.0 0.388 0.411 0.7723 0.7434 12.09 
0.228 2 2 1 4.0 4.0 0.441 0.391 0.7575 0.7872 12.09 
0.229 2 2 1 4.0 4.0 0.432 0.386 0.7723 0.7723 12.09 
0.230 2 2 1 4.0 4.0 0.359 0.370 0.7434 0.7723 12.07 
0.231 2 2 1 4.0 4.0 0.401 0.404 0.7723 0.7872 12.09 
0.232 2 2 1 4.0 4.0 0.356 0.424 0.7575 0.7872 12.09 
0.233 2 2 1 4.0 4.0 0.383 0.352 0.7872 0.8032 12.08 
0.234 2 2 1 4.0 4.0 0.412 0.354 0.7872 0.8032 12.10 
0.235 2 2 1 4.0 4.0 0.367 0.380 0.8193 0.8032 12.10 
0.236 2 2 1 4.0 4.0 0.344 0.402 0.7872 0.8032 12.11 
0.237 2 2 1 4.0 4.0 0.436 0.379 0.8032 0.8193 12.11 
0.238 2 2 1 4.0 4.0 0.410 0.381 0.8032 0.8193 12.11 
0.239 2 2 1 4.0 4.0 0.323 0.358 0.8032 0.8366 12.11 
0.240 2 2 1 4.0 4.0 0.307 0.390 0.8366 0.8543 12.11 
0.241 2 2 1 4.0 4.0 0.459 0.290 0.8193 0.8543 12.09 
0.242 2 2 1 4.0 4.0 0.377 0.306 0.8032 0.8543 12.09 
0.243 2 2 1 4.0 4.0 0.329 0.307 0.8543 0.8543 12.11 
0.244 2 2 1 4.0 4.0 0.343 0.349 0.8366 0.8543 12.11 
0.245 2 2 1 4.0 4.0 0.405 0.314 0.8727 0.8543 12.11 
0.246 2 2 1 4.0 4.0 0.299 0.334 0.8543 0.8924 12.10 
0.247 2 2 1 4.0 4.0 0.268 0.391 0.8727 0.8924 12.10 
0.248 2 2 1 4.0 4.0 0.359 0.384 0.8366 0.8543 12.10 
0.249 2 2 1 4.0 4.0 0.339 0.297 0.8727 0.8727 12.10 
0.250 2 2 1 4.0 4.0 0.295 0.278 0.8727 0.8366 12.12 
0.251 2 2 1 4.0 4.0 0.338 0.279 0.8924 0.9125 12.11 
0.252 2 2 1 4.0 4.0 0.334 0.302 0.8924 0.9125 12.09 
0.253 2 2 1 4.0 4.0 0.283 0.257 0.8727 0.9125 12.09 
0.254 2 2 1 4.0 4.0 0.246 0.309 0.9125 0.9125 12.09 
0.255 2 2 1 4.0 4.0 0.325 0.351 0.8924 0.9125 12.12 
0.256 2 2 1 4.0 4.0 0.360 0.306 0.9125 0.8366 12.12 
0.257 2 2 1 4.0 4.0 0.306 0.286 0.9125 0.9125 12.11 
0.258 2 2 1 4.0 4.0 0.322 0.301 0.9338 0.8924 12.11 
0.259 2 2 1 4.0 4.0 0.279 0.329 0.9125 0.9338 12.12 
0.260 2 2 1 4.0 4.0 0.333 0.287 0.8924 0.9338 12.12 
0.261 2 2 1 4.0 4.0 0.314 0.326 0.9125 0.9338 12.12 
0.262 2 2 1 4.0 4.0 0.283 0.310 0.9338 0.9338 12.10 
0.263 2 2 1 4.0 4.0 0.299 0.253 0.9338 0.9338 12.11 
0.264 2 2 1 4.0 4.0 0.335 0.203 0.9125 0.9338 12.08 
0.265 2 2 1 4.0 4.0 0.262 0.266 0.9559 0.9338 12.10 
0.266 2 2 1 4.0 4.0 0.250 0.275 0.9338 0.9338 12.12 
0.267 2 2 1 4.0 4.0 0.391 0.238 0.9338 0.9559 12.07 
0.268 2 2 1 4.0 4.0 0.302 0.340 0.9559 0.9796 12.11 
0.269 2 2 1 4.0 4.0 0.228 0.365 0.9338 0.9796 12.12 
0.270 2 2 1 4.0 4.0 0.333 0.323 0.9559 0.9559 12.12 
0.271 2 2 1 4.0 4.0 0.322 0.234 0.9338 0.9559 12.11 
0.272 2 2 1 4.0 4.0 0.228 0.278 0.9796 0.9796 12.11 
0.273 2 2 1 4.0 4.0 0.226 0.265 0.9559 0.9796 12.11 
0.274 2 2 1 4.0 4.0 0.330 0.258 0.8924 0.9796 12.11 
0.275 2 2 1 4.0 4.0 0.264 0.280 0.9796 0.9559 12.11 
0.276 2 2 1 4.0 4.0 0.205 0.288 0.9559 0.9796 12.12 
0.277 2 2 1 4.0 4.0 0.304 0.225 0.9559 0.9559 12.12 
0.278 2 2 1 4.0 4.0 0.314 0.231 0.9559 0.9796 12.11 
0.279 2 2 1 4.0 4.0 0.211 0.280 0.9796 0.9796 12.12 
0.280 2 2 1 4.0 4.0 0.223 0.283 0.9559 0.9796 12.10 
0.281 2 2 1 4.0 4.0 0.322 0.227 0.9796 0.9796 12.11 
0.282 2 2 1 4.0 4.0 0.269 0.330 0.9559 0.9796 12.11 
0.283 2 2 1 4.0 4.0 0.211 0.227 0.9796 1.0041 12.13 
0.284 2 2 1 4.0 4.0 0.297 0.181 0.9796 1.0041 12.13 
0.285 2 2 1 4.0 4.0 0.316 0.211 1.0041 1.0041 12.13 
0.286 2 2 1 4.0 4.0 0.219 0.258 0.9796 0.9796 12.13 
0.287 2 2 1 4.0 4.0 0.239 0.223 0.9796 0.9796 12.13 
0.288 2 2 1 4.0 4.0 0.321 0.258 0.9559 1.0298 12.11 
0.289 2 2 1 4.0 4.0 0.238 0.313 0.9796 1.0298 12.13 
0.290 2 2 1 4.0 4.0 0.214 0.249 0.9559 1.0041 12.13 
0.291 2 2 1 4.0 4.0 0.318 0.210 0.9796 1.0041 12.13 
0.292 2 2 1 4.0 4.0 0.272 0.245 1.0041 1.0298 12.12 
0.293 2 2 1 4.0 4.0 0.208 0.289 1.0041 1.0041 12.13 
0.294 2 2 1 4.0 4.0 0.222 0.232 1.0041 1.0041 12.13 
0.295 2 2 1 4.0 4.0 0.303 0.293 0.9796 0.9796 12.13 
0.296 2 2 1 4.0 4.0 0.221 0.245 1.0041 1.0041 12.12 
0.297 2 2 1 4.0 4.0 0.230 0.251 1.0041 1.0041 12.12 
0.298 2 2 1 4.0 4.0 0.239 0.251 1.0041 1.0041 12.11 
0.299 2 2 1 4.0 4.0 0.276 0.280 1.0298 1.0041 12.11 
0.300 2 2 1 4.0 4.0 0.219 0.217 1.0041 0.9796 12.11 
0.301 2 2 1 4.0 4.0 0.235 0.263 1.0041 1.0041 12.11 
0.302 2 2 1 4.0 4.0 0.219 0.271 0.9796 1.0298 12.12 
0.303 2 2 1 4.0 4.0 0.246 0.253 1.0041 1.0298 12.12 
0.304 2 2 1 4.0 4.0 0.249 0.165 1.0041 1.0298 12.12 
0.305 2 2 1 4.0 4.0 0.213 0.286 1.0298 1.0041 12.12 
0.306 2 2 1 4.0 4.0 0.284 0.230 1.0041 1.0298 12.12 
0.307 2 2 1 4.0 4.0 0.270 0.226 1.0041 1.0567 12.12 
0.308 2 2 1 4.0 4.0 0.193 0.314 1.0041 1.0298 12.12 
0.309 2 2 1 4.0 4.0 0.176 0.321 0.9559 1.0298 12.12 
0.310 2 2 1 4.0 4.0 0.286 0.218 1.0298 1.0567 12.12 
0.311 2 2 1 4.0 4.0 0.241 0.226 1.0041 1.0298 12.12 
0.312 2 2 1 4.0 4.0 0.189 0.230 1.0298 1.0298 12.11 
0.313 2 2 1 4.0 4.0 0.238 0.249 1.0298 1.0041 12.12 
0.314 2 2 1 4.0 4.0 0.268 0.219 1.0041 1.0298 12.12 
0.315 2 2 1 4.0 4.0 0.196 0.261 1.0298 1.0298 12.13 
0.316 2 2 1 4.0 4.0 0.181 0.210 1.0298 1.0041 12.13 
0.317 2 2 1 4.0 4.0 0.222 0.240 1.0298 1.0298 12.13 
0.318 2 2 1 4.0 4.0 0.259 0.254 1.0567 1.0298 12.13 
0.319 2 2 1 4.0 4.0 0.191 0.285 1.0298 1.0298 12.11 
0.320 2 2 1 4.0 4.0 0.207 0.221 1.0298 1.0567 12.12 
0.321 2 2 1 4.0 4.0 0.256 0.300 1.0298 1.0567 12.12 
0.322 2 2 1 4.0 4.0 0.196 0.221 1.0298 1.0567 12.12 
0.323 2 2 1 4.0 4.0 0.230 0.212 1.0298 1.0567 12.12 
0.324 2 2 1 4.0 4.0 0.218 0.226 1.0041 1.0298 12.12 
0.325 2 2 1 4.0 4.0 0.255 0.211 1.0298 1.0298 12.12 
0.326 2 2 1 4.0 4.0 0.238 0.220 1.0041 1.0567 12.12 
0.327 2 2 1 4.0 4.0 0.207 0.279 1.0041 1.0567 12.12 
0.328 2 2 1 4.0 4.0 0.244 0.266 1.0298 1.0567 12.13 
0.329 2 2 1 4.0 4.0 0.199 0.212 1.0041 1.0852 12.13 
0.330 2 2 1 4.0 4.0 0.206 0.192 1.0298 1.0567 12.13 
0.331 2 2 1 4.0 4.0 0.207 0.234 1.0567 1.0567 12.13 
0.332 2 2 1 4.0 4.0 0.253 0.181 1.0298 1.0298 12.13 
0.333 2 2 1 4.0 4.0 0.258 0.237 1.0298 1.0567 12.12 
0.334 2 2 1 4.0 4.0 0.173 0.262 1.0041 1.0567 12.13 
0.335 2 2 1 4.0 4.0 0.206 0.215 1.0041 1.0298 12.13 
0.336 2 2 1 4.0 4.0 0.233 0.202 1.0298 1.0567 12.13 
0.337 2 2 1 4.0 4.0 0.181 0.242 1.0298 1.0567 12.13 
0.338 2 2 1 4.0 4.0 0.170 0.282 1.0567 1.0298 12.13 
0.339 2 2 1 4.0 4.0 0.281 0.200 1.0298 1.0567 12.12 
0.340 2 2 1 4.0 4.0 0.230 0.329 1.0298 1.0567 12.13 
0.341 2 2 1 4.0 4.0 0.151 0.242 1.0298 1.0567 12.12 
0.342 2 2 1 4.0 4.0 0.212 0.163 1.0298 1.0567 12.13 
0.343 2 2 1 4.0 4.0 0.228 0.220 1.0041 1.0298 12.13 
0.344 2 2 1 4.0 4.0 0.200 0.230 1.0298 1.0298 12.12 
0.345 2 2 1 4.0 4.0 0.193 0.199 1.0041 1.0567 12.11 
0.346 2 2 1 4.0 4.0 0.291 0.287 1.0298 1.0567 12.12 
0.347 2 2 1 4.0 4.0 0.184 0.261 1.0298 1.0567 12.12 
0.348 2 2 1 4.0 4.0 0.165 0.192 1.0041 1.0852 12.13 
0.349 2 2 1 4.0 4.0 0.287 0.196 1.0298 1.0567 12.12 
0.350 2 2 1 4.0 4.0 0.246 0.224 1.0298 1.0567 12.12 
0.351 2 2 1 4.0 4.0 0.216 0.191 1.0298 1.0567 12.12 
0.352 2 2 2 -4.0 -4.0 0.261 0.219 1.0298 1.0567 12.12 
0.353 2 2 2 -4.0 -4.0 -0.300 -0.002 1.0298 1.0567 12.10 
0.354 2 2 2 -4.0 -4.0 -0.976 -0.781 1.0298 1.0298 12.06 
0.355 2 2 2 -4.0 -4.0 -1.439 -1.423 1.0041 1.0041 12.03 
0.356 2 2 2 -4.0 -4.0 -1.505 -1.497 0.9559 0.9125 12.03 
0.357 2 2 2 -4.0 -4.0 -1.466 -1.671 0.8727 0.8924 12.05 
0.358 2 2 2 -4.0 -4.0 -1.650 -1.701 0.8193 0.8193 12.02 
0.359 2 2 2 -4.0 -4.0 -1.688 -1.814 0.7044 0.7575 12.03 
0.360 2 2 2 -4.0 -4.0 -1.760 -1.823 0.6583 0.7044 12.02 
0.361 2 2 2 -4.0 -4.0 -1.485 -1.514 0.5992 0.6583 12.03 
0.362 2 2 2 -4.0 -4.0 -1.481 -1.520 0.5735 0.6273 12.02 
0.363 2 2 2 -4.0 -4.0 -1.451 -1.621 0.5149 0.5498 12.02 
0.364 2 2 2 -4.0 -4.0 -1.561 -1.614 0.4836 0.4956 12.02 
0.365 2 2 2 -4.0 -4.0 -1.452 -1.599 0.3936 0.4016 12.02 
0.366 2 2 2 -4.0 -4.0 -1.482 -1.598 0.3237 0.3936 12.01 
0.367 2 2 2 -4.0 -4.0 -1.425 -1.422 0.2827 0.3213 12.02 
0.368 2 2 2 -4.0 -4.0 -1.529 -1.308 0.2402 0.3265 12.03 
0.369 2 2 2 -4.0 -4.0 -1.446 -1.386 0.2293 0.2607 12.02 
0.370 2 2 2 -4.0 -4.0 -1.508 -1.360 0.1474 0.2333 12.02 
0.371 2 2 2 -4.0 -4.0 -1.319 -1.394 0.1474 0.2205 12.03 
0.372 2 2 2 -4.0 -4.0 -1.202 -1.350 0.1474 0.1422 12.04 
0.373 2 2 2 -4.0 -4.0 -1.127 -1.395 0.1325 0.1201 12.04 
0.374 2 2 2 -4.0 -4.0 -1.182 -1.291 0.0996 0.1201 12.05 
0.375 2 2 2 -4.0 -4.0 -1.283 -1.282 0.0795 0.1201 12.04 
0.376 2 2 2 -4.0 -4.0 -1.169 -1.188 -0.0683 -0.1474 12.05 
0.377 2 2 2 -4.0 -4.0 -1.097 -1.143 -0.0683 -0.1474 12.05 
0.378 2 2 2 -4.0 -4.0 -1.013 -1.048 -0.0683 -0.1454 12.05 
0.379 2 2 2 -4.0 -4.0 -0.948 -1.074 -0.1378 -0.1265 12.05 
0.380 2 2 2 -4.0 -4.0 -1.006 -1.010 -0.1378 -0.1265 12.05 
0.381 2 2 2 -4.0 -4.0 -0.920 -0.968 -0.1920 -0.2036 12.06 
0.382 2 2 2 -4.0 -4.0 -0.905 -0.945 -0.1920 -0.2695 12.06 
0.383 2 2 2 -4.0 -4.0 -0.959 -0.974 -0.2554 -0.2695 12.06 
0.384 2 2 2 -4.0 -4.0 -0.816 -0.848 -0.2996 -0.2711 12.06 
0.385 2 2 2 -4.0 -4.0 -0.802 -0.847 -0.3317 -0.3113 12.06 
0.386 2 2 2 -4.0 -4.0 -0.819 -0.789 -0.3317 -0.3462 12.06 
0.387 2 2 2 -4.0 -4.0 -0.752 -0.798 -0.3346 -0.3823 12.06 
0.388 2 2 2 -4.0 -4.0 -0.783 -0.789 -0.3896 -0.3490 12.06 
0.389 2 2 2 -4.0 -4.0 -0.721 -0.777 -0.4016 -0.3751 12.07 
0.390 2 2 2 -4.0 -4.0 -0.637 -0.714 -0.4181 -0.4016 12.06 
0.391 2 2 2 -4.0 -4.0 -0.657 -0.696 -0.4410 -0.4362 12.06 
0.392 2 2 2 -4.0 -4.0 -0.690 -0.675 -0.4410 -0.4362 12.07 
0.393 2 2 2 -4.0 -4.0 -0.599 -0.690 -0.4667 -0.4510 12.08 
0.394 2 2 2 -4.0 -4.0 -0.609 -0.685 -0.5081 -0.4723 12.06 
0.395 2 2 2 -4.0 -4.0 -0.686 -0.674 -0.5213 -0.4896 12.07 
0.396 2 2 2 -4.0 -4.0 -0.568 -0.618 -0.5354 -0.5081 12.08 
0.397 2 2 2 -4.0 -4.0 -0.595 -0.605 -0.5426 -0.5281 12.08 
0.398 2 2 2 -4.0 -4.0 -0.582 -0.636 -0.5498 -0.5281 12.06 
0.399 2 2 2 -4.0 -4.0 -0.548 -0.602 -0.5735 -0.5426 12.07 
0.400 2 2 2 -4.0 -4.0 -0.562 -0.603 -0.6085 -0.5575 12.08 
0.401 2 2 2 -4.0 -4.0 -0.561 -0.553 -0.5904 -0.5735 12.08 
0.402 2 2 2 -4.0 -4.0 -0.498 -0.556 -0.6177 -0.5904 12.08 
0.403 2 2 2 -4.0 -4.0 -0.483 -0.520 -0.6374 -0.6273 12.07 
0.404 2 2 2 -4.0 -4.0 -0.431 -0.570 -0.6474 -0.6085 12.07 
0.405 2 2 2 -4.0 -4.0 -0.518 -0.545 -0.6804 -0.6273 12.07 
0.406 2 2 2 -4.0 -4.0 -0.490 -0.561 -0.6583 -0.6374 12.09 
0.407 2 2 2 -4.0 -4.0 -0.455 -0.489 -0.7044 -0.6474 12.08 
0.408 2 2 2 -4.0 -4.0 -0.508 -0.488 -0.6691 -0.6804 12.08 
0.409 2 2 2 -4.0 -4.0 -0.416 -0.466 -0.7169 -0.6924 12.08 
0.410 2 2 2 -4.0 -4.0 -0.435 -0.493 -0.7302 -0.6691 12.09 
0.411 2 2 2 -4.0 -4.0 -0.418 -0.417 -0.7169 -0.7044 12.09 
0.412 2 2 2 -4.0 -4.0 -0.404 -0.409 -0.7434 -0.6804 12.09 
0.413 2 2 2 -4.0 -4.0 -0.361 -0.460 -0.7302 -0.7044 12.08 
0.414 2 2 2 -4.0 -4.0 -0.395 -0.499 -0.7723 -0.7434 12.09 
0.415 2 2 2 -4.0 -4.0 -0.392 -0.413 -0.7302 -0.7575 12.07 
0.416 2 2 2 -4.0 -4.0 -0.369 -0.378 -0.7575 -0.7434 12.08 
0.417 2 2 2 -4.0 -4.0 -0.339 -0.409 -0.7872 -0.7723 12.09 
0.418 2 2 2 -4.0 -4.0 -0.409 -0.429 -0.7575 -0.7434 12.08 
0.419 2 2 2 -4.0 -4.0 -0.363 -0.390 -0.7872 -0.7872 12.10 
0.420 2 2 2 -4.0 -4.0 -0.349 -0.393 -0.7872 -0.7575 12.10 
0.421 2 2 2 -4.0 -4.0 -0.404 -0.358 -0.7872 -0.7723 12.10 
0.422 2 2 2 -4.0 -4.0 -0.317 -0.392 -0.8193 -0.7575 12.10 
0.423 2 2 2 -4.0 -4.0 -0.319 -0.386 -0.8193 -0.8032 12.10 
0.424 2 2 2 -4.0 -4.0 -0.382 -0.371 -0.8366 -0.7723 12.10 
0.425 2 2 2 -4.0 -4.0 -0.346 -0.358 -0.8193 -0.7872 12.10 
0.426 2 2 2 -4.0 -4.0 -0.330 -0.416 -0.8543 -0.7723 12.11 
0.427 2 2 2 -4.0 -4.0 -0.349 -0.371 -0.8193 -0.7872 12.10 
0.428 2 2 2 -4.0 -4.0 -0.371 -0.344 -0.8543 -0.7723 12.08 
0.429 2 2 2 -4.0 -4.0 -0.285 -0.323 -0.8366 -0.8032 12.10 
0.430 2 2 2 -4.0 -4.0 -0.306 -0.360 -0.8727 -0.7872 12.10 
0.431 2 2 2 -4.0 -4.0 -0.396 -0.356 -0.8543 -0.8193 12.09 
0.432 2 2 2 -4.0 -4.0 -0.334 -0.355 -0.8727 -0.8193 12.08 
0.433 2 2 2 -4.0 -4.0 -0.279 -0.368 -0.8366 -0.8366 12.08 
0.434 2 2 2 -4.0 -4.0 -0.386 -0.334 -0.8727 -0.8543 12.10 
0.435 2 2 2 -4.0 -4.0 -0.310 -0.359 -0.8727 -0.8366 12.07 
0.436 2 2 2 -4.0 -4.0 -0.271 -0.298 -0.8543 -0.8543 12.10 
0.437 2 2 2 -4.0 -4.0 -0.237 -0.328 -0.8924 -0.8543 12.10 
0.438 2 2 2 -4.0 -4.0 -0.340 -0.336 -0.8924 -0.8543 12.08 
0.439 2 2 2 -4.0 -4.0 -0.296 -0.357 -0.9125 -0.8924 12.10 
0.440 2 2 2 -4.0 -4.0 -0.249 -0.296 -0.9338 -0.8727 12.11 
0.441 2 2 2 -4.0 -4.0 -0.355 -0.329 -0.9338 -0.8924 12.11 
0.442 2 2 2 -4.0 -4.0 -0.294 -0.309 -0.9338 -0.8924 12.09 
0.443 2 2 2 -4.0 -4.0 -0.272 -0.306 -0.9338 -0.8543 12.09 
0.444 2 2 2 -4.0 -4.0 -0.239 -0.274 -0.9559 -0.8727 12.10 
0.445 2 2 2 -4.0 -4.0 -0.324 -0.328 -0.9559 -0.8924 12.10 
0.446 2 2 2 -4.0 -4.0 -0.279 -0.311 -0.9559 -0.9338 12.10 
0.447 2 2 2 -4.0 -4.0 -0.252 -0.298 -0.9559 -0.9125 12.11 
0.448 2 2 2 -4.0 -4.0 -0.352 -0.272 -0.9796 -0.9338 12.11 
0.449 2 2 2 -4.0 -4.0 -0.282 -0.307 -0.9559 -0.9125 12.10 
0.450 2 2 2 -4.0 -4.0 -0.241 -0.308 -0.9559 -0.9125 12.11 
0.451 2 2 2 -4.0 -4.0 -0.222 -0.243 -0.9796 -0.9125 12.10 
0.452 2 2 2 -4.0 -4.0 -0.339 -0.274 -0.9559 -0.9125 12.09 
0.453 2 2 2 -4.0 -4.0 -0.260 -0.310 -0.9796 -0.9125 12.09 
0.454 2 2 2 -4.0 -4.0 -0.228 -0.317 -0.9796 -0.9125 12.09 
0.455 2 2 2 -4.0 -4.0 -0.352 -0.293 -0.9796 -0.9338 12.10 
0.456 2 2 2 -4.0 -4.0 -0.260 -0.301 -0.9796 -0.9559 12.11 
0.457 2 2 2 -4.0 -4.0 -0.219 -0.269 -0.9559 -0.9559 12.10 
0.458 2 2 2 -4.0 -4.0 -0.186 -0.301 -1.0041 -0.9338 12.09 
0.459 2 2 2 -4.0 -4.0 -0.308 -0.315 -1.0041 -0.9559 12.10 
0.460 2 2 2 -4.0 -4.0 -0.241 -0.310 -1.0041 -0.9796 12.10 
0.461 2 2 2 -4.0 -4.0 -0.190 -0.280 -0.9796 -0.9796 12.09 
0.462 2 2 2 -4.0 -4.0 -0.324 -0.245 -0.9796 -0.9796 12.10 
0.463 2 2 2 -4.0 -4.0 -0.249 -0.271 -1.0041 -0.9559 12.11 
0.464 2 2 2 -4.0 -4.0 -0.211 -0.257 -0.9796 -0.8924 12.10 
0.465 2 2 2 -4.0 -4.0 -0.230 -0.247 -0.9559 -0.9559 12.11 
0.466 2 2 2 -4.0 -4.0 -0.352 -0.255 -1.0041 -0.9559 12.11 
0.467 2 2 2 -4.0 -4.0 -0.237 -0.289 -0.9796 -0.9796 12.11 
0.468 2 2 2 -4.0 -4.0 -0.217 -0.243 -1.0298 -0.9559 12.11 
0.469 2 2 2 -4.0 -4.0 -0.245 -0.247 -1.0041 -0.9796 12.11 
0.470 2 2 2 -4.0 -4.0 -0.223 -0.263 -0.9796 -0.9559 12.11 
0.471 2 2 2 -4.0 -4.0 -0.209 -0.234 -1.0298 -0.9559 12.12 
0.472 2 2 2 -4.0 -4.0 -0.331 -0.240 -1.0041 -0.9559 12.11 
0.473 2 2 2 -4.0 -4.0 -0.254 -0.252 -1.0298 -0.9559 12.14 
0.474 2 2 2 -4.0 -4.0 -0.216 -0.272 -1.0298 -1.0041 12.12 
0.475 2 2 2 -4.0 -4.0 -0.277 -0.247 -1.0041 -0.9796 12.11 
0.476 2 2 2 -4.0 -4.0 -0.265 -0.269 -1.0041 -1.0041 12.11 
0.477 2 2 2 -4.0 -4.0 -0.188 -0.250 -1.0041 -0.9796 12.12 
0.478 2 2 2 -4.0 -4.0 -0.208 -0.229 -1.0298 -1.0041 12.12 
0.479 2 2 2 -4.0 -4.0 -0.315 -0.216 -1.0298 -1.0041 12.11 
0.480 2 2 2 -4.0 -4.0 -0.210 -0.266 -1.0567 -1.0041 12.11 
0.481 2 2 2 -4.0 -4.0 -0.217 -0.260 -1.0298 -1.0298 12.11 
0.482 2 2 2 -4.0 -4.0 -0.276 -0.242 -1.0298 -1.0041 12.11 
0.483 2 2 2 -4.0 -4.0 -0.275 -0.231 -1.0041 -1.0041 12.12 
0.484 2 2 2 -4.0 -4.0 -0.185 -0.272 -1.0567 -1.0298 12.11 
0.485 2 2 2 -4.0 -4.0 -0.219 -0.215 -1.0567 -1.0041 12.12 
0.486 2 2 2 -4.0 -4.0 -0.242 -0.245 -1.0567 -1.0041 12.12 
0.487 2 2 2 -4.0 -4.0 -0.232 -0.283 -1.0567 -1.0041 12.11 
0.488 2 2 2 -4.0 -4.0 -0.224 -0.226 -1.0298 -1.0041 12.11 
0.489 2 2 2 -4.0 -4.0 -0.215 -0.228 -1.0298 -1.0298 12.12 
0.490 2 2 2 -4.0 -4.0 -0.276 -0.226 -1.0298 -1.0041 12.12 
0.491 2 2 2 -4.0 -4.0 -0.223 -0.239 -1.0298 -1.0041 12.10 
0.492 2 2 2 -4.0 -4.0 -0.234 -0.186 -1.0567 -1.0041 12.11 
0.493 2 2 2 -4.0 -4.0 -0.180 -0.252 -1.0567 -1.0041 12.12 
0.494 2 2 2 -4.0 -4.0 -0.306 -0.257 -1.0041 -1.0298 12.12 
0.495 2 2 2 -4.0 -4.0 -0.211 -0.211 -1.0567 -1.0041 12.12 
0.496 2 2 2 -4.0 -4.0 -0.170 -0.224 -1.0298 -1.0298 12.10 
0.497 2 2 2 -4.0 -4.0 -0.215 -0.243 -1.0567 -1.0298 12.10 
0.498 2 2 2 -4.0 -4.0 -0.269 -0.209 -1.0567 -1.0298 12.11 
0.499 2 2 2 -4.0 -4.0 -0.178 -0.216 -1.0567 -1.0298 12.12 
0.500 2 2 2 -4.0 -4.0 -0.185 -0.250 -1.0298 -1.0298 12.11 
0.501 2 2 2 -4.0 -4.0 -0.229 -0.238 -1.0567 -1.0567 12.12 
0.502 2 2 2 -4.0 -4.0 -0.274 -0.215 -1.0298 -1.0567 12.12 
0.503 2 2 3 0.0 0.0 -0.174 -0.252 -1.0852 -1.0298 12.11 
0.504 2 2 3 0.0 0.0 0.093 -0.127 -1.0567 -1.0041 12.13 
0.505 2 2 3 0.0 0.0 0.422 0.272 -1.0567 -1.0041 12.13 
0.506 2 2 3 0.0 0.0 0.672 0.451 -1.0298 -0.9338 12.14 
0.507 2 2 3 0.0 0.0 0.664 0.555 -0.9796 -1.0041 12.14 
0.508 2 2 3 0.0 0.0 0.644 0.694 -0.9796 -0.9559 12.14 
0.509 2 2 3 0.0 0.0 0.704 0.763 -0.9338 -0.9338 12.14 
0.510 2 2 3 0.0 0.0 0.747 0.656 -0.9125 -0.8543 12.14 
0.511 2 2 3 0.0 0.0 0.637 0.671 -0.8366 -0.8543 12.14 
0.512 2 2 3 0.0 0.0 0.630 0.723 -0.8366 -0.7872 12.13 
0.513 2 2 3 0.0 0.0 0.685 0.733 -0.7723 -0.7872 12.13 
0.514 2 2 3 0.0 0.0 0.721 0.585 -0.7723 -0.7434 12.13 
0.515 2 2 3 0.0 0.0 0.538 0.584 -0.7044 -0.7575 12.16 
0.516 2 2 3 0.0 0.0 0.497 0.608 -0.7044 -0.7044 12.14 
0.517 2 2 3 0.0 0.0 0.542 0.637 -0.6374 -0.6691 12.14 
0.518 2 2 3 0.0 0.0 0.581 0.596 -0.6691 -0.6924 12.13 
0.519 2 2 3 0.0 0.0 0.598 0.497 -0.6583 -0.6691 12.14 
0.520 2 2 3 0.0 0.0 0.460 0.527 -0.6085 -0.6374 12.13 
0.521 2 2 3 0.0 0.0 0.435 0.561 -0.5904 -0.6177 12.13 
0.522 2 2 3 0.0 0.0 0.497 0.578 -0.5904 -0.5575 12.16 
0.523 2 2 3 0.0 0.0 0.513 0.559 -0.5820 -0.5655 12.14 
0.524 2 2 3 0.0 0.0 0.526 0.507 -0.5281 -0.5426 12.16 
0.525 2 2 3 0.0 0.0 0.493 0.433 -0.5281 -0.5354 12.14 
0.526 2 2 3 0.0 0.0 0.337 0.422 -0.5020 -0.5281 12.13 
0.527 2 2 3 0.0 0.0 0.329 0.454 -0.4956 -0.4956 12.13 
0.528 2 2 3 0.0 0.0 0.357 0.472 -0.4723 -0.4723 12.13 
0.529 2 2 3 0.0 0.0 0.380 0.444 -0.4225 -0.4462 12.14 
0.530 2 2 3 0.0 0.0 0.386 0.395 -0.4317 -0.4462 12.13 
0.531 2 2 3 0.0 0.0 0.395 0.285 -0.4317 -0.3896 12.14 
0.532 2 2 3 0.0 0.0 0.377 0.277 -0.3860 -0.3976 12.14 
0.533 2 2 3 0.0 0.0 0.342 0.318 -0.3860 -0.3976 12.13 
0.534 2 2 3 0.0 0.0 0.260 0.336 -0.3550 -0.3976 12.14 
0.535 2 2 3 0.0 0.0 0.262 0.362 -0.3615 -0.3213 12.14 
0.536 2 2 3 0.0 0.0 0.286 0.375 -0.3346 -0.3346 12.15 
0.537 2 2 3 0.0 0.0 0.282 0.349 -0.3265 -0.3346 12.14 
0.538 2 2 3 0.0 0.0 0.309 0.309 -0.2928 -0.3137 12.13 
0.539 2 2 3 0.0 0.0 0.294 0.274 -0.2827 -0.3237 12.13 
0.540 2 2 3 0.0 0.0 0.295 0.212 -0.2888 -0.2807 12.14 
0.541 2 2 3 0.0 0.0 0.283 0.190 -0.2747 -0.2807 12.14 
0.542 2 2 3 0.0 0.0 0.250 0.196 -0.2747 -0.2827 12.14 
0.543 2 2 3 0.0 0.0 0.239 0.229 -0.2478 -0.2767 12.16 
0.544 2 2 3 0.0 0.0 0.215 0.232 -0.2478 -0.2767 12.14 
0.545 2 2 3 0.0 0.0 0.155 0.233 -0.2088 -0.2675 12.14 
0.546 2 2 3 0.0 0.0 0.120 0.239 -0.2088 -0.2205 12.14 
0.547 2 2 3 0.0 0.0 0.130 0.226 -0.2217 -0.2169 12.14 
0.548 2 2 3 0.0 0.0 0.159 0.226 -0.2217 -0.2088 12.14 
0.549 2 2 3 0.0 0.0 0.164 0.211 -0.2048 -0.2088 12.14 
0.550 2 2 3 0.0 0.0 0.169 0.196 -0.2048 -0.1968 12.13 
0.551 2 2 3 0.0 0.0 0.181 0.159 -0.1876 -0.1940 12.13 
0.552 2 2 3 0.0 0.0 0.156 0.146 -0.1876 -0.1940 12.14 
0.553 2 2 3 0.0 0.0 0.145 0.134 -0.1514 -0.1948 12.14 
0.554 2 2 3 0.0 0.0 0.131 0.119 -0.1502 -0.1948 12.13 
0.555 2 2 3 0.0 0.0 0.114 0.110 -0.1502 -0.1574 12.13 
0.556 2 2 3 0.0 0.0 0.116 0.105 -0.1434 -0.1574 12.14 
0.557 2 2 3 0.0 0.0 0.124 0.118 -0.1434 -0.1574 12.13 
0.558 2 2 3 0.0 0.0 0.120 0.121 -0.1434 -0.1542 12.14 
0.559 2 2 3 0.0 0.0 0.118 0.121 -0.1277 -0.1542 12.14 
0.560 2 2 3 0.0 0.0 0.086 0.130 -0.1277 -0.1450 12.14 
0.561 2 2 3 0.0 0.0 0.082 0.127 -0.1277 -0.1317 12.14 
0.562 2 2 3 0.0 0.0 0.074 0.116 -0.1277 -0.1317 12.15 
0.563 2 2 3 0.0 0.0 0.086 0.120 -0.1060 -0.1317 12.13 
0.564 2 2 3 0.0 0.0 0.076 0.125 -0.1060 -0.1157 12.14 
0.565 2 2 3 0.0 0.0 0.093 0.118 -0.1060 -0.1157 12.13 
0.566 2 2 3 0.0 0.0 0.087 0.101 -0.1060 -0.1157 12.13 
0.567 2 2 3 0.0 0.0 0.080 0.086 -0.0940 -0.1157 12.13 
0.568 2 2 3 0.0 0.0 0.065 0.078 -0.0876 -0.0944 12.15 
0.569 2 2 3 0.0 0.0 0.059 0.070 -0.0876 -0.0763 12.13 
0.570 2 2 3 0.0 0.0 0.069 0.045 -0.0876 -0.0763 12.13 
0.571 2 2 3 0.0 0.0 0.048 0.044 -0.0876 -0.0763 12.13 
0.572 2 2 3 0.0 0.0 0.039 0.058 -0.0855 -0.0763 12.13 
0.573 2 2 3 0.0 0.0 0.056 0.055 -0.0783 -0.0763 12.14 
0.574 2 2 3 0.0 0.0 0.044 0.042 -0.0783 -0.0763 12.14 
0.575 2 2 3 0.0 0.0 0.048 0.058 -0.0783 -0.0667 12.14 
0.576 2 2 3 0.0 0.0 0.036 0.055 -0.0783 -0.0598 12.13 
0.577 2 2 3 0.0 0.0 0.047 0.040 -0.0783 -0.0598 12.14 
0.578 2 2 3 0.0 0.0 0.049 0.035 -0.0719 -0.0598 12.14 
0.579 2 2 3 0.0 0.0 0.040 0.032 -0.0606 -0.0598 12.14 
0.580 2 2 3 0.0 0.0 0.041 0.040 -0.0526 -0.0598 12.14 
0.581 2 2 3 0.0 0.0 0.032 0.026 -0.0466 -0.0598 12.14 
0.582 2 2 3 0.0 0.0 0.017 0.025 -0.0418 -0.0598 12.14 
0.583 2 2 3 0.0 0.0 0.014 0.032 -0.0378 -0.0546 12.14 
0.584 2 2 3 0.0 0.0 0.009 0.026 -0.0345 -0.0482 12.14 
0.585 2 2 3 0.0 0.0 -0.006 0.032 -0.0317 -0.0482 12.14 
0.586 2 2 3 0.0 0.0 -0.002 0.026 -0.0293 -0.0482 12.14 
0.587 2 2 3 0.0 0.0 -0.013 0.047 -0.0273 -0.0482 12.14 
0.588 2 2 3 0.0 0.0 -0.003 0.049 -0.0257 -0.0482 12.14 
0.589 2 2 3 0.0 0.0 0.007 0.033 -0.0241 -0.0482 12.14 
0.590 2 2 3 0.0 0.0 0.002 0.036 -0.0225 -0.0482 12.14 
0.591 2 2 3 0.0 0.0 -0.002 0.035 -0.0213 -0.0482 12.14 
0.592 2 2 3 0.0 0.0 -0.002 0.044 -0.0205 -0.0518 12.14 
0.593 2 2 3 0.0 0.0 -0.009 0.031 -0.0193 -0.0518 12.14 
0.594 2 2 3 0.0 0.0 -0.008 0.044 -0.0185 -0.0518 12.13 
0.595 2 2 3 0.0 0.0 -0.015 0.030 -0.0177 -0.0518 12.15 
0.596 2 2 3 0.0 0.0 -0.015 0.030 -0.0169 -0.0518 12.14 
0.597 2 2 3 0.0 0.0 -0.011 0.039 -0.0161 -0.0518 12.14 
0.598 2 2 3 0.0 0.0 -0.017 0.032 -0.0157 -0.0518 12.13 
0.599 2 2 3 0.0 0.0 -0.018 0.025 -0.0149 -0.0518 12.13 
0.600 2 2 3 0.0 0.0 -0.017 0.017 -0.0145 -0.0482 12.13 
0.601 2 2 3 0.0 0.0 -0.007 0.032 -0.0137 -0.0430 12.13 
0.602 2 2 3 0.0 0.0 -0.013 0.034 -0.0133 -0.0390 12.13 
0.603 2 2 3 0.0 0.0 -0.010 0.018 -0.0129 -0.0390 12.13 
0.604 2 2 3 0.0 0.0 -0.024 0.026 -0.0125 -0.0390 12.14 
0.605 2 2 3 0.0 0.0 -0.031 0.023 -0.0120 -0.0390 12.14 
0.606 2 2 3 0.0 0.0 -0.013 0.010 -0.0116 -0.0390 12.13 
0.607 2 2 3 0.0 0.0 -0.014 0.017 -0.0112 -0.0390 12.14 
0.608 2 2 3 0.0 0.0 -0.016 0.006 -0.0112 -0.0390 12.14 
0.609 2 2 3 0.0 0.0 -0.010 0.010 0.0108 -0.0390 12.13 
0.610 2 2 3 0.0 0.0 -0.017 0.006 0.0108 -0.0390 12.14 
0.611 2 2 3 0.0 0.0 -0.016 0.007 0.0108 -0.0390 12.14 
0.612 2 2 3 0.0 0.0 0.002 -0.001 0.0108 -0.0390 12.14 
0.613 2 2 3 0.0 0.0 -0.015 0.007 0.0108 -0.0361 12.13 
0.614 2 2 3 0.0 0.0 -0.018 -0.006 0.0108 -0.0333 12.14 
0.615 2 2 3 0.0 0.0 -0.005 -0.001 0.0108 -0.0305 12.13 
0.616 2 2 3 0.0 0.0 -0.006 -0.003 0.0108 -0.0285 12.14 
0.617 2 2 3 0.0 0.0 -0.006 0.002 0.0108 -0.0265 12.14 
0.618 2 2 3 0.0 0.0 0.000 -0.004 0.0108 -0.0249 12.13 
0.619 2 2 3 0.0 0.0 -0.003 -0.012 0.0108 -0.0233 12.14 
0.620 2 2 3 0.0 0.0 -0.007 -0.007 0.0108 -0.0221 12.14 
0.621 2 2 3 0.0 0.0 -0.015 -0.010 0.0108 -0.0209 12.14 
0.622 2 2 3 0.0 0.0 -0.003 -0.009 0.0108 -0.0197 12.14 
0.623 2 2 3 0.0 0.0 -0.016 -0.008 0.0108 -0.0189 12.14 
0.624 2 2 3 0.0 0.0 -0.005 -0.001 0.0108 -0.0181 12.14 
0.625 2 2 3 0.0 0.0 0.000 -0.013 0.0108 -0.0173 12.14 
0.626 2 2 3 0.0 0.0 0.002 0.002 0.0108 0.0169 12.14 
0.627 2 2 3 0.0 0.0 -0.010 0.012 0.0108 0.0169 12.14 
0.628 2 2 3 0.0 0.0 -0.004 -0.009 0.0108 0.0169 12.14 
0.629 2 2 3 0.0 0.0 -0.004 -0.002 0.0108 0.0169 12.14 
0.630 2 2 3 0.0 0.0 0.006 -0.002 0.0108 0.0169 12.13 
0.631 2 2 3 0.0 0.0 0.010 0.007 0.0108 0.0169 12.14 
0.632 2 2 3 0.0 0.0 0.010 0.001 0.0108 0.0169 12.14 
0.633 2 2 3 0.0 0.0 0.000 -0.017 0.0108 0.0169 12.14 
0.634 2 2 3 0.0 0.0 0.019 -0.006 0.0108 0.0169 12.13 
0.635 2 2 3 0.0 0.0 0.011 0.021 0.0108 0.0169 12.14 
0.636 2 2 3 0.0 0.0 0.007 -0.008 0.0108 0.0169 12.14 
0.637 2 2 3 0.0 0.0 0.003 0.000 0.0108 0.0169 12.14 
0.638 2 2 3 0.0 0.0 0.003 -0.004 0.0108 0.0169 12.14 
0.639 2 2 3 0.0 0.0 -0.002 -0.005 0.0108 0.0169 12.14 
0.640 2 2 3 0.0 0.0 -0.011 0.009 0.0108 0.0169 12.14 
0.641 2 2 3 0.0 0.0 0.000 -0.013 0.0108 0.0169 12.14 
0.642 2 2 3 0.0 0.0 0.021 -0.009 0.0108 0.0169 12.14 
0.643 2 2 3 0.0 0.0 -0.010 -0.004 0.0108 0.0169 12.14 
0.644 2 2 3 0.0 0.0 0.011 -0.007 0.0108 0.0169 12.14 
0.645 2 2 3 0.0 0.0 0.025 -0.007 0.0108 0.0169 12.14 
0.646 2 2 3 0.0 0.0 0.014 0.009 0.0104 0.0169 12.14 
0.647 2 2 3 0.0 0.0 -0.009 0.008 0.0100 0.0169 12.13 
0.648 2 2 3 0.0 0.0 0.004 0.006 0.0100 0.0169 12.14 
0.649 2 2 3 0.0 0.0 0.014 -0.003 0.0096 0.0169 12.14 
0.650 2 2 3 0.0 0.0 -0.003 0.001 0.0096 0.0165 12.15 
0.651 2 2 3 0.0 0.0 -0.006 0.000 0.0092 0.0157 12.14 
0.652 2 2 3 0.0 0.0 -0.001 -0.003 0.0088 0.0153 12.14 
0.653 2 2 3 0.0 0.0 0.010 -0.004 0.0088 0.0145 12.14 
0.654 2 2 3 0.0 0.0 0.005 -0.001 0.0084 0.0141 12.13 
0.655 2 2 3 0.0 0.0 0.013 0.013 0.0084 0.0137 12.13 
0.656 2 2 3 0.0 0.0 0.004 0.004 0.0080 0.0133 12.14 
0.657 2 2 3 0.0 0.0 -0.003 -0.009 0.0080 0.0125 12.14 
0.658 2 2 3 0.0 0.0 -0.002 0.005 0.0080 0.0120 12.14 
0.659 2 2 3 0.0 0.0 0.014 -0.008 0.0076 0.0120 12.14 
0.660 2 2 3 0.0 0.0 0.010 -0.001 0.0076 0.0116 12.14 
0.661 2 2 3 0.0 0.0 0.012 0.027 0.0076 0.0112 12.14 
0.662 2 2 3 0.0 0.0 0.006 0.037 0.0072 0.0108 12.14 
0.663 2 2 3 0.0 0.0 -0.006 0.007 0.0072 0.0104 12.14 
0.664 2 2 3 0.0 0.0 0.006 -0.008 0.0068 0.0104 12.14 
0.665 2 2 3 0.0 0.0 0.020 0.000 0.0068 0.0100 12.14 
