%% logfile from robot Alma (11)
% Alma (11)
%  1    time 0.000 sec
%  2  3  4   (mission 0), state 2, thread 2, line 0
%  5  6 Motor voltage [V] left, right: 2.0 2.0
%  7  8 Motor current left, right [A]: -2.196 -2.143
%  9 10 Wheel velocity [m/s] left, right: -0.0000 -0.0000
% 11    Battery voltage [V]: 11.10
0.001 2 2 0 2.0 2.0 0.019 0.087 -0.0000 -0.0000 11.09 
0.002 2 2 0 2.0 2.0 0.162 -0.011 -0.0000 -0.0000 11.08 
0.003 2 2 0 2.0 2.0 0.290 0.065 -0.0000 -0.0000 11.07 
0.004 2 2 0 2.0 2.0 0.352 -0.178 -0.0000 -0.0000 11.07 
0.005 2 2 0 2.0 2.0 0.382 -0.275 -0.0000 -0.0000 11.07 
0.006 2 2 0 2.0 2.0 0.388 -0.312 -0.0000 -0.0000 11.07 
0.007 2 2 0 2.0 2.0 0.371 -0.224 -0.0000 -0.0000 11.07 
0.008 2 2 0 2.0 2.0 0.360 -0.275 -0.0000 -0.0000 11.07 
0.009 2 2 0 2.0 2.0 0.376 -0.209 -0.0000 0.0000 11.07 
0.010 2 2 0 2.0 2.0 0.362 -0.239 0.0000 0.0000 11.07 
0.011 2 2 0 2.0 2.0 0.300 -0.152 0.0000 0.0000 11.07 
0.012 2 2 0 2.0 2.0 0.311 0.101 0.0000 0.0000 11.07 
0.013 2 2 0 2.0 2.0 0.326 0.172 0.0000 0.0000 11.08 
0.014 2 2 0 2.0 2.0 0.340 0.253 0.0000 0.0807 11.07 
0.015 2 2 0 2.0 2.0 0.341 -0.099 0.0811 0.0807 11.07 
0.016 2 2 0 2.0 2.0 0.335 -0.523 0.0811 0.0807 11.07 
0.017 2 2 0 2.0 2.0 0.312 -0.094 0.0811 0.1177 11.07 
0.018 2 2 0 2.0 2.0 0.312 0.162 0.0811 0.1177 11.07 
0.019 2 2 0 2.0 2.0 0.306 -0.138 0.1157 0.1177 11.07 
0.020 2 2 0 2.0 2.0 0.294 0.172 0.1157 0.1261 11.07 
0.021 2 2 0 2.0 2.0 0.288 0.315 0.1157 0.1261 11.07 
0.022 2 2 0 2.0 2.0 0.281 0.393 0.1370 0.1261 11.07 
0.023 2 2 0 2.0 2.0 0.279 -0.014 0.1370 0.1526 11.07 
0.024 2 2 0 2.0 2.0 0.287 -0.166 0.1526 0.1526 11.07 
0.025 2 2 0 2.0 2.0 0.287 -0.233 0.1526 0.1687 11.08 
0.026 2 2 0 2.0 2.0 0.280 -0.081 0.1526 0.1687 11.08 
0.027 2 2 0 2.0 2.0 0.230 -0.112 0.1586 0.1687 11.07 
0.028 2 2 0 2.0 2.0 0.196 0.158 0.1586 0.1651 11.08 
0.029 2 2 0 2.0 2.0 0.207 0.183 0.1735 0.1651 11.07 
0.030 2 2 0 2.0 2.0 0.225 -0.209 0.1735 0.1631 11.08 
0.031 2 2 0 2.0 2.0 0.251 -0.146 0.1976 0.1631 11.07 
0.032 2 2 0 2.0 2.0 0.283 -0.019 0.1976 0.1856 11.07 
0.033 2 2 0 2.0 2.0 0.228 -0.008 0.1948 0.1856 11.08 
0.034 2 2 0 2.0 2.0 0.215 -0.178 0.1948 0.1948 11.08 
0.035 2 2 0 2.0 2.0 0.226 -0.076 0.1912 0.1948 11.08 
0.036 2 2 0 2.0 2.0 0.219 0.032 0.1868 0.1976 11.08 
0.037 2 2 0 2.0 2.0 0.169 -0.217 0.1868 0.1976 11.08 
0.038 2 2 0 2.0 2.0 0.146 -0.139 0.1988 0.1976 11.09 
0.039 2 2 0 2.0 2.0 0.169 -0.421 0.2100 0.1783 11.08 
0.040 2 2 0 2.0 2.0 0.199 0.138 0.2100 0.1783 11.09 
0.041 2 2 0 2.0 2.0 0.204 -0.299 0.2068 0.2056 11.08 
0.042 2 2 0 2.0 2.0 0.206 -0.442 0.2068 0.2056 11.08 
0.043 2 2 0 2.0 2.0 0.200 -0.111 0.1968 0.2100 11.08 
0.044 2 2 0 2.0 2.0 0.195 0.072 0.1968 0.2100 11.08 
0.045 2 2 0 2.0 2.0 0.172 0.097 0.2169 0.2080 11.08 
0.046 2 2 0 2.0 2.0 0.299 0.190 0.2169 0.2028 11.07 
0.047 2 2 0 2.0 2.0 0.238 -0.207 0.2293 0.1940 11.07 
0.048 2 2 0 2.0 2.0 0.207 -0.083 0.2293 0.2157 11.07 
0.049 2 2 0 2.0 2.0 0.197 -0.030 0.2265 0.2157 11.08 
0.050 2 2 0 2.0 2.0 0.221 -0.086 0.2265 0.2181 11.08 
0.051 2 2 0 2.0 2.0 0.223 -0.235 0.2133 0.2181 11.08 
0.052 2 2 0 2.0 2.0 0.233 0.219 0.2293 0.2265 11.08 
0.053 2 2 0 2.0 2.0 0.230 0.221 0.2293 0.2265 11.07 
0.054 2 2 0 2.0 2.0 0.232 -0.429 0.2434 0.2169 11.07 
0.055 2 2 0 2.0 2.0 0.223 -0.068 0.2434 0.2169 11.07 
0.056 2 2 0 2.0 2.0 0.211 0.119 0.2446 0.2321 11.09 
0.057 2 2 0 2.0 2.0 0.206 -0.207 0.2362 0.2281 11.08 
0.058 2 2 0 2.0 2.0 0.192 0.036 0.2362 0.2281 11.08 
0.059 2 2 0 2.0 2.0 0.177 -0.019 0.2418 0.2390 11.07 
0.060 2 2 0 2.0 2.0 0.177 0.008 0.2418 0.2390 11.08 
0.061 2 2 0 2.0 2.0 0.202 -0.078 0.2538 0.2333 11.09 
0.062 2 2 0 2.0 2.0 0.206 -0.121 0.2494 0.2333 11.08 
0.063 2 2 0 2.0 2.0 0.195 -0.184 0.2494 0.2345 11.08 
0.064 2 2 0 2.0 2.0 0.194 -0.330 0.2374 0.2169 11.08 
0.065 2 2 0 2.0 2.0 0.138 0.088 0.2374 0.2169 11.09 
0.066 2 2 0 2.0 2.0 0.120 0.067 0.2446 0.2418 11.09 
0.067 2 2 0 2.0 2.0 0.107 -0.175 0.2362 0.2418 11.08 
0.068 2 2 0 2.0 2.0 0.136 0.084 0.2362 0.2607 11.08 
0.069 2 2 0 2.0 2.0 0.146 0.084 0.2418 0.2434 11.08 
0.070 2 2 0 2.0 2.0 0.156 -0.220 0.2418 0.2434 11.09 
0.071 2 2 0 2.0 2.0 0.156 0.052 0.2554 0.2125 11.08 
0.072 2 2 0 2.0 2.0 0.165 0.263 0.2418 0.2125 11.08 
0.073 2 2 0 2.0 2.0 0.161 0.088 0.2418 0.2494 11.07 
0.074 2 2 0 2.0 2.0 0.194 0.079 0.2281 0.2390 11.08 
0.075 2 2 0 2.0 2.0 0.182 -0.128 0.2281 0.2390 11.08 
0.076 2 2 0 2.0 2.0 0.177 -0.871 0.2478 0.2522 11.08 
0.077 2 2 0 2.0 2.0 0.195 -0.329 0.2478 0.2522 11.08 
0.078 2 2 0 2.0 2.0 0.200 -0.143 0.2478 0.2639 11.08 
0.079 2 2 0 2.0 2.0 0.206 -0.268 0.2478 0.2510 11.08 
0.080 2 2 0 2.0 2.0 0.192 -0.279 0.2522 0.2510 11.07 
0.081 2 2 0 2.0 2.0 0.188 -0.186 0.2522 0.2305 11.08 
0.082 2 2 0 2.0 2.0 0.171 -0.443 0.2574 0.2478 11.08 
0.083 2 2 0 2.0 2.0 0.135 -0.170 0.2574 0.2478 11.08 
0.084 2 2 0 2.0 2.0 0.138 -0.023 0.2510 0.2478 11.08 
0.085 2 2 0 2.0 2.0 0.124 0.161 0.2538 0.2478 11.08 
0.086 2 2 0 2.0 2.0 0.158 0.222 0.2538 0.2538 11.08 
0.087 2 2 0 2.0 2.0 0.185 0.365 0.2767 0.2418 11.08 
0.088 2 2 0 2.0 2.0 0.158 0.060 0.2623 0.2418 11.08 
0.089 2 2 0 2.0 2.0 0.179 0.003 0.2623 0.2538 11.08 
0.090 2 2 0 2.0 2.0 0.196 -0.039 0.2522 0.2522 11.08 
0.091 2 2 0 2.0 2.0 0.165 -0.100 0.2554 0.2321 11.08 
0.092 2 2 0 2.0 2.0 0.162 -0.104 0.2554 0.2554 11.08 
0.093 2 2 0 2.0 2.0 0.159 -0.102 0.2510 0.2554 11.08 
0.094 2 2 0 2.0 2.0 0.157 0.198 0.2554 0.2554 11.08 
0.095 2 2 0 2.0 2.0 0.163 0.168 0.2554 0.2538 11.08 
0.096 2 2 0 2.0 2.0 0.172 -0.057 0.2446 0.2538 11.08 
0.097 2 2 0 2.0 2.0 0.180 -0.112 0.2446 0.2390 11.08 
0.098 2 2 0 2.0 2.0 0.186 0.156 0.2462 0.2390 11.08 
0.099 2 2 0 2.0 2.0 0.196 -0.002 0.2590 0.2494 11.08 
0.100 2 2 0 2.0 2.0 0.224 -0.139 0.2590 0.2321 11.08 
0.101 2 2 0 2.0 2.0 0.212 -0.322 0.2574 0.2321 11.08 
0.102 2 2 0 2.0 2.0 0.198 -0.334 0.2446 0.2494 11.09 
0.103 2 2 0 2.0 2.0 0.211 -0.025 0.2374 0.2494 11.08 
0.104 2 2 0 2.0 2.0 0.205 0.168 0.2574 0.2362 11.07 
0.105 2 2 0 2.0 2.0 0.211 0.042 0.2574 0.2538 11.07 
0.106 2 2 0 2.0 2.0 0.209 0.051 0.2639 0.2538 11.08 
0.107 2 2 0 2.0 2.0 0.196 0.041 0.2695 0.2305 11.08 
0.108 2 2 0 2.0 2.0 0.195 -0.319 0.2695 0.2305 11.08 
0.109 2 2 0 2.0 2.0 0.159 -0.067 0.2590 0.2522 11.08 
0.110 2 2 0 2.0 2.0 0.163 0.035 0.2711 0.2659 11.08 
0.111 2 2 0 2.0 2.0 0.188 -0.088 0.2711 0.2659 11.08 
0.112 2 2 0 2.0 2.0 0.211 0.131 0.2972 0.2574 11.08 
0.113 2 2 0 2.0 2.0 0.177 0.040 0.2807 0.2345 11.08 
0.114 2 2 0 2.0 2.0 0.173 0.108 0.2639 0.2345 11.08 
0.115 2 2 0 2.0 2.0 0.170 -0.295 0.2639 0.2574 11.08 
0.116 2 2 0 2.0 2.0 0.153 -0.365 0.2747 0.2590 11.09 
0.117 2 2 0 2.0 2.0 0.164 -0.471 0.2888 0.2590 11.09 
0.118 2 2 0 2.0 2.0 0.169 -0.073 0.2888 0.2574 11.09 
0.119 2 2 0 2.0 2.0 0.172 0.220 0.2807 0.2574 11.08 
0.120 2 2 0 2.0 2.0 0.154 0.102 0.2522 0.2253 11.08 
0.121 2 2 0 2.0 2.0 0.127 -0.057 0.2522 0.2538 11.08 
0.122 2 2 0 2.0 2.0 0.131 -0.147 0.2659 0.2538 11.08 
0.123 2 2 0 2.0 2.0 0.173 0.201 0.2747 0.2538 11.08 
0.124 2 2 0 2.0 2.0 0.182 -0.097 0.2747 0.2538 11.08 
0.125 2 2 0 2.0 2.0 0.166 -0.188 0.2711 0.2554 11.08 
0.126 2 2 0 2.0 2.0 0.182 -0.167 0.2538 0.2333 11.07 
0.127 2 2 0 2.0 2.0 0.187 0.108 0.2538 0.2333 11.08 
0.128 2 2 0 2.0 2.0 0.211 -0.232 0.2675 0.2538 11.09 
0.129 2 2 0 2.0 2.0 0.199 -0.083 0.2787 0.2538 11.08 
0.130 2 2 0 2.0 2.0 0.198 0.031 0.2787 0.2538 11.08 
0.131 2 2 0 2.0 2.0 0.200 -0.130 0.2747 0.2574 11.08 
0.132 2 2 0 2.0 2.0 0.196 -0.403 0.2675 0.2574 11.08 
0.133 2 2 0 2.0 2.0 0.170 -0.181 0.2675 0.2434 11.08 
0.134 2 2 0 2.0 2.0 0.164 0.094 0.2767 0.2510 11.08 
0.135 2 2 0 2.0 2.0 0.193 0.044 0.2952 0.2510 11.08 
0.136 2 2 0 2.0 2.0 0.203 0.399 0.2888 0.2462 11.08 
0.137 2 2 0 2.0 2.0 0.173 0.026 0.2888 0.2538 11.07 
0.138 2 2 0 2.0 2.0 0.173 -0.101 0.2747 0.2538 11.08 
0.139 2 2 0 2.0 2.0 0.131 -0.072 0.2827 0.2462 11.08 
0.140 2 2 0 2.0 2.0 0.101 0.160 0.2827 0.2462 11.08 
0.141 2 2 0 2.0 2.0 0.114 -0.288 0.2731 0.2522 11.08 
0.142 2 2 0 2.0 2.0 0.139 -0.266 0.2787 0.2321 11.08 
0.143 2 2 0 2.0 2.0 0.154 -0.232 0.2787 0.2321 11.08 
0.144 2 2 0 2.0 2.0 0.162 0.126 0.2928 0.2590 11.08 
0.145 2 2 0 2.0 2.0 0.168 0.112 0.2747 0.2767 11.08 
0.146 2 2 0 2.0 2.0 0.166 0.019 0.2747 0.2767 11.08 
0.147 2 2 0 2.0 2.0 0.185 0.035 0.2574 0.2574 11.07 
0.148 2 2 0 2.0 2.0 0.336 -0.509 0.2787 0.2574 11.07 
0.149 2 2 0 2.0 2.0 0.243 -0.209 0.2787 0.2241 11.08 
0.150 2 2 0 2.0 2.0 0.200 -0.266 0.2747 0.2607 11.08 
0.151 2 2 0 2.0 2.0 0.185 0.017 0.2639 0.2607 11.08 
0.152 2 2 0 2.0 2.0 0.158 -0.291 0.2639 0.2478 11.08 
0.153 2 2 0 2.0 2.0 0.163 0.208 0.2675 0.2590 11.07 
0.154 2 2 0 2.0 2.0 0.159 0.003 0.2695 0.2590 11.08 
0.155 2 2 0 2.0 2.0 0.132 -0.213 0.2695 0.2731 11.08 
0.156 2 2 0 2.0 2.0 0.131 -0.171 0.2623 0.2623 11.08 
0.157 2 2 0 2.0 2.0 0.114 0.150 0.2659 0.2623 11.08 
0.158 2 2 0 2.0 2.0 0.157 0.253 0.2888 0.2446 11.08 
0.159 2 2 0 2.0 2.0 0.166 -0.181 0.2888 0.2446 11.08 
0.160 2 2 0 2.0 2.0 0.135 -0.026 0.2731 0.2574 11.08 
0.161 2 2 0 2.0 2.0 0.165 0.111 0.2623 0.2574 11.09 
0.162 2 2 0 2.0 2.0 0.166 0.117 0.2623 0.2574 11.08 
0.163 2 2 0 2.0 2.0 0.148 0.083 0.2675 0.2607 11.08 
0.164 2 2 0 2.0 2.0 0.142 -0.229 0.2623 0.2478 11.08 
0.165 2 2 0 2.0 2.0 0.151 -0.345 0.2623 0.2478 11.09 
0.166 2 2 0 2.0 2.0 0.148 -0.400 0.2695 0.2574 11.09 
0.167 2 2 0 2.0 2.0 0.155 -0.258 0.2659 0.2574 11.08 
0.168 2 2 0 2.0 2.0 0.163 -0.481 0.2639 0.2362 11.07 
0.169 2 2 0 2.0 2.0 0.171 -0.222 0.2711 0.2590 11.08 
0.170 2 2 0 2.0 2.0 0.195 -0.448 0.2807 0.2590 11.08 
0.171 2 2 0 2.0 2.0 0.215 0.228 0.2807 0.2623 11.07 
0.172 2 2 0 2.0 2.0 0.205 0.347 0.2787 0.2607 11.08 
0.173 2 2 0 2.0 2.0 0.192 -0.040 0.2574 0.2607 11.08 
0.174 2 2 0 2.0 2.0 0.207 0.104 0.2574 0.2462 11.07 
0.175 2 2 0 2.0 2.0 0.200 -0.092 0.2747 0.2607 11.08 
0.176 2 2 0 2.0 2.0 0.194 0.060 0.2711 0.2607 11.08 
0.177 2 2 0 2.0 2.0 0.193 0.095 0.2711 0.2434 11.08 
0.178 2 2 0 2.0 2.0 0.193 -0.131 0.2731 0.2434 11.07 
0.179 2 2 0 2.0 2.0 0.178 -0.224 0.2590 0.2607 11.08 
0.180 2 2 0 2.0 2.0 0.149 -0.247 0.2590 0.2446 11.08 
0.181 2 2 0 2.0 2.0 0.152 -0.525 0.2711 0.2446 11.08 
0.182 2 2 0 2.0 2.0 0.188 -0.219 0.2928 0.2639 11.08 
0.183 2 2 0 2.0 2.0 0.191 -0.401 0.2928 0.2418 11.08 
0.184 2 2 0 2.0 2.0 0.162 -0.483 0.2767 0.2418 11.08 
0.185 2 2 0 2.0 2.0 0.169 -0.306 0.2607 0.2659 11.08 
0.186 2 2 0 2.0 2.0 0.163 0.143 0.2607 0.2807 11.08 
0.187 2 2 0 2.0 2.0 0.155 -0.024 0.2711 0.2807 11.08 
0.188 2 2 0 2.0 2.0 0.177 0.160 0.2848 0.2695 11.07 
0.189 2 2 0 2.0 2.0 0.169 -0.146 0.2848 0.2478 11.08 
0.190 2 2 0 2.0 2.0 0.169 -0.160 0.2767 0.2446 11.08 
0.191 2 2 0 2.0 2.0 0.143 -0.095 0.2538 0.2675 11.08 
0.192 2 2 0 2.0 2.0 0.106 -0.288 0.2538 0.2675 11.08 
0.193 2 2 0 2.0 2.0 0.143 -0.002 0.2711 0.2695 11.09 
0.194 2 2 0 2.0 2.0 0.185 0.226 0.2807 0.2659 11.08 
0.195 2 2 0 2.0 2.0 0.177 -0.363 0.2787 0.2659 11.08 
0.196 2 2 0 2.0 2.0 0.162 0.240 0.2787 0.2333 11.08 
0.197 2 2 0 2.0 2.0 0.168 -0.305 0.2590 0.2607 11.07 
0.198 2 2 0 2.0 2.0 0.180 -0.272 0.2590 0.2607 11.08 
0.199 2 2 0 2.0 2.0 0.193 -0.016 0.2731 0.2639 11.08 
0.200 2 2 0 2.0 2.0 0.189 0.324 0.2848 0.2623 11.09 
0.201 2 2 1 4.0 4.0 0.177 0.133 0.2807 0.2623 11.08 
0.202 2 2 1 4.0 4.0 0.252 -0.350 0.2807 0.2402 11.06 
0.203 2 2 1 4.0 4.0 0.408 -0.210 0.2711 0.2695 11.05 
0.204 2 2 1 4.0 4.0 0.493 -0.094 0.2952 0.2695 11.04 
0.205 2 2 1 4.0 4.0 0.573 0.194 0.3317 0.2868 11.03 
0.206 2 2 1 4.0 4.0 0.656 0.117 0.3317 0.3113 11.03 
0.207 2 2 1 4.0 4.0 0.598 -0.319 0.3374 0.3137 11.03 
0.208 2 2 1 4.0 4.0 0.590 -0.346 0.3402 0.3137 11.02 
0.209 2 2 1 4.0 4.0 0.565 -0.010 0.3582 0.3522 11.03 
0.210 2 2 1 4.0 4.0 0.571 -0.253 0.3522 0.3582 11.03 
0.211 2 2 1 4.0 4.0 0.586 0.103 0.3751 0.3860 11.03 
0.212 2 2 1 4.0 4.0 0.591 -0.209 0.3936 0.3823 11.03 
0.213 2 2 1 4.0 4.0 0.586 -0.201 0.4016 0.4016 11.03 
0.214 2 2 1 4.0 4.0 0.591 -0.375 0.3936 0.3787 11.02 
0.215 2 2 1 4.0 4.0 0.522 -0.009 0.4137 0.4056 11.04 
0.216 2 2 1 4.0 4.0 0.494 -0.169 0.4317 0.4362 11.03 
0.217 2 2 1 4.0 4.0 0.493 -0.343 0.4410 0.4181 11.03 
0.218 2 2 1 4.0 4.0 0.505 -0.038 0.4510 0.4362 11.03 
0.219 2 2 1 4.0 4.0 0.491 -0.446 0.4723 0.4462 11.03 
0.220 2 2 1 4.0 4.0 0.449 -0.261 0.4779 0.4615 11.03 
0.221 2 2 1 4.0 4.0 0.458 -0.333 0.5081 0.4896 11.03 
0.222 2 2 1 4.0 4.0 0.427 -0.265 0.5020 0.4896 11.04 
0.223 2 2 1 4.0 4.0 0.427 0.187 0.5149 0.4956 11.04 
0.224 2 2 1 4.0 4.0 0.429 -0.292 0.5149 0.5081 11.04 
0.225 2 2 1 4.0 4.0 0.434 0.136 0.5281 0.5213 11.04 
0.226 2 2 1 4.0 4.0 0.455 -0.005 0.5149 0.5281 11.04 
0.227 2 2 1 4.0 4.0 0.494 -0.112 0.5213 0.5149 11.04 
0.228 2 2 1 4.0 4.0 0.475 0.227 0.5281 0.5354 11.04 
0.229 2 2 1 4.0 4.0 0.449 -0.114 0.5213 0.5575 11.05 
0.230 2 2 1 4.0 4.0 0.459 0.032 0.5354 0.5498 11.04 
0.231 2 2 1 4.0 4.0 0.455 0.199 0.5498 0.5655 11.05 
0.232 2 2 1 4.0 4.0 0.431 0.080 0.5575 0.5655 11.04 
0.233 2 2 1 4.0 4.0 0.449 0.033 0.5904 0.5575 11.05 
0.234 2 2 1 4.0 4.0 0.389 -0.411 0.5735 0.5498 11.04 
0.235 2 2 1 4.0 4.0 0.396 -0.478 0.5820 0.5735 11.04 
0.236 2 2 1 4.0 4.0 0.388 -0.020 0.6085 0.5992 11.04 
0.237 2 2 1 4.0 4.0 0.380 -0.071 0.5820 0.5735 11.05 
0.238 2 2 1 4.0 4.0 0.390 -0.176 0.6085 0.5904 11.05 
0.239 2 2 1 4.0 4.0 0.368 -0.520 0.6177 0.6085 11.05 
0.240 2 2 1 4.0 4.0 0.371 -0.041 0.5992 0.5735 11.05 
0.241 2 2 1 4.0 4.0 0.397 -0.329 0.6177 0.6085 11.04 
0.242 2 2 1 4.0 4.0 0.404 0.012 0.6085 0.6177 11.04 
0.243 2 2 1 4.0 4.0 0.401 -0.023 0.6085 0.6085 11.05 
0.244 2 2 1 4.0 4.0 0.405 0.217 0.6374 0.6273 11.05 
0.245 2 2 1 4.0 4.0 0.375 -0.150 0.6177 0.6177 11.05 
0.246 2 2 1 4.0 4.0 0.368 -0.229 0.6273 0.6273 11.05 
0.247 2 2 1 4.0 4.0 0.368 0.121 0.6374 0.6374 11.04 
0.248 2 2 1 4.0 4.0 0.364 -0.093 0.6474 0.6374 11.05 
0.249 2 2 1 4.0 4.0 0.409 -0.083 0.6374 0.6085 11.05 
0.250 2 2 1 4.0 4.0 0.519 -0.076 0.6474 0.6583 11.04 
0.251 2 2 1 4.0 4.0 0.408 -0.341 0.6474 0.6273 11.06 
0.252 2 2 1 4.0 4.0 0.362 -0.047 0.6583 0.6374 11.05 
0.253 2 2 1 4.0 4.0 0.336 -0.125 0.6583 0.6474 11.06 
0.254 2 2 1 4.0 4.0 0.326 0.182 0.6691 0.6691 11.05 
0.255 2 2 1 4.0 4.0 0.340 0.011 0.6583 0.6474 11.05 
0.256 2 2 1 4.0 4.0 0.341 -0.071 0.6474 0.6583 11.05 
0.257 2 2 1 4.0 4.0 0.333 -0.186 0.6583 0.6691 11.06 
0.258 2 2 1 4.0 4.0 0.363 -0.114 0.6583 0.6583 11.06 
0.259 2 2 1 4.0 4.0 0.385 -0.072 0.6691 0.6374 11.05 
0.260 2 2 1 4.0 4.0 0.347 -0.235 0.6474 0.6691 11.06 
0.261 2 2 1 4.0 4.0 0.352 -0.312 0.6691 0.6583 11.05 
0.262 2 2 1 4.0 4.0 0.358 -0.107 0.6691 0.6691 11.06 
0.263 2 2 1 4.0 4.0 0.340 -0.339 0.7044 0.6691 11.06 
0.264 2 2 1 4.0 4.0 0.332 -0.084 0.7044 0.6691 11.05 
0.265 2 2 1 4.0 4.0 0.343 -0.011 0.6804 0.6474 11.06 
0.266 2 2 1 4.0 4.0 0.332 -0.424 0.7044 0.6924 11.06 
0.267 2 2 1 4.0 4.0 0.326 -0.437 0.6691 0.6583 11.06 
0.268 2 2 1 4.0 4.0 0.342 0.028 0.6924 0.6804 11.06 
0.269 2 2 1 4.0 4.0 0.312 -0.174 0.6804 0.6924 11.06 
0.270 2 2 1 4.0 4.0 0.324 0.404 0.6804 0.6691 11.05 
0.271 2 2 1 4.0 4.0 0.335 0.141 0.7044 0.6804 11.06 
0.272 2 2 1 4.0 4.0 0.325 -0.063 0.6924 0.6691 11.06 
0.273 2 2 1 4.0 4.0 0.340 -0.123 0.7169 0.6924 11.06 
0.274 2 2 1 4.0 4.0 0.329 0.081 0.7044 0.7044 11.06 
0.275 2 2 1 4.0 4.0 0.317 -0.038 0.7044 0.6924 11.06 
0.276 2 2 1 4.0 4.0 0.317 -0.327 0.7302 0.7044 11.06 
0.277 2 2 1 4.0 4.0 0.330 -0.464 0.6691 0.6924 11.05 
0.278 2 2 1 4.0 4.0 0.331 -0.540 0.6804 0.6691 11.05 
0.279 2 2 1 4.0 4.0 0.329 -0.015 0.6924 0.7169 11.05 
0.280 2 2 1 4.0 4.0 0.322 -0.030 0.6924 0.6583 11.05 
0.281 2 2 1 4.0 4.0 0.295 0.214 0.6924 0.6804 11.06 
0.282 2 2 1 4.0 4.0 0.294 0.305 0.7169 0.6924 11.06 
0.283 2 2 1 4.0 4.0 0.287 0.229 0.7044 0.7169 11.06 
0.284 2 2 1 4.0 4.0 0.296 0.258 0.7044 0.6804 11.05 
0.285 2 2 1 4.0 4.0 0.297 -0.071 0.7169 0.7044 11.05 
0.286 2 2 1 4.0 4.0 0.314 0.110 0.7044 0.6924 11.05 
0.287 2 2 1 4.0 4.0 0.347 0.081 0.7302 0.6691 11.06 
0.288 2 2 1 4.0 4.0 0.321 0.230 0.7044 0.6924 11.06 
0.289 2 2 1 4.0 4.0 0.323 0.239 0.7169 0.7044 11.06 
0.290 2 2 1 4.0 4.0 0.339 0.214 0.7044 0.7044 11.06 
0.291 2 2 1 4.0 4.0 0.327 0.419 0.7434 0.6804 11.05 
0.292 2 2 1 4.0 4.0 0.321 -0.048 0.7169 0.6804 11.06 
0.293 2 2 1 4.0 4.0 0.311 0.022 0.7302 0.6804 11.05 
0.294 2 2 1 4.0 4.0 0.296 -0.219 0.7302 0.7302 11.05 
0.295 2 2 1 4.0 4.0 0.306 -0.168 0.7044 0.7302 11.06 
0.296 2 2 1 4.0 4.0 0.295 -0.120 0.7169 0.7044 11.06 
0.297 2 2 1 4.0 4.0 0.304 0.023 0.7044 0.7302 11.05 
0.298 2 2 1 4.0 4.0 0.313 -0.054 0.7169 0.6924 11.05 
0.299 2 2 1 4.0 4.0 0.301 -0.066 0.7044 0.7169 11.06 
0.300 2 2 1 4.0 4.0 0.325 -0.371 0.7302 0.6924 11.07 
0.301 2 2 1 4.0 4.0 0.320 -0.291 0.7169 0.7169 11.04 
0.302 2 2 1 4.0 4.0 0.312 -0.241 0.7044 0.7044 11.06 
0.303 2 2 1 4.0 4.0 0.331 -0.659 0.7169 0.7169 11.06 
0.304 2 2 1 4.0 4.0 0.310 -0.655 0.7434 0.7302 11.06 
0.305 2 2 1 4.0 4.0 0.295 -0.104 0.7169 0.7169 11.06 
0.306 2 2 1 4.0 4.0 0.325 -0.494 0.7302 0.7044 11.06 
0.307 2 2 1 4.0 4.0 0.291 -0.195 0.7434 0.7302 11.06 
0.308 2 2 1 4.0 4.0 0.261 -0.456 0.7302 0.6804 11.06 
0.309 2 2 1 4.0 4.0 0.275 -0.030 0.7575 0.6924 11.06 
0.310 2 2 1 4.0 4.0 0.274 0.152 0.7302 0.7302 11.06 
0.311 2 2 1 4.0 4.0 0.276 0.127 0.7169 0.7169 11.06 
0.312 2 2 1 4.0 4.0 0.291 -0.201 0.7302 0.7169 11.06 
0.313 2 2 1 4.0 4.0 0.297 -0.333 0.7302 0.7302 11.06 
0.314 2 2 1 4.0 4.0 0.320 -0.315 0.7434 0.7169 11.07 
0.315 2 2 1 4.0 4.0 0.299 -0.102 0.7169 0.6924 11.06 
0.316 2 2 1 4.0 4.0 0.312 0.095 0.7434 0.7169 11.05 
0.317 2 2 1 4.0 4.0 0.296 0.103 0.7302 0.7044 11.07 
0.318 2 2 1 4.0 4.0 0.310 -0.074 0.7434 0.7044 11.06 
0.319 2 2 1 4.0 4.0 0.291 -0.127 0.7302 0.6804 11.06 
0.320 2 2 1 4.0 4.0 0.295 -0.128 0.7302 0.7169 11.06 
0.321 2 2 1 4.0 4.0 0.300 -0.245 0.7044 0.7044 11.05 
0.322 2 2 1 4.0 4.0 0.309 -0.150 0.7302 0.7302 11.05 
0.323 2 2 1 4.0 4.0 0.291 -0.038 0.7302 0.7169 11.06 
0.324 2 2 1 4.0 4.0 0.287 -0.223 0.7169 0.7302 11.06 
0.325 2 2 1 4.0 4.0 0.310 -0.260 0.7434 0.6804 11.06 
0.326 2 2 1 4.0 4.0 0.303 -0.298 0.7302 0.7302 11.06 
0.327 2 2 1 4.0 4.0 0.335 0.143 0.7575 0.6924 11.06 
0.328 2 2 1 4.0 4.0 0.302 -0.224 0.7434 0.7044 11.06 
0.329 2 2 1 4.0 4.0 0.289 -0.379 0.7434 0.7302 11.06 
0.330 2 2 1 4.0 4.0 0.283 -0.341 0.7723 0.7169 11.06 
0.331 2 2 1 4.0 4.0 0.310 -0.427 0.7169 0.7302 11.06 
0.332 2 2 1 4.0 4.0 0.287 -0.227 0.7434 0.7302 11.06 
0.333 2 2 1 4.0 4.0 0.278 -0.513 0.7434 0.6924 11.05 
0.334 2 2 1 4.0 4.0 0.277 -0.367 0.7434 0.7434 11.06 
0.335 2 2 1 4.0 4.0 0.266 -0.407 0.7434 0.6804 11.05 
0.336 2 2 1 4.0 4.0 0.253 0.026 0.7575 0.6924 11.05 
0.337 2 2 1 4.0 4.0 0.264 -0.261 0.7434 0.7044 11.06 
0.338 2 2 1 4.0 4.0 0.268 -0.307 0.7434 0.7434 11.06 
0.339 2 2 1 4.0 4.0 0.317 -0.108 0.7302 0.7169 11.06 
0.340 2 2 1 4.0 4.0 0.340 -0.334 0.7302 0.7302 11.05 
0.341 2 2 1 4.0 4.0 0.324 -0.257 0.7044 0.7044 11.06 
0.342 2 2 1 4.0 4.0 0.346 -0.433 0.7169 0.6924 11.06 
0.343 2 2 1 4.0 4.0 0.318 0.062 0.7044 0.7169 11.05 
0.344 2 2 1 4.0 4.0 0.307 -0.110 0.7575 0.7169 11.06 
0.345 2 2 1 4.0 4.0 0.300 0.039 0.7434 0.7302 11.06 
0.346 2 2 1 4.0 4.0 0.286 -0.182 0.7169 0.7169 11.07 
0.347 2 2 1 4.0 4.0 0.295 -0.511 0.7434 0.7169 11.06 
0.348 2 2 1 4.0 4.0 0.285 -0.325 0.7169 0.7169 11.06 
0.349 2 2 1 4.0 4.0 0.284 -0.485 0.7434 0.7434 11.06 
0.350 2 2 1 4.0 4.0 0.285 -0.177 0.7302 0.7044 11.05 
0.351 2 2 1 4.0 4.0 0.296 -0.277 0.7434 0.7302 11.06 
0.352 2 2 2 -4.0 -4.0 0.302 0.129 0.7302 0.6924 11.05 
0.353 2 2 2 -4.0 -4.0 0.223 -0.497 0.7575 0.7302 11.05 
0.354 2 2 2 -4.0 -4.0 -0.302 -0.246 0.7302 0.7302 11.02 
0.355 2 2 2 -4.0 -4.0 -0.675 0.113 0.6804 0.6691 10.99 
0.356 2 2 2 -4.0 -4.0 -0.924 0.128 0.6583 0.6474 10.97 
0.357 2 2 2 -4.0 -4.0 -1.043 0.199 0.5655 0.5575 10.95 
0.358 2 2 2 -4.0 -4.0 -1.111 0.419 0.5354 0.5149 10.95 
0.359 2 2 2 -4.0 -4.0 -1.038 -0.235 0.5081 0.4615 10.97 
0.360 2 2 2 -4.0 -4.0 -0.943 0.003 0.4836 0.3823 10.98 
0.361 2 2 2 -4.0 -4.0 -0.970 0.642 0.4462 0.3213 10.97 
0.362 2 2 2 -4.0 -4.0 -0.977 0.368 0.3615 0.3185 10.97 
0.363 2 2 2 -4.0 -4.0 -1.004 0.125 0.3161 0.2639 10.97 
0.364 2 2 2 -4.0 -4.0 -1.020 0.341 0.3161 0.2639 10.97 
0.365 2 2 2 -4.0 -4.0 -1.012 -0.057 0.2345 0.1623 10.99 
0.366 2 2 2 -4.0 -4.0 -0.955 -0.064 0.2345 0.1402 10.98 
0.367 2 2 2 -4.0 -4.0 -0.890 0.401 0.1691 0.1402 10.98 
0.368 2 2 2 -4.0 -4.0 -0.864 0.592 0.1402 0.1402 10.99 
0.369 2 2 2 -4.0 -4.0 -0.864 0.446 0.1402 0.1112 10.99 
0.370 2 2 2 -4.0 -4.0 -0.863 0.607 0.1402 -0.0940 10.99 
0.371 2 2 2 -4.0 -4.0 -0.850 0.642 0.1141 -0.0940 10.99 
0.372 2 2 2 -4.0 -4.0 -0.819 0.708 0.0888 -0.0940 10.99 
0.373 2 2 2 -4.0 -4.0 -0.779 0.401 -0.0739 -0.1309 11.00 
0.374 2 2 2 -4.0 -4.0 -0.722 0.095 -0.0739 -0.1309 11.01 
0.375 2 2 2 -4.0 -4.0 -0.677 0.291 -0.0739 -0.2157 11.01 
0.376 2 2 2 -4.0 -4.0 -0.617 0.312 -0.0739 -0.2157 11.01 
0.377 2 2 2 -4.0 -4.0 -0.607 0.272 -0.1253 -0.2494 11.01 
0.378 2 2 2 -4.0 -4.0 -0.626 0.028 -0.1253 -0.2928 11.01 
0.379 2 2 2 -4.0 -4.0 -0.636 0.215 -0.1775 -0.3088 11.01 
0.380 2 2 2 -4.0 -4.0 -0.622 0.103 -0.1775 -0.3088 11.01 
0.381 2 2 2 -4.0 -4.0 -0.577 -0.101 -0.2321 -0.3430 11.02 
0.382 2 2 2 -4.0 -4.0 -0.558 -0.387 -0.2538 -0.3490 11.02 
0.383 2 2 2 -4.0 -4.0 -0.548 -0.144 -0.2538 -0.3976 11.02 
0.384 2 2 2 -4.0 -4.0 -0.542 0.219 -0.2868 -0.4016 11.02 
0.385 2 2 2 -4.0 -4.0 -0.496 0.210 -0.3016 -0.4137 11.03 
0.386 2 2 2 -4.0 -4.0 -0.478 0.209 -0.3185 -0.4317 11.03 
0.387 2 2 2 -4.0 -4.0 -0.493 0.055 -0.3040 -0.4462 11.02 
0.388 2 2 2 -4.0 -4.0 -0.487 -0.124 -0.3040 -0.4615 11.02 
0.389 2 2 2 -4.0 -4.0 -0.477 0.106 -0.3490 -0.4462 11.02 
0.390 2 2 2 -4.0 -4.0 -0.463 0.170 -0.3787 -0.4779 11.03 
0.391 2 2 2 -4.0 -4.0 -0.458 -0.075 -0.3860 -0.5149 11.03 
0.392 2 2 2 -4.0 -4.0 -0.452 0.326 -0.3823 -0.5020 11.03 
0.393 2 2 2 -4.0 -4.0 -0.482 0.213 -0.3936 -0.5281 11.04 
0.394 2 2 2 -4.0 -4.0 -0.437 -0.002 -0.4016 -0.5575 11.04 
0.395 2 2 2 -4.0 -4.0 -0.416 0.236 -0.4181 -0.5354 11.04 
0.396 2 2 2 -4.0 -4.0 -0.434 -0.088 -0.4269 -0.5575 11.04 
0.397 2 2 2 -4.0 -4.0 -0.427 0.057 -0.4269 -0.5735 11.05 
0.398 2 2 2 -4.0 -4.0 -0.415 -0.025 -0.4462 -0.5655 11.04 
0.399 2 2 2 -4.0 -4.0 -0.423 -0.487 -0.4562 -0.5820 11.04 
0.400 2 2 2 -4.0 -4.0 -0.397 0.010 -0.4667 -0.5904 11.06 
0.401 2 2 2 -4.0 -4.0 -0.371 -0.046 -0.4562 -0.6177 11.05 
0.402 2 2 2 -4.0 -4.0 -0.349 0.485 -0.4779 -0.5904 11.04 
0.403 2 2 2 -4.0 -4.0 -0.326 0.369 -0.4896 -0.6085 11.04 
0.404 2 2 2 -4.0 -4.0 -0.322 -0.292 -0.4723 -0.6273 11.04 
0.405 2 2 2 -4.0 -4.0 -0.333 -0.232 -0.4956 -0.6374 11.04 
0.406 2 2 2 -4.0 -4.0 -0.311 -0.056 -0.5149 -0.6177 11.05 
0.407 2 2 2 -4.0 -4.0 -0.328 0.012 -0.5020 -0.6691 11.05 
0.408 2 2 2 -4.0 -4.0 -0.298 0.027 -0.5213 -0.6583 11.04 
0.409 2 2 2 -4.0 -4.0 -0.313 -0.286 -0.5354 -0.6691 11.05 
0.410 2 2 2 -4.0 -4.0 -0.324 0.166 -0.5213 -0.6583 11.05 
0.411 2 2 2 -4.0 -4.0 -0.321 0.022 -0.5354 -0.6924 11.04 
0.412 2 2 2 -4.0 -4.0 -0.315 0.164 -0.5354 -0.6583 11.04 
0.413 2 2 2 -4.0 -4.0 -0.328 -0.140 -0.5281 -0.6804 11.05 
0.414 2 2 2 -4.0 -4.0 -0.292 0.135 -0.5498 -0.6924 11.05 
0.415 2 2 2 -4.0 -4.0 -0.301 0.160 -0.5575 -0.7044 11.05 
0.416 2 2 2 -4.0 -4.0 -0.314 -0.324 -0.5498 -0.6924 11.05 
0.417 2 2 2 -4.0 -4.0 -0.282 -0.030 -0.5498 -0.7169 11.05 
0.418 2 2 2 -4.0 -4.0 -0.277 -0.243 -0.5426 -0.7044 11.05 
0.419 2 2 2 -4.0 -4.0 -0.321 0.255 -0.5498 -0.7169 11.04 
0.420 2 2 2 -4.0 -4.0 -0.283 0.127 -0.5655 -0.6804 11.05 
0.421 2 2 2 -4.0 -4.0 -0.283 -0.249 -0.5735 -0.7302 11.05 
0.422 2 2 2 -4.0 -4.0 -0.267 -0.232 -0.5655 -0.7044 11.05 
0.423 2 2 2 -4.0 -4.0 -0.263 -0.064 -0.5735 -0.7575 11.04 
0.424 2 2 2 -4.0 -4.0 -0.274 -0.040 -0.5735 -0.7575 11.05 
0.425 2 2 2 -4.0 -4.0 -0.265 0.028 -0.5820 -0.7434 11.05 
0.426 2 2 2 -4.0 -4.0 -0.264 0.081 -0.5655 -0.7434 11.05 
0.427 2 2 2 -4.0 -4.0 -0.260 0.205 -0.5820 -0.7434 11.05 
0.428 2 2 2 -4.0 -4.0 -0.245 0.058 -0.6085 -0.7434 11.05 
0.429 2 2 2 -4.0 -4.0 -0.258 -0.213 -0.5904 -0.7575 11.06 
0.430 2 2 2 -4.0 -4.0 -0.288 -0.185 -0.5904 -0.7302 11.05 
0.431 2 2 2 -4.0 -4.0 -0.271 0.067 -0.6085 -0.7302 11.05 
0.432 2 2 2 -4.0 -4.0 -0.291 0.248 -0.6177 -0.7575 11.05 
0.433 2 2 2 -4.0 -4.0 -0.266 0.213 -0.5992 -0.7302 11.05 
0.434 2 2 2 -4.0 -4.0 -0.264 -0.428 -0.6085 -0.7872 11.05 
0.435 2 2 2 -4.0 -4.0 -0.268 0.225 -0.6085 -0.7575 11.05 
0.436 2 2 2 -4.0 -4.0 -0.267 -0.341 -0.5992 -0.7302 11.05 
0.437 2 2 2 -4.0 -4.0 -0.248 0.075 -0.6085 -0.7434 11.05 
0.438 2 2 2 -4.0 -4.0 -0.242 -0.083 -0.5820 -0.7872 11.06 
0.439 2 2 2 -4.0 -4.0 -0.245 0.373 -0.5992 -0.7575 11.06 
0.440 2 2 2 -4.0 -4.0 -0.234 -0.014 -0.6177 -0.7723 11.06 
0.441 2 2 2 -4.0 -4.0 -0.231 0.209 -0.5992 -0.7872 11.06 
0.442 2 2 2 -4.0 -4.0 -0.247 -0.351 -0.6374 -0.7723 11.06 
0.443 2 2 2 -4.0 -4.0 -0.245 -0.081 -0.6273 -0.7872 11.06 
0.444 2 2 2 -4.0 -4.0 -0.248 -0.022 -0.6273 -0.7723 11.05 
0.445 2 2 2 -4.0 -4.0 -0.244 0.019 -0.6177 -0.7872 11.06 
0.446 2 2 2 -4.0 -4.0 -0.252 -0.251 -0.6085 -0.7723 11.06 
0.447 2 2 2 -4.0 -4.0 -0.226 0.394 -0.6273 -0.7872 11.05 
0.448 2 2 2 -4.0 -4.0 -0.232 0.196 -0.6374 -0.7575 11.05 
0.449 2 2 2 -4.0 -4.0 -0.241 -0.024 -0.6374 -0.8032 11.05 
0.450 2 2 2 -4.0 -4.0 -0.232 -0.080 -0.6273 -0.7575 11.06 
0.451 2 2 2 -4.0 -4.0 -0.274 -0.266 -0.6273 -0.7723 11.05 
0.452 2 2 2 -4.0 -4.0 -0.250 0.218 -0.6474 -0.7575 11.05 
0.453 2 2 2 -4.0 -4.0 -0.234 -0.135 -0.6474 -0.7723 11.06 
0.454 2 2 2 -4.0 -4.0 -0.236 0.122 -0.6474 -0.7872 11.06 
0.455 2 2 2 -4.0 -4.0 -0.052 0.255 -0.6374 -0.7723 11.05 
0.456 2 2 2 -4.0 -4.0 -0.176 0.087 -0.6374 -0.7723 11.05 
0.457 2 2 2 -4.0 -4.0 -0.204 -0.070 -0.6374 -0.7872 11.06 
0.458 2 2 2 -4.0 -4.0 -0.234 0.000 -0.6273 -0.7723 11.06 
0.459 2 2 2 -4.0 -4.0 -0.241 0.028 -0.6474 -0.8032 11.05 
0.460 2 2 2 -4.0 -4.0 -0.247 0.023 -0.6273 -0.7872 11.05 
0.461 2 2 2 -4.0 -4.0 -0.275 -0.160 -0.6374 -0.7575 11.05 
0.462 2 2 2 -4.0 -4.0 -0.251 0.278 -0.6374 -0.8032 11.06 
0.463 2 2 2 -4.0 -4.0 -0.263 -0.482 -0.6474 -0.7723 11.06 
0.464 2 2 2 -4.0 -4.0 -0.235 -0.135 -0.6374 -0.7872 11.05 
0.465 2 2 2 -4.0 -4.0 -0.235 0.236 -0.6583 -0.8032 11.05 
0.466 2 2 2 -4.0 -4.0 -0.226 0.164 -0.6474 -0.7872 11.06 
0.467 2 2 2 -4.0 -4.0 -0.222 0.118 -0.6583 -0.8032 11.05 
0.468 2 2 2 -4.0 -4.0 -0.216 0.502 -0.6583 -0.7723 11.06 
0.469 2 2 2 -4.0 -4.0 -0.222 -0.006 -0.6273 -0.8032 11.06 
0.470 2 2 2 -4.0 -4.0 -0.215 -0.357 -0.6691 -0.7434 11.06 
0.471 2 2 2 -4.0 -4.0 -0.226 -0.299 -0.6374 -0.7723 11.05 
0.472 2 2 2 -4.0 -4.0 -0.212 0.016 -0.6583 -0.8032 11.05 
0.473 2 2 2 -4.0 -4.0 -0.186 0.179 -0.6691 -0.7872 11.06 
0.474 2 2 2 -4.0 -4.0 -0.194 0.472 -0.6374 -0.8032 11.06 
0.475 2 2 2 -4.0 -4.0 -0.216 -0.110 -0.6374 -0.7872 11.06 
0.476 2 2 2 -4.0 -4.0 -0.242 0.065 -0.6177 -0.8032 11.05 
0.477 2 2 2 -4.0 -4.0 -0.221 0.119 -0.6374 -0.7872 11.06 
0.478 2 2 2 -4.0 -4.0 -0.230 -0.175 -0.6474 -0.8032 11.06 
0.479 2 2 2 -4.0 -4.0 -0.231 -0.082 -0.6374 -0.8193 11.06 
0.480 2 2 2 -4.0 -4.0 -0.239 -0.266 -0.6374 -0.8032 11.05 
0.481 2 2 2 -4.0 -4.0 -0.248 -0.361 -0.6474 -0.8032 11.06 
0.482 2 2 2 -4.0 -4.0 -0.253 0.449 -0.6583 -0.8193 11.06 
0.483 2 2 2 -4.0 -4.0 -0.233 -0.267 -0.6691 -0.8032 11.06 
0.484 2 2 2 -4.0 -4.0 -0.220 0.262 -0.6583 -0.8366 11.06 
0.485 2 2 2 -4.0 -4.0 -0.218 -0.293 -0.6583 -0.8193 11.06 
0.486 2 2 2 -4.0 -4.0 -0.237 -0.231 -0.6691 -0.7872 11.06 
0.487 2 2 2 -4.0 -4.0 -0.222 -0.239 -0.6691 -0.8193 11.06 
0.488 2 2 2 -4.0 -4.0 -0.188 0.360 -0.6474 -0.8032 11.06 
0.489 2 2 2 -4.0 -4.0 -0.210 0.562 -0.6804 -0.8193 11.06 
0.490 2 2 2 -4.0 -4.0 -0.220 0.185 -0.6583 -0.8193 11.06 
0.491 2 2 2 -4.0 -4.0 -0.242 0.229 -0.6474 -0.8032 11.06 
0.492 2 2 2 -4.0 -4.0 -0.232 0.216 -0.6691 -0.8193 11.06 
0.493 2 2 2 -4.0 -4.0 -0.239 -0.096 -0.6691 -0.8032 11.06 
0.494 2 2 2 -4.0 -4.0 -0.233 0.247 -0.6583 -0.8193 11.05 
0.495 2 2 2 -4.0 -4.0 -0.226 -0.328 -0.6583 -0.7872 11.06 
0.496 2 2 2 -4.0 -4.0 -0.227 0.304 -0.6374 -0.8193 11.05 
0.497 2 2 2 -4.0 -4.0 -0.219 0.399 -0.6583 -0.8032 11.06 
0.498 2 2 2 -4.0 -4.0 -0.177 0.232 -0.6583 -0.8366 11.06 
0.499 2 2 2 -4.0 -4.0 -0.213 -0.195 -0.6583 -0.8032 11.07 
0.500 2 2 2 -4.0 -4.0 -0.203 0.308 -0.6691 -0.8193 11.06 
0.501 2 2 2 -4.0 -4.0 -0.217 0.129 -0.6474 -0.8032 11.07 
0.502 2 2 2 -4.0 -4.0 -0.215 0.286 -0.6804 -0.8193 11.03 
0.503 2 2 3 0.0 0.0 -0.196 -0.274 -0.6691 -0.7872 11.05 
0.504 2 2 3 0.0 0.0 -0.073 0.209 -0.6583 -0.8032 11.08 
0.505 2 2 3 0.0 0.0 0.124 0.421 -0.6474 -0.8193 11.07 
0.506 2 2 3 0.0 0.0 0.200 0.095 -0.6177 -0.8032 11.09 
0.507 2 2 3 0.0 0.0 0.241 -0.062 -0.6273 -0.7872 11.07 
0.508 2 2 3 0.0 0.0 0.304 -0.376 -0.6085 -0.7575 11.07 
0.509 2 2 3 0.0 0.0 0.353 -0.525 -0.5820 -0.7044 11.09 
0.510 2 2 3 0.0 0.0 0.379 -0.082 -0.5498 -0.6474 11.07 
0.511 2 2 3 0.0 0.0 0.371 0.049 -0.5426 -0.6691 11.07 
0.512 2 2 3 0.0 0.0 0.323 -0.200 -0.5213 -0.5655 11.06 
0.513 2 2 3 0.0 0.0 0.283 -0.212 -0.5213 -0.5992 11.06 
0.514 2 2 3 0.0 0.0 0.250 -0.373 -0.5020 -0.5820 11.06 
0.515 2 2 3 0.0 0.0 0.269 -0.208 -0.4779 -0.5498 11.07 
0.516 2 2 3 0.0 0.0 0.291 -0.038 -0.4667 -0.5426 11.07 
0.517 2 2 3 0.0 0.0 0.283 -0.131 -0.4462 -0.5149 11.09 
0.518 2 2 3 0.0 0.0 0.274 -0.066 -0.4317 -0.5149 11.07 
0.519 2 2 3 0.0 0.0 0.223 0.033 -0.4016 -0.4779 11.07 
0.520 2 2 3 0.0 0.0 0.188 -0.205 -0.3896 -0.4016 11.09 
0.521 2 2 3 0.0 0.0 0.177 -0.408 -0.3462 -0.4137 11.07 
0.522 2 2 3 0.0 0.0 0.184 -0.218 -0.3651 -0.4016 11.07 
0.523 2 2 3 0.0 0.0 0.196 -0.135 -0.3615 -0.3823 11.07 
0.524 2 2 3 0.0 0.0 0.204 0.014 -0.3374 -0.3823 11.07 
0.525 2 2 3 0.0 0.0 0.210 -0.355 -0.3374 -0.3185 11.07 
0.526 2 2 3 0.0 0.0 0.200 0.042 -0.3064 -0.3430 11.07 
0.527 2 2 3 0.0 0.0 0.206 -0.098 -0.3040 -0.3213 11.09 
0.528 2 2 3 0.0 0.0 0.167 0.131 -0.2908 -0.2996 11.07 
0.529 2 2 3 0.0 0.0 0.111 0.065 -0.2767 -0.2996 11.09 
0.530 2 2 3 0.0 0.0 0.112 -0.053 -0.2868 -0.2522 11.08 
0.531 2 2 3 0.0 0.0 0.127 -0.371 -0.2767 -0.2522 11.07 
0.532 2 2 3 0.0 0.0 0.133 -0.075 -0.2767 -0.2623 11.09 
0.533 2 2 3 0.0 0.0 0.145 -0.166 -0.2538 -0.2590 11.09 
0.534 2 2 3 0.0 0.0 0.146 0.145 -0.2538 -0.2590 11.10 
0.535 2 2 3 0.0 0.0 0.154 0.187 -0.2241 -0.2345 11.08 
0.536 2 2 3 0.0 0.0 0.146 0.026 -0.2241 -0.2345 11.07 
0.537 2 2 3 0.0 0.0 0.131 -0.083 -0.2217 -0.1968 11.07 
0.538 2 2 3 0.0 0.0 0.127 -0.089 -0.2113 -0.1968 11.06 
0.539 2 2 3 0.0 0.0 0.120 -0.234 -0.2048 -0.1968 11.06 
0.540 2 2 3 0.0 0.0 0.112 -0.165 -0.2048 -0.1968 11.06 
0.541 2 2 3 0.0 0.0 0.103 -0.129 -0.1868 -0.1598 11.09 
0.542 2 2 3 0.0 0.0 0.084 0.222 -0.1868 -0.1598 11.03 
0.543 2 2 3 0.0 0.0 0.089 0.198 -0.1574 -0.1598 11.08 
0.544 2 2 3 0.0 0.0 0.075 0.113 -0.1574 -0.1462 11.07 
0.545 2 2 3 0.0 0.0 0.059 0.111 -0.1574 -0.1462 11.09 
0.546 2 2 3 0.0 0.0 0.056 -0.437 -0.1578 -0.1462 11.08 
0.547 2 2 3 0.0 0.0 0.070 0.111 -0.1578 -0.1217 11.07 
0.548 2 2 3 0.0 0.0 0.069 -0.158 -0.1486 -0.1112 11.09 
0.549 2 2 3 0.0 0.0 0.053 -0.079 -0.1398 -0.1112 11.07 
0.550 2 2 3 0.0 0.0 0.035 0.160 -0.1398 -0.1112 11.09 
0.551 2 2 3 0.0 0.0 0.026 -0.026 -0.1398 -0.1084 11.08 
0.552 2 2 3 0.0 0.0 0.022 0.020 -0.1173 -0.0948 11.09 
0.553 2 2 3 0.0 0.0 0.026 -0.006 -0.1173 -0.0948 11.07 
0.554 2 2 3 0.0 0.0 0.041 -0.399 -0.1173 -0.0948 11.07 
0.555 2 2 3 0.0 0.0 0.037 -0.010 -0.1173 -0.0948 11.09 
0.556 2 2 3 0.0 0.0 0.043 -0.253 -0.0908 -0.0900 11.10 
0.557 2 2 3 0.0 0.0 0.207 -0.126 -0.0872 -0.0735 11.07 
0.558 2 2 3 0.0 0.0 0.127 -0.258 -0.0872 -0.0663 11.08 
0.559 2 2 3 0.0 0.0 0.078 0.122 -0.0872 -0.0663 11.08 
0.560 2 2 3 0.0 0.0 0.045 -0.237 -0.0872 -0.0663 11.09 
0.561 2 2 3 0.0 0.0 0.044 -0.461 -0.0831 -0.0663 11.10 
0.562 2 2 3 0.0 0.0 0.041 -0.066 -0.0703 -0.0663 11.10 
0.563 2 2 3 0.0 0.0 0.039 0.225 -0.0703 -0.0663 11.08 
0.564 2 2 3 0.0 0.0 0.029 0.422 -0.0703 -0.0627 11.09 
0.565 2 2 3 0.0 0.0 0.030 -0.071 -0.0703 -0.0538 11.07 
0.566 2 2 3 0.0 0.0 0.035 -0.205 -0.0703 -0.0474 11.07 
0.567 2 2 3 0.0 0.0 0.026 -0.639 -0.0703 -0.0426 11.09 
0.568 2 2 3 0.0 0.0 0.025 -0.291 -0.0655 -0.0426 11.09 
0.569 2 2 3 0.0 0.0 0.024 -0.038 -0.0562 -0.0426 11.10 
0.570 2 2 3 0.0 0.0 0.034 0.204 -0.0494 -0.0426 11.08 
0.571 2 2 3 0.0 0.0 0.031 -0.366 -0.0478 -0.0426 11.08 
0.572 2 2 3 0.0 0.0 0.021 -0.300 -0.0478 -0.0426 11.07 
0.573 2 2 3 0.0 0.0 0.020 -0.190 -0.0478 -0.0426 11.09 
0.574 2 2 3 0.0 0.0 0.027 -0.446 -0.0478 -0.0426 11.08 
0.575 2 2 3 0.0 0.0 0.027 0.164 -0.0478 -0.0426 11.07 
0.576 2 2 3 0.0 0.0 0.025 0.054 -0.0478 -0.0426 11.09 
0.577 2 2 3 0.0 0.0 0.024 0.180 -0.0478 -0.0398 11.10 
0.578 2 2 3 0.0 0.0 0.022 0.126 -0.0478 -0.0361 11.09 
0.579 2 2 3 0.0 0.0 0.021 0.226 -0.0458 -0.0329 11.09 
0.580 2 2 3 0.0 0.0 0.029 0.088 -0.0410 -0.0305 11.08 
0.581 2 2 3 0.0 0.0 0.020 0.036 -0.0374 -0.0285 11.09 
0.582 2 2 3 0.0 0.0 0.025 -0.175 -0.0341 -0.0265 11.08 
0.583 2 2 3 0.0 0.0 0.030 -0.125 -0.0313 -0.0249 11.09 
0.584 2 2 3 0.0 0.0 0.028 -0.052 -0.0289 -0.0233 11.08 
0.585 2 2 3 0.0 0.0 0.022 0.090 -0.0269 -0.0221 11.09 
0.586 2 2 3 0.0 0.0 0.032 0.422 -0.0253 -0.0209 11.07 
0.587 2 2 3 0.0 0.0 0.031 0.035 -0.0237 -0.0197 11.08 
0.588 2 2 3 0.0 0.0 0.027 0.087 -0.0225 -0.0189 11.07 
0.589 2 2 3 0.0 0.0 0.030 -0.155 -0.0213 -0.0181 11.09 
0.590 2 2 3 0.0 0.0 0.036 -0.155 -0.0201 -0.0173 11.07 
0.591 2 2 3 0.0 0.0 0.027 -0.091 -0.0193 -0.0165 11.08 
0.592 2 2 3 0.0 0.0 0.022 -0.052 -0.0185 -0.0157 11.08 
0.593 2 2 3 0.0 0.0 0.018 -0.264 -0.0177 -0.0153 11.09 
0.594 2 2 3 0.0 0.0 0.017 0.195 -0.0177 -0.0145 11.09 
0.595 2 2 3 0.0 0.0 0.021 0.433 -0.0177 -0.0141 11.07 
0.596 2 2 3 0.0 0.0 0.019 0.566 -0.0177 -0.0137 11.09 
0.597 2 2 3 0.0 0.0 0.021 0.269 -0.0177 -0.0133 11.09 
0.598 2 2 3 0.0 0.0 0.021 0.138 -0.0177 -0.0129 11.10 
0.599 2 2 3 0.0 0.0 0.019 0.062 -0.0177 -0.0125 11.08 
0.600 2 2 3 0.0 0.0 0.019 0.065 -0.0177 -0.0120 11.07 
0.601 2 2 3 0.0 0.0 0.016 0.168 -0.0177 -0.0116 11.09 
0.602 2 2 3 0.0 0.0 0.020 -0.216 -0.0177 -0.0112 11.09 
0.603 2 2 3 0.0 0.0 0.022 0.049 -0.0177 -0.0108 11.09 
0.604 2 2 3 0.0 0.0 0.018 -0.083 -0.0177 -0.0104 11.09 
0.605 2 2 3 0.0 0.0 0.022 -0.132 -0.0177 -0.0104 11.09 
0.606 2 2 3 0.0 0.0 0.019 -0.096 -0.0177 -0.0100 11.09 
0.607 2 2 3 0.0 0.0 0.017 -0.152 -0.0177 -0.0096 11.09 
0.608 2 2 3 0.0 0.0 0.017 -0.183 -0.0177 -0.0096 11.09 
0.609 2 2 3 0.0 0.0 0.014 0.000 -0.0177 -0.0092 11.09 
0.610 2 2 3 0.0 0.0 0.015 0.038 -0.0177 -0.0092 11.09 
0.611 2 2 3 0.0 0.0 0.019 -0.041 -0.0177 -0.0088 11.08 
0.612 2 2 3 0.0 0.0 0.020 -0.110 -0.0177 -0.0088 11.07 
0.613 2 2 3 0.0 0.0 0.026 -0.285 -0.0177 -0.0084 11.07 
0.614 2 2 3 0.0 0.0 0.022 0.226 -0.0177 -0.0084 11.09 
0.615 2 2 3 0.0 0.0 0.010 0.184 -0.0177 -0.0080 11.09 
0.616 2 2 3 0.0 0.0 0.016 -0.026 -0.0173 -0.0080 11.09 
0.617 2 2 3 0.0 0.0 0.022 0.217 -0.0165 -0.0076 11.09 
0.618 2 2 3 0.0 0.0 0.023 0.075 -0.0157 -0.0076 11.09 
0.619 2 2 3 0.0 0.0 0.021 0.164 -0.0153 -0.0076 11.09 
0.620 2 2 3 0.0 0.0 0.019 0.334 -0.0145 -0.0072 11.09 
0.621 2 2 3 0.0 0.0 0.025 0.206 -0.0141 -0.0072 11.10 
0.622 2 2 3 0.0 0.0 0.019 0.529 -0.0137 -0.0072 11.10 
0.623 2 2 3 0.0 0.0 0.018 -0.091 -0.0133 -0.0068 11.10 
0.624 2 2 3 0.0 0.0 0.010 0.164 -0.0129 -0.0068 11.09 
0.625 2 2 3 0.0 0.0 0.013 0.014 -0.0125 -0.0068 11.09 
0.626 2 2 3 0.0 0.0 0.021 0.105 -0.0120 -0.0064 11.10 
0.627 2 2 3 0.0 0.0 0.021 0.134 -0.0116 -0.0064 11.09 
0.628 2 2 3 0.0 0.0 0.017 0.044 -0.0112 -0.0064 11.09 
0.629 2 2 3 0.0 0.0 0.021 -0.094 -0.0108 -0.0064 11.09 
0.630 2 2 3 0.0 0.0 0.019 -0.231 -0.0104 -0.0060 11.09 
0.631 2 2 3 0.0 0.0 0.021 -0.067 -0.0104 -0.0060 11.09 
0.632 2 2 3 0.0 0.0 0.014 -0.414 -0.0100 -0.0060 11.08 
0.633 2 2 3 0.0 0.0 0.030 -0.409 -0.0096 -0.0060 11.09 
0.634 2 2 3 0.0 0.0 0.025 -0.252 -0.0096 -0.0056 11.07 
0.635 2 2 3 0.0 0.0 0.023 0.046 -0.0092 -0.0056 11.07 
0.636 2 2 3 0.0 0.0 0.026 0.077 -0.0092 -0.0056 11.07 
0.637 2 2 3 0.0 0.0 0.021 -0.108 -0.0088 -0.0056 11.07 
0.638 2 2 3 0.0 0.0 0.021 -0.051 -0.0088 -0.0056 11.09 
0.639 2 2 3 0.0 0.0 0.028 0.068 -0.0084 -0.0052 11.09 
0.640 2 2 3 0.0 0.0 0.021 -0.100 -0.0084 -0.0052 11.10 
0.641 2 2 3 0.0 0.0 0.024 0.244 -0.0080 -0.0052 11.10 
0.642 2 2 3 0.0 0.0 0.014 0.023 -0.0080 -0.0052 11.07 
0.643 2 2 3 0.0 0.0 0.013 0.042 -0.0076 -0.0052 11.09 
0.644 2 2 3 0.0 0.0 0.016 0.080 -0.0076 -0.0048 11.09 
0.645 2 2 3 0.0 0.0 0.021 -0.101 -0.0076 -0.0048 11.10 
0.646 2 2 3 0.0 0.0 0.014 -0.009 -0.0072 -0.0048 11.09 
0.647 2 2 3 0.0 0.0 0.017 0.268 -0.0072 -0.0048 11.09 
0.648 2 2 3 0.0 0.0 0.024 0.256 -0.0072 -0.0048 11.09 
0.649 2 2 3 0.0 0.0 0.016 0.310 -0.0068 -0.0048 11.09 
0.650 2 2 3 0.0 0.0 0.021 0.231 -0.0068 -0.0048 11.09 
0.651 2 2 3 0.0 0.0 0.018 0.207 -0.0068 -0.0044 11.08 
0.652 2 2 3 0.0 0.0 0.029 -0.336 -0.0064 -0.0044 11.07 
0.653 2 2 3 0.0 0.0 0.019 -0.195 -0.0064 -0.0044 11.09 
0.654 2 2 3 0.0 0.0 0.009 -0.472 -0.0064 -0.0044 11.09 
0.655 2 2 3 0.0 0.0 0.013 -0.293 -0.0064 -0.0044 11.09 
0.656 2 2 3 0.0 0.0 0.017 0.168 -0.0060 -0.0044 11.10 
0.657 2 2 3 0.0 0.0 0.017 0.090 -0.0060 -0.0044 11.10 
0.658 2 2 3 0.0 0.0 0.020 0.029 -0.0060 -0.0040 11.09 
0.659 2 2 3 0.0 0.0 0.023 0.031 -0.0060 -0.0040 11.09 
0.660 2 2 3 0.0 0.0 0.172 0.123 -0.0056 -0.0040 11.08 
0.661 2 2 3 0.0 0.0 0.083 -0.006 -0.0056 -0.0040 11.09 
0.662 2 2 3 0.0 0.0 0.039 -0.091 -0.0056 -0.0040 11.09 
0.663 2 2 3 0.0 0.0 0.025 -0.125 -0.0056 -0.0040 11.08 
0.664 2 2 3 0.0 0.0 0.018 -0.216 -0.0056 -0.0040 11.08 
0.665 2 2 3 0.0 0.0 0.014 -0.117 -0.0052 -0.0040 11.07 
