%% logfile from robot Nanna (38)
% Nanna (38)
%  1    time 0.000 sec
%  2  3  4   (mission 0), state 2, thread 19, line 0
%  5  6 Motor voltage [V] left, right: 1.6 1.6
%  7  8 Motor current left, right [A]: 0.070 0.045
%  9 10 Wheel velocity [m/s] left, right: -0.0000 -0.0000
% 11    Battery voltage [V]: 12.33
0.001 2 19 0 1.6 1.6 0.063 0.038 -0.0000 -0.0000 12.33 
0.002 2 19 0 1.6 1.6 0.198 0.204 -0.0000 -0.0000 12.34 
0.003 2 19 0 1.6 1.6 0.294 0.345 -0.0000 -0.0000 12.33 
0.004 2 19 0 1.6 1.6 0.340 0.399 -0.0000 -0.0000 12.33 
0.005 2 19 0 1.6 1.6 0.340 0.417 -0.0000 0.0000 12.31 
0.006 2 19 0 1.6 1.6 0.352 0.427 -0.0000 0.0000 12.32 
0.007 2 19 0 1.6 1.6 0.329 0.422 -0.0000 0.0000 12.32 
0.008 2 19 0 1.6 1.6 0.317 0.404 -0.0000 0.0000 12.32 
0.009 2 19 0 1.6 1.6 0.333 0.405 0.0000 0.0000 12.32 
0.010 2 19 0 1.6 1.6 0.321 0.393 0.0000 0.0000 12.32 
0.011 2 19 0 1.6 1.6 0.290 0.378 0.0000 0.0731 12.32 
0.012 2 19 0 1.6 1.6 0.280 0.375 0.0000 0.0731 12.33 
0.013 2 19 0 1.6 1.6 0.288 0.350 0.0988 0.0731 12.32 
0.014 2 19 0 1.6 1.6 0.302 0.342 0.0988 0.1161 12.32 
0.015 2 19 0 1.6 1.6 0.254 0.327 0.1402 0.1161 12.32 
0.016 2 19 0 1.6 1.6 0.274 0.318 0.1402 0.1161 12.32 
0.017 2 19 0 1.6 1.6 0.276 0.324 0.1402 0.1325 12.32 
0.018 2 19 0 1.6 1.6 0.210 0.330 0.1418 0.1325 12.32 
0.019 2 19 0 1.6 1.6 0.191 0.312 0.1418 0.1325 12.31 
0.020 2 19 0 1.6 1.6 0.187 0.288 0.1418 0.1590 12.32 
0.021 2 19 0 1.6 1.6 0.192 0.289 0.1578 0.1590 12.31 
0.022 2 19 0 1.6 1.6 0.203 0.299 0.1578 0.1687 12.32 
0.023 2 19 0 1.6 1.6 0.204 0.277 0.1506 0.1687 12.32 
0.024 2 19 0 1.6 1.6 0.207 0.267 0.1502 0.1856 12.32 
0.025 2 19 0 1.6 1.6 0.178 0.267 0.1502 0.1856 12.32 
0.026 2 19 0 1.6 1.6 0.195 0.283 0.1831 0.1928 12.32 
0.027 2 19 0 1.6 1.6 0.195 0.293 0.1831 0.1928 12.32 
0.028 2 19 0 1.6 1.6 0.180 0.280 0.1807 0.2145 12.31 
0.029 2 19 0 1.6 1.6 0.192 0.274 0.1807 0.2145 12.33 
0.030 2 19 0 1.6 1.6 0.214 0.280 0.1988 0.2181 12.32 
0.031 2 19 0 1.6 1.6 0.195 0.290 0.1988 0.2181 12.31 
0.032 2 19 0 1.6 1.6 0.185 0.274 0.1956 0.2333 12.33 
0.033 2 19 0 1.6 1.6 0.182 0.272 0.1956 0.2333 12.32 
0.034 2 19 0 1.6 1.6 0.206 0.280 0.2265 0.2345 12.32 
0.035 2 19 0 1.6 1.6 0.217 0.244 0.2265 0.2538 12.32 
0.036 2 19 0 1.6 1.6 0.159 0.225 0.2133 0.2538 12.33 
0.037 2 19 0 1.6 1.6 0.159 0.227 0.2321 0.2659 12.33 
0.038 2 19 0 1.6 1.6 0.164 0.237 0.2321 0.2639 12.33 
0.039 2 19 0 1.6 1.6 0.176 0.240 0.2293 0.2639 12.31 
0.040 2 19 0 1.6 1.6 0.178 0.236 0.2293 0.2639 12.32 
0.041 2 19 0 1.6 1.6 0.170 0.213 0.2522 0.2827 12.32 
0.042 2 19 0 1.6 1.6 0.171 0.227 0.2362 0.2807 12.31 
0.043 2 19 0 1.6 1.6 0.145 0.220 0.2362 0.2807 12.31 
0.044 2 19 0 1.6 1.6 0.123 0.212 0.2574 0.2908 12.32 
0.045 2 19 0 1.6 1.6 0.137 0.200 0.2574 0.3137 12.31 
0.046 2 19 0 1.6 1.6 0.131 0.201 0.2462 0.3016 12.31 
0.047 2 19 0 1.6 1.6 0.129 0.183 0.2807 0.3016 12.31 
0.048 2 19 0 1.6 1.6 0.145 0.193 0.2807 0.2848 12.31 
0.049 2 19 0 1.6 1.6 0.115 0.188 0.2807 0.3040 12.32 
0.050 2 19 0 1.6 1.6 0.120 0.196 0.2731 0.3265 12.33 
0.051 2 19 0 1.6 1.6 0.124 0.188 0.2554 0.3265 12.31 
0.052 2 19 0 1.6 1.6 0.117 0.182 0.2418 0.3185 12.32 
0.053 2 19 0 1.6 1.6 0.137 0.184 0.2868 0.2928 12.33 
0.054 2 19 0 1.6 1.6 0.114 0.172 0.2888 0.3213 12.33 
0.055 2 19 0 1.6 1.6 0.122 0.178 0.2888 0.3213 12.33 
0.056 2 19 0 1.6 1.6 0.111 0.189 0.2848 0.3265 12.32 
0.057 2 19 0 1.6 1.6 0.149 0.176 0.2434 0.3346 12.31 
0.058 2 19 0 1.6 1.6 0.145 0.168 0.2434 0.3550 12.31 
0.059 2 19 0 1.6 1.6 0.157 0.174 0.3064 0.3346 12.33 
0.060 2 19 0 1.6 1.6 0.143 0.180 0.2908 0.3550 12.33 
0.061 2 19 0 1.6 1.6 0.128 0.187 0.2996 0.3430 12.32 
0.062 2 19 0 1.6 1.6 0.123 0.179 0.2996 0.3430 12.31 
0.063 2 19 0 1.6 1.6 0.108 0.181 0.2952 0.3346 12.32 
0.064 2 19 0 1.6 1.6 0.095 0.190 0.3113 0.3462 12.31 
0.065 2 19 0 1.6 1.6 0.115 0.185 0.3137 0.3374 12.33 
0.066 2 19 0 1.6 1.6 0.105 0.198 0.3137 0.3615 12.32 
0.067 2 19 0 1.6 1.6 0.119 0.158 0.3088 0.3751 12.32 
0.068 2 19 0 1.6 1.6 0.124 0.166 0.2888 0.3550 12.32 
0.069 2 19 0 1.6 1.6 0.147 0.161 0.3265 0.3402 12.31 
0.070 2 19 0 1.6 1.6 0.138 0.152 0.3265 0.3402 12.32 
0.071 2 19 0 1.6 1.6 0.107 0.149 0.2996 0.3651 12.32 
0.072 2 19 0 1.6 1.6 0.096 0.164 0.3237 0.3683 12.32 
0.073 2 19 0 1.6 1.6 0.112 0.163 0.3161 0.3683 12.32 
0.074 2 19 0 1.6 1.6 0.117 0.164 0.3346 0.3582 12.31 
0.075 2 19 0 1.6 1.6 0.108 0.133 0.3346 0.3823 12.32 
0.076 2 19 0 1.6 1.6 0.110 0.126 0.2972 0.3860 12.32 
0.077 2 19 0 1.6 1.6 0.116 0.145 0.3317 0.3787 12.32 
0.078 2 19 0 1.6 1.6 0.104 0.131 0.3185 0.3751 12.34 
0.079 2 19 0 1.6 1.6 0.149 0.130 0.3490 0.3860 12.32 
0.080 2 19 0 1.6 1.6 0.148 0.128 0.3462 0.3896 12.33 
0.081 2 19 0 1.6 1.6 0.115 0.141 0.3237 0.3860 12.32 
0.082 2 19 0 1.6 1.6 0.103 0.155 0.3430 0.3651 12.32 
0.083 2 19 0 1.6 1.6 0.104 0.152 0.3237 0.3936 12.32 
0.084 2 19 0 1.6 1.6 0.094 0.133 0.3550 0.3860 12.32 
0.085 2 19 0 1.6 1.6 0.110 0.137 0.3237 0.3896 12.32 
0.086 2 19 0 1.6 1.6 0.114 0.131 0.3237 0.3823 12.32 
0.087 2 19 0 1.6 1.6 0.110 0.137 0.3430 0.3976 12.33 
0.088 2 19 0 1.6 1.6 0.125 0.134 0.3289 0.3860 12.32 
0.089 2 19 0 1.6 1.6 0.144 0.134 0.3582 0.3896 12.32 
0.090 2 19 0 1.6 1.6 0.103 0.149 0.3289 0.3896 12.31 
0.091 2 19 0 1.6 1.6 0.089 0.170 0.3490 0.3823 12.33 
0.092 2 19 0 1.6 1.6 0.110 0.160 0.3185 0.4097 12.32 
0.093 2 19 0 1.6 1.6 0.099 0.124 0.3161 0.3976 12.31 
0.094 2 19 0 1.6 1.6 0.063 0.127 0.3615 0.3976 12.31 
0.095 2 19 0 1.6 1.6 0.095 0.133 0.3346 0.3860 12.32 
0.096 2 19 0 1.6 1.6 0.125 0.129 0.3522 0.3976 12.31 
0.097 2 19 0 1.6 1.6 0.102 0.109 0.3265 0.3976 12.32 
0.098 2 19 0 1.6 1.6 0.093 0.109 0.3683 0.4181 12.32 
0.099 2 19 0 1.6 1.6 0.123 0.121 0.3402 0.4181 12.32 
0.100 2 19 0 1.6 1.6 0.116 0.116 0.3402 0.3860 12.31 
0.101 2 19 0 1.6 1.6 0.089 0.117 0.3582 0.3976 12.32 
0.102 2 19 0 1.6 1.6 0.090 0.095 0.3490 0.4137 12.32 
0.103 2 19 0 1.6 1.6 0.078 0.086 0.3715 0.4181 12.32 
0.104 2 19 0 1.6 1.6 0.069 0.101 0.3374 0.3787 12.32 
0.105 2 19 0 1.6 1.6 0.074 0.112 0.3651 0.3936 12.32 
0.106 2 19 0 1.6 1.6 0.078 0.131 0.3402 0.4016 12.32 
0.107 2 19 0 1.6 1.6 0.088 0.110 0.3787 0.4097 12.34 
0.108 2 19 0 1.6 1.6 0.082 0.107 0.3751 0.4269 12.32 
0.109 2 19 0 1.6 1.6 0.080 0.126 0.3683 0.4225 12.32 
0.110 2 19 0 1.6 1.6 0.064 0.109 0.3683 0.4317 12.33 
0.111 2 19 0 1.6 1.6 0.070 0.107 0.3289 0.4269 12.32 
0.112 2 19 0 1.6 1.6 0.082 0.109 0.3751 0.4016 12.32 
0.113 2 19 0 1.6 1.6 0.055 0.125 0.3787 0.4097 12.32 
0.114 2 19 0 1.6 1.6 0.074 0.140 0.3683 0.3976 12.32 
0.115 2 19 0 1.6 1.6 0.096 0.146 0.3113 0.4097 12.32 
0.116 2 19 0 1.6 1.6 0.121 0.131 0.3823 0.4269 12.32 
0.117 2 19 0 1.6 1.6 0.131 0.136 0.3615 0.4225 12.32 
0.118 2 19 0 1.6 1.6 0.099 0.132 0.3751 0.3936 12.31 
0.119 2 19 0 1.6 1.6 0.085 0.112 0.3751 0.4097 12.31 
0.120 2 19 0 1.6 1.6 0.091 0.130 0.3715 0.4181 12.32 
0.121 2 19 0 1.6 1.6 0.058 0.130 0.3860 0.4225 12.32 
0.122 2 19 0 1.6 1.6 0.068 0.145 0.3823 0.4181 12.32 
0.123 2 19 0 1.6 1.6 0.062 0.124 0.3787 0.4269 12.32 
0.124 2 19 0 1.6 1.6 0.082 0.103 0.3462 0.4317 12.32 
0.125 2 19 0 1.6 1.6 0.098 0.103 0.3896 0.4269 12.32 
0.126 2 19 0 1.6 1.6 0.080 0.092 0.3522 0.4317 12.32 
0.127 2 19 0 1.6 1.6 0.081 0.086 0.3823 0.4362 12.31 
0.128 2 19 0 1.6 1.6 0.085 0.092 0.3715 0.4362 12.32 
0.129 2 19 0 1.6 1.6 0.071 0.097 0.3860 0.4225 12.32 
0.130 2 19 0 1.6 1.6 0.074 0.102 0.3430 0.4317 12.33 
0.131 2 19 0 1.6 1.6 0.094 0.117 0.3751 0.4317 12.32 
0.132 2 19 0 1.6 1.6 0.076 0.119 0.3751 0.4317 12.32 
0.133 2 19 0 1.6 1.6 0.087 0.099 0.3582 0.4269 12.32 
0.134 2 19 0 1.6 1.6 0.096 0.108 0.3936 0.4317 12.32 
0.135 2 19 0 1.6 1.6 0.090 0.108 0.3615 0.4317 12.32 
0.136 2 19 0 1.6 1.6 0.085 0.130 0.3787 0.4317 12.33 
0.137 2 19 0 1.6 1.6 0.078 0.149 0.3651 0.4269 12.33 
0.138 2 19 0 1.6 1.6 0.071 0.122 0.3936 0.4362 12.32 
0.139 2 19 0 1.6 1.6 0.087 0.124 0.3615 0.4410 12.32 
0.140 2 19 0 1.6 1.6 0.076 0.111 0.3860 0.4317 12.31 
0.141 2 19 0 1.6 1.6 0.087 0.114 0.3715 0.4362 12.32 
0.142 2 19 0 1.6 1.6 0.091 0.104 0.4016 0.4362 12.33 
0.143 2 19 0 1.6 1.6 0.075 0.107 0.3651 0.4362 12.32 
0.144 2 19 0 1.6 1.6 0.068 0.119 0.3896 0.4510 12.32 
0.145 2 19 0 1.6 1.6 0.076 0.098 0.3522 0.4462 12.32 
0.146 2 19 0 1.6 1.6 0.051 0.105 0.4016 0.4269 12.32 
0.147 2 19 0 1.6 1.6 0.059 0.095 0.3683 0.4317 12.31 
0.148 2 19 0 1.6 1.6 0.051 0.094 0.3896 0.4410 12.32 
0.149 2 19 0 1.6 1.6 0.070 0.092 0.3896 0.4410 12.32 
0.150 2 19 0 1.6 1.6 0.062 0.090 0.3615 0.3976 12.32 
0.151 2 19 0 1.6 1.6 0.100 0.105 0.4016 0.4137 12.32 
0.152 2 19 0 1.6 1.6 0.066 0.118 0.3715 0.4317 12.32 
0.153 2 19 0 1.6 1.6 0.069 0.114 0.3936 0.4462 12.33 
0.154 2 19 0 1.6 1.6 0.074 0.099 0.3787 0.4410 12.31 
0.155 2 19 0 1.6 1.6 0.067 0.111 0.3936 0.4510 12.31 
0.156 2 19 0 1.6 1.6 0.062 0.098 0.3683 0.4462 12.32 
0.157 2 19 0 1.6 1.6 0.058 0.103 0.3936 0.4362 12.32 
0.158 2 19 0 1.6 1.6 0.052 0.112 0.3683 0.4362 12.32 
0.159 2 19 0 1.6 1.6 0.060 0.130 0.3896 0.4317 12.32 
0.160 2 19 0 1.6 1.6 0.071 0.144 0.4016 0.4410 12.32 
0.161 2 19 0 1.6 1.6 0.070 0.115 0.3976 0.4410 12.33 
0.162 2 19 0 1.6 1.6 0.070 0.111 0.3522 0.4317 12.32 
0.163 2 19 0 1.6 1.6 0.071 0.092 0.4016 0.4410 12.32 
0.164 2 19 0 1.6 1.6 0.079 0.107 0.4056 0.4462 12.31 
0.165 2 19 0 1.6 1.6 0.051 0.103 0.3896 0.4462 12.31 
0.166 2 19 0 1.6 1.6 0.095 0.100 0.3289 0.4410 12.33 
0.167 2 19 0 1.6 1.6 0.085 0.094 0.3651 0.4510 12.32 
0.168 2 19 0 1.6 1.6 0.114 0.080 0.3823 0.4562 12.32 
0.169 2 19 0 1.6 1.6 0.089 0.092 0.3936 0.4510 12.32 
0.170 2 19 0 1.6 1.6 0.093 0.078 0.3896 0.4462 12.32 
0.171 2 19 0 1.6 1.6 0.080 0.080 0.3976 0.4510 12.32 
0.172 2 19 0 1.6 1.6 0.079 0.099 0.4016 0.4510 12.32 
0.173 2 19 0 1.6 1.6 0.060 0.107 0.3936 0.4410 12.31 
0.174 2 19 0 1.6 1.6 0.061 0.111 0.3683 0.4462 12.32 
0.175 2 19 0 1.6 1.6 0.099 0.110 0.3615 0.4462 12.32 
0.176 2 19 0 1.6 1.6 0.094 0.105 0.3860 0.4462 12.32 
0.177 2 19 0 1.6 1.6 0.077 0.086 0.3683 0.4410 12.32 
0.178 2 19 0 1.6 1.6 0.081 0.092 0.3976 0.4462 12.32 
0.179 2 19 0 1.6 1.6 0.081 0.103 0.3896 0.4410 12.32 
0.180 2 19 0 1.6 1.6 0.073 0.112 0.4016 0.4410 12.33 
0.181 2 19 0 1.6 1.6 0.094 0.113 0.3615 0.4410 12.33 
0.182 2 19 0 1.6 1.6 0.084 0.099 0.3976 0.4510 12.32 
0.183 2 19 0 1.6 1.6 0.083 0.105 0.3787 0.4510 12.32 
0.184 2 19 0 1.6 1.6 0.096 0.100 0.3976 0.4410 12.32 
0.185 2 19 0 1.6 1.6 0.088 0.098 0.3823 0.4462 12.33 
0.186 2 19 0 1.6 1.6 0.083 0.095 0.4016 0.4462 12.32 
0.187 2 19 0 1.6 1.6 0.082 0.083 0.3823 0.4462 12.32 
0.188 2 19 0 1.6 1.6 0.059 0.088 0.3976 0.4615 12.32 
0.189 2 19 0 1.6 1.6 0.082 0.083 0.3787 0.4317 12.32 
0.190 2 19 0 1.6 1.6 0.077 0.092 0.3936 0.4462 12.32 
0.191 2 19 0 1.6 1.6 0.085 0.060 0.3860 0.4562 12.33 
0.192 2 19 0 1.6 1.6 0.090 0.057 0.4056 0.4562 12.33 
0.193 2 19 0 1.6 1.6 0.067 0.076 0.3787 0.4362 12.33 
0.194 2 19 0 1.6 1.6 0.046 0.091 0.3936 0.4410 12.32 
0.195 2 19 0 1.6 1.6 0.054 0.099 0.3651 0.4462 12.32 
0.196 2 19 0 1.6 1.6 0.036 0.099 0.3896 0.4510 12.32 
0.197 2 19 0 1.6 1.6 0.047 0.108 0.3860 0.4615 12.32 
0.198 2 19 0 1.6 1.6 0.066 0.098 0.3976 0.4615 12.31 
0.199 2 19 0 1.6 1.6 0.066 0.085 0.3751 0.4615 12.31 
0.200 2 19 0 1.6 1.6 0.075 0.094 0.3976 0.4510 12.32 
0.201 2 19 1 4.0 4.0 0.072 0.099 0.3860 0.4510 12.32 
0.202 2 19 1 4.0 4.0 0.207 0.160 0.3976 0.4410 12.31 
0.203 2 19 1 4.0 4.0 0.394 0.416 0.3936 0.4510 12.31 
0.204 2 19 1 4.0 4.0 0.534 0.523 0.4137 0.4723 12.30 
0.205 2 19 1 4.0 4.0 0.610 0.622 0.4137 0.4723 12.30 
0.206 2 19 1 4.0 4.0 0.635 0.662 0.4362 0.4956 12.30 
0.207 2 19 1 4.0 4.0 0.662 0.691 0.4410 0.5149 12.27 
0.208 2 19 1 4.0 4.0 0.701 0.683 0.4896 0.5281 12.27 
0.209 2 19 1 4.0 4.0 0.595 0.632 0.5020 0.5498 12.29 
0.210 2 19 1 4.0 4.0 0.560 0.574 0.4836 0.5735 12.29 
0.211 2 19 1 4.0 4.0 0.538 0.590 0.5426 0.5820 12.28 
0.212 2 19 1 4.0 4.0 0.545 0.586 0.5575 0.5992 12.28 
0.213 2 19 1 4.0 4.0 0.590 0.585 0.5213 0.6177 12.29 
0.214 2 19 1 4.0 4.0 0.640 0.604 0.5735 0.6085 12.28 
0.215 2 19 1 4.0 4.0 0.502 0.522 0.5904 0.6374 12.27 
0.216 2 19 1 4.0 4.0 0.484 0.517 0.6273 0.6474 12.29 
0.217 2 19 1 4.0 4.0 0.476 0.522 0.6374 0.6691 12.31 
0.218 2 19 1 4.0 4.0 0.474 0.534 0.6177 0.6804 12.30 
0.219 2 19 1 4.0 4.0 0.518 0.572 0.6374 0.7044 12.28 
0.220 2 19 1 4.0 4.0 0.429 0.467 0.6583 0.7302 12.29 
0.221 2 19 1 4.0 4.0 0.431 0.465 0.6804 0.7169 12.29 
0.222 2 19 1 4.0 4.0 0.439 0.490 0.6691 0.7302 12.30 
0.223 2 19 1 4.0 4.0 0.462 0.487 0.6804 0.7723 12.30 
0.224 2 19 1 4.0 4.0 0.444 0.433 0.6924 0.7434 12.30 
0.225 2 19 1 4.0 4.0 0.412 0.412 0.7044 0.7723 12.30 
0.226 2 19 1 4.0 4.0 0.408 0.422 0.7169 0.7575 12.28 
0.227 2 19 1 4.0 4.0 0.385 0.441 0.7302 0.7723 12.30 
0.228 2 19 1 4.0 4.0 0.429 0.390 0.7575 0.8032 12.27 
0.229 2 19 1 4.0 4.0 0.345 0.396 0.7302 0.8193 12.30 
0.230 2 19 1 4.0 4.0 0.334 0.408 0.7723 0.8193 12.30 
0.231 2 19 1 4.0 4.0 0.336 0.420 0.7872 0.8032 12.28 
0.232 2 19 1 4.0 4.0 0.374 0.403 0.7872 0.8366 12.29 
0.233 2 19 1 4.0 4.0 0.321 0.386 0.7872 0.8193 12.31 
0.234 2 19 1 4.0 4.0 0.316 0.383 0.8032 0.8543 12.30 
0.235 2 19 1 4.0 4.0 0.316 0.400 0.7872 0.8543 12.30 
0.236 2 19 1 4.0 4.0 0.363 0.355 0.8032 0.8924 12.28 
0.237 2 19 1 4.0 4.0 0.296 0.345 0.8193 0.8924 12.30 
0.238 2 19 1 4.0 4.0 0.290 0.356 0.8032 0.8924 12.30 
0.239 2 19 1 4.0 4.0 0.306 0.365 0.8366 0.8924 12.30 
0.240 2 19 1 4.0 4.0 0.365 0.324 0.8193 0.8924 12.31 
0.241 2 19 1 4.0 4.0 0.291 0.316 0.8543 0.9125 12.30 
0.242 2 19 1 4.0 4.0 0.268 0.333 0.8924 0.9125 12.30 
0.243 2 19 1 4.0 4.0 0.268 0.319 0.8543 0.9338 12.31 
0.244 2 19 1 4.0 4.0 0.313 0.284 0.8366 0.9338 12.32 
0.245 2 19 1 4.0 4.0 0.271 0.292 0.8727 0.9338 12.31 
0.246 2 19 1 4.0 4.0 0.251 0.316 0.8543 0.9559 12.30 
0.247 2 19 1 4.0 4.0 0.270 0.284 0.8727 0.9559 12.31 
0.248 2 19 1 4.0 4.0 0.286 0.263 0.8924 0.9559 12.31 
0.249 2 19 1 4.0 4.0 0.256 0.294 0.9125 0.9559 12.30 
0.250 2 19 1 4.0 4.0 0.233 0.290 0.9125 0.9559 12.29 
0.251 2 19 1 4.0 4.0 0.272 0.282 0.9338 1.0041 12.31 
0.252 2 19 1 4.0 4.0 0.261 0.293 0.9125 1.0041 12.31 
0.253 2 19 1 4.0 4.0 0.233 0.337 0.9125 1.0298 12.30 
0.254 2 19 1 4.0 4.0 0.231 0.290 0.9125 1.0041 12.30 
0.255 2 19 1 4.0 4.0 0.255 0.263 0.9338 1.0041 12.30 
0.256 2 19 1 4.0 4.0 0.232 0.282 0.9559 1.0041 12.32 
0.257 2 19 1 4.0 4.0 0.212 0.259 0.9559 1.0298 12.31 
0.258 2 19 1 4.0 4.0 0.242 0.228 0.9796 1.0298 12.31 
0.259 2 19 1 4.0 4.0 0.237 0.255 0.9796 1.0298 12.32 
0.260 2 19 1 4.0 4.0 0.201 0.263 0.9796 1.0298 12.30 
0.261 2 19 1 4.0 4.0 0.221 0.248 0.8924 1.0298 12.29 
0.262 2 19 1 4.0 4.0 0.232 0.235 0.9338 1.0298 12.30 
0.263 2 19 1 4.0 4.0 0.218 0.244 0.9796 1.0567 12.31 
0.264 2 19 1 4.0 4.0 0.184 0.240 0.9796 1.0567 12.30 
0.265 2 19 1 4.0 4.0 0.238 0.225 0.9559 1.0852 12.29 
0.266 2 19 1 4.0 4.0 0.218 0.217 0.9796 1.0567 12.29 
0.267 2 19 1 4.0 4.0 0.199 0.201 0.9796 1.0567 12.31 
0.268 2 19 1 4.0 4.0 0.222 0.209 1.0041 1.0298 12.31 
0.269 2 19 1 4.0 4.0 0.211 0.215 1.0041 1.0567 12.31 
0.270 2 19 1 4.0 4.0 0.185 0.228 0.9338 1.0852 12.31 
0.271 2 19 1 4.0 4.0 0.192 0.234 1.0041 1.0852 12.32 
0.272 2 19 1 4.0 4.0 0.226 0.253 1.0041 1.0852 12.31 
0.273 2 19 1 4.0 4.0 0.184 0.214 1.0041 1.0567 12.30 
0.274 2 19 1 4.0 4.0 0.187 0.206 1.0041 1.0567 12.30 
0.275 2 19 1 4.0 4.0 0.233 0.209 1.0298 1.0852 12.32 
0.276 2 19 1 4.0 4.0 0.183 0.189 1.0298 1.0852 12.30 
0.277 2 19 1 4.0 4.0 0.165 0.176 1.0298 1.0852 12.31 
0.278 2 19 1 4.0 4.0 0.191 0.202 1.0567 1.0852 12.30 
0.279 2 19 1 4.0 4.0 0.188 0.205 1.0298 1.0852 12.31 
0.280 2 19 1 4.0 4.0 0.156 0.187 1.0567 1.0852 12.29 
0.281 2 19 1 4.0 4.0 0.157 0.214 1.0298 1.0852 12.29 
0.282 2 19 1 4.0 4.0 0.211 0.192 1.0298 1.1153 12.31 
0.283 2 19 1 4.0 4.0 0.165 0.198 1.0567 1.1153 12.32 
0.284 2 19 1 4.0 4.0 0.142 0.213 1.0298 1.1153 12.32 
0.285 2 19 1 4.0 4.0 0.189 0.182 1.0298 1.1474 12.31 
0.286 2 19 1 4.0 4.0 0.181 0.180 1.0567 1.1153 12.31 
0.287 2 19 1 4.0 4.0 0.169 0.187 1.0298 1.1474 12.31 
0.288 2 19 1 4.0 4.0 0.183 0.189 1.0567 1.1474 12.30 
0.289 2 19 1 4.0 4.0 0.185 0.170 1.0567 1.1474 12.31 
0.290 2 19 1 4.0 4.0 0.173 0.208 1.0567 1.1474 12.30 
0.291 2 19 1 4.0 4.0 0.227 0.161 1.0567 1.1153 12.30 
0.292 2 19 1 4.0 4.0 0.176 0.143 1.0298 1.1153 12.31 
0.293 2 19 1 4.0 4.0 0.138 0.168 1.0567 1.1474 12.29 
0.294 2 19 1 4.0 4.0 0.188 0.173 1.0852 1.1474 12.32 
0.295 2 19 1 4.0 4.0 0.161 0.166 1.0567 1.1153 12.32 
0.296 2 19 1 4.0 4.0 0.130 0.182 1.0567 1.1153 12.32 
0.297 2 19 1 4.0 4.0 0.159 0.176 1.0852 1.1474 12.32 
0.298 2 19 1 4.0 4.0 0.150 0.189 1.0567 1.1474 12.29 
0.299 2 19 1 4.0 4.0 0.114 0.183 1.0852 1.1812 12.31 
0.300 2 19 1 4.0 4.0 0.163 0.150 1.0567 1.1474 12.31 
0.301 2 19 1 4.0 4.0 0.161 0.156 1.0567 1.1812 12.29 
0.302 2 19 1 4.0 4.0 0.118 0.170 1.0852 1.1474 12.29 
0.303 2 19 1 4.0 4.0 0.166 0.155 1.0852 1.1153 12.31 
0.304 2 19 1 4.0 4.0 0.162 0.152 1.0852 1.1153 12.29 
0.305 2 19 1 4.0 4.0 0.144 0.168 1.0567 1.1474 12.31 
0.306 2 19 1 4.0 4.0 0.158 0.154 1.0567 1.1812 12.30 
0.307 2 19 1 4.0 4.0 0.175 0.168 1.0852 1.1812 12.30 
0.308 2 19 1 4.0 4.0 0.152 0.170 1.0852 1.1474 12.31 
0.309 2 19 1 4.0 4.0 0.138 0.168 1.0852 1.1474 12.31 
0.310 2 19 1 4.0 4.0 0.167 0.161 1.0852 1.1474 12.30 
0.311 2 19 1 4.0 4.0 0.141 0.160 1.0852 1.1812 12.29 
0.312 2 19 1 4.0 4.0 0.138 0.138 1.0852 1.1812 12.29 
0.313 2 19 1 4.0 4.0 0.171 0.141 1.0852 1.1474 12.30 
0.314 2 19 1 4.0 4.0 0.148 0.156 1.1153 1.1474 12.29 
0.315 2 19 1 4.0 4.0 0.109 0.151 1.0852 1.1474 12.30 
0.316 2 19 1 4.0 4.0 0.154 0.170 1.1153 1.1812 12.30 
0.317 2 19 1 4.0 4.0 0.122 0.144 1.1153 1.1812 12.31 
0.318 2 19 1 4.0 4.0 0.123 0.137 1.0567 1.1812 12.31 
0.319 2 19 1 4.0 4.0 0.153 0.156 1.0852 1.1812 12.30 
0.320 2 19 1 4.0 4.0 0.116 0.160 1.1153 1.0852 12.31 
0.321 2 19 1 4.0 4.0 0.109 0.158 1.0852 1.1474 12.31 
0.322 2 19 1 4.0 4.0 0.163 0.154 1.0852 1.1812 12.31 
0.323 2 19 1 4.0 4.0 0.141 0.154 1.1153 1.1812 12.31 
0.324 2 19 1 4.0 4.0 0.128 0.161 1.0852 1.1812 12.32 
0.325 2 19 1 4.0 4.0 0.162 0.163 1.1153 1.1812 12.31 
0.326 2 19 1 4.0 4.0 0.123 0.149 1.1153 1.1812 12.31 
0.327 2 19 1 4.0 4.0 0.130 0.151 1.1153 1.1812 12.30 
0.328 2 19 1 4.0 4.0 0.175 0.146 1.0852 1.1812 12.32 
0.329 2 19 1 4.0 4.0 0.126 0.138 1.1153 1.1812 12.32 
0.330 2 19 1 4.0 4.0 0.135 0.152 1.0852 1.1812 12.30 
0.331 2 19 1 4.0 4.0 0.151 0.133 1.1153 1.1812 12.30 
0.332 2 19 1 4.0 4.0 0.142 0.135 1.1153 1.1812 12.31 
0.333 2 19 1 4.0 4.0 0.120 0.168 1.0852 1.2169 12.31 
0.334 2 19 1 4.0 4.0 0.144 0.153 1.1153 1.2169 12.31 
0.335 2 19 1 4.0 4.0 0.140 0.133 1.1153 1.2169 12.32 
0.336 2 19 1 4.0 4.0 0.108 0.137 1.0852 1.2169 12.31 
0.337 2 19 1 4.0 4.0 0.157 0.105 1.1153 1.1812 12.31 
0.338 2 19 1 4.0 4.0 0.117 0.132 1.1474 1.1812 12.30 
0.339 2 19 1 4.0 4.0 0.095 0.141 1.1153 1.2169 12.30 
0.340 2 19 1 4.0 4.0 0.146 0.132 1.1153 1.2169 12.30 
0.341 2 19 1 4.0 4.0 0.126 0.159 1.1474 1.2551 12.31 
0.342 2 19 1 4.0 4.0 0.121 0.142 1.1153 1.2169 12.32 
0.343 2 19 1 4.0 4.0 0.161 0.128 1.1153 1.2169 12.29 
0.344 2 19 1 4.0 4.0 0.113 0.141 1.1474 1.2551 12.30 
0.345 2 19 1 4.0 4.0 0.105 0.126 1.1153 1.2169 12.30 
0.346 2 19 1 4.0 4.0 0.169 0.113 1.1153 1.1812 12.29 
0.347 2 19 1 4.0 4.0 0.111 0.146 1.1153 1.1812 12.29 
0.348 2 19 1 4.0 4.0 0.116 0.138 1.1153 1.1812 12.32 
0.349 2 19 1 4.0 4.0 0.146 0.122 1.1153 1.1812 12.30 
0.350 2 19 1 4.0 4.0 0.095 0.134 1.1474 1.2169 12.31 
0.351 2 19 1 4.0 4.0 0.085 0.136 1.1153 1.2169 12.30 
0.352 2 19 2 -4.0 -4.0 0.139 0.137 1.1474 1.1812 12.32 
0.353 2 19 2 -4.0 -4.0 -0.333 -0.041 1.1474 1.2169 12.28 
0.354 2 19 2 -4.0 -4.0 -1.061 -0.806 1.0852 1.1812 12.23 
0.355 2 19 2 -4.0 -4.0 -1.299 -1.251 1.0567 1.1812 12.22 
0.356 2 19 2 -4.0 -4.0 -1.507 -1.593 1.0567 1.1153 12.20 
0.357 2 19 2 -4.0 -4.0 -1.735 -1.865 1.0041 1.0567 12.18 
0.358 2 19 2 -4.0 -4.0 -1.830 -1.970 0.8924 1.0041 12.18 
0.359 2 19 2 -4.0 -4.0 -1.624 -1.776 0.7872 0.9796 12.16 
0.360 2 19 2 -4.0 -4.0 -1.605 -1.795 0.7723 0.8727 12.16 
0.361 2 19 2 -4.0 -4.0 -1.718 -1.864 0.6804 0.7723 12.14 
0.362 2 19 2 -4.0 -4.0 -1.730 -1.887 0.6273 0.7044 12.13 
0.363 2 19 2 -4.0 -4.0 -1.675 -1.558 0.6085 0.6924 12.17 
0.364 2 19 2 -4.0 -4.0 -1.432 -1.601 0.5281 0.6177 12.19 
0.365 2 19 2 -4.0 -4.0 -1.385 -1.681 0.4779 0.5820 12.19 
0.366 2 19 2 -4.0 -4.0 -1.433 -1.713 0.4462 0.5426 12.20 
0.367 2 19 2 -4.0 -4.0 -1.499 -1.673 0.3522 0.4896 12.19 
0.368 2 19 2 -4.0 -4.0 -1.482 -1.698 0.3137 0.3787 12.16 
0.369 2 19 2 -4.0 -4.0 -1.485 -1.491 0.2522 0.3490 12.17 
0.370 2 19 2 -4.0 -4.0 -1.436 -1.365 0.2522 0.2908 12.18 
0.371 2 19 2 -4.0 -4.0 -1.356 -1.381 0.1767 0.2908 12.21 
0.372 2 19 2 -4.0 -4.0 -1.290 -1.382 0.1225 0.2229 12.21 
0.373 2 19 2 -4.0 -4.0 -1.301 -1.391 0.1088 0.2229 12.19 
0.374 2 19 2 -4.0 -4.0 -1.214 -1.373 0.1088 0.1687 12.21 
0.375 2 19 2 -4.0 -4.0 -1.197 -1.341 -0.1671 0.1185 12.21 
0.376 2 19 2 -4.0 -4.0 -1.165 -1.289 -0.1671 0.0916 12.20 
0.377 2 19 2 -4.0 -4.0 -1.084 -1.245 -0.1671 0.0743 12.21 
0.378 2 19 2 -4.0 -4.0 -1.054 -1.214 -0.1257 0.0627 12.22 
0.379 2 19 2 -4.0 -4.0 -1.011 -1.183 -0.1205 0.0542 12.22 
0.380 2 19 2 -4.0 -4.0 -0.975 -1.156 -0.2193 -0.0486 12.23 
0.381 2 19 2 -4.0 -4.0 -0.948 -1.125 -0.2193 -0.0486 12.21 
0.382 2 19 2 -4.0 -4.0 -0.927 -1.064 -0.2574 -0.1940 12.23 
0.383 2 19 2 -4.0 -4.0 -0.877 -1.016 -0.3237 -0.1940 12.24 
0.384 2 19 2 -4.0 -4.0 -0.850 -0.980 -0.3317 -0.2462 12.22 
0.385 2 19 2 -4.0 -4.0 -0.826 -0.996 -0.3317 -0.2908 12.23 
0.386 2 19 2 -4.0 -4.0 -0.761 -0.894 -0.3896 -0.2908 12.24 
0.387 2 19 2 -4.0 -4.0 -0.750 -0.797 -0.4097 -0.2996 12.24 
0.388 2 19 2 -4.0 -4.0 -0.746 -0.811 -0.4137 -0.3430 12.24 
0.389 2 19 2 -4.0 -4.0 -0.719 -0.812 -0.4362 -0.3715 12.26 
0.390 2 19 2 -4.0 -4.0 -0.681 -0.796 -0.4362 -0.4016 12.23 
0.391 2 19 2 -4.0 -4.0 -0.670 -0.784 -0.4723 -0.4097 12.22 
0.392 2 19 2 -4.0 -4.0 -0.683 -0.766 -0.4896 -0.4225 12.25 
0.393 2 19 2 -4.0 -4.0 -0.581 -0.730 -0.5149 -0.4462 12.26 
0.394 2 19 2 -4.0 -4.0 -0.600 -0.657 -0.5426 -0.4667 12.27 
0.395 2 19 2 -4.0 -4.0 -0.566 -0.635 -0.5354 -0.4836 12.25 
0.396 2 19 2 -4.0 -4.0 -0.568 -0.651 -0.5820 -0.5020 12.26 
0.397 2 19 2 -4.0 -4.0 -0.512 -0.653 -0.6177 -0.5149 12.27 
0.398 2 19 2 -4.0 -4.0 -0.531 -0.658 -0.6273 -0.5354 12.25 
0.399 2 19 2 -4.0 -4.0 -0.561 -0.651 -0.6374 -0.5655 12.26 
0.400 2 19 2 -4.0 -4.0 -0.544 -0.555 -0.5904 -0.5735 12.27 
0.401 2 19 2 -4.0 -4.0 -0.496 -0.575 -0.6583 -0.5820 12.28 
0.402 2 19 2 -4.0 -4.0 -0.483 -0.573 -0.6474 -0.6085 12.27 
0.403 2 19 2 -4.0 -4.0 -0.474 -0.555 -0.6804 -0.6273 12.25 
0.404 2 19 2 -4.0 -4.0 -0.446 -0.527 -0.7044 -0.6691 12.25 
0.405 2 19 2 -4.0 -4.0 -0.455 -0.540 -0.7044 -0.6583 12.27 
0.406 2 19 2 -4.0 -4.0 -0.445 -0.483 -0.6924 -0.6583 12.28 
0.407 2 19 2 -4.0 -4.0 -0.413 -0.468 -0.7302 -0.6691 12.28 
0.408 2 19 2 -4.0 -4.0 -0.392 -0.465 -0.7302 -0.6924 12.27 
0.409 2 19 2 -4.0 -4.0 -0.415 -0.444 -0.7302 -0.6804 12.27 
0.410 2 19 2 -4.0 -4.0 -0.386 -0.440 -0.7575 -0.7302 12.28 
0.411 2 19 2 -4.0 -4.0 -0.371 -0.429 -0.7575 -0.7302 12.27 
0.412 2 19 2 -4.0 -4.0 -0.383 -0.437 -0.7575 -0.7302 12.25 
0.413 2 19 2 -4.0 -4.0 -0.390 -0.426 -0.7723 -0.7575 12.26 
0.414 2 19 2 -4.0 -4.0 -0.390 -0.401 -0.7723 -0.7575 12.27 
0.415 2 19 2 -4.0 -4.0 -0.350 -0.407 -0.7872 -0.7434 12.27 
0.416 2 19 2 -4.0 -4.0 -0.343 -0.410 -0.7872 -0.7723 12.27 
0.417 2 19 2 -4.0 -4.0 -0.365 -0.407 -0.8032 -0.7723 12.28 
0.418 2 19 2 -4.0 -4.0 -0.323 -0.432 -0.8032 -0.7872 12.30 
0.419 2 19 2 -4.0 -4.0 -0.333 -0.378 -0.8366 -0.7872 12.29 
0.420 2 19 2 -4.0 -4.0 -0.330 -0.365 -0.8366 -0.8193 12.28 
0.421 2 19 2 -4.0 -4.0 -0.367 -0.357 -0.8366 -0.8193 12.29 
0.422 2 19 2 -4.0 -4.0 -0.295 -0.357 -0.8727 -0.8366 12.30 
0.423 2 19 2 -4.0 -4.0 -0.253 -0.342 -0.8924 -0.8366 12.29 
0.424 2 19 2 -4.0 -4.0 -0.280 -0.342 -0.9125 -0.8543 12.29 
0.425 2 19 2 -4.0 -4.0 -0.322 -0.331 -0.8543 -0.8366 12.29 
0.426 2 19 2 -4.0 -4.0 -0.277 -0.301 -0.8924 -0.8543 12.29 
0.427 2 19 2 -4.0 -4.0 -0.314 -0.337 -0.8924 -0.8543 12.29 
0.428 2 19 2 -4.0 -4.0 -0.303 -0.337 -0.9338 -0.8924 12.29 
0.429 2 19 2 -4.0 -4.0 -0.294 -0.322 -0.9125 -0.9125 12.29 
0.430 2 19 2 -4.0 -4.0 -0.258 -0.299 -0.9338 -0.9125 12.30 
0.431 2 19 2 -4.0 -4.0 -0.284 -0.287 -0.9338 -0.8924 12.30 
0.432 2 19 2 -4.0 -4.0 -0.261 -0.275 -0.9338 -0.9125 12.30 
0.433 2 19 2 -4.0 -4.0 -0.269 -0.281 -0.9559 -0.9125 12.30 
0.434 2 19 2 -4.0 -4.0 -0.257 -0.280 -0.9559 -0.9338 12.29 
0.435 2 19 2 -4.0 -4.0 -0.294 -0.278 -0.9559 -0.9338 12.30 
0.436 2 19 2 -4.0 -4.0 -0.288 -0.279 -0.9559 -0.9559 12.28 
0.437 2 19 2 -4.0 -4.0 -0.247 -0.282 -0.9796 -0.9559 12.29 
0.438 2 19 2 -4.0 -4.0 -0.268 -0.288 -0.9796 -0.9559 12.30 
0.439 2 19 2 -4.0 -4.0 -0.287 -0.263 -1.0041 -0.9559 12.28 
0.440 2 19 2 -4.0 -4.0 -0.240 -0.283 -1.0041 -0.9559 12.30 
0.441 2 19 2 -4.0 -4.0 -0.259 -0.254 -0.9796 -0.9559 12.30 
0.442 2 19 2 -4.0 -4.0 -0.262 -0.254 -0.9796 -0.9559 12.30 
0.443 2 19 2 -4.0 -4.0 -0.214 -0.249 -1.0298 -0.9796 12.28 
0.444 2 19 2 -4.0 -4.0 -0.234 -0.265 -1.0298 -0.9796 12.28 
0.445 2 19 2 -4.0 -4.0 -0.246 -0.262 -0.9796 -1.0041 12.28 
0.446 2 19 2 -4.0 -4.0 -0.213 -0.236 -1.0298 -0.9796 12.27 
0.447 2 19 2 -4.0 -4.0 -0.253 -0.245 -1.0041 -1.0041 12.29 
0.448 2 19 2 -4.0 -4.0 -0.263 -0.251 -1.0298 -1.0041 12.29 
0.449 2 19 2 -4.0 -4.0 -0.217 -0.234 -1.0298 -1.0041 12.29 
0.450 2 19 2 -4.0 -4.0 -0.205 -0.243 -1.0298 -1.0298 12.29 
0.451 2 19 2 -4.0 -4.0 -0.205 -0.201 -1.0298 -1.0041 12.30 
0.452 2 19 2 -4.0 -4.0 -0.181 -0.212 -1.0298 -1.0298 12.30 
0.453 2 19 2 -4.0 -4.0 -0.160 -0.216 -1.0567 -1.0298 12.30 
0.454 2 19 2 -4.0 -4.0 -0.252 -0.201 -1.0298 -1.0567 12.30 
0.455 2 19 2 -4.0 -4.0 -0.221 -0.200 -1.0567 -1.0567 12.30 
0.456 2 19 2 -4.0 -4.0 -0.190 -0.204 -1.0852 -1.0852 12.29 
0.457 2 19 2 -4.0 -4.0 -0.189 -0.205 -1.0852 -1.0567 12.30 
0.458 2 19 2 -4.0 -4.0 -0.205 -0.213 -1.0852 -1.0567 12.31 
0.459 2 19 2 -4.0 -4.0 -0.208 -0.201 -1.0852 -1.0567 12.30 
0.460 2 19 2 -4.0 -4.0 -0.208 -0.209 -1.0852 -1.0567 12.30 
0.461 2 19 2 -4.0 -4.0 -0.212 -0.186 -1.0567 -1.0567 12.30 
0.462 2 19 2 -4.0 -4.0 -0.168 -0.194 -1.0852 -1.0852 12.29 
0.463 2 19 2 -4.0 -4.0 -0.122 -0.199 -1.1153 -1.0852 12.31 
0.464 2 19 2 -4.0 -4.0 -0.187 -0.187 -1.0567 -1.0852 12.28 
0.465 2 19 2 -4.0 -4.0 -0.149 -0.180 -1.0852 -1.0567 12.30 
0.466 2 19 2 -4.0 -4.0 -0.200 -0.175 -1.0852 -1.0567 12.28 
0.467 2 19 2 -4.0 -4.0 -0.185 -0.184 -1.0298 -1.0567 12.30 
0.468 2 19 2 -4.0 -4.0 -0.178 -0.193 -1.0852 -1.0852 12.30 
0.469 2 19 2 -4.0 -4.0 -0.171 -0.200 -1.1153 -1.1153 12.30 
0.470 2 19 2 -4.0 -4.0 -0.195 -0.178 -1.1153 -1.0852 12.29 
0.471 2 19 2 -4.0 -4.0 -0.193 -0.163 -1.0852 -1.0852 12.30 
0.472 2 19 2 -4.0 -4.0 -0.193 -0.178 -1.0852 -1.1153 12.29 
0.473 2 19 2 -4.0 -4.0 -0.203 -0.181 -1.1153 -1.1153 12.28 
0.474 2 19 2 -4.0 -4.0 -0.180 -0.172 -1.0852 -1.0852 12.30 
0.475 2 19 2 -4.0 -4.0 -0.176 -0.174 -1.1153 -1.1153 12.28 
0.476 2 19 2 -4.0 -4.0 -0.158 -0.182 -1.1153 -1.1153 12.30 
0.477 2 19 2 -4.0 -4.0 -0.155 -0.163 -1.0852 -1.1153 12.29 
0.478 2 19 2 -4.0 -4.0 -0.177 -0.186 -1.1153 -1.0852 12.30 
0.479 2 19 2 -4.0 -4.0 -0.215 -0.162 -1.1153 -1.0852 12.30 
0.480 2 19 2 -4.0 -4.0 -0.165 -0.159 -1.1153 -1.1153 12.31 
0.481 2 19 2 -4.0 -4.0 -0.145 -0.157 -1.1474 -1.1474 12.30 
0.482 2 19 2 -4.0 -4.0 -0.185 -0.150 -1.0298 -1.1474 12.30 
0.483 2 19 2 -4.0 -4.0 -0.131 -0.159 -1.1474 -1.1153 12.30 
0.484 2 19 2 -4.0 -4.0 -0.161 -0.156 -1.1153 -1.1153 12.29 
0.485 2 19 2 -4.0 -4.0 -0.185 -0.155 -1.1153 -1.1153 12.28 
0.486 2 19 2 -4.0 -4.0 -0.155 -0.156 -1.1153 -1.1474 12.30 
0.487 2 19 2 -4.0 -4.0 -0.140 -0.156 -1.1474 -1.1812 12.32 
0.488 2 19 2 -4.0 -4.0 -0.200 -0.142 -1.1474 -1.1474 12.30 
0.489 2 19 2 -4.0 -4.0 -0.136 -0.099 -1.1474 -1.1153 12.31 
0.490 2 19 2 -4.0 -4.0 -0.166 -0.128 -1.1153 -1.1474 12.30 
0.491 2 19 2 -4.0 -4.0 -0.182 -0.137 -1.1474 -1.1474 12.31 
0.492 2 19 2 -4.0 -4.0 -0.114 -0.133 -1.1474 -1.1474 12.31 
0.493 2 19 2 -4.0 -4.0 -0.163 -0.135 -1.1474 -1.1474 12.30 
0.494 2 19 2 -4.0 -4.0 -0.165 -0.142 -1.1812 -1.1474 12.29 
0.495 2 19 2 -4.0 -4.0 -0.140 -0.128 -1.1812 -1.1474 12.30 
0.496 2 19 2 -4.0 -4.0 -0.169 -0.142 -1.1474 -1.1474 12.31 
0.497 2 19 2 -4.0 -4.0 -0.170 -0.125 -1.1474 -1.1474 12.30 
0.498 2 19 2 -4.0 -4.0 -0.142 -0.122 -1.1812 -1.1812 12.31 
0.499 2 19 2 -4.0 -4.0 -0.151 -0.163 -1.1812 -1.1812 12.30 
0.500 2 19 2 -4.0 -4.0 -0.166 -0.139 -1.1153 -1.1474 12.30 
0.501 2 19 2 -4.0 -4.0 -0.136 -0.133 -1.1153 -1.1812 12.31 
0.502 2 19 2 -4.0 -4.0 -0.153 -0.138 -1.1474 -1.1812 12.31 
0.503 2 19 3 0.0 0.0 -0.154 -0.144 -1.1812 -1.1812 12.32 
0.504 2 19 3 0.0 0.0 0.134 -0.061 -1.1812 -1.2169 12.32 
0.505 2 19 3 0.0 0.0 0.368 0.263 -1.1474 -1.1812 12.33 
0.506 2 19 3 0.0 0.0 0.629 0.607 -1.1474 -1.1474 12.32 
0.507 2 19 3 0.0 0.0 0.818 0.836 -1.0852 -1.1153 12.32 
0.508 2 19 3 0.0 0.0 0.699 0.768 -1.0567 -1.1153 12.32 
0.509 2 19 3 0.0 0.0 0.751 0.860 -1.0567 -1.0567 12.32 
0.510 2 19 3 0.0 0.0 0.845 0.955 -1.0298 -1.0298 12.32 
0.511 2 19 3 0.0 0.0 0.752 0.823 -0.9796 -0.9796 12.32 
0.512 2 19 3 0.0 0.0 0.681 0.824 -0.9559 -0.9796 12.33 
0.513 2 19 3 0.0 0.0 0.739 0.884 -0.8543 -0.9338 12.32 
0.514 2 19 3 0.0 0.0 0.791 0.860 -0.8727 -0.8543 12.32 
0.515 2 19 3 0.0 0.0 0.643 0.723 -0.8193 -0.8727 12.32 
0.516 2 19 3 0.0 0.0 0.621 0.767 -0.7872 -0.7872 12.32 
0.517 2 19 3 0.0 0.0 0.671 0.804 -0.8032 -0.8032 12.32 
0.518 2 19 3 0.0 0.0 0.731 0.780 -0.7723 -0.7872 12.32 
0.519 2 19 3 0.0 0.0 0.596 0.647 -0.7575 -0.7434 12.32 
0.520 2 19 3 0.0 0.0 0.535 0.665 -0.7302 -0.7302 12.32 
0.521 2 19 3 0.0 0.0 0.577 0.716 -0.6583 -0.6804 12.32 
0.522 2 19 3 0.0 0.0 0.603 0.726 -0.6691 -0.6924 12.32 
0.523 2 19 3 0.0 0.0 0.621 0.569 -0.5992 -0.6474 12.33 
0.524 2 19 3 0.0 0.0 0.534 0.573 -0.5992 -0.6273 12.33 
0.525 2 19 3 0.0 0.0 0.425 0.609 -0.5904 -0.6085 12.32 
0.526 2 19 3 0.0 0.0 0.429 0.638 -0.5498 -0.6085 12.32 
0.527 2 19 3 0.0 0.0 0.458 0.634 -0.5498 -0.5904 12.32 
0.528 2 19 3 0.0 0.0 0.495 0.602 -0.5149 -0.5655 12.32 
0.529 2 19 3 0.0 0.0 0.478 0.498 -0.4956 -0.5426 12.32 
0.530 2 19 3 0.0 0.0 0.387 0.473 -0.4836 -0.5213 12.32 
0.531 2 19 3 0.0 0.0 0.321 0.481 -0.4615 -0.4836 12.32 
0.532 2 19 3 0.0 0.0 0.318 0.491 -0.4667 -0.4836 12.32 
0.533 2 19 3 0.0 0.0 0.364 0.478 -0.4410 -0.4615 12.32 
0.534 2 19 3 0.0 0.0 0.386 0.446 -0.4410 -0.4317 12.32 
0.535 2 19 3 0.0 0.0 0.405 0.369 -0.3936 -0.4269 12.33 
0.536 2 19 3 0.0 0.0 0.403 0.326 -0.4016 -0.4317 12.32 
0.537 2 19 3 0.0 0.0 0.382 0.351 -0.3402 -0.3896 12.33 
0.538 2 19 3 0.0 0.0 0.336 0.375 -0.3582 -0.3751 12.32 
0.539 2 19 3 0.0 0.0 0.247 0.394 -0.3213 -0.3651 12.32 
0.540 2 19 3 0.0 0.0 0.241 0.404 -0.3213 -0.3289 12.32 
0.541 2 19 3 0.0 0.0 0.254 0.399 -0.3430 -0.3289 12.32 
0.542 2 19 3 0.0 0.0 0.270 0.397 -0.3016 -0.3213 12.33 
0.543 2 19 3 0.0 0.0 0.284 0.358 -0.2996 -0.3185 12.33 
0.544 2 19 3 0.0 0.0 0.303 0.293 -0.2996 -0.2952 12.32 
0.545 2 19 3 0.0 0.0 0.304 0.236 -0.2590 -0.2952 12.33 
0.546 2 19 3 0.0 0.0 0.300 0.247 -0.2623 -0.2731 12.32 
0.547 2 19 3 0.0 0.0 0.260 0.278 -0.2623 -0.2659 12.33 
0.548 2 19 3 0.0 0.0 0.232 0.288 -0.2217 -0.2659 12.33 
0.549 2 19 3 0.0 0.0 0.207 0.288 -0.2217 -0.2462 12.33 
0.550 2 19 3 0.0 0.0 0.179 0.274 -0.2181 -0.2462 12.32 
0.551 2 19 3 0.0 0.0 0.138 0.267 -0.2181 -0.2305 12.33 
0.552 2 19 3 0.0 0.0 0.137 0.259 -0.1928 -0.2253 12.33 
0.553 2 19 3 0.0 0.0 0.118 0.251 -0.1928 -0.2056 12.32 
0.554 2 19 3 0.0 0.0 0.115 0.239 -0.1968 -0.2056 12.33 
0.555 2 19 3 0.0 0.0 0.124 0.219 -0.1968 -0.1912 12.33 
0.556 2 19 3 0.0 0.0 0.146 0.194 -0.1715 -0.1912 12.33 
0.557 2 19 3 0.0 0.0 0.151 0.171 -0.1631 -0.1743 12.32 
0.558 2 19 3 0.0 0.0 0.154 0.156 -0.1631 -0.1743 12.32 
0.559 2 19 3 0.0 0.0 0.153 0.146 -0.1506 -0.1651 12.33 
0.560 2 19 3 0.0 0.0 0.138 0.113 -0.1506 -0.1611 12.32 
0.561 2 19 3 0.0 0.0 0.119 0.111 -0.1506 -0.1611 12.32 
0.562 2 19 3 0.0 0.0 0.107 0.124 -0.1245 -0.1402 12.32 
0.563 2 19 3 0.0 0.0 0.122 0.136 -0.1125 -0.1402 12.32 
0.564 2 19 3 0.0 0.0 0.120 0.139 -0.1125 -0.1402 12.32 
0.565 2 19 3 0.0 0.0 0.099 0.140 -0.1125 -0.1301 12.32 
0.566 2 19 3 0.0 0.0 0.085 0.148 -0.1096 -0.1293 12.33 
0.567 2 19 3 0.0 0.0 0.089 0.140 -0.1000 -0.1293 12.33 
0.568 2 19 3 0.0 0.0 0.074 0.140 -0.1000 -0.1293 12.33 
0.569 2 19 3 0.0 0.0 0.065 0.137 -0.1000 -0.1096 12.32 
0.570 2 19 3 0.0 0.0 0.051 0.132 -0.1000 -0.1096 12.33 
0.571 2 19 3 0.0 0.0 0.043 0.135 -0.0863 -0.1096 12.32 
0.572 2 19 3 0.0 0.0 0.032 0.127 -0.0731 -0.1096 12.33 
0.573 2 19 3 0.0 0.0 0.036 0.103 -0.0731 -0.0928 12.32 
0.574 2 19 3 0.0 0.0 0.040 0.114 -0.0731 -0.0839 12.32 
0.575 2 19 3 0.0 0.0 0.027 0.098 -0.0731 -0.0839 12.33 
0.576 2 19 3 0.0 0.0 0.041 0.093 -0.0731 -0.0839 12.33 
0.577 2 19 3 0.0 0.0 0.053 0.086 -0.0731 -0.0839 12.33 
0.578 2 19 3 0.0 0.0 0.037 0.076 -0.0651 -0.0839 12.32 
0.579 2 19 3 0.0 0.0 0.013 0.076 -0.0623 -0.0723 12.32 
0.580 2 19 3 0.0 0.0 0.018 0.073 -0.0623 -0.0610 12.33 
0.581 2 19 3 0.0 0.0 0.013 0.065 -0.0623 -0.0530 12.33 
0.582 2 19 3 0.0 0.0 0.003 0.061 -0.0623 -0.0530 12.33 
0.583 2 19 3 0.0 0.0 0.009 0.045 -0.0623 -0.0530 12.32 
0.584 2 19 3 0.0 0.0 0.020 0.040 -0.0623 -0.0530 12.33 
0.585 2 19 3 0.0 0.0 0.015 0.034 -0.0598 -0.0530 12.32 
0.586 2 19 3 0.0 0.0 0.025 0.032 -0.0518 -0.0530 12.33 
0.587 2 19 3 0.0 0.0 0.020 0.042 -0.0462 -0.0530 12.33 
0.588 2 19 3 0.0 0.0 0.013 0.034 -0.0462 -0.0530 12.33 
0.589 2 19 3 0.0 0.0 0.020 0.035 -0.0462 -0.0498 12.33 
0.590 2 19 3 0.0 0.0 0.003 0.040 -0.0462 -0.0442 12.33 
0.591 2 19 3 0.0 0.0 0.003 0.034 -0.0462 -0.0398 12.33 
0.592 2 19 3 0.0 0.0 0.009 0.046 -0.0462 -0.0361 12.33 
0.593 2 19 3 0.0 0.0 -0.007 0.028 -0.0462 -0.0333 12.33 
0.594 2 19 3 0.0 0.0 0.010 0.022 -0.0462 -0.0305 12.33 
0.595 2 19 3 0.0 0.0 -0.003 0.023 -0.0462 -0.0285 12.32 
0.596 2 19 3 0.0 0.0 -0.006 0.031 -0.0442 -0.0265 12.32 
0.597 2 19 3 0.0 0.0 -0.018 0.030 -0.0398 -0.0249 12.33 
0.598 2 19 3 0.0 0.0 -0.024 0.023 -0.0361 -0.0233 12.33 
0.599 2 19 3 0.0 0.0 -0.020 0.019 -0.0329 -0.0221 12.32 
0.600 2 19 3 0.0 0.0 -0.021 0.021 -0.0305 -0.0209 12.32 
0.601 2 19 3 0.0 0.0 -0.029 0.023 -0.0285 -0.0197 12.33 
0.602 2 19 3 0.0 0.0 -0.027 0.017 -0.0265 -0.0189 12.33 
0.603 2 19 3 0.0 0.0 -0.027 0.012 -0.0249 -0.0181 12.33 
0.604 2 19 3 0.0 0.0 -0.038 0.016 -0.0233 -0.0173 12.32 
0.605 2 19 3 0.0 0.0 -0.033 0.008 -0.0221 -0.0165 12.33 
0.606 2 19 3 0.0 0.0 -0.036 0.014 -0.0209 -0.0157 12.33 
0.607 2 19 3 0.0 0.0 -0.021 0.014 -0.0197 -0.0153 12.33 
0.608 2 19 3 0.0 0.0 -0.020 0.020 -0.0189 -0.0149 12.32 
0.609 2 19 3 0.0 0.0 -0.024 0.015 -0.0181 -0.0141 12.32 
0.610 2 19 3 0.0 0.0 -0.028 0.019 -0.0173 -0.0137 12.33 
0.611 2 19 3 0.0 0.0 -0.033 0.010 -0.0165 -0.0133 12.32 
0.612 2 19 3 0.0 0.0 -0.014 0.014 -0.0157 -0.0129 12.32 
0.613 2 19 3 0.0 0.0 -0.025 0.012 -0.0153 -0.0125 12.32 
0.614 2 19 3 0.0 0.0 -0.021 0.021 -0.0145 -0.0120 12.32 
0.615 2 19 3 0.0 0.0 -0.018 0.021 -0.0141 -0.0116 12.33 
0.616 2 19 3 0.0 0.0 -0.028 0.017 -0.0137 -0.0112 12.33 
0.617 2 19 3 0.0 0.0 -0.026 0.015 -0.0133 -0.0108 12.33 
0.618 2 19 3 0.0 0.0 -0.038 0.015 -0.0129 -0.0108 12.33 
0.619 2 19 3 0.0 0.0 -0.030 0.011 -0.0125 -0.0104 12.33 
0.620 2 19 3 0.0 0.0 -0.029 0.009 -0.0120 -0.0100 12.33 
0.621 2 19 3 0.0 0.0 -0.023 0.017 0.0116 -0.0096 12.32 
0.622 2 19 3 0.0 0.0 -0.019 0.028 0.0116 -0.0096 12.33 
0.623 2 19 3 0.0 0.0 -0.019 0.019 0.0116 -0.0092 12.33 
0.624 2 19 3 0.0 0.0 -0.021 0.019 0.0116 -0.0092 12.33 
0.625 2 19 3 0.0 0.0 -0.022 0.012 0.0116 -0.0088 12.33 
0.626 2 19 3 0.0 0.0 -0.025 0.027 0.0116 -0.0088 12.32 
0.627 2 19 3 0.0 0.0 -0.035 0.021 0.0116 -0.0084 12.32 
0.628 2 19 3 0.0 0.0 -0.014 0.012 0.0116 -0.0084 12.33 
0.629 2 19 3 0.0 0.0 -0.021 0.015 0.0116 -0.0080 12.33 
0.630 2 19 3 0.0 0.0 -0.021 0.019 0.0116 -0.0080 12.32 
0.631 2 19 3 0.0 0.0 -0.010 0.007 0.0116 -0.0076 12.32 
0.632 2 19 3 0.0 0.0 -0.009 0.011 0.0116 -0.0076 12.32 
0.633 2 19 3 0.0 0.0 -0.002 0.014 0.0116 -0.0076 12.32 
0.634 2 19 3 0.0 0.0 0.013 0.008 0.0116 -0.0072 12.33 
0.635 2 19 3 0.0 0.0 -0.006 0.004 0.0116 -0.0072 12.33 
0.636 2 19 3 0.0 0.0 -0.028 0.010 0.0116 -0.0072 12.32 
0.637 2 19 3 0.0 0.0 -0.021 0.008 0.0116 -0.0068 12.32 
0.638 2 19 3 0.0 0.0 -0.025 0.008 0.0116 -0.0068 12.32 
0.639 2 19 3 0.0 0.0 -0.024 0.010 0.0116 -0.0068 12.32 
0.640 2 19 3 0.0 0.0 -0.026 0.010 0.0116 -0.0064 12.33 
0.641 2 19 3 0.0 0.0 -0.006 0.019 0.0116 -0.0064 12.33 
0.642 2 19 3 0.0 0.0 -0.010 0.008 0.0116 -0.0064 12.33 
0.643 2 19 3 0.0 0.0 -0.013 0.013 0.0116 -0.0064 12.33 
0.644 2 19 3 0.0 0.0 -0.023 0.018 0.0116 -0.0060 12.33 
0.645 2 19 3 0.0 0.0 -0.022 0.021 0.0116 -0.0060 12.33 
0.646 2 19 3 0.0 0.0 -0.024 0.013 0.0116 -0.0060 12.33 
0.647 2 19 3 0.0 0.0 -0.017 0.015 0.0116 -0.0060 12.32 
0.648 2 19 3 0.0 0.0 -0.018 0.004 0.0116 -0.0056 12.33 
0.649 2 19 3 0.0 0.0 -0.019 0.015 0.0116 -0.0056 12.32 
0.650 2 19 3 0.0 0.0 -0.018 0.012 0.0116 -0.0056 12.33 
0.651 2 19 3 0.0 0.0 -0.025 0.009 0.0116 -0.0056 12.32 
0.652 2 19 3 0.0 0.0 -0.005 0.008 0.0116 -0.0056 12.33 
0.653 2 19 3 0.0 0.0 -0.018 0.024 0.0116 -0.0052 12.32 
0.654 2 19 3 0.0 0.0 -0.007 0.013 0.0116 -0.0052 12.33 
0.655 2 19 3 0.0 0.0 -0.018 0.015 0.0116 -0.0052 12.32 
0.656 2 19 3 0.0 0.0 -0.018 0.012 0.0112 -0.0052 12.33 
0.657 2 19 3 0.0 0.0 -0.014 0.017 0.0108 -0.0052 12.33 
0.658 2 19 3 0.0 0.0 -0.039 0.017 0.0104 -0.0048 12.33 
0.659 2 19 3 0.0 0.0 -0.024 0.015 0.0104 -0.0048 12.33 
0.660 2 19 3 0.0 0.0 -0.029 0.015 0.0100 -0.0048 12.32 
0.661 2 19 3 0.0 0.0 -0.012 0.027 0.0096 -0.0048 12.32 
0.662 2 19 3 0.0 0.0 -0.016 0.022 0.0096 -0.0048 12.33 
0.663 2 19 3 0.0 0.0 -0.021 0.022 0.0092 -0.0048 12.33 
0.664 2 19 3 0.0 0.0 -0.017 0.023 0.0092 -0.0048 12.33 
0.665 2 19 3 0.0 0.0 -0.012 0.023 0.0088 -0.0044 12.33 
