%% logfile from robot Hannah (80)
% Hannah (80)
%  1    time 0.000 sec
%  2  3  4   (mission 0), state 2, thread 2, line 0
%  5  6 Motor voltage [V] left, right: 1.6 1.6
%  7  8 Motor current left, right [A]: 0.069 0.076
%  9 10 Wheel velocity [m/s] left, right: 0.0000 0.0000
% 11    Battery voltage [V]: 12.45
0.001 2 2 0 1.6 1.6 0.014 -0.012 0.0000 0.0000 12.45 
0.002 2 2 0 1.6 1.6 0.125 0.091 0.0000 0.0000 12.44 
0.003 2 2 0 1.6 1.6 0.263 0.192 0.0000 0.0000 12.44 
0.004 2 2 0 1.6 1.6 0.311 0.224 0.0000 0.0000 12.44 
0.005 2 2 0 1.6 1.6 0.313 0.222 0.0000 0.0000 12.45 
0.006 2 2 0 1.6 1.6 0.361 0.249 0.0000 0.0000 12.43 
0.007 2 2 0 1.6 1.6 0.373 0.249 0.0000 0.0000 12.44 
0.008 2 2 0 1.6 1.6 0.330 0.247 0.0000 0.0000 12.44 
0.009 2 2 0 1.6 1.6 0.321 0.229 0.0000 0.0000 12.44 
0.010 2 2 0 1.6 1.6 0.372 0.232 0.0000 0.0000 12.43 
0.011 2 2 0 1.6 1.6 0.349 0.213 0.0000 0.0000 12.44 
0.012 2 2 0 1.6 1.6 0.331 0.224 0.0000 0.0000 12.44 
0.013 2 2 0 1.6 1.6 0.360 0.229 0.0000 0.0000 12.44 
0.014 2 2 0 1.6 1.6 0.328 0.217 0.0767 0.0000 12.44 
0.015 2 2 0 1.6 1.6 0.287 0.239 0.0767 0.0000 12.45 
0.016 2 2 0 1.6 1.6 0.290 0.216 0.0767 0.0000 12.44 
0.017 2 2 0 1.6 1.6 0.265 0.217 0.1181 0.0000 12.44 
0.018 2 2 0 1.6 1.6 0.287 0.203 0.1181 0.0000 12.44 
0.019 2 2 0 1.6 1.6 0.257 0.201 0.1181 0.0823 12.44 
0.020 2 2 0 1.6 1.6 0.265 0.209 0.1341 0.0823 12.44 
0.021 2 2 0 1.6 1.6 0.238 0.194 0.1341 0.0823 12.44 
0.022 2 2 0 1.6 1.6 0.257 0.226 0.1341 0.0823 12.45 
0.023 2 2 0 1.6 1.6 0.238 0.221 0.1458 0.0880 12.43 
0.024 2 2 0 1.6 1.6 0.245 0.217 0.1458 0.0880 12.44 
0.025 2 2 0 1.6 1.6 0.246 0.198 0.1518 0.0880 12.43 
0.026 2 2 0 1.6 1.6 0.226 0.180 0.1518 0.1366 12.43 
0.027 2 2 0 1.6 1.6 0.256 0.167 0.1518 0.1366 12.44 
0.028 2 2 0 1.6 1.6 0.238 0.186 0.1968 0.1366 12.45 
0.029 2 2 0 1.6 1.6 0.233 0.158 0.1968 0.1317 12.45 
0.030 2 2 0 1.6 1.6 0.235 0.154 0.1815 0.1317 12.45 
0.031 2 2 0 1.6 1.6 0.218 0.139 0.1815 0.1317 12.45 
0.032 2 2 0 1.6 1.6 0.260 0.153 0.2056 0.1458 12.45 
0.033 2 2 0 1.6 1.6 0.223 0.166 0.2265 0.1458 12.44 
0.034 2 2 0 1.6 1.6 0.236 0.151 0.2265 0.1518 12.44 
0.035 2 2 0 1.6 1.6 0.212 0.169 0.2462 0.1518 12.45 
0.036 2 2 0 1.6 1.6 0.220 0.184 0.2462 0.1518 12.44 
0.037 2 2 0 1.6 1.6 0.214 0.189 0.2056 0.1868 12.43 
0.038 2 2 0 1.6 1.6 0.198 0.184 0.2056 0.1868 12.43 
0.039 2 2 0 1.6 1.6 0.224 0.163 0.2333 0.1631 12.44 
0.040 2 2 0 1.6 1.6 0.206 0.155 0.2321 0.1631 12.44 
0.041 2 2 0 1.6 1.6 0.181 0.159 0.2293 0.1783 12.44 
0.042 2 2 0 1.6 1.6 0.197 0.144 0.2848 0.1783 12.44 
0.043 2 2 0 1.6 1.6 0.189 0.157 0.2767 0.1783 12.45 
0.044 2 2 0 1.6 1.6 0.200 0.156 0.2767 0.1418 12.44 
0.045 2 2 0 1.6 1.6 0.196 0.146 0.2675 0.1418 12.44 
0.046 2 2 0 1.6 1.6 0.231 0.135 0.2494 0.2113 12.44 
0.047 2 2 0 1.6 1.6 0.190 0.126 0.2494 0.2113 12.45 
0.048 2 2 0 1.6 1.6 0.158 0.141 0.3113 0.1976 12.45 
0.049 2 2 0 1.6 1.6 0.164 0.133 0.2972 0.1976 12.44 
0.050 2 2 0 1.6 1.6 0.155 0.127 0.2908 0.2056 12.44 
0.051 2 2 0 1.6 1.6 0.162 0.114 0.2888 0.2056 12.45 
0.052 2 2 0 1.6 1.6 0.147 0.148 0.2747 0.1759 12.44 
0.053 2 2 0 1.6 1.6 0.154 0.151 0.3317 0.1759 12.44 
0.054 2 2 0 1.6 1.6 0.149 0.161 0.3064 0.2374 12.44 
0.055 2 2 0 1.6 1.6 0.150 0.137 0.2888 0.2374 12.44 
0.056 2 2 0 1.6 1.6 0.196 0.138 0.2972 0.2100 12.44 
0.057 2 2 0 1.6 1.6 0.169 0.133 0.2928 0.2100 12.44 
0.058 2 2 0 1.6 1.6 0.169 0.116 0.3430 0.2217 12.44 
0.059 2 2 0 1.6 1.6 0.159 0.111 0.3430 0.2217 12.44 
0.060 2 2 0 1.6 1.6 0.158 0.102 0.3088 0.1996 12.44 
0.061 2 2 0 1.6 1.6 0.151 0.099 0.3113 0.2510 12.44 
0.062 2 2 0 1.6 1.6 0.139 0.102 0.2848 0.2510 12.44 
0.063 2 2 0 1.6 1.6 0.158 0.099 0.2848 0.2016 12.44 
0.064 2 2 0 1.6 1.6 0.147 0.094 0.3522 0.2016 12.44 
0.065 2 2 0 1.6 1.6 0.153 0.103 0.3213 0.2345 12.45 
0.066 2 2 0 1.6 1.6 0.165 0.114 0.3289 0.2345 12.45 
0.067 2 2 0 1.6 1.6 0.158 0.118 0.2972 0.2253 12.44 
0.068 2 2 0 1.6 1.6 0.240 0.080 0.3715 0.2747 12.44 
0.069 2 2 0 1.6 1.6 0.188 0.043 0.3715 0.2747 12.44 
0.070 2 2 0 1.6 1.6 0.140 0.105 0.3751 0.2253 12.45 
0.071 2 2 0 1.6 1.6 0.137 0.115 0.3374 0.2253 12.45 
0.072 2 2 0 1.6 1.6 0.118 0.097 0.3113 0.2418 12.45 
0.073 2 2 0 1.6 1.6 0.128 0.097 0.3860 0.2217 12.45 
0.074 2 2 0 1.6 1.6 0.122 0.109 0.3715 0.2113 12.44 
0.075 2 2 0 1.6 1.6 0.129 0.116 0.3550 0.2711 12.43 
0.076 2 2 0 1.6 1.6 0.164 0.115 0.3346 0.2711 12.45 
0.077 2 2 0 1.6 1.6 0.138 0.113 0.3137 0.2265 12.44 
0.078 2 2 0 1.6 1.6 0.134 0.091 0.3976 0.2494 12.44 
0.079 2 2 0 1.6 1.6 0.114 0.102 0.3787 0.2494 12.45 
0.080 2 2 0 1.6 1.6 0.122 0.094 0.3615 0.2205 12.45 
0.081 2 2 0 1.6 1.6 0.110 0.102 0.3289 0.2205 12.44 
0.082 2 2 0 1.6 1.6 0.105 0.106 0.3651 0.2848 12.44 
0.083 2 2 0 1.6 1.6 0.132 0.093 0.3860 0.2293 12.44 
0.084 2 2 0 1.6 1.6 0.126 0.105 0.3715 0.2293 12.45 
0.085 2 2 0 1.6 1.6 0.133 0.099 0.3374 0.2590 12.45 
0.086 2 2 0 1.6 1.6 0.134 0.080 0.3683 0.2590 12.44 
0.087 2 2 0 1.6 1.6 0.117 0.083 0.3787 0.2321 12.44 
0.088 2 2 0 1.6 1.6 0.113 0.107 0.3651 0.2868 12.45 
0.089 2 2 0 1.6 1.6 0.133 0.072 0.3651 0.2868 12.44 
0.090 2 2 0 1.6 1.6 0.109 0.059 0.3462 0.2362 12.45 
0.091 2 2 0 1.6 1.6 0.105 0.072 0.3751 0.2590 12.44 
0.092 2 2 0 1.6 1.6 0.130 0.080 0.3490 0.2590 12.44 
0.093 2 2 0 1.6 1.6 0.140 0.088 0.3751 0.2434 12.45 
0.094 2 2 0 1.6 1.6 0.144 0.100 0.3976 0.2928 12.45 
0.095 2 2 0 1.6 1.6 0.140 0.109 0.4097 0.2928 12.45 
0.096 2 2 0 1.6 1.6 0.120 0.083 0.3430 0.2374 12.45 
0.097 2 2 0 1.6 1.6 0.115 0.087 0.3823 0.2374 12.45 
0.098 2 2 0 1.6 1.6 0.108 0.085 0.3582 0.2675 12.44 
0.099 2 2 0 1.6 1.6 0.101 0.081 0.3896 0.2446 12.45 
0.100 2 2 0 1.6 1.6 0.132 0.098 0.4056 0.2446 12.44 
0.101 2 2 0 1.6 1.6 0.131 0.080 0.3896 0.2952 12.45 
0.102 2 2 0 1.6 1.6 0.129 0.068 0.3582 0.2305 12.45 
0.103 2 2 0 1.6 1.6 0.118 0.087 0.3976 0.2305 12.45 
0.104 2 2 0 1.6 1.6 0.099 0.080 0.4097 0.2711 12.45 
0.105 2 2 0 1.6 1.6 0.086 0.076 0.3936 0.2590 12.45 
0.106 2 2 0 1.6 1.6 0.104 0.121 0.3715 0.2590 12.44 
0.107 2 2 0 1.6 1.6 0.091 0.106 0.4056 0.3016 12.44 
0.108 2 2 0 1.6 1.6 0.093 0.096 0.3860 0.2345 12.45 
0.109 2 2 0 1.6 1.6 0.106 0.104 0.4016 0.2345 12.45 
0.110 2 2 0 1.6 1.6 0.120 0.096 0.3896 0.2731 12.44 
0.111 2 2 0 1.6 1.6 0.105 0.083 0.4225 0.2434 12.45 
0.112 2 2 0 1.6 1.6 0.105 0.077 0.4137 0.2321 12.44 
0.113 2 2 0 1.6 1.6 0.102 0.075 0.4097 0.3040 12.44 
0.114 2 2 0 1.6 1.6 0.076 0.076 0.3683 0.2639 12.45 
0.115 2 2 0 1.6 1.6 0.086 0.059 0.4056 0.2639 12.45 
0.116 2 2 0 1.6 1.6 0.102 0.060 0.4016 0.2747 12.44 
0.117 2 2 0 1.6 1.6 0.105 0.081 0.4056 0.2639 12.44 
0.118 2 2 0 1.6 1.6 0.104 0.110 0.3715 0.2639 12.45 
0.119 2 2 0 1.6 1.6 0.120 0.099 0.4097 0.3113 12.45 
0.120 2 2 0 1.6 1.6 0.089 0.095 0.4362 0.2623 12.44 
0.121 2 2 0 1.6 1.6 0.081 0.083 0.4225 0.2623 12.44 
0.122 2 2 0 1.6 1.6 0.095 0.090 0.3751 0.2807 12.45 
0.123 2 2 0 1.6 1.6 0.082 0.099 0.4137 0.2169 12.45 
0.124 2 2 0 1.6 1.6 0.106 0.080 0.4269 0.2157 12.45 
0.125 2 2 0 1.6 1.6 0.120 0.065 0.4225 0.3113 12.45 
0.126 2 2 0 1.6 1.6 0.106 0.073 0.3615 0.2827 12.45 
0.127 2 2 0 1.6 1.6 0.105 0.077 0.4225 0.2827 12.44 
0.128 2 2 0 1.6 1.6 0.077 0.090 0.4181 0.2848 12.44 
0.129 2 2 0 1.6 1.6 0.071 0.083 0.3751 0.2390 12.45 
0.130 2 2 0 1.6 1.6 0.085 0.087 0.4137 0.2390 12.45 
0.131 2 2 0 1.6 1.6 0.078 0.106 0.4269 0.3185 12.44 
0.132 2 2 0 1.6 1.6 0.105 0.088 0.4225 0.2807 12.45 
0.133 2 2 0 1.6 1.6 0.110 0.080 0.3936 0.2908 12.45 
0.134 2 2 0 1.6 1.6 0.096 0.072 0.4317 0.2908 12.44 
0.135 2 2 0 1.6 1.6 0.092 0.074 0.4362 0.2590 12.43 
0.136 2 2 0 1.6 1.6 0.072 0.081 0.4317 0.3213 12.45 
0.137 2 2 0 1.6 1.6 0.067 0.084 0.4016 0.3040 12.45 
0.138 2 2 0 1.6 1.6 0.077 0.061 0.4317 0.2522 12.44 
0.139 2 2 0 1.6 1.6 0.084 0.068 0.4181 0.2868 12.45 
0.140 2 2 0 1.6 1.6 0.113 0.078 0.4225 0.2868 12.44 
0.141 2 2 0 1.6 1.6 0.110 0.082 0.4317 0.2711 12.43 
0.142 2 2 0 1.6 1.6 0.098 0.107 0.4056 0.3265 12.44 
0.143 2 2 0 1.6 1.6 0.109 0.103 0.3823 0.2675 12.45 
0.144 2 2 0 1.6 1.6 0.081 0.083 0.4016 0.2675 12.44 
0.145 2 2 0 1.6 1.6 0.071 0.088 0.4317 0.2928 12.44 
0.146 2 2 0 1.6 1.6 0.084 0.099 0.4410 0.2538 12.44 
0.147 2 2 0 1.6 1.6 0.094 0.080 0.4362 0.2538 12.44 
0.148 2 2 0 1.6 1.6 0.115 0.075 0.3896 0.3213 12.44 
0.149 2 2 0 1.6 1.6 0.098 0.078 0.4317 0.2675 12.44 
0.150 2 2 0 1.6 1.6 0.077 0.083 0.4462 0.2928 12.44 
0.151 2 2 1 4.0 4.0 0.094 0.072 0.4362 0.2928 12.44 
0.152 2 2 1 4.0 4.0 0.140 0.099 0.4016 0.2554 12.43 
0.153 2 2 1 4.0 4.0 0.329 0.318 0.4410 0.3346 12.42 
0.154 2 2 1 4.0 4.0 0.469 0.479 0.4317 0.3137 12.40 
0.155 2 2 1 4.0 4.0 0.569 0.537 0.4510 0.2807 12.41 
0.156 2 2 1 4.0 4.0 0.536 0.558 0.4896 0.3374 12.41 
0.157 2 2 1 4.0 4.0 0.546 0.580 0.4896 0.3213 12.40 
0.158 2 2 1 4.0 4.0 0.559 0.589 0.4956 0.3651 12.41 
0.159 2 2 1 4.0 4.0 0.549 0.578 0.5354 0.3651 12.41 
0.160 2 2 1 4.0 4.0 0.552 0.553 0.5354 0.3896 12.40 
0.161 2 2 1 4.0 4.0 0.600 0.569 0.5426 0.3976 12.40 
0.162 2 2 1 4.0 4.0 0.512 0.581 0.5735 0.4362 12.41 
0.163 2 2 1 4.0 4.0 0.479 0.578 0.6085 0.4225 12.41 
0.164 2 2 1 4.0 4.0 0.475 0.528 0.5735 0.4462 12.41 
0.165 2 2 1 4.0 4.0 0.516 0.495 0.6474 0.4896 12.40 
0.166 2 2 1 4.0 4.0 0.562 0.503 0.6374 0.4615 12.41 
0.167 2 2 1 4.0 4.0 0.515 0.484 0.6583 0.4896 12.41 
0.168 2 2 1 4.0 4.0 0.451 0.496 0.6804 0.5020 12.41 
0.169 2 2 1 4.0 4.0 0.431 0.518 0.6374 0.5149 12.41 
0.170 2 2 1 4.0 4.0 0.515 0.411 0.7044 0.5354 12.41 
0.171 2 2 1 4.0 4.0 0.546 0.392 0.6583 0.5149 12.41 
0.172 2 2 1 4.0 4.0 0.457 0.444 0.7169 0.5735 12.41 
0.173 2 2 1 4.0 4.0 0.384 0.422 0.7169 0.5820 12.41 
0.174 2 2 1 4.0 4.0 0.377 0.447 0.7575 0.6273 12.42 
0.175 2 2 1 4.0 4.0 0.391 0.429 0.7302 0.5992 12.42 
0.176 2 2 1 4.0 4.0 0.386 0.410 0.7723 0.5354 12.42 
0.177 2 2 1 4.0 4.0 0.387 0.405 0.7302 0.6085 12.41 
0.178 2 2 1 4.0 4.0 0.419 0.401 0.7302 0.6374 12.41 
0.179 2 2 1 4.0 4.0 0.419 0.410 0.7872 0.5904 12.41 
0.180 2 2 1 4.0 4.0 0.418 0.426 0.7575 0.6474 12.41 
0.181 2 2 1 4.0 4.0 0.343 0.395 0.8032 0.6374 12.41 
0.182 2 2 1 4.0 4.0 0.312 0.362 0.7723 0.6924 12.42 
0.183 2 2 1 4.0 4.0 0.330 0.371 0.7872 0.6691 12.42 
0.184 2 2 1 4.0 4.0 0.375 0.388 0.8366 0.7302 12.41 
0.185 2 2 1 4.0 4.0 0.348 0.368 0.8366 0.6924 12.42 
0.186 2 2 1 4.0 4.0 0.305 0.370 0.8366 0.6691 12.42 
0.187 2 2 1 4.0 4.0 0.317 0.357 0.8543 0.7044 12.42 
0.188 2 2 1 4.0 4.0 0.328 0.326 0.8366 0.6924 12.43 
0.189 2 2 1 4.0 4.0 0.327 0.369 0.8727 0.6691 12.42 
0.190 2 2 1 4.0 4.0 0.304 0.353 0.8543 0.7302 12.42 
0.191 2 2 1 4.0 4.0 0.328 0.312 0.8727 0.7575 12.42 
0.192 2 2 1 4.0 4.0 0.304 0.277 0.8727 0.7575 12.43 
0.193 2 2 1 4.0 4.0 0.322 0.304 0.8193 0.7723 12.41 
0.194 2 2 1 4.0 4.0 0.296 0.313 0.8727 0.7575 12.42 
0.195 2 2 1 4.0 4.0 0.292 0.298 0.8727 0.7575 12.42 
0.196 2 2 1 4.0 4.0 0.263 0.299 0.9338 0.7434 12.43 
0.197 2 2 1 4.0 4.0 0.279 0.317 0.9338 0.7723 12.41 
0.198 2 2 1 4.0 4.0 0.284 0.328 0.9125 0.7169 12.42 
0.199 2 2 1 4.0 4.0 0.272 0.314 0.9338 0.7169 12.42 
0.200 2 2 1 4.0 4.0 0.261 0.288 0.9125 0.7723 12.43 
0.201 2 2 1 4.0 4.0 0.285 0.293 0.9796 0.7872 12.42 
0.202 2 2 1 4.0 4.0 0.298 0.312 0.9559 0.7872 12.42 
0.203 2 2 1 4.0 4.0 0.239 0.312 0.9796 0.7169 12.42 
0.204 2 2 1 4.0 4.0 0.233 0.285 0.9796 0.7723 12.42 
0.205 2 2 1 4.0 4.0 0.289 0.266 0.9796 0.7434 12.42 
0.206 2 2 1 4.0 4.0 0.267 0.286 1.0041 0.8032 12.43 
0.207 2 2 1 4.0 4.0 0.223 0.293 0.9796 0.7872 12.43 
0.208 2 2 1 4.0 4.0 0.232 0.264 1.0041 0.7872 12.43 
0.209 2 2 1 4.0 4.0 0.254 0.244 1.0041 0.8032 12.42 
0.210 2 2 1 4.0 4.0 0.228 0.267 1.0041 0.8366 12.43 
0.211 2 2 1 4.0 4.0 0.216 0.289 1.0567 0.8543 12.43 
0.212 2 2 1 4.0 4.0 0.229 0.262 1.0298 0.8366 12.43 
0.213 2 2 1 4.0 4.0 0.255 0.271 1.0567 0.8366 12.42 
0.214 2 2 1 4.0 4.0 0.191 0.264 1.0567 0.8366 12.43 
0.215 2 2 1 4.0 4.0 0.233 0.240 1.0298 0.8543 12.43 
0.216 2 2 1 4.0 4.0 0.224 0.227 1.0567 0.8543 12.43 
0.217 2 2 1 4.0 4.0 0.180 0.227 1.0567 0.8924 12.43 
0.218 2 2 1 4.0 4.0 0.199 0.238 1.0567 0.8543 12.43 
0.219 2 2 1 4.0 4.0 0.230 0.236 1.0567 0.8193 12.42 
0.220 2 2 1 4.0 4.0 0.204 0.220 1.0567 0.8543 12.42 
0.221 2 2 1 4.0 4.0 0.230 0.224 1.0567 0.8366 12.43 
0.222 2 2 1 4.0 4.0 0.204 0.251 1.0852 0.8193 12.43 
0.223 2 2 1 4.0 4.0 0.221 0.242 1.0852 0.8727 12.43 
0.224 2 2 1 4.0 4.0 0.204 0.224 1.0567 0.9338 12.43 
0.225 2 2 1 4.0 4.0 0.197 0.232 1.0852 0.9125 12.43 
0.226 2 2 1 4.0 4.0 0.208 0.239 1.0852 0.8543 12.43 
0.227 2 2 1 4.0 4.0 0.224 0.209 1.0852 0.8924 12.43 
0.228 2 2 1 4.0 4.0 0.193 0.231 1.1153 0.8727 12.42 
0.229 2 2 1 4.0 4.0 0.171 0.223 1.0852 0.8924 12.43 
0.230 2 2 1 4.0 4.0 0.222 0.213 1.1153 0.8727 12.43 
0.231 2 2 1 4.0 4.0 0.199 0.213 1.1474 0.8924 12.43 
0.232 2 2 1 4.0 4.0 0.174 0.228 1.0852 0.9125 12.43 
0.233 2 2 1 4.0 4.0 0.193 0.229 1.1153 0.9559 12.42 
0.234 2 2 1 4.0 4.0 0.185 0.213 1.1474 0.9338 12.43 
0.235 2 2 1 4.0 4.0 0.140 0.210 1.1474 0.9559 12.42 
0.236 2 2 1 4.0 4.0 0.165 0.208 1.1153 0.9338 12.43 
0.237 2 2 1 4.0 4.0 0.201 0.192 1.1153 0.9338 12.43 
0.238 2 2 1 4.0 4.0 0.159 0.184 1.1153 0.9338 12.43 
0.239 2 2 1 4.0 4.0 0.184 0.190 1.1474 0.9559 12.43 
0.240 2 2 1 4.0 4.0 0.208 0.192 1.1474 0.9796 12.43 
0.241 2 2 1 4.0 4.0 0.144 0.180 1.1474 0.9559 12.43 
0.242 2 2 1 4.0 4.0 0.176 0.205 1.1153 0.9796 12.43 
0.243 2 2 1 4.0 4.0 0.204 0.205 1.1474 0.8924 12.43 
0.244 2 2 1 4.0 4.0 0.147 0.187 1.1474 0.9125 12.43 
0.245 2 2 1 4.0 4.0 0.176 0.178 1.1474 0.9338 12.42 
0.246 2 2 1 4.0 4.0 0.182 0.205 1.1812 0.9559 12.43 
0.247 2 2 1 4.0 4.0 0.147 0.216 1.1812 0.8924 12.43 
0.248 2 2 1 4.0 4.0 0.162 0.190 1.1153 0.9338 12.43 
0.249 2 2 1 4.0 4.0 0.185 0.208 1.1812 0.9338 12.43 
0.250 2 2 1 4.0 4.0 0.140 0.202 1.1812 0.9338 12.44 
0.251 2 2 1 4.0 4.0 0.173 0.177 1.1474 0.9559 12.43 
0.252 2 2 1 4.0 4.0 0.166 0.164 1.1812 1.0041 12.43 
0.253 2 2 1 4.0 4.0 0.117 0.209 1.1474 0.9796 12.43 
0.254 2 2 1 4.0 4.0 0.149 0.202 1.1812 1.0041 12.43 
0.255 2 2 1 4.0 4.0 0.184 0.182 1.1812 0.9125 12.43 
0.256 2 2 1 4.0 4.0 0.136 0.194 1.1812 0.9796 12.43 
0.257 2 2 1 4.0 4.0 0.161 0.188 1.1812 0.9796 12.42 
0.258 2 2 1 4.0 4.0 0.169 0.166 1.1474 0.9796 12.42 
0.259 2 2 1 4.0 4.0 0.126 0.158 1.1812 1.0041 12.43 
0.260 2 2 1 4.0 4.0 0.153 0.168 1.1812 1.0041 12.43 
0.261 2 2 1 4.0 4.0 0.179 0.172 1.1474 0.9796 12.43 
0.262 2 2 1 4.0 4.0 0.151 0.181 1.1812 1.0041 12.43 
0.263 2 2 1 4.0 4.0 0.147 0.194 1.2169 1.0041 12.43 
0.264 2 2 1 4.0 4.0 0.146 0.178 1.2169 1.0298 12.44 
0.265 2 2 1 4.0 4.0 0.138 0.155 1.2169 1.0041 12.43 
0.266 2 2 1 4.0 4.0 0.147 0.166 1.1812 1.0041 12.43 
0.267 2 2 1 4.0 4.0 0.155 0.194 1.1812 0.8727 12.43 
0.268 2 2 1 4.0 4.0 0.141 0.170 1.1474 0.9796 12.43 
0.269 2 2 1 4.0 4.0 0.135 0.171 1.2169 1.0041 12.44 
0.270 2 2 1 4.0 4.0 0.151 0.193 1.1812 0.9796 12.44 
0.271 2 2 1 4.0 4.0 0.133 0.160 1.2169 1.0041 12.44 
0.272 2 2 1 4.0 4.0 0.146 0.144 1.1812 1.0567 12.44 
0.273 2 2 1 4.0 4.0 0.233 0.128 1.2169 1.0298 12.43 
0.274 2 2 1 4.0 4.0 0.242 0.103 1.2169 1.0298 12.43 
0.275 2 2 1 4.0 4.0 0.147 0.134 1.1812 0.9796 12.44 
0.276 2 2 1 4.0 4.0 0.132 0.163 1.1812 1.0041 12.43 
0.277 2 2 1 4.0 4.0 0.170 0.175 1.2169 1.0298 12.43 
0.278 2 2 1 4.0 4.0 0.124 0.151 1.2169 1.0041 12.43 
0.279 2 2 1 4.0 4.0 0.147 0.146 1.2169 0.8924 12.43 
0.280 2 2 1 4.0 4.0 0.153 0.164 1.2551 1.0041 12.43 
0.281 2 2 1 4.0 4.0 0.116 0.157 1.2551 0.9796 12.44 
0.282 2 2 1 4.0 4.0 0.156 0.156 1.1812 1.0298 12.43 
0.283 2 2 1 4.0 4.0 0.150 0.170 1.2169 1.0041 12.44 
0.284 2 2 1 4.0 4.0 0.116 0.145 1.2169 1.0298 12.43 
0.285 2 2 1 4.0 4.0 0.154 0.158 1.2169 1.0298 12.44 
0.286 2 2 1 4.0 4.0 0.135 0.178 1.1812 1.0298 12.43 
0.287 2 2 1 4.0 4.0 0.113 0.175 1.1812 0.9559 12.43 
0.288 2 2 1 4.0 4.0 0.147 0.152 1.1812 0.8924 12.44 
0.289 2 2 1 4.0 4.0 0.159 0.168 1.1812 1.0298 12.43 
0.290 2 2 1 4.0 4.0 0.137 0.164 1.2551 1.0567 12.43 
0.291 2 2 1 4.0 4.0 0.133 0.144 1.2551 1.0298 12.44 
0.292 2 2 1 4.0 4.0 0.111 0.149 1.2551 1.0298 12.44 
0.293 2 2 1 4.0 4.0 0.115 0.179 1.2169 1.0041 12.43 
0.294 2 2 1 4.0 4.0 0.144 0.160 1.2551 1.0567 12.43 
0.295 2 2 1 4.0 4.0 0.110 0.162 1.2551 1.0567 12.43 
0.296 2 2 1 4.0 4.0 0.129 0.157 1.2551 1.0298 12.43 
0.297 2 2 1 4.0 4.0 0.142 0.134 1.2169 1.0567 12.44 
0.298 2 2 1 4.0 4.0 0.110 0.135 1.2551 1.0852 12.44 
0.299 2 2 1 4.0 4.0 0.119 0.140 1.2952 1.0567 12.44 
0.300 2 2 1 4.0 4.0 0.136 0.143 1.2169 1.0298 12.44 
0.301 2 2 1 4.0 4.0 0.126 0.125 1.2551 1.0567 12.44 
0.302 2 2 2 -4.0 -4.0 0.118 0.161 1.2551 1.0567 12.44 
0.303 2 2 2 -4.0 -4.0 -0.146 0.067 1.2551 1.0567 12.42 
0.304 2 2 2 -4.0 -4.0 -0.641 -0.539 1.2169 1.0298 12.39 
0.305 2 2 2 -4.0 -4.0 -1.017 -0.887 1.1812 1.0298 12.37 
0.306 2 2 2 -4.0 -4.0 -1.373 -0.974 1.1812 0.8366 12.34 
0.307 2 2 2 -4.0 -4.0 -1.515 -0.996 1.0852 0.8727 12.34 
0.308 2 2 2 -4.0 -4.0 -1.412 -1.001 0.9796 0.7434 12.33 
0.309 2 2 2 -4.0 -4.0 -1.432 -1.003 0.9338 0.7302 12.34 
0.310 2 2 2 -4.0 -4.0 -1.524 -1.003 0.8366 0.6374 12.34 
0.311 2 2 2 -4.0 -4.0 -1.360 -1.003 0.8032 0.6583 12.34 
0.312 2 2 2 -4.0 -4.0 -1.310 -1.003 0.7723 0.5655 12.35 
0.313 2 2 2 -4.0 -4.0 -1.300 -1.003 0.6474 0.5081 12.35 
0.314 2 2 2 -4.0 -4.0 -1.355 -1.003 0.6691 0.5020 12.35 
0.315 2 2 2 -4.0 -4.0 -1.375 -1.003 0.5992 0.3751 12.34 
0.316 2 2 2 -4.0 -4.0 -1.249 -1.003 0.5354 0.3751 12.35 
0.317 2 2 2 -4.0 -4.0 -1.187 -1.003 0.5498 0.3582 12.36 
0.318 2 2 2 -4.0 -4.0 -1.239 -1.003 0.4510 0.2510 12.35 
0.319 2 2 2 -4.0 -4.0 -1.204 -1.003 0.4225 0.2510 12.36 
0.320 2 2 2 -4.0 -4.0 -1.236 -1.003 0.3317 0.2241 12.35 
0.321 2 2 2 -4.0 -4.0 -1.220 -1.003 0.3317 0.2241 12.35 
0.322 2 2 2 -4.0 -4.0 -1.142 -1.003 0.2639 0.1578 12.36 
0.323 2 2 2 -4.0 -4.0 -1.151 -1.003 0.2478 0.1133 12.36 
0.324 2 2 2 -4.0 -4.0 -1.131 -1.003 0.2100 0.0884 12.36 
0.325 2 2 2 -4.0 -4.0 -1.054 -1.003 0.1506 0.0723 12.37 
0.326 2 2 2 -4.0 -4.0 -1.059 -1.003 0.1506 0.0610 12.36 
0.327 2 2 2 -4.0 -4.0 -1.169 -1.003 0.1506 -0.0538 12.37 
0.328 2 2 2 -4.0 -4.0 -1.167 -0.991 0.1233 -0.0538 12.37 
0.329 2 2 2 -4.0 -4.0 -1.093 -0.993 0.0944 -0.2028 12.38 
0.330 2 2 2 -4.0 -4.0 -0.949 -0.966 0.0763 -0.2028 12.38 
0.331 2 2 2 -4.0 -4.0 -0.920 -0.923 -0.0655 -0.2169 12.38 
0.332 2 2 2 -4.0 -4.0 -0.934 -0.895 -0.0655 -0.2169 12.38 
0.333 2 2 2 -4.0 -4.0 -0.908 -0.860 -0.0655 -0.2848 12.39 
0.334 2 2 2 -4.0 -4.0 -0.821 -0.914 -0.1370 -0.2972 12.39 
0.335 2 2 2 -4.0 -4.0 -0.766 -0.920 -0.1370 -0.3823 12.40 
0.336 2 2 2 -4.0 -4.0 -0.758 -0.780 -0.2100 -0.3490 12.39 
0.337 2 2 2 -4.0 -4.0 -0.732 -0.742 -0.2100 -0.3860 12.39 
0.338 2 2 2 -4.0 -4.0 -0.701 -0.706 -0.2675 -0.3615 12.39 
0.339 2 2 2 -4.0 -4.0 -0.674 -0.697 -0.2538 -0.4137 12.39 
0.340 2 2 2 -4.0 -4.0 -0.651 -0.684 -0.2538 -0.4137 12.40 
0.341 2 2 2 -4.0 -4.0 -0.629 -0.670 -0.3137 -0.4410 12.40 
0.342 2 2 2 -4.0 -4.0 -0.613 -0.704 -0.3715 -0.4667 12.40 
0.343 2 2 2 -4.0 -4.0 -0.616 -0.624 -0.3896 -0.4723 12.40 
0.344 2 2 2 -4.0 -4.0 -0.554 -0.624 -0.3374 -0.4956 12.40 
0.345 2 2 2 -4.0 -4.0 -0.543 -0.624 -0.3976 -0.5213 12.40 
0.346 2 2 2 -4.0 -4.0 -0.531 -0.605 -0.4016 -0.4667 12.40 
0.347 2 2 2 -4.0 -4.0 -0.502 -0.597 -0.4362 -0.5281 12.41 
0.348 2 2 2 -4.0 -4.0 -0.477 -0.639 -0.3976 -0.5354 12.41 
0.349 2 2 2 -4.0 -4.0 -0.496 -0.604 -0.4510 -0.5904 12.38 
0.350 2 2 2 -4.0 -4.0 -0.552 -0.537 -0.4896 -0.5992 12.41 
0.351 2 2 2 -4.0 -4.0 -0.542 -0.523 -0.4836 -0.6583 12.40 
0.352 2 2 2 -4.0 -4.0 -0.520 -0.514 -0.4896 -0.6085 12.41 
0.353 2 2 2 -4.0 -4.0 -0.485 -0.513 -0.5354 -0.5992 12.41 
0.354 2 2 2 -4.0 -4.0 -0.452 -0.506 -0.5081 -0.6583 12.41 
0.355 2 2 2 -4.0 -4.0 -0.415 -0.484 -0.5281 -0.6691 12.41 
0.356 2 2 2 -4.0 -4.0 -0.449 -0.464 -0.5904 -0.6924 12.38 
0.357 2 2 2 -4.0 -4.0 -0.401 -0.461 -0.5498 -0.6924 12.41 
0.358 2 2 2 -4.0 -4.0 -0.382 -0.499 -0.5992 -0.6691 12.41 
0.359 2 2 2 -4.0 -4.0 -0.392 -0.453 -0.6374 -0.7044 12.42 
0.360 2 2 2 -4.0 -4.0 -0.423 -0.434 -0.6085 -0.7044 12.42 
0.361 2 2 2 -4.0 -4.0 -0.423 -0.416 -0.5820 -0.7169 12.39 
0.362 2 2 2 -4.0 -4.0 -0.394 -0.434 -0.6374 -0.7044 12.41 
0.363 2 2 2 -4.0 -4.0 -0.362 -0.477 -0.6273 -0.7302 12.42 
0.364 2 2 2 -4.0 -4.0 -0.363 -0.425 -0.6474 -0.7302 12.42 
0.365 2 2 2 -4.0 -4.0 -0.348 -0.398 -0.6374 -0.7575 12.42 
0.366 2 2 2 -4.0 -4.0 -0.393 -0.389 -0.6583 -0.7575 12.42 
0.367 2 2 2 -4.0 -4.0 -0.380 -0.431 -0.6583 -0.7723 12.42 
0.368 2 2 2 -4.0 -4.0 -0.328 -0.391 -0.6924 -0.7872 12.43 
0.369 2 2 2 -4.0 -4.0 -0.322 -0.376 -0.7169 -0.7872 12.43 
0.370 2 2 2 -4.0 -4.0 -0.311 -0.355 -0.6804 -0.7872 12.42 
0.371 2 2 2 -4.0 -4.0 -0.354 -0.369 -0.7575 -0.8366 12.42 
0.372 2 2 2 -4.0 -4.0 -0.370 -0.363 -0.7044 -0.7872 12.42 
0.373 2 2 2 -4.0 -4.0 -0.333 -0.372 -0.7723 -0.8366 12.42 
0.374 2 2 2 -4.0 -4.0 -0.279 -0.374 -0.7169 -0.7723 12.42 
0.375 2 2 2 -4.0 -4.0 -0.211 -0.429 -0.7575 -0.8366 12.41 
0.376 2 2 2 -4.0 -4.0 -0.230 -0.452 -0.7302 -0.8543 12.42 
0.377 2 2 2 -4.0 -4.0 -0.252 -0.363 -0.7575 -0.8924 12.42 
0.378 2 2 2 -4.0 -4.0 -0.277 -0.340 -0.7302 -0.8543 12.42 
0.379 2 2 2 -4.0 -4.0 -0.309 -0.362 -0.7723 -0.8543 12.43 
0.380 2 2 2 -4.0 -4.0 -0.335 -0.335 -0.7723 -0.8366 12.42 
0.381 2 2 2 -4.0 -4.0 -0.289 -0.325 -0.7723 -0.8543 12.42 
0.382 2 2 2 -4.0 -4.0 -0.247 -0.323 -0.7723 -0.8366 12.41 
0.383 2 2 2 -4.0 -4.0 -0.242 -0.341 -0.8032 -0.8727 12.42 
0.384 2 2 2 -4.0 -4.0 -0.287 -0.327 -0.7872 -0.8924 12.42 
0.385 2 2 2 -4.0 -4.0 -0.307 -0.304 -0.8193 -0.9125 12.42 
0.386 2 2 2 -4.0 -4.0 -0.231 -0.317 -0.8032 -0.9338 12.42 
0.387 2 2 2 -4.0 -4.0 -0.220 -0.327 -0.7723 -0.8924 12.42 
0.388 2 2 2 -4.0 -4.0 -0.240 -0.308 -0.8193 -0.9338 12.43 
0.389 2 2 2 -4.0 -4.0 -0.288 -0.298 -0.8193 -0.8924 12.41 
0.390 2 2 2 -4.0 -4.0 -0.261 -0.321 -0.8193 -0.9338 12.42 
0.391 2 2 2 -4.0 -4.0 -0.222 -0.304 -0.8543 -0.8727 12.41 
0.392 2 2 2 -4.0 -4.0 -0.205 -0.289 -0.8366 -0.8924 12.42 
0.393 2 2 2 -4.0 -4.0 -0.248 -0.301 -0.8924 -0.9125 12.43 
0.394 2 2 2 -4.0 -4.0 -0.268 -0.294 -0.8366 -0.8727 12.43 
0.395 2 2 2 -4.0 -4.0 -0.228 -0.298 -0.8924 -0.9559 12.43 
0.396 2 2 2 -4.0 -4.0 -0.205 -0.296 -0.8366 -0.8727 12.43 
0.397 2 2 2 -4.0 -4.0 -0.195 -0.329 -0.9125 -0.9125 12.43 
0.398 2 2 2 -4.0 -4.0 -0.239 -0.296 -0.9125 -0.9559 12.43 
0.399 2 2 2 -4.0 -4.0 -0.237 -0.258 -0.8543 -0.9559 12.43 
0.400 2 2 2 -4.0 -4.0 -0.203 -0.273 -0.8727 -0.9338 12.42 
0.401 2 2 2 -4.0 -4.0 -0.179 -0.277 -0.8543 -0.9796 12.43 
0.402 2 2 2 -4.0 -4.0 -0.207 -0.268 -0.8727 -0.9796 12.42 
0.403 2 2 2 -4.0 -4.0 -0.245 -0.270 -0.9125 -0.8924 12.43 
0.404 2 2 2 -4.0 -4.0 -0.203 -0.276 -0.9338 -1.0041 12.43 
0.405 2 2 2 -4.0 -4.0 -0.157 -0.258 -0.9125 -0.9796 12.43 
0.406 2 2 2 -4.0 -4.0 -0.214 -0.248 -0.9125 -1.0041 12.42 
0.407 2 2 2 -4.0 -4.0 -0.245 -0.287 -0.9125 -1.0041 12.43 
0.408 2 2 2 -4.0 -4.0 -0.191 -0.268 -0.9125 -1.0041 12.43 
0.409 2 2 2 -4.0 -4.0 -0.158 -0.236 -0.8924 -1.0041 12.43 
0.410 2 2 2 -4.0 -4.0 -0.222 -0.251 -0.9338 -1.0298 12.43 
0.411 2 2 2 -4.0 -4.0 -0.206 -0.255 -0.9559 -1.0298 12.43 
0.412 2 2 2 -4.0 -4.0 -0.138 -0.227 -0.9338 -1.0298 12.43 
0.413 2 2 2 -4.0 -4.0 -0.169 -0.236 -0.9559 -1.0041 12.43 
0.414 2 2 2 -4.0 -4.0 -0.224 -0.245 -0.9796 -0.9796 12.43 
0.415 2 2 2 -4.0 -4.0 -0.170 -0.263 -0.9559 -1.0298 12.43 
0.416 2 2 2 -4.0 -4.0 -0.159 -0.259 -1.0041 -0.9338 12.43 
0.417 2 2 2 -4.0 -4.0 -0.220 -0.285 -0.9559 -0.9796 12.43 
0.418 2 2 2 -4.0 -4.0 -0.194 -0.256 -0.9125 -1.0041 12.43 
0.419 2 2 2 -4.0 -4.0 -0.145 -0.236 -0.9796 -1.0041 12.43 
0.420 2 2 2 -4.0 -4.0 -0.162 -0.247 -0.9559 -1.0298 12.43 
0.421 2 2 2 -4.0 -4.0 -0.218 -0.256 -0.9796 -0.9559 12.43 
0.422 2 2 2 -4.0 -4.0 -0.182 -0.227 -0.9559 -1.0298 12.42 
0.423 2 2 2 -4.0 -4.0 -0.157 -0.252 -0.9796 -1.0041 12.43 
0.424 2 2 2 -4.0 -4.0 -0.203 -0.253 -0.9796 -1.0298 12.43 
0.425 2 2 2 -4.0 -4.0 -0.193 -0.225 -0.9796 -1.0567 12.43 
0.426 2 2 2 -4.0 -4.0 -0.150 -0.224 -1.0041 -1.0298 12.43 
0.427 2 2 2 -4.0 -4.0 -0.169 -0.254 -1.0041 -1.0298 12.43 
0.428 2 2 2 -4.0 -4.0 -0.208 -0.240 -1.0567 -1.0567 12.43 
0.429 2 2 2 -4.0 -4.0 -0.143 -0.212 -1.0041 -0.9796 12.43 
0.430 2 2 2 -4.0 -4.0 -0.153 -0.247 -1.0298 -1.0567 12.43 
0.431 2 2 2 -4.0 -4.0 -0.206 -0.223 -1.0298 -1.0567 12.43 
0.432 2 2 2 -4.0 -4.0 -0.147 -0.195 -1.0041 -1.0567 12.44 
0.433 2 2 2 -4.0 -4.0 -0.124 -0.217 -1.0298 -1.0298 12.44 
0.434 2 2 2 -4.0 -4.0 -0.197 -0.230 -1.0567 -1.0852 12.43 
0.435 2 2 2 -4.0 -4.0 -0.161 -0.219 -1.0298 -1.0567 12.43 
0.436 2 2 2 -4.0 -4.0 -0.134 -0.251 -1.0852 -1.0567 12.43 
0.437 2 2 2 -4.0 -4.0 -0.125 -0.236 -1.0567 -1.0852 12.43 
0.438 2 2 2 -4.0 -4.0 -0.166 -0.200 -1.0298 -1.0852 12.44 
0.439 2 2 2 -4.0 -4.0 -0.138 -0.224 -1.0852 -1.0852 12.44 
0.440 2 2 2 -4.0 -4.0 -0.120 -0.215 -1.0567 -1.0567 12.43 
0.441 2 2 2 -4.0 -4.0 -0.170 -0.202 -1.0298 -1.0852 12.44 
0.442 2 2 2 -4.0 -4.0 -0.139 -0.227 -1.0298 -1.0852 12.44 
0.443 2 2 2 -4.0 -4.0 -0.112 -0.237 -1.0298 -1.0567 12.43 
0.444 2 2 2 -4.0 -4.0 -0.161 -0.209 -1.0567 -1.0852 12.42 
0.445 2 2 2 -4.0 -4.0 -0.171 -0.220 -1.0567 -1.0852 12.43 
0.446 2 2 2 -4.0 -4.0 -0.136 -0.232 -1.0567 -1.0567 12.43 
0.447 2 2 2 -4.0 -4.0 -0.135 -0.199 -1.0852 -1.0852 12.44 
0.448 2 2 2 -4.0 -4.0 -0.180 -0.211 -1.0567 -1.1153 12.43 
0.449 2 2 2 -4.0 -4.0 -0.156 -0.214 -1.0567 -1.1153 12.44 
0.450 2 2 2 -4.0 -4.0 -0.123 -0.190 -1.0298 -1.0852 12.43 
0.451 2 2 2 -4.0 -4.0 -0.165 -0.193 -1.0298 -1.1153 12.43 
0.452 2 2 2 -4.0 -4.0 -0.142 -0.209 -1.0041 -1.0567 12.43 
0.453 2 2 3 0.0 0.0 -0.115 -0.211 -1.0567 -1.0567 12.43 
0.454 2 2 3 0.0 0.0 -0.001 -0.187 -1.0298 -1.0567 12.45 
0.455 2 2 3 0.0 0.0 0.291 0.087 -1.0852 -1.0852 12.45 
0.456 2 2 3 0.0 0.0 0.440 0.412 -1.0298 -1.0567 12.46 
0.457 2 2 3 0.0 0.0 0.600 0.633 -1.0041 -1.0041 12.46 
0.458 2 2 3 0.0 0.0 0.710 0.675 -1.0298 -1.0041 12.46 
0.459 2 2 3 0.0 0.0 0.664 0.684 -0.9125 -0.9796 12.45 
0.460 2 2 3 0.0 0.0 0.631 0.741 -0.9338 -0.9559 12.46 
0.461 2 2 3 0.0 0.0 0.674 0.725 -0.8366 -0.9125 12.46 
0.462 2 2 3 0.0 0.0 0.690 0.638 -0.8543 -0.8924 12.46 
0.463 2 2 3 0.0 0.0 0.600 0.655 -0.8032 -0.8727 12.45 
0.464 2 2 3 0.0 0.0 0.581 0.698 -0.7872 -0.8193 12.46 
0.465 2 2 3 0.0 0.0 0.628 0.706 -0.7434 -0.8032 12.46 
0.466 2 2 3 0.0 0.0 0.649 0.615 -0.7434 -0.7575 12.46 
0.467 2 2 3 0.0 0.0 0.565 0.600 -0.6924 -0.7575 12.45 
0.468 2 2 3 0.0 0.0 0.510 0.624 -0.7044 -0.7044 12.45 
0.469 2 2 3 0.0 0.0 0.528 0.603 -0.7302 -0.6804 12.45 
0.470 2 2 3 0.0 0.0 0.558 0.532 -0.6474 -0.6804 12.46 
0.471 2 2 3 0.0 0.0 0.559 0.503 -0.5992 -0.6691 12.45 
0.472 2 2 3 0.0 0.0 0.505 0.521 -0.6273 -0.6583 12.45 
0.473 2 2 3 0.0 0.0 0.447 0.535 -0.6085 -0.5992 12.45 
0.474 2 2 3 0.0 0.0 0.467 0.528 -0.5992 -0.5904 12.45 
0.475 2 2 3 0.0 0.0 0.482 0.460 -0.5498 -0.6085 12.46 
0.476 2 2 3 0.0 0.0 0.485 0.426 -0.5354 -0.5281 12.45 
0.477 2 2 3 0.0 0.0 0.538 0.412 -0.5498 -0.5354 12.45 
0.478 2 2 3 0.0 0.0 0.433 0.364 -0.4896 -0.5426 12.45 
0.479 2 2 3 0.0 0.0 0.370 0.427 -0.4836 -0.3823 12.46 
0.480 2 2 3 0.0 0.0 0.375 0.430 -0.4779 -0.4181 12.46 
0.481 2 2 3 0.0 0.0 0.390 0.402 -0.4896 -0.4181 12.46 
0.482 2 2 3 0.0 0.0 0.390 0.356 -0.3751 -0.4510 12.46 
0.483 2 2 3 0.0 0.0 0.383 0.330 -0.3896 -0.4317 12.46 
0.484 2 2 3 0.0 0.0 0.376 0.337 -0.3976 -0.4225 12.46 
0.485 2 2 3 0.0 0.0 0.350 0.342 -0.4056 -0.3936 12.45 
0.486 2 2 3 0.0 0.0 0.282 0.353 -0.3113 -0.4056 12.46 
0.487 2 2 3 0.0 0.0 0.269 0.357 -0.3430 -0.3265 12.45 
0.488 2 2 3 0.0 0.0 0.276 0.339 -0.3462 -0.3522 12.46 
0.489 2 2 3 0.0 0.0 0.292 0.295 -0.3462 -0.2996 12.45 
0.490 2 2 3 0.0 0.0 0.299 0.269 -0.3490 -0.2996 12.45 
0.491 2 2 3 0.0 0.0 0.301 0.247 -0.2695 -0.3651 12.45 
0.492 2 2 3 0.0 0.0 0.288 0.239 -0.2787 -0.3040 12.45 
0.493 2 2 3 0.0 0.0 0.280 0.260 -0.2787 -0.2952 12.45 
0.494 2 2 3 0.0 0.0 0.258 0.258 -0.2908 -0.2952 12.45 
0.495 2 2 3 0.0 0.0 0.242 0.246 -0.2747 -0.2418 12.46 
0.496 2 2 3 0.0 0.0 0.212 0.243 -0.2747 -0.2807 12.46 
0.497 2 2 3 0.0 0.0 0.181 0.228 -0.2088 -0.2807 12.45 
0.498 2 2 3 0.0 0.0 0.172 0.221 -0.2088 -0.2229 12.46 
0.499 2 2 3 0.0 0.0 0.168 0.217 -0.2181 -0.2229 12.46 
0.500 2 2 3 0.0 0.0 0.176 0.197 -0.2181 -0.2229 12.46 
0.501 2 2 3 0.0 0.0 0.170 0.180 -0.1968 -0.2229 12.46 
0.502 2 2 3 0.0 0.0 0.162 0.179 -0.1968 -0.1892 12.45 
0.503 2 2 3 0.0 0.0 0.171 0.159 -0.2016 -0.1892 12.46 
0.504 2 2 3 0.0 0.0 0.168 0.140 -0.2016 -0.2145 12.46 
0.505 2 2 3 0.0 0.0 0.157 0.137 -0.1671 -0.2145 12.46 
0.506 2 2 3 0.0 0.0 0.151 0.137 -0.1438 -0.1651 12.46 
0.507 2 2 3 0.0 0.0 0.143 0.144 -0.1438 -0.1651 12.46 
0.508 2 2 3 0.0 0.0 0.138 0.144 -0.1438 -0.1651 12.46 
0.509 2 2 3 0.0 0.0 0.135 0.142 -0.1378 -0.1550 12.46 
0.510 2 2 3 0.0 0.0 0.123 0.143 -0.1378 -0.1550 12.46 
0.511 2 2 3 0.0 0.0 0.116 0.137 -0.1378 -0.1530 12.45 
0.512 2 2 3 0.0 0.0 0.109 0.124 -0.1185 -0.1237 12.46 
0.513 2 2 3 0.0 0.0 0.100 0.109 -0.1185 -0.1237 12.45 
0.514 2 2 3 0.0 0.0 0.092 0.106 -0.1185 -0.1237 12.46 
0.515 2 2 3 0.0 0.0 0.086 0.102 -0.1213 -0.1245 12.46 
0.516 2 2 3 0.0 0.0 0.077 0.096 -0.1213 -0.1245 12.46 
0.517 2 2 3 0.0 0.0 0.077 0.098 -0.1213 -0.1245 12.45 
0.518 2 2 3 0.0 0.0 0.067 0.097 -0.1213 -0.1245 12.45 
0.519 2 2 3 0.0 0.0 0.067 0.097 -0.0996 -0.0964 12.46 
0.520 2 2 3 0.0 0.0 0.071 0.094 -0.0920 -0.0872 12.45 
0.521 2 2 3 0.0 0.0 0.063 0.085 -0.0920 -0.0872 12.45 
0.522 2 2 3 0.0 0.0 0.060 0.088 -0.0920 -0.0872 12.46 
0.523 2 2 3 0.0 0.0 0.063 0.080 -0.0920 -0.0872 12.46 
0.524 2 2 3 0.0 0.0 0.060 0.072 -0.0863 -0.0872 12.46 
0.525 2 2 3 0.0 0.0 0.060 0.068 -0.0719 -0.0759 12.46 
0.526 2 2 3 0.0 0.0 0.053 0.068 -0.0719 -0.0759 12.46 
0.527 2 2 3 0.0 0.0 0.049 0.061 -0.0719 -0.0759 12.46 
0.528 2 2 3 0.0 0.0 0.040 0.053 -0.0719 -0.0759 12.45 
0.529 2 2 3 0.0 0.0 0.041 0.054 -0.0719 -0.0759 12.46 
0.530 2 2 3 0.0 0.0 0.045 0.046 -0.0719 -0.0755 12.45 
0.531 2 2 3 0.0 0.0 0.039 0.046 -0.0659 -0.0635 12.46 
0.532 2 2 3 0.0 0.0 0.032 0.047 -0.0566 -0.0546 12.46 
0.533 2 2 3 0.0 0.0 0.024 0.046 -0.0494 -0.0530 12.45 
0.534 2 2 3 0.0 0.0 0.017 0.039 -0.0442 -0.0530 12.45 
0.535 2 2 3 0.0 0.0 0.023 0.042 -0.0398 -0.0530 12.45 
0.536 2 2 3 0.0 0.0 0.013 0.040 -0.0361 -0.0530 12.46 
0.537 2 2 3 0.0 0.0 0.007 0.037 -0.0329 -0.0530 12.46 
0.538 2 2 3 0.0 0.0 0.004 0.038 -0.0305 -0.0530 12.45 
0.539 2 2 3 0.0 0.0 0.006 0.034 -0.0285 -0.0530 12.46 
0.540 2 2 3 0.0 0.0 0.006 0.028 -0.0265 -0.0518 12.46 
0.541 2 2 3 0.0 0.0 -0.008 0.029 -0.0249 -0.0458 12.46 
0.542 2 2 3 0.0 0.0 -0.010 0.027 -0.0233 -0.0410 12.46 
0.543 2 2 3 0.0 0.0 -0.010 0.025 -0.0221 -0.0374 12.45 
0.544 2 2 3 0.0 0.0 -0.003 0.024 -0.0209 -0.0357 12.46 
0.545 2 2 3 0.0 0.0 -0.001 0.019 -0.0197 -0.0357 12.45 
0.546 2 2 3 0.0 0.0 -0.010 0.019 -0.0189 -0.0357 12.45 
0.547 2 2 3 0.0 0.0 -0.005 0.023 -0.0181 -0.0357 12.46 
0.548 2 2 3 0.0 0.0 -0.002 0.018 -0.0173 -0.0357 12.46 
0.549 2 2 3 0.0 0.0 -0.004 0.015 -0.0165 -0.0357 12.46 
0.550 2 2 3 0.0 0.0 -0.010 0.008 -0.0157 -0.0357 12.46 
0.551 2 2 3 0.0 0.0 -0.009 0.008 -0.0153 -0.0357 12.46 
0.552 2 2 3 0.0 0.0 -0.011 0.006 -0.0145 -0.0357 12.45 
0.553 2 2 3 0.0 0.0 -0.008 0.000 -0.0141 -0.0357 12.46 
0.554 2 2 3 0.0 0.0 -0.009 0.003 -0.0137 -0.0357 12.46 
0.555 2 2 3 0.0 0.0 -0.008 -0.000 -0.0133 -0.0345 12.45 
0.556 2 2 3 0.0 0.0 -0.013 0.004 -0.0129 -0.0317 12.46 
0.557 2 2 3 0.0 0.0 -0.006 0.005 -0.0125 -0.0293 12.46 
0.558 2 2 3 0.0 0.0 -0.011 0.004 -0.0120 -0.0273 12.46 
0.559 2 2 3 0.0 0.0 -0.013 0.005 -0.0116 -0.0257 12.45 
0.560 2 2 3 0.0 0.0 -0.013 0.005 -0.0112 -0.0241 12.46 
0.561 2 2 3 0.0 0.0 -0.006 0.010 -0.0108 -0.0225 12.46 
0.562 2 2 3 0.0 0.0 -0.013 0.011 -0.0104 -0.0213 12.46 
0.563 2 2 3 0.0 0.0 -0.012 0.010 -0.0104 -0.0205 12.45 
0.564 2 2 3 0.0 0.0 -0.012 0.009 -0.0100 -0.0193 12.46 
0.565 2 2 3 0.0 0.0 -0.004 0.013 -0.0096 -0.0185 12.46 
0.566 2 2 3 0.0 0.0 -0.005 0.013 -0.0096 -0.0177 12.45 
0.567 2 2 3 0.0 0.0 -0.001 -0.001 -0.0092 -0.0169 12.46 
0.568 2 2 3 0.0 0.0 -0.009 -0.000 -0.0092 -0.0161 12.45 
0.569 2 2 3 0.0 0.0 -0.007 0.000 -0.0088 -0.0157 12.45 
0.570 2 2 3 0.0 0.0 -0.012 0.003 -0.0088 -0.0149 12.46 
0.571 2 2 3 0.0 0.0 -0.010 0.004 -0.0084 -0.0145 12.46 
0.572 2 2 3 0.0 0.0 -0.005 0.005 -0.0084 -0.0137 12.46 
0.573 2 2 3 0.0 0.0 -0.008 0.007 -0.0080 -0.0133 12.46 
0.574 2 2 3 0.0 0.0 -0.007 0.007 -0.0080 -0.0129 12.46 
0.575 2 2 3 0.0 0.0 -0.005 0.007 -0.0076 -0.0125 12.46 
0.576 2 2 3 0.0 0.0 -0.005 0.008 -0.0076 -0.0120 12.46 
0.577 2 2 3 0.0 0.0 -0.005 0.004 -0.0076 -0.0116 12.46 
0.578 2 2 3 0.0 0.0 -0.001 0.001 -0.0072 -0.0112 12.46 
0.579 2 2 3 0.0 0.0 0.001 0.004 -0.0072 -0.0112 12.46 
0.580 2 2 3 0.0 0.0 0.059 -0.009 -0.0072 -0.0108 12.45 
0.581 2 2 3 0.0 0.0 0.067 -0.095 -0.0068 -0.0104 12.46 
0.582 2 2 3 0.0 0.0 0.014 -0.035 -0.0068 -0.0100 12.46 
0.583 2 2 3 0.0 0.0 -0.001 -0.006 -0.0068 -0.0100 12.45 
0.584 2 2 3 0.0 0.0 -0.007 0.002 -0.0064 -0.0096 12.46 
0.585 2 2 3 0.0 0.0 -0.011 0.002 -0.0064 -0.0096 12.45 
0.586 2 2 3 0.0 0.0 -0.016 -0.003 -0.0064 -0.0092 12.45 
0.587 2 2 3 0.0 0.0 -0.012 0.003 -0.0064 -0.0088 12.45 
0.588 2 2 3 0.0 0.0 -0.005 0.007 -0.0060 -0.0088 12.46 
0.589 2 2 3 0.0 0.0 -0.003 0.005 -0.0060 -0.0084 12.45 
0.590 2 2 3 0.0 0.0 -0.006 0.005 -0.0060 -0.0084 12.46 
0.591 2 2 3 0.0 0.0 -0.005 0.002 -0.0060 -0.0084 12.45 
0.592 2 2 3 0.0 0.0 -0.007 0.001 -0.0056 -0.0080 12.46 
0.593 2 2 3 0.0 0.0 -0.009 0.001 -0.0056 -0.0080 12.45 
0.594 2 2 3 0.0 0.0 -0.008 0.002 -0.0056 -0.0076 12.46 
0.595 2 2 3 0.0 0.0 -0.005 -0.004 -0.0056 -0.0076 12.46 
0.596 2 2 3 0.0 0.0 -0.005 -0.000 -0.0056 -0.0076 12.46 
0.597 2 2 3 0.0 0.0 -0.003 0.004 -0.0052 -0.0072 12.46 
0.598 2 2 3 0.0 0.0 0.003 0.000 -0.0052 -0.0072 12.46 
0.599 2 2 3 0.0 0.0 -0.001 0.003 -0.0052 -0.0068 12.46 
0.600 2 2 3 0.0 0.0 -0.005 0.004 -0.0052 -0.0068 12.46 
0.601 2 2 3 0.0 0.0 -0.006 0.003 -0.0052 -0.0068 12.45 
0.602 2 2 3 0.0 0.0 -0.001 0.005 -0.0048 -0.0068 12.46 
0.603 2 2 3 0.0 0.0 0.003 0.004 -0.0048 -0.0064 12.46 
0.604 2 2 3 0.0 0.0 -0.005 0.006 -0.0048 -0.0064 12.46 
0.605 2 2 3 0.0 0.0 -0.005 0.007 -0.0048 -0.0064 12.46 
0.606 2 2 3 0.0 0.0 -0.001 0.004 -0.0048 -0.0060 12.46 
0.607 2 2 3 0.0 0.0 -0.004 0.000 -0.0048 -0.0060 12.46 
0.608 2 2 3 0.0 0.0 0.000 -0.001 -0.0048 -0.0060 12.46 
0.609 2 2 3 0.0 0.0 -0.002 0.007 -0.0044 -0.0060 12.46 
0.610 2 2 3 0.0 0.0 0.005 0.004 -0.0044 -0.0060 12.46 
0.611 2 2 3 0.0 0.0 0.002 -0.000 -0.0044 -0.0056 12.46 
0.612 2 2 3 0.0 0.0 -0.002 -0.001 -0.0044 -0.0056 12.46 
0.613 2 2 3 0.0 0.0 -0.003 0.003 -0.0044 -0.0056 12.46 
0.614 2 2 3 0.0 0.0 0.002 0.006 -0.0044 -0.0056 12.46 
0.615 2 2 3 0.0 0.0 -0.001 0.005 -0.0044 -0.0052 12.46 
0.616 2 2 3 0.0 0.0 0.003 0.005 -0.0040 -0.0052 12.46 
0.617 2 2 3 0.0 0.0 0.003 0.001 -0.0040 -0.0052 12.46 
0.618 2 2 3 0.0 0.0 -0.003 0.004 -0.0040 -0.0052 12.46 
0.619 2 2 3 0.0 0.0 -0.001 -0.000 -0.0040 -0.0052 12.45 
0.620 2 2 3 0.0 0.0 0.003 0.003 -0.0040 -0.0052 12.45 
0.621 2 2 3 0.0 0.0 0.001 0.007 -0.0040 -0.0048 12.45 
0.622 2 2 3 0.0 0.0 0.001 0.007 -0.0040 -0.0048 12.46 
0.623 2 2 3 0.0 0.0 0.001 0.007 -0.0040 -0.0048 12.45 
0.624 2 2 3 0.0 0.0 0.000 0.003 -0.0040 -0.0048 12.46 
0.625 2 2 3 0.0 0.0 -0.004 0.006 -0.0036 -0.0048 12.46 
0.626 2 2 3 0.0 0.0 0.002 0.001 -0.0036 -0.0048 12.46 
0.627 2 2 3 0.0 0.0 0.002 0.002 -0.0036 -0.0044 12.46 
0.628 2 2 3 0.0 0.0 0.001 0.003 -0.0036 -0.0044 12.45 
0.629 2 2 3 0.0 0.0 -0.002 0.006 -0.0036 -0.0044 12.45 
0.630 2 2 3 0.0 0.0 0.000 0.005 -0.0036 -0.0044 12.46 
0.631 2 2 3 0.0 0.0 -0.002 0.004 -0.0036 -0.0044 12.45 
0.632 2 2 3 0.0 0.0 -0.003 0.005 -0.0036 -0.0044 12.46 
0.633 2 2 3 0.0 0.0 0.000 0.005 -0.0036 -0.0044 12.45 
0.634 2 2 3 0.0 0.0 -0.002 0.004 -0.0036 -0.0044 12.46 
0.635 2 2 3 0.0 0.0 -0.001 0.011 -0.0036 -0.0040 12.46 
0.636 2 2 3 0.0 0.0 0.000 0.007 -0.0036 -0.0040 12.46 
0.637 2 2 3 0.0 0.0 -0.002 0.002 -0.0032 -0.0040 12.46 
0.638 2 2 3 0.0 0.0 -0.001 -0.004 -0.0032 -0.0040 12.46 
0.639 2 2 3 0.0 0.0 -0.001 0.000 -0.0032 -0.0040 12.46 
0.640 2 2 3 0.0 0.0 -0.002 0.003 -0.0032 -0.0040 12.46 
0.641 2 2 3 0.0 0.0 -0.002 0.003 -0.0032 -0.0040 12.45 
0.642 2 2 3 0.0 0.0 -0.005 0.002 -0.0032 -0.0040 12.46 
0.643 2 2 3 0.0 0.0 -0.001 -0.001 -0.0032 -0.0040 12.46 
0.644 2 2 3 0.0 0.0 0.001 -0.000 -0.0032 -0.0036 12.46 
0.645 2 2 3 0.0 0.0 -0.003 -0.005 -0.0032 -0.0036 12.46 
0.646 2 2 3 0.0 0.0 -0.005 0.001 -0.0032 -0.0036 12.46 
0.647 2 2 3 0.0 0.0 -0.001 0.001 -0.0032 -0.0036 12.46 
0.648 2 2 3 0.0 0.0 -0.004 -0.002 -0.0032 -0.0036 12.46 
0.649 2 2 3 0.0 0.0 -0.001 0.004 -0.0032 -0.0036 12.46 
0.650 2 2 3 0.0 0.0 -0.002 0.001 -0.0028 -0.0036 12.46 
0.651 2 2 3 0.0 0.0 0.002 -0.000 -0.0028 -0.0036 12.46 
0.652 2 2 3 0.0 0.0 -0.001 0.005 -0.0028 -0.0036 12.45 
0.653 2 2 3 0.0 0.0 -0.001 0.007 -0.0028 -0.0036 12.46 
0.654 2 2 3 0.0 0.0 -0.003 0.002 -0.0028 -0.0036 12.46 
0.655 2 2 3 0.0 0.0 -0.005 0.004 -0.0028 -0.0032 12.46 
0.656 2 2 3 0.0 0.0 -0.002 0.004 -0.0028 -0.0032 12.46 
0.657 2 2 3 0.0 0.0 -0.002 0.001 -0.0028 -0.0032 12.46 
0.658 2 2 3 0.0 0.0 -0.003 0.006 -0.0028 -0.0032 12.46 
0.659 2 2 3 0.0 0.0 0.000 0.007 -0.0028 -0.0032 12.46 
0.660 2 2 3 0.0 0.0 -0.001 0.005 -0.0028 -0.0032 12.46 
0.661 2 2 3 0.0 0.0 -0.004 0.007 -0.0028 -0.0032 12.46 
0.662 2 2 3 0.0 0.0 -0.001 0.004 -0.0028 -0.0032 12.45 
0.663 2 2 3 0.0 0.0 -0.002 0.005 -0.0028 -0.0032 12.46 
0.664 2 2 3 0.0 0.0 -0.003 0.006 -0.0028 -0.0032 12.46 
0.665 2 2 3 0.0 0.0 -0.001 0.007 -0.0028 -0.0032 12.46 
