%% logfile from robot Sara (23)
% Sara (23)
%  1    time 0.000 sec
%  2  3  4   (mission 0), state 2, thread 2, line 0
%  5  6 Motor voltage [V] left, right: 2.0 2.0
%  7  8 Motor current left, right [A]: 0.052 0.053
%  9 10 Wheel velocity [m/s] left, right: 0.0000 0.0000
% 11    Battery voltage [V]: 11.47
0.001 2 2 0 2.0 2.0 0.096 0.005 0.0000 0.0000 11.47 
0.002 2 2 0 2.0 2.0 0.285 0.216 0.0000 0.0000 11.47 
0.003 2 2 0 2.0 2.0 0.372 0.366 0.0000 0.0000 11.46 
0.004 2 2 0 2.0 2.0 0.415 0.439 0.0000 0.0000 11.46 
0.005 2 2 0 2.0 2.0 0.406 0.449 0.0000 0.0000 11.46 
0.006 2 2 0 2.0 2.0 0.410 0.453 0.0000 0.0000 11.46 
0.007 2 2 0 2.0 2.0 0.418 0.467 0.0000 0.0000 11.45 
0.008 2 2 0 2.0 2.0 0.417 0.465 0.0000 0.0000 11.46 
0.009 2 2 0 2.0 2.0 0.399 0.452 0.0000 0.0000 11.46 
0.010 2 2 0 2.0 2.0 0.400 0.463 0.0000 0.0000 11.46 
0.011 2 2 0 2.0 2.0 0.399 0.475 0.0491 0.0000 11.47 
0.012 2 2 0 2.0 2.0 0.380 0.467 0.0491 0.0000 11.47 
0.013 2 2 0 2.0 2.0 0.376 0.443 0.0491 0.0000 11.46 
0.014 2 2 0 2.0 2.0 0.393 0.427 0.0491 0.0970 11.46 
0.015 2 2 0 2.0 2.0 0.401 0.403 0.0491 0.0970 11.46 
0.016 2 2 0 2.0 2.0 0.376 0.397 0.0937 0.0970 11.46 
0.017 2 2 0 2.0 2.0 0.366 0.385 0.0937 0.1193 11.46 
0.018 2 2 0 2.0 2.0 0.355 0.372 0.0937 0.1193 11.46 
0.019 2 2 0 2.0 2.0 0.371 0.378 0.1302 0.1193 11.47 
0.020 2 2 0 2.0 2.0 0.356 0.361 0.1302 0.1558 11.46 
0.021 2 2 0 2.0 2.0 0.346 0.334 0.1602 0.1558 11.46 
0.022 2 2 0 2.0 2.0 0.330 0.319 0.1602 0.1866 11.46 
0.023 2 2 0 2.0 2.0 0.323 0.315 0.1602 0.1866 11.46 
0.024 2 2 0 2.0 2.0 0.315 0.314 0.1777 0.2069 11.46 
0.025 2 2 0 2.0 2.0 0.323 0.307 0.1777 0.2069 11.46 
0.026 2 2 0 2.0 2.0 0.306 0.310 0.1911 0.1988 11.46 
0.027 2 2 0 2.0 2.0 0.309 0.307 0.1911 0.1988 11.46 
0.028 2 2 0 2.0 2.0 0.327 0.310 0.2134 0.2345 11.47 
0.029 2 2 0 2.0 2.0 0.270 0.318 0.2329 0.2345 11.46 
0.030 2 2 0 2.0 2.0 0.245 0.351 0.2329 0.2564 11.46 
0.031 2 2 0 2.0 2.0 0.231 0.310 0.2329 0.2633 11.46 
0.032 2 2 0 2.0 2.0 0.235 0.266 0.2329 0.2633 11.46 
0.033 2 2 0 2.0 2.0 0.224 0.275 0.2329 0.2264 11.46 
0.034 2 2 0 2.0 2.0 0.249 0.286 0.2329 0.2649 11.46 
0.035 2 2 0 2.0 2.0 0.262 0.280 0.2458 0.2649 11.46 
0.036 2 2 0 2.0 2.0 0.258 0.278 0.2617 0.2836 11.46 
0.037 2 2 0 2.0 2.0 0.262 0.267 0.2617 0.2957 11.47 
0.038 2 2 0 2.0 2.0 0.258 0.273 0.2649 0.2957 11.47 
0.039 2 2 0 2.0 2.0 0.248 0.280 0.2548 0.2702 11.46 
0.040 2 2 0 2.0 2.0 0.247 0.252 0.2548 0.3047 11.47 
0.041 2 2 0 2.0 2.0 0.276 0.242 0.2775 0.3379 11.46 
0.042 2 2 0 2.0 2.0 0.269 0.262 0.3095 0.3298 11.46 
0.043 2 2 0 2.0 2.0 0.237 0.256 0.2957 0.3298 11.43 
0.044 2 2 0 2.0 2.0 0.221 0.242 0.2957 0.2897 11.45 
0.045 2 2 0 2.0 2.0 0.210 0.228 0.2917 0.3217 11.46 
0.046 2 2 0 2.0 2.0 0.212 0.204 0.3026 0.3245 11.46 
0.047 2 2 0 2.0 2.0 0.200 0.204 0.3095 0.3245 11.46 
0.048 2 2 0 2.0 2.0 0.201 0.205 0.3095 0.3465 11.46 
0.049 2 2 0 2.0 2.0 0.216 0.215 0.3168 0.3120 11.46 
0.050 2 2 0 2.0 2.0 0.221 0.251 0.3379 0.3436 11.45 
0.051 2 2 0 2.0 2.0 0.263 0.239 0.3270 0.3497 11.46 
0.052 2 2 0 2.0 2.0 0.239 0.212 0.3586 0.3720 11.46 
0.053 2 2 0 2.0 2.0 0.233 0.215 0.3379 0.3497 11.46 
0.054 2 2 0 2.0 2.0 0.217 0.218 0.3379 0.3497 11.46 
0.055 2 2 0 2.0 2.0 0.214 0.205 0.3379 0.3586 11.47 
0.056 2 2 0 2.0 2.0 0.194 0.166 0.3408 0.3525 11.47 
0.057 2 2 0 2.0 2.0 0.172 0.176 0.3193 0.3826 11.46 
0.058 2 2 0 2.0 2.0 0.166 0.194 0.3497 0.3586 11.46 
0.059 2 2 0 2.0 2.0 0.165 0.227 0.3688 0.3789 11.46 
0.060 2 2 0 2.0 2.0 0.193 0.245 0.3586 0.4057 11.46 
0.061 2 2 0 2.0 2.0 0.224 0.168 0.3586 0.3976 11.46 
0.062 2 2 0 2.0 2.0 0.237 0.138 0.3497 0.3525 11.46 
0.063 2 2 0 2.0 2.0 0.241 0.158 0.3688 0.3826 11.46 
0.064 2 2 0 2.0 2.0 0.230 0.171 0.3789 0.4057 11.47 
0.065 2 2 0 2.0 2.0 0.211 0.169 0.3651 0.4016 11.46 
0.066 2 2 0 2.0 2.0 0.199 0.171 0.3688 0.3688 11.47 
0.067 2 2 0 2.0 2.0 0.197 0.196 0.3753 0.3899 11.46 
0.068 2 2 0 2.0 2.0 0.193 0.211 0.3619 0.3651 11.46 
0.069 2 2 0 2.0 2.0 0.190 0.204 0.3826 0.3899 11.46 
0.070 2 2 0 2.0 2.0 0.166 0.187 0.4057 0.4097 11.46 
0.071 2 2 0 2.0 2.0 0.151 0.186 0.3899 0.4016 11.46 
0.072 2 2 0 2.0 2.0 0.140 0.180 0.3753 0.3862 11.46 
0.073 2 2 0 2.0 2.0 0.131 0.159 0.3862 0.4057 11.46 
0.074 2 2 0 2.0 2.0 0.122 0.170 0.3862 0.3935 11.46 
0.075 2 2 0 2.0 2.0 0.133 0.212 0.3862 0.4057 11.46 
0.076 2 2 0 2.0 2.0 0.132 0.229 0.3935 0.4179 11.47 
0.077 2 2 0 2.0 2.0 0.179 0.217 0.3862 0.4268 11.46 
0.078 2 2 0 2.0 2.0 0.231 0.186 0.3976 0.3935 11.46 
0.079 2 2 0 2.0 2.0 0.238 0.158 0.3976 0.4097 11.46 
0.080 2 2 0 2.0 2.0 0.224 0.130 0.4057 0.4223 11.44 
0.081 2 2 0 2.0 2.0 0.209 0.132 0.3899 0.4312 11.46 
0.082 2 2 0 2.0 2.0 0.173 0.138 0.4016 0.3862 11.44 
0.083 2 2 0 2.0 2.0 0.141 0.163 0.4097 0.4016 11.45 
0.084 2 2 0 2.0 2.0 0.139 0.198 0.4138 0.4179 11.45 
0.085 2 2 0 2.0 2.0 0.136 0.180 0.4057 0.4312 11.45 
0.086 2 2 0 2.0 2.0 0.150 0.158 0.4097 0.3720 11.46 
0.087 2 2 0 2.0 2.0 0.129 0.166 0.4223 0.3976 11.46 
0.088 2 2 0 2.0 2.0 0.132 0.171 0.4138 0.4179 11.46 
0.089 2 2 0 2.0 2.0 0.110 0.181 0.4179 0.4361 11.46 
0.090 2 2 0 2.0 2.0 0.107 0.199 0.4268 0.3935 11.45 
0.091 2 2 0 2.0 2.0 0.098 0.191 0.4223 0.4138 11.46 
0.092 2 2 0 2.0 2.0 0.103 0.187 0.4057 0.4454 11.46 
0.093 2 2 0 2.0 2.0 0.144 0.184 0.4179 0.4507 11.47 
0.094 2 2 0 2.0 2.0 0.188 0.169 0.4361 0.3976 11.46 
0.095 2 2 0 2.0 2.0 0.204 0.139 0.4361 0.4268 11.46 
0.096 2 2 0 2.0 2.0 0.204 0.134 0.4268 0.4454 11.44 
0.097 2 2 0 2.0 2.0 0.171 0.124 0.4312 0.4268 11.45 
0.098 2 2 0 2.0 2.0 0.158 0.154 0.4361 0.4361 11.44 
0.099 2 2 0 2.0 2.0 0.144 0.162 0.4361 0.4406 11.46 
0.100 2 2 0 2.0 2.0 0.110 0.160 0.4507 0.4556 11.46 
0.101 2 2 0 2.0 2.0 0.143 0.142 0.4454 0.4507 11.46 
0.102 2 2 0 2.0 2.0 0.126 0.128 0.4556 0.4507 11.47 
0.103 2 2 0 2.0 2.0 0.126 0.124 0.4507 0.4454 11.47 
0.104 2 2 0 2.0 2.0 0.148 0.125 0.4507 0.4556 11.45 
0.105 2 2 0 2.0 2.0 0.154 0.140 0.4312 0.4556 11.45 
0.106 2 2 0 2.0 2.0 0.143 0.179 0.4406 0.4714 11.46 
0.107 2 2 0 2.0 2.0 0.125 0.132 0.4556 0.4771 11.46 
0.108 2 2 0 2.0 2.0 0.155 0.089 0.4556 0.4507 11.46 
0.109 2 2 0 2.0 2.0 0.186 0.121 0.4454 0.4556 11.46 
0.110 2 2 0 2.0 2.0 0.203 0.138 0.4507 0.4714 11.46 
0.111 2 2 0 2.0 2.0 0.181 0.137 0.4609 0.4771 11.47 
0.112 2 2 0 2.0 2.0 0.159 0.158 0.4556 0.4609 11.46 
0.113 2 2 0 2.0 2.0 0.136 0.173 0.4556 0.4454 11.46 
0.114 2 2 0 2.0 2.0 0.111 0.172 0.4507 0.4661 11.46 
0.115 2 2 0 2.0 2.0 0.121 0.147 0.4556 0.4828 11.46 
0.116 2 2 0 2.0 2.0 0.110 0.139 0.4661 0.4771 11.44 
0.117 2 2 0 2.0 2.0 0.113 0.127 0.4661 0.4609 11.44 
0.118 2 2 0 2.0 2.0 0.139 0.125 0.4556 0.4714 11.45 
0.119 2 2 0 2.0 2.0 0.137 0.152 0.4556 0.4661 11.46 
0.120 2 2 0 2.0 2.0 0.144 0.176 0.4556 0.4771 11.46 
0.121 2 2 0 2.0 2.0 0.121 0.173 0.4556 0.4828 11.46 
0.122 2 2 0 2.0 2.0 0.130 0.140 0.4556 0.4661 11.46 
0.123 2 2 0 2.0 2.0 0.139 0.111 0.4556 0.4714 11.44 
0.124 2 2 0 2.0 2.0 0.143 0.101 0.4609 0.4828 11.45 
0.125 2 2 0 2.0 2.0 0.154 0.112 0.4556 0.4609 11.45 
0.126 2 2 0 2.0 2.0 0.170 0.135 0.4609 0.4661 11.46 
0.127 2 2 0 2.0 2.0 0.166 0.144 0.4714 0.4771 11.46 
0.128 2 2 0 2.0 2.0 0.150 0.148 0.4661 0.4828 11.45 
0.129 2 2 0 2.0 2.0 0.157 0.133 0.4661 0.4454 11.44 
0.130 2 2 0 2.0 2.0 0.152 0.143 0.4771 0.4556 11.46 
0.131 2 2 0 2.0 2.0 0.117 0.141 0.4771 0.4714 11.46 
0.132 2 2 0 2.0 2.0 0.087 0.143 0.4714 0.4361 11.44 
0.133 2 2 0 2.0 2.0 0.081 0.164 0.4714 0.4661 11.43 
0.134 2 2 0 2.0 2.0 0.087 0.165 0.4771 0.4884 11.45 
0.135 2 2 0 2.0 2.0 0.114 0.166 0.4661 0.4945 11.45 
0.136 2 2 0 2.0 2.0 0.173 0.150 0.4714 0.4609 11.46 
0.137 2 2 0 2.0 2.0 0.198 0.133 0.4884 0.4661 11.45 
0.138 2 2 0 2.0 2.0 0.180 0.125 0.4884 0.4828 11.45 
0.139 2 2 0 2.0 2.0 0.133 0.120 0.4771 0.4609 11.45 
0.140 2 2 0 2.0 2.0 0.093 0.143 0.4714 0.4714 11.44 
0.141 2 2 0 2.0 2.0 0.093 0.150 0.4771 0.4714 11.45 
0.142 2 2 0 2.0 2.0 0.129 0.132 0.4884 0.4884 11.46 
0.143 2 2 0 2.0 2.0 0.172 0.128 0.4828 0.4771 11.44 
0.144 2 2 0 2.0 2.0 0.170 0.113 0.5006 0.4771 11.45 
0.145 2 2 0 2.0 2.0 0.144 0.103 0.4884 0.4884 11.46 
0.146 2 2 0 2.0 2.0 0.106 0.105 0.4828 0.4714 11.46 
0.147 2 2 0 2.0 2.0 0.086 0.151 0.4609 0.4771 11.44 
0.148 2 2 0 2.0 2.0 0.084 0.174 0.4714 0.4945 11.45 
0.149 2 2 0 2.0 2.0 0.089 0.112 0.4884 0.4945 11.45 
0.150 2 2 0 2.0 2.0 0.147 0.094 0.4828 0.4771 11.42 
0.151 2 2 0 2.0 2.0 0.175 0.110 0.4828 0.4945 11.46 
0.152 2 2 0 2.0 2.0 0.178 0.120 0.4945 0.5006 11.44 
0.153 2 2 0 2.0 2.0 0.168 0.133 0.4884 0.4771 11.44 
0.154 2 2 0 2.0 2.0 0.132 0.164 0.4884 0.4771 11.45 
0.155 2 2 0 2.0 2.0 0.110 0.171 0.4884 0.4828 11.45 
0.156 2 2 0 2.0 2.0 0.100 0.160 0.4828 0.5006 11.44 
0.157 2 2 0 2.0 2.0 0.099 0.138 0.4945 0.4945 11.46 
0.158 2 2 0 2.0 2.0 0.102 0.120 0.4945 0.4771 11.45 
0.159 2 2 0 2.0 2.0 0.115 0.108 0.4828 0.4884 11.47 
0.160 2 2 0 2.0 2.0 0.125 0.140 0.4828 0.4771 11.46 
0.161 2 2 0 2.0 2.0 0.128 0.170 0.4828 0.4884 11.48 
0.162 2 2 0 2.0 2.0 0.125 0.157 0.4828 0.5006 11.47 
0.163 2 2 0 2.0 2.0 0.129 0.124 0.4828 0.4771 11.46 
0.164 2 2 0 2.0 2.0 0.127 0.097 0.4828 0.4828 11.45 
0.165 2 2 0 2.0 2.0 0.143 0.100 0.4884 0.5006 11.47 
0.166 2 2 0 2.0 2.0 0.140 0.101 0.4771 0.4714 11.46 
0.167 2 2 0 2.0 2.0 0.138 0.120 0.4884 0.4828 11.44 
0.168 2 2 0 2.0 2.0 0.139 0.152 0.4884 0.4945 11.43 
0.169 2 2 0 2.0 2.0 0.128 0.152 0.4828 0.5006 11.44 
0.170 2 2 0 2.0 2.0 0.144 0.123 0.4884 0.4609 11.44 
0.171 2 2 0 2.0 2.0 0.118 0.106 0.5006 0.4884 11.44 
0.172 2 2 0 2.0 2.0 0.083 0.108 0.4884 0.5006 11.46 
0.173 2 2 0 2.0 2.0 0.070 0.129 0.4884 0.4771 11.46 
0.174 2 2 0 2.0 2.0 0.074 0.152 0.4945 0.4828 11.43 
0.175 2 2 0 2.0 2.0 0.083 0.155 0.4945 0.5071 11.44 
0.176 2 2 0 2.0 2.0 0.121 0.145 0.4828 0.4828 11.44 
0.177 2 2 0 2.0 2.0 0.182 0.147 0.5071 0.4828 11.44 
0.178 2 2 0 2.0 2.0 0.201 0.122 0.5006 0.4828 11.44 
0.179 2 2 0 2.0 2.0 0.182 0.106 0.4884 0.5006 11.44 
0.180 2 2 0 2.0 2.0 0.144 0.116 0.4884 0.4771 11.45 
0.181 2 2 0 2.0 2.0 0.109 0.141 0.4945 0.4884 11.45 
0.182 2 2 0 2.0 2.0 0.091 0.139 0.5071 0.5006 11.46 
0.183 2 2 0 2.0 2.0 0.102 0.129 0.5006 0.4884 11.47 
0.184 2 2 0 2.0 2.0 0.106 0.117 0.5201 0.4884 11.47 
0.185 2 2 0 2.0 2.0 0.099 0.094 0.5071 0.4828 11.47 
0.186 2 2 0 2.0 2.0 0.108 0.101 0.5006 0.4828 11.47 
0.187 2 2 0 2.0 2.0 0.112 0.132 0.4771 0.4884 11.44 
0.188 2 2 0 2.0 2.0 0.136 0.179 0.4828 0.5006 11.46 
0.189 2 2 0 2.0 2.0 0.160 0.127 0.5006 0.5071 11.46 
0.190 2 2 0 2.0 2.0 0.176 0.101 0.4884 0.4828 11.46 
0.191 2 2 0 2.0 2.0 0.159 0.103 0.4945 0.5006 11.45 
0.192 2 2 0 2.0 2.0 0.174 0.106 0.5006 0.5071 11.45 
0.193 2 2 0 2.0 2.0 0.141 0.115 0.5006 0.4828 11.45 
0.194 2 2 0 2.0 2.0 0.091 0.145 0.4945 0.4884 11.46 
0.195 2 2 0 2.0 2.0 0.077 0.167 0.4884 0.4714 11.46 
0.196 2 2 0 2.0 2.0 0.098 0.152 0.4945 0.5071 11.46 
0.197 2 2 0 2.0 2.0 0.102 0.135 0.5071 0.5006 11.46 
0.198 2 2 0 2.0 2.0 0.110 0.125 0.5071 0.4828 11.47 
0.199 2 2 0 2.0 2.0 0.109 0.110 0.4945 0.4945 11.46 
0.200 2 2 0 2.0 2.0 0.115 0.135 0.4945 0.4828 11.46 
0.201 2 2 1 4.0 4.0 0.123 0.154 0.4945 0.4945 11.48 
0.202 2 2 1 4.0 4.0 0.236 0.183 0.4884 0.5071 11.46 
0.203 2 2 1 4.0 4.0 0.460 0.333 0.4945 0.4884 11.43 
0.204 2 2 1 4.0 4.0 0.532 0.458 0.5071 0.5006 11.42 
0.205 2 2 1 4.0 4.0 0.573 0.523 0.5071 0.5335 11.41 
0.206 2 2 1 4.0 4.0 0.562 0.556 0.5201 0.5201 11.41 
0.207 2 2 1 4.0 4.0 0.543 0.611 0.5481 0.5408 11.42 
0.208 2 2 1 4.0 4.0 0.542 0.621 0.5554 0.5793 11.43 
0.209 2 2 1 4.0 4.0 0.547 0.518 0.5878 0.5481 11.43 
0.210 2 2 1 4.0 4.0 0.492 0.550 0.5964 0.5964 11.42 
0.211 2 2 1 4.0 4.0 0.475 0.564 0.6053 0.6146 11.43 
0.212 2 2 1 4.0 4.0 0.467 0.599 0.6239 0.6053 11.42 
0.213 2 2 1 4.0 4.0 0.468 0.546 0.6146 0.6438 11.42 
0.214 2 2 1 4.0 4.0 0.529 0.549 0.6337 0.6239 11.42 
0.215 2 2 1 4.0 4.0 0.521 0.522 0.6649 0.6337 11.43 
0.216 2 2 1 4.0 4.0 0.497 0.501 0.6540 0.6649 11.43 
0.217 2 2 1 4.0 4.0 0.444 0.517 0.6649 0.6649 11.43 
0.218 2 2 1 4.0 4.0 0.410 0.495 0.6994 0.6759 11.43 
0.219 2 2 1 4.0 4.0 0.431 0.457 0.7241 0.6994 11.43 
0.220 2 2 1 4.0 4.0 0.396 0.447 0.7116 0.6994 11.43 
0.221 2 2 1 4.0 4.0 0.383 0.427 0.7116 0.7116 11.44 
0.222 2 2 1 4.0 4.0 0.364 0.487 0.7116 0.7509 11.44 
0.223 2 2 1 4.0 4.0 0.403 0.459 0.7375 0.7651 11.44 
0.224 2 2 1 4.0 4.0 0.437 0.372 0.7241 0.7375 11.43 
0.225 2 2 1 4.0 4.0 0.416 0.369 0.7651 0.7801 11.44 
0.226 2 2 1 4.0 4.0 0.368 0.394 0.7509 0.7509 11.44 
0.227 2 2 1 4.0 4.0 0.357 0.425 0.7509 0.7651 11.44 
0.228 2 2 1 4.0 4.0 0.349 0.411 0.7951 0.7801 11.45 
0.229 2 2 1 4.0 4.0 0.340 0.395 0.7651 0.7951 11.44 
0.230 2 2 1 4.0 4.0 0.321 0.420 0.7651 0.7951 11.43 
0.231 2 2 1 4.0 4.0 0.307 0.439 0.7801 0.8276 11.43 
0.232 2 2 1 4.0 4.0 0.388 0.424 0.7801 0.8114 11.43 
0.233 2 2 1 4.0 4.0 0.395 0.367 0.7951 0.8450 11.44 
0.234 2 2 1 4.0 4.0 0.380 0.365 0.7951 0.8114 11.44 
0.235 2 2 1 4.0 4.0 0.364 0.418 0.8114 0.8450 11.44 
0.236 2 2 1 4.0 4.0 0.368 0.356 0.8114 0.8114 11.42 
0.237 2 2 1 4.0 4.0 0.305 0.344 0.8450 0.8450 11.44 
0.238 2 2 1 4.0 4.0 0.288 0.366 0.8450 0.8276 11.43 
0.239 2 2 1 4.0 4.0 0.273 0.356 0.8276 0.8629 11.43 
0.240 2 2 1 4.0 4.0 0.361 0.353 0.8450 0.8450 11.44 
0.241 2 2 1 4.0 4.0 0.362 0.327 0.8450 0.8629 11.44 
0.242 2 2 1 4.0 4.0 0.337 0.329 0.8450 0.8629 11.45 
0.243 2 2 1 4.0 4.0 0.305 0.327 0.8815 0.8815 11.45 
0.244 2 2 1 4.0 4.0 0.319 0.304 0.9014 0.8815 11.43 
0.245 2 2 1 4.0 4.0 0.289 0.287 0.9014 0.9014 11.45 
0.246 2 2 1 4.0 4.0 0.248 0.336 0.8629 0.9217 11.43 
0.247 2 2 1 4.0 4.0 0.277 0.299 0.8815 0.9217 11.43 
0.248 2 2 1 4.0 4.0 0.313 0.257 0.8815 0.9432 11.44 
0.249 2 2 1 4.0 4.0 0.300 0.286 0.9014 0.9217 11.45 
0.250 2 2 1 4.0 4.0 0.278 0.344 0.9014 0.8815 11.45 
0.251 2 2 1 4.0 4.0 0.307 0.344 0.9014 0.9217 11.42 
0.252 2 2 1 4.0 4.0 0.267 0.318 0.9217 0.9432 11.43 
0.253 2 2 1 4.0 4.0 0.252 0.342 0.9217 0.9217 11.43 
0.254 2 2 1 4.0 4.0 0.243 0.333 0.9217 0.9217 11.46 
0.255 2 2 1 4.0 4.0 0.315 0.282 0.9217 0.9432 11.45 
0.256 2 2 1 4.0 4.0 0.319 0.256 0.9217 0.9217 11.43 
0.257 2 2 1 4.0 4.0 0.291 0.291 0.9217 0.9655 11.46 
0.258 2 2 1 4.0 4.0 0.302 0.247 0.9217 0.9014 11.45 
0.259 2 2 1 4.0 4.0 0.282 0.242 0.9432 0.9432 11.46 
0.260 2 2 1 4.0 4.0 0.257 0.282 0.9432 0.9432 11.46 
0.261 2 2 1 4.0 4.0 0.256 0.298 0.9432 0.9655 11.45 
0.262 2 2 1 4.0 4.0 0.317 0.275 0.9655 0.9655 11.45 
0.263 2 2 1 4.0 4.0 0.296 0.258 0.9655 0.9655 11.45 
0.264 2 2 1 4.0 4.0 0.235 0.287 0.9655 0.9895 11.44 
0.265 2 2 1 4.0 4.0 0.263 0.282 0.9895 0.9895 11.44 
0.266 2 2 1 4.0 4.0 0.229 0.255 1.0142 0.9895 11.44 
0.267 2 2 1 4.0 4.0 0.205 0.280 0.9895 0.9895 11.45 
0.268 2 2 1 4.0 4.0 0.223 0.252 0.9895 0.9895 11.46 
0.269 2 2 1 4.0 4.0 0.273 0.219 0.9895 1.0142 11.46 
0.270 2 2 1 4.0 4.0 0.273 0.223 0.9895 0.9895 11.46 
0.271 2 2 1 4.0 4.0 0.253 0.265 0.9895 0.9895 11.46 
0.272 2 2 1 4.0 4.0 0.285 0.257 1.0142 0.9895 11.46 
0.273 2 2 1 4.0 4.0 0.257 0.239 0.9895 1.0142 11.46 
0.274 2 2 1 4.0 4.0 0.235 0.296 0.9895 1.0142 11.46 
0.275 2 2 1 4.0 4.0 0.241 0.278 0.9895 1.0142 11.46 
0.276 2 2 1 4.0 4.0 0.277 0.215 0.9895 1.0142 11.45 
0.277 2 2 1 4.0 4.0 0.255 0.230 0.9895 1.0142 11.43 
0.278 2 2 1 4.0 4.0 0.226 0.234 0.9895 0.9895 11.45 
0.279 2 2 1 4.0 4.0 0.223 0.224 1.0142 1.0402 11.46 
0.280 2 2 1 4.0 4.0 0.202 0.267 1.0142 1.0142 11.46 
0.281 2 2 1 4.0 4.0 0.182 0.301 1.0142 0.9217 11.45 
0.282 2 2 1 4.0 4.0 0.247 0.268 1.0142 1.0142 11.45 
0.283 2 2 1 4.0 4.0 0.285 0.233 1.0142 1.0142 11.46 
0.284 2 2 1 4.0 4.0 0.262 0.263 1.0142 1.0402 11.45 
0.285 2 2 1 4.0 4.0 0.266 0.250 1.0402 1.0402 11.46 
0.286 2 2 1 4.0 4.0 0.248 0.201 1.0402 1.0402 11.46 
0.287 2 2 1 4.0 4.0 0.222 0.255 0.9217 1.0402 11.46 
0.288 2 2 1 4.0 4.0 0.185 0.214 1.0402 1.0142 11.46 
0.289 2 2 1 4.0 4.0 0.239 0.186 1.0142 1.0402 11.45 
0.290 2 2 1 4.0 4.0 0.249 0.212 1.0402 1.0142 11.45 
0.291 2 2 1 4.0 4.0 0.224 0.242 1.0402 1.0673 11.45 
0.292 2 2 1 4.0 4.0 0.229 0.223 1.0402 1.0402 11.46 
0.293 2 2 1 4.0 4.0 0.224 0.246 1.0402 1.0402 11.46 
0.294 2 2 1 4.0 4.0 0.201 0.276 1.0402 1.0402 11.46 
0.295 2 2 1 4.0 4.0 0.205 0.253 1.0402 1.0402 11.45 
0.296 2 2 1 4.0 4.0 0.243 0.221 1.0402 1.0142 11.46 
0.297 2 2 1 4.0 4.0 0.234 0.262 1.0402 1.0673 11.46 
0.298 2 2 1 4.0 4.0 0.235 0.234 1.0402 1.0402 11.46 
0.299 2 2 1 4.0 4.0 0.242 0.219 1.0402 1.0142 11.46 
0.300 2 2 1 4.0 4.0 0.207 0.261 1.0402 1.0673 11.46 
0.301 2 2 1 4.0 4.0 0.189 0.258 1.0402 1.0402 11.46 
0.302 2 2 1 4.0 4.0 0.258 0.199 1.0673 0.9655 11.46 
0.303 2 2 1 4.0 4.0 0.233 0.214 1.0673 1.0402 11.46 
0.304 2 2 1 4.0 4.0 0.180 0.215 1.0961 1.0673 11.46 
0.305 2 2 1 4.0 4.0 0.194 0.179 1.0961 1.0673 11.46 
0.306 2 2 1 4.0 4.0 0.205 0.204 1.0961 1.0673 11.46 
0.307 2 2 1 4.0 4.0 0.199 0.211 1.0673 1.0402 11.46 
0.308 2 2 1 4.0 4.0 0.239 0.173 1.0402 1.0673 11.46 
0.309 2 2 1 4.0 4.0 0.243 0.189 1.0673 1.0673 11.46 
0.310 2 2 1 4.0 4.0 0.218 0.256 1.0673 1.0961 11.45 
0.311 2 2 1 4.0 4.0 0.224 0.211 1.0673 1.0673 11.45 
0.312 2 2 1 4.0 4.0 0.184 0.205 1.0673 1.0673 11.46 
0.313 2 2 1 4.0 4.0 0.153 0.249 1.0673 1.0961 11.46 
0.314 2 2 1 4.0 4.0 0.168 0.217 1.0673 1.0673 11.46 
0.315 2 2 1 4.0 4.0 0.219 0.191 1.0673 1.0402 11.46 
0.316 2 2 1 4.0 4.0 0.216 0.248 1.0673 1.0673 11.46 
0.317 2 2 1 4.0 4.0 0.216 0.231 1.0673 1.0402 11.46 
0.318 2 2 1 4.0 4.0 0.224 0.210 1.0673 1.0673 11.46 
0.319 2 2 1 4.0 4.0 0.197 0.236 1.0673 1.0961 11.44 
0.320 2 2 1 4.0 4.0 0.190 0.241 1.0673 1.0673 11.44 
0.321 2 2 1 4.0 4.0 0.231 0.193 1.0961 1.0402 11.46 
0.322 2 2 1 4.0 4.0 0.211 0.196 1.0961 1.0402 11.46 
0.323 2 2 1 4.0 4.0 0.162 0.200 1.0961 1.0673 11.46 
0.324 2 2 1 4.0 4.0 0.214 0.177 1.0961 1.0673 11.46 
0.325 2 2 1 4.0 4.0 0.216 0.203 1.0961 1.0673 11.46 
0.326 2 2 1 4.0 4.0 0.180 0.195 1.0673 1.0673 11.46 
0.327 2 2 1 4.0 4.0 0.220 0.149 1.0673 1.0961 11.46 
0.328 2 2 1 4.0 4.0 0.204 0.184 1.0961 0.9895 11.46 
0.329 2 2 1 4.0 4.0 0.174 0.229 1.0961 1.0961 11.46 
0.330 2 2 1 4.0 4.0 0.206 0.212 1.0961 1.0961 11.46 
0.331 2 2 1 4.0 4.0 0.205 0.237 1.0961 1.0961 11.46 
0.332 2 2 1 4.0 4.0 0.176 0.265 1.0961 1.0673 11.46 
0.333 2 2 1 4.0 4.0 0.205 0.223 1.0961 1.0673 11.46 
0.334 2 2 1 4.0 4.0 0.219 0.196 1.0961 1.0673 11.46 
0.335 2 2 1 4.0 4.0 0.174 0.217 1.0961 0.9895 11.46 
0.336 2 2 1 4.0 4.0 0.189 0.185 1.0961 1.0961 11.46 
0.337 2 2 1 4.0 4.0 0.195 0.182 1.0961 1.0673 11.46 
0.338 2 2 1 4.0 4.0 0.177 0.231 1.0961 1.0961 11.45 
0.339 2 2 1 4.0 4.0 0.200 0.223 1.0961 1.0673 11.46 
0.340 2 2 1 4.0 4.0 0.256 0.179 1.0961 1.0673 11.46 
0.341 2 2 1 4.0 4.0 0.209 0.203 1.0961 1.0961 11.46 
0.342 2 2 1 4.0 4.0 0.180 0.189 1.0961 1.0673 11.46 
0.343 2 2 1 4.0 4.0 0.184 0.158 1.1266 1.0961 11.45 
0.344 2 2 1 4.0 4.0 0.152 0.221 1.0961 1.0961 11.46 
0.345 2 2 1 4.0 4.0 0.146 0.165 1.1266 1.0673 11.46 
0.346 2 2 1 4.0 4.0 0.205 0.143 1.0961 1.0961 11.46 
0.347 2 2 1 4.0 4.0 0.197 0.191 1.0961 1.0673 11.46 
0.348 2 2 1 4.0 4.0 0.193 0.213 1.0961 1.1266 11.45 
0.349 2 2 1 4.0 4.0 0.222 0.192 1.0961 1.0961 11.46 
0.350 2 2 1 4.0 4.0 0.190 0.241 1.0961 1.0961 11.45 
0.351 2 2 1 4.0 4.0 0.147 0.253 1.0961 1.0961 11.46 
0.352 2 2 2 -4.0 -4.0 0.194 0.183 1.0961 0.9895 11.46 
0.353 2 2 2 -4.0 -4.0 -0.245 -0.016 1.0961 1.0961 11.44 
0.354 2 2 2 -4.0 -4.0 -0.932 -0.682 1.0142 1.0673 11.39 
0.355 2 2 2 -4.0 -4.0 -1.250 -1.283 1.0673 1.0673 11.37 
0.356 2 2 2 -4.0 -4.0 -1.341 -1.701 1.0142 0.9895 11.37 
0.357 2 2 2 -4.0 -4.0 -1.502 -1.663 0.9655 0.9432 11.35 
0.358 2 2 2 -4.0 -4.0 -1.636 -1.683 0.8450 0.8276 11.34 
0.359 2 2 2 -4.0 -4.0 -1.758 -1.780 0.7951 0.7801 11.33 
0.360 2 2 2 -4.0 -4.0 -1.499 -1.895 0.6994 0.6994 11.33 
0.361 2 2 2 -4.0 -4.0 -1.499 -1.839 0.6759 0.6649 11.34 
0.362 2 2 2 -4.0 -4.0 -1.519 -1.587 0.6146 0.6146 11.35 
0.363 2 2 2 -4.0 -4.0 -1.532 -1.566 0.5878 0.5712 11.36 
0.364 2 2 2 -4.0 -4.0 -1.596 -1.588 0.5335 0.5201 11.35 
0.365 2 2 2 -4.0 -4.0 -1.231 -1.612 0.5071 0.4828 11.36 
0.366 2 2 2 -4.0 -4.0 -1.226 -1.603 0.4556 0.3586 11.36 
0.367 2 2 2 -4.0 -4.0 -1.267 -1.649 0.3688 0.3245 11.36 
0.368 2 2 2 -4.0 -4.0 -1.281 -1.680 0.3120 0.3245 11.36 
0.369 2 2 2 -4.0 -4.0 -1.309 -1.603 0.3071 0.2815 11.36 
0.370 2 2 2 -4.0 -4.0 -1.301 -1.273 0.2077 0.2288 11.36 
0.371 2 2 2 -4.0 -4.0 -1.289 -1.010 0.2077 0.2057 11.36 
0.372 2 2 2 -4.0 -4.0 -1.229 -0.988 0.1708 0.2057 11.36 
0.373 2 2 2 -4.0 -4.0 -1.168 -1.095 0.1197 0.1448 11.37 
0.374 2 2 2 -4.0 -4.0 -1.140 -1.186 0.0925 0.1067 11.37 
0.375 2 2 2 -4.0 -4.0 -1.124 -1.245 0.0751 0.0844 11.37 
0.376 2 2 2 -4.0 -4.0 -1.080 -1.208 0.0633 0.0698 11.38 
0.377 2 2 2 -4.0 -4.0 -1.033 -1.104 0.0548 0.0596 11.37 
0.378 2 2 2 -4.0 -4.0 -0.999 -0.987 -0.0548 0.0519 11.39 
0.379 2 2 2 -4.0 -4.0 -0.951 -0.834 -0.0548 0.0458 11.39 
0.380 2 2 2 -4.0 -4.0 -0.908 -0.773 -0.1777 -0.0450 11.39 
0.381 2 2 2 -4.0 -4.0 -0.883 -0.813 -0.2580 -0.0450 11.38 
0.382 2 2 2 -4.0 -4.0 -0.848 -0.899 -0.2580 -0.1842 11.38 
0.383 2 2 2 -4.0 -4.0 -0.834 -0.966 -0.2957 -0.1842 11.39 
0.384 2 2 2 -4.0 -4.0 -0.845 -0.965 -0.3323 -0.2329 11.39 
0.385 2 2 2 -4.0 -4.0 -0.740 -0.963 -0.3753 -0.2548 11.40 
0.386 2 2 2 -4.0 -4.0 -0.705 -0.941 -0.3753 -0.2548 11.40 
0.387 2 2 2 -4.0 -4.0 -0.678 -0.884 -0.3935 -0.2759 11.39 
0.388 2 2 2 -4.0 -4.0 -0.653 -0.858 -0.4016 -0.3351 11.39 
0.389 2 2 2 -4.0 -4.0 -0.650 -0.834 -0.4138 -0.3408 11.40 
0.390 2 2 2 -4.0 -4.0 -0.647 -0.793 -0.4312 -0.3753 11.41 
0.391 2 2 2 -4.0 -4.0 -0.750 -0.778 -0.4406 -0.3935 11.40 
0.392 2 2 2 -4.0 -4.0 -0.754 -0.805 -0.5006 -0.4179 11.40 
0.393 2 2 2 -4.0 -4.0 -0.666 -0.855 -0.5071 -0.4268 11.40 
0.394 2 2 2 -4.0 -4.0 -0.626 -0.774 -0.5006 -0.4406 11.40 
0.395 2 2 2 -4.0 -4.0 -0.592 -0.693 -0.5201 -0.4406 11.41 
0.396 2 2 2 -4.0 -4.0 -0.566 -0.645 -0.5554 -0.4828 11.41 
0.397 2 2 2 -4.0 -4.0 -0.553 -0.617 -0.5554 -0.5006 11.41 
0.398 2 2 2 -4.0 -4.0 -0.531 -0.608 -0.5878 -0.4945 11.41 
0.399 2 2 2 -4.0 -4.0 -0.508 -0.639 -0.5964 -0.5631 11.40 
0.400 2 2 2 -4.0 -4.0 -0.486 -0.709 -0.6146 -0.5631 11.41 
0.401 2 2 2 -4.0 -4.0 -0.474 -0.622 -0.6239 -0.5481 11.40 
0.402 2 2 2 -4.0 -4.0 -0.508 -0.610 -0.6239 -0.5964 11.40 
0.403 2 2 2 -4.0 -4.0 -0.583 -0.553 -0.6438 -0.5964 11.39 
0.404 2 2 2 -4.0 -4.0 -0.486 -0.492 -0.6649 -0.6053 11.41 
0.405 2 2 2 -4.0 -4.0 -0.434 -0.466 -0.6759 -0.6239 11.40 
0.406 2 2 2 -4.0 -4.0 -0.409 -0.477 -0.6759 -0.6053 11.42 
0.407 2 2 2 -4.0 -4.0 -0.427 -0.483 -0.6872 -0.6337 11.42 
0.408 2 2 2 -4.0 -4.0 -0.415 -0.454 -0.7241 -0.6540 11.43 
0.409 2 2 2 -4.0 -4.0 -0.433 -0.457 -0.7116 -0.6759 11.43 
0.410 2 2 2 -4.0 -4.0 -0.404 -0.544 -0.7241 -0.6872 11.43 
0.411 2 2 2 -4.0 -4.0 -0.412 -0.534 -0.7375 -0.6759 11.43 
0.412 2 2 2 -4.0 -4.0 -0.496 -0.478 -0.7509 -0.6872 11.43 
0.413 2 2 2 -4.0 -4.0 -0.436 -0.454 -0.7509 -0.7375 11.43 
0.414 2 2 2 -4.0 -4.0 -0.380 -0.474 -0.7801 -0.7509 11.42 
0.415 2 2 2 -4.0 -4.0 -0.366 -0.544 -0.7651 -0.7241 11.43 
0.416 2 2 2 -4.0 -4.0 -0.401 -0.443 -0.7951 -0.7375 11.42 
0.417 2 2 2 -4.0 -4.0 -0.383 -0.382 -0.7951 -0.7509 11.43 
0.418 2 2 2 -4.0 -4.0 -0.356 -0.279 -0.8114 -0.7509 11.44 
0.419 2 2 2 -4.0 -4.0 -0.345 -0.357 -0.8114 -0.7651 11.44 
0.420 2 2 2 -4.0 -4.0 -0.404 -0.421 -0.8114 -0.7509 11.43 
0.421 2 2 2 -4.0 -4.0 -0.381 -0.409 -0.8276 -0.7509 11.43 
0.422 2 2 2 -4.0 -4.0 -0.349 -0.365 -0.8276 -0.7651 11.43 
0.423 2 2 2 -4.0 -4.0 -0.316 -0.411 -0.8450 -0.7801 11.42 
0.424 2 2 2 -4.0 -4.0 -0.355 -0.403 -0.8450 -0.7509 11.43 
0.425 2 2 2 -4.0 -4.0 -0.353 -0.357 -0.8629 -0.7801 11.44 
0.426 2 2 2 -4.0 -4.0 -0.345 -0.325 -0.8629 -0.7651 11.43 
0.427 2 2 2 -4.0 -4.0 -0.335 -0.375 -0.8629 -0.8276 11.43 
0.428 2 2 2 -4.0 -4.0 -0.424 -0.416 -0.8815 -0.7951 11.42 
0.429 2 2 2 -4.0 -4.0 -0.356 -0.383 -0.8815 -0.8276 11.42 
0.430 2 2 2 -4.0 -4.0 -0.300 -0.333 -0.8629 -0.7801 11.41 
0.431 2 2 2 -4.0 -4.0 -0.269 -0.306 -0.8815 -0.8276 11.44 
0.432 2 2 2 -4.0 -4.0 -0.274 -0.331 -0.9014 -0.8114 11.44 
0.433 2 2 2 -4.0 -4.0 -0.263 -0.291 -0.9014 -0.8450 11.44 
0.434 2 2 2 -4.0 -4.0 -0.271 -0.268 -0.9014 -0.8276 11.44 
0.435 2 2 2 -4.0 -4.0 -0.339 -0.335 -0.9217 -0.8629 11.42 
0.436 2 2 2 -4.0 -4.0 -0.362 -0.350 -0.9217 -0.8629 11.42 
0.437 2 2 2 -4.0 -4.0 -0.318 -0.324 -0.9432 -0.8450 11.43 
0.438 2 2 2 -4.0 -4.0 -0.277 -0.339 -0.9217 -0.9014 11.44 
0.439 2 2 2 -4.0 -4.0 -0.301 -0.423 -0.9432 -0.8629 11.43 
0.440 2 2 2 -4.0 -4.0 -0.277 -0.344 -0.9655 -0.8815 11.44 
0.441 2 2 2 -4.0 -4.0 -0.240 -0.254 -0.9655 -0.9014 11.45 
0.442 2 2 2 -4.0 -4.0 -0.281 -0.225 -0.9655 -0.8815 11.45 
0.443 2 2 2 -4.0 -4.0 -0.287 -0.287 -0.9655 -0.9014 11.44 
0.444 2 2 2 -4.0 -4.0 -0.260 -0.291 -0.9655 -0.9217 11.44 
0.445 2 2 2 -4.0 -4.0 -0.239 -0.277 -0.9655 -0.9217 11.45 
0.446 2 2 2 -4.0 -4.0 -0.280 -0.319 -0.9655 -0.9432 11.44 
0.447 2 2 2 -4.0 -4.0 -0.286 -0.317 -0.9655 -0.9217 11.44 
0.448 2 2 2 -4.0 -4.0 -0.267 -0.283 -0.9655 -0.9432 11.45 
0.449 2 2 2 -4.0 -4.0 -0.293 -0.272 -0.9655 -0.9432 11.43 
0.450 2 2 2 -4.0 -4.0 -0.321 -0.344 -0.9655 -0.9655 11.44 
0.451 2 2 2 -4.0 -4.0 -0.255 -0.302 -0.9655 -0.9432 11.44 
0.452 2 2 2 -4.0 -4.0 -0.220 -0.265 -0.9895 -0.8815 11.43 
0.453 2 2 2 -4.0 -4.0 -0.236 -0.250 -0.9895 -0.9217 11.44 
0.454 2 2 2 -4.0 -4.0 -0.214 -0.264 -0.9895 -0.9217 11.43 
0.455 2 2 2 -4.0 -4.0 -0.194 -0.241 -0.9895 -0.9432 11.45 
0.456 2 2 2 -4.0 -4.0 -0.297 -0.202 -1.0142 -0.9655 11.45 
0.457 2 2 2 -4.0 -4.0 -0.293 -0.284 -1.0142 -0.9655 11.45 
0.458 2 2 2 -4.0 -4.0 -0.254 -0.285 -0.9895 -0.9895 11.45 
0.459 2 2 2 -4.0 -4.0 -0.261 -0.282 -0.9895 -0.9895 11.45 
0.460 2 2 2 -4.0 -4.0 -0.254 -0.321 -1.0402 -0.9655 11.44 
0.461 2 2 2 -4.0 -4.0 -0.229 -0.310 -1.0402 -0.9655 11.44 
0.462 2 2 2 -4.0 -4.0 -0.212 -0.247 -1.0142 -0.9895 11.44 
0.463 2 2 2 -4.0 -4.0 -0.260 -0.169 -1.0402 -0.9655 11.44 
0.464 2 2 2 -4.0 -4.0 -0.227 -0.232 -1.0402 -0.9895 11.44 
0.465 2 2 2 -4.0 -4.0 -0.220 -0.257 -1.0402 -0.9895 11.45 
0.466 2 2 2 -4.0 -4.0 -0.265 -0.237 -1.0402 -0.9895 11.45 
0.467 2 2 2 -4.0 -4.0 -0.248 -0.263 -1.0402 -0.9895 11.45 
0.468 2 2 2 -4.0 -4.0 -0.214 -0.268 -1.0402 -0.9895 11.45 
0.469 2 2 2 -4.0 -4.0 -0.258 -0.227 -1.0402 -0.9895 11.45 
0.470 2 2 2 -4.0 -4.0 -0.232 -0.218 -1.0402 -0.9895 11.43 
0.471 2 2 2 -4.0 -4.0 -0.214 -0.301 -1.0402 -0.9895 11.44 
0.472 2 2 2 -4.0 -4.0 -0.237 -0.283 -1.0402 -1.0142 11.44 
0.473 2 2 2 -4.0 -4.0 -0.257 -0.245 -1.0402 -0.9895 11.45 
0.474 2 2 2 -4.0 -4.0 -0.216 -0.260 -1.0402 -1.0142 11.45 
0.475 2 2 2 -4.0 -4.0 -0.201 -0.247 -1.0673 -1.0142 11.45 
0.476 2 2 2 -4.0 -4.0 -0.245 -0.195 -1.0402 -0.9895 11.45 
0.477 2 2 2 -4.0 -4.0 -0.179 -0.208 -1.0673 -1.0142 11.43 
0.478 2 2 2 -4.0 -4.0 -0.172 -0.253 -1.0402 -1.0142 11.44 
0.479 2 2 2 -4.0 -4.0 -0.234 -0.243 -1.0673 -1.0142 11.44 
0.480 2 2 2 -4.0 -4.0 -0.214 -0.233 -1.0673 -1.0402 11.45 
0.481 2 2 2 -4.0 -4.0 -0.182 -0.283 -1.0673 -1.0142 11.46 
0.482 2 2 2 -4.0 -4.0 -0.271 -0.222 -1.0673 -1.0402 11.46 
0.483 2 2 2 -4.0 -4.0 -0.225 -0.141 -1.0673 -1.0402 11.46 
0.484 2 2 2 -4.0 -4.0 -0.208 -0.200 -1.0673 -1.0402 11.46 
0.485 2 2 2 -4.0 -4.0 -0.243 -0.247 -1.0673 -1.0402 11.45 
0.486 2 2 2 -4.0 -4.0 -0.232 -0.241 -1.0673 -1.0142 11.45 
0.487 2 2 2 -4.0 -4.0 -0.190 -0.275 -1.0673 -1.0402 11.44 
0.488 2 2 2 -4.0 -4.0 -0.221 -0.279 -1.0673 -1.0402 11.44 
0.489 2 2 2 -4.0 -4.0 -0.233 -0.232 -1.0673 -1.0402 11.44 
0.490 2 2 2 -4.0 -4.0 -0.206 -0.209 -1.0673 -1.0673 11.44 
0.491 2 2 2 -4.0 -4.0 -0.216 -0.260 -1.0673 -1.0402 11.45 
0.492 2 2 2 -4.0 -4.0 -0.227 -0.228 -1.0673 -1.0402 11.45 
0.493 2 2 2 -4.0 -4.0 -0.186 -0.191 -1.0673 -1.0402 11.46 
0.494 2 2 2 -4.0 -4.0 -0.187 -0.215 -1.0673 -1.0402 11.45 
0.495 2 2 2 -4.0 -4.0 -0.229 -0.196 -1.0673 -1.0402 11.45 
0.496 2 2 2 -4.0 -4.0 -0.192 -0.150 -1.0961 -1.0402 11.46 
0.497 2 2 2 -4.0 -4.0 -0.183 -0.235 -1.0673 -1.0402 11.45 
0.498 2 2 2 -4.0 -4.0 -0.225 -0.260 -1.0961 -1.0673 11.46 
0.499 2 2 2 -4.0 -4.0 -0.219 -0.223 -1.1266 -1.0673 11.45 
0.500 2 2 2 -4.0 -4.0 -0.213 -0.260 -1.0402 -1.0402 11.44 
0.501 2 2 2 -4.0 -4.0 -0.260 -0.277 -1.0961 -1.0673 11.45 
0.502 2 2 2 -4.0 -4.0 -0.225 -0.190 -1.0673 -1.0673 11.44 
0.503 2 2 3 0.0 0.0 -0.160 -0.179 -1.0673 -1.0673 11.45 
0.504 2 2 3 0.0 0.0 0.043 -0.162 -1.0961 -1.0673 11.46 
0.505 2 2 3 0.0 0.0 0.361 0.193 -1.0961 -1.0402 11.46 
0.506 2 2 3 0.0 0.0 0.591 0.508 -1.0961 -1.0402 11.47 
0.507 2 2 3 0.0 0.0 0.699 0.626 -1.0673 -0.9432 11.46 
0.508 2 2 3 0.0 0.0 0.638 0.664 -0.9895 -0.9655 11.47 
0.509 2 2 3 0.0 0.0 0.696 0.752 -0.9655 -0.8629 11.48 
0.510 2 2 3 0.0 0.0 0.727 0.785 -0.9432 -0.9014 11.48 
0.511 2 2 3 0.0 0.0 0.596 0.693 -0.9432 -0.8276 11.47 
0.512 2 2 3 0.0 0.0 0.581 0.650 -0.8629 -0.8450 11.47 
0.513 2 2 3 0.0 0.0 0.627 0.672 -0.8276 -0.7509 11.48 
0.514 2 2 3 0.0 0.0 0.645 0.588 -0.8276 -0.7801 11.47 
0.515 2 2 3 0.0 0.0 0.579 0.499 -0.7651 -0.7509 11.47 
0.516 2 2 3 0.0 0.0 0.550 0.545 -0.7801 -0.7375 11.47 
0.517 2 2 3 0.0 0.0 0.584 0.601 -0.7116 -0.7241 11.47 
0.518 2 2 3 0.0 0.0 0.592 0.626 -0.7116 -0.6872 11.47 
0.519 2 2 3 0.0 0.0 0.559 0.607 -0.6872 -0.6759 11.46 
0.520 2 2 3 0.0 0.0 0.448 0.509 -0.6759 -0.6337 11.47 
0.521 2 2 3 0.0 0.0 0.466 0.502 -0.6649 -0.6337 11.47 
0.522 2 2 3 0.0 0.0 0.493 0.540 -0.6146 -0.5878 11.47 
0.523 2 2 3 0.0 0.0 0.501 0.558 -0.6053 -0.6053 11.47 
0.524 2 2 3 0.0 0.0 0.481 0.542 -0.5793 -0.5878 11.47 
0.525 2 2 3 0.0 0.0 0.408 0.506 -0.5793 -0.5335 11.47 
0.526 2 2 3 0.0 0.0 0.395 0.413 -0.5631 -0.5071 11.47 
0.527 2 2 3 0.0 0.0 0.412 0.422 -0.5266 -0.5132 11.46 
0.528 2 2 3 0.0 0.0 0.435 0.426 -0.5071 -0.5132 11.47 
0.529 2 2 3 0.0 0.0 0.422 0.332 -0.4884 -0.4945 11.47 
0.530 2 2 3 0.0 0.0 0.406 0.271 -0.4661 -0.4556 11.47 
0.531 2 2 3 0.0 0.0 0.373 0.249 -0.4556 -0.4609 11.47 
0.532 2 2 3 0.0 0.0 0.302 0.237 -0.4507 -0.4454 11.47 
0.533 2 2 3 0.0 0.0 0.302 0.270 -0.4361 -0.3976 11.49 
0.534 2 2 3 0.0 0.0 0.311 0.307 -0.3935 -0.4057 11.47 
0.535 2 2 3 0.0 0.0 0.333 0.337 -0.3899 -0.3688 11.47 
0.536 2 2 3 0.0 0.0 0.341 0.337 -0.3720 -0.3688 11.47 
0.537 2 2 3 0.0 0.0 0.333 0.331 -0.3558 -0.3619 11.47 
0.538 2 2 3 0.0 0.0 0.296 0.329 -0.3408 -0.3436 11.47 
0.539 2 2 3 0.0 0.0 0.273 0.300 -0.3168 -0.3525 11.47 
0.540 2 2 3 0.0 0.0 0.262 0.261 -0.3298 -0.3245 11.47 
0.541 2 2 3 0.0 0.0 0.237 0.230 -0.3026 -0.3120 11.47 
0.542 2 2 3 0.0 0.0 0.220 0.214 -0.3026 -0.3120 11.47 
0.543 2 2 3 0.0 0.0 0.224 0.214 -0.3002 -0.2738 11.47 
0.544 2 2 3 0.0 0.0 0.231 0.222 -0.2702 -0.2937 11.47 
0.545 2 2 3 0.0 0.0 0.240 0.238 -0.2702 -0.2937 11.47 
0.546 2 2 3 0.0 0.0 0.231 0.239 -0.2633 -0.2600 11.47 
0.547 2 2 3 0.0 0.0 0.228 0.229 -0.2345 -0.2503 11.48 
0.548 2 2 3 0.0 0.0 0.212 0.229 -0.2345 -0.2471 11.47 
0.549 2 2 3 0.0 0.0 0.190 0.196 -0.2227 -0.2122 11.47 
0.550 2 2 3 0.0 0.0 0.170 0.175 -0.2227 -0.2122 11.47 
0.551 2 2 3 0.0 0.0 0.159 0.169 -0.1959 -0.2329 11.47 
0.552 2 2 3 0.0 0.0 0.143 0.155 -0.1959 -0.2329 11.47 
0.553 2 2 3 0.0 0.0 0.126 0.134 -0.1968 -0.2357 11.48 
0.554 2 2 3 0.0 0.0 0.100 0.124 -0.1968 -0.2357 11.47 
0.555 2 2 3 0.0 0.0 0.093 0.120 -0.1895 -0.2016 11.47 
0.556 2 2 3 0.0 0.0 0.112 0.121 -0.1895 -0.2016 11.47 
0.557 2 2 3 0.0 0.0 0.101 0.134 -0.1895 -0.1667 11.47 
0.558 2 2 3 0.0 0.0 0.105 0.136 -0.1659 -0.1667 11.47 
0.559 2 2 3 0.0 0.0 0.105 0.137 -0.1659 -0.1667 11.47 
0.560 2 2 3 0.0 0.0 0.106 0.149 -0.1505 -0.1667 11.47 
0.561 2 2 3 0.0 0.0 0.114 0.143 -0.1367 -0.1667 11.47 
0.562 2 2 3 0.0 0.0 0.105 0.139 -0.1367 -0.1477 11.47 
0.563 2 2 3 0.0 0.0 0.101 0.120 -0.1367 -0.1452 11.47 
0.564 2 2 3 0.0 0.0 0.102 0.112 -0.1217 -0.1452 11.48 
0.565 2 2 3 0.0 0.0 0.095 0.085 -0.1217 -0.1371 11.47 
0.566 2 2 3 0.0 0.0 0.091 0.075 -0.1217 -0.1205 11.47 
0.567 2 2 3 0.0 0.0 0.083 0.072 -0.1193 -0.1205 11.47 
0.568 2 2 3 0.0 0.0 0.072 0.052 -0.0966 -0.1205 11.47 
0.569 2 2 3 0.0 0.0 0.072 0.052 -0.0966 -0.1128 11.47 
0.570 2 2 3 0.0 0.0 0.068 0.063 -0.0966 -0.0945 11.47 
0.571 2 2 3 0.0 0.0 0.061 0.052 -0.0966 -0.0945 11.47 
0.572 2 2 3 0.0 0.0 0.056 0.041 -0.0966 -0.0945 11.47 
0.573 2 2 3 0.0 0.0 0.049 0.037 -0.0803 -0.0945 11.47 
0.574 2 2 3 0.0 0.0 0.056 0.040 -0.0803 -0.1051 11.47 
0.575 2 2 3 0.0 0.0 0.056 0.055 -0.0803 -0.1051 11.47 
0.576 2 2 3 0.0 0.0 0.059 0.042 -0.0803 -0.1051 11.47 
0.577 2 2 3 0.0 0.0 0.051 0.037 -0.0803 -0.1051 11.47 
0.578 2 2 3 0.0 0.0 0.049 0.040 -0.0787 -0.0953 11.47 
0.579 2 2 3 0.0 0.0 0.053 0.048 -0.0706 -0.0953 11.48 
0.580 2 2 3 0.0 0.0 0.059 0.045 -0.0706 -0.0953 11.47 
0.581 2 2 3 0.0 0.0 0.053 0.047 -0.0706 -0.0953 11.48 
0.582 2 2 3 0.0 0.0 0.044 0.045 -0.0706 -0.0953 11.48 
0.583 2 2 3 0.0 0.0 0.047 0.048 -0.0706 -0.0779 11.47 
0.584 2 2 3 0.0 0.0 0.046 0.036 -0.0706 -0.0657 11.47 
0.585 2 2 3 0.0 0.0 0.039 0.053 -0.0633 -0.0657 11.47 
0.586 2 2 3 0.0 0.0 0.037 0.036 -0.0596 -0.0657 11.47 
0.587 2 2 3 0.0 0.0 0.042 0.038 -0.0596 -0.0657 11.47 
0.588 2 2 3 0.0 0.0 0.027 0.023 -0.0596 -0.0657 11.47 
0.589 2 2 3 0.0 0.0 0.025 0.031 -0.0596 -0.0657 11.47 
0.590 2 2 3 0.0 0.0 0.021 0.028 -0.0596 -0.0657 11.47 
0.591 2 2 3 0.0 0.0 0.026 0.014 -0.0596 -0.0572 11.47 
0.592 2 2 3 0.0 0.0 0.023 0.014 -0.0596 -0.0503 11.47 
0.593 2 2 3 0.0 0.0 0.023 0.014 -0.0527 -0.0446 11.47 
0.594 2 2 3 0.0 0.0 0.016 0.007 -0.0467 -0.0402 11.47 
0.595 2 2 3 0.0 0.0 0.003 0.005 -0.0418 -0.0365 11.47 
0.596 2 2 3 0.0 0.0 0.010 0.017 -0.0377 -0.0333 11.47 
0.597 2 2 3 0.0 0.0 0.006 0.007 -0.0345 -0.0308 11.47 
0.598 2 2 3 0.0 0.0 0.006 0.004 -0.0320 -0.0288 11.47 
0.599 2 2 3 0.0 0.0 -0.007 -0.007 -0.0296 -0.0268 11.47 
0.600 2 2 3 0.0 0.0 -0.019 0.000 -0.0276 -0.0252 11.47 
0.601 2 2 3 0.0 0.0 -0.012 -0.002 -0.0256 -0.0235 11.47 
0.602 2 2 3 0.0 0.0 -0.013 -0.002 -0.0243 -0.0223 11.47 
0.603 2 2 3 0.0 0.0 -0.008 0.003 -0.0227 -0.0211 11.47 
0.604 2 2 3 0.0 0.0 -0.015 0.006 -0.0215 -0.0199 11.47 
0.605 2 2 3 0.0 0.0 -0.005 -0.006 -0.0203 -0.0191 11.47 
0.606 2 2 3 0.0 0.0 -0.010 -0.009 -0.0195 -0.0183 11.47 
0.607 2 2 3 0.0 0.0 0.002 -0.005 -0.0187 -0.0174 11.47 
0.608 2 2 3 0.0 0.0 -0.004 -0.006 -0.0178 -0.0166 11.47 
0.609 2 2 3 0.0 0.0 -0.012 -0.009 -0.0170 -0.0158 11.47 
0.610 2 2 3 0.0 0.0 -0.013 -0.011 -0.0162 -0.0154 11.47 
0.611 2 2 3 0.0 0.0 -0.010 -0.003 -0.0158 -0.0146 11.47 
0.612 2 2 3 0.0 0.0 -0.012 0.008 -0.0150 -0.0142 11.47 
0.613 2 2 3 0.0 0.0 -0.016 -0.005 -0.0146 -0.0138 11.47 
0.614 2 2 3 0.0 0.0 -0.006 -0.011 -0.0138 -0.0134 11.48 
0.615 2 2 3 0.0 0.0 -0.015 -0.006 -0.0134 -0.0130 11.47 
0.616 2 2 3 0.0 0.0 -0.016 -0.012 -0.0130 -0.0126 11.47 
0.617 2 2 3 0.0 0.0 -0.009 -0.013 -0.0126 -0.0122 11.47 
0.618 2 2 3 0.0 0.0 -0.016 -0.018 -0.0122 -0.0118 11.46 
0.619 2 2 3 0.0 0.0 -0.017 -0.010 -0.0118 -0.0114 11.47 
0.620 2 2 3 0.0 0.0 -0.016 -0.017 -0.0114 -0.0110 11.47 
0.621 2 2 3 0.0 0.0 -0.014 -0.019 -0.0114 0.0110 11.47 
0.622 2 2 3 0.0 0.0 -0.012 -0.012 -0.0110 0.0110 11.47 
0.623 2 2 3 0.0 0.0 -0.014 -0.018 -0.0105 0.0110 11.47 
0.624 2 2 3 0.0 0.0 0.001 -0.018 -0.0101 0.0110 11.47 
0.625 2 2 3 0.0 0.0 -0.007 -0.013 -0.0101 0.0110 11.47 
0.626 2 2 3 0.0 0.0 -0.001 -0.007 -0.0097 0.0110 11.47 
0.627 2 2 3 0.0 0.0 -0.010 -0.007 -0.0097 0.0110 11.47 
0.628 2 2 3 0.0 0.0 -0.011 -0.017 -0.0093 0.0110 11.47 
0.629 2 2 3 0.0 0.0 -0.001 -0.019 0.0093 0.0110 11.47 
0.630 2 2 3 0.0 0.0 -0.006 -0.013 0.0093 0.0110 11.47 
0.631 2 2 3 0.0 0.0 -0.008 -0.021 0.0093 0.0110 11.47 
0.632 2 2 3 0.0 0.0 -0.006 -0.019 0.0093 0.0110 11.47 
0.633 2 2 3 0.0 0.0 -0.016 -0.013 0.0093 0.0110 11.47 
0.634 2 2 3 0.0 0.0 -0.014 -0.011 0.0093 0.0110 11.46 
0.635 2 2 3 0.0 0.0 -0.013 -0.022 0.0093 0.0110 11.46 
0.636 2 2 3 0.0 0.0 -0.008 -0.017 0.0093 0.0110 11.47 
0.637 2 2 3 0.0 0.0 -0.012 -0.015 0.0093 0.0252 11.47 
0.638 2 2 3 0.0 0.0 0.005 -0.023 0.0093 0.0252 11.47 
0.639 2 2 3 0.0 0.0 -0.004 -0.021 0.0093 0.0252 11.47 
0.640 2 2 3 0.0 0.0 0.002 -0.010 0.0093 0.0252 11.47 
0.641 2 2 3 0.0 0.0 0.007 -0.014 0.0093 0.0252 11.46 
0.642 2 2 3 0.0 0.0 0.003 -0.013 0.0093 0.0252 11.47 
0.643 2 2 3 0.0 0.0 -0.004 -0.016 0.0093 0.0252 11.47 
0.644 2 2 3 0.0 0.0 0.005 -0.018 0.0093 0.0252 11.46 
0.645 2 2 3 0.0 0.0 0.003 -0.013 0.0093 0.0252 11.47 
0.646 2 2 3 0.0 0.0 -0.001 -0.006 0.0093 0.0252 11.47 
0.647 2 2 3 0.0 0.0 -0.001 0.002 0.0093 0.0252 11.47 
0.648 2 2 3 0.0 0.0 -0.004 -0.004 0.0093 0.0252 11.47 
0.649 2 2 3 0.0 0.0 0.008 -0.006 0.0093 0.0252 11.47 
0.650 2 2 3 0.0 0.0 -0.001 -0.003 0.0093 0.0252 11.47 
0.651 2 2 3 0.0 0.0 -0.007 -0.005 0.0093 0.0252 11.47 
0.652 2 2 3 0.0 0.0 -0.004 -0.013 0.0093 0.0252 11.46 
0.653 2 2 3 0.0 0.0 -0.006 0.003 0.0093 0.0243 11.47 
0.654 2 2 3 0.0 0.0 -0.001 -0.003 0.0093 0.0231 11.47 
0.655 2 2 3 0.0 0.0 -0.001 -0.008 0.0093 0.0219 11.46 
0.656 2 2 3 0.0 0.0 -0.005 -0.007 0.0093 0.0207 11.46 
0.657 2 2 3 0.0 0.0 -0.013 0.001 0.0093 0.0195 11.47 
0.658 2 2 3 0.0 0.0 -0.002 -0.003 0.0093 0.0187 11.47 
0.659 2 2 3 0.0 0.0 -0.003 -0.005 0.0093 0.0178 11.47 
0.660 2 2 3 0.0 0.0 -0.004 -0.003 0.0093 0.0170 11.47 
0.661 2 2 3 0.0 0.0 -0.010 -0.002 0.0093 0.0162 11.47 
0.662 2 2 3 0.0 0.0 -0.008 -0.002 0.0093 0.0158 11.47 
0.663 2 2 3 0.0 0.0 -0.003 -0.002 0.0093 0.0150 11.47 
0.664 2 2 3 0.0 0.0 0.006 0.022 0.0093 0.0146 11.47 
0.665 2 2 3 0.0 0.0 -0.001 0.003 0.0093 0.0142 11.47 
