%% logfile from robot Mie (76)
% Mie (76)
%  1    time 0.000 sec
%  2  3  4   (mission 0), state 2, thread 1, line 0
%  5  6 Motor voltage [V] left, right: 1.3 1.3
%  7  8 Motor current left, right [A]: -0.003 -0.007
%  9 10 Wheel velocity [m/s] left, right: 0.0000 0.0000
% 11    Battery voltage [V]: 12.27
0.001 2 1 0 1.3 1.3 -0.009 0.006 0.0000 0.0000 12.27 
0.002 2 1 0 1.3 1.3 0.078 0.088 0.0000 0.0000 12.26 
0.003 2 1 0 1.3 1.3 0.174 0.179 0.0000 0.0000 12.26 
0.004 2 1 0 1.3 1.3 0.243 0.235 0.0000 0.0000 12.25 
0.005 2 1 0 1.3 1.3 0.271 0.257 0.0000 0.0000 12.26 
0.006 2 1 0 1.3 1.3 0.291 0.261 0.0000 0.0000 12.26 
0.007 2 1 0 1.3 1.3 0.285 0.227 0.0000 0.0000 12.26 
0.008 2 1 0 1.3 1.3 0.278 0.221 0.0000 0.0000 12.26 
0.009 2 1 0 1.3 1.3 0.280 0.223 0.0000 0.0000 12.26 
0.010 2 1 0 1.3 1.3 0.280 0.216 0.0000 0.0000 12.25 
0.011 2 1 0 1.3 1.3 0.284 0.214 0.0000 0.0000 12.27 
0.012 2 1 0 1.3 1.3 0.280 0.214 0.0000 0.0000 12.27 
0.013 2 1 0 1.3 1.3 0.279 0.212 0.0000 0.0000 12.26 
0.014 2 1 0 1.3 1.3 0.255 0.208 0.0000 0.0000 12.26 
0.015 2 1 0 1.3 1.3 0.238 0.199 0.0000 0.0000 12.26 
0.016 2 1 0 1.3 1.3 0.235 0.197 0.0775 0.0000 12.26 
0.017 2 1 0 1.3 1.3 0.231 0.195 0.0775 0.0402 12.26 
0.018 2 1 0 1.3 1.3 0.227 0.198 0.0775 0.0402 12.26 
0.019 2 1 0 1.3 1.3 0.219 0.193 0.1092 0.0402 12.26 
0.020 2 1 0 1.3 1.3 0.219 0.185 0.1092 0.0402 12.26 
0.021 2 1 0 1.3 1.3 0.217 0.182 0.1092 0.0402 12.26 
0.022 2 1 0 1.3 1.3 0.213 0.185 0.1092 0.0747 12.26 
0.023 2 1 0 1.3 1.3 0.201 0.188 0.1241 0.0747 12.26 
0.024 2 1 0 1.3 1.3 0.190 0.182 0.1241 0.0747 12.26 
0.025 2 1 0 1.3 1.3 0.181 0.180 0.1470 0.0747 12.26 
0.026 2 1 0 1.3 1.3 0.159 0.174 0.1470 0.0932 12.26 
0.027 2 1 0 1.3 1.3 0.158 0.175 0.1470 0.0932 12.26 
0.028 2 1 0 1.3 1.3 0.170 0.166 0.1506 0.0932 12.26 
0.029 2 1 0 1.3 1.3 0.175 0.158 0.1506 0.1357 12.25 
0.030 2 1 0 1.3 1.3 0.204 0.151 0.1759 0.1357 12.25 
0.031 2 1 0 1.3 1.3 0.193 0.150 0.1759 0.1357 12.26 
0.032 2 1 0 1.3 1.3 0.176 0.142 0.1823 0.1301 12.26 
0.033 2 1 0 1.3 1.3 0.172 0.137 0.1823 0.1108 12.26 
0.034 2 1 0 1.3 1.3 0.165 0.139 0.1920 0.1108 12.26 
0.035 2 1 0 1.3 1.3 0.170 0.143 0.1920 0.1108 12.26 
0.036 2 1 0 1.3 1.3 0.147 0.147 0.1920 0.1374 12.26 
0.037 2 1 0 1.3 1.3 0.131 0.144 0.1699 0.1374 12.27 
0.038 2 1 0 1.3 1.3 0.145 0.168 0.1699 0.1374 12.27 
0.039 2 1 0 1.3 1.3 0.149 0.173 0.2036 0.1498 12.27 
0.040 2 1 0 1.3 1.3 0.144 0.165 0.2036 0.1498 12.26 
0.041 2 1 0 1.3 1.3 0.139 0.141 0.2281 0.1956 12.26 
0.042 2 1 0 1.3 1.3 0.138 0.139 0.2181 0.1956 12.26 
0.043 2 1 0 1.3 1.3 0.123 0.135 0.2181 0.1426 12.26 
0.044 2 1 0 1.3 1.3 0.109 0.126 0.1920 0.1406 12.27 
0.045 2 1 0 1.3 1.3 0.117 0.122 0.1868 0.1406 12.26 
0.046 2 1 0 1.3 1.3 0.128 0.117 0.2321 0.1623 12.26 
0.047 2 1 0 1.3 1.3 0.132 0.114 0.2321 0.1623 12.26 
0.048 2 1 0 1.3 1.3 0.161 0.116 0.2305 0.1606 12.26 
0.049 2 1 0 1.3 1.3 0.165 0.112 0.2305 0.1538 12.26 
0.050 2 1 0 1.3 1.3 0.166 0.112 0.2478 0.1538 12.26 
0.051 2 1 0 1.3 1.3 0.147 0.100 0.2374 0.2125 12.26 
0.052 2 1 0 1.3 1.3 0.126 0.098 0.2374 0.2008 12.26 
0.053 2 1 0 1.3 1.3 0.128 0.096 0.2554 0.1611 12.26 
0.054 2 1 0 1.3 1.3 0.128 0.098 0.2522 0.1611 12.26 
0.055 2 1 0 1.3 1.3 0.107 0.105 0.2478 0.1807 12.26 
0.056 2 1 0 1.3 1.3 0.100 0.110 0.2623 0.1807 12.26 
0.057 2 1 0 1.3 1.3 0.101 0.112 0.2623 0.1815 12.26 
0.058 2 1 0 1.3 1.3 0.106 0.127 0.2538 0.1815 12.26 
0.059 2 1 0 1.3 1.3 0.128 0.127 0.2747 0.2418 12.26 
0.060 2 1 0 1.3 1.3 0.136 0.120 0.2747 0.2418 12.26 
0.061 2 1 0 1.3 1.3 0.139 0.104 0.2711 0.1731 12.26 
0.062 2 1 0 1.3 1.3 0.135 0.109 0.2807 0.1731 12.27 
0.063 2 1 0 1.3 1.3 0.128 0.109 0.2695 0.1940 12.26 
0.064 2 1 0 1.3 1.3 0.097 0.109 0.2510 0.1940 12.27 
0.065 2 1 0 1.3 1.3 0.091 0.091 0.2848 0.2028 12.26 
0.066 2 1 0 1.3 1.3 0.090 0.089 0.2908 0.2028 12.26 
0.067 2 1 0 1.3 1.3 0.090 0.082 0.2908 0.2510 12.26 
0.068 2 1 0 1.3 1.3 0.090 0.090 0.2888 0.2510 12.26 
0.069 2 1 0 1.3 1.3 0.086 0.094 0.2695 0.1707 12.26 
0.070 2 1 0 1.3 1.3 0.090 0.094 0.2695 0.1707 12.26 
0.071 2 1 0 1.3 1.3 0.101 0.087 0.2952 0.2048 12.26 
0.072 2 1 0 1.3 1.3 0.263 -0.052 0.2848 0.2048 12.25 
0.073 2 1 0 1.3 1.3 0.219 0.004 0.3016 0.2100 12.26 
0.074 2 1 0 1.3 1.3 0.139 0.088 0.3016 0.2100 12.26 
0.075 2 1 0 1.3 1.3 0.106 0.110 0.2767 0.2711 12.26 
0.076 2 1 0 1.3 1.3 0.101 0.104 0.3064 0.2305 12.26 
0.077 2 1 0 1.3 1.3 0.096 0.091 0.2952 0.1956 12.27 
0.078 2 1 0 1.3 1.3 0.090 0.091 0.2952 0.1956 12.26 
0.079 2 1 0 1.3 1.3 0.082 0.099 0.3113 0.2133 12.26 
0.080 2 1 0 1.3 1.3 0.078 0.092 0.3161 0.2133 12.26 
0.081 2 1 0 1.3 1.3 0.086 0.088 0.3185 0.2056 12.26 
0.082 2 1 0 1.3 1.3 0.097 0.074 0.3185 0.2787 12.26 
0.083 2 1 0 1.3 1.3 0.104 0.065 0.3040 0.2787 12.26 
0.084 2 1 0 1.3 1.3 0.100 0.071 0.3237 0.2157 12.26 
0.085 2 1 0 1.3 1.3 0.096 0.071 0.3185 0.2157 12.26 
0.086 2 1 0 1.3 1.3 0.090 0.081 0.3237 0.2205 12.26 
0.087 2 1 0 1.3 1.3 0.090 0.088 0.3237 0.2205 12.26 
0.088 2 1 0 1.3 1.3 0.073 0.090 0.2952 0.1847 12.26 
0.089 2 1 0 1.3 1.3 0.075 0.098 0.3265 0.2908 12.26 
0.090 2 1 0 1.3 1.3 0.082 0.097 0.3161 0.2908 12.26 
0.091 2 1 0 1.3 1.3 0.077 0.094 0.3346 0.2036 12.26 
0.092 2 1 0 1.3 1.3 0.089 0.082 0.3346 0.2036 12.27 
0.093 2 1 0 1.3 1.3 0.106 0.074 0.3185 0.2253 12.27 
0.094 2 1 0 1.3 1.3 0.101 0.067 0.3374 0.2253 12.26 
0.095 2 1 0 1.3 1.3 0.101 0.071 0.3213 0.2305 12.26 
0.096 2 1 0 1.3 1.3 0.091 0.060 0.3402 0.2996 12.26 
0.097 2 1 0 1.3 1.3 0.091 0.060 0.3402 0.2928 12.26 
0.098 2 1 0 1.3 1.3 0.082 0.060 0.3237 0.2217 12.26 
0.099 2 1 0 1.3 1.3 0.083 0.070 0.3430 0.2217 12.27 
0.100 2 1 0 1.3 1.3 0.069 0.071 0.3213 0.2265 12.26 
0.101 2 1 0 1.3 1.3 0.074 0.079 0.3430 0.2362 12.27 
0.102 2 1 0 1.3 1.3 0.082 0.088 0.3402 0.2362 12.27 
0.103 2 1 0 1.3 1.3 0.082 0.094 0.3462 0.2996 12.26 
0.104 2 1 0 1.3 1.3 0.086 0.088 0.3462 0.2305 12.26 
0.105 2 1 0 1.3 1.3 0.076 0.082 0.2972 0.1900 12.26 
0.106 2 1 0 1.3 1.3 0.071 0.077 0.3462 0.1900 12.26 
0.107 2 1 0 1.3 1.3 0.051 0.072 0.3751 0.2345 12.26 
0.108 2 1 0 1.3 1.3 0.060 0.067 0.3490 0.2554 12.26 
0.109 2 1 0 1.3 1.3 0.039 0.064 0.3137 0.2972 12.26 
0.110 2 1 0 1.3 1.3 0.043 0.064 0.2888 0.2972 12.26 
0.111 2 1 0 1.3 1.3 0.062 0.060 0.3462 0.2008 12.26 
0.112 2 1 0 1.3 1.3 0.076 0.054 0.3374 0.1976 12.26 
0.113 2 1 0 1.3 1.3 0.082 0.067 0.3550 0.2390 12.26 
0.114 2 1 0 1.3 1.3 0.074 0.073 0.3346 0.2390 12.26 
0.115 2 1 0 1.3 1.3 0.068 0.086 0.3522 0.2478 12.26 
0.116 2 1 0 1.3 1.3 0.056 0.085 0.3522 0.3064 12.26 
0.117 2 1 0 1.3 1.3 0.052 0.085 0.3402 0.2952 12.27 
0.118 2 1 0 1.3 1.3 0.050 0.089 0.3522 0.2100 12.26 
0.119 2 1 0 1.3 1.3 0.045 0.078 0.3402 0.2100 12.26 
0.120 2 1 0 1.3 1.3 0.069 0.076 0.3582 0.2418 12.26 
0.121 2 1 0 1.3 1.3 0.094 0.070 0.3490 0.2418 12.26 
0.122 2 1 0 1.3 1.3 0.094 0.063 0.3615 0.2418 12.26 
0.123 2 1 0 1.3 1.3 0.083 0.060 0.3374 0.3040 12.26 
0.124 2 1 0 1.3 1.3 0.067 0.055 0.3185 0.2217 12.26 
0.125 2 1 0 1.3 1.3 0.065 0.046 0.3582 0.2181 12.26 
0.126 2 1 0 1.3 1.3 0.060 0.064 0.3683 0.2446 12.26 
0.127 2 1 0 1.3 1.3 0.033 0.075 0.3582 0.2446 12.26 
0.128 2 1 0 1.3 1.3 0.034 0.091 0.3317 0.2510 12.26 
0.129 2 1 0 1.3 1.3 0.033 0.102 0.3615 0.3088 12.27 
0.130 2 1 0 1.3 1.3 0.068 0.090 0.3430 0.2787 12.26 
0.131 2 1 0 1.3 1.3 0.086 0.074 0.3615 0.2193 12.26 
0.132 2 1 0 1.3 1.3 0.079 0.071 0.3615 0.2193 12.26 
0.133 2 1 0 1.3 1.3 0.063 0.077 0.3317 0.2462 12.27 
0.134 2 1 0 1.3 1.3 0.063 0.064 0.3582 0.2265 12.26 
0.135 2 1 0 1.3 1.3 0.059 0.048 0.3490 0.2265 12.26 
0.136 2 1 0 1.3 1.3 0.056 0.038 0.3651 0.3088 12.26 
0.137 2 1 0 1.3 1.3 0.045 0.048 0.3683 0.2253 12.26 
0.138 2 1 0 1.3 1.3 0.049 0.065 0.3651 0.2253 12.26 
0.139 2 1 0 1.3 1.3 0.081 0.063 0.3522 0.2462 12.27 
0.140 2 1 0 1.3 1.3 0.083 0.068 0.3683 0.2462 12.26 
0.141 2 1 0 1.3 1.3 0.063 0.086 0.3683 0.2402 12.26 
0.142 2 1 0 1.3 1.3 0.064 0.088 0.3615 0.3161 12.26 
0.143 2 1 0 1.3 1.3 0.060 0.088 0.3683 0.2590 12.26 
0.144 2 1 0 1.3 1.3 0.050 0.063 0.3346 0.2217 12.26 
0.145 2 1 0 1.3 1.3 0.044 0.071 0.3683 0.2478 12.26 
0.146 2 1 0 1.3 1.3 0.044 0.075 0.3550 0.2478 12.26 
0.147 2 1 0 1.3 1.3 0.038 0.069 0.3715 0.2554 12.27 
0.148 2 1 0 1.3 1.3 0.071 0.055 0.3522 0.3113 12.26 
0.149 2 1 0 1.3 1.3 0.077 0.052 0.3715 0.3113 12.27 
0.150 2 1 0 1.3 1.3 0.084 0.055 0.3715 0.2113 12.26 
0.151 2 1 0 1.3 1.3 0.064 0.063 0.3522 0.2113 12.26 
0.152 2 1 0 1.3 1.3 0.060 0.058 0.3715 0.2494 12.26 
0.153 2 1 0 1.3 1.3 0.063 0.071 0.3550 0.2494 12.26 
0.154 2 1 0 1.3 1.3 0.051 0.084 0.3751 0.2494 12.26 
0.155 2 1 0 1.3 1.3 0.060 0.086 0.3490 0.3265 12.26 
0.156 2 1 0 1.3 1.3 0.070 0.082 0.3715 0.2305 12.26 
0.157 2 1 0 1.3 1.3 0.082 0.063 0.3683 0.2305 12.26 
0.158 2 1 0 1.3 1.3 0.078 0.062 0.3751 0.2494 12.26 
0.159 2 1 0 1.3 1.3 0.069 0.063 0.3213 0.2494 12.26 
0.160 2 1 0 1.3 1.3 0.066 0.054 0.3213 0.2390 12.26 
0.161 2 1 0 1.3 1.3 0.055 0.054 0.3715 0.3237 12.25 
0.162 2 1 0 1.3 1.3 0.048 0.048 0.3896 0.2478 12.26 
0.163 2 1 0 1.3 1.3 0.037 0.052 0.3751 0.2478 12.26 
0.164 2 1 0 1.3 1.3 0.037 0.054 0.3113 0.2510 12.26 
0.165 2 1 0 1.3 1.3 0.044 0.068 0.3715 0.2510 12.26 
0.166 2 1 0 1.3 1.3 0.072 0.075 0.3582 0.2080 12.26 
0.167 2 1 0 1.3 1.3 0.095 0.085 0.3787 0.3265 12.26 
0.168 2 1 0 1.3 1.3 0.088 0.086 0.3582 0.3185 12.26 
0.169 2 1 0 1.3 1.3 0.062 0.077 0.3787 0.2293 12.26 
0.170 2 1 0 1.3 1.3 0.048 0.068 0.3615 0.2293 12.26 
0.171 2 1 0 1.3 1.3 0.039 0.063 0.3615 0.2510 12.26 
0.172 2 1 0 1.3 1.3 0.040 0.064 0.3751 0.2554 12.27 
0.173 2 1 0 1.3 1.3 0.055 0.063 0.3582 0.3289 12.26 
0.174 2 1 0 1.3 1.3 0.192 -0.093 0.3787 0.3289 12.25 
0.175 2 1 0 1.3 1.3 0.173 -0.062 0.3715 0.2446 12.26 
0.176 2 1 0 1.3 1.3 0.105 0.014 0.3823 0.2446 12.26 
0.177 2 1 0 1.3 1.3 0.069 0.049 0.3374 0.2494 12.26 
0.178 2 1 0 1.3 1.3 0.047 0.093 0.3751 0.2590 12.26 
0.179 2 1 0 1.3 1.3 0.052 0.090 0.3860 0.3237 12.26 
0.180 2 1 0 1.3 1.3 0.033 0.087 0.3787 0.3237 12.26 
0.181 2 1 0 1.3 1.3 0.034 0.079 0.3490 0.2080 12.26 
0.182 2 1 0 1.3 1.3 0.041 0.078 0.3787 0.2080 12.26 
0.183 2 1 0 1.3 1.3 0.061 0.067 0.3683 0.2522 12.26 
0.184 2 1 0 1.3 1.3 0.069 0.051 0.3582 0.2767 12.26 
0.185 2 1 0 1.3 1.3 0.082 0.056 0.3823 0.2767 12.26 
0.186 2 1 0 1.3 1.3 0.068 0.060 0.3462 0.3213 12.27 
0.187 2 1 0 1.3 1.3 0.054 0.051 0.3787 0.2145 12.27 
0.188 2 1 0 1.3 1.3 0.040 0.046 0.3651 0.2125 12.27 
0.189 2 1 0 1.3 1.3 0.044 0.053 0.3787 0.2554 12.27 
0.190 2 1 0 1.3 1.3 0.040 0.068 0.3860 0.2554 12.26 
0.191 2 1 0 1.3 1.3 0.048 0.075 0.3823 0.2639 12.26 
0.192 2 1 0 1.3 1.3 0.067 0.082 0.3651 0.3265 12.26 
0.193 2 1 0 1.3 1.3 0.079 0.068 0.3860 0.2434 12.26 
0.194 2 1 0 1.3 1.3 0.076 0.070 0.3751 0.2241 12.26 
0.195 2 1 0 1.3 1.3 0.063 0.067 0.3860 0.2574 12.26 
0.196 2 1 0 1.3 1.3 0.051 0.062 0.3490 0.2574 12.26 
0.197 2 1 0 1.3 1.3 0.044 0.050 0.3490 0.2554 12.26 
0.198 2 1 0 1.3 1.3 0.054 0.052 0.3823 0.3237 12.26 
0.199 2 1 0 1.3 1.3 0.046 0.051 0.3651 0.2695 12.26 
0.200 2 1 0 1.3 1.3 0.057 0.051 0.3860 0.2321 12.26 
0.201 2 1 1 4.0 4.0 0.073 0.045 0.3683 0.2574 12.27 
0.202 2 1 1 4.0 4.0 0.138 0.124 0.3860 0.2574 12.22 
0.203 2 1 1 4.0 4.0 0.344 0.411 0.3683 0.2659 12.18 
0.204 2 1 1 4.0 4.0 0.502 0.620 0.3896 0.3550 12.17 
0.205 2 1 1 4.0 4.0 0.595 0.687 0.4016 0.2711 12.16 
0.206 2 1 1 4.0 4.0 0.627 0.730 0.4269 0.2711 12.16 
0.207 2 1 1 4.0 4.0 0.629 0.748 0.4615 0.3430 12.16 
0.208 2 1 1 4.0 4.0 0.621 0.741 0.4779 0.3430 12.16 
0.209 2 1 1 4.0 4.0 0.601 0.718 0.5020 0.4097 12.17 
0.210 2 1 1 4.0 4.0 0.603 0.706 0.4836 0.4137 12.18 
0.211 2 1 1 4.0 4.0 0.583 0.697 0.5575 0.4317 12.17 
0.212 2 1 1 4.0 4.0 0.562 0.737 0.5735 0.5081 12.17 
0.213 2 1 1 4.0 4.0 0.537 0.667 0.5735 0.4723 12.18 
0.214 2 1 1 4.0 4.0 0.546 0.622 0.5904 0.5149 12.17 
0.215 2 1 1 4.0 4.0 0.619 0.597 0.6177 0.5904 12.19 
0.216 2 1 1 4.0 4.0 0.554 0.575 0.6374 0.5213 12.19 
0.217 2 1 1 4.0 4.0 0.489 0.573 0.6583 0.5655 12.18 
0.218 2 1 1 4.0 4.0 0.482 0.629 0.6804 0.6474 12.19 
0.219 2 1 1 4.0 4.0 0.473 0.556 0.6804 0.5992 12.19 
0.220 2 1 1 4.0 4.0 0.473 0.512 0.6691 0.6924 12.19 
0.221 2 1 1 4.0 4.0 0.447 0.489 0.7169 0.6583 12.19 
0.222 2 1 1 4.0 4.0 0.425 0.492 0.7169 0.5904 12.19 
0.223 2 1 1 4.0 4.0 0.413 0.493 0.7302 0.6474 12.19 
0.224 2 1 1 4.0 4.0 0.448 0.462 0.7575 0.6474 12.20 
0.225 2 1 1 4.0 4.0 0.425 0.444 0.7575 0.7169 12.20 
0.226 2 1 1 4.0 4.0 0.398 0.425 0.7872 0.7044 12.21 
0.227 2 1 1 4.0 4.0 0.402 0.447 0.8032 0.7575 12.20 
0.228 2 1 1 4.0 4.0 0.390 0.426 0.8193 0.6691 12.21 
0.229 2 1 1 4.0 4.0 0.366 0.408 0.8366 0.7575 12.22 
0.230 2 1 1 4.0 4.0 0.356 0.386 0.8193 0.7169 12.22 
0.231 2 1 1 4.0 4.0 0.340 0.391 0.8366 0.7723 12.21 
0.232 2 1 1 4.0 4.0 0.384 0.402 0.8543 0.7434 12.21 
0.233 2 1 1 4.0 4.0 0.369 0.383 0.8727 0.7872 12.22 
0.234 2 1 1 4.0 4.0 0.321 0.349 0.8924 0.7723 12.22 
0.235 2 1 1 4.0 4.0 0.324 0.354 0.8924 0.8032 12.20 
0.236 2 1 1 4.0 4.0 0.341 0.360 0.8366 0.7723 12.21 
0.237 2 1 1 4.0 4.0 0.326 0.348 0.8924 0.7872 12.22 
0.238 2 1 1 4.0 4.0 0.294 0.330 0.8366 0.8032 12.22 
0.239 2 1 1 4.0 4.0 0.317 0.330 0.8924 0.8727 12.21 
0.240 2 1 1 4.0 4.0 0.328 0.339 0.9125 0.8193 12.22 
0.241 2 1 1 4.0 4.0 0.288 0.316 0.9338 0.8924 12.23 
0.242 2 1 1 4.0 4.0 0.291 0.298 0.9559 0.8193 12.22 
0.243 2 1 1 4.0 4.0 0.299 0.338 0.9338 0.8924 12.22 
0.244 2 1 1 4.0 4.0 0.295 0.322 0.9796 0.8543 12.23 
0.245 2 1 1 4.0 4.0 0.269 0.295 0.9796 0.9125 12.22 
0.246 2 1 1 4.0 4.0 0.285 0.276 0.9796 0.8193 12.22 
0.247 2 1 1 4.0 4.0 0.308 0.284 0.9796 0.8543 12.23 
0.248 2 1 1 4.0 4.0 0.275 0.280 1.0041 0.9559 12.23 
0.249 2 1 1 4.0 4.0 0.280 0.261 1.0041 0.9559 12.23 
0.250 2 1 1 4.0 4.0 0.280 0.288 1.0041 1.0041 12.22 
0.251 2 1 1 4.0 4.0 0.254 0.287 1.0041 0.9125 12.23 
0.252 2 1 1 4.0 4.0 0.233 0.259 1.0298 0.8727 12.23 
0.253 2 1 1 4.0 4.0 0.269 0.250 1.0298 0.9125 12.22 
0.254 2 1 1 4.0 4.0 0.257 0.270 1.0567 0.9338 12.23 
0.255 2 1 1 4.0 4.0 0.242 0.254 1.0567 1.0298 12.24 
0.256 2 1 1 4.0 4.0 0.261 0.227 1.0298 0.9796 12.22 
0.257 2 1 1 4.0 4.0 0.237 0.245 1.0852 0.9796 12.23 
0.258 2 1 1 4.0 4.0 0.205 0.242 1.0567 1.0298 12.24 
0.259 2 1 1 4.0 4.0 0.235 0.216 1.0852 1.0041 12.23 
0.260 2 1 1 4.0 4.0 0.231 0.235 1.0852 1.0567 12.23 
0.261 2 1 1 4.0 4.0 0.204 0.243 1.0852 1.0041 12.23 
0.262 2 1 1 4.0 4.0 0.234 0.217 1.0852 1.0041 12.23 
0.263 2 1 1 4.0 4.0 0.227 0.217 1.1153 1.0852 12.23 
0.264 2 1 1 4.0 4.0 0.198 0.237 1.0852 1.0298 12.24 
0.265 2 1 1 4.0 4.0 0.206 0.210 1.1153 1.0567 12.24 
0.266 2 1 1 4.0 4.0 0.216 0.199 1.1153 1.0041 12.23 
0.267 2 1 1 4.0 4.0 0.192 0.219 1.1153 1.0298 12.23 
0.268 2 1 1 4.0 4.0 0.204 0.208 1.1153 1.0567 12.23 
0.269 2 1 1 4.0 4.0 0.197 0.192 1.0852 1.0567 12.24 
0.270 2 1 1 4.0 4.0 0.176 0.215 1.1153 1.0298 12.24 
0.271 2 1 1 4.0 4.0 0.205 0.202 1.1474 1.1153 12.23 
0.272 2 1 1 4.0 4.0 0.213 0.182 1.1474 1.0567 12.24 
0.273 2 1 1 4.0 4.0 0.185 0.207 1.1474 1.0567 12.23 
0.274 2 1 1 4.0 4.0 0.208 0.202 1.1153 1.1153 12.24 
0.275 2 1 1 4.0 4.0 0.209 0.173 1.1474 1.0567 12.24 
0.276 2 1 1 4.0 4.0 0.300 0.068 1.1153 1.0567 12.22 
0.277 2 1 1 4.0 4.0 0.314 0.078 1.1474 1.1153 12.23 
0.278 2 1 1 4.0 4.0 0.219 0.130 1.1474 1.0852 12.24 
0.279 2 1 1 4.0 4.0 0.167 0.172 1.1474 1.0852 12.24 
0.280 2 1 1 4.0 4.0 0.195 0.170 1.1474 1.1474 12.24 
0.281 2 1 1 4.0 4.0 0.174 0.157 1.1812 1.0852 12.24 
0.282 2 1 1 4.0 4.0 0.137 0.190 1.1812 1.1153 12.24 
0.283 2 1 1 4.0 4.0 0.180 0.170 1.1812 1.1812 12.23 
0.284 2 1 1 4.0 4.0 0.154 0.146 1.1812 1.0852 12.23 
0.285 2 1 1 4.0 4.0 0.162 0.174 1.1812 1.1153 12.23 
0.286 2 1 1 4.0 4.0 0.180 0.172 1.1812 1.1812 12.24 
0.287 2 1 1 4.0 4.0 0.152 0.147 1.1812 1.1474 12.24 
0.288 2 1 1 4.0 4.0 0.162 0.174 1.2169 1.1153 12.24 
0.289 2 1 1 4.0 4.0 0.166 0.151 1.2169 1.2169 12.24 
0.290 2 1 1 4.0 4.0 0.139 0.129 1.2169 1.1153 12.23 
0.291 2 1 1 4.0 4.0 0.174 0.170 1.1812 1.1153 12.24 
0.292 2 1 1 4.0 4.0 0.175 0.164 1.2169 0.9796 12.25 
0.293 2 1 1 4.0 4.0 0.142 0.123 1.1812 1.1474 12.24 
0.294 2 1 1 4.0 4.0 0.169 0.160 1.2169 1.1474 12.24 
0.295 2 1 1 4.0 4.0 0.144 0.139 1.2169 1.1474 12.24 
0.296 2 1 1 4.0 4.0 0.142 0.133 1.2169 1.2169 12.24 
0.297 2 1 1 4.0 4.0 0.170 0.162 1.1812 1.1474 12.24 
0.298 2 1 1 4.0 4.0 0.134 0.137 1.2169 1.1474 12.25 
0.299 2 1 1 4.0 4.0 0.129 0.143 1.2169 1.2169 12.24 
0.300 2 1 1 4.0 4.0 0.152 0.159 1.2169 1.1474 12.24 
0.301 2 1 1 4.0 4.0 0.128 0.125 1.2551 1.1812 12.24 
0.302 2 1 1 4.0 4.0 0.138 0.127 1.2551 1.1812 12.24 
0.303 2 1 1 4.0 4.0 0.132 0.155 1.2551 1.1474 12.24 
0.304 2 1 1 4.0 4.0 0.120 0.123 1.2551 1.1812 12.24 
0.305 2 1 1 4.0 4.0 0.139 0.144 1.2551 1.1474 12.24 
0.306 2 1 1 4.0 4.0 0.121 0.141 1.2551 1.2551 12.25 
0.307 2 1 1 4.0 4.0 0.142 0.113 1.2551 1.1812 12.24 
0.308 2 1 1 4.0 4.0 0.159 0.131 1.2952 1.1812 12.24 
0.309 2 1 1 4.0 4.0 0.118 0.131 1.2169 1.2551 12.24 
0.310 2 1 1 4.0 4.0 0.129 0.117 1.2551 1.1812 12.24 
0.311 2 1 1 4.0 4.0 0.132 0.143 1.2551 1.1812 12.24 
0.312 2 1 1 4.0 4.0 0.118 0.124 1.2551 1.1812 12.24 
0.313 2 1 1 4.0 4.0 0.149 0.103 1.2551 1.2551 12.24 
0.314 2 1 1 4.0 4.0 0.122 0.126 1.2551 1.1812 12.25 
0.315 2 1 1 4.0 4.0 0.120 0.105 1.2551 1.1812 12.25 
0.316 2 1 1 4.0 4.0 0.143 0.113 1.2551 1.2551 12.25 
0.317 2 1 1 4.0 4.0 0.108 0.130 1.2551 1.1812 12.24 
0.318 2 1 1 4.0 4.0 0.128 0.094 1.2551 1.2169 12.25 
0.319 2 1 1 4.0 4.0 0.129 0.113 1.2551 1.1812 12.24 
0.320 2 1 1 4.0 4.0 0.101 0.128 1.2551 1.2551 12.24 
0.321 2 1 1 4.0 4.0 0.126 0.097 1.2551 1.2169 12.24 
0.322 2 1 1 4.0 4.0 0.104 0.117 1.2551 1.1812 12.25 
0.323 2 1 1 4.0 4.0 0.124 0.113 1.2551 1.1153 12.25 
0.324 2 1 1 4.0 4.0 0.139 0.103 1.2952 1.1812 12.25 
0.325 2 1 1 4.0 4.0 0.109 0.132 1.2551 1.1812 12.24 
0.326 2 1 1 4.0 4.0 0.123 0.106 1.2551 1.2169 12.25 
0.327 2 1 1 4.0 4.0 0.105 0.105 1.2551 1.2952 12.25 
0.328 2 1 1 4.0 4.0 0.118 0.122 1.2551 1.1812 12.25 
0.329 2 1 1 4.0 4.0 0.148 0.095 1.2952 1.2169 12.25 
0.330 2 1 1 4.0 4.0 0.109 0.099 1.2952 1.2169 12.24 
0.331 2 1 1 4.0 4.0 0.119 0.119 1.2952 1.2952 12.25 
0.332 2 1 1 4.0 4.0 0.115 0.101 1.2952 1.2169 12.25 
0.333 2 1 1 4.0 4.0 0.105 0.128 1.2952 1.2169 12.25 
0.334 2 1 1 4.0 4.0 0.124 0.117 1.2952 1.1812 12.25 
0.335 2 1 1 4.0 4.0 0.101 0.084 1.2952 1.1474 12.25 
0.336 2 1 1 4.0 4.0 0.103 0.117 1.2952 1.1812 12.24 
0.337 2 1 1 4.0 4.0 0.119 0.105 1.2952 1.2169 12.25 
0.338 2 1 1 4.0 4.0 0.101 0.103 1.2952 1.2952 12.24 
0.339 2 1 1 4.0 4.0 0.141 0.114 1.2551 1.2169 12.25 
0.340 2 1 1 4.0 4.0 0.120 0.090 1.2551 1.2169 12.25 
0.341 2 1 1 4.0 4.0 0.096 0.101 1.2952 1.2169 12.24 
0.342 2 1 1 4.0 4.0 0.116 0.113 1.2952 1.2952 12.25 
0.343 2 1 1 4.0 4.0 0.086 0.093 1.2952 1.2551 12.24 
0.344 2 1 1 4.0 4.0 0.120 0.118 1.2551 1.2169 12.24 
0.345 2 1 1 4.0 4.0 0.119 0.100 1.2952 1.1153 12.25 
0.346 2 1 1 4.0 4.0 0.100 0.086 1.2952 1.2169 12.24 
0.347 2 1 1 4.0 4.0 0.119 0.108 1.2952 1.2169 12.25 
0.348 2 1 1 4.0 4.0 0.094 0.105 1.2952 1.2169 12.25 
0.349 2 1 1 4.0 4.0 0.114 0.102 1.2952 1.2952 12.24 
0.350 2 1 1 4.0 4.0 0.119 0.125 1.2952 1.2169 12.25 
0.351 2 1 1 4.0 4.0 0.095 0.086 1.2952 1.2551 12.25 
0.352 2 1 1 4.0 4.0 0.109 0.111 1.2952 1.2169 12.24 
0.353 2 1 1 4.0 4.0 0.097 0.116 1.2952 1.2952 12.23 
0.354 2 1 1 4.0 4.0 0.123 0.089 1.2952 1.2169 12.24 
0.355 2 1 1 4.0 4.0 0.139 0.113 1.3386 1.1812 12.25 
0.356 2 1 1 4.0 4.0 0.092 0.098 1.2551 1.2169 12.25 
0.357 2 1 1 4.0 4.0 0.123 0.088 1.2952 1.2952 12.25 
0.358 2 1 1 4.0 4.0 0.097 0.119 1.2952 1.2169 12.25 
0.359 2 1 1 4.0 4.0 0.105 0.086 1.2952 1.2169 12.24 
0.360 2 1 1 4.0 4.0 0.124 0.094 1.2952 1.0852 12.25 
0.361 2 1 1 4.0 4.0 0.081 0.120 1.2952 1.1812 12.26 
0.362 2 1 1 4.0 4.0 0.103 0.089 1.2952 1.2169 12.25 
0.363 2 1 1 4.0 4.0 0.101 0.105 1.3386 1.2169 12.26 
0.364 2 1 1 4.0 4.0 0.101 0.070 1.3386 1.2952 12.25 
0.365 2 1 1 4.0 4.0 0.110 0.072 1.2952 1.2169 12.24 
0.366 2 1 1 4.0 4.0 0.079 0.108 1.2952 1.2551 12.24 
0.367 2 1 1 4.0 4.0 0.101 0.098 1.3386 1.2551 12.24 
0.368 2 1 1 4.0 4.0 0.093 0.100 1.3386 1.2551 12.24 
0.369 2 1 1 4.0 4.0 0.098 0.118 1.3386 1.2169 12.25 
0.370 2 1 1 4.0 4.0 0.124 0.096 1.3848 1.2551 12.25 
0.371 2 1 1 4.0 4.0 0.089 0.106 1.3386 1.2169 12.25 
0.372 2 1 1 4.0 4.0 0.107 0.111 1.3386 1.2952 12.24 
0.373 2 1 1 4.0 4.0 0.092 0.079 1.3386 1.2169 12.24 
0.374 2 1 1 4.0 4.0 0.089 0.105 1.3386 1.2169 12.24 
0.375 2 1 1 4.0 4.0 0.128 0.092 1.2952 1.2551 12.25 
0.376 2 1 1 4.0 4.0 0.085 0.086 1.3386 1.2952 12.24 
0.377 2 1 1 4.0 4.0 0.100 0.111 1.2952 1.1474 12.25 
0.378 2 1 1 4.0 4.0 0.093 0.082 1.3386 1.2169 12.26 
0.379 2 1 1 4.0 4.0 0.207 -0.028 1.3386 1.1153 12.23 
0.380 2 1 1 4.0 4.0 0.235 -0.020 1.3386 1.2952 12.25 
0.381 2 1 1 4.0 4.0 0.136 0.047 1.3386 1.2169 12.25 
0.382 2 1 1 4.0 4.0 0.117 0.102 1.3386 1.2551 12.25 
0.383 2 1 1 4.0 4.0 0.111 0.101 1.3386 1.2952 12.26 
0.384 2 1 1 4.0 4.0 0.100 0.077 1.3386 1.1812 12.25 
0.385 2 1 1 4.0 4.0 0.128 0.109 1.2952 1.2169 12.25 
0.386 2 1 1 4.0 4.0 0.100 0.086 1.2952 1.2551 12.26 
0.387 2 1 1 4.0 4.0 0.084 0.088 1.3386 1.3386 12.26 
0.388 2 1 1 4.0 4.0 0.096 0.101 1.3386 1.2551 12.25 
0.389 2 1 1 4.0 4.0 0.089 0.075 1.3386 1.2551 12.25 
0.390 2 1 1 4.0 4.0 0.134 0.097 1.2952 1.2551 12.25 
0.391 2 1 1 4.0 4.0 0.086 0.105 1.3386 1.3386 12.25 
0.392 2 1 1 4.0 4.0 0.095 0.086 1.3386 1.2551 12.24 
0.393 2 1 1 4.0 4.0 0.107 0.110 1.3386 1.2551 12.24 
0.394 2 1 1 4.0 4.0 0.094 0.089 1.3386 1.2551 12.25 
0.395 2 1 1 4.0 4.0 0.113 0.071 1.3386 1.3386 12.25 
0.396 2 1 1 4.0 4.0 0.097 0.097 1.3386 1.2551 12.25 
0.397 2 1 1 4.0 4.0 0.088 0.070 1.2952 1.2551 12.25 
0.398 2 1 1 4.0 4.0 0.094 0.096 1.3386 1.2551 12.25 
0.399 2 1 1 4.0 4.0 0.095 0.099 1.3386 1.2952 12.25 
0.400 2 1 1 4.0 4.0 0.120 0.067 1.3386 1.1812 12.25 
0.401 2 1 1 4.0 4.0 0.102 0.106 1.2952 1.2169 12.25 
0.402 2 1 1 4.0 4.0 0.095 0.100 1.3386 1.2551 12.26 
0.403 2 1 1 4.0 4.0 0.109 0.080 1.3386 1.3386 12.24 
0.404 2 1 1 4.0 4.0 0.089 0.108 1.3386 1.2551 12.25 
0.405 2 1 1 4.0 4.0 0.122 0.074 1.3386 1.2169 12.25 
0.406 2 1 1 4.0 4.0 0.096 0.088 1.3386 1.2169 12.25 
0.407 2 1 1 4.0 4.0 0.094 0.102 1.3386 1.2952 12.25 
0.408 2 1 1 4.0 4.0 0.094 0.074 1.3386 1.2551 12.25 
0.409 2 1 1 4.0 4.0 0.073 0.097 1.3386 1.2551 12.26 
0.410 2 1 1 4.0 4.0 0.101 0.079 1.3386 1.2551 12.24 
0.411 2 1 1 4.0 4.0 0.077 0.068 1.3386 1.3386 12.26 
0.412 2 1 1 4.0 4.0 0.073 0.097 1.3386 1.2551 12.24 
0.413 2 1 1 4.0 4.0 0.098 0.084 1.3386 1.2169 12.24 
0.414 2 1 1 4.0 4.0 0.091 0.094 1.3386 1.2551 12.24 
0.415 2 1 1 4.0 4.0 0.128 0.101 1.3386 1.3386 12.25 
0.416 2 1 1 4.0 4.0 0.101 0.072 1.3386 1.0041 12.25 
0.417 2 1 1 4.0 4.0 0.083 0.096 1.3386 1.1812 12.24 
0.418 2 1 1 4.0 4.0 0.094 0.092 1.3386 1.2551 12.26 
0.419 2 1 1 4.0 4.0 0.077 0.079 1.3386 1.3386 12.25 
0.420 2 1 1 4.0 4.0 0.122 0.103 1.2952 1.2551 12.25 
0.421 2 1 1 4.0 4.0 0.090 0.076 1.3386 1.2551 12.25 
0.422 2 1 1 4.0 4.0 0.086 0.083 1.3386 1.0567 12.24 
0.423 2 1 1 4.0 4.0 0.090 0.104 1.3386 1.2952 12.25 
0.424 2 1 1 4.0 4.0 0.074 0.074 1.3848 1.2169 12.25 
0.425 2 1 1 4.0 4.0 0.101 0.072 1.3848 1.2169 12.25 
0.426 2 1 1 4.0 4.0 0.073 0.079 1.3386 1.1153 12.25 
0.427 2 1 1 4.0 4.0 0.088 0.068 1.3386 1.3386 12.25 
0.428 2 1 1 4.0 4.0 0.099 0.099 1.3386 1.2551 12.25 
0.429 2 1 1 4.0 4.0 0.090 0.079 1.3386 1.2551 12.25 
0.430 2 1 1 4.0 4.0 0.111 0.088 1.3386 1.0852 12.24 
0.431 2 1 1 4.0 4.0 0.086 0.107 1.2952 1.3386 12.25 
0.432 2 1 1 4.0 4.0 0.090 0.075 1.3386 1.1812 12.25 
0.433 2 1 1 4.0 4.0 0.094 0.101 1.3386 1.2169 12.25 
0.434 2 1 1 4.0 4.0 0.067 0.103 1.3386 1.2551 12.25 
0.435 2 1 1 4.0 4.0 0.109 0.086 1.3386 1.3386 12.25 
0.436 2 1 1 4.0 4.0 0.080 0.097 1.3386 1.2169 12.25 
0.437 2 1 1 4.0 4.0 0.086 0.077 1.3386 1.2551 12.25 
0.438 2 1 1 4.0 4.0 0.098 0.087 1.3386 1.2551 12.24 
0.439 2 1 1 4.0 4.0 0.065 0.110 1.3386 1.2551 12.25 
0.440 2 1 1 4.0 4.0 0.113 0.077 1.3386 1.2551 12.25 
0.441 2 1 1 4.0 4.0 0.066 0.101 1.3386 1.2551 12.25 
0.442 2 1 1 4.0 4.0 0.086 0.103 1.3386 1.2952 12.25 
0.443 2 1 1 4.0 4.0 0.086 0.075 1.3386 1.2551 12.25 
0.444 2 1 1 4.0 4.0 0.086 0.092 1.3386 1.2551 12.25 
0.445 2 1 1 4.0 4.0 0.108 0.079 1.2952 1.2551 12.25 
0.446 2 1 1 4.0 4.0 0.071 0.090 1.3386 1.2952 12.25 
0.447 2 1 1 4.0 4.0 0.084 0.107 1.3386 1.2169 12.25 
0.448 2 1 1 4.0 4.0 0.071 0.073 1.3386 1.2551 12.26 
0.449 2 1 1 4.0 4.0 0.072 0.105 1.3386 1.2169 12.25 
0.450 2 1 1 4.0 4.0 0.109 0.102 1.3386 1.2952 12.25 
0.451 2 1 1 4.0 4.0 0.070 0.077 1.3386 1.2551 12.24 
0.452 2 1 1 4.0 4.0 0.086 0.100 1.3386 1.2169 12.25 
0.453 2 1 1 4.0 4.0 0.087 0.079 1.3386 1.2551 12.26 
0.454 2 1 1 4.0 4.0 0.089 0.081 1.3848 1.3386 12.24 
0.455 2 1 1 4.0 4.0 0.097 0.106 1.3386 1.2551 12.24 
0.456 2 1 1 4.0 4.0 0.081 0.081 1.3386 1.2551 12.25 
0.457 2 1 1 4.0 4.0 0.086 0.105 1.3386 1.2551 12.24 
0.458 2 1 1 4.0 4.0 0.088 0.098 1.3386 1.2952 12.25 
0.459 2 1 1 4.0 4.0 0.091 0.071 1.3386 1.2551 12.24 
0.460 2 1 1 4.0 4.0 0.126 0.096 1.3848 1.2551 12.25 
0.461 2 1 1 4.0 4.0 0.071 0.088 1.3386 1.2551 12.24 
0.462 2 1 1 4.0 4.0 0.079 0.086 1.3386 1.3386 12.25 
0.463 2 1 1 4.0 4.0 0.077 0.103 1.3386 1.2551 12.26 
0.464 2 1 1 4.0 4.0 0.092 0.075 1.3386 1.2952 12.25 
0.465 2 1 1 4.0 4.0 0.105 0.097 1.3386 1.2169 12.25 
0.466 2 1 1 4.0 4.0 0.063 0.097 1.3386 1.2952 12.25 
0.467 2 1 1 4.0 4.0 0.084 0.079 1.3386 1.2551 12.25 
0.468 2 1 1 4.0 4.0 0.091 0.098 1.3848 1.2169 12.25 
0.469 2 1 1 4.0 4.0 0.094 0.077 1.3848 1.2551 12.25 
0.470 2 1 1 4.0 4.0 0.098 0.075 1.3386 1.3386 12.25 
0.471 2 1 1 4.0 4.0 0.068 0.107 1.3386 1.2551 12.25 
0.472 2 1 1 4.0 4.0 0.090 0.079 1.3386 1.2551 12.24 
0.473 2 1 1 4.0 4.0 0.082 0.094 1.3848 1.2551 12.24 
0.474 2 1 1 4.0 4.0 0.090 0.098 1.3848 1.2952 12.25 
0.475 2 1 1 4.0 4.0 0.105 0.063 1.3848 1.2551 12.25 
0.476 2 1 1 4.0 4.0 0.069 0.090 1.2952 1.2551 12.25 
0.477 2 1 1 4.0 4.0 0.090 0.086 1.3386 1.2551 12.26 
0.478 2 1 1 4.0 4.0 0.082 0.079 1.3386 1.3386 12.25 
0.479 2 1 1 4.0 4.0 0.102 0.103 1.3386 1.2169 12.25 
0.480 2 1 1 4.0 4.0 0.118 0.070 1.3386 1.2551 12.25 
0.481 2 1 1 4.0 4.0 0.196 -0.025 1.3386 1.2169 12.23 
0.482 2 1 1 4.0 4.0 0.219 -0.028 1.3386 1.2952 12.24 
0.483 2 1 1 4.0 4.0 0.115 0.038 1.3848 1.2551 12.25 
0.484 2 1 1 4.0 4.0 0.101 0.080 1.3848 1.2169 12.25 
0.485 2 1 1 4.0 4.0 0.097 0.077 1.3386 1.2551 12.25 
0.486 2 1 1 4.0 4.0 0.062 0.081 1.3386 1.3386 12.25 
0.487 2 1 1 4.0 4.0 0.089 0.103 1.3386 1.2551 12.25 
0.488 2 1 1 4.0 4.0 0.070 0.079 1.3386 1.2551 12.25 
0.489 2 1 1 4.0 4.0 0.101 0.109 1.2952 1.2551 12.25 
0.490 2 1 1 4.0 4.0 0.090 0.101 1.3848 1.2952 12.26 
0.491 2 1 1 4.0 4.0 0.062 0.076 1.3386 1.2551 12.25 
0.492 2 1 1 4.0 4.0 0.092 0.097 1.3386 1.2551 12.25 
0.493 2 1 1 4.0 4.0 0.071 0.085 1.3848 1.2551 12.25 
0.494 2 1 1 4.0 4.0 0.108 0.080 1.3386 1.3386 12.24 
0.495 2 1 1 4.0 4.0 0.103 0.091 1.3848 1.2551 12.26 
0.496 2 1 1 4.0 4.0 0.070 0.078 1.3386 1.2952 12.25 
0.497 2 1 1 4.0 4.0 0.093 0.088 1.3386 1.2551 12.25 
0.498 2 1 1 4.0 4.0 0.071 0.105 1.3848 1.3386 12.26 
0.499 2 1 1 4.0 4.0 0.093 0.077 1.3848 1.2952 12.25 
0.500 2 1 1 4.0 4.0 0.090 0.095 1.3386 1.2551 12.25 
0.501 2 1 1 4.0 4.0 0.070 0.077 1.3386 1.2551 12.25 
0.502 2 1 1 4.0 4.0 0.082 0.073 1.3386 1.3386 12.25 
0.503 2 1 1 4.0 4.0 0.073 0.103 1.3386 1.2551 12.25 
0.504 2 1 1 4.0 4.0 0.120 0.079 1.2952 1.2551 12.24 
0.505 2 1 1 4.0 4.0 0.097 0.098 1.2551 1.2551 12.25 
0.506 2 1 1 4.0 4.0 0.080 0.095 1.3386 1.2952 12.25 
0.507 2 1 1 4.0 4.0 0.093 0.062 1.3386 1.2551 12.26 
0.508 2 1 1 4.0 4.0 0.073 0.091 1.3386 1.2551 12.25 
0.509 2 1 1 4.0 4.0 0.114 0.086 1.2952 1.2551 12.24 
0.510 2 1 1 4.0 4.0 0.093 0.077 1.3848 1.3386 12.24 
0.511 2 1 1 4.0 4.0 0.093 0.101 1.3848 1.2551 12.25 
0.512 2 1 1 4.0 4.0 0.097 0.078 1.3386 1.2952 12.25 
0.513 2 1 1 4.0 4.0 0.073 0.094 1.3848 1.2169 12.25 
0.514 2 1 1 4.0 4.0 0.093 0.109 1.3848 1.2952 12.26 
0.515 2 1 1 4.0 4.0 0.072 0.079 1.3386 1.2551 12.25 
0.516 2 1 1 4.0 4.0 0.082 0.109 1.3386 1.2169 12.24 
0.517 2 1 1 4.0 4.0 0.098 0.087 1.3386 1.2551 12.26 
0.518 2 1 1 4.0 4.0 0.080 0.071 1.3848 1.3386 12.25 
0.519 2 1 1 4.0 4.0 0.113 0.098 1.3386 1.2551 12.25 
0.520 2 1 1 4.0 4.0 0.085 0.066 1.3386 1.2551 12.25 
0.521 2 1 1 4.0 4.0 0.082 0.090 1.3386 1.2551 12.25 
0.522 2 1 1 4.0 4.0 0.079 0.088 1.3386 1.2952 12.25 
0.523 2 1 1 4.0 4.0 0.071 0.060 1.3386 1.2551 12.25 
0.524 2 1 1 4.0 4.0 0.124 0.085 1.3386 1.2551 12.25 
0.525 2 1 1 4.0 4.0 0.087 0.079 1.3386 1.2551 12.26 
0.526 2 1 1 4.0 4.0 0.082 0.078 1.3386 1.3386 12.25 
0.527 2 1 1 4.0 4.0 0.090 0.105 1.3386 1.2551 12.25 
0.528 2 1 1 4.0 4.0 0.070 0.073 1.3848 1.2952 12.24 
0.529 2 1 1 4.0 4.0 0.098 0.086 1.3848 1.2551 12.24 
0.530 2 1 1 4.0 4.0 0.067 0.114 1.3386 1.3386 12.25 
0.531 2 1 1 4.0 4.0 0.078 0.082 1.3386 1.2551 12.25 
0.532 2 1 1 4.0 4.0 0.094 0.101 1.3386 1.2169 12.25 
0.533 2 1 1 4.0 4.0 0.094 0.082 1.3386 1.2551 12.25 
0.534 2 1 1 4.0 4.0 0.117 0.067 1.3848 1.3386 12.25 
0.535 2 1 1 4.0 4.0 0.080 0.100 1.3386 1.2551 12.25 
0.536 2 1 1 4.0 4.0 0.094 0.078 1.3386 1.2551 12.25 
0.537 2 1 1 4.0 4.0 0.073 0.086 1.3386 1.2551 12.25 
0.538 2 1 1 4.0 4.0 0.074 0.089 1.3386 1.2952 12.25 
0.539 2 1 1 4.0 4.0 0.113 0.062 1.3386 1.2551 12.25 
0.540 2 1 1 4.0 4.0 0.082 0.089 1.3386 1.2551 12.25 
0.541 2 1 1 4.0 4.0 0.094 0.082 1.3386 1.2551 12.25 
0.542 2 1 1 4.0 4.0 0.078 0.077 1.3848 1.3386 12.25 
0.543 2 1 1 4.0 4.0 0.089 0.101 1.3848 1.2551 12.24 
0.544 2 1 1 4.0 4.0 0.092 0.085 1.3386 1.2952 12.25 
0.545 2 1 1 4.0 4.0 0.072 0.094 1.3386 1.2169 12.25 
0.546 2 1 1 4.0 4.0 0.088 0.101 1.3386 1.2952 12.25 
0.547 2 1 1 4.0 4.0 0.084 0.072 1.3386 1.2551 12.25 
0.548 2 1 1 4.0 4.0 0.108 0.092 1.3386 1.2169 12.25 
0.549 2 1 1 4.0 4.0 0.113 0.086 1.3848 1.2551 12.25 
0.550 2 1 1 4.0 4.0 0.067 0.075 1.3386 1.3386 12.25 
0.551 2 1 1 4.0 4.0 0.087 0.101 1.3386 1.2551 12.24 
0.552 2 1 1 4.0 4.0 0.048 0.076 1.3848 1.2952 12.25 
0.553 2 1 1 4.0 4.0 0.085 0.082 1.3848 1.2551 12.26 
0.554 2 1 1 4.0 4.0 0.102 0.090 1.3848 1.2952 12.26 
0.555 2 1 1 4.0 4.0 0.068 0.060 1.3848 1.2551 12.25 
0.556 2 1 1 4.0 4.0 0.105 0.086 1.3386 1.2551 12.25 
0.557 2 1 1 4.0 4.0 0.065 0.079 1.3386 1.2551 12.25 
0.558 2 1 1 4.0 4.0 0.092 0.070 1.3848 1.3386 12.24 
0.559 2 1 1 4.0 4.0 0.088 0.094 1.3386 1.2551 12.25 
0.560 2 1 1 4.0 4.0 0.071 0.071 1.3386 1.2952 12.25 
0.561 2 1 1 4.0 4.0 0.085 0.086 1.3848 1.2169 12.25 
0.562 2 1 1 4.0 4.0 0.062 0.102 1.3848 1.2952 12.25 
0.563 2 1 1 4.0 4.0 0.111 0.067 1.3386 1.2551 12.25 
0.564 2 1 1 4.0 4.0 0.118 0.104 1.3848 1.2169 12.25 
0.565 2 1 1 4.0 4.0 0.072 0.086 1.3386 1.2551 12.26 
0.566 2 1 1 4.0 4.0 0.097 0.075 1.3386 1.3386 12.25 
0.567 2 1 1 4.0 4.0 0.066 0.096 1.3386 1.2551 12.25 
0.568 2 1 1 4.0 4.0 0.112 0.073 1.3386 1.2551 12.25 
0.569 2 1 1 4.0 4.0 0.087 0.090 1.3386 1.2551 12.25 
0.570 2 1 1 4.0 4.0 0.069 0.093 1.3848 1.2952 12.25 
0.571 2 1 1 4.0 4.0 0.093 0.064 1.3386 1.2551 12.26 
0.572 2 1 1 4.0 4.0 0.071 0.088 1.3848 1.2551 12.26 
0.573 2 1 1 4.0 4.0 0.099 0.088 1.3848 1.2551 12.26 
0.574 2 1 1 4.0 4.0 0.098 0.079 1.3386 1.3386 12.25 
0.575 2 1 1 4.0 4.0 0.071 0.094 1.3848 1.2551 12.25 
0.576 2 1 1 4.0 4.0 0.089 0.071 1.3848 1.2952 12.25 
0.577 2 1 1 4.0 4.0 0.073 0.094 1.3848 1.2551 12.24 
0.578 2 1 1 4.0 4.0 0.110 0.105 1.3386 1.3386 12.23 
0.579 2 1 1 4.0 4.0 0.084 0.075 1.3386 1.2551 12.24 
0.580 2 1 1 4.0 4.0 0.066 0.091 1.3386 1.2169 12.24 
0.581 2 1 1 4.0 4.0 0.092 0.074 1.3386 1.2551 12.25 
0.582 2 1 1 4.0 4.0 0.081 0.075 1.3386 1.3386 12.25 
0.583 2 1 1 4.0 4.0 0.112 0.102 1.3386 1.2551 12.25 
0.584 2 1 1 4.0 4.0 0.204 -0.031 1.3848 1.2551 12.24 
0.585 2 1 1 4.0 4.0 0.215 -0.031 1.3848 1.2551 12.24 
0.586 2 1 1 4.0 4.0 0.136 0.068 1.3848 1.2952 12.25 
0.587 2 1 1 4.0 4.0 0.085 0.050 1.3848 1.2551 12.25 
0.588 2 1 1 4.0 4.0 0.096 0.088 1.3848 1.2551 12.25 
0.589 2 1 1 4.0 4.0 0.072 0.081 1.3386 1.2551 12.25 
0.590 2 1 1 4.0 4.0 0.087 0.079 1.3386 1.3386 12.25 
0.591 2 1 1 4.0 4.0 0.097 0.093 1.3848 1.2551 12.25 
0.592 2 1 1 4.0 4.0 0.078 0.070 1.3848 1.2952 12.25 
0.593 2 1 1 4.0 4.0 0.109 0.089 1.4342 1.2551 12.25 
0.594 2 1 1 4.0 4.0 0.080 0.105 1.3386 1.3386 12.26 
0.595 2 1 1 4.0 4.0 0.080 0.077 1.3386 1.2551 12.25 
0.596 2 1 1 4.0 4.0 0.087 0.094 1.3386 1.2169 12.25 
0.597 2 1 1 4.0 4.0 0.089 0.070 1.3386 1.2551 12.25 
0.598 2 1 1 4.0 4.0 0.109 0.071 1.3848 1.3386 12.25 
0.599 2 1 1 4.0 4.0 0.078 0.098 1.3848 1.2551 12.26 
0.600 2 1 1 4.0 4.0 0.092 0.075 1.3848 1.2952 12.25 
0.601 2 1 1 4.0 4.0 0.081 0.094 1.3848 1.2551 12.25 
0.602 2 1 1 4.0 4.0 0.082 0.098 1.3848 1.2952 12.26 
0.603 2 1 1 4.0 4.0 0.109 0.066 1.3386 1.2551 12.25 
0.604 2 1 1 4.0 4.0 0.069 0.082 1.3386 1.2551 12.25 
0.605 2 1 1 4.0 4.0 0.079 0.074 1.3386 1.2551 12.26 
0.606 2 1 1 4.0 4.0 0.063 0.071 1.3848 1.3386 12.25 
0.607 2 1 1 4.0 4.0 0.084 0.103 1.3848 1.2551 12.25 
0.608 2 1 1 4.0 4.0 0.100 0.075 1.3848 1.2952 12.25 
0.609 2 1 1 4.0 4.0 0.069 0.095 1.3386 1.2169 12.25 
0.610 2 1 1 4.0 4.0 0.086 0.109 1.3386 1.2952 12.25 
0.611 2 1 1 4.0 4.0 0.072 0.075 1.3386 1.2551 12.25 
0.612 2 1 1 4.0 4.0 0.107 0.091 1.3386 1.2169 12.24 
0.613 2 1 1 4.0 4.0 0.109 0.073 1.3848 1.2551 12.26 
0.614 2 1 1 4.0 4.0 0.092 0.075 1.3848 1.3386 12.25 
0.615 2 1 1 4.0 4.0 0.095 0.106 1.3848 1.2551 12.25 
0.616 2 1 1 4.0 4.0 0.071 0.080 1.3848 1.2551 12.25 
0.617 2 1 1 4.0 4.0 0.082 0.086 1.3848 1.2551 12.24 
0.618 2 1 1 4.0 4.0 0.093 0.091 1.3386 1.2952 12.25 
0.619 2 1 1 4.0 4.0 0.061 0.067 1.3848 1.2551 12.25 
0.620 2 1 1 4.0 4.0 0.081 0.101 1.3386 1.2551 12.25 
0.621 2 1 1 4.0 4.0 0.049 0.085 1.3848 1.2551 12.26 
0.622 2 1 1 4.0 4.0 0.104 0.082 1.3386 1.3386 12.25 
0.623 2 1 1 4.0 4.0 0.095 0.108 1.3848 1.2551 12.25 
0.624 2 1 1 4.0 4.0 0.056 0.071 1.3386 1.2952 12.26 
0.625 2 1 1 4.0 4.0 0.075 0.105 1.3386 1.2551 12.23 
0.626 2 1 1 4.0 4.0 0.052 0.125 1.3386 1.3386 12.25 
0.627 2 1 1 4.0 4.0 0.106 0.089 1.3386 1.2551 12.25 
0.628 2 1 1 4.0 4.0 0.094 0.101 1.3386 1.2169 12.25 
0.629 2 1 1 4.0 4.0 0.076 0.085 1.3386 1.2551 12.25 
0.630 2 1 1 4.0 4.0 0.072 0.075 1.3386 1.3386 12.25 
0.631 2 1 1 4.0 4.0 0.070 0.105 1.3848 1.2551 12.25 
0.632 2 1 1 4.0 4.0 0.095 0.067 1.3848 1.2952 12.25 
0.633 2 1 1 4.0 4.0 0.082 0.089 1.3386 1.2551 12.24 
0.634 2 1 1 4.0 4.0 0.071 0.103 1.3386 1.2952 12.25 
0.635 2 1 1 4.0 4.0 0.088 0.063 1.3386 1.2551 12.25 
0.636 2 1 1 4.0 4.0 0.071 0.096 1.3386 1.2551 12.24 
0.637 2 1 1 4.0 4.0 0.105 0.090 1.3386 1.2551 12.25 
0.638 2 1 1 4.0 4.0 0.075 0.087 1.3386 1.3386 12.25 
0.639 2 1 1 4.0 4.0 0.064 0.105 1.3386 1.2551 12.25 
0.640 2 1 1 4.0 4.0 0.086 0.075 1.3386 1.2952 12.25 
0.641 2 1 1 4.0 4.0 0.069 0.101 1.3386 1.2551 12.25 
0.642 2 1 1 4.0 4.0 0.116 0.107 1.3386 1.3386 12.25 
0.643 2 1 1 4.0 4.0 0.083 0.079 1.3848 1.2952 12.25 
0.644 2 1 1 4.0 4.0 0.081 0.095 1.3848 1.2551 12.25 
0.645 2 1 1 4.0 4.0 0.064 0.084 1.3848 1.2551 12.26 
0.646 2 1 1 4.0 4.0 0.082 0.085 1.3848 1.3386 12.26 
0.647 2 1 1 4.0 4.0 0.098 0.094 1.2952 1.2551 12.25 
0.648 2 1 1 4.0 4.0 0.071 0.039 1.3848 1.2551 12.26 
0.649 2 1 1 4.0 4.0 0.080 0.086 1.3848 1.2551 12.25 
0.650 2 1 1 4.0 4.0 0.085 0.096 1.3848 1.2952 12.26 
0.651 2 1 1 4.0 4.0 0.082 0.071 1.3848 1.2551 12.23 
0.652 2 1 1 4.0 4.0 0.104 0.102 1.3848 1.2551 12.25 
0.653 2 1 1 4.0 4.0 0.071 0.083 1.3386 1.2551 12.25 
0.654 2 1 1 4.0 4.0 0.075 0.075 1.3386 1.3386 12.25 
0.655 2 1 1 4.0 4.0 0.075 0.108 1.3386 1.2551 12.25 
0.656 2 1 1 4.0 4.0 0.085 0.065 1.3848 1.2952 12.25 
0.657 2 1 1 4.0 4.0 0.116 0.090 1.3848 1.2551 12.25 
0.658 2 1 1 4.0 4.0 0.069 0.108 1.3848 1.3386 12.25 
0.659 2 1 1 4.0 4.0 0.086 0.079 1.3848 1.2952 12.25 
0.660 2 1 1 4.0 4.0 0.067 0.105 1.3848 1.2551 12.25 
0.661 2 1 1 4.0 4.0 0.075 0.086 1.3848 1.2551 12.25 
0.662 2 1 1 4.0 4.0 0.090 0.082 1.3386 1.3386 12.25 
0.663 2 1 1 4.0 4.0 0.059 0.105 1.3386 1.2551 12.25 
0.664 2 1 1 4.0 4.0 0.084 0.076 1.3386 1.2551 12.25 
0.665 2 1 1 4.0 4.0 0.071 0.086 1.3386 1.2551 12.26 
