%% logfile from robot Sofie (16)
% Sofie (16)
%  1    time 0.000 sec
%  2  3  4   (mission 0), state 2, thread 2, line 0
%  5  6 Motor voltage [V] left, right: 1.6 1.6
%  7  8 Motor current left, right [A]: -0.047 -0.043
%  9 10 Wheel velocity [m/s] left, right: 0.0000 0.0000
% 11    Battery voltage [V]: 12.33
0.001 2 2 0 1.6 1.6 0.089 0.044 0.0000 0.0000 12.32 
0.002 2 2 0 1.6 1.6 0.210 0.238 0.0000 0.0000 12.32 
0.003 2 2 0 1.6 1.6 0.278 0.326 0.0000 0.0000 12.32 
0.004 2 2 0 1.6 1.6 0.267 0.384 0.0000 0.0000 12.31 
0.005 2 2 0 1.6 1.6 0.310 0.424 0.0000 0.0000 12.32 
0.006 2 2 0 1.6 1.6 0.276 0.390 0.0000 0.0000 12.31 
0.007 2 2 0 1.6 1.6 0.169 0.334 0.0000 0.0000 12.31 
0.008 2 2 0 1.6 1.6 0.211 0.369 0.0000 0.0000 12.31 
0.009 2 2 0 1.6 1.6 0.262 0.357 0.0000 0.0000 12.31 
0.010 2 2 0 1.6 1.6 0.264 0.346 0.0000 0.0843 12.29 
0.011 2 2 0 1.6 1.6 0.347 0.356 0.0000 0.0843 12.31 
0.012 2 2 0 1.6 1.6 0.279 0.370 0.0000 0.0843 12.29 
0.013 2 2 0 1.6 1.6 0.333 0.302 0.0827 0.1482 12.30 
0.014 2 2 0 1.6 1.6 0.306 0.294 0.0827 0.1482 12.31 
0.015 2 2 0 1.6 1.6 0.353 0.288 0.0827 0.1482 12.30 
0.016 2 2 0 1.6 1.6 0.239 0.309 0.0827 0.1566 12.31 
0.017 2 2 0 1.6 1.6 0.311 0.283 0.1129 0.1566 12.31 
0.018 2 2 0 1.6 1.6 0.241 0.289 0.1129 0.1659 12.31 
0.019 2 2 0 1.6 1.6 0.336 0.310 0.1450 0.1659 12.31 
0.020 2 2 0 1.6 1.6 0.158 0.260 0.1450 0.1920 12.30 
0.021 2 2 0 1.6 1.6 0.222 0.270 0.1450 0.1920 12.30 
0.022 2 2 0 1.6 1.6 0.158 0.233 0.1619 0.2088 12.30 
0.023 2 2 0 1.6 1.6 0.231 0.246 0.1619 0.2088 12.30 
0.024 2 2 0 1.6 1.6 0.174 0.268 0.1823 0.2080 12.30 
0.025 2 2 0 1.6 1.6 0.167 0.260 0.1823 0.2080 12.30 
0.026 2 2 0 1.6 1.6 0.260 0.257 0.1956 0.2100 12.30 
0.027 2 2 0 1.6 1.6 0.206 0.294 0.1956 0.2100 12.30 
0.028 2 2 0 1.6 1.6 0.250 0.276 0.1847 0.2265 12.31 
0.029 2 2 0 1.6 1.6 0.235 0.234 0.1847 0.2478 12.30 
0.030 2 2 0 1.6 1.6 0.276 0.235 0.2157 0.2478 12.31 
0.031 2 2 0 1.6 1.6 0.239 0.240 0.2157 0.2494 12.32 
0.032 2 2 0 1.6 1.6 0.332 0.249 0.2345 0.2787 12.32 
0.033 2 2 0 1.6 1.6 0.158 0.226 0.2345 0.2787 12.31 
0.034 2 2 0 1.6 1.6 0.164 0.226 0.2321 0.2574 12.31 
0.035 2 2 0 1.6 1.6 0.160 0.186 0.2253 0.2639 12.31 
0.036 2 2 0 1.6 1.6 0.312 0.199 0.2253 0.2639 12.32 
0.037 2 2 0 1.6 1.6 0.157 0.212 0.2510 0.2574 12.32 
0.038 2 2 0 1.6 1.6 0.177 0.190 0.2510 0.2574 12.32 
0.039 2 2 0 1.6 1.6 0.158 0.179 0.2731 0.2305 12.32 
0.040 2 2 0 1.6 1.6 0.224 0.181 0.2659 0.2590 12.31 
0.041 2 2 0 1.6 1.6 0.108 0.169 0.2659 0.2590 12.32 
0.042 2 2 0 1.6 1.6 0.155 0.209 0.2623 0.3016 12.32 
0.043 2 2 0 1.6 1.6 0.082 0.221 0.2747 0.2659 12.32 
0.044 2 2 0 1.6 1.6 0.176 0.232 0.2711 0.2659 12.32 
0.045 2 2 0 1.6 1.6 0.120 0.216 0.2675 0.2446 12.33 
0.046 2 2 0 1.6 1.6 0.157 0.184 0.2807 0.2659 12.32 
0.047 2 2 0 1.6 1.6 0.164 0.210 0.2868 0.2659 12.31 
0.048 2 2 0 1.6 1.6 0.262 0.181 0.2868 0.2827 12.31 
0.049 2 2 0 1.6 1.6 0.120 0.178 0.2888 0.2590 12.31 
0.050 2 2 0 1.6 1.6 0.163 0.215 0.2868 0.2590 12.31 
0.051 2 2 0 1.6 1.6 0.121 0.226 0.2972 0.2434 12.31 
0.052 2 2 0 1.6 1.6 0.233 0.216 0.2972 0.2554 12.31 
0.053 2 2 0 1.6 1.6 0.157 0.205 0.2848 0.2554 12.32 
0.054 2 2 0 1.6 1.6 0.089 0.188 0.3040 0.2711 12.32 
0.055 2 2 0 1.6 1.6 0.105 0.196 0.3040 0.2639 12.31 
0.056 2 2 0 1.6 1.6 0.168 0.169 0.2972 0.2639 12.32 
0.057 2 2 0 1.6 1.6 0.079 0.197 0.3064 0.2574 12.32 
0.058 2 2 0 1.6 1.6 0.036 0.226 0.2908 0.2574 12.32 
0.059 2 2 0 1.6 1.6 0.035 0.186 0.2908 0.2675 12.32 
0.060 2 2 0 1.6 1.6 0.039 0.178 0.3137 0.2675 12.32 
0.061 2 2 0 1.6 1.6 0.085 0.180 0.2996 0.2675 12.32 
0.062 2 2 0 1.6 1.6 0.032 0.183 0.3185 0.2675 12.32 
0.063 2 2 0 1.6 1.6 0.063 0.205 0.3161 0.2711 12.32 
0.064 2 2 0 1.6 1.6 0.069 0.194 0.3161 0.2747 12.33 
0.065 2 2 0 1.6 1.6 0.125 0.185 0.3213 0.2747 12.33 
0.066 2 2 0 1.6 1.6 0.111 0.173 0.3185 0.2747 12.32 
0.067 2 2 0 1.6 1.6 0.232 0.166 0.3265 0.2888 12.32 
0.068 2 2 0 1.6 1.6 0.134 0.172 0.3265 0.2888 12.32 
0.069 2 2 0 1.6 1.6 0.140 0.187 0.3265 0.2928 12.32 
0.070 2 2 0 1.6 1.6 0.066 0.192 0.3346 0.3016 12.32 
0.071 2 2 0 1.6 1.6 0.216 0.155 0.3289 0.3064 12.32 
0.072 2 2 0 1.6 1.6 0.150 0.132 0.3402 0.3064 12.33 
0.073 2 2 0 1.6 1.6 0.156 0.154 0.3346 0.3088 12.33 
0.074 2 2 0 1.6 1.6 0.071 0.192 0.3402 0.3265 12.33 
0.075 2 2 0 1.6 1.6 0.165 0.158 0.3402 0.3137 12.32 
0.076 2 2 0 1.6 1.6 0.099 0.173 0.3237 0.3185 12.32 
0.077 2 2 0 1.6 1.6 0.109 0.116 0.3430 0.3185 12.32 
0.078 2 2 0 1.6 1.6 0.023 0.181 0.3490 0.3289 12.33 
0.079 2 2 0 1.6 1.6 0.107 0.216 0.3490 0.3113 12.32 
0.080 2 2 0 1.6 1.6 0.040 0.185 0.3374 0.3346 12.33 
0.081 2 2 0 1.6 1.6 0.168 0.172 0.3490 0.3651 12.33 
0.082 2 2 0 1.6 1.6 0.086 0.129 0.3490 0.3374 12.33 
0.083 2 2 0 1.6 1.6 0.107 0.112 0.3374 0.3374 12.33 
0.084 2 2 0 1.6 1.6 0.052 0.112 0.3550 0.3137 12.33 
0.085 2 2 0 1.6 1.6 0.114 0.145 0.3715 0.3430 12.31 
0.086 2 2 0 1.6 1.6 0.060 0.082 0.3550 0.4016 12.32 
0.087 2 2 0 1.6 1.6 0.206 0.097 0.3683 0.3522 12.32 
0.088 2 2 0 1.6 1.6 0.197 0.128 0.3582 0.3289 12.32 
0.089 2 2 0 1.6 1.6 0.199 0.164 0.3651 0.3582 12.32 
0.090 2 2 0 1.6 1.6 0.210 0.165 0.3615 0.3715 12.32 
0.091 2 2 0 1.6 1.6 0.252 0.204 0.3522 0.3683 12.32 
0.092 2 2 0 1.6 1.6 0.194 0.123 0.3213 0.3582 12.32 
0.093 2 2 0 1.6 1.6 0.232 0.075 0.3651 0.3490 12.32 
0.094 2 2 0 1.6 1.6 0.207 0.081 0.3860 0.3582 12.32 
0.095 2 2 0 1.6 1.6 0.183 0.119 0.3651 0.3787 12.32 
0.096 2 2 0 1.6 1.6 0.165 0.161 0.3430 0.3651 12.32 
0.097 2 2 0 1.6 1.6 0.173 0.113 0.3715 0.3860 12.32 
0.098 2 2 0 1.6 1.6 0.175 0.051 0.3936 0.3651 12.32 
0.099 2 2 0 1.6 1.6 0.106 0.072 0.3751 0.3715 12.32 
0.100 2 2 0 1.6 1.6 0.127 0.119 0.3615 0.3615 12.32 
0.101 2 2 0 1.6 1.6 0.200 0.139 0.3787 0.3185 12.32 
0.102 2 2 0 1.6 1.6 0.149 0.077 0.3582 0.3185 12.32 
0.103 2 2 0 1.6 1.6 0.079 0.060 0.3582 0.3550 12.32 
0.104 2 2 0 1.6 1.6 0.052 0.072 0.3787 0.3787 12.32 
0.105 2 2 0 1.6 1.6 0.053 0.100 0.3787 0.3550 12.31 
0.106 2 2 0 1.6 1.6 0.122 0.087 0.3787 0.3213 12.31 
0.107 2 2 0 1.6 1.6 0.202 0.078 0.3683 0.3522 12.33 
0.108 2 2 0 1.6 1.6 0.173 0.127 0.3751 0.3715 12.32 
0.109 2 2 0 1.6 1.6 0.168 0.131 0.3615 0.3430 12.32 
0.110 2 2 0 1.6 1.6 0.162 0.107 0.3787 0.3430 12.33 
0.111 2 2 0 1.6 1.6 0.146 0.028 0.3715 0.3213 12.33 
0.112 2 2 0 1.6 1.6 0.131 0.074 0.3787 0.3346 12.33 
0.113 2 2 0 1.6 1.6 0.135 0.130 0.3582 0.3522 12.32 
0.114 2 2 0 1.6 1.6 0.128 0.181 0.3787 0.3374 12.32 
0.115 2 2 0 1.6 1.6 0.080 0.161 0.3615 0.3265 12.31 
0.116 2 2 0 1.6 1.6 0.113 0.153 0.3823 0.3265 12.32 
0.117 2 2 0 1.6 1.6 0.168 0.083 0.3823 0.3374 12.32 
0.118 2 2 0 1.6 1.6 0.155 0.116 0.3787 0.3346 12.32 
0.119 2 2 0 1.6 1.6 0.165 0.156 0.3823 0.3374 12.33 
0.120 2 2 0 1.6 1.6 0.139 0.151 0.3751 0.3346 12.32 
0.121 2 2 0 1.6 1.6 0.104 0.124 0.3823 0.3346 12.32 
0.122 2 2 0 1.6 1.6 0.135 0.066 0.3787 0.3346 12.33 
0.123 2 2 0 1.6 1.6 0.065 0.092 0.3860 0.3317 12.32 
0.124 2 2 0 1.6 1.6 0.082 0.184 0.3823 0.3430 12.32 
0.125 2 2 0 1.6 1.6 0.144 0.199 0.3860 0.3462 12.32 
0.126 2 2 0 1.6 1.6 0.142 0.122 0.3860 0.3490 12.32 
0.127 2 2 0 1.6 1.6 0.088 0.080 0.3896 0.3550 12.32 
0.128 2 2 0 1.6 1.6 0.084 0.075 0.3683 0.3582 12.32 
0.129 2 2 0 1.6 1.6 0.030 0.141 0.3860 0.3715 12.31 
0.130 2 2 0 1.6 1.6 0.093 0.210 0.3976 0.3651 12.32 
0.131 2 2 0 1.6 1.6 0.044 0.154 0.3896 0.3582 12.32 
0.132 2 2 0 1.6 1.6 0.057 0.043 0.3751 0.3615 12.32 
0.133 2 2 0 1.6 1.6 0.105 0.134 0.3936 0.3683 12.32 
0.134 2 2 0 1.6 1.6 0.083 0.186 0.3751 0.3462 12.32 
0.135 2 2 0 1.6 1.6 0.091 0.188 0.3936 0.3715 12.33 
0.136 2 2 0 1.6 1.6 0.075 0.165 0.4056 0.4016 12.32 
0.137 2 2 0 1.6 1.6 0.087 0.042 0.3896 0.3751 12.32 
0.138 2 2 0 1.6 1.6 0.094 0.064 0.4016 0.3462 12.32 
0.139 2 2 0 1.6 1.6 0.115 0.129 0.3936 0.3751 12.32 
0.140 2 2 0 1.6 1.6 0.120 0.149 0.3976 0.4056 12.32 
0.141 2 2 0 1.6 1.6 0.087 0.178 0.3936 0.3823 12.32 
0.142 2 2 0 1.6 1.6 0.089 0.124 0.3522 0.3550 12.33 
0.143 2 2 0 1.6 1.6 0.066 0.289 0.3976 0.3860 12.33 
0.144 2 2 0 1.6 1.6 0.097 0.206 0.4097 0.4016 12.32 
0.145 2 2 0 1.6 1.6 0.090 0.230 0.3976 0.3860 12.33 
0.146 2 2 0 1.6 1.6 0.107 0.068 0.3860 0.3787 12.31 
0.147 2 2 0 1.6 1.6 0.114 0.023 0.3683 0.3751 12.32 
0.148 2 2 0 1.6 1.6 0.055 0.098 0.4016 0.3823 12.33 
0.149 2 2 0 1.6 1.6 0.082 0.183 0.4056 0.3936 12.32 
0.150 2 2 0 1.6 1.6 0.080 0.222 0.4016 0.3936 12.32 
0.151 2 2 1 4.0 4.0 0.099 0.071 0.3896 0.4056 12.32 
0.152 2 2 1 4.0 4.0 0.289 0.127 0.4016 0.3860 12.31 
0.153 2 2 1 4.0 4.0 0.536 0.408 0.3823 0.3976 12.30 
0.154 2 2 1 4.0 4.0 0.568 0.652 0.4137 0.3976 12.29 
0.155 2 2 1 4.0 4.0 0.631 0.667 0.4317 0.3651 12.27 
0.156 2 2 1 4.0 4.0 0.652 0.680 0.4410 0.4462 12.25 
0.157 2 2 1 4.0 4.0 0.679 0.706 0.4615 0.4562 12.27 
0.158 2 2 1 4.0 4.0 0.574 0.808 0.4667 0.4462 12.27 
0.159 2 2 1 4.0 4.0 0.501 0.843 0.4896 0.4667 12.28 
0.160 2 2 1 4.0 4.0 0.669 0.706 0.5149 0.4956 12.29 
0.161 2 2 1 4.0 4.0 0.651 0.646 0.5149 0.5020 12.28 
0.162 2 2 1 4.0 4.0 0.605 0.743 0.5354 0.5149 12.28 
0.163 2 2 1 4.0 4.0 0.604 0.785 0.5655 0.5426 12.28 
0.164 2 2 1 4.0 4.0 0.447 0.659 0.5735 0.5498 12.28 
0.165 2 2 1 4.0 4.0 0.561 0.518 0.5904 0.5655 12.28 
0.166 2 2 1 4.0 4.0 0.583 0.523 0.6085 0.5904 12.28 
0.167 2 2 1 4.0 4.0 0.542 0.594 0.6273 0.5992 12.29 
0.168 2 2 1 4.0 4.0 0.538 0.725 0.6474 0.6085 12.28 
0.169 2 2 1 4.0 4.0 0.377 0.595 0.6583 0.6273 12.28 
0.170 2 2 1 4.0 4.0 0.441 0.507 0.6583 0.6474 12.28 
0.171 2 2 1 4.0 4.0 0.466 0.579 0.6924 0.6691 12.28 
0.172 2 2 1 4.0 4.0 0.485 0.649 0.7044 0.6924 12.28 
0.173 2 2 1 4.0 4.0 0.529 0.618 0.7044 0.6924 12.28 
0.174 2 2 1 4.0 4.0 0.433 0.565 0.7169 0.6924 12.28 
0.175 2 2 1 4.0 4.0 0.443 0.442 0.7434 0.7434 12.29 
0.176 2 2 1 4.0 4.0 0.478 0.431 0.7575 0.7434 12.29 
0.177 2 2 1 4.0 4.0 0.470 0.488 0.7575 0.7302 12.29 
0.178 2 2 1 4.0 4.0 0.377 0.652 0.7169 0.7575 12.27 
0.179 2 2 1 4.0 4.0 0.384 0.436 0.7723 0.7575 12.28 
0.180 2 2 1 4.0 4.0 0.348 0.394 0.7575 0.7872 12.29 
0.181 2 2 1 4.0 4.0 0.384 0.480 0.7872 0.7872 12.29 
0.182 2 2 1 4.0 4.0 0.338 0.569 0.7872 0.8032 12.27 
0.183 2 2 1 4.0 4.0 0.367 0.485 0.8032 0.8193 12.28 
0.184 2 2 1 4.0 4.0 0.370 0.360 0.8193 0.8193 12.29 
0.185 2 2 1 4.0 4.0 0.349 0.323 0.8193 0.7872 12.28 
0.186 2 2 1 4.0 4.0 0.334 0.420 0.8193 0.8366 12.29 
0.187 2 2 1 4.0 4.0 0.378 0.509 0.8366 0.8032 12.28 
0.188 2 2 1 4.0 4.0 0.367 0.375 0.8543 0.8366 12.29 
0.189 2 2 1 4.0 4.0 0.321 0.311 0.8543 0.8193 12.29 
0.190 2 2 1 4.0 4.0 0.324 0.394 0.8727 0.8366 12.29 
0.191 2 2 1 4.0 4.0 0.291 0.485 0.8727 0.8543 12.28 
0.192 2 2 1 4.0 4.0 0.306 0.330 0.8727 0.8543 12.29 
0.193 2 2 1 4.0 4.0 0.276 0.277 0.8924 0.8543 12.28 
0.194 2 2 1 4.0 4.0 0.323 0.291 0.8366 0.8543 12.28 
0.195 2 2 1 4.0 4.0 0.222 0.380 0.9125 0.8727 12.28 
0.196 2 2 1 4.0 4.0 0.249 0.489 0.9125 0.8924 12.28 
0.197 2 2 1 4.0 4.0 0.247 0.317 0.9125 0.8924 12.29 
0.198 2 2 1 4.0 4.0 0.287 0.332 0.9338 0.8924 12.29 
0.199 2 2 1 4.0 4.0 0.252 0.363 0.9559 0.9125 12.29 
0.200 2 2 1 4.0 4.0 0.266 0.432 0.9559 0.9125 12.30 
0.201 2 2 1 4.0 4.0 0.264 0.292 0.9338 0.9338 12.29 
0.202 2 2 1 4.0 4.0 0.222 0.290 0.9338 0.9559 12.29 
0.203 2 2 1 4.0 4.0 0.272 0.269 0.9796 0.9559 12.30 
0.204 2 2 1 4.0 4.0 0.241 0.343 0.9796 0.9796 12.29 
0.205 2 2 1 4.0 4.0 0.257 0.468 0.9796 1.0041 12.29 
0.206 2 2 1 4.0 4.0 0.218 0.331 0.9796 1.0041 12.29 
0.207 2 2 1 4.0 4.0 0.242 0.270 0.9796 0.9796 12.27 
0.208 2 2 1 4.0 4.0 0.263 0.410 0.9796 0.9559 12.27 
0.209 2 2 1 4.0 4.0 0.226 0.278 0.9796 0.9796 12.28 
0.210 2 2 1 4.0 4.0 0.198 0.241 0.9796 0.9796 12.29 
0.211 2 2 1 4.0 4.0 0.212 0.252 1.0041 1.0041 12.29 
0.212 2 2 1 4.0 4.0 0.189 0.375 1.0041 1.0041 12.29 
0.213 2 2 1 4.0 4.0 0.192 0.328 1.0041 1.0041 12.29 
0.214 2 2 1 4.0 4.0 0.172 0.245 1.0041 1.0041 12.29 
0.215 2 2 1 4.0 4.0 0.166 0.268 1.0041 1.0041 12.29 
0.216 2 2 1 4.0 4.0 0.186 0.264 1.0298 1.0041 12.29 
0.217 2 2 1 4.0 4.0 0.203 0.324 1.0298 1.0041 12.29 
0.218 2 2 1 4.0 4.0 0.177 0.432 1.0567 0.9796 12.29 
0.219 2 2 1 4.0 4.0 0.181 0.359 1.0567 1.0041 12.29 
0.220 2 2 1 4.0 4.0 0.138 0.253 0.9559 1.0041 12.29 
0.221 2 2 1 4.0 4.0 0.176 0.263 1.0567 1.0298 12.30 
0.222 2 2 1 4.0 4.0 0.172 0.352 1.0298 1.0298 12.29 
0.223 2 2 1 4.0 4.0 0.178 0.250 1.0567 1.0298 12.29 
0.224 2 2 1 4.0 4.0 0.126 0.209 1.0567 1.0567 12.30 
0.225 2 2 1 4.0 4.0 0.122 0.234 1.0567 1.0852 12.29 
0.226 2 2 1 4.0 4.0 0.117 0.223 1.0567 1.0298 12.29 
0.227 2 2 1 4.0 4.0 0.135 0.273 1.0567 1.0567 12.30 
0.228 2 2 1 4.0 4.0 0.146 0.249 1.0567 1.0298 12.30 
0.229 2 2 1 4.0 4.0 0.147 0.215 1.0567 1.0567 12.32 
0.230 2 2 1 4.0 4.0 0.147 0.162 1.0567 1.0567 12.30 
0.231 2 2 1 4.0 4.0 0.158 0.212 1.0567 1.0567 12.29 
0.232 2 2 1 4.0 4.0 0.149 0.299 1.0567 1.0567 12.29 
0.233 2 2 1 4.0 4.0 0.144 0.241 1.0567 1.0567 12.29 
0.234 2 2 1 4.0 4.0 0.114 0.237 1.0567 1.0298 12.28 
0.235 2 2 1 4.0 4.0 0.141 0.206 1.0852 1.0298 12.28 
0.236 2 2 1 4.0 4.0 0.132 0.200 1.0852 1.0567 12.29 
0.237 2 2 1 4.0 4.0 0.112 0.219 1.1153 1.0567 12.29 
0.238 2 2 1 4.0 4.0 0.104 0.305 1.1153 1.0567 12.29 
0.239 2 2 1 4.0 4.0 0.160 0.225 1.0852 1.0298 12.30 
0.240 2 2 1 4.0 4.0 0.161 0.177 1.1153 1.0852 12.30 
0.241 2 2 1 4.0 4.0 0.178 0.187 1.1153 1.0567 12.29 
0.242 2 2 1 4.0 4.0 0.162 0.216 1.1153 1.0567 12.29 
0.243 2 2 1 4.0 4.0 0.127 0.242 1.0852 1.0852 12.30 
0.244 2 2 1 4.0 4.0 0.104 0.247 1.0852 1.1153 12.30 
0.245 2 2 1 4.0 4.0 0.171 0.169 1.0852 1.0852 12.30 
0.246 2 2 1 4.0 4.0 0.153 0.148 1.0852 1.1153 12.29 
0.247 2 2 1 4.0 4.0 0.122 0.173 1.0567 1.0852 12.29 
0.248 2 2 1 4.0 4.0 0.120 0.257 1.0852 1.0852 12.29 
0.249 2 2 1 4.0 4.0 0.142 0.226 1.0852 1.0852 12.29 
0.250 2 2 1 4.0 4.0 0.097 0.201 1.0852 1.0852 12.29 
0.251 2 2 1 4.0 4.0 0.130 0.181 1.0852 1.0852 12.29 
0.252 2 2 1 4.0 4.0 0.125 0.164 1.0852 1.0567 12.29 
0.253 2 2 1 4.0 4.0 0.132 0.193 1.1153 1.0567 12.29 
0.254 2 2 1 4.0 4.0 0.143 0.166 1.1153 1.0567 12.29 
0.255 2 2 1 4.0 4.0 0.130 0.171 1.1474 1.0852 12.29 
0.256 2 2 1 4.0 4.0 0.170 0.184 1.1474 1.0567 12.30 
0.257 2 2 1 4.0 4.0 0.179 0.204 1.1153 1.0852 12.30 
0.258 2 2 1 4.0 4.0 0.168 0.150 1.1474 1.1153 12.30 
0.259 2 2 1 4.0 4.0 0.142 0.169 1.1474 1.0852 12.30 
0.260 2 2 1 4.0 4.0 0.153 0.163 1.1474 1.0852 12.30 
0.261 2 2 1 4.0 4.0 0.108 0.190 1.1153 1.1153 12.29 
0.262 2 2 1 4.0 4.0 0.118 0.228 1.1153 1.1474 12.29 
0.263 2 2 1 4.0 4.0 0.146 0.177 1.1153 1.1474 12.29 
0.264 2 2 1 4.0 4.0 0.134 0.155 1.1153 1.1474 12.30 
0.265 2 2 1 4.0 4.0 0.119 0.148 1.1153 1.1153 12.30 
0.266 2 2 1 4.0 4.0 0.109 0.147 1.1153 1.1474 12.30 
0.267 2 2 1 4.0 4.0 0.092 0.133 1.1153 1.1153 12.30 
0.268 2 2 1 4.0 4.0 0.086 0.192 1.1153 1.1153 12.29 
0.269 2 2 1 4.0 4.0 0.135 0.167 1.1153 1.1153 12.29 
0.270 2 2 1 4.0 4.0 0.134 0.135 1.1153 1.0852 12.30 
0.271 2 2 1 4.0 4.0 0.131 0.121 1.1153 1.0852 12.27 
0.272 2 2 1 4.0 4.0 0.107 0.151 1.1153 1.0852 12.29 
0.273 2 2 1 4.0 4.0 0.088 0.131 1.1812 1.1153 12.29 
0.274 2 2 1 4.0 4.0 0.136 0.177 1.1812 1.0852 12.28 
0.275 2 2 1 4.0 4.0 0.162 0.169 1.1474 1.1153 12.29 
0.276 2 2 1 4.0 4.0 0.109 0.167 1.1474 1.0852 12.30 
0.277 2 2 1 4.0 4.0 0.137 0.152 1.1812 1.0852 12.30 
0.278 2 2 1 4.0 4.0 0.122 0.184 1.1474 1.1153 12.29 
0.279 2 2 1 4.0 4.0 0.116 0.158 1.1474 1.1153 12.30 
0.280 2 2 1 4.0 4.0 0.158 0.143 1.1474 1.1474 12.30 
0.281 2 2 1 4.0 4.0 0.165 0.196 1.1474 1.1474 12.28 
0.282 2 2 1 4.0 4.0 0.112 0.160 1.1474 1.1474 12.29 
0.283 2 2 1 4.0 4.0 0.102 0.144 1.1474 1.1153 12.30 
0.284 2 2 1 4.0 4.0 0.116 0.112 1.1474 1.1474 12.29 
0.285 2 2 1 4.0 4.0 0.128 0.135 1.1474 1.1153 12.31 
0.286 2 2 1 4.0 4.0 0.173 0.162 1.1474 1.1153 12.30 
0.287 2 2 1 4.0 4.0 0.091 0.183 1.1474 1.1153 12.30 
0.288 2 2 1 4.0 4.0 0.101 0.140 1.1474 1.0298 12.30 
0.289 2 2 1 4.0 4.0 0.089 0.171 1.1474 1.1153 12.30 
0.290 2 2 1 4.0 4.0 0.074 0.149 1.1812 1.1153 12.29 
0.291 2 2 1 4.0 4.0 0.119 0.154 1.1812 1.1474 12.29 
0.292 2 2 1 4.0 4.0 0.121 0.189 1.1474 1.1153 12.29 
0.293 2 2 1 4.0 4.0 0.117 0.192 1.1474 1.1474 12.29 
0.294 2 2 1 4.0 4.0 0.134 0.139 1.1474 1.1474 12.31 
0.295 2 2 1 4.0 4.0 0.133 0.153 1.1474 1.1153 12.28 
0.296 2 2 1 4.0 4.0 0.109 0.166 1.1812 1.1474 12.28 
0.297 2 2 1 4.0 4.0 0.126 0.155 1.1812 1.1474 12.30 
0.298 2 2 1 4.0 4.0 0.160 0.182 1.1812 1.1812 12.29 
0.299 2 2 1 4.0 4.0 0.108 0.161 1.1812 1.1812 12.30 
0.300 2 2 1 4.0 4.0 0.111 0.108 1.1474 1.1812 12.29 
0.301 2 2 1 4.0 4.0 0.134 0.115 1.1474 1.1474 12.29 
0.302 2 2 2 -4.0 -4.0 0.077 0.150 1.1474 1.1474 12.29 
0.303 2 2 2 -4.0 -4.0 -0.361 -0.219 1.1474 1.1474 12.27 
0.304 2 2 2 -4.0 -4.0 -0.897 -0.910 1.1474 1.1153 12.23 
0.305 2 2 2 -4.0 -4.0 -1.482 -1.232 1.1474 1.0852 12.17 
0.306 2 2 2 -4.0 -4.0 -1.583 -1.653 1.0852 1.0298 12.16 
0.307 2 2 2 -4.0 -4.0 -1.485 -1.983 1.0298 0.9559 12.14 
0.308 2 2 2 -4.0 -4.0 -1.607 -1.675 0.9796 0.8727 12.15 
0.309 2 2 2 -4.0 -4.0 -1.666 -1.650 0.9338 0.7872 12.13 
0.310 2 2 2 -4.0 -4.0 -1.547 -1.825 0.7434 0.7575 12.14 
0.311 2 2 2 -4.0 -4.0 -1.385 -1.835 0.7302 0.6804 12.15 
0.312 2 2 2 -4.0 -4.0 -1.517 -1.780 0.6924 0.6085 12.15 
0.313 2 2 2 -4.0 -4.0 -1.546 -1.668 0.6273 0.5735 12.16 
0.314 2 2 2 -4.0 -4.0 -1.500 -1.586 0.5735 0.5281 12.16 
0.315 2 2 2 -4.0 -4.0 -1.497 -1.554 0.5281 0.3936 12.17 
0.316 2 2 2 -4.0 -4.0 -1.345 -1.572 0.4667 0.3683 12.17 
0.317 2 2 2 -4.0 -4.0 -1.205 -1.601 0.3860 0.3683 12.18 
0.318 2 2 2 -4.0 -4.0 -1.262 -1.694 0.3237 0.3430 12.19 
0.319 2 2 2 -4.0 -4.0 -1.268 -1.500 0.3237 0.2145 12.18 
0.320 2 2 2 -4.0 -4.0 -1.363 -1.412 0.2639 0.2145 12.16 
0.321 2 2 2 -4.0 -4.0 -1.264 -1.435 0.2510 0.1976 12.15 
0.322 2 2 2 -4.0 -4.0 -1.232 -1.302 0.1586 0.1325 12.15 
0.323 2 2 2 -4.0 -4.0 -1.361 -1.238 0.1586 0.0996 12.16 
0.324 2 2 2 -4.0 -4.0 -1.214 -1.221 0.1586 0.0795 12.17 
0.325 2 2 2 -4.0 -4.0 -1.127 -1.302 0.1305 0.0663 12.19 
0.326 2 2 2 -4.0 -4.0 -1.251 -1.151 -0.0988 0.0570 12.20 
0.327 2 2 2 -4.0 -4.0 -1.044 -1.110 -0.0988 0.0498 12.20 
0.328 2 2 2 -4.0 -4.0 -0.985 -1.205 -0.0988 -0.0466 12.20 
0.329 2 2 2 -4.0 -4.0 -1.066 -1.052 -0.1538 -0.0466 12.21 
0.330 2 2 2 -4.0 -4.0 -0.962 -1.002 -0.1538 -0.1807 12.21 
0.331 2 2 2 -4.0 -4.0 -0.864 -0.991 -0.2374 -0.1807 12.21 
0.332 2 2 2 -4.0 -4.0 -0.965 -1.048 -0.2747 -0.2787 12.20 
0.333 2 2 2 -4.0 -4.0 -0.888 -0.970 -0.3317 -0.2868 12.22 
0.334 2 2 2 -4.0 -4.0 -0.718 -0.887 -0.3317 -0.3064 12.22 
0.335 2 2 2 -4.0 -4.0 -0.816 -0.907 -0.3374 -0.3064 12.22 
0.336 2 2 2 -4.0 -4.0 -0.704 -0.998 -0.3860 -0.3976 12.22 
0.337 2 2 2 -4.0 -4.0 -0.652 -0.783 -0.4016 -0.4056 12.22 
0.338 2 2 2 -4.0 -4.0 -0.775 -0.728 -0.4137 -0.4056 12.23 
0.339 2 2 2 -4.0 -4.0 -0.702 -0.721 -0.4410 -0.4269 12.23 
0.340 2 2 2 -4.0 -4.0 -0.651 -0.806 -0.4723 -0.4462 12.24 
0.341 2 2 2 -4.0 -4.0 -0.652 -0.705 -0.4896 -0.4667 12.24 
0.342 2 2 2 -4.0 -4.0 -0.596 -0.682 -0.4723 -0.5020 12.24 
0.343 2 2 2 -4.0 -4.0 -0.759 -0.683 -0.5213 -0.5354 12.24 
0.344 2 2 2 -4.0 -4.0 -0.651 -0.728 -0.5426 -0.5426 12.25 
0.345 2 2 2 -4.0 -4.0 -0.572 -0.603 -0.5820 -0.5655 12.24 
0.346 2 2 2 -4.0 -4.0 -0.621 -0.546 -0.6085 -0.5655 12.24 
0.347 2 2 2 -4.0 -4.0 -0.538 -0.524 -0.6085 -0.5992 12.25 
0.348 2 2 2 -4.0 -4.0 -0.615 -0.644 -0.6177 -0.6085 12.25 
0.349 2 2 2 -4.0 -4.0 -0.589 -0.499 -0.6374 -0.6273 12.24 
0.350 2 2 2 -4.0 -4.0 -0.523 -0.482 -0.6583 -0.6273 12.24 
0.351 2 2 2 -4.0 -4.0 -0.580 -0.489 -0.6474 -0.6583 12.24 
0.352 2 2 2 -4.0 -4.0 -0.458 -0.593 -0.6804 -0.6474 12.25 
0.353 2 2 2 -4.0 -4.0 -0.576 -0.471 -0.6924 -0.6583 12.25 
0.354 2 2 2 -4.0 -4.0 -0.483 -0.432 -0.7169 -0.6804 12.25 
0.355 2 2 2 -4.0 -4.0 -0.560 -0.384 -0.7302 -0.6691 12.26 
0.356 2 2 2 -4.0 -4.0 -0.470 -0.512 -0.7434 -0.7302 12.26 
0.357 2 2 2 -4.0 -4.0 -0.423 -0.431 -0.7575 -0.6691 12.27 
0.358 2 2 2 -4.0 -4.0 -0.386 -0.439 -0.7575 -0.7169 12.27 
0.359 2 2 2 -4.0 -4.0 -0.343 -0.386 -0.7723 -0.7575 12.28 
0.360 2 2 2 -4.0 -4.0 -0.485 -0.525 -0.7872 -0.7575 12.27 
0.361 2 2 2 -4.0 -4.0 -0.428 -0.420 -0.7872 -0.7434 12.26 
0.362 2 2 2 -4.0 -4.0 -0.542 -0.415 -0.8032 -0.7434 12.26 
0.363 2 2 2 -4.0 -4.0 -0.465 -0.386 -0.8366 -0.7575 12.26 
0.364 2 2 2 -4.0 -4.0 -0.425 -0.458 -0.8366 -0.7575 12.25 
0.365 2 2 2 -4.0 -4.0 -0.351 -0.390 -0.8366 -0.7723 12.26 
0.366 2 2 2 -4.0 -4.0 -0.352 -0.375 -0.8543 -0.7723 12.26 
0.367 2 2 2 -4.0 -4.0 -0.301 -0.332 -0.8543 -0.8032 12.26 
0.368 2 2 2 -4.0 -4.0 -0.252 -0.375 -0.8924 -0.8032 12.26 
0.369 2 2 2 -4.0 -4.0 -0.437 -0.378 -0.8543 -0.8193 12.26 
0.370 2 2 2 -4.0 -4.0 -0.405 -0.316 -0.9125 -0.8366 12.27 
0.371 2 2 2 -4.0 -4.0 -0.486 -0.376 -0.9338 -0.8366 12.27 
0.372 2 2 2 -4.0 -4.0 -0.409 -0.380 -0.9338 -0.8366 12.27 
0.373 2 2 2 -4.0 -4.0 -0.319 -0.337 -0.9125 -0.8543 12.27 
0.374 2 2 2 -4.0 -4.0 -0.303 -0.302 -0.9338 -0.8543 12.27 
0.375 2 2 2 -4.0 -4.0 -0.314 -0.293 -0.9338 -0.8543 12.27 
0.376 2 2 2 -4.0 -4.0 -0.322 -0.297 -0.9559 -0.8924 12.26 
0.377 2 2 2 -4.0 -4.0 -0.292 -0.310 -0.9796 -0.8727 12.28 
0.378 2 2 2 -4.0 -4.0 -0.353 -0.299 -0.9796 -0.8924 12.27 
0.379 2 2 2 -4.0 -4.0 -0.304 -0.306 -0.9796 -0.8366 12.27 
0.380 2 2 2 -4.0 -4.0 -0.314 -0.309 -0.9796 -0.8924 12.26 
0.381 2 2 2 -4.0 -4.0 -0.262 -0.249 -0.9796 -0.8366 12.27 
0.382 2 2 2 -4.0 -4.0 -0.204 -0.268 -0.9796 -0.8727 12.27 
0.383 2 2 2 -4.0 -4.0 -0.276 -0.325 -0.9796 -0.9125 12.27 
0.384 2 2 2 -4.0 -4.0 -0.252 -0.319 -1.0041 -0.9338 12.29 
0.385 2 2 2 -4.0 -4.0 -0.370 -0.297 -1.0041 -0.9338 12.28 
0.386 2 2 2 -4.0 -4.0 -0.268 -0.267 -1.0298 -0.9338 12.28 
0.387 2 2 2 -4.0 -4.0 -0.329 -0.280 -1.0041 -0.9796 12.28 
0.388 2 2 2 -4.0 -4.0 -0.356 -0.232 -1.0567 -0.9338 12.27 
0.389 2 2 2 -4.0 -4.0 -0.333 -0.270 -1.0298 -0.9559 12.27 
0.390 2 2 2 -4.0 -4.0 -0.284 -0.273 -1.0567 -0.9338 12.27 
0.391 2 2 2 -4.0 -4.0 -0.183 -0.281 -1.0567 -0.9338 12.28 
0.392 2 2 2 -4.0 -4.0 -0.281 -0.277 -1.0567 -0.9559 12.27 
0.393 2 2 2 -4.0 -4.0 -0.224 -0.230 -1.0567 -0.9559 12.28 
0.394 2 2 2 -4.0 -4.0 -0.257 -0.244 -1.0567 -0.9559 12.28 
0.395 2 2 2 -4.0 -4.0 -0.227 -0.187 -1.0567 -0.9559 12.28 
0.396 2 2 2 -4.0 -4.0 -0.308 -0.196 -1.0852 -0.9559 12.27 
0.397 2 2 2 -4.0 -4.0 -0.255 -0.239 -1.0852 -0.9559 12.28 
0.398 2 2 2 -4.0 -4.0 -0.263 -0.234 -1.0852 -0.9796 12.28 
0.399 2 2 2 -4.0 -4.0 -0.205 -0.234 -1.0567 -1.0041 12.28 
0.400 2 2 2 -4.0 -4.0 -0.295 -0.222 -1.0852 -0.9796 12.28 
0.401 2 2 2 -4.0 -4.0 -0.306 -0.196 -1.0298 -1.0041 12.28 
0.402 2 2 2 -4.0 -4.0 -0.344 -0.207 -1.0852 -0.9796 12.28 
0.403 2 2 2 -4.0 -4.0 -0.217 -0.281 -1.0852 -1.0041 12.27 
0.404 2 2 2 -4.0 -4.0 -0.174 -0.264 -1.0852 -1.0041 12.28 
0.405 2 2 2 -4.0 -4.0 -0.148 -0.215 -1.1153 -1.0041 12.26 
0.406 2 2 2 -4.0 -4.0 -0.152 -0.268 -1.1153 -1.0041 12.27 
0.407 2 2 2 -4.0 -4.0 -0.168 -0.242 -1.0041 -0.9796 12.28 
0.408 2 2 2 -4.0 -4.0 -0.143 -0.226 -1.1153 -1.0041 12.27 
0.409 2 2 2 -4.0 -4.0 -0.233 -0.193 -1.1153 -1.0298 12.28 
0.410 2 2 2 -4.0 -4.0 -0.232 -0.239 -1.1474 -1.0041 12.27 
0.411 2 2 2 -4.0 -4.0 -0.242 -0.203 -1.1153 -1.0041 12.28 
0.412 2 2 2 -4.0 -4.0 -0.237 -0.233 -1.1474 -1.0298 12.26 
0.413 2 2 2 -4.0 -4.0 -0.239 -0.200 -1.1474 -1.0298 12.28 
0.414 2 2 2 -4.0 -4.0 -0.163 -0.196 -1.1474 -1.0298 12.28 
0.415 2 2 2 -4.0 -4.0 -0.107 -0.175 -1.1474 -1.0298 12.29 
0.416 2 2 2 -4.0 -4.0 -0.141 -0.200 -1.1474 -1.0298 12.29 
0.417 2 2 2 -4.0 -4.0 -0.154 -0.205 -1.1474 -1.0567 12.29 
0.418 2 2 2 -4.0 -4.0 -0.133 -0.181 -1.1474 -1.0567 12.29 
0.419 2 2 2 -4.0 -4.0 -0.097 -0.186 -1.1474 -1.0852 12.29 
0.420 2 2 2 -4.0 -4.0 -0.145 -0.207 -1.1474 -1.0852 12.29 
0.421 2 2 2 -4.0 -4.0 -0.138 -0.196 -1.1474 -1.0298 12.29 
0.422 2 2 2 -4.0 -4.0 -0.192 -0.199 -1.1474 -1.0298 12.28 
0.423 2 2 2 -4.0 -4.0 -0.122 -0.212 -1.1153 -1.0567 12.28 
0.424 2 2 2 -4.0 -4.0 -0.179 -0.216 -1.1812 -1.0567 12.29 
0.425 2 2 2 -4.0 -4.0 -0.228 -0.202 -1.1474 -1.0567 12.29 
0.426 2 2 2 -4.0 -4.0 -0.219 -0.222 -1.1812 -1.0298 12.30 
0.427 2 2 2 -4.0 -4.0 -0.195 -0.212 -1.1812 -1.0567 12.30 
0.428 2 2 2 -4.0 -4.0 -0.255 -0.193 -1.1812 -1.0567 12.29 
0.429 2 2 2 -4.0 -4.0 -0.177 -0.241 -1.1812 -1.0298 12.28 
0.430 2 2 2 -4.0 -4.0 -0.148 -0.212 -1.1812 -1.0298 12.28 
0.431 2 2 2 -4.0 -4.0 -0.086 -0.196 -1.1812 -1.0567 12.28 
0.432 2 2 2 -4.0 -4.0 -0.073 -0.195 -1.1812 -1.0567 12.28 
0.433 2 2 2 -4.0 -4.0 -0.096 -0.157 -1.1812 -1.0567 12.29 
0.434 2 2 2 -4.0 -4.0 -0.115 -0.158 -1.1812 -1.0567 12.29 
0.435 2 2 2 -4.0 -4.0 -0.056 -0.199 -1.1812 -1.0567 12.29 
0.436 2 2 2 -4.0 -4.0 -0.105 -0.200 -1.1812 -1.0567 12.29 
0.437 2 2 2 -4.0 -4.0 -0.129 -0.176 -1.1812 -1.0567 12.30 
0.438 2 2 2 -4.0 -4.0 -0.154 -0.154 -1.1812 -0.9559 12.28 
0.439 2 2 2 -4.0 -4.0 -0.177 -0.169 -1.1812 -1.0852 12.29 
0.440 2 2 2 -4.0 -4.0 -0.083 -0.143 -1.1812 -1.0567 12.30 
0.441 2 2 2 -4.0 -4.0 -0.117 -0.196 -1.2169 -1.0567 12.30 
0.442 2 2 2 -4.0 -4.0 -0.132 -0.220 -1.1812 -1.0852 12.29 
0.443 2 2 2 -4.0 -4.0 -0.066 -0.196 -1.2169 -1.0852 12.30 
0.444 2 2 2 -4.0 -4.0 -0.055 -0.226 -1.2169 -1.0852 12.29 
0.445 2 2 2 -4.0 -4.0 -0.124 -0.201 -1.2169 -1.0852 12.29 
0.446 2 2 2 -4.0 -4.0 -0.081 -0.152 -1.2169 -1.0567 12.29 
0.447 2 2 2 -4.0 -4.0 -0.124 -0.123 -1.2169 -1.0852 12.28 
0.448 2 2 2 -4.0 -4.0 -0.115 -0.185 -1.2169 -1.0852 12.29 
0.449 2 2 2 -4.0 -4.0 -0.079 -0.181 -1.2169 -1.1153 12.29 
0.450 2 2 2 -4.0 -4.0 -0.133 -0.169 -1.2169 -1.1153 12.29 
0.451 2 2 2 -4.0 -4.0 -0.124 -0.186 -1.1812 -1.1153 12.29 
0.452 2 2 2 -4.0 -4.0 -0.104 -0.121 -1.2169 -1.0852 12.29 
0.453 2 2 3 0.0 0.0 -0.091 -0.150 -1.2169 -1.0852 12.29 
0.454 2 2 3 0.0 0.0 0.251 -0.101 -1.2169 -1.0852 12.31 
0.455 2 2 3 0.0 0.0 0.454 0.304 -1.1812 -1.0852 12.30 
0.456 2 2 3 0.0 0.0 0.538 0.616 -1.1812 -1.0852 12.31 
0.457 2 2 3 0.0 0.0 0.743 0.633 -1.1474 -1.0298 12.31 
0.458 2 2 3 0.0 0.0 0.679 0.734 -1.1474 -1.0298 12.31 
0.459 2 2 3 0.0 0.0 0.704 0.871 -1.1153 -0.9796 12.31 
0.460 2 2 3 0.0 0.0 0.780 0.766 -1.1153 -0.9559 12.31 
0.461 2 2 3 0.0 0.0 0.786 0.689 -1.0852 -0.9338 12.31 
0.462 2 2 3 0.0 0.0 0.673 0.754 -1.0567 -0.8543 12.32 
0.463 2 2 3 0.0 0.0 0.722 0.805 -1.0041 -0.8193 12.32 
0.464 2 2 3 0.0 0.0 0.736 0.648 -0.9559 -0.7434 12.30 
0.465 2 2 3 0.0 0.0 0.582 0.620 -0.9338 -0.7434 12.32 
0.466 2 2 3 0.0 0.0 0.596 0.679 -0.9125 -0.7434 12.31 
0.467 2 2 3 0.0 0.0 0.684 0.730 -0.8543 -0.6804 12.29 
0.468 2 2 3 0.0 0.0 0.657 0.633 -0.8193 -0.6691 12.30 
0.469 2 2 3 0.0 0.0 0.535 0.511 -0.7872 -0.6273 12.30 
0.470 2 2 3 0.0 0.0 0.504 0.551 -0.7434 -0.6085 12.29 
0.471 2 2 3 0.0 0.0 0.577 0.588 -0.7169 -0.5992 12.30 
0.472 2 2 3 0.0 0.0 0.575 0.641 -0.7169 -0.5992 12.30 
0.473 2 2 3 0.0 0.0 0.458 0.608 -0.6924 -0.5655 12.29 
0.474 2 2 3 0.0 0.0 0.418 0.479 -0.6691 -0.5426 12.30 
0.475 2 2 3 0.0 0.0 0.467 0.418 -0.6474 -0.5213 12.31 
0.476 2 2 3 0.0 0.0 0.496 0.450 -0.6374 -0.5081 12.31 
0.477 2 2 3 0.0 0.0 0.533 0.464 -0.6273 -0.4723 12.32 
0.478 2 2 3 0.0 0.0 0.481 0.515 -0.5904 -0.4562 12.32 
0.479 2 2 3 0.0 0.0 0.378 0.504 -0.5655 -0.4362 12.32 
0.480 2 2 3 0.0 0.0 0.363 0.451 -0.5655 -0.4016 12.32 
0.481 2 2 3 0.0 0.0 0.439 0.329 -0.5575 -0.3860 12.32 
0.482 2 2 3 0.0 0.0 0.473 0.248 -0.5149 -0.3615 12.32 
0.483 2 2 3 0.0 0.0 0.448 0.309 -0.5149 -0.3615 12.32 
0.484 2 2 3 0.0 0.0 0.386 0.355 -0.5081 -0.3550 12.31 
0.485 2 2 3 0.0 0.0 0.278 0.347 -0.4362 -0.3522 12.31 
0.486 2 2 3 0.0 0.0 0.303 0.336 -0.4269 -0.3064 12.31 
0.487 2 2 3 0.0 0.0 0.298 0.371 -0.4269 -0.2787 12.31 
0.488 2 2 3 0.0 0.0 0.339 0.336 -0.4317 -0.2659 12.31 
0.489 2 2 3 0.0 0.0 0.346 0.334 -0.4225 -0.2522 12.31 
0.490 2 2 3 0.0 0.0 0.319 0.291 -0.3936 -0.2522 12.31 
0.491 2 2 3 0.0 0.0 0.314 0.272 -0.3936 -0.2462 12.31 
0.492 2 2 3 0.0 0.0 0.309 0.236 -0.3651 -0.2345 12.32 
0.493 2 2 3 0.0 0.0 0.245 0.192 -0.3651 -0.2036 12.31 
0.494 2 2 3 0.0 0.0 0.224 0.183 -0.3289 -0.2036 12.32 
0.495 2 2 3 0.0 0.0 0.196 0.156 -0.3402 -0.1598 12.30 
0.496 2 2 3 0.0 0.0 0.237 0.181 -0.3064 -0.1598 12.31 
0.497 2 2 3 0.0 0.0 0.218 0.166 -0.3088 -0.1598 12.31 
0.498 2 2 3 0.0 0.0 0.233 0.164 -0.3088 -0.1357 12.31 
0.499 2 2 3 0.0 0.0 0.260 0.149 -0.2888 -0.1357 12.31 
0.500 2 2 3 0.0 0.0 0.204 0.151 -0.2731 -0.1357 12.32 
0.501 2 2 3 0.0 0.0 0.196 0.135 -0.2731 -0.1221 12.32 
0.502 2 2 3 0.0 0.0 0.220 0.109 -0.2402 -0.1040 12.31 
0.503 2 2 3 0.0 0.0 0.182 0.078 -0.2402 -0.1040 12.31 
0.504 2 2 3 0.0 0.0 0.131 0.082 -0.2434 -0.1040 12.32 
0.505 2 2 3 0.0 0.0 0.130 0.090 -0.2229 -0.1040 12.32 
0.506 2 2 3 0.0 0.0 0.202 0.067 -0.2229 -0.0904 12.32 
0.507 2 2 3 0.0 0.0 0.164 0.050 -0.2205 -0.0739 12.31 
0.508 2 2 3 0.0 0.0 0.151 0.066 -0.2205 -0.0623 12.31 
0.509 2 2 3 0.0 0.0 0.146 0.032 -0.1948 -0.0538 12.31 
0.510 2 2 3 0.0 0.0 0.157 0.006 -0.1948 -0.0474 12.31 
0.511 2 2 3 0.0 0.0 0.154 0.021 -0.1839 -0.0426 12.31 
0.512 2 2 3 0.0 0.0 0.120 0.002 -0.1839 -0.0382 12.31 
0.513 2 2 3 0.0 0.0 0.176 0.004 -0.1839 -0.0349 12.31 
0.514 2 2 3 0.0 0.0 0.183 -0.048 -0.1562 -0.0321 12.30 
0.515 2 2 3 0.0 0.0 0.150 -0.003 -0.1562 -0.0297 12.32 
0.516 2 2 3 0.0 0.0 0.141 0.002 -0.1562 -0.0277 12.32 
0.517 2 2 3 0.0 0.0 0.106 0.001 -0.1406 -0.0257 12.32 
0.518 2 2 3 0.0 0.0 0.105 -0.010 -0.1406 -0.0241 12.32 
0.519 2 2 3 0.0 0.0 0.068 -0.006 -0.1406 -0.0229 12.32 
0.520 2 2 3 0.0 0.0 0.064 -0.010 -0.1185 -0.0217 12.32 
0.521 2 2 3 0.0 0.0 0.070 0.009 -0.1185 -0.0205 12.33 
0.522 2 2 3 0.0 0.0 0.100 -0.018 -0.1185 -0.0193 12.32 
0.523 2 2 3 0.0 0.0 0.111 -0.034 -0.1185 -0.0185 12.32 
0.524 2 2 3 0.0 0.0 0.091 0.009 -0.1096 -0.0177 12.32 
0.525 2 2 3 0.0 0.0 0.067 0.005 -0.1096 -0.0169 12.30 
0.526 2 2 3 0.0 0.0 0.060 -0.006 -0.1096 -0.0161 12.30 
0.527 2 2 3 0.0 0.0 0.059 -0.016 -0.1096 -0.0157 12.32 
0.528 2 2 3 0.0 0.0 0.072 0.016 -0.0888 -0.0149 12.32 
0.529 2 2 3 0.0 0.0 0.047 0.002 -0.0888 -0.0145 12.32 
0.530 2 2 3 0.0 0.0 0.055 0.028 -0.0888 -0.0141 12.32 
0.531 2 2 3 0.0 0.0 0.038 0.023 -0.0888 -0.0133 12.32 
0.532 2 2 3 0.0 0.0 0.043 0.020 -0.0888 -0.0129 12.32 
0.533 2 2 3 0.0 0.0 0.037 0.026 -0.0795 -0.0125 12.33 
0.534 2 2 3 0.0 0.0 0.061 0.016 -0.0731 -0.0120 12.32 
0.535 2 2 3 0.0 0.0 0.043 -0.029 -0.0731 -0.0116 12.33 
0.536 2 2 3 0.0 0.0 0.050 -0.040 -0.0731 -0.0116 12.32 
0.537 2 2 3 0.0 0.0 0.074 -0.017 -0.0731 -0.0112 12.31 
0.538 2 2 3 0.0 0.0 0.040 -0.024 -0.0731 -0.0108 12.32 
0.539 2 2 3 0.0 0.0 0.009 0.006 -0.0719 -0.0104 12.32 
0.540 2 2 3 0.0 0.0 0.028 -0.036 -0.0606 -0.0104 12.32 
0.541 2 2 3 0.0 0.0 0.036 -0.010 -0.0526 -0.0100 12.32 
0.542 2 2 3 0.0 0.0 0.030 -0.014 -0.0466 -0.0096 12.32 
0.543 2 2 3 0.0 0.0 0.030 0.016 -0.0418 -0.0096 12.32 
0.544 2 2 3 0.0 0.0 0.021 0.006 -0.0378 -0.0092 12.32 
0.545 2 2 3 0.0 0.0 0.018 0.017 -0.0345 -0.0092 12.32 
0.546 2 2 3 0.0 0.0 0.026 -0.024 -0.0341 -0.0088 12.32 
0.547 2 2 3 0.0 0.0 0.040 -0.002 -0.0341 -0.0088 12.32 
0.548 2 2 3 0.0 0.0 0.030 0.024 -0.0341 -0.0084 12.32 
0.549 2 2 3 0.0 0.0 0.004 0.028 -0.0341 -0.0084 12.31 
0.550 2 2 3 0.0 0.0 0.002 -0.009 -0.0341 -0.0080 12.32 
0.551 2 2 3 0.0 0.0 -0.045 -0.003 -0.0341 -0.0080 12.32 
0.552 2 2 3 0.0 0.0 -0.029 -0.012 -0.0341 -0.0076 12.32 
0.553 2 2 3 0.0 0.0 0.017 0.003 -0.0341 -0.0076 12.32 
0.554 2 2 3 0.0 0.0 0.002 0.009 -0.0341 -0.0076 12.32 
0.555 2 2 3 0.0 0.0 -0.022 0.005 -0.0341 -0.0072 12.33 
0.556 2 2 3 0.0 0.0 0.011 0.006 -0.0341 -0.0072 12.33 
0.557 2 2 3 0.0 0.0 0.015 -0.006 -0.0337 -0.0072 12.33 
0.558 2 2 3 0.0 0.0 -0.019 0.010 -0.0309 -0.0068 12.33 
0.559 2 2 3 0.0 0.0 0.007 0.009 -0.0289 -0.0068 12.33 
0.560 2 2 3 0.0 0.0 -0.000 0.010 -0.0269 -0.0068 12.32 
0.561 2 2 3 0.0 0.0 -0.009 -0.005 -0.0253 -0.0064 12.32 
0.562 2 2 3 0.0 0.0 0.058 0.013 -0.0237 -0.0064 12.32 
0.563 2 2 3 0.0 0.0 -0.001 -0.010 -0.0225 -0.0064 12.32 
0.564 2 2 3 0.0 0.0 -0.029 -0.017 -0.0213 -0.0064 12.32 
0.565 2 2 3 0.0 0.0 -0.023 -0.011 -0.0201 -0.0060 12.32 
0.566 2 2 3 0.0 0.0 -0.017 0.040 -0.0189 -0.0060 12.32 
0.567 2 2 3 0.0 0.0 -0.007 -0.000 -0.0181 -0.0060 12.32 
0.568 2 2 3 0.0 0.0 -0.005 0.025 -0.0173 -0.0060 12.32 
0.569 2 2 3 0.0 0.0 0.005 -0.005 -0.0165 -0.0056 12.32 
0.570 2 2 3 0.0 0.0 0.013 -0.017 -0.0161 -0.0056 12.32 
0.571 2 2 3 0.0 0.0 -0.002 -0.020 -0.0153 -0.0056 12.33 
0.572 2 2 3 0.0 0.0 -0.002 -0.017 -0.0149 -0.0056 12.32 
0.573 2 2 3 0.0 0.0 0.049 -0.025 -0.0141 -0.0052 12.33 
0.574 2 2 3 0.0 0.0 0.015 0.002 -0.0137 -0.0052 12.32 
0.575 2 2 3 0.0 0.0 -0.010 -0.000 -0.0133 -0.0052 12.33 
0.576 2 2 3 0.0 0.0 0.028 0.002 -0.0129 -0.0052 12.32 
0.577 2 2 3 0.0 0.0 -0.003 -0.006 -0.0125 -0.0052 12.32 
0.578 2 2 3 0.0 0.0 0.025 -0.002 -0.0120 -0.0052 12.32 
0.579 2 2 3 0.0 0.0 0.016 -0.006 -0.0116 -0.0048 12.32 
0.580 2 2 3 0.0 0.0 -0.024 0.006 -0.0112 -0.0048 12.32 
0.581 2 2 3 0.0 0.0 0.003 -0.009 -0.0108 -0.0048 12.32 
0.582 2 2 3 0.0 0.0 -0.022 0.006 -0.0108 -0.0048 12.32 
0.583 2 2 3 0.0 0.0 -0.002 0.017 -0.0104 -0.0048 12.32 
0.584 2 2 3 0.0 0.0 0.002 0.001 -0.0100 -0.0048 12.32 
0.585 2 2 3 0.0 0.0 0.002 0.024 -0.0100 -0.0044 12.32 
0.586 2 2 3 0.0 0.0 0.013 -0.017 -0.0096 -0.0044 12.32 
0.587 2 2 3 0.0 0.0 0.028 -0.002 -0.0092 -0.0044 12.31 
0.588 2 2 3 0.0 0.0 0.018 -0.004 -0.0092 -0.0044 12.31 
0.589 2 2 3 0.0 0.0 -0.010 0.002 -0.0088 -0.0044 12.31 
0.590 2 2 3 0.0 0.0 -0.010 -0.003 -0.0088 -0.0044 12.32 
0.591 2 2 3 0.0 0.0 -0.013 0.016 -0.0084 -0.0044 12.32 
0.592 2 2 3 0.0 0.0 0.028 0.005 -0.0084 -0.0044 12.32 
0.593 2 2 3 0.0 0.0 -0.013 -0.012 -0.0080 -0.0040 12.32 
0.594 2 2 3 0.0 0.0 -0.003 0.002 -0.0080 -0.0040 12.32 
0.595 2 2 3 0.0 0.0 -0.006 -0.013 -0.0080 -0.0040 12.33 
0.596 2 2 3 0.0 0.0 0.004 0.003 -0.0076 -0.0040 12.33 
0.597 2 2 3 0.0 0.0 -0.013 -0.032 -0.0076 -0.0040 12.32 
0.598 2 2 3 0.0 0.0 0.021 -0.021 -0.0072 -0.0040 12.32 
0.599 2 2 3 0.0 0.0 0.023 0.009 -0.0072 -0.0040 12.33 
0.600 2 2 3 0.0 0.0 0.002 0.011 -0.0072 -0.0040 12.33 
0.601 2 2 3 0.0 0.0 0.001 -0.045 -0.0068 -0.0040 12.33 
0.602 2 2 3 0.0 0.0 0.025 0.008 -0.0068 -0.0036 12.33 
0.603 2 2 3 0.0 0.0 0.038 -0.000 -0.0068 -0.0036 12.32 
0.604 2 2 3 0.0 0.0 0.028 -0.006 -0.0064 -0.0036 12.32 
0.605 2 2 3 0.0 0.0 0.015 0.028 -0.0064 -0.0036 12.32 
0.606 2 2 3 0.0 0.0 -0.031 0.013 -0.0064 -0.0036 12.32 
0.607 2 2 3 0.0 0.0 -0.004 0.024 -0.0064 -0.0036 12.33 
0.608 2 2 3 0.0 0.0 0.018 0.002 -0.0060 -0.0036 12.33 
0.609 2 2 3 0.0 0.0 0.001 -0.002 -0.0060 -0.0036 12.33 
0.610 2 2 3 0.0 0.0 0.022 -0.001 -0.0060 -0.0036 12.33 
0.611 2 2 3 0.0 0.0 0.032 -0.011 -0.0060 -0.0036 12.33 
0.612 2 2 3 0.0 0.0 0.011 -0.005 -0.0056 -0.0036 12.33 
0.613 2 2 3 0.0 0.0 -0.010 0.009 -0.0056 -0.0032 12.33 
0.614 2 2 3 0.0 0.0 0.027 -0.017 -0.0056 -0.0032 12.32 
0.615 2 2 3 0.0 0.0 -0.003 -0.029 -0.0056 -0.0032 12.32 
0.616 2 2 3 0.0 0.0 0.019 -0.041 -0.0056 -0.0032 12.33 
0.617 2 2 3 0.0 0.0 0.025 -0.108 -0.0052 -0.0032 12.31 
0.618 2 2 3 0.0 0.0 -0.006 -0.055 -0.0052 -0.0032 12.32 
0.619 2 2 3 0.0 0.0 0.009 -0.036 -0.0052 -0.0032 12.33 
0.620 2 2 3 0.0 0.0 0.012 0.002 -0.0052 -0.0032 12.32 
0.621 2 2 3 0.0 0.0 0.042 -0.005 -0.0052 -0.0032 12.33 
0.622 2 2 3 0.0 0.0 0.021 0.017 -0.0052 -0.0032 12.32 
0.623 2 2 3 0.0 0.0 0.024 0.018 -0.0048 -0.0032 12.32 
0.624 2 2 3 0.0 0.0 0.029 -0.020 -0.0048 -0.0032 12.32 
0.625 2 2 3 0.0 0.0 0.029 0.001 -0.0048 -0.0032 12.32 
0.626 2 2 3 0.0 0.0 0.016 -0.009 -0.0048 -0.0032 12.33 
0.627 2 2 3 0.0 0.0 -0.039 -0.009 -0.0048 -0.0028 12.32 
0.628 2 2 3 0.0 0.0 0.004 -0.009 -0.0048 -0.0028 12.31 
0.629 2 2 3 0.0 0.0 0.010 -0.025 -0.0044 -0.0028 12.31 
0.630 2 2 3 0.0 0.0 -0.008 -0.006 -0.0044 -0.0028 12.31 
0.631 2 2 3 0.0 0.0 -0.008 -0.008 -0.0044 -0.0028 12.32 
0.632 2 2 3 0.0 0.0 0.013 0.013 -0.0044 -0.0028 12.32 
0.633 2 2 3 0.0 0.0 0.014 0.011 -0.0044 -0.0028 12.32 
0.634 2 2 3 0.0 0.0 -0.008 0.029 -0.0044 -0.0028 12.32 
0.635 2 2 3 0.0 0.0 0.019 0.006 -0.0044 -0.0028 12.33 
0.636 2 2 3 0.0 0.0 0.030 0.028 -0.0044 -0.0028 12.33 
0.637 2 2 3 0.0 0.0 0.010 0.013 -0.0040 -0.0028 12.33 
0.638 2 2 3 0.0 0.0 0.002 0.008 -0.0040 -0.0028 12.32 
0.639 2 2 3 0.0 0.0 0.006 -0.009 -0.0040 -0.0028 12.32 
0.640 2 2 3 0.0 0.0 0.024 0.007 -0.0040 -0.0028 12.33 
0.641 2 2 3 0.0 0.0 0.024 0.003 -0.0040 -0.0028 12.33 
0.642 2 2 3 0.0 0.0 -0.001 0.017 -0.0040 -0.0028 12.33 
0.643 2 2 3 0.0 0.0 0.021 0.009 -0.0040 -0.0028 12.31 
0.644 2 2 3 0.0 0.0 0.002 0.011 -0.0040 -0.0028 12.31 
0.645 2 2 3 0.0 0.0 -0.021 0.012 -0.0040 -0.0024 12.32 
0.646 2 2 3 0.0 0.0 -0.022 0.004 -0.0036 -0.0024 12.32 
0.647 2 2 3 0.0 0.0 -0.004 0.006 -0.0036 -0.0024 12.31 
0.648 2 2 3 0.0 0.0 0.017 0.044 -0.0036 -0.0024 12.32 
0.649 2 2 3 0.0 0.0 -0.000 0.013 -0.0036 -0.0024 12.32 
0.650 2 2 3 0.0 0.0 0.008 0.035 -0.0036 -0.0024 12.32 
0.651 2 2 3 0.0 0.0 0.013 0.031 -0.0036 -0.0024 12.32 
0.652 2 2 3 0.0 0.0 0.011 -0.003 -0.0036 -0.0024 12.32 
0.653 2 2 3 0.0 0.0 0.021 -0.006 -0.0036 -0.0024 12.33 
0.654 2 2 3 0.0 0.0 0.031 -0.022 -0.0036 -0.0024 12.32 
0.655 2 2 3 0.0 0.0 0.042 0.002 -0.0036 -0.0024 12.33 
0.656 2 2 3 0.0 0.0 0.027 0.013 -0.0036 -0.0024 12.32 
0.657 2 2 3 0.0 0.0 -0.009 0.035 -0.0032 -0.0024 12.32 
0.658 2 2 3 0.0 0.0 -0.003 0.033 -0.0032 -0.0024 12.32 
0.659 2 2 3 0.0 0.0 -0.012 0.026 -0.0032 -0.0024 12.32 
0.660 2 2 3 0.0 0.0 -0.023 0.009 -0.0032 -0.0024 12.33 
0.661 2 2 3 0.0 0.0 0.002 0.027 -0.0032 -0.0024 12.32 
0.662 2 2 3 0.0 0.0 -0.020 0.020 -0.0032 -0.0024 12.33 
0.663 2 2 3 0.0 0.0 -0.002 -0.035 -0.0032 -0.0024 12.32 
0.664 2 2 3 0.0 0.0 -0.011 -0.029 -0.0032 -0.0024 12.32 
0.665 2 2 3 0.0 0.0 0.050 -0.004 -0.0032 -0.0024 12.33 
