%% logfile from robot Anna (7)
% Anna (7)
%  1    time 0.000 sec
%  2  3  4   (mission 0), state 2, thread 2, line 0
%  5  6 Motor voltage [V] left, right: 2.0 2.0
%  7  8 Motor current left, right [A]: 0.068 0.062
%  9 10 Wheel velocity [m/s] left, right: 0.0000 -0.0000
% 11    Battery voltage [V]: 12.35
0.001 2 2 0 2.0 2.0 0.043 0.016 0.0000 -0.0000 12.35 
0.002 2 2 0 2.0 2.0 0.215 0.151 0.0000 -0.0000 12.34 
0.003 2 2 0 2.0 2.0 0.331 0.321 0.0000 -0.0000 12.34 
0.004 2 2 0 2.0 2.0 0.393 0.427 0.0000 -0.0000 12.33 
0.005 2 2 0 2.0 2.0 0.424 0.454 0.0000 -0.0000 12.33 
0.006 2 2 0 2.0 2.0 0.429 0.475 0.0000 -0.0000 12.34 
0.007 2 2 0 2.0 2.0 0.421 0.473 0.0000 -0.0000 12.33 
0.008 2 2 0 2.0 2.0 0.411 0.459 0.0000 -0.0000 12.33 
0.009 2 2 0 2.0 2.0 0.401 0.447 0.0000 -0.0000 12.33 
0.010 2 2 0 2.0 2.0 0.399 0.436 0.0000 0.0000 12.34 
0.011 2 2 0 2.0 2.0 0.374 0.411 0.0000 0.0000 12.34 
0.012 2 2 0 2.0 2.0 0.324 0.401 0.0000 0.0000 12.34 
0.013 2 2 0 2.0 2.0 0.344 0.388 0.0831 0.1189 12.34 
0.014 2 2 0 2.0 2.0 0.345 0.359 0.0831 0.1189 12.34 
0.015 2 2 0 2.0 2.0 0.352 0.366 0.0831 0.1189 12.33 
0.016 2 2 0 2.0 2.0 0.354 0.353 0.1217 0.1566 12.33 
0.017 2 2 0 2.0 2.0 0.344 0.360 0.1217 0.1566 12.34 
0.018 2 2 0 2.0 2.0 0.338 0.366 0.1217 0.1735 12.34 
0.019 2 2 0 2.0 2.0 0.346 0.337 0.1422 0.1735 12.34 
0.020 2 2 0 2.0 2.0 0.326 0.298 0.1422 0.1723 12.34 
0.021 2 2 0 2.0 2.0 0.327 0.298 0.1422 0.1671 12.34 
0.022 2 2 0 2.0 2.0 0.300 0.301 0.1611 0.1671 12.34 
0.023 2 2 0 2.0 2.0 0.290 0.297 0.1611 0.1988 12.33 
0.024 2 2 0 2.0 2.0 0.278 0.296 0.1715 0.1988 12.34 
0.025 2 2 0 2.0 2.0 0.282 0.261 0.1715 0.1940 12.34 
0.026 2 2 0 2.0 2.0 0.271 0.246 0.2056 0.1940 12.34 
0.027 2 2 0 2.0 2.0 0.263 0.213 0.2056 0.2133 12.34 
0.028 2 2 0 2.0 2.0 0.227 0.233 0.1928 0.2056 12.34 
0.029 2 2 0 2.0 2.0 0.211 0.252 0.1928 0.2028 12.33 
0.030 2 2 0 2.0 2.0 0.207 0.277 0.2229 0.2333 12.34 
0.031 2 2 0 2.0 2.0 0.214 0.275 0.2229 0.2333 12.34 
0.032 2 2 0 2.0 2.0 0.203 0.280 0.2434 0.2321 12.34 
0.033 2 2 0 2.0 2.0 0.224 0.311 0.2418 0.2321 12.34 
0.034 2 2 0 2.0 2.0 0.239 0.271 0.2418 0.2522 12.34 
0.035 2 2 0 2.0 2.0 0.234 0.249 0.2080 0.2462 12.34 
0.036 2 2 0 2.0 2.0 0.230 0.277 0.2080 0.2462 12.33 
0.037 2 2 0 2.0 2.0 0.236 0.289 0.2478 0.2675 12.33 
0.038 2 2 0 2.0 2.0 0.231 0.282 0.2446 0.2538 12.34 
0.039 2 2 0 2.0 2.0 0.246 0.295 0.2446 0.2538 12.34 
0.040 2 2 0 2.0 2.0 0.249 0.290 0.2767 0.2807 12.33 
0.041 2 2 0 2.0 2.0 0.231 0.274 0.2952 0.2807 12.33 
0.042 2 2 0 2.0 2.0 0.222 0.256 0.2952 0.2996 12.34 
0.043 2 2 0 2.0 2.0 0.233 0.241 0.2888 0.2996 12.34 
0.044 2 2 0 2.0 2.0 0.209 0.244 0.2747 0.2848 12.34 
0.045 2 2 0 2.0 2.0 0.192 0.229 0.3040 0.3064 12.34 
0.046 2 2 0 2.0 2.0 0.189 0.233 0.3040 0.3064 12.34 
0.047 2 2 0 2.0 2.0 0.180 0.203 0.3064 0.2952 12.34 
0.048 2 2 0 2.0 2.0 0.160 0.180 0.3016 0.3185 12.33 
0.049 2 2 0 2.0 2.0 0.156 0.197 0.2972 0.3161 12.33 
0.050 2 2 0 2.0 2.0 0.148 0.209 0.2972 0.3185 12.34 
0.051 2 2 0 2.0 2.0 0.157 0.166 0.3237 0.3185 12.33 
0.052 2 2 0 2.0 2.0 0.146 0.146 0.2928 0.3289 12.33 
0.053 2 2 0 2.0 2.0 0.134 0.146 0.3213 0.3265 12.34 
0.054 2 2 0 2.0 2.0 0.129 0.157 0.3213 0.2908 12.34 
0.055 2 2 0 2.0 2.0 0.124 0.188 0.3317 0.3317 12.34 
0.056 2 2 0 2.0 2.0 0.155 0.182 0.3317 0.3317 12.34 
0.057 2 2 0 2.0 2.0 0.160 0.201 0.3064 0.3088 12.34 
0.058 2 2 0 2.0 2.0 0.173 0.214 0.3213 0.3374 12.33 
0.059 2 2 0 2.0 2.0 0.180 0.215 0.3213 0.3265 12.34 
0.060 2 2 0 2.0 2.0 0.177 0.208 0.3064 0.3346 12.34 
0.061 2 2 0 2.0 2.0 0.186 0.188 0.3430 0.3346 12.33 
0.062 2 2 0 2.0 2.0 0.175 0.178 0.3185 0.3137 12.33 
0.063 2 2 0 2.0 2.0 0.179 0.164 0.3402 0.3462 12.34 
0.064 2 2 0 2.0 2.0 0.179 0.175 0.3113 0.3374 12.33 
0.065 2 2 0 2.0 2.0 0.169 0.182 0.3113 0.3522 12.34 
0.066 2 2 0 2.0 2.0 0.167 0.172 0.3550 0.3213 12.34 
0.067 2 2 0 2.0 2.0 0.158 0.174 0.3683 0.3582 12.34 
0.068 2 2 0 2.0 2.0 0.155 0.180 0.3490 0.3582 12.34 
0.069 2 2 0 2.0 2.0 0.150 0.166 0.3237 0.3402 12.34 
0.070 2 2 0 2.0 2.0 0.146 0.164 0.3683 0.3582 12.34 
0.071 2 2 0 2.0 2.0 0.158 0.152 0.3683 0.3237 12.34 
0.072 2 2 0 2.0 2.0 0.139 0.135 0.3683 0.3615 12.34 
0.073 2 2 0 2.0 2.0 0.132 0.112 0.3522 0.3374 12.33 
0.074 2 2 0 2.0 2.0 0.113 0.129 0.3161 0.3683 12.33 
0.075 2 2 0 2.0 2.0 0.120 0.135 0.3787 0.3582 12.33 
0.076 2 2 0 2.0 2.0 0.089 0.169 0.3715 0.3462 12.34 
0.077 2 2 0 2.0 2.0 0.101 0.172 0.3683 0.3651 12.33 
0.078 2 2 0 2.0 2.0 0.114 0.165 0.3289 0.3462 12.34 
0.079 2 2 0 2.0 2.0 0.111 0.167 0.3823 0.3651 12.33 
0.080 2 2 0 2.0 2.0 0.135 0.185 0.3683 0.3113 12.34 
0.081 2 2 0 2.0 2.0 0.146 0.199 0.3787 0.3751 12.33 
0.082 2 2 0 2.0 2.0 0.153 0.179 0.3490 0.3936 12.33 
0.083 2 2 0 2.0 2.0 0.149 0.172 0.3860 0.3787 12.33 
0.084 2 2 0 2.0 2.0 0.154 0.184 0.3860 0.3462 12.33 
0.085 2 2 0 2.0 2.0 0.146 0.151 0.3683 0.3374 12.34 
0.086 2 2 0 2.0 2.0 0.123 0.140 0.3751 0.3823 12.34 
0.087 2 2 0 2.0 2.0 0.127 0.142 0.3582 0.3615 12.34 
0.088 2 2 0 2.0 2.0 0.117 0.133 0.3936 0.3823 12.34 
0.089 2 2 0 2.0 2.0 0.111 0.107 0.3490 0.3462 12.34 
0.090 2 2 0 2.0 2.0 0.115 0.108 0.3860 0.3860 12.34 
0.091 2 2 0 2.0 2.0 0.129 0.138 0.4016 0.3715 12.34 
0.092 2 2 0 2.0 2.0 0.129 0.156 0.4016 0.3896 12.34 
0.093 2 2 0 2.0 2.0 0.125 0.142 0.3346 0.3683 12.33 
0.094 2 2 0 2.0 2.0 0.127 0.182 0.3896 0.3936 12.34 
0.095 2 2 0 2.0 2.0 0.117 0.195 0.3715 0.3651 12.33 
0.096 2 2 0 2.0 2.0 0.134 0.204 0.3896 0.3896 12.34 
0.097 2 2 0 2.0 2.0 0.130 0.181 0.4056 0.3787 12.33 
0.098 2 2 0 2.0 2.0 0.138 0.173 0.4016 0.4016 12.33 
0.099 2 2 0 2.0 2.0 0.139 0.127 0.3787 0.3787 12.34 
0.100 2 2 0 2.0 2.0 0.102 0.120 0.3976 0.4016 12.33 
0.101 2 2 0 2.0 2.0 0.101 0.146 0.4056 0.3823 12.34 
0.102 2 2 0 2.0 2.0 0.074 0.161 0.4056 0.3936 12.33 
0.103 2 2 0 2.0 2.0 0.076 0.134 0.3936 0.3976 12.33 
0.104 2 2 0 2.0 2.0 0.079 0.131 0.4056 0.3976 12.33 
0.105 2 2 0 2.0 2.0 0.088 0.123 0.3787 0.4016 12.33 
0.106 2 2 0 2.0 2.0 0.079 0.112 0.4016 0.4016 12.34 
0.107 2 2 0 2.0 2.0 0.076 0.117 0.4056 0.3860 12.33 
0.108 2 2 0 2.0 2.0 0.098 0.134 0.4097 0.3582 12.33 
0.109 2 2 0 2.0 2.0 0.089 0.121 0.3823 0.4016 12.34 
0.110 2 2 0 2.0 2.0 0.109 0.141 0.3976 0.3787 12.33 
0.111 2 2 0 2.0 2.0 0.125 0.148 0.3751 0.3936 12.32 
0.112 2 2 0 2.0 2.0 0.128 0.165 0.3936 0.3936 12.33 
0.113 2 2 0 2.0 2.0 0.131 0.152 0.3860 0.4016 12.32 
0.114 2 2 0 2.0 2.0 0.128 0.140 0.3976 0.3715 12.33 
0.115 2 2 0 2.0 2.0 0.144 0.126 0.3715 0.3896 12.33 
0.116 2 2 0 2.0 2.0 0.135 0.097 0.3976 0.3976 12.33 
0.117 2 2 0 2.0 2.0 0.114 0.110 0.4137 0.4056 12.33 
0.118 2 2 0 2.0 2.0 0.106 0.104 0.4137 0.3715 12.33 
0.119 2 2 0 2.0 2.0 0.101 0.148 0.3751 0.3936 12.33 
0.120 2 2 0 2.0 2.0 0.112 0.156 0.4016 0.3896 12.35 
0.121 2 2 0 2.0 2.0 0.101 0.122 0.4137 0.4016 12.34 
0.122 2 2 0 2.0 2.0 0.112 0.112 0.4181 0.3715 12.35 
0.123 2 2 0 2.0 2.0 0.104 0.093 0.3615 0.3896 12.33 
0.124 2 2 0 2.0 2.0 0.091 0.108 0.3936 0.3860 12.33 
0.125 2 2 0 2.0 2.0 0.077 0.127 0.4097 0.3976 12.33 
0.126 2 2 0 2.0 2.0 0.070 0.138 0.4137 0.3896 12.33 
0.127 2 2 0 2.0 2.0 0.078 0.152 0.3715 0.4056 12.33 
0.128 2 2 0 2.0 2.0 0.083 0.153 0.4016 0.3936 12.33 
0.129 2 2 0 2.0 2.0 0.101 0.146 0.4097 0.4016 12.33 
0.130 2 2 0 2.0 2.0 0.127 0.161 0.4181 0.3490 12.33 
0.131 2 2 0 2.0 2.0 0.121 0.142 0.3896 0.3823 12.35 
0.132 2 2 0 2.0 2.0 0.122 0.127 0.4137 0.4056 12.33 
0.133 2 2 0 2.0 2.0 0.108 0.174 0.4181 0.4097 12.33 
0.134 2 2 0 2.0 2.0 0.107 0.150 0.4225 0.3651 12.33 
0.135 2 2 0 2.0 2.0 0.093 0.152 0.4016 0.3896 12.33 
0.136 2 2 0 2.0 2.0 0.103 0.140 0.4181 0.3896 12.33 
0.137 2 2 0 2.0 2.0 0.075 0.100 0.3860 0.4016 12.33 
0.138 2 2 0 2.0 2.0 0.103 0.087 0.4056 0.3715 12.33 
0.139 2 2 0 2.0 2.0 0.093 0.107 0.4317 0.3936 12.33 
0.140 2 2 0 2.0 2.0 0.103 0.139 0.4225 0.3976 12.33 
0.141 2 2 0 2.0 2.0 0.110 0.140 0.3683 0.4056 12.33 
0.142 2 2 0 2.0 2.0 0.098 0.115 0.3976 0.3936 12.33 
0.143 2 2 0 2.0 2.0 0.112 0.131 0.4269 0.4056 12.33 
0.144 2 2 0 2.0 2.0 0.107 0.147 0.4410 0.3860 12.32 
0.145 2 2 0 2.0 2.0 0.123 0.172 0.4362 0.4016 12.33 
0.146 2 2 0 2.0 2.0 0.124 0.165 0.4225 0.4016 12.33 
0.147 2 2 0 2.0 2.0 0.100 0.165 0.4362 0.4097 12.34 
0.148 2 2 0 2.0 2.0 0.080 0.154 0.4410 0.3976 12.33 
0.149 2 2 0 2.0 2.0 0.059 0.158 0.4362 0.4097 12.33 
0.150 2 2 0 2.0 2.0 0.067 0.151 0.4269 0.4097 12.33 
0.151 2 2 0 2.0 2.0 0.063 0.143 0.4362 0.4181 12.33 
0.152 2 2 0 2.0 2.0 0.064 0.129 0.4016 0.4181 12.33 
0.153 2 2 0 2.0 2.0 0.079 0.121 0.4181 0.4225 12.34 
0.154 2 2 0 2.0 2.0 0.080 0.138 0.4317 0.4269 12.34 
0.155 2 2 0 2.0 2.0 0.082 0.124 0.4362 0.4269 12.34 
0.156 2 2 0 2.0 2.0 0.078 0.114 0.4269 0.3787 12.32 
0.157 2 2 0 2.0 2.0 0.104 0.115 0.4181 0.4016 12.33 
0.158 2 2 0 2.0 2.0 0.108 0.125 0.4317 0.3976 12.33 
0.159 2 2 0 2.0 2.0 0.097 0.143 0.4225 0.4097 12.32 
0.160 2 2 0 2.0 2.0 0.116 0.154 0.4317 0.4097 12.32 
0.161 2 2 0 2.0 2.0 0.112 0.138 0.3976 0.4137 12.33 
0.162 2 2 0 2.0 2.0 0.118 0.120 0.4225 0.3823 12.33 
0.163 2 2 0 2.0 2.0 0.101 0.099 0.4410 0.4016 12.34 
0.164 2 2 0 2.0 2.0 0.093 0.111 0.4410 0.4137 12.33 
0.165 2 2 0 2.0 2.0 0.089 0.133 0.4016 0.3896 12.32 
0.166 2 2 0 2.0 2.0 0.088 0.143 0.4225 0.4056 12.33 
0.167 2 2 0 2.0 2.0 0.105 0.146 0.4317 0.4016 12.33 
0.168 2 2 0 2.0 2.0 0.103 0.107 0.4362 0.4137 12.33 
0.169 2 2 0 2.0 2.0 0.086 0.070 0.3787 0.3787 12.33 
0.170 2 2 0 2.0 2.0 0.077 0.074 0.4137 0.4016 12.33 
0.171 2 2 0 2.0 2.0 0.070 0.085 0.4362 0.3936 12.34 
0.172 2 2 0 2.0 2.0 0.074 0.135 0.3936 0.4097 12.33 
0.173 2 2 0 2.0 2.0 0.071 0.167 0.4181 0.4016 12.33 
0.174 2 2 0 2.0 2.0 0.089 0.174 0.4225 0.4137 12.32 
0.175 2 2 0 2.0 2.0 0.102 0.157 0.4317 0.4016 12.32 
0.176 2 2 0 2.0 2.0 0.117 0.157 0.4225 0.4137 12.33 
0.177 2 2 0 2.0 2.0 0.116 0.131 0.4362 0.3582 12.33 
0.178 2 2 0 2.0 2.0 0.094 0.123 0.4317 0.3896 12.33 
0.179 2 2 0 2.0 2.0 0.091 0.114 0.4362 0.4181 12.32 
0.180 2 2 0 2.0 2.0 0.082 0.132 0.4225 0.4225 12.33 
0.181 2 2 0 2.0 2.0 0.086 0.140 0.4362 0.3787 12.34 
0.182 2 2 0 2.0 2.0 0.077 0.136 0.3936 0.4056 12.33 
0.183 2 2 0 2.0 2.0 0.098 0.133 0.4137 0.4056 12.33 
0.184 2 2 0 2.0 2.0 0.097 0.124 0.4410 0.4181 12.32 
0.185 2 2 0 2.0 2.0 0.076 0.110 0.4137 0.3860 12.33 
0.186 2 2 0 2.0 2.0 0.088 0.112 0.3787 0.4097 12.32 
0.187 2 2 0 2.0 2.0 0.086 0.142 0.4137 0.4137 12.33 
0.188 2 2 0 2.0 2.0 0.099 0.155 0.4317 0.4225 12.33 
0.189 2 2 0 2.0 2.0 0.106 0.142 0.4510 0.4181 12.34 
0.190 2 2 0 2.0 2.0 0.111 0.153 0.4510 0.4269 12.33 
0.191 2 2 0 2.0 2.0 0.117 0.169 0.4362 0.4016 12.33 
0.192 2 2 0 2.0 2.0 0.079 0.154 0.4510 0.4137 12.32 
0.193 2 2 0 2.0 2.0 0.057 0.142 0.4510 0.4137 12.34 
0.194 2 2 0 2.0 2.0 0.053 0.124 0.4510 0.4225 12.32 
0.195 2 2 0 2.0 2.0 0.036 0.138 0.4410 0.4181 12.32 
0.196 2 2 0 2.0 2.0 0.063 0.150 0.4225 0.4269 12.33 
0.197 2 2 0 2.0 2.0 0.064 0.140 0.4362 0.4225 12.33 
0.198 2 2 0 2.0 2.0 0.073 0.132 0.4462 0.4317 12.34 
0.199 2 2 0 2.0 2.0 0.075 0.137 0.4562 0.4362 12.33 
0.200 2 2 0 2.0 2.0 0.061 0.131 0.4410 0.4362 12.32 
0.201 2 2 1 4.0 4.0 0.085 0.125 0.4410 0.4362 12.33 
0.202 2 2 1 4.0 4.0 0.159 0.132 0.4269 0.3896 12.31 
0.203 2 2 1 4.0 4.0 0.354 0.324 0.4410 0.4137 12.30 
0.204 2 2 1 4.0 4.0 0.476 0.477 0.4410 0.4181 12.29 
0.205 2 2 1 4.0 4.0 0.589 0.589 0.4562 0.4410 12.28 
0.206 2 2 1 4.0 4.0 0.563 0.626 0.4779 0.4510 12.28 
0.207 2 2 1 4.0 4.0 0.572 0.622 0.5020 0.4667 12.27 
0.208 2 2 1 4.0 4.0 0.563 0.623 0.5149 0.4956 12.28 
0.209 2 2 1 4.0 4.0 0.568 0.630 0.5354 0.5081 12.28 
0.210 2 2 1 4.0 4.0 0.566 0.674 0.5498 0.5281 12.28 
0.211 2 2 1 4.0 4.0 0.558 0.597 0.5655 0.5354 12.28 
0.212 2 2 1 4.0 4.0 0.512 0.595 0.5575 0.5426 12.28 
0.213 2 2 1 4.0 4.0 0.466 0.568 0.5655 0.5575 12.29 
0.214 2 2 1 4.0 4.0 0.450 0.553 0.5575 0.5655 12.28 
0.215 2 2 1 4.0 4.0 0.462 0.566 0.5820 0.5655 12.30 
0.216 2 2 1 4.0 4.0 0.498 0.587 0.6085 0.5904 12.30 
0.217 2 2 1 4.0 4.0 0.487 0.541 0.5992 0.6085 12.30 
0.218 2 2 1 4.0 4.0 0.456 0.525 0.6273 0.6273 12.29 
0.219 2 2 1 4.0 4.0 0.438 0.508 0.6474 0.5820 12.29 
0.220 2 2 1 4.0 4.0 0.424 0.493 0.6691 0.6583 12.29 
0.221 2 2 1 4.0 4.0 0.420 0.534 0.6374 0.6273 12.30 
0.222 2 2 1 4.0 4.0 0.410 0.492 0.7044 0.6583 12.30 
0.223 2 2 1 4.0 4.0 0.364 0.464 0.6583 0.6804 12.31 
0.224 2 2 1 4.0 4.0 0.367 0.458 0.6804 0.6804 12.30 
0.225 2 2 1 4.0 4.0 0.376 0.461 0.7044 0.6924 12.29 
0.226 2 2 1 4.0 4.0 0.426 0.438 0.7302 0.6924 12.29 
0.227 2 2 1 4.0 4.0 0.377 0.407 0.7302 0.6924 12.29 
0.228 2 2 1 4.0 4.0 0.363 0.439 0.7302 0.7169 12.29 
0.229 2 2 1 4.0 4.0 0.337 0.461 0.7575 0.7302 12.29 
0.230 2 2 1 4.0 4.0 0.363 0.466 0.7169 0.7434 12.30 
0.231 2 2 1 4.0 4.0 0.336 0.459 0.7575 0.7434 12.30 
0.232 2 2 1 4.0 4.0 0.306 0.412 0.7575 0.7723 12.31 
0.233 2 2 1 4.0 4.0 0.310 0.398 0.7434 0.7723 12.29 
0.234 2 2 1 4.0 4.0 0.328 0.401 0.7575 0.7575 12.29 
0.235 2 2 1 4.0 4.0 0.346 0.385 0.7434 0.7723 12.30 
0.236 2 2 1 4.0 4.0 0.326 0.377 0.7872 0.7872 12.30 
0.237 2 2 1 4.0 4.0 0.320 0.374 0.7723 0.7575 12.30 
0.238 2 2 1 4.0 4.0 0.333 0.379 0.8032 0.8032 12.29 
0.239 2 2 1 4.0 4.0 0.329 0.374 0.7575 0.7723 12.30 
0.240 2 2 1 4.0 4.0 0.269 0.378 0.8032 0.7872 12.30 
0.241 2 2 1 4.0 4.0 0.275 0.363 0.7872 0.7723 12.30 
0.242 2 2 1 4.0 4.0 0.264 0.346 0.8193 0.7872 12.30 
0.243 2 2 1 4.0 4.0 0.304 0.365 0.8032 0.8032 12.30 
0.244 2 2 1 4.0 4.0 0.287 0.340 0.8366 0.8193 12.30 
0.245 2 2 1 4.0 4.0 0.295 0.336 0.8193 0.7723 12.30 
0.246 2 2 1 4.0 4.0 0.283 0.338 0.8032 0.8366 12.30 
0.247 2 2 1 4.0 4.0 0.278 0.349 0.8543 0.8032 12.30 
0.248 2 2 1 4.0 4.0 0.245 0.329 0.8032 0.8193 12.30 
0.249 2 2 1 4.0 4.0 0.272 0.323 0.8193 0.8193 12.30 
0.250 2 2 1 4.0 4.0 0.279 0.335 0.8727 0.8543 12.30 
0.251 2 2 1 4.0 4.0 0.274 0.309 0.8924 0.8727 12.31 
0.252 2 2 1 4.0 4.0 0.257 0.306 0.8924 0.8727 12.32 
0.253 2 2 1 4.0 4.0 0.246 0.321 0.9125 0.8924 12.32 
0.254 2 2 1 4.0 4.0 0.261 0.330 0.8924 0.8924 12.30 
0.255 2 2 1 4.0 4.0 0.233 0.328 0.9125 0.8924 12.31 
0.256 2 2 1 4.0 4.0 0.213 0.316 0.9125 0.8924 12.31 
0.257 2 2 1 4.0 4.0 0.224 0.306 0.9125 0.8543 12.32 
0.258 2 2 1 4.0 4.0 0.261 0.300 0.8924 0.8727 12.31 
0.259 2 2 1 4.0 4.0 0.231 0.291 0.9338 0.8924 12.31 
0.260 2 2 1 4.0 4.0 0.234 0.296 0.9338 0.8924 12.31 
0.261 2 2 1 4.0 4.0 0.236 0.283 0.9338 0.9125 12.31 
0.262 2 2 1 4.0 4.0 0.209 0.293 0.8924 0.9125 12.32 
0.263 2 2 1 4.0 4.0 0.188 0.290 0.9125 0.9338 12.32 
0.264 2 2 1 4.0 4.0 0.196 0.260 0.9338 0.9338 12.32 
0.265 2 2 1 4.0 4.0 0.244 0.266 0.9338 0.9338 12.31 
0.266 2 2 1 4.0 4.0 0.240 0.268 0.9559 0.9338 12.31 
0.267 2 2 1 4.0 4.0 0.209 0.272 0.9559 0.8543 12.31 
0.268 2 2 1 4.0 4.0 0.212 0.270 0.9338 0.9125 12.31 
0.269 2 2 1 4.0 4.0 0.203 0.285 0.9796 0.9125 12.32 
0.270 2 2 1 4.0 4.0 0.189 0.282 0.9338 0.9338 12.32 
0.271 2 2 1 4.0 4.0 0.184 0.268 0.9796 0.9338 12.32 
0.272 2 2 1 4.0 4.0 0.228 0.278 0.9559 0.9559 12.31 
0.273 2 2 1 4.0 4.0 0.200 0.263 0.9796 0.9559 12.31 
0.274 2 2 1 4.0 4.0 0.186 0.272 0.9796 0.9559 12.31 
0.275 2 2 1 4.0 4.0 0.202 0.275 0.9559 0.9559 12.31 
0.276 2 2 1 4.0 4.0 0.197 0.294 0.9796 0.9559 12.31 
0.277 2 2 1 4.0 4.0 0.199 0.279 0.9796 0.9559 12.31 
0.278 2 2 1 4.0 4.0 0.188 0.253 0.9796 0.9796 12.31 
0.279 2 2 1 4.0 4.0 0.212 0.250 0.9796 0.9559 12.31 
0.280 2 2 1 4.0 4.0 0.189 0.237 1.0041 0.9559 12.32 
0.281 2 2 1 4.0 4.0 0.186 0.246 1.0041 0.9559 12.31 
0.282 2 2 1 4.0 4.0 0.201 0.240 0.9796 0.9559 12.31 
0.283 2 2 1 4.0 4.0 0.192 0.253 1.0041 0.9559 12.31 
0.284 2 2 1 4.0 4.0 0.154 0.256 1.0041 0.9796 12.31 
0.285 2 2 1 4.0 4.0 0.195 0.223 1.0041 0.9559 12.31 
0.286 2 2 1 4.0 4.0 0.197 0.226 1.0041 0.9796 12.31 
0.287 2 2 1 4.0 4.0 0.161 0.235 1.0041 0.9796 12.32 
0.288 2 2 1 4.0 4.0 0.155 0.250 1.0041 0.9338 12.32 
0.289 2 2 1 4.0 4.0 0.154 0.251 1.0567 0.9796 12.32 
0.290 2 2 1 4.0 4.0 0.155 0.252 1.0041 0.9796 12.32 
0.291 2 2 1 4.0 4.0 0.156 0.241 1.0298 0.9796 12.32 
0.292 2 2 1 4.0 4.0 0.179 0.236 1.0298 0.9796 12.32 
0.293 2 2 1 4.0 4.0 0.189 0.230 1.0298 0.9796 12.32 
0.294 2 2 1 4.0 4.0 0.136 0.235 1.0298 0.9796 12.32 
0.295 2 2 1 4.0 4.0 0.157 0.244 1.0298 1.0041 12.32 
0.296 2 2 1 4.0 4.0 0.163 0.256 1.0298 1.0041 12.31 
0.297 2 2 1 4.0 4.0 0.183 0.260 1.0567 1.0041 12.31 
0.298 2 2 1 4.0 4.0 0.173 0.241 1.0298 1.0041 12.32 
0.299 2 2 1 4.0 4.0 0.201 0.218 1.0567 1.0041 12.31 
0.300 2 2 1 4.0 4.0 0.165 0.208 1.0298 1.0041 12.32 
0.301 2 2 1 4.0 4.0 0.159 0.226 1.0567 1.0041 12.32 
0.302 2 2 1 4.0 4.0 0.176 0.216 1.0298 1.0041 12.32 
0.303 2 2 1 4.0 4.0 0.155 0.229 1.0041 0.9796 12.31 
0.304 2 2 1 4.0 4.0 0.154 0.238 1.0298 1.0041 12.32 
0.305 2 2 1 4.0 4.0 0.160 0.229 1.0567 1.0041 12.32 
0.306 2 2 1 4.0 4.0 0.158 0.191 1.0567 1.0041 12.31 
0.307 2 2 1 4.0 4.0 0.150 0.203 1.0298 1.0041 12.32 
0.308 2 2 1 4.0 4.0 0.164 0.233 1.0567 0.9796 12.32 
0.309 2 2 1 4.0 4.0 0.144 0.207 1.0298 1.0298 12.32 
0.310 2 2 1 4.0 4.0 0.142 0.231 1.0567 1.0298 12.33 
0.311 2 2 1 4.0 4.0 0.166 0.244 1.0567 1.0041 12.32 
0.312 2 2 1 4.0 4.0 0.161 0.212 1.0567 1.0041 12.33 
0.313 2 2 1 4.0 4.0 0.137 0.225 1.0567 1.0041 12.32 
0.314 2 2 1 4.0 4.0 0.135 0.219 1.0298 1.0298 12.32 
0.315 2 2 1 4.0 4.0 0.143 0.229 1.0567 1.0298 12.33 
0.316 2 2 1 4.0 4.0 0.135 0.237 1.0567 1.0298 12.33 
0.317 2 2 1 4.0 4.0 0.158 0.231 1.0567 1.0298 12.33 
0.318 2 2 1 4.0 4.0 0.163 0.215 1.0567 1.0298 12.33 
0.319 2 2 1 4.0 4.0 0.142 0.196 1.0298 1.0041 12.33 
0.320 2 2 1 4.0 4.0 0.144 0.207 1.0567 1.0041 12.32 
0.321 2 2 1 4.0 4.0 0.147 0.218 1.0567 1.0041 12.32 
0.322 2 2 1 4.0 4.0 0.141 0.210 1.0298 1.0298 12.32 
0.323 2 2 1 4.0 4.0 0.134 0.226 1.0567 1.0298 12.32 
0.324 2 2 1 4.0 4.0 0.163 0.222 1.0852 0.9338 12.32 
0.325 2 2 1 4.0 4.0 0.146 0.196 1.0567 1.0298 12.32 
0.326 2 2 1 4.0 4.0 0.126 0.184 1.0567 1.0298 12.32 
0.327 2 2 1 4.0 4.0 0.143 0.216 1.0852 1.0298 12.32 
0.328 2 2 1 4.0 4.0 0.131 0.205 1.0567 1.0041 12.32 
0.329 2 2 1 4.0 4.0 0.137 0.214 1.0852 1.0041 12.33 
0.330 2 2 1 4.0 4.0 0.146 0.229 1.0852 1.0298 12.33 
0.331 2 2 1 4.0 4.0 0.126 0.199 1.0852 1.0041 12.33 
0.332 2 2 1 4.0 4.0 0.127 0.206 1.0852 1.0298 12.32 
0.333 2 2 1 4.0 4.0 0.127 0.208 1.1153 1.0298 12.32 
0.334 2 2 1 4.0 4.0 0.159 0.218 1.0852 1.0298 12.32 
0.335 2 2 1 4.0 4.0 0.122 0.232 1.0852 1.0298 12.32 
0.336 2 2 1 4.0 4.0 0.154 0.231 1.0567 1.0567 12.32 
0.337 2 2 1 4.0 4.0 0.142 0.214 1.1153 1.0567 12.33 
0.338 2 2 1 4.0 4.0 0.121 0.180 1.0852 1.0298 12.32 
0.339 2 2 1 4.0 4.0 0.154 0.191 1.0567 1.0298 12.33 
0.340 2 2 1 4.0 4.0 0.146 0.203 1.0852 1.0298 12.32 
0.341 2 2 1 4.0 4.0 0.123 0.186 1.0852 1.0298 12.33 
0.342 2 2 1 4.0 4.0 0.144 0.210 1.0567 1.0041 12.33 
0.343 2 2 1 4.0 4.0 0.154 0.204 1.0852 1.0298 12.33 
0.344 2 2 1 4.0 4.0 0.135 0.188 1.1153 1.0298 12.32 
0.345 2 2 1 4.0 4.0 0.146 0.166 1.0852 1.0298 12.32 
0.346 2 2 1 4.0 4.0 0.127 0.207 1.0567 1.0298 12.33 
0.347 2 2 1 4.0 4.0 0.108 0.205 1.0852 1.0041 12.33 
0.348 2 2 1 4.0 4.0 0.140 0.204 1.0852 1.0567 12.33 
0.349 2 2 1 4.0 4.0 0.128 0.223 1.0852 1.0298 12.32 
0.350 2 2 1 4.0 4.0 0.117 0.200 1.0852 1.0041 12.32 
0.351 2 2 1 4.0 4.0 0.117 0.193 1.0852 1.0298 12.33 
0.352 2 2 2 -4.0 -4.0 0.119 0.208 1.0852 1.0298 12.33 
0.353 2 2 2 -4.0 -4.0 -0.166 0.137 1.0852 1.0298 12.32 
0.354 2 2 2 -4.0 -4.0 -0.778 -0.479 1.0852 1.0298 12.29 
0.355 2 2 2 -4.0 -4.0 -1.088 -1.102 1.0567 1.0041 12.28 
0.356 2 2 2 -4.0 -4.0 -1.364 -1.244 0.9796 0.9796 12.26 
0.357 2 2 2 -4.0 -4.0 -1.568 -1.475 0.9559 0.8924 12.25 
0.358 2 2 2 -4.0 -4.0 -1.584 -1.694 0.8032 0.8032 12.25 
0.359 2 2 2 -4.0 -4.0 -1.375 -1.779 0.7872 0.7434 12.26 
0.360 2 2 2 -4.0 -4.0 -1.409 -1.554 0.7434 0.7169 12.26 
0.361 2 2 2 -4.0 -4.0 -1.519 -1.583 0.7169 0.6924 12.25 
0.362 2 2 2 -4.0 -4.0 -1.569 -1.660 0.6474 0.6273 12.25 
0.363 2 2 2 -4.0 -4.0 -1.407 -1.716 0.5904 0.5904 12.24 
0.364 2 2 2 -4.0 -4.0 -1.341 -1.727 0.5820 0.5498 12.24 
0.365 2 2 2 -4.0 -4.0 -1.400 -1.471 0.5081 0.4779 12.26 
0.366 2 2 2 -4.0 -4.0 -1.455 -1.390 0.4510 0.4615 12.24 
0.367 2 2 2 -4.0 -4.0 -1.479 -1.432 0.3976 0.3787 12.23 
0.368 2 2 2 -4.0 -4.0 -1.440 -1.489 0.3860 0.3490 12.23 
0.369 2 2 2 -4.0 -4.0 -1.356 -1.501 0.2767 0.2462 12.23 
0.370 2 2 2 -4.0 -4.0 -1.276 -1.501 0.2639 0.2462 12.24 
0.371 2 2 2 -4.0 -4.0 -1.195 -1.475 0.2345 0.1988 12.24 
0.372 2 2 2 -4.0 -4.0 -1.178 -1.443 0.2217 0.1715 12.23 
0.373 2 2 2 -4.0 -4.0 -1.120 -1.409 0.1631 0.1715 12.25 
0.374 2 2 2 -4.0 -4.0 -0.953 -1.368 0.1631 0.1498 12.24 
0.375 2 2 2 -4.0 -4.0 -0.976 -1.316 0.1631 0.1088 12.24 
0.376 2 2 2 -4.0 -4.0 -1.024 -1.262 0.1197 0.0855 12.24 
0.377 2 2 2 -4.0 -4.0 -1.076 -1.202 0.0920 0.0707 12.24 
0.378 2 2 2 -4.0 -4.0 -1.101 -1.151 0.0747 -0.0695 12.24 
0.379 2 2 2 -4.0 -4.0 -1.102 -1.116 0.0631 -0.0695 12.24 
0.380 2 2 2 -4.0 -4.0 -0.943 -1.137 -0.0578 -0.1538 12.26 
0.381 2 2 2 -4.0 -4.0 -0.854 -1.124 -0.0578 -0.1538 12.26 
0.382 2 2 2 -4.0 -4.0 -0.881 -1.099 -0.0578 -0.2100 12.26 
0.383 2 2 2 -4.0 -4.0 -0.920 -1.059 -0.1498 -0.2100 12.26 
0.384 2 2 2 -4.0 -4.0 -0.907 -1.007 -0.1498 -0.2711 12.25 
0.385 2 2 2 -4.0 -4.0 -0.893 -0.963 -0.2048 -0.3040 12.25 
0.386 2 2 2 -4.0 -4.0 -0.907 -0.929 -0.2048 -0.3490 12.25 
0.387 2 2 2 -4.0 -4.0 -0.867 -0.904 -0.2205 -0.3430 12.26 
0.388 2 2 2 -4.0 -4.0 -0.858 -0.762 -0.3040 -0.3860 12.26 
0.389 2 2 2 -4.0 -4.0 -0.827 -0.723 -0.3016 -0.3896 12.26 
0.390 2 2 2 -4.0 -4.0 -0.797 -0.714 -0.3683 -0.4016 12.27 
0.391 2 2 2 -4.0 -4.0 -0.762 -0.698 -0.3683 -0.4056 12.27 
0.392 2 2 2 -4.0 -4.0 -0.682 -0.693 -0.3936 -0.4269 12.27 
0.393 2 2 2 -4.0 -4.0 -0.645 -0.678 -0.3823 -0.4462 12.27 
0.394 2 2 2 -4.0 -4.0 -0.634 -0.717 -0.4137 -0.4667 12.26 
0.395 2 2 2 -4.0 -4.0 -0.636 -0.739 -0.4269 -0.4836 12.25 
0.396 2 2 2 -4.0 -4.0 -0.636 -0.649 -0.4615 -0.4723 12.26 
0.397 2 2 2 -4.0 -4.0 -0.622 -0.634 -0.4462 -0.4956 12.27 
0.398 2 2 2 -4.0 -4.0 -0.614 -0.615 -0.4956 -0.5213 12.27 
0.399 2 2 2 -4.0 -4.0 -0.573 -0.584 -0.5213 -0.5498 12.28 
0.400 2 2 2 -4.0 -4.0 -0.489 -0.592 -0.4896 -0.5655 12.27 
0.401 2 2 2 -4.0 -4.0 -0.489 -0.589 -0.5281 -0.5655 12.29 
0.402 2 2 2 -4.0 -4.0 -0.497 -0.570 -0.5735 -0.5735 12.28 
0.403 2 2 2 -4.0 -4.0 -0.477 -0.550 -0.5426 -0.5904 12.27 
0.404 2 2 2 -4.0 -4.0 -0.483 -0.508 -0.5992 -0.6085 12.28 
0.405 2 2 2 -4.0 -4.0 -0.464 -0.536 -0.6177 -0.6177 12.28 
0.406 2 2 2 -4.0 -4.0 -0.469 -0.610 -0.6177 -0.6177 12.27 
0.407 2 2 2 -4.0 -4.0 -0.478 -0.581 -0.5992 -0.6374 12.28 
0.408 2 2 2 -4.0 -4.0 -0.500 -0.516 -0.6085 -0.6583 12.28 
0.409 2 2 2 -4.0 -4.0 -0.473 -0.474 -0.6273 -0.6583 12.27 
0.410 2 2 2 -4.0 -4.0 -0.438 -0.444 -0.6691 -0.6691 12.28 
0.411 2 2 2 -4.0 -4.0 -0.405 -0.442 -0.6924 -0.6374 12.28 
0.412 2 2 2 -4.0 -4.0 -0.413 -0.444 -0.7044 -0.6924 12.28 
0.413 2 2 2 -4.0 -4.0 -0.419 -0.444 -0.6804 -0.6085 12.28 
0.414 2 2 2 -4.0 -4.0 -0.408 -0.421 -0.7044 -0.6691 12.29 
0.415 2 2 2 -4.0 -4.0 -0.361 -0.426 -0.7044 -0.6924 12.28 
0.416 2 2 2 -4.0 -4.0 -0.358 -0.447 -0.7434 -0.7044 12.29 
0.417 2 2 2 -4.0 -4.0 -0.363 -0.425 -0.7434 -0.7044 12.29 
0.418 2 2 2 -4.0 -4.0 -0.394 -0.418 -0.7169 -0.7044 12.29 
0.419 2 2 2 -4.0 -4.0 -0.361 -0.425 -0.7302 -0.7302 12.29 
0.420 2 2 2 -4.0 -4.0 -0.348 -0.459 -0.7872 -0.7302 12.29 
0.421 2 2 2 -4.0 -4.0 -0.349 -0.417 -0.7723 -0.7575 12.29 
0.422 2 2 2 -4.0 -4.0 -0.351 -0.377 -0.7723 -0.7302 12.29 
0.423 2 2 2 -4.0 -4.0 -0.344 -0.379 -0.7872 -0.7575 12.29 
0.424 2 2 2 -4.0 -4.0 -0.302 -0.371 -0.7723 -0.7872 12.29 
0.425 2 2 2 -4.0 -4.0 -0.322 -0.374 -0.7872 -0.7872 12.29 
0.426 2 2 2 -4.0 -4.0 -0.324 -0.366 -0.7872 -0.7872 12.29 
0.427 2 2 2 -4.0 -4.0 -0.301 -0.352 -0.8193 -0.8193 12.29 
0.428 2 2 2 -4.0 -4.0 -0.262 -0.360 -0.7872 -0.8193 12.29 
0.429 2 2 2 -4.0 -4.0 -0.267 -0.349 -0.8366 -0.8193 12.30 
0.430 2 2 2 -4.0 -4.0 -0.268 -0.340 -0.8193 -0.8193 12.30 
0.431 2 2 2 -4.0 -4.0 -0.261 -0.349 -0.8543 -0.8193 12.30 
0.432 2 2 2 -4.0 -4.0 -0.281 -0.390 -0.8193 -0.8032 12.29 
0.433 2 2 2 -4.0 -4.0 -0.301 -0.432 -0.8366 -0.8032 12.29 
0.434 2 2 2 -4.0 -4.0 -0.291 -0.389 -0.8193 -0.8193 12.29 
0.435 2 2 2 -4.0 -4.0 -0.257 -0.345 -0.8727 -0.8032 12.30 
0.436 2 2 2 -4.0 -4.0 -0.257 -0.347 -0.8543 -0.8193 12.29 
0.437 2 2 2 -4.0 -4.0 -0.258 -0.316 -0.8727 -0.8032 12.29 
0.438 2 2 2 -4.0 -4.0 -0.250 -0.316 -0.8924 -0.8543 12.29 
0.439 2 2 2 -4.0 -4.0 -0.226 -0.303 -0.9125 -0.8032 12.30 
0.440 2 2 2 -4.0 -4.0 -0.258 -0.330 -0.9559 -0.8366 12.29 
0.441 2 2 2 -4.0 -4.0 -0.261 -0.353 -0.9559 -0.8366 12.29 
0.442 2 2 2 -4.0 -4.0 -0.255 -0.313 -0.8924 -0.8032 12.29 
0.443 2 2 2 -4.0 -4.0 -0.220 -0.323 -0.9125 -0.8543 12.29 
0.444 2 2 2 -4.0 -4.0 -0.227 -0.341 -0.9338 -0.8366 12.30 
0.445 2 2 2 -4.0 -4.0 -0.223 -0.305 -0.9559 -0.8727 12.30 
0.446 2 2 2 -4.0 -4.0 -0.227 -0.304 -0.9796 -0.8727 12.30 
0.447 2 2 2 -4.0 -4.0 -0.236 -0.292 -0.9796 -0.8924 12.30 
0.448 2 2 2 -4.0 -4.0 -0.212 -0.322 -0.9559 -0.8924 12.30 
0.449 2 2 2 -4.0 -4.0 -0.198 -0.295 -0.8924 -0.8924 12.30 
0.450 2 2 2 -4.0 -4.0 -0.204 -0.276 -0.9338 -0.9125 12.29 
0.451 2 2 2 -4.0 -4.0 -0.199 -0.272 -0.9338 -0.9125 12.30 
0.452 2 2 2 -4.0 -4.0 -0.183 -0.278 -1.0041 -0.9125 12.30 
0.453 2 2 2 -4.0 -4.0 -0.204 -0.292 -1.0041 -0.9125 12.30 
0.454 2 2 2 -4.0 -4.0 -0.227 -0.291 -1.0041 -0.9125 12.30 
0.455 2 2 2 -4.0 -4.0 -0.208 -0.299 -0.9125 -0.9125 12.30 
0.456 2 2 2 -4.0 -4.0 -0.185 -0.289 -1.0041 -0.9125 12.29 
0.457 2 2 2 -4.0 -4.0 -0.200 -0.269 -0.9796 -0.9125 12.30 
0.458 2 2 2 -4.0 -4.0 -0.189 -0.251 -1.0041 -0.9338 12.30 
0.459 2 2 2 -4.0 -4.0 -0.184 -0.287 -1.0298 -0.9125 12.30 
0.460 2 2 2 -4.0 -4.0 -0.201 -0.298 -1.0298 -0.9338 12.29 
0.461 2 2 2 -4.0 -4.0 -0.207 -0.293 -1.0298 -0.8727 12.30 
0.462 2 2 2 -4.0 -4.0 -0.206 -0.292 -1.0041 -0.9125 12.30 
0.463 2 2 2 -4.0 -4.0 -0.197 -0.280 -1.0298 -0.9125 12.30 
0.464 2 2 2 -4.0 -4.0 -0.193 -0.292 -1.0041 -0.9125 12.30 
0.465 2 2 2 -4.0 -4.0 -0.185 -0.271 -1.0298 -0.9125 12.30 
0.466 2 2 2 -4.0 -4.0 -0.195 -0.280 -1.0298 -0.9125 12.29 
0.467 2 2 2 -4.0 -4.0 -0.185 -0.277 -1.0567 -0.9338 12.29 
0.468 2 2 2 -4.0 -4.0 -0.164 -0.250 -1.0298 -0.9338 12.31 
0.469 2 2 2 -4.0 -4.0 -0.166 -0.256 -1.0041 -0.9338 12.30 
0.470 2 2 2 -4.0 -4.0 -0.177 -0.292 -1.0298 -0.9338 12.30 
0.471 2 2 2 -4.0 -4.0 -0.163 -0.255 -1.0567 -0.9559 12.30 
0.472 2 2 2 -4.0 -4.0 -0.147 -0.224 -1.0852 -0.9559 12.30 
0.473 2 2 2 -4.0 -4.0 -0.188 -0.230 -1.0298 -0.9559 12.30 
0.474 2 2 2 -4.0 -4.0 -0.181 -0.251 -1.0298 -0.9559 12.30 
0.475 2 2 2 -4.0 -4.0 -0.168 -0.238 -1.0567 -0.9559 12.30 
0.476 2 2 2 -4.0 -4.0 -0.169 -0.254 -1.0567 -0.9559 12.30 
0.477 2 2 2 -4.0 -4.0 -0.173 -0.277 -1.0567 -0.9559 12.30 
0.478 2 2 2 -4.0 -4.0 -0.154 -0.255 -1.0852 -0.9338 12.31 
0.479 2 2 2 -4.0 -4.0 -0.172 -0.223 -1.0852 -0.9796 12.30 
0.480 2 2 2 -4.0 -4.0 -0.170 -0.246 -1.0852 -0.9559 12.30 
0.481 2 2 2 -4.0 -4.0 -0.167 -0.238 -1.0298 -0.9796 12.31 
0.482 2 2 2 -4.0 -4.0 -0.160 -0.242 -1.0852 -0.9559 12.30 
0.483 2 2 2 -4.0 -4.0 -0.161 -0.249 -1.0852 -0.9796 12.30 
0.484 2 2 2 -4.0 -4.0 -0.144 -0.234 -1.0567 -0.9796 12.32 
0.485 2 2 2 -4.0 -4.0 -0.157 -0.220 -1.0567 -0.9559 12.31 
0.486 2 2 2 -4.0 -4.0 -0.164 -0.240 -1.0852 -0.9796 12.30 
0.487 2 2 2 -4.0 -4.0 -0.128 -0.241 -1.0852 -0.9796 12.31 
0.488 2 2 2 -4.0 -4.0 -0.135 -0.227 -1.0567 -0.9796 12.30 
0.489 2 2 2 -4.0 -4.0 -0.137 -0.230 -1.1153 -0.9796 12.30 
0.490 2 2 2 -4.0 -4.0 -0.130 -0.272 -1.0852 -0.9796 12.31 
0.491 2 2 2 -4.0 -4.0 -0.135 -0.223 -1.0852 -0.9796 12.32 
0.492 2 2 2 -4.0 -4.0 -0.173 -0.219 -1.0852 -1.0041 12.31 
0.493 2 2 2 -4.0 -4.0 -0.142 -0.214 -1.0852 -1.0041 12.31 
0.494 2 2 2 -4.0 -4.0 -0.135 -0.238 -1.1153 -1.0041 12.31 
0.495 2 2 2 -4.0 -4.0 -0.133 -0.252 -1.1153 -1.0041 12.31 
0.496 2 2 2 -4.0 -4.0 -0.140 -0.233 -1.0852 -0.9796 12.31 
0.497 2 2 2 -4.0 -4.0 -0.143 -0.254 -1.0852 -0.9796 12.30 
0.498 2 2 2 -4.0 -4.0 -0.169 -0.224 -1.1153 -0.9559 12.30 
0.499 2 2 2 -4.0 -4.0 -0.155 -0.223 -1.0852 -0.9796 12.31 
0.500 2 2 2 -4.0 -4.0 -0.153 -0.268 -1.1153 -0.9559 12.31 
0.501 2 2 2 -4.0 -4.0 -0.158 -0.245 -1.1153 -1.0041 12.31 
0.502 2 2 2 -4.0 -4.0 -0.152 -0.222 -1.1153 -0.9796 12.31 
0.503 2 2 3 0.0 0.0 -0.142 -0.230 -1.1153 -0.9796 12.31 
0.504 2 2 3 0.0 0.0 0.003 -0.190 -1.0852 -0.9796 12.32 
0.505 2 2 3 0.0 0.0 0.317 0.084 -1.0852 -0.9796 12.33 
0.506 2 2 3 0.0 0.0 0.462 0.376 -0.8924 -0.9796 12.33 
0.507 2 2 3 0.0 0.0 0.497 0.511 -1.0567 -0.9559 12.33 
0.508 2 2 3 0.0 0.0 0.622 0.519 -1.0298 -0.9559 12.33 
0.509 2 2 3 0.0 0.0 0.698 0.590 -1.0298 -0.9338 12.33 
0.510 2 2 3 0.0 0.0 0.588 0.670 -0.9796 -0.9125 12.33 
0.511 2 2 3 0.0 0.0 0.626 0.620 -0.8924 -0.8543 12.33 
0.512 2 2 3 0.0 0.0 0.690 0.564 -0.9338 -0.8193 12.33 
0.513 2 2 3 0.0 0.0 0.566 0.602 -0.9338 -0.8193 12.33 
0.514 2 2 3 0.0 0.0 0.504 0.636 -0.8543 -0.7872 12.33 
0.515 2 2 3 0.0 0.0 0.557 0.545 -0.8366 -0.7575 12.33 
0.516 2 2 3 0.0 0.0 0.622 0.481 -0.8543 -0.7434 12.32 
0.517 2 2 3 0.0 0.0 0.521 0.502 -0.7872 -0.7169 12.33 
0.518 2 2 3 0.0 0.0 0.488 0.563 -0.8032 -0.6804 12.33 
0.519 2 2 3 0.0 0.0 0.551 0.564 -0.7575 -0.6583 12.32 
0.520 2 2 3 0.0 0.0 0.611 0.473 -0.6924 -0.6583 12.32 
0.521 2 2 3 0.0 0.0 0.531 0.408 -0.7302 -0.6374 12.32 
0.522 2 2 3 0.0 0.0 0.447 0.442 -0.7302 -0.6085 12.32 
0.523 2 2 3 0.0 0.0 0.477 0.465 -0.7044 -0.5904 12.32 
0.524 2 2 3 0.0 0.0 0.522 0.448 -0.6583 -0.5904 12.32 
0.525 2 2 3 0.0 0.0 0.508 0.351 -0.6374 -0.5498 12.33 
0.526 2 2 3 0.0 0.0 0.433 0.290 -0.5904 -0.5735 12.33 
0.527 2 2 3 0.0 0.0 0.373 0.329 -0.6177 -0.5575 12.33 
0.528 2 2 3 0.0 0.0 0.379 0.394 -0.5992 -0.5020 12.34 
0.529 2 2 3 0.0 0.0 0.416 0.421 -0.5498 -0.4956 12.34 
0.530 2 2 3 0.0 0.0 0.434 0.403 -0.5655 -0.4896 12.33 
0.531 2 2 3 0.0 0.0 0.431 0.328 -0.5655 -0.4779 12.34 
0.532 2 2 3 0.0 0.0 0.298 0.277 -0.5020 -0.4723 12.34 
0.533 2 2 3 0.0 0.0 0.261 0.279 -0.5213 -0.4510 12.34 
0.534 2 2 3 0.0 0.0 0.285 0.294 -0.5149 -0.4462 12.33 
0.535 2 2 3 0.0 0.0 0.329 0.301 -0.4615 -0.3936 12.34 
0.536 2 2 3 0.0 0.0 0.359 0.313 -0.4836 -0.4016 12.34 
0.537 2 2 3 0.0 0.0 0.359 0.298 -0.4836 -0.3896 12.33 
0.538 2 2 3 0.0 0.0 0.314 0.275 -0.4836 -0.3896 12.33 
0.539 2 2 3 0.0 0.0 0.241 0.246 -0.3936 -0.3522 12.33 
0.540 2 2 3 0.0 0.0 0.237 0.218 -0.4181 -0.3651 12.33 
0.541 2 2 3 0.0 0.0 0.268 0.218 -0.3936 -0.3550 12.33 
0.542 2 2 3 0.0 0.0 0.294 0.229 -0.4137 -0.3462 12.34 
0.543 2 2 3 0.0 0.0 0.310 0.236 -0.3615 -0.3462 12.33 
0.544 2 2 3 0.0 0.0 0.298 0.234 -0.3896 -0.3088 12.33 
0.545 2 2 3 0.0 0.0 0.260 0.230 -0.3430 -0.3137 12.33 
0.546 2 2 3 0.0 0.0 0.238 0.218 -0.3787 -0.2996 12.33 
0.547 2 2 3 0.0 0.0 0.171 0.203 -0.3490 -0.2996 12.33 
0.548 2 2 3 0.0 0.0 0.140 0.185 -0.3490 -0.2952 12.34 
0.549 2 2 3 0.0 0.0 0.138 0.168 -0.3522 -0.2731 12.34 
0.550 2 2 3 0.0 0.0 0.158 0.123 -0.3088 -0.2731 12.34 
0.551 2 2 3 0.0 0.0 0.193 0.115 -0.3550 -0.2711 12.33 
0.552 2 2 3 0.0 0.0 0.209 0.135 -0.2996 -0.2345 12.34 
0.553 2 2 3 0.0 0.0 0.215 0.150 -0.2996 -0.2345 12.35 
0.554 2 2 3 0.0 0.0 0.208 0.150 -0.3137 -0.2434 12.34 
0.555 2 2 3 0.0 0.0 0.167 0.142 -0.2908 -0.2434 12.34 
0.556 2 2 3 0.0 0.0 0.144 0.142 -0.2996 -0.2345 12.34 
0.557 2 2 3 0.0 0.0 0.109 0.151 -0.2996 -0.2293 12.35 
0.558 2 2 3 0.0 0.0 0.092 0.133 -0.2522 -0.2157 12.34 
0.559 2 2 3 0.0 0.0 0.094 0.111 -0.2747 -0.2133 12.34 
0.560 2 2 3 0.0 0.0 0.126 0.102 -0.2747 -0.2088 12.34 
0.561 2 2 3 0.0 0.0 0.149 0.098 -0.2623 -0.2048 12.34 
0.562 2 2 3 0.0 0.0 0.157 0.100 -0.2538 -0.2008 12.34 
0.563 2 2 3 0.0 0.0 0.161 0.084 -0.2538 -0.2008 12.34 
0.564 2 2 3 0.0 0.0 0.161 0.077 -0.2088 -0.1856 12.34 
0.565 2 2 3 0.0 0.0 0.158 0.087 -0.2088 -0.1856 12.33 
0.566 2 2 3 0.0 0.0 0.160 0.094 -0.2113 -0.1783 12.34 
0.567 2 2 3 0.0 0.0 0.146 0.089 -0.2113 -0.1783 12.34 
0.568 2 2 3 0.0 0.0 0.116 0.071 -0.1839 -0.1574 12.34 
0.569 2 2 3 0.0 0.0 0.112 0.067 -0.1619 -0.1562 12.34 
0.570 2 2 3 0.0 0.0 0.121 0.059 -0.1619 -0.1562 12.34 
0.571 2 2 3 0.0 0.0 0.087 0.067 -0.1912 -0.1450 12.34 
0.572 2 2 3 0.0 0.0 0.078 0.066 -0.1912 -0.1450 12.34 
0.573 2 2 3 0.0 0.0 0.066 0.058 -0.1767 -0.1450 12.34 
0.574 2 2 3 0.0 0.0 0.058 0.055 -0.1767 -0.1261 12.34 
0.575 2 2 3 0.0 0.0 0.033 0.052 -0.1723 -0.1261 12.34 
0.576 2 2 3 0.0 0.0 0.032 0.059 -0.1643 -0.1261 12.34 
0.577 2 2 3 0.0 0.0 0.053 0.060 -0.1643 -0.1261 12.34 
0.578 2 2 3 0.0 0.0 0.070 0.055 -0.1390 -0.1125 12.34 
0.579 2 2 3 0.0 0.0 0.074 0.043 -0.1317 -0.1125 12.34 
0.580 2 2 3 0.0 0.0 0.069 0.039 -0.1317 -0.1125 12.34 
0.581 2 2 3 0.0 0.0 0.065 0.043 -0.1317 -0.1125 12.34 
0.582 2 2 3 0.0 0.0 0.070 0.047 -0.1390 -0.0964 12.34 
0.583 2 2 3 0.0 0.0 0.064 0.042 -0.1390 -0.0964 12.34 
0.584 2 2 3 0.0 0.0 0.053 0.043 -0.1353 -0.0964 12.34 
0.585 2 2 3 0.0 0.0 0.056 0.028 -0.1060 -0.0964 12.34 
0.586 2 2 3 0.0 0.0 0.055 0.023 -0.1060 -0.0932 12.34 
0.587 2 2 3 0.0 0.0 0.062 0.016 -0.1060 -0.0924 12.34 
0.588 2 2 3 0.0 0.0 0.062 0.016 -0.1060 -0.0924 12.34 
0.589 2 2 3 0.0 0.0 0.054 0.010 -0.1100 -0.0924 12.34 
0.590 2 2 3 0.0 0.0 0.036 0.025 -0.1100 -0.0924 12.34 
0.591 2 2 3 0.0 0.0 0.040 0.024 -0.1100 -0.0807 12.34 
0.592 2 2 3 0.0 0.0 0.033 0.023 -0.1100 -0.0775 12.34 
0.593 2 2 3 0.0 0.0 0.029 0.021 -0.0944 -0.0775 12.34 
0.594 2 2 3 0.0 0.0 0.025 0.023 -0.0944 -0.0775 12.34 
0.595 2 2 3 0.0 0.0 0.028 0.023 -0.0944 -0.0775 12.34 
0.596 2 2 3 0.0 0.0 0.040 0.024 -0.0944 -0.0775 12.34 
0.597 2 2 3 0.0 0.0 0.048 0.022 -0.0968 -0.0691 12.34 
0.598 2 2 3 0.0 0.0 0.049 0.024 -0.0968 -0.0590 12.34 
0.599 2 2 3 0.0 0.0 0.038 0.009 -0.0968 -0.0586 12.34 
0.600 2 2 3 0.0 0.0 0.029 0.006 -0.0968 -0.0586 12.34 
0.601 2 2 3 0.0 0.0 0.021 0.011 -0.0964 -0.0586 12.34 
0.602 2 2 3 0.0 0.0 0.022 0.011 -0.0775 -0.0586 12.34 
0.603 2 2 3 0.0 0.0 0.025 0.016 -0.0739 -0.0586 12.34 
0.604 2 2 3 0.0 0.0 0.023 0.009 -0.0739 -0.0586 12.34 
0.605 2 2 3 0.0 0.0 0.024 0.013 -0.0739 -0.0574 12.34 
0.606 2 2 3 0.0 0.0 0.019 0.015 -0.0739 -0.0502 12.34 
0.607 2 2 3 0.0 0.0 0.023 0.011 -0.0739 -0.0446 12.34 
0.608 2 2 3 0.0 0.0 0.025 0.007 -0.0699 -0.0402 12.34 
0.609 2 2 3 0.0 0.0 0.024 0.010 -0.0651 -0.0365 12.34 
0.610 2 2 3 0.0 0.0 0.024 0.006 -0.0651 -0.0333 12.34 
0.611 2 2 3 0.0 0.0 0.020 0.005 -0.0651 -0.0309 12.34 
0.612 2 2 3 0.0 0.0 0.016 0.002 -0.0651 -0.0285 12.34 
0.613 2 2 3 0.0 0.0 0.017 0.002 -0.0651 -0.0265 12.34 
0.614 2 2 3 0.0 0.0 0.020 -0.005 -0.0651 -0.0249 12.34 
0.615 2 2 3 0.0 0.0 0.008 0.001 -0.0610 -0.0233 12.34 
0.616 2 2 3 0.0 0.0 0.009 -0.002 -0.0530 -0.0221 12.34 
0.617 2 2 3 0.0 0.0 0.005 0.001 -0.0466 -0.0209 12.34 
0.618 2 2 3 0.0 0.0 0.006 -0.005 -0.0418 -0.0201 12.34 
0.619 2 2 3 0.0 0.0 0.009 -0.002 -0.0378 -0.0189 12.34 
0.620 2 2 3 0.0 0.0 -0.001 -0.006 -0.0345 -0.0181 12.34 
0.621 2 2 3 0.0 0.0 0.002 -0.010 -0.0317 -0.0173 12.34 
0.622 2 2 3 0.0 0.0 0.002 -0.012 -0.0293 -0.0165 12.34 
0.623 2 2 3 0.0 0.0 0.003 -0.004 -0.0273 -0.0161 12.34 
0.624 2 2 3 0.0 0.0 0.001 -0.001 -0.0257 -0.0153 12.34 
0.625 2 2 3 0.0 0.0 0.002 -0.003 -0.0241 -0.0149 12.34 
0.626 2 2 3 0.0 0.0 -0.000 -0.003 -0.0225 -0.0141 12.34 
0.627 2 2 3 0.0 0.0 -0.006 0.002 -0.0213 -0.0137 12.34 
0.628 2 2 3 0.0 0.0 -0.006 0.002 -0.0205 -0.0133 12.34 
0.629 2 2 3 0.0 0.0 -0.006 0.004 -0.0193 -0.0129 12.34 
0.630 2 2 3 0.0 0.0 -0.005 0.001 -0.0185 -0.0125 12.34 
0.631 2 2 3 0.0 0.0 -0.001 0.007 -0.0177 -0.0120 12.34 
0.632 2 2 3 0.0 0.0 -0.002 0.013 -0.0169 -0.0116 12.34 
0.633 2 2 3 0.0 0.0 0.005 0.005 -0.0161 -0.0112 12.34 
0.634 2 2 3 0.0 0.0 0.001 0.008 -0.0157 -0.0108 12.34 
0.635 2 2 3 0.0 0.0 -0.006 0.002 -0.0149 -0.0108 12.34 
0.636 2 2 3 0.0 0.0 -0.000 0.001 -0.0145 -0.0104 12.34 
0.637 2 2 3 0.0 0.0 -0.005 -0.002 -0.0141 -0.0100 12.34 
0.638 2 2 3 0.0 0.0 -0.002 -0.000 -0.0133 -0.0100 12.34 
0.639 2 2 3 0.0 0.0 -0.001 0.004 -0.0129 -0.0096 12.34 
0.640 2 2 3 0.0 0.0 -0.005 0.002 -0.0125 -0.0092 12.34 
0.641 2 2 3 0.0 0.0 -0.003 0.004 -0.0120 -0.0092 12.34 
0.642 2 2 3 0.0 0.0 -0.004 0.008 -0.0116 -0.0088 12.34 
0.643 2 2 3 0.0 0.0 -0.000 -0.002 -0.0112 -0.0088 12.35 
0.644 2 2 3 0.0 0.0 -0.007 0.003 -0.0112 -0.0084 12.33 
0.645 2 2 3 0.0 0.0 -0.006 -0.003 -0.0108 -0.0084 12.34 
0.646 2 2 3 0.0 0.0 -0.008 -0.004 -0.0104 -0.0080 12.34 
0.647 2 2 3 0.0 0.0 -0.000 0.001 -0.0100 -0.0080 12.34 
0.648 2 2 3 0.0 0.0 -0.003 -0.003 -0.0100 -0.0080 12.34 
0.649 2 2 3 0.0 0.0 -0.002 -0.002 -0.0096 -0.0076 12.34 
0.650 2 2 3 0.0 0.0 -0.006 -0.002 -0.0096 -0.0076 12.35 
0.651 2 2 3 0.0 0.0 -0.007 0.005 -0.0092 -0.0072 12.34 
0.652 2 2 3 0.0 0.0 -0.008 -0.001 -0.0088 -0.0072 12.34 
0.653 2 2 3 0.0 0.0 -0.000 0.002 -0.0088 -0.0072 12.34 
0.654 2 2 3 0.0 0.0 0.002 0.001 -0.0084 -0.0068 12.34 
0.655 2 2 3 0.0 0.0 -0.001 -0.005 -0.0084 -0.0068 12.34 
0.656 2 2 3 0.0 0.0 0.002 -0.006 -0.0084 -0.0068 12.34 
0.657 2 2 3 0.0 0.0 0.002 0.001 -0.0080 -0.0064 12.34 
0.658 2 2 3 0.0 0.0 -0.000 0.005 -0.0080 -0.0064 12.34 
0.659 2 2 3 0.0 0.0 0.006 -0.003 -0.0076 -0.0064 12.34 
0.660 2 2 3 0.0 0.0 0.004 -0.004 -0.0076 -0.0064 12.34 
0.661 2 2 3 0.0 0.0 -0.002 0.001 -0.0076 -0.0060 12.34 
0.662 2 2 3 0.0 0.0 -0.006 0.005 -0.0072 -0.0060 12.34 
0.663 2 2 3 0.0 0.0 -0.006 0.002 -0.0072 -0.0060 12.34 
0.664 2 2 3 0.0 0.0 -0.003 -0.000 -0.0068 -0.0060 12.34 
0.665 2 2 3 0.0 0.0 -0.009 0.001 -0.0068 -0.0056 12.34 
