%% logfile from robot Karla (10)
% Karla (10)
%  1    time 0.000 sec
%  2  3  4   (mission 0), state 2, thread 2, line 0
%  5  6 Motor voltage [V] left, right: 2.0 2.0
%  7  8 Motor current left, right [A]: 0.049 0.034
%  9 10 Wheel velocity [m/s] left, right: -0.0000 -0.0000
% 11    Battery voltage [V]: 11.07
0.001 2 2 0 2.0 2.0 0.042 0.004 -0.0000 -0.0000 11.07 
0.002 2 2 0 2.0 2.0 0.251 0.174 -0.0000 -0.0000 11.06 
0.003 2 2 0 2.0 2.0 0.331 0.354 -0.0000 -0.0000 11.06 
0.004 2 2 0 2.0 2.0 0.323 0.474 -0.0000 -0.0000 11.06 
0.005 2 2 0 2.0 2.0 0.354 0.527 -0.0000 -0.0000 11.06 
0.006 2 2 0 2.0 2.0 0.406 0.538 -0.0000 -0.0000 11.06 
0.007 2 2 0 2.0 2.0 0.457 0.534 -0.0000 -0.0000 11.06 
0.008 2 2 0 2.0 2.0 0.454 0.511 -0.0000 0.0000 11.06 
0.009 2 2 0 2.0 2.0 0.485 0.478 0.0000 0.0000 11.06 
0.010 2 2 0 2.0 2.0 0.436 0.458 0.0000 0.0000 11.06 
0.011 2 2 0 2.0 2.0 0.413 0.435 0.0000 0.1141 11.06 
0.012 2 2 0 2.0 2.0 0.426 0.427 0.0000 0.1141 11.06 
0.013 2 2 0 2.0 2.0 0.394 0.439 0.0936 0.1141 11.05 
0.014 2 2 0 2.0 2.0 0.390 0.457 0.0936 0.1414 11.06 
0.015 2 2 0 2.0 2.0 0.366 0.357 0.0936 0.1414 11.06 
0.016 2 2 0 2.0 2.0 0.387 0.321 0.1125 0.1699 11.06 
0.017 2 2 0 2.0 2.0 0.363 0.335 0.1125 0.1699 11.06 
0.018 2 2 0 2.0 2.0 0.381 0.351 0.1125 0.1699 11.06 
0.019 2 2 0 2.0 2.0 0.358 0.332 0.1643 0.1775 11.06 
0.020 2 2 0 2.0 2.0 0.336 0.329 0.1643 0.1775 11.06 
0.021 2 2 0 2.0 2.0 0.317 0.339 0.1968 0.2008 11.06 
0.022 2 2 0 2.0 2.0 0.337 0.351 0.1968 0.2008 11.06 
0.023 2 2 0 2.0 2.0 0.352 0.353 0.2169 0.2056 11.06 
0.024 2 2 0 2.0 2.0 0.280 0.355 0.2169 0.2333 11.06 
0.025 2 2 0 2.0 2.0 0.241 0.355 0.1815 0.2333 11.06 
0.026 2 2 0 2.0 2.0 0.215 0.341 0.1815 0.2510 11.06 
0.027 2 2 0 2.0 2.0 0.252 0.313 0.2402 0.2639 11.06 
0.028 2 2 0 2.0 2.0 0.226 0.300 0.3237 0.2639 11.06 
0.029 2 2 0 2.0 2.0 0.278 0.331 0.2659 0.2659 11.06 
0.030 2 2 0 2.0 2.0 0.235 0.294 0.2659 0.2848 11.06 
0.031 2 2 0 2.0 2.0 0.277 0.267 0.2056 0.2848 11.06 
0.032 2 2 0 2.0 2.0 0.243 0.252 0.2056 0.2928 11.06 
0.033 2 2 0 2.0 2.0 0.217 0.260 0.2711 0.2972 11.06 
0.034 2 2 0 2.0 2.0 0.233 0.256 0.3289 0.2908 11.06 
0.035 2 2 0 2.0 2.0 0.249 0.264 0.3064 0.2908 11.06 
0.036 2 2 0 2.0 2.0 0.267 0.273 0.3064 0.3113 11.06 
0.037 2 2 0 2.0 2.0 0.252 0.275 0.2362 0.3161 11.06 
0.038 2 2 0 2.0 2.0 0.233 0.253 0.3088 0.3289 11.06 
0.039 2 2 0 2.0 2.0 0.202 0.266 0.3088 0.3161 11.06 
0.040 2 2 0 2.0 2.0 0.217 0.241 0.3040 0.3161 11.06 
0.041 2 2 0 2.0 2.0 0.210 0.227 0.3317 0.3402 11.06 
0.042 2 2 0 2.0 2.0 0.179 0.241 0.3185 0.3490 11.06 
0.043 2 2 0 2.0 2.0 0.213 0.230 0.3317 0.3462 11.07 
0.044 2 2 0 2.0 2.0 0.229 0.226 0.3317 0.3374 11.07 
0.045 2 2 0 2.0 2.0 0.215 0.214 0.3161 0.3550 11.07 
0.046 2 2 0 2.0 2.0 0.179 0.226 0.3582 0.3462 11.07 
0.047 2 2 0 2.0 2.0 0.190 0.216 0.3185 0.3462 11.06 
0.048 2 2 0 2.0 2.0 0.184 0.199 0.3615 0.3683 11.07 
0.049 2 2 0 2.0 2.0 0.179 0.207 0.3374 0.3751 11.07 
0.050 2 2 0 2.0 2.0 0.173 0.203 0.3787 0.3751 11.07 
0.051 2 2 0 2.0 2.0 0.189 0.203 0.3582 0.3936 11.07 
0.052 2 2 0 2.0 2.0 0.172 0.196 0.3289 0.3860 11.07 
0.053 2 2 0 2.0 2.0 0.197 0.199 0.3787 0.3787 11.07 
0.054 2 2 0 2.0 2.0 0.164 0.198 0.3715 0.3860 11.07 
0.055 2 2 0 2.0 2.0 0.179 0.192 0.3976 0.3615 11.07 
0.056 2 2 0 2.0 2.0 0.145 0.183 0.3237 0.4016 11.07 
0.057 2 2 0 2.0 2.0 0.188 0.206 0.3860 0.4097 11.07 
0.058 2 2 0 2.0 2.0 0.154 0.186 0.3976 0.4097 11.06 
0.059 2 2 0 2.0 2.0 0.163 0.198 0.4016 0.3715 11.06 
0.060 2 2 0 2.0 2.0 0.159 0.194 0.3137 0.3896 11.06 
0.061 2 2 0 2.0 2.0 0.160 0.173 0.3976 0.4137 11.06 
0.062 2 2 0 2.0 2.0 0.168 0.164 0.4269 0.4181 11.06 
0.063 2 2 0 2.0 2.0 0.152 0.169 0.4269 0.3976 11.06 
0.064 2 2 0 2.0 2.0 0.145 0.155 0.3213 0.4137 11.06 
0.065 2 2 0 2.0 2.0 0.114 0.152 0.3651 0.4137 11.07 
0.066 2 2 0 2.0 2.0 0.126 0.168 0.4225 0.4225 11.07 
0.067 2 2 0 2.0 2.0 0.130 0.159 0.4317 0.4317 11.07 
0.068 2 2 0 2.0 2.0 0.155 0.150 0.3289 0.4269 11.06 
0.069 2 2 0 2.0 2.0 0.137 0.167 0.3683 0.4317 11.06 
0.070 2 2 0 2.0 2.0 0.165 0.173 0.3860 0.4362 11.06 
0.071 2 2 0 2.0 2.0 0.134 0.175 0.4137 0.4410 11.06 
0.072 2 2 0 2.0 2.0 0.122 0.166 0.4410 0.4362 11.06 
0.073 2 2 0 2.0 2.0 0.150 0.155 0.4410 0.4410 11.06 
0.074 2 2 0 2.0 2.0 0.149 0.165 0.4462 0.4362 11.06 
0.075 2 2 0 2.0 2.0 0.122 0.157 0.4510 0.4410 11.06 
0.076 2 2 0 2.0 2.0 0.133 0.161 0.3751 0.4317 11.06 
0.077 2 2 0 2.0 2.0 0.136 0.147 0.4056 0.4410 11.06 
0.078 2 2 0 2.0 2.0 0.145 0.143 0.4362 0.4510 11.06 
0.079 2 2 0 2.0 2.0 0.113 0.150 0.3976 0.4510 11.06 
0.080 2 2 0 2.0 2.0 0.111 0.150 0.3522 0.4562 11.06 
0.081 2 2 0 2.0 2.0 0.122 0.153 0.4667 0.4615 11.06 
0.082 2 2 0 2.0 2.0 0.119 0.138 0.4667 0.4667 11.07 
0.083 2 2 0 2.0 2.0 0.126 0.130 0.3462 0.4562 11.06 
0.084 2 2 0 2.0 2.0 0.103 0.138 0.3936 0.4615 11.07 
0.085 2 2 0 2.0 2.0 0.126 0.145 0.4510 0.4615 11.06 
0.086 2 2 0 2.0 2.0 0.109 0.152 0.4615 0.4562 11.06 
0.087 2 2 0 2.0 2.0 0.130 0.157 0.3582 0.4667 11.07 
0.088 2 2 0 2.0 2.0 0.122 0.145 0.4056 0.4723 11.07 
0.089 2 2 0 2.0 2.0 0.136 0.119 0.4225 0.4779 11.06 
0.090 2 2 0 2.0 2.0 0.107 0.116 0.4510 0.4667 11.07 
0.091 2 2 0 2.0 2.0 0.120 0.132 0.4615 0.4723 11.06 
0.092 2 2 0 2.0 2.0 0.105 0.135 0.4462 0.4779 11.07 
0.093 2 2 0 2.0 2.0 0.114 0.112 0.4667 0.4896 11.07 
0.094 2 2 0 2.0 2.0 0.107 0.089 0.4462 0.4896 11.07 
0.095 2 2 0 2.0 2.0 0.122 0.079 0.4615 0.5020 11.07 
0.096 2 2 0 2.0 2.0 0.095 0.088 0.4462 0.4956 11.06 
0.097 2 2 0 2.0 2.0 0.093 0.100 0.4317 0.4956 11.07 
0.098 2 2 0 2.0 2.0 0.097 0.116 0.4667 0.4723 11.07 
0.099 2 2 0 2.0 2.0 0.094 0.104 0.4667 0.4836 11.07 
0.100 2 2 0 2.0 2.0 0.099 0.119 0.4836 0.4956 11.07 
0.101 2 2 0 2.0 2.0 0.081 0.123 0.4410 0.4779 11.06 
0.102 2 2 0 2.0 2.0 0.132 0.122 0.4667 0.4896 11.06 
0.103 2 2 0 2.0 2.0 0.114 0.113 0.5020 0.5081 11.06 
0.104 2 2 0 2.0 2.0 0.125 0.113 0.3896 0.5020 11.07 
0.105 2 2 0 2.0 2.0 0.086 0.106 0.4362 0.4896 11.07 
0.106 2 2 0 2.0 2.0 0.102 0.105 0.4896 0.4896 11.07 
0.107 2 2 0 2.0 2.0 0.081 0.119 0.5020 0.4956 11.07 
0.108 2 2 0 2.0 2.0 0.110 0.119 0.3896 0.5020 11.06 
0.109 2 2 0 2.0 2.0 0.076 0.095 0.5081 0.5020 11.06 
0.110 2 2 0 2.0 2.0 0.079 0.116 0.5149 0.4896 11.07 
0.111 2 2 0 2.0 2.0 0.073 0.138 0.3860 0.4956 11.06 
0.112 2 2 0 2.0 2.0 0.080 0.140 0.4362 0.4956 11.06 
0.113 2 2 0 2.0 2.0 0.085 0.135 0.4562 0.4896 11.06 
0.114 2 2 0 2.0 2.0 0.076 0.123 0.5149 0.4956 11.06 
0.115 2 2 0 2.0 2.0 0.100 0.126 0.5149 0.5020 11.06 
0.116 2 2 0 2.0 2.0 0.087 0.098 0.5149 0.4836 11.07 
0.117 2 2 0 2.0 2.0 0.102 0.111 0.4462 0.4956 11.07 
0.118 2 2 0 2.0 2.0 0.088 0.127 0.4896 0.5020 11.07 
0.119 2 2 0 2.0 2.0 0.113 0.108 0.5081 0.5020 11.07 
0.120 2 2 0 2.0 2.0 0.098 0.092 0.5149 0.5081 11.06 
0.121 2 2 0 2.0 2.0 0.106 0.083 0.4562 0.5149 11.07 
0.122 2 2 0 2.0 2.0 0.088 0.074 0.5575 0.4956 11.07 
0.123 2 2 0 2.0 2.0 0.093 0.089 0.5426 0.5081 11.07 
0.124 2 2 0 2.0 2.0 0.073 0.107 0.3936 0.5020 11.07 
0.125 2 2 0 2.0 2.0 0.095 0.110 0.4410 0.5081 11.07 
0.126 2 2 0 2.0 2.0 0.080 0.119 0.5213 0.4956 11.07 
0.127 2 2 0 2.0 2.0 0.084 0.102 0.4016 0.5149 11.07 
0.128 2 2 0 2.0 2.0 0.095 0.113 0.4510 0.5213 11.07 
0.129 2 2 0 2.0 2.0 0.099 0.079 0.4723 0.5081 11.07 
0.130 2 2 0 2.0 2.0 0.076 0.083 0.4956 0.5081 11.07 
0.131 2 2 0 2.0 2.0 0.067 0.088 0.5081 0.5149 11.06 
0.132 2 2 0 2.0 2.0 0.097 0.088 0.4896 0.5213 11.07 
0.133 2 2 0 2.0 2.0 0.098 0.088 0.5081 0.5354 11.06 
0.134 2 2 0 2.0 2.0 0.084 0.081 0.4836 0.5281 11.06 
0.135 2 2 0 2.0 2.0 0.107 0.087 0.4896 0.5213 11.06 
0.136 2 2 0 2.0 2.0 0.088 0.118 0.5081 0.5213 11.06 
0.137 2 2 0 2.0 2.0 0.084 0.116 0.4779 0.5149 11.06 
0.138 2 2 0 2.0 2.0 0.075 0.115 0.4956 0.5281 11.06 
0.139 2 2 0 2.0 2.0 0.084 0.108 0.5213 0.5281 11.06 
0.140 2 2 0 2.0 2.0 0.058 0.103 0.4723 0.5020 11.07 
0.141 2 2 0 2.0 2.0 0.084 0.075 0.4956 0.5354 11.06 
0.142 2 2 0 2.0 2.0 0.095 0.062 0.5213 0.5354 11.06 
0.143 2 2 0 2.0 2.0 0.092 0.085 0.4225 0.5149 11.06 
0.144 2 2 0 2.0 2.0 0.070 0.094 0.4956 0.5149 11.06 
0.145 2 2 0 2.0 2.0 0.078 0.084 0.5354 0.5213 11.07 
0.146 2 2 0 2.0 2.0 0.063 0.085 0.5149 0.5281 11.06 
0.147 2 2 0 2.0 2.0 0.077 0.063 0.4956 0.5149 11.07 
0.148 2 2 0 2.0 2.0 0.071 0.083 0.5575 0.5149 11.06 
0.149 2 2 0 2.0 2.0 0.068 0.092 0.5498 0.5213 11.07 
0.150 2 2 0 2.0 2.0 0.059 0.098 0.4723 0.5213 11.06 
0.151 2 2 0 2.0 2.0 0.058 0.104 0.4956 0.5213 11.06 
0.152 2 2 0 2.0 2.0 0.080 0.108 0.5213 0.5149 11.06 
0.153 2 2 0 2.0 2.0 0.058 0.100 0.5498 0.5213 11.07 
0.154 2 2 0 2.0 2.0 0.085 0.089 0.5426 0.5149 11.06 
0.155 2 2 0 2.0 2.0 0.087 0.103 0.5426 0.5281 11.06 
0.156 2 2 0 2.0 2.0 0.100 0.091 0.4896 0.5281 11.06 
0.157 2 2 0 2.0 2.0 0.072 0.099 0.5081 0.5213 11.06 
0.158 2 2 0 2.0 2.0 0.085 0.097 0.5354 0.5354 11.06 
0.159 2 2 0 2.0 2.0 0.064 0.089 0.4667 0.5354 11.06 
0.160 2 2 0 2.0 2.0 0.096 0.085 0.4956 0.5213 11.06 
0.161 2 2 0 2.0 2.0 0.080 0.088 0.5575 0.5213 11.07 
0.162 2 2 0 2.0 2.0 0.080 0.096 0.4723 0.5281 11.07 
0.163 2 2 0 2.0 2.0 0.059 0.102 0.4956 0.5149 11.07 
0.164 2 2 0 2.0 2.0 0.095 0.086 0.5498 0.5281 11.06 
0.165 2 2 0 2.0 2.0 0.069 0.085 0.4723 0.5354 11.06 
0.166 2 2 0 2.0 2.0 0.096 0.069 0.5020 0.5281 11.06 
0.167 2 2 0 2.0 2.0 0.083 0.072 0.5081 0.5213 11.06 
0.168 2 2 0 2.0 2.0 0.080 0.085 0.5281 0.5281 11.06 
0.169 2 2 0 2.0 2.0 0.053 0.098 0.5281 0.5426 11.07 
0.170 2 2 0 2.0 2.0 0.078 0.111 0.5081 0.5498 11.07 
0.171 2 2 0 2.0 2.0 0.067 0.072 0.5281 0.5498 11.06 
0.172 2 2 0 2.0 2.0 0.076 0.069 0.5213 0.5354 11.06 
0.173 2 2 0 2.0 2.0 0.076 0.051 0.5020 0.5354 11.06 
0.174 2 2 0 2.0 2.0 0.094 0.071 0.5281 0.5281 11.06 
0.175 2 2 0 2.0 2.0 0.073 0.085 0.4956 0.5354 11.07 
0.176 2 2 0 2.0 2.0 0.088 0.078 0.5149 0.5354 11.07 
0.177 2 2 0 2.0 2.0 0.065 0.093 0.5354 0.5213 11.06 
0.178 2 2 0 2.0 2.0 0.078 0.076 0.4896 0.5426 11.07 
0.179 2 2 0 2.0 2.0 0.084 0.070 0.5354 0.5426 11.06 
0.180 2 2 0 2.0 2.0 0.099 0.091 0.5426 0.5281 11.06 
0.181 2 2 0 2.0 2.0 0.071 0.096 0.4779 0.5213 11.06 
0.182 2 2 0 2.0 2.0 0.086 0.098 0.5081 0.5281 11.06 
0.183 2 2 0 2.0 2.0 0.078 0.086 0.5575 0.5354 11.06 
0.184 2 2 0 2.0 2.0 0.078 0.087 0.4779 0.5213 11.06 
0.185 2 2 0 2.0 2.0 0.071 0.075 0.5081 0.5281 11.06 
0.186 2 2 0 2.0 2.0 0.087 0.076 0.5655 0.5354 11.06 
0.187 2 2 0 2.0 2.0 0.065 0.086 0.4836 0.5281 11.06 
0.188 2 2 0 2.0 2.0 0.076 0.096 0.5081 0.5354 11.06 
0.189 2 2 0 2.0 2.0 0.058 0.094 0.5081 0.5281 11.06 
0.190 2 2 0 2.0 2.0 0.068 0.071 0.5575 0.5213 11.06 
0.191 2 2 0 2.0 2.0 0.068 0.049 0.5498 0.5281 11.06 
0.192 2 2 0 2.0 2.0 0.088 0.066 0.5575 0.5354 11.06 
0.193 2 2 0 2.0 2.0 0.072 0.085 0.5020 0.5354 11.06 
0.194 2 2 0 2.0 2.0 0.076 0.110 0.5213 0.5426 11.06 
0.195 2 2 0 2.0 2.0 0.069 0.101 0.5426 0.5426 11.06 
0.196 2 2 0 2.0 2.0 0.069 0.091 0.4836 0.5281 11.06 
0.197 2 2 0 2.0 2.0 0.067 0.094 0.5149 0.5354 11.06 
0.198 2 2 0 2.0 2.0 0.085 0.088 0.5820 0.5354 11.06 
0.199 2 2 0 2.0 2.0 0.072 0.091 0.4896 0.5281 11.06 
0.200 2 2 0 2.0 2.0 0.060 0.082 0.5149 0.5354 11.06 
0.201 2 2 1 4.0 4.0 0.061 0.095 0.5655 0.5426 11.06 
0.202 2 2 1 4.0 4.0 0.132 0.113 0.4896 0.5281 11.05 
0.203 2 2 1 4.0 4.0 0.305 0.260 0.5149 0.5426 11.04 
0.204 2 2 1 4.0 4.0 0.365 0.422 0.5281 0.5354 11.03 
0.205 2 2 1 4.0 4.0 0.453 0.523 0.5575 0.5735 11.03 
0.206 2 2 1 4.0 4.0 0.462 0.485 0.5735 0.5820 11.03 
0.207 2 2 1 4.0 4.0 0.502 0.469 0.5992 0.5992 11.02 
0.208 2 2 1 4.0 4.0 0.486 0.477 0.5735 0.5992 11.02 
0.209 2 2 1 4.0 4.0 0.469 0.510 0.5992 0.5904 11.03 
0.210 2 2 1 4.0 4.0 0.452 0.544 0.6273 0.6177 11.02 
0.211 2 2 1 4.0 4.0 0.430 0.509 0.6374 0.6374 11.03 
0.212 2 2 1 4.0 4.0 0.451 0.471 0.6374 0.6374 11.03 
0.213 2 2 1 4.0 4.0 0.415 0.454 0.6177 0.6691 11.02 
0.214 2 2 1 4.0 4.0 0.426 0.467 0.6924 0.6583 11.02 
0.215 2 2 1 4.0 4.0 0.400 0.476 0.7044 0.6804 11.04 
0.216 2 2 1 4.0 4.0 0.405 0.438 0.6583 0.6924 11.04 
0.217 2 2 1 4.0 4.0 0.411 0.409 0.7302 0.7169 11.03 
0.218 2 2 1 4.0 4.0 0.377 0.412 0.6374 0.7169 11.03 
0.219 2 2 1 4.0 4.0 0.373 0.437 0.7302 0.7434 11.03 
0.220 2 2 1 4.0 4.0 0.348 0.472 0.6583 0.7434 11.03 
0.221 2 2 1 4.0 4.0 0.377 0.397 0.7169 0.7434 11.04 
0.222 2 2 1 4.0 4.0 0.356 0.394 0.7723 0.7302 11.03 
0.223 2 2 1 4.0 4.0 0.357 0.398 0.7872 0.7575 11.04 
0.224 2 2 1 4.0 4.0 0.356 0.403 0.6804 0.7723 11.03 
0.225 2 2 1 4.0 4.0 0.342 0.372 0.7723 0.7872 11.03 
0.226 2 2 1 4.0 4.0 0.339 0.355 0.8032 0.7872 11.04 
0.227 2 2 1 4.0 4.0 0.324 0.351 0.7434 0.7872 11.04 
0.228 2 2 1 4.0 4.0 0.335 0.355 0.7872 0.7872 11.03 
0.229 2 2 1 4.0 4.0 0.299 0.307 0.7575 0.8193 11.04 
0.230 2 2 1 4.0 4.0 0.325 0.306 0.8193 0.8193 11.03 
0.231 2 2 1 4.0 4.0 0.304 0.329 0.7575 0.8193 11.04 
0.232 2 2 1 4.0 4.0 0.293 0.359 0.8193 0.8543 11.04 
0.233 2 2 1 4.0 4.0 0.296 0.328 0.8366 0.8727 11.04 
0.234 2 2 1 4.0 4.0 0.312 0.314 0.7872 0.8727 11.04 
0.235 2 2 1 4.0 4.0 0.287 0.318 0.8032 0.8543 11.04 
0.236 2 2 1 4.0 4.0 0.268 0.302 0.8032 0.8924 11.04 
0.237 2 2 1 4.0 4.0 0.277 0.282 0.8543 0.8543 11.04 
0.238 2 2 1 4.0 4.0 0.267 0.277 0.8032 0.8727 11.04 
0.239 2 2 1 4.0 4.0 0.276 0.292 0.8727 0.8924 11.04 
0.240 2 2 1 4.0 4.0 0.239 0.280 0.8032 0.8924 11.04 
0.241 2 2 1 4.0 4.0 0.253 0.270 0.9125 0.8924 11.03 
0.242 2 2 1 4.0 4.0 0.278 0.270 0.8366 0.8924 11.04 
0.243 2 2 1 4.0 4.0 0.236 0.313 0.9125 0.9125 11.04 
0.244 2 2 1 4.0 4.0 0.214 0.303 0.8366 0.9125 11.05 
0.245 2 2 1 4.0 4.0 0.212 0.291 0.8924 0.9125 11.06 
0.246 2 2 1 4.0 4.0 0.255 0.284 0.9338 0.9338 11.05 
0.247 2 2 1 4.0 4.0 0.219 0.279 0.8727 0.9338 11.05 
0.248 2 2 1 4.0 4.0 0.231 0.243 0.9125 0.9559 11.05 
0.249 2 2 1 4.0 4.0 0.221 0.243 0.8366 0.9559 11.05 
0.250 2 2 1 4.0 4.0 0.230 0.254 0.9796 0.9559 11.05 
0.251 2 2 1 4.0 4.0 0.211 0.237 0.8727 0.9559 11.05 
0.252 2 2 1 4.0 4.0 0.216 0.230 0.8366 0.9559 11.05 
0.253 2 2 1 4.0 4.0 0.206 0.230 0.8924 0.9559 11.05 
0.254 2 2 1 4.0 4.0 0.187 0.226 0.9338 0.9796 11.05 
0.255 2 2 1 4.0 4.0 0.211 0.200 0.9796 0.9796 11.04 
0.256 2 2 1 4.0 4.0 0.209 0.207 0.9796 0.9559 11.04 
0.257 2 2 1 4.0 4.0 0.205 0.237 0.9796 0.9796 11.06 
0.258 2 2 1 4.0 4.0 0.180 0.232 0.9559 0.9796 11.05 
0.259 2 2 1 4.0 4.0 0.220 0.240 0.9559 1.0041 11.05 
0.260 2 2 1 4.0 4.0 0.204 0.241 1.0041 1.0041 11.05 
0.261 2 2 1 4.0 4.0 0.205 0.235 0.9338 1.0041 11.05 
0.262 2 2 1 4.0 4.0 0.175 0.200 1.0041 1.0041 11.05 
0.263 2 2 1 4.0 4.0 0.170 0.208 0.9796 1.0041 11.05 
0.264 2 2 1 4.0 4.0 0.187 0.212 0.8924 1.0041 11.05 
0.265 2 2 1 4.0 4.0 0.163 0.211 0.9338 1.0041 11.05 
0.266 2 2 1 4.0 4.0 0.178 0.196 1.0041 1.0041 11.05 
0.267 2 2 1 4.0 4.0 0.165 0.212 1.0298 1.0041 11.05 
0.268 2 2 1 4.0 4.0 0.191 0.205 1.0298 1.0041 11.05 
0.269 2 2 1 4.0 4.0 0.183 0.199 0.9125 1.0041 11.05 
0.270 2 2 1 4.0 4.0 0.188 0.212 1.0567 1.0041 11.05 
0.271 2 2 1 4.0 4.0 0.155 0.193 0.9559 1.0298 11.05 
0.272 2 2 1 4.0 4.0 0.160 0.184 0.9125 1.0298 11.05 
0.273 2 2 1 4.0 4.0 0.206 0.180 0.9796 1.0567 11.05 
0.274 2 2 1 4.0 4.0 0.164 0.195 1.0298 1.0567 11.04 
0.275 2 2 1 4.0 4.0 0.160 0.173 1.0567 1.0567 11.05 
0.276 2 2 1 4.0 4.0 0.156 0.173 1.0298 1.0567 11.05 
0.277 2 2 1 4.0 4.0 0.179 0.174 1.0298 1.0298 11.05 
0.278 2 2 1 4.0 4.0 0.145 0.180 1.0852 1.0567 11.05 
0.279 2 2 1 4.0 4.0 0.179 0.180 1.0567 1.0567 11.04 
0.280 2 2 1 4.0 4.0 0.143 0.161 0.8543 1.0567 11.04 
0.281 2 2 1 4.0 4.0 0.171 0.146 1.0852 1.0567 11.05 
0.282 2 2 1 4.0 4.0 0.142 0.147 1.0567 1.0567 11.05 
0.283 2 2 1 4.0 4.0 0.147 0.172 1.1153 1.0567 11.06 
0.284 2 2 1 4.0 4.0 0.141 0.183 1.0567 1.0567 11.05 
0.285 2 2 1 4.0 4.0 0.141 0.187 1.1153 1.0567 11.05 
0.286 2 2 1 4.0 4.0 0.151 0.188 1.1153 1.0567 11.05 
0.287 2 2 1 4.0 4.0 0.131 0.182 1.0852 1.0567 11.06 
0.288 2 2 1 4.0 4.0 0.122 0.145 1.0567 1.0567 11.05 
0.289 2 2 1 4.0 4.0 0.133 0.160 1.1474 1.0567 11.06 
0.290 2 2 1 4.0 4.0 0.163 0.154 1.1153 1.0852 11.06 
0.291 2 2 1 4.0 4.0 0.126 0.163 1.0567 1.0852 11.05 
0.292 2 2 1 4.0 4.0 0.142 0.154 1.0852 1.1153 11.05 
0.293 2 2 1 4.0 4.0 0.124 0.154 1.0852 1.1153 11.06 
0.294 2 2 1 4.0 4.0 0.160 0.157 1.0852 1.0852 11.06 
0.295 2 2 1 4.0 4.0 0.128 0.163 1.0852 1.1153 11.06 
0.296 2 2 1 4.0 4.0 0.120 0.159 1.0852 1.1153 11.05 
0.297 2 2 1 4.0 4.0 0.114 0.165 1.0567 1.0852 11.07 
0.298 2 2 1 4.0 4.0 0.160 0.158 1.1153 1.0852 11.06 
0.299 2 2 1 4.0 4.0 0.115 0.157 1.0852 1.0852 11.05 
0.300 2 2 1 4.0 4.0 0.111 0.148 1.0567 1.0852 11.05 
0.301 2 2 1 4.0 4.0 0.106 0.144 1.1474 1.0852 11.06 
0.302 2 2 1 4.0 4.0 0.100 0.142 1.0852 1.0852 11.06 
0.303 2 2 1 4.0 4.0 0.105 0.132 1.1474 1.0852 11.06 
0.304 2 2 1 4.0 4.0 0.134 0.150 1.1474 1.0852 11.05 
0.305 2 2 1 4.0 4.0 0.110 0.147 1.0852 1.0852 11.06 
0.306 2 2 1 4.0 4.0 0.104 0.125 0.8924 1.0852 11.06 
0.307 2 2 1 4.0 4.0 0.168 0.113 1.1812 1.0852 11.05 
0.308 2 2 1 4.0 4.0 0.130 0.138 1.0852 1.1153 11.05 
0.309 2 2 1 4.0 4.0 0.127 0.145 1.0852 1.1153 11.06 
0.310 2 2 1 4.0 4.0 0.137 0.158 1.0852 1.1153 11.06 
0.311 2 2 1 4.0 4.0 0.163 0.167 1.1153 1.1474 11.05 
0.312 2 2 1 4.0 4.0 0.128 0.158 1.1153 1.1153 11.05 
0.313 2 2 1 4.0 4.0 0.128 0.150 1.1153 1.1153 11.05 
0.314 2 2 1 4.0 4.0 0.121 0.148 1.1153 1.1474 11.06 
0.315 2 2 1 4.0 4.0 0.133 0.146 1.0852 1.1474 11.05 
0.316 2 2 1 4.0 4.0 0.121 0.150 1.1474 1.1474 11.05 
0.317 2 2 1 4.0 4.0 0.117 0.145 1.1153 1.1474 11.05 
0.318 2 2 1 4.0 4.0 0.109 0.123 1.0852 1.1474 11.05 
0.319 2 2 1 4.0 4.0 0.133 0.132 1.1812 1.1474 11.05 
0.320 2 2 1 4.0 4.0 0.115 0.138 1.1153 1.1474 11.05 
0.321 2 2 1 4.0 4.0 0.097 0.137 1.1812 1.1474 11.05 
0.322 2 2 1 4.0 4.0 0.086 0.140 1.1812 1.1474 11.05 
0.323 2 2 1 4.0 4.0 0.105 0.143 1.1153 1.1474 11.05 
0.324 2 2 1 4.0 4.0 0.118 0.135 1.1153 1.1474 11.05 
0.325 2 2 1 4.0 4.0 0.156 0.137 1.1812 1.1474 11.05 
0.326 2 2 1 4.0 4.0 0.110 0.138 1.1812 1.1474 11.05 
0.327 2 2 1 4.0 4.0 0.082 0.138 1.1153 1.1153 11.05 
0.328 2 2 1 4.0 4.0 0.142 0.139 1.1474 1.1474 11.05 
0.329 2 2 1 4.0 4.0 0.105 0.135 1.1153 1.1474 11.06 
0.330 2 2 1 4.0 4.0 0.078 0.131 1.1153 1.1474 11.05 
0.331 2 2 1 4.0 4.0 0.099 0.131 1.1474 1.1153 11.05 
0.332 2 2 1 4.0 4.0 0.107 0.131 1.1153 1.1474 11.05 
0.333 2 2 1 4.0 4.0 0.083 0.131 1.1153 1.1474 11.06 
0.334 2 2 1 4.0 4.0 0.126 0.136 1.1474 1.1474 11.05 
0.335 2 2 1 4.0 4.0 0.099 0.118 1.1474 1.1474 11.06 
0.336 2 2 1 4.0 4.0 0.111 0.119 1.0852 1.1474 11.06 
0.337 2 2 1 4.0 4.0 0.102 0.119 1.1812 1.1474 11.06 
0.338 2 2 1 4.0 4.0 0.099 0.122 1.1153 1.1474 11.05 
0.339 2 2 1 4.0 4.0 0.092 0.117 1.1812 1.1474 11.05 
0.340 2 2 1 4.0 4.0 0.092 0.132 1.0298 1.1474 11.05 
0.341 2 2 1 4.0 4.0 0.111 0.132 1.1474 1.1474 11.05 
0.342 2 2 1 4.0 4.0 0.106 0.135 1.1153 1.1474 11.05 
0.343 2 2 1 4.0 4.0 0.100 0.127 1.1153 1.1474 11.05 
0.344 2 2 1 4.0 4.0 0.090 0.135 1.1812 1.1474 11.05 
0.345 2 2 1 4.0 4.0 0.123 0.142 1.1153 1.1812 11.05 
0.346 2 2 1 4.0 4.0 0.096 0.131 1.1474 1.1812 11.05 
0.347 2 2 1 4.0 4.0 0.086 0.117 1.1474 1.1474 11.05 
0.348 2 2 1 4.0 4.0 0.095 0.119 1.1474 1.1474 11.06 
0.349 2 2 1 4.0 4.0 0.134 0.123 1.1153 1.1474 11.06 
0.350 2 2 1 4.0 4.0 0.089 0.122 1.1474 1.1474 11.06 
0.351 2 2 1 4.0 4.0 0.110 0.129 1.1474 1.1474 11.05 
0.352 2 2 2 -4.0 -4.0 0.117 0.123 1.1153 1.1474 11.05 
0.353 2 2 2 -4.0 -4.0 -0.206 0.028 1.1812 1.1474 11.04 
0.354 2 2 2 -4.0 -4.0 -0.708 -0.464 1.1812 1.1474 11.01 
0.355 2 2 2 -4.0 -4.0 -1.084 -0.994 1.0852 1.1153 10.98 
0.356 2 2 2 -4.0 -4.0 -1.512 -1.502 1.0567 1.0852 10.96 
0.357 2 2 2 -4.0 -4.0 -1.753 -1.695 1.0298 1.0298 10.97 
0.358 2 2 2 -4.0 -4.0 -1.527 -1.540 0.8543 0.9796 10.96 
0.359 2 2 2 -4.0 -4.0 -1.582 -1.681 0.8543 0.9338 10.95 
0.360 2 2 2 -4.0 -4.0 -1.737 -1.798 0.8193 0.8543 10.94 
0.361 2 2 2 -4.0 -4.0 -1.682 -1.622 0.7302 0.7723 10.96 
0.362 2 2 2 -4.0 -4.0 -1.442 -1.486 0.7434 0.7434 10.97 
0.363 2 2 2 -4.0 -4.0 -1.373 -1.615 0.6085 0.6804 10.97 
0.364 2 2 2 -4.0 -4.0 -1.404 -1.733 0.6374 0.6273 10.97 
0.365 2 2 2 -4.0 -4.0 -1.543 -1.753 0.5904 0.5904 10.96 
0.366 2 2 2 -4.0 -4.0 -1.564 -1.674 0.3715 0.5149 10.96 
0.367 2 2 2 -4.0 -4.0 -1.496 -1.371 0.3896 0.4896 10.98 
0.368 2 2 2 -4.0 -4.0 -1.190 -1.368 0.3522 0.4462 10.98 
0.369 2 2 2 -4.0 -4.0 -1.163 -1.456 0.3522 0.3490 10.97 
0.370 2 2 2 -4.0 -4.0 -1.235 -1.523 0.3462 0.3402 10.96 
0.371 2 2 2 -4.0 -4.0 -1.291 -1.537 0.2731 0.2695 10.98 
0.372 2 2 2 -4.0 -4.0 -1.338 -1.520 0.2374 0.2695 10.97 
0.373 2 2 2 -4.0 -4.0 -1.320 -1.474 0.1884 0.1619 10.98 
0.374 2 2 2 -4.0 -4.0 -1.305 -1.419 0.1884 0.1474 10.98 
0.375 2 2 2 -4.0 -4.0 -1.236 -1.352 0.1566 0.1474 10.97 
0.376 2 2 2 -4.0 -4.0 -1.266 -1.303 0.1125 0.1450 10.97 
0.377 2 2 2 -4.0 -4.0 -1.190 -1.263 0.0880 0.1064 11.00 
0.378 2 2 2 -4.0 -4.0 -1.141 -1.217 0.0719 0.0839 10.98 
0.379 2 2 2 -4.0 -4.0 -1.102 -1.181 -0.0647 0.0695 11.01 
0.380 2 2 2 -4.0 -4.0 -1.110 -1.134 -0.0647 -0.0594 11.00 
0.381 2 2 2 -4.0 -4.0 -1.042 -1.105 -0.1831 -0.0594 11.01 
0.382 2 2 2 -4.0 -4.0 -0.943 -1.080 -0.1831 -0.0594 11.00 
0.383 2 2 2 -4.0 -4.0 -0.912 -1.081 -0.2390 -0.1574 11.01 
0.384 2 2 2 -4.0 -4.0 -0.901 -1.072 -0.2952 -0.1574 11.01 
0.385 2 2 2 -4.0 -4.0 -0.835 -1.053 -0.2952 -0.2462 11.01 
0.386 2 2 2 -4.0 -4.0 -0.776 -0.995 -0.3016 -0.2868 11.02 
0.387 2 2 2 -4.0 -4.0 -0.763 -0.935 -0.3462 -0.3137 11.01 
0.388 2 2 2 -4.0 -4.0 -0.710 -0.895 -0.2868 -0.3462 11.01 
0.389 2 2 2 -4.0 -4.0 -0.720 -0.853 -0.3430 -0.3462 11.02 
0.390 2 2 2 -4.0 -4.0 -0.711 -0.765 -0.4016 -0.3615 11.03 
0.391 2 2 2 -4.0 -4.0 -0.690 -0.753 -0.4225 -0.3860 11.03 
0.392 2 2 2 -4.0 -4.0 -0.641 -0.763 -0.3462 -0.4016 11.03 
0.393 2 2 2 -4.0 -4.0 -0.604 -0.784 -0.4137 -0.4056 11.04 
0.394 2 2 2 -4.0 -4.0 -0.535 -0.767 -0.5020 -0.4362 11.04 
0.395 2 2 2 -4.0 -4.0 -0.496 -0.727 -0.4510 -0.4615 11.04 
0.396 2 2 2 -4.0 -4.0 -0.534 -0.699 -0.4956 -0.4836 11.04 
0.397 2 2 2 -4.0 -4.0 -0.554 -0.680 -0.5498 -0.5020 11.04 
0.398 2 2 2 -4.0 -4.0 -0.556 -0.595 -0.5149 -0.5281 11.04 
0.399 2 2 2 -4.0 -4.0 -0.578 -0.561 -0.5655 -0.5354 11.04 
0.400 2 2 2 -4.0 -4.0 -0.503 -0.558 -0.5820 -0.5498 11.04 
0.401 2 2 2 -4.0 -4.0 -0.521 -0.560 -0.6085 -0.5735 11.03 
0.402 2 2 2 -4.0 -4.0 -0.517 -0.569 -0.6085 -0.5904 11.03 
0.403 2 2 2 -4.0 -4.0 -0.498 -0.550 -0.6273 -0.5992 11.04 
0.404 2 2 2 -4.0 -4.0 -0.488 -0.540 -0.6177 -0.6085 11.04 
0.405 2 2 2 -4.0 -4.0 -0.401 -0.539 -0.6924 -0.6177 11.04 
0.406 2 2 2 -4.0 -4.0 -0.415 -0.540 -0.5992 -0.6273 11.04 
0.407 2 2 2 -4.0 -4.0 -0.414 -0.520 -0.7044 -0.6273 11.05 
0.408 2 2 2 -4.0 -4.0 -0.425 -0.479 -0.6374 -0.6474 11.04 
0.409 2 2 2 -4.0 -4.0 -0.429 -0.426 -0.6924 -0.6583 11.04 
0.410 2 2 2 -4.0 -4.0 -0.399 -0.436 -0.7302 -0.6804 11.04 
0.411 2 2 2 -4.0 -4.0 -0.379 -0.456 -0.7169 -0.6924 11.04 
0.412 2 2 2 -4.0 -4.0 -0.357 -0.445 -0.7434 -0.7044 11.04 
0.413 2 2 2 -4.0 -4.0 -0.337 -0.435 -0.7044 -0.7044 11.04 
0.414 2 2 2 -4.0 -4.0 -0.296 -0.430 -0.7302 -0.7044 11.04 
0.415 2 2 2 -4.0 -4.0 -0.313 -0.421 -0.7169 -0.7575 11.04 
0.416 2 2 2 -4.0 -4.0 -0.315 -0.410 -0.7302 -0.7302 11.05 
0.417 2 2 2 -4.0 -4.0 -0.346 -0.400 -0.7723 -0.7723 11.05 
0.418 2 2 2 -4.0 -4.0 -0.323 -0.382 -0.7872 -0.7434 11.05 
0.419 2 2 2 -4.0 -4.0 -0.345 -0.371 -0.7044 -0.7575 11.05 
0.420 2 2 2 -4.0 -4.0 -0.311 -0.377 -0.7872 -0.7872 11.05 
0.421 2 2 2 -4.0 -4.0 -0.290 -0.364 -0.7169 -0.8193 11.05 
0.422 2 2 2 -4.0 -4.0 -0.279 -0.348 -0.8193 -0.7723 11.05 
0.423 2 2 2 -4.0 -4.0 -0.261 -0.341 -0.7575 -0.8032 11.05 
0.424 2 2 2 -4.0 -4.0 -0.285 -0.338 -0.8032 -0.8366 11.05 
0.425 2 2 2 -4.0 -4.0 -0.273 -0.351 -0.7575 -0.8032 11.05 
0.426 2 2 2 -4.0 -4.0 -0.293 -0.334 -0.8032 -0.8032 11.05 
0.427 2 2 2 -4.0 -4.0 -0.300 -0.313 -0.8543 -0.8193 11.05 
0.428 2 2 2 -4.0 -4.0 -0.314 -0.318 -0.8727 -0.8366 11.05 
0.429 2 2 2 -4.0 -4.0 -0.274 -0.324 -0.7575 -0.8543 11.06 
0.430 2 2 2 -4.0 -4.0 -0.275 -0.335 -0.8727 -0.8543 11.06 
0.431 2 2 2 -4.0 -4.0 -0.266 -0.322 -0.8193 -0.8366 11.05 
0.432 2 2 2 -4.0 -4.0 -0.295 -0.310 -0.8924 -0.8543 11.05 
0.433 2 2 2 -4.0 -4.0 -0.276 -0.295 -0.8366 -0.8727 11.05 
0.434 2 2 2 -4.0 -4.0 -0.248 -0.276 -0.8924 -0.8924 11.05 
0.435 2 2 2 -4.0 -4.0 -0.246 -0.270 -0.8727 -0.8924 11.05 
0.436 2 2 2 -4.0 -4.0 -0.241 -0.294 -0.8543 -0.9125 11.05 
0.437 2 2 2 -4.0 -4.0 -0.236 -0.276 -0.8924 -0.9125 11.05 
0.438 2 2 2 -4.0 -4.0 -0.211 -0.260 -0.8924 -0.9125 11.05 
0.439 2 2 2 -4.0 -4.0 -0.216 -0.265 -0.8924 -0.8366 11.05 
0.440 2 2 2 -4.0 -4.0 -0.228 -0.277 -0.9338 -0.9338 11.05 
0.441 2 2 2 -4.0 -4.0 -0.214 -0.273 -0.9559 -0.9125 11.05 
0.442 2 2 2 -4.0 -4.0 -0.190 -0.269 -0.8727 -0.9125 11.05 
0.443 2 2 2 -4.0 -4.0 -0.161 -0.246 -0.7723 -0.9559 11.05 
0.444 2 2 2 -4.0 -4.0 -0.205 -0.243 -0.9559 -0.9559 11.05 
0.445 2 2 2 -4.0 -4.0 -0.190 -0.238 -0.8727 -0.9559 11.05 
0.446 2 2 2 -4.0 -4.0 -0.227 -0.256 -0.9559 -0.9559 11.05 
0.447 2 2 2 -4.0 -4.0 -0.217 -0.279 -0.9559 -0.9559 11.05 
0.448 2 2 2 -4.0 -4.0 -0.239 -0.248 -1.0041 -0.9559 11.04 
0.449 2 2 2 -4.0 -4.0 -0.216 -0.229 -1.0041 -0.9559 11.05 
0.450 2 2 2 -4.0 -4.0 -0.232 -0.246 -0.8727 -0.9796 11.05 
0.451 2 2 2 -4.0 -4.0 -0.215 -0.249 -1.0041 -0.9796 11.05 
0.452 2 2 2 -4.0 -4.0 -0.208 -0.248 -0.9125 -0.9796 11.05 
0.453 2 2 2 -4.0 -4.0 -0.193 -0.237 -0.8727 -0.9796 11.05 
0.454 2 2 2 -4.0 -4.0 -0.223 -0.226 -0.9338 -0.9796 11.05 
0.455 2 2 2 -4.0 -4.0 -0.209 -0.217 -0.9338 -0.9796 11.05 
0.456 2 2 2 -4.0 -4.0 -0.163 -0.223 -1.0041 -0.9796 11.05 
0.457 2 2 2 -4.0 -4.0 -0.161 -0.231 -1.0041 -0.9796 11.05 
0.458 2 2 2 -4.0 -4.0 -0.155 -0.224 -0.9125 -0.9796 11.05 
0.459 2 2 2 -4.0 -4.0 -0.178 -0.214 -0.9796 -1.0298 11.05 
0.460 2 2 2 -4.0 -4.0 -0.152 -0.211 -1.0298 -1.0041 11.05 
0.461 2 2 2 -4.0 -4.0 -0.186 -0.207 -1.0298 -1.0041 11.05 
0.462 2 2 2 -4.0 -4.0 -0.171 -0.200 -0.9559 -1.0041 11.02 
0.463 2 2 2 -4.0 -4.0 -0.188 -0.200 -0.8924 -1.0298 11.05 
0.464 2 2 2 -4.0 -4.0 -0.166 -0.202 -1.0567 -1.0567 11.05 
0.465 2 2 2 -4.0 -4.0 -0.168 -0.191 -1.0298 -1.0298 11.05 
0.466 2 2 2 -4.0 -4.0 -0.129 -0.185 -0.9559 -1.0298 11.05 
0.467 2 2 2 -4.0 -4.0 -0.182 -0.200 -1.0298 -1.0298 11.05 
0.468 2 2 2 -4.0 -4.0 -0.176 -0.181 -1.1153 -1.0298 11.05 
0.469 2 2 2 -4.0 -4.0 -0.143 -0.180 -1.0852 -1.0567 11.05 
0.470 2 2 2 -4.0 -4.0 -0.164 -0.186 -1.0852 -1.0567 11.06 
0.471 2 2 2 -4.0 -4.0 -0.164 -0.196 -1.0041 -1.0567 11.05 
0.472 2 2 2 -4.0 -4.0 -0.176 -0.196 -1.0852 -1.0567 11.05 
0.473 2 2 2 -4.0 -4.0 -0.148 -0.192 -1.0567 -1.0567 11.05 
0.474 2 2 2 -4.0 -4.0 -0.158 -0.198 -1.0298 -1.0567 11.05 
0.475 2 2 2 -4.0 -4.0 -0.133 -0.180 -1.0852 -1.0567 11.05 
0.476 2 2 2 -4.0 -4.0 -0.144 -0.184 -1.0852 -1.0567 11.06 
0.477 2 2 2 -4.0 -4.0 -0.123 -0.191 -1.0567 -1.0298 11.06 
0.478 2 2 2 -4.0 -4.0 -0.139 -0.180 -1.0567 -1.0567 11.05 
0.479 2 2 2 -4.0 -4.0 -0.136 -0.184 -1.1153 -1.0298 11.05 
0.480 2 2 2 -4.0 -4.0 -0.160 -0.199 -1.1153 -1.0567 11.05 
0.481 2 2 2 -4.0 -4.0 -0.121 -0.202 -1.1153 -1.0298 11.05 
0.482 2 2 2 -4.0 -4.0 -0.118 -0.178 -0.9338 -1.0567 11.05 
0.483 2 2 2 -4.0 -4.0 -0.122 -0.173 -1.0852 -1.0852 11.05 
0.484 2 2 2 -4.0 -4.0 -0.148 -0.185 -1.0852 -1.0567 11.05 
0.485 2 2 2 -4.0 -4.0 -0.133 -0.162 -1.0567 -1.0567 11.06 
0.486 2 2 2 -4.0 -4.0 -0.159 -0.167 -1.1153 -1.0567 11.06 
0.487 2 2 2 -4.0 -4.0 -0.149 -0.169 -1.1153 -1.0567 11.05 
0.488 2 2 2 -4.0 -4.0 -0.149 -0.154 -1.0298 -1.0852 11.05 
0.489 2 2 2 -4.0 -4.0 -0.148 -0.166 -1.1153 -1.0852 11.05 
0.490 2 2 2 -4.0 -4.0 -0.135 -0.154 -1.1153 -1.0852 11.05 
0.491 2 2 2 -4.0 -4.0 -0.120 -0.152 -1.0567 -1.0852 11.05 
0.492 2 2 2 -4.0 -4.0 -0.118 -0.153 -1.1153 -1.0852 11.05 
0.493 2 2 2 -4.0 -4.0 -0.144 -0.145 -1.0852 -1.0852 11.05 
0.494 2 2 2 -4.0 -4.0 -0.090 -0.152 -1.0852 -1.1153 11.05 
0.495 2 2 2 -4.0 -4.0 -0.123 -0.176 -1.1153 -1.1153 11.05 
0.496 2 2 2 -4.0 -4.0 -0.112 -0.158 -1.1153 -1.0852 11.06 
0.497 2 2 2 -4.0 -4.0 -0.133 -0.139 -1.1153 -1.0852 11.05 
0.498 2 2 2 -4.0 -4.0 -0.130 -0.161 -1.1153 -1.0852 11.05 
0.499 2 2 2 -4.0 -4.0 -0.114 -0.167 -1.0852 -1.0852 11.06 
0.500 2 2 2 -4.0 -4.0 -0.089 -0.151 -1.0567 -1.1153 11.05 
0.501 2 2 2 -4.0 -4.0 -0.136 -0.169 -1.1812 -1.1153 11.04 
0.502 2 2 2 -4.0 -4.0 -0.133 -0.159 -1.1474 -1.1153 11.05 
0.503 2 2 3 0.0 0.0 -0.097 -0.151 -1.0852 -1.1153 11.05 
0.504 2 2 3 0.0 0.0 0.016 -0.113 -1.1474 -1.1153 11.06 
0.505 2 2 3 0.0 0.0 0.316 0.181 -1.1474 -1.1153 11.07 
0.506 2 2 3 0.0 0.0 0.570 0.524 -1.0567 -1.1153 11.07 
0.507 2 2 3 0.0 0.0 0.597 0.652 -1.1153 -1.0852 11.07 
0.508 2 2 3 0.0 0.0 0.606 0.647 -0.9796 -1.0567 11.07 
0.509 2 2 3 0.0 0.0 0.715 0.753 -0.9338 -1.0298 11.07 
0.510 2 2 3 0.0 0.0 0.698 0.826 -0.9338 -0.9796 11.07 
0.511 2 2 3 0.0 0.0 0.586 0.668 -0.8543 -0.9338 11.07 
0.512 2 2 3 0.0 0.0 0.637 0.694 -0.8924 -0.9125 11.07 
0.513 2 2 3 0.0 0.0 0.677 0.778 -0.8366 -0.9125 11.07 
0.514 2 2 3 0.0 0.0 0.593 0.744 -0.8032 -0.8543 11.07 
0.515 2 2 3 0.0 0.0 0.530 0.614 -0.7723 -0.8193 11.07 
0.516 2 2 3 0.0 0.0 0.609 0.659 -0.7723 -0.8366 11.07 
0.517 2 2 3 0.0 0.0 0.662 0.721 -0.7872 -0.7575 11.06 
0.518 2 2 3 0.0 0.0 0.590 0.698 -0.7723 -0.7575 11.07 
0.519 2 2 3 0.0 0.0 0.492 0.566 -0.6691 -0.7575 11.07 
0.520 2 2 3 0.0 0.0 0.525 0.586 -0.7575 -0.7169 11.07 
0.521 2 2 3 0.0 0.0 0.567 0.652 -0.7434 -0.7044 11.07 
0.522 2 2 3 0.0 0.0 0.560 0.663 -0.6691 -0.6924 11.07 
0.523 2 2 3 0.0 0.0 0.427 0.529 -0.7044 -0.6691 11.07 
0.524 2 2 3 0.0 0.0 0.409 0.457 -0.5992 -0.6273 11.07 
0.525 2 2 3 0.0 0.0 0.475 0.500 -0.6474 -0.6177 11.07 
0.526 2 2 3 0.0 0.0 0.508 0.570 -0.6474 -0.5992 11.07 
0.527 2 2 3 0.0 0.0 0.485 0.572 -0.5992 -0.5904 11.07 
0.528 2 2 3 0.0 0.0 0.393 0.540 -0.5904 -0.5820 11.07 
0.529 2 2 3 0.0 0.0 0.355 0.427 -0.5992 -0.5575 11.07 
0.530 2 2 3 0.0 0.0 0.385 0.407 -0.5904 -0.5426 11.07 
0.531 2 2 3 0.0 0.0 0.423 0.467 -0.5498 -0.5354 11.07 
0.532 2 2 3 0.0 0.0 0.423 0.493 -0.4896 -0.5149 11.07 
0.533 2 2 3 0.0 0.0 0.401 0.501 -0.4462 -0.4956 11.07 
0.534 2 2 3 0.0 0.0 0.325 0.469 -0.5020 -0.4779 11.07 
0.535 2 2 3 0.0 0.0 0.255 0.347 -0.4896 -0.4615 11.07 
0.536 2 2 3 0.0 0.0 0.272 0.311 -0.3582 -0.4562 11.07 
0.537 2 2 3 0.0 0.0 0.335 0.329 -0.4097 -0.4462 11.07 
0.538 2 2 3 0.0 0.0 0.381 0.374 -0.4462 -0.4317 11.07 
0.539 2 2 3 0.0 0.0 0.373 0.399 -0.4410 -0.3715 11.07 
0.540 2 2 3 0.0 0.0 0.351 0.395 -0.3213 -0.3751 11.07 
0.541 2 2 3 0.0 0.0 0.335 0.370 -0.3615 -0.3490 11.07 
0.542 2 2 3 0.0 0.0 0.258 0.332 -0.3936 -0.3490 11.07 
0.543 2 2 3 0.0 0.0 0.224 0.250 -0.3751 -0.3490 11.06 
0.544 2 2 3 0.0 0.0 0.207 0.210 -0.2996 -0.3213 11.06 
0.545 2 2 3 0.0 0.0 0.220 0.221 -0.2996 -0.3237 11.06 
0.546 2 2 3 0.0 0.0 0.259 0.249 -0.3615 -0.3064 11.07 
0.547 2 2 3 0.0 0.0 0.270 0.277 -0.3213 -0.3064 11.07 
0.548 2 2 3 0.0 0.0 0.261 0.302 -0.3213 -0.2908 11.07 
0.549 2 2 3 0.0 0.0 0.230 0.313 -0.2711 -0.2538 11.07 
0.550 2 2 3 0.0 0.0 0.204 0.290 -0.2639 -0.2538 11.07 
0.551 2 2 3 0.0 0.0 0.199 0.245 -0.3040 -0.2574 11.07 
0.552 2 2 3 0.0 0.0 0.156 0.205 -0.2538 -0.2446 11.07 
0.553 2 2 3 0.0 0.0 0.133 0.161 -0.2538 -0.2446 11.07 
0.554 2 2 3 0.0 0.0 0.128 0.148 -0.2747 -0.2333 11.06 
0.555 2 2 3 0.0 0.0 0.122 0.126 -0.2510 -0.2333 11.07 
0.556 2 2 3 0.0 0.0 0.153 0.137 -0.2281 -0.2205 11.07 
0.557 2 2 3 0.0 0.0 0.187 0.134 -0.2538 -0.2205 11.07 
0.558 2 2 3 0.0 0.0 0.208 0.140 -0.2538 -0.2241 11.07 
0.559 2 2 3 0.0 0.0 0.215 0.159 -0.2088 -0.2205 11.07 
0.560 2 2 3 0.0 0.0 0.207 0.186 -0.2088 -0.1956 11.07 
0.561 2 2 3 0.0 0.0 0.177 0.205 -0.2157 -0.1956 11.07 
0.562 2 2 3 0.0 0.0 0.137 0.214 -0.2157 -0.1892 11.07 
0.563 2 2 3 0.0 0.0 0.118 0.207 -0.1868 -0.1892 11.07 
0.564 2 2 3 0.0 0.0 0.116 0.184 -0.1868 -0.1743 11.07 
0.565 2 2 3 0.0 0.0 0.122 0.165 -0.1948 -0.1743 11.07 
0.566 2 2 3 0.0 0.0 0.111 0.145 -0.1948 -0.1707 11.07 
0.567 2 2 3 0.0 0.0 0.105 0.136 -0.1767 -0.1526 11.07 
0.568 2 2 3 0.0 0.0 0.104 0.128 -0.1671 -0.1526 11.07 
0.569 2 2 3 0.0 0.0 0.096 0.123 -0.1671 -0.1482 11.07 
0.570 2 2 3 0.0 0.0 0.090 0.132 -0.1651 -0.1253 11.07 
0.571 2 2 3 0.0 0.0 0.072 0.131 -0.1651 -0.1253 11.07 
0.572 2 2 3 0.0 0.0 0.070 0.112 -0.1643 -0.1253 11.08 
0.573 2 2 3 0.0 0.0 0.066 0.078 -0.1165 -0.1245 11.07 
0.574 2 2 3 0.0 0.0 0.069 0.062 -0.1125 -0.1245 11.07 
0.575 2 2 3 0.0 0.0 0.079 0.074 -0.1125 -0.1245 11.07 
0.576 2 2 3 0.0 0.0 0.087 0.076 -0.1125 -0.1217 11.07 
0.577 2 2 3 0.0 0.0 0.099 0.075 -0.1345 -0.1096 11.07 
0.578 2 2 3 0.0 0.0 0.107 0.076 -0.1345 -0.1096 11.07 
0.579 2 2 3 0.0 0.0 0.103 0.065 -0.1345 -0.1096 11.07 
0.580 2 2 3 0.0 0.0 0.093 0.062 -0.1233 -0.1096 11.07 
0.581 2 2 3 0.0 0.0 0.064 0.061 -0.1233 -0.0880 11.07 
0.582 2 2 3 0.0 0.0 0.054 0.056 -0.1233 -0.0880 11.07 
0.583 2 2 3 0.0 0.0 0.050 0.052 -0.1100 -0.0880 11.07 
0.584 2 2 3 0.0 0.0 0.054 0.051 -0.0916 -0.0880 11.07 
0.585 2 2 3 0.0 0.0 0.050 0.058 -0.0916 -0.0880 11.07 
0.586 2 2 3 0.0 0.0 0.050 0.065 -0.0916 -0.0787 11.07 
0.587 2 2 3 0.0 0.0 0.040 0.069 -0.0916 -0.0659 11.07 
0.588 2 2 3 0.0 0.0 0.040 0.068 -0.0916 -0.0570 11.07 
0.589 2 2 3 0.0 0.0 0.039 0.070 -0.0759 -0.0570 11.07 
0.590 2 2 3 0.0 0.0 0.041 0.066 -0.0639 -0.0570 11.07 
0.591 2 2 3 0.0 0.0 0.035 0.055 -0.0566 -0.0570 11.07 
0.592 2 2 3 0.0 0.0 0.033 0.044 -0.0566 -0.0570 11.09 
0.593 2 2 3 0.0 0.0 0.042 0.036 -0.0566 -0.0570 11.07 
0.594 2 2 3 0.0 0.0 0.038 0.036 -0.0566 -0.0570 11.07 
0.595 2 2 3 0.0 0.0 0.042 0.031 -0.0566 -0.0566 11.07 
0.596 2 2 3 0.0 0.0 0.043 0.036 -0.0566 -0.0498 11.07 
0.597 2 2 3 0.0 0.0 0.044 0.027 -0.0566 -0.0442 11.07 
0.598 2 2 3 0.0 0.0 0.042 0.024 -0.0623 -0.0398 11.08 
0.599 2 2 3 0.0 0.0 0.032 0.021 -0.0623 -0.0361 11.07 
0.600 2 2 3 0.0 0.0 0.033 0.017 -0.0623 -0.0329 11.07 
0.601 2 2 3 0.0 0.0 0.025 0.023 -0.0623 -0.0305 11.07 
0.602 2 2 3 0.0 0.0 0.022 0.027 -0.0623 -0.0285 11.07 
0.603 2 2 3 0.0 0.0 0.022 0.019 -0.0623 -0.0265 11.07 
0.604 2 2 3 0.0 0.0 0.022 0.018 -0.0590 -0.0249 11.07 
0.605 2 2 3 0.0 0.0 0.023 0.009 -0.0538 -0.0233 11.07 
0.606 2 2 3 0.0 0.0 0.011 0.005 -0.0538 -0.0221 11.07 
0.607 2 2 3 0.0 0.0 0.013 0.001 -0.0538 -0.0209 11.07 
0.608 2 2 3 0.0 0.0 0.013 0.001 -0.0538 -0.0197 11.07 
0.609 2 2 3 0.0 0.0 0.017 -0.000 -0.0538 -0.0189 11.07 
0.610 2 2 3 0.0 0.0 0.017 -0.011 -0.0538 -0.0181 11.07 
0.611 2 2 3 0.0 0.0 0.004 -0.005 -0.0538 -0.0173 11.07 
0.612 2 2 3 0.0 0.0 0.004 -0.002 -0.0538 -0.0165 11.07 
0.613 2 2 3 0.0 0.0 0.004 -0.002 -0.0478 -0.0157 11.07 
0.614 2 2 3 0.0 0.0 0.007 0.001 -0.0430 -0.0153 11.07 
0.615 2 2 3 0.0 0.0 0.008 -0.007 -0.0386 -0.0145 11.07 
0.616 2 2 3 0.0 0.0 -0.000 0.001 -0.0353 -0.0141 11.07 
0.617 2 2 3 0.0 0.0 0.000 -0.000 -0.0325 -0.0137 11.07 
0.618 2 2 3 0.0 0.0 -0.000 -0.002 -0.0297 -0.0133 11.07 
0.619 2 2 3 0.0 0.0 -0.000 0.001 -0.0277 -0.0129 11.07 
0.620 2 2 3 0.0 0.0 0.006 -0.007 -0.0261 -0.0125 11.07 
0.621 2 2 3 0.0 0.0 -0.002 0.002 -0.0245 -0.0120 11.07 
0.622 2 2 3 0.0 0.0 -0.003 0.001 -0.0229 -0.0116 11.07 
0.623 2 2 3 0.0 0.0 0.000 0.002 -0.0217 -0.0112 11.07 
0.624 2 2 3 0.0 0.0 0.003 0.001 -0.0205 -0.0108 11.09 
0.625 2 2 3 0.0 0.0 0.003 -0.000 -0.0197 -0.0104 11.07 
0.626 2 2 3 0.0 0.0 0.001 -0.001 -0.0185 -0.0104 11.07 
0.627 2 2 3 0.0 0.0 -0.003 0.002 -0.0177 -0.0100 11.07 
0.628 2 2 3 0.0 0.0 -0.001 0.004 -0.0169 -0.0096 11.07 
0.629 2 2 3 0.0 0.0 -0.002 -0.002 -0.0165 -0.0096 11.06 
0.630 2 2 3 0.0 0.0 -0.006 -0.001 -0.0157 -0.0092 11.06 
0.631 2 2 3 0.0 0.0 -0.011 -0.006 -0.0149 -0.0092 11.06 
0.632 2 2 3 0.0 0.0 -0.003 -0.001 -0.0145 -0.0088 11.06 
0.633 2 2 3 0.0 0.0 0.001 -0.002 -0.0141 -0.0088 11.07 
0.634 2 2 3 0.0 0.0 -0.001 0.005 -0.0137 -0.0084 11.07 
0.635 2 2 3 0.0 0.0 -0.002 0.003 -0.0129 -0.0084 11.07 
0.636 2 2 3 0.0 0.0 -0.003 0.003 -0.0125 -0.0080 11.07 
0.637 2 2 3 0.0 0.0 -0.005 -0.002 -0.0120 -0.0080 11.07 
0.638 2 2 3 0.0 0.0 -0.007 0.014 -0.0116 -0.0076 11.07 
0.639 2 2 3 0.0 0.0 -0.006 0.013 -0.0116 -0.0076 11.07 
0.640 2 2 3 0.0 0.0 -0.002 0.017 -0.0112 -0.0076 11.07 
0.641 2 2 3 0.0 0.0 -0.000 0.020 -0.0108 -0.0072 11.07 
0.642 2 2 3 0.0 0.0 0.002 0.011 -0.0104 -0.0072 11.07 
0.643 2 2 3 0.0 0.0 0.002 0.006 -0.0104 -0.0072 11.07 
0.644 2 2 3 0.0 0.0 0.000 0.006 -0.0100 -0.0068 11.07 
0.645 2 2 3 0.0 0.0 0.009 0.003 -0.0096 -0.0068 11.07 
0.646 2 2 3 0.0 0.0 0.007 -0.016 -0.0096 -0.0068 11.07 
0.647 2 2 3 0.0 0.0 0.001 -0.002 -0.0092 -0.0064 11.07 
0.648 2 2 3 0.0 0.0 0.001 -0.007 -0.0092 -0.0064 11.07 
0.649 2 2 3 0.0 0.0 0.000 -0.006 -0.0088 -0.0064 11.07 
0.650 2 2 3 0.0 0.0 -0.000 -0.002 -0.0088 -0.0064 11.08 
0.651 2 2 3 0.0 0.0 0.000 -0.006 -0.0084 -0.0060 11.07 
0.652 2 2 3 0.0 0.0 -0.002 -0.004 -0.0084 -0.0060 11.07 
0.653 2 2 3 0.0 0.0 0.001 -0.002 -0.0080 -0.0060 11.07 
0.654 2 2 3 0.0 0.0 0.001 -0.003 -0.0080 -0.0060 11.07 
0.655 2 2 3 0.0 0.0 0.001 -0.002 -0.0076 -0.0056 11.07 
0.656 2 2 3 0.0 0.0 -0.001 -0.008 -0.0076 -0.0056 11.07 
0.657 2 2 3 0.0 0.0 -0.000 -0.002 -0.0076 -0.0056 11.06 
0.658 2 2 3 0.0 0.0 -0.000 0.005 -0.0072 -0.0056 11.07 
0.659 2 2 3 0.0 0.0 -0.003 -0.003 -0.0072 -0.0056 11.07 
0.660 2 2 3 0.0 0.0 0.001 0.001 -0.0072 -0.0052 11.07 
0.661 2 2 3 0.0 0.0 -0.001 -0.002 -0.0068 -0.0052 11.07 
0.662 2 2 3 0.0 0.0 -0.003 -0.002 -0.0068 -0.0052 11.07 
0.663 2 2 3 0.0 0.0 -0.004 -0.004 -0.0068 -0.0052 11.07 
0.664 2 2 3 0.0 0.0 -0.011 -0.005 -0.0064 -0.0052 11.07 
0.665 2 2 3 0.0 0.0 -0.006 -0.005 -0.0064 -0.0048 11.07 
