%% logfile from robot Haiyan (85)
% Haiyan (85)
%  1    time 0.000 sec
%  2  3  4   (mission 0), state 2, thread 1, line 0
%  5  6 Motor voltage [V] left, right: -1.2 -1.2
%  7  8 Motor current left, right [A]: 0.018 0.072
%  9 10 Wheel velocity [m/s] left, right: 0.0000 0.0000
% 11    Battery voltage [V]: 12.26
0.001 2 1 0 -1.2 -1.2 0.035 -0.021 0.0000 0.0000 12.26 
0.002 2 1 0 -1.2 -1.2 -0.065 -0.106 0.0000 0.0000 12.25 
0.003 2 1 0 -1.2 -1.2 -0.163 -0.196 0.0000 0.0000 12.24 
0.004 2 1 0 -1.2 -1.2 -0.221 -0.262 0.0000 0.0000 12.25 
0.005 2 1 0 -1.2 -1.2 -0.234 -0.288 0.0000 0.0000 12.24 
0.006 2 1 0 -1.2 -1.2 -0.254 -0.303 0.0000 0.0000 12.25 
0.007 2 1 0 -1.2 -1.2 -0.233 -0.286 0.0000 0.0000 12.25 
0.008 2 1 0 -1.2 -1.2 -0.236 -0.282 0.0000 0.0000 12.25 
0.009 2 1 0 -1.2 -1.2 -0.246 -0.278 0.0000 0.0000 12.25 
0.010 2 1 0 -1.2 -1.2 -0.230 -0.263 0.0000 0.0000 12.24 
0.011 2 1 0 -1.2 -1.2 -0.231 -0.267 0.0000 0.0000 12.25 
0.012 2 1 0 -1.2 -1.2 -0.229 -0.238 0.0000 0.0000 12.25 
0.013 2 1 0 -1.2 -1.2 -0.241 -0.237 0.0000 0.0000 12.25 
0.014 2 1 0 -1.2 -1.2 -0.225 -0.227 0.0000 0.0000 12.24 
0.015 2 1 0 -1.2 -1.2 -0.218 -0.189 -0.0896 -0.0747 12.24 
0.016 2 1 0 -1.2 -1.2 -0.229 -0.171 -0.0896 -0.0747 12.25 
0.017 2 1 0 -1.2 -1.2 -0.229 -0.191 -0.0896 -0.0747 12.25 
0.018 2 1 0 -1.2 -1.2 -0.229 -0.177 -0.0896 -0.0747 12.25 
0.019 2 1 0 -1.2 -1.2 -0.226 -0.143 -0.1076 -0.0747 12.25 
0.020 2 1 0 -1.2 -1.2 -0.215 -0.127 -0.1076 -0.0855 12.25 
0.021 2 1 0 -1.2 -1.2 -0.199 -0.191 -0.1076 -0.0855 12.25 
0.022 2 1 0 -1.2 -1.2 -0.177 -0.197 -0.1402 -0.0855 12.25 
0.023 2 1 0 -1.2 -1.2 -0.179 -0.196 -0.1402 -0.1133 12.25 
0.024 2 1 0 -1.2 -1.2 -0.174 -0.197 -0.1402 -0.1133 12.25 
0.025 2 1 0 -1.2 -1.2 -0.180 -0.154 -0.1422 -0.1133 12.25 
0.026 2 1 0 -1.2 -1.2 -0.175 -0.179 -0.1422 -0.1133 12.25 
0.027 2 1 0 -1.2 -1.2 -0.181 -0.182 -0.1687 -0.1197 12.24 
0.028 2 1 0 -1.2 -1.2 -0.191 -0.212 -0.1687 -0.1197 12.25 
0.029 2 1 0 -1.2 -1.2 -0.195 -0.221 -0.1643 -0.1197 12.25 
0.030 2 1 0 -1.2 -1.2 -0.198 -0.219 -0.1643 -0.1482 12.24 
0.031 2 1 0 -1.2 -1.2 -0.171 -0.227 -0.2008 -0.1482 12.24 
0.032 2 1 0 -1.2 -1.2 -0.168 -0.207 -0.2008 -0.1374 12.25 
0.033 2 1 0 -1.2 -1.2 -0.157 -0.173 -0.1940 -0.1374 12.25 
0.034 2 1 0 -1.2 -1.2 -0.153 -0.148 -0.1775 -0.1374 12.25 
0.035 2 1 0 -1.2 -1.2 -0.145 -0.193 -0.1775 -0.1659 12.26 
0.036 2 1 0 -1.2 -1.2 -0.136 -0.146 -0.2036 -0.1659 12.26 
0.037 2 1 0 -1.2 -1.2 -0.142 -0.151 -0.2036 -0.1691 12.25 
0.038 2 1 0 -1.2 -1.2 -0.140 -0.194 -0.1868 -0.1691 12.25 
0.039 2 1 0 -1.2 -1.2 -0.129 -0.170 -0.1868 -0.1847 12.25 
0.040 2 1 0 -1.2 -1.2 -0.119 -0.124 -0.2333 -0.1847 12.25 
0.041 2 1 0 -1.2 -1.2 -0.120 -0.097 -0.2157 -0.1847 12.25 
0.042 2 1 0 -1.2 -1.2 -0.120 -0.051 -0.2157 -0.1723 12.25 
0.043 2 1 0 -1.2 -1.2 -0.122 -0.144 -0.2362 -0.1723 12.26 
0.044 2 1 0 -1.2 -1.2 -0.140 -0.156 -0.2362 -0.1948 12.25 
0.045 2 1 0 -1.2 -1.2 -0.134 -0.133 -0.2125 -0.1948 12.25 
0.046 2 1 0 -1.2 -1.2 -0.119 -0.141 -0.2125 -0.1948 12.25 
0.047 2 1 0 -1.2 -1.2 -0.116 -0.136 -0.2623 -0.1948 12.25 
0.048 2 1 0 -1.2 -1.2 -0.122 -0.116 -0.2390 -0.2125 12.25 
0.049 2 1 0 -1.2 -1.2 -0.119 -0.170 -0.2390 -0.2125 12.26 
0.050 2 1 0 -1.2 -1.2 -0.112 -0.203 -0.2538 -0.1948 12.26 
0.051 2 1 0 -1.2 -1.2 -0.107 -0.214 -0.2333 -0.1948 12.25 
0.052 2 1 0 -1.2 -1.2 -0.097 -0.182 -0.2333 -0.2193 12.25 
0.053 2 1 0 -1.2 -1.2 -0.090 -0.128 -0.2787 -0.2169 12.25 
0.054 2 1 0 -1.2 -1.2 -0.084 -0.133 -0.2659 -0.2169 12.25 
0.055 2 1 0 -1.2 -1.2 -0.092 -0.112 -0.2659 -0.2305 12.26 
0.056 2 1 0 -1.2 -1.2 -0.112 -0.039 -0.2747 -0.2305 12.26 
0.057 2 1 0 -1.2 -1.2 -0.132 -0.047 -0.2510 -0.1988 12.26 
0.058 2 1 0 -1.2 -1.2 -0.120 -0.059 -0.2293 -0.1988 12.26 
0.059 2 1 0 -1.2 -1.2 -0.092 -0.091 -0.3016 -0.2305 12.26 
0.060 2 1 0 -1.2 -1.2 -0.080 -0.115 -0.3265 -0.2305 12.25 
0.061 2 1 0 -1.2 -1.2 -0.082 -0.108 -0.3113 -0.2333 12.26 
0.062 2 1 0 -1.2 -1.2 -0.096 -0.078 -0.2827 -0.2374 12.25 
0.063 2 1 0 -1.2 -1.2 -0.103 -0.132 -0.2281 -0.2374 12.25 
0.064 2 1 0 -1.2 -1.2 -0.088 -0.162 -0.2281 -0.2088 12.25 
0.065 2 1 0 -1.2 -1.2 -0.065 -0.174 -0.3040 -0.2088 12.25 
0.066 2 1 0 -1.2 -1.2 -0.058 -0.113 -0.3137 -0.2402 12.24 
0.067 2 1 0 -1.2 -1.2 -0.056 -0.133 -0.2972 -0.2402 12.25 
0.068 2 1 0 -1.2 -1.2 -0.073 -0.087 -0.2972 -0.2253 12.25 
0.069 2 1 0 -1.2 -1.2 -0.096 -0.057 -0.2623 -0.2494 12.25 
0.070 2 1 0 -1.2 -1.2 -0.138 -0.010 -0.3213 -0.2494 12.25 
0.071 2 1 0 -1.2 -1.2 -0.106 -0.073 -0.3064 -0.2446 12.24 
0.072 2 1 0 -1.2 -1.2 -0.090 -0.071 -0.3064 -0.2446 12.25 
0.073 2 1 0 -1.2 -1.2 -0.085 -0.054 -0.3088 -0.2494 12.26 
0.074 2 1 0 -1.2 -1.2 -0.095 -0.056 -0.2952 -0.2538 12.25 
0.075 2 1 0 -1.2 -1.2 -0.071 -0.054 -0.3289 -0.2538 12.26 
0.076 2 1 0 -1.2 -1.2 -0.054 -0.088 -0.3289 -0.2590 12.26 
0.077 2 1 0 -1.2 -1.2 -0.076 -0.096 -0.3265 -0.2402 12.25 
0.078 2 1 0 -1.2 -1.2 -0.081 -0.084 -0.3185 -0.2402 12.25 
0.079 2 1 0 -1.2 -1.2 -0.102 -0.079 -0.2767 -0.2590 12.25 
0.080 2 1 0 -1.2 -1.2 -0.082 -0.112 -0.3402 -0.2590 12.25 
0.081 2 1 0 -1.2 -1.2 -0.065 -0.115 -0.3402 -0.2217 12.26 
0.082 2 1 0 -1.2 -1.2 -0.057 -0.098 -0.3289 -0.2659 12.24 
0.083 2 1 0 -1.2 -1.2 -0.073 -0.125 -0.3265 -0.2659 12.25 
0.084 2 1 0 -1.2 -1.2 -0.071 -0.039 -0.2972 -0.2607 12.25 
0.085 2 1 0 -1.2 -1.2 -0.048 -0.070 -0.3430 -0.2675 12.24 
0.086 2 1 0 -1.2 -1.2 -0.037 -0.083 -0.3430 -0.2675 12.25 
0.087 2 1 0 -1.2 -1.2 -0.031 -0.087 -0.3113 -0.2390 12.25 
0.088 2 1 0 -1.2 -1.2 -0.050 -0.059 -0.3317 -0.2731 12.25 
0.089 2 1 0 -1.2 -1.2 0.113 -0.231 -0.2952 -0.2731 12.25 
0.090 2 1 0 -1.2 -1.2 0.237 -0.360 -0.3550 -0.2623 12.25 
0.091 2 1 0 -1.2 -1.2 0.042 -0.182 -0.3550 -0.2731 12.25 
0.092 2 1 0 -1.2 -1.2 -0.043 -0.134 -0.3213 -0.2731 12.26 
0.093 2 1 0 -1.2 -1.2 -0.055 -0.095 -0.3374 -0.2590 12.25 
0.094 2 1 0 -1.2 -1.2 -0.079 -0.077 -0.3113 -0.2807 12.25 
0.095 2 1 0 -1.2 -1.2 -0.073 -0.004 -0.3550 -0.2807 12.25 
0.096 2 1 0 -1.2 -1.2 -0.094 -0.026 -0.3237 -0.2434 12.24 
0.097 2 1 0 -1.2 -1.2 -0.072 -0.056 -0.3237 -0.2434 12.25 
0.098 2 1 0 -1.2 -1.2 -0.059 -0.037 -0.3402 -0.2807 12.25 
0.099 2 1 0 -1.2 -1.2 -0.062 -0.079 -0.3161 -0.2731 12.25 
0.100 2 1 0 -1.2 -1.2 -0.063 -0.066 -0.3651 -0.2848 12.26 
0.101 2 1 0 -1.2 -1.2 -0.053 -0.029 -0.3113 -0.2848 12.25 
0.102 2 1 0 -1.2 -1.2 -0.057 -0.007 -0.3462 -0.2510 12.25 
0.103 2 1 0 -1.2 -1.2 -0.065 -0.076 -0.3462 -0.2767 12.25 
0.104 2 1 0 -1.2 -1.2 -0.054 -0.133 -0.3040 -0.2767 12.26 
0.105 2 1 0 -1.2 -1.2 -0.033 -0.095 -0.3615 -0.2574 12.25 
0.106 2 1 0 -1.2 -1.2 -0.022 -0.094 -0.3289 -0.2827 12.26 
0.107 2 1 0 -1.2 -1.2 -0.045 -0.058 -0.3490 -0.2827 12.26 
0.108 2 1 0 -1.2 -1.2 -0.062 -0.049 -0.3317 -0.2554 12.26 
0.109 2 1 0 -1.2 -1.2 -0.057 -0.061 -0.3040 -0.2807 12.25 
0.110 2 1 0 -1.2 -1.2 -0.055 -0.059 -0.3715 -0.2807 12.25 
0.111 2 1 0 -1.2 -1.2 -0.050 -0.068 -0.3346 -0.2554 12.25 
0.112 2 1 0 -1.2 -1.2 -0.046 -0.057 -0.3490 -0.2888 12.25 
0.113 2 1 0 -1.2 -1.2 -0.057 -0.078 -0.3161 -0.2888 12.25 
0.114 2 1 0 -1.2 -1.2 -0.062 -0.136 -0.3715 -0.2494 12.25 
0.115 2 1 0 -1.2 -1.2 -0.037 -0.112 -0.3615 -0.2848 12.26 
0.116 2 1 0 -1.2 -1.2 -0.029 -0.109 -0.3430 -0.2848 12.25 
0.117 2 1 0 -1.2 -1.2 -0.039 -0.085 -0.3522 -0.2767 12.25 
0.118 2 1 0 -1.2 -1.2 -0.069 -0.016 -0.2908 -0.2928 12.25 
0.119 2 1 0 -1.2 -1.2 -0.071 0.031 -0.3751 -0.2928 12.26 
0.120 2 1 0 -1.2 -1.2 -0.046 0.019 -0.3936 -0.2639 12.25 
0.121 2 1 0 -1.2 -1.2 -0.043 -0.053 -0.3550 -0.2908 12.26 
0.122 2 1 0 -1.2 -1.2 -0.030 -0.045 -0.3213 -0.2908 12.26 
0.123 2 1 0 -1.2 -1.2 -0.018 -0.031 -0.2848 -0.2807 12.26 
0.124 2 1 0 -1.2 -1.2 -0.024 -0.086 -0.3751 -0.2972 12.25 
0.125 2 1 0 -1.2 -1.2 -0.020 -0.065 -0.3823 -0.2659 12.26 
0.126 2 1 0 -1.2 -1.2 -0.018 -0.064 -0.3582 -0.2659 12.26 
0.127 2 1 0 -1.2 -1.2 -0.050 -0.066 -0.3161 -0.2952 12.26 
0.128 2 1 0 -1.2 -1.2 -0.047 -0.075 -0.3823 -0.2848 12.25 
0.129 2 1 0 -1.2 -1.2 -0.042 -0.060 -0.3615 -0.2848 12.25 
0.130 2 1 0 -1.2 -1.2 -0.065 -0.087 -0.3615 -0.3016 12.26 
0.131 2 1 0 -1.2 -1.2 -0.069 -0.089 -0.3615 -0.2590 12.26 
0.132 2 1 0 -1.2 -1.2 -0.048 -0.097 -0.3462 -0.2972 12.26 
0.133 2 1 0 -1.2 -1.2 -0.031 -0.077 -0.3823 -0.2972 12.25 
0.134 2 1 0 -1.2 -1.2 -0.031 -0.067 -0.3751 -0.2972 12.25 
0.135 2 1 0 -1.2 -1.2 -0.069 -0.063 -0.3651 -0.3016 12.25 
0.136 2 1 0 -1.2 -1.2 -0.090 -0.056 -0.3137 -0.2952 12.26 
0.137 2 1 0 -1.2 -1.2 -0.074 -0.078 -0.3860 -0.2659 12.26 
0.138 2 1 0 -1.2 -1.2 -0.046 -0.113 -0.3683 -0.2996 12.25 
0.139 2 1 0 -1.2 -1.2 -0.035 -0.090 -0.3651 -0.2807 12.25 
0.140 2 1 0 -1.2 -1.2 -0.029 -0.022 -0.3430 -0.2807 12.26 
0.141 2 1 0 -1.2 -1.2 -0.033 -0.063 -0.3317 -0.3064 12.25 
0.142 2 1 0 -1.2 -1.2 -0.017 -0.098 -0.3823 -0.2972 12.25 
0.143 2 1 0 -1.2 -1.2 -0.018 -0.031 -0.3430 -0.2996 12.26 
0.144 2 1 0 -1.2 -1.2 -0.035 -0.042 -0.3651 -0.2996 12.26 
0.145 2 1 0 -1.2 -1.2 -0.043 -0.030 -0.3237 -0.3016 12.25 
0.146 2 1 0 -1.2 -1.2 -0.052 -0.037 -0.3860 -0.3088 12.26 
0.147 2 1 0 -1.2 -1.2 -0.049 -0.045 -0.3522 -0.2827 12.25 
0.148 2 1 0 -1.2 -1.2 -0.039 -0.088 -0.3683 -0.2827 12.25 
0.149 2 1 0 -1.2 -1.2 -0.027 -0.085 -0.3550 -0.2996 12.25 
0.150 2 1 0 -1.2 -1.2 -0.021 -0.098 -0.3430 -0.2510 12.25 
0.151 2 1 0 -1.2 -1.2 -0.011 -0.100 -0.3896 -0.2510 12.25 
0.152 2 1 0 -1.2 -1.2 -0.004 -0.098 -0.3522 -0.2996 12.25 
0.153 2 1 0 -1.2 -1.2 -0.039 -0.069 -0.3715 -0.2928 12.25 
0.154 2 1 0 -1.2 -1.2 -0.058 -0.041 -0.3374 -0.2952 12.26 
0.155 2 1 0 -1.2 -1.2 -0.039 -0.052 -0.3896 -0.2952 12.26 
0.156 2 1 0 -1.2 -1.2 -0.022 -0.085 -0.3317 -0.2639 12.25 
0.157 2 1 0 -1.2 -1.2 -0.027 -0.048 -0.3651 -0.2996 12.26 
0.158 2 1 0 -1.2 -1.2 -0.030 -0.041 -0.3402 -0.2996 12.27 
0.159 2 1 0 -1.2 -1.2 -0.016 -0.093 -0.3185 -0.2848 12.26 
0.160 2 1 0 -1.2 -1.2 0.003 -0.108 -0.3860 -0.2996 12.26 
0.161 2 1 0 -1.2 -1.2 0.009 -0.080 -0.3430 -0.2848 12.25 
0.162 2 1 0 -1.2 -1.2 -0.015 -0.093 -0.3651 -0.2827 12.25 
0.163 2 1 0 -1.2 -1.2 -0.040 -0.068 -0.3213 -0.3040 12.25 
0.164 2 1 0 -1.2 -1.2 -0.082 -0.054 -0.3860 -0.2639 12.26 
0.165 2 1 0 -1.2 -1.2 -0.050 -0.064 -0.3490 -0.2639 12.26 
0.166 2 1 0 -1.2 -1.2 -0.023 -0.049 -0.3683 -0.2996 12.25 
0.167 2 1 0 -1.2 -1.2 -0.055 -0.037 -0.3683 -0.2952 12.25 
0.168 2 1 0 -1.2 -1.2 -0.025 -0.057 -0.3317 -0.3088 12.25 
0.169 2 1 0 -1.2 -1.2 -0.022 -0.052 -0.3896 -0.3088 12.25 
0.170 2 1 0 -1.2 -1.2 -0.027 -0.052 -0.3615 -0.2731 12.26 
0.171 2 1 0 -1.2 -1.2 -0.027 -0.086 -0.3683 -0.3064 12.24 
0.172 2 1 0 -1.2 -1.2 -0.046 -0.075 -0.3040 -0.2928 12.25 
0.173 2 1 0 -1.2 -1.2 -0.032 -0.082 -0.3936 -0.2807 12.25 
0.174 2 1 0 -1.2 -1.2 -0.049 -0.072 -0.4137 -0.3088 12.26 
0.175 2 1 0 -1.2 -1.2 -0.052 -0.064 -0.3715 -0.2807 12.26 
0.176 2 1 0 -1.2 -1.2 -0.083 -0.073 -0.3113 -0.2807 12.26 
0.177 2 1 0 -1.2 -1.2 -0.013 -0.087 -0.2972 -0.3040 12.25 
0.178 2 1 0 -1.2 -1.2 0.013 -0.068 -0.3896 -0.2767 12.25 
0.179 2 1 0 -1.2 -1.2 -0.002 -0.078 -0.3976 -0.3088 12.26 
0.180 2 1 0 -1.2 -1.2 -0.035 -0.060 -0.3715 -0.3088 12.26 
0.181 2 1 0 -1.2 -1.2 -0.043 -0.054 -0.3265 -0.2695 12.26 
0.182 2 1 0 -1.2 -1.2 -0.037 -0.086 -0.3976 -0.3064 12.26 
0.183 2 1 0 -1.2 -1.2 -0.023 -0.097 -0.3751 -0.2996 12.26 
0.184 2 1 0 -1.2 -1.2 -0.036 -0.060 -0.3751 -0.2972 12.24 
0.185 2 1 0 -1.2 -1.2 -0.031 -0.092 -0.3582 -0.3137 12.24 
0.186 2 1 0 -1.2 -1.2 -0.023 -0.064 -0.3976 -0.2807 12.25 
0.187 2 1 0 -1.2 -1.2 -0.014 -0.062 -0.3936 -0.2807 12.25 
0.188 2 1 0 -1.2 -1.2 -0.034 -0.037 -0.3751 -0.3088 12.26 
0.189 2 1 0 -1.2 -1.2 -0.061 -0.053 -0.3289 -0.2996 12.25 
0.190 2 1 0 -1.2 -1.2 -0.043 -0.029 -0.3265 -0.3137 12.25 
0.191 2 1 0 -1.2 -1.2 0.091 -0.235 -0.4016 -0.2928 12.24 
0.192 2 1 0 -1.2 -1.2 0.254 -0.369 -0.3823 -0.2807 12.26 
0.193 2 1 0 -1.2 -1.2 0.079 -0.193 -0.3787 -0.3113 12.26 
0.194 2 1 0 -1.2 -1.2 0.011 -0.109 -0.3462 -0.2996 12.25 
0.195 2 1 0 -1.2 -1.2 0.007 -0.089 -0.3936 -0.3161 12.26 
0.196 2 1 0 -1.2 -1.2 0.002 -0.067 -0.3550 -0.3161 12.26 
0.197 2 1 0 -1.2 -1.2 -0.016 -0.060 -0.3787 -0.2711 12.26 
0.198 2 1 0 -1.2 -1.2 -0.030 0.001 -0.3346 -0.3113 12.25 
0.199 2 1 0 -1.2 -1.2 -0.031 -0.033 -0.3976 -0.3113 12.26 
0.200 2 1 0 -1.2 -1.2 -0.022 -0.049 -0.3615 -0.3113 12.25 
0.201 2 1 1 -3.0 -3.0 -0.039 -0.047 -0.3823 -0.3088 12.25 
0.202 2 1 1 -3.0 -3.0 -0.097 -0.106 -0.3550 -0.2639 12.23 
0.203 2 1 1 -3.0 -3.0 -0.222 -0.264 -0.3823 -0.2639 12.21 
0.204 2 1 1 -3.0 -3.0 -0.328 -0.425 -0.3823 -0.3064 12.21 
0.205 2 1 1 -3.0 -3.0 -0.394 -0.503 -0.4016 -0.3016 12.21 
0.206 2 1 1 -3.0 -3.0 -0.461 -0.489 -0.3936 -0.3522 12.20 
0.207 2 1 1 -3.0 -3.0 -0.461 -0.524 -0.4317 -0.3615 12.21 
0.208 2 1 1 -3.0 -3.0 -0.411 -0.513 -0.4181 -0.3823 12.20 
0.209 2 1 1 -3.0 -3.0 -0.404 -0.482 -0.4410 -0.3936 12.21 
0.210 2 1 1 -3.0 -3.0 -0.411 -0.497 -0.4269 -0.4097 12.21 
0.211 2 1 1 -3.0 -3.0 -0.428 -0.489 -0.4667 -0.4097 12.20 
0.212 2 1 1 -3.0 -3.0 -0.413 -0.452 -0.4615 -0.4269 12.21 
0.213 2 1 1 -3.0 -3.0 -0.427 -0.441 -0.4667 -0.3823 12.21 
0.214 2 1 1 -3.0 -3.0 -0.408 -0.393 -0.5020 -0.4225 12.21 
0.215 2 1 1 -3.0 -3.0 -0.394 -0.417 -0.5020 -0.4462 12.21 
0.216 2 1 1 -3.0 -3.0 -0.384 -0.409 -0.5213 -0.4667 12.21 
0.217 2 1 1 -3.0 -3.0 -0.380 -0.398 -0.5426 -0.4836 12.22 
0.218 2 1 1 -3.0 -3.0 -0.370 -0.407 -0.5498 -0.4896 12.22 
0.219 2 1 1 -3.0 -3.0 -0.381 -0.403 -0.5498 -0.5020 12.22 
0.220 2 1 1 -3.0 -3.0 -0.359 -0.361 -0.5655 -0.4956 12.22 
0.221 2 1 1 -3.0 -3.0 -0.327 -0.370 -0.6177 -0.4896 12.23 
0.222 2 1 1 -3.0 -3.0 -0.329 -0.323 -0.5426 -0.5149 12.23 
0.223 2 1 1 -3.0 -3.0 -0.302 -0.328 -0.5904 -0.5281 12.22 
0.224 2 1 1 -3.0 -3.0 -0.294 -0.370 -0.6273 -0.5354 12.21 
0.225 2 1 1 -3.0 -3.0 -0.315 -0.372 -0.5904 -0.5575 12.22 
0.226 2 1 1 -3.0 -3.0 -0.288 -0.367 -0.6273 -0.5426 12.23 
0.227 2 1 1 -3.0 -3.0 -0.303 -0.307 -0.6273 -0.5575 12.22 
0.228 2 1 1 -3.0 -3.0 -0.303 -0.292 -0.6583 -0.5820 12.23 
0.229 2 1 1 -3.0 -3.0 -0.297 -0.293 -0.6691 -0.5992 12.22 
0.230 2 1 1 -3.0 -3.0 -0.320 -0.290 -0.6177 -0.5735 12.22 
0.231 2 1 1 -3.0 -3.0 -0.278 -0.330 -0.6691 -0.6085 12.23 
0.232 2 1 1 -3.0 -3.0 -0.268 -0.307 -0.6583 -0.6273 12.24 
0.233 2 1 1 -3.0 -3.0 -0.262 -0.248 -0.6924 -0.6374 12.23 
0.234 2 1 1 -3.0 -3.0 -0.253 -0.258 -0.6804 -0.6374 12.23 
0.235 2 1 1 -3.0 -3.0 -0.268 -0.230 -0.6924 -0.6273 12.22 
0.236 2 1 1 -3.0 -3.0 -0.252 -0.265 -0.6804 -0.6374 12.23 
0.237 2 1 1 -3.0 -3.0 -0.254 -0.243 -0.6924 -0.6583 12.24 
0.238 2 1 1 -3.0 -3.0 -0.235 -0.241 -0.7169 -0.6474 12.24 
0.239 2 1 1 -3.0 -3.0 -0.238 -0.268 -0.7044 -0.6583 12.22 
0.240 2 1 1 -3.0 -3.0 -0.251 -0.253 -0.7044 -0.6374 12.23 
0.241 2 1 1 -3.0 -3.0 -0.226 -0.274 -0.7302 -0.6583 12.23 
0.242 2 1 1 -3.0 -3.0 -0.217 -0.249 -0.7302 -0.6804 12.23 
0.243 2 1 1 -3.0 -3.0 -0.205 -0.248 -0.7302 -0.7044 12.24 
0.244 2 1 1 -3.0 -3.0 -0.217 -0.224 -0.7434 -0.7169 12.24 
0.245 2 1 1 -3.0 -3.0 -0.210 -0.218 -0.7434 -0.7044 12.22 
0.246 2 1 1 -3.0 -3.0 -0.208 -0.227 -0.7169 -0.6583 12.24 
0.247 2 1 1 -3.0 -3.0 -0.198 -0.247 -0.7575 -0.7044 12.23 
0.248 2 1 1 -3.0 -3.0 -0.218 -0.197 -0.6924 -0.6804 12.24 
0.249 2 1 1 -3.0 -3.0 -0.206 -0.225 -0.7723 -0.7169 12.24 
0.250 2 1 1 -3.0 -3.0 -0.198 -0.214 -0.6924 -0.7302 12.24 
0.251 2 1 1 -3.0 -3.0 -0.172 -0.230 -0.7575 -0.7434 12.24 
0.252 2 1 1 -3.0 -3.0 -0.189 -0.182 -0.7302 -0.7302 12.24 
0.253 2 1 1 -3.0 -3.0 -0.185 -0.187 -0.7723 -0.7575 12.24 
0.254 2 1 1 -3.0 -3.0 -0.194 -0.168 -0.7872 -0.7434 12.23 
0.255 2 1 1 -3.0 -3.0 -0.176 -0.201 -0.8193 -0.7169 12.24 
0.256 2 1 1 -3.0 -3.0 -0.191 -0.178 -0.7575 -0.7302 12.23 
0.257 2 1 1 -3.0 -3.0 -0.181 -0.173 -0.8032 -0.7302 12.24 
0.258 2 1 1 -3.0 -3.0 -0.178 -0.167 -0.7872 -0.7169 12.24 
0.259 2 1 1 -3.0 -3.0 -0.151 -0.220 -0.7872 -0.7575 12.24 
0.260 2 1 1 -3.0 -3.0 -0.152 -0.224 -0.7575 -0.7575 12.24 
0.261 2 1 1 -3.0 -3.0 -0.171 -0.211 -0.7872 -0.7723 12.24 
0.262 2 1 1 -3.0 -3.0 -0.192 -0.198 -0.7872 -0.7575 12.24 
0.263 2 1 1 -3.0 -3.0 -0.169 -0.221 -0.8032 -0.7723 12.24 
0.264 2 1 1 -3.0 -3.0 -0.160 -0.186 -0.7872 -0.7872 12.24 
0.265 2 1 1 -3.0 -3.0 -0.179 -0.168 -0.7872 -0.7723 12.24 
0.266 2 1 1 -3.0 -3.0 -0.170 -0.164 -0.7723 -0.8032 12.24 
0.267 2 1 1 -3.0 -3.0 -0.147 -0.168 -0.8032 -0.7723 12.24 
0.268 2 1 1 -3.0 -3.0 -0.137 -0.189 -0.7872 -0.7723 12.24 
0.269 2 1 1 -3.0 -3.0 -0.159 -0.140 -0.8032 -0.7872 12.24 
0.270 2 1 1 -3.0 -3.0 -0.166 -0.166 -0.8032 -0.8032 12.24 
0.271 2 1 1 -3.0 -3.0 -0.155 -0.152 -0.8366 -0.7872 12.24 
0.272 2 1 1 -3.0 -3.0 -0.157 -0.194 -0.7723 -0.7723 12.24 
0.273 2 1 1 -3.0 -3.0 -0.160 -0.152 -0.8543 -0.8032 12.24 
0.274 2 1 1 -3.0 -3.0 -0.150 -0.179 -0.7723 -0.7575 12.24 
0.275 2 1 1 -3.0 -3.0 -0.145 -0.181 -0.8366 -0.7872 12.24 
0.276 2 1 1 -3.0 -3.0 -0.163 -0.165 -0.8032 -0.7872 12.25 
0.277 2 1 1 -3.0 -3.0 -0.166 -0.128 -0.8543 -0.7575 12.24 
0.278 2 1 1 -3.0 -3.0 -0.165 -0.093 -0.8924 -0.7872 12.24 
0.279 2 1 1 -3.0 -3.0 -0.145 -0.155 -0.8924 -0.7872 12.24 
0.280 2 1 1 -3.0 -3.0 -0.166 -0.153 -0.8543 -0.7872 12.24 
0.281 2 1 1 -3.0 -3.0 -0.164 -0.123 -0.8727 -0.7872 12.24 
0.282 2 1 1 -3.0 -3.0 -0.141 -0.119 -0.8924 -0.7872 12.24 
0.283 2 1 1 -3.0 -3.0 -0.124 -0.138 -0.8924 -0.7723 12.23 
0.284 2 1 1 -3.0 -3.0 -0.137 -0.136 -0.8727 -0.8032 12.24 
0.285 2 1 1 -3.0 -3.0 -0.150 -0.123 -0.8924 -0.8032 12.25 
0.286 2 1 1 -3.0 -3.0 -0.133 -0.126 -0.9125 -0.8193 12.24 
0.287 2 1 1 -3.0 -3.0 -0.150 -0.107 -0.8924 -0.8032 12.24 
0.288 2 1 1 -3.0 -3.0 -0.146 -0.117 -0.8543 -0.8366 12.25 
0.289 2 1 1 -3.0 -3.0 -0.131 -0.123 -0.8366 -0.8193 12.25 
0.290 2 1 1 -3.0 -3.0 -0.106 -0.109 -0.8727 -0.8543 12.24 
0.291 2 1 1 -3.0 -3.0 -0.134 -0.093 -0.8727 -0.8193 12.23 
0.292 2 1 1 -3.0 -3.0 -0.134 -0.121 -0.8924 -0.8193 12.24 
0.293 2 1 1 -3.0 -3.0 -0.012 -0.234 -0.9125 -0.8366 12.24 
0.294 2 1 1 -3.0 -3.0 0.209 -0.414 -0.9125 -0.8543 12.24 
0.295 2 1 1 -3.0 -3.0 -0.023 -0.212 -0.8543 -0.8366 12.24 
0.296 2 1 1 -3.0 -3.0 -0.104 -0.190 -0.7723 -0.8032 12.24 
0.297 2 1 1 -3.0 -3.0 -0.114 -0.174 -0.8727 -0.8366 12.24 
0.298 2 1 1 -3.0 -3.0 -0.107 -0.111 -0.8366 -0.8193 12.24 
0.299 2 1 1 -3.0 -3.0 -0.131 -0.110 -0.8727 -0.8366 12.24 
0.300 2 1 1 -3.0 -3.0 -0.131 -0.187 -0.8924 -0.8366 12.24 
0.301 2 1 1 -3.0 -3.0 -0.119 -0.148 -0.9338 -0.8193 12.25 
0.302 2 1 1 -3.0 -3.0 -0.141 -0.082 -0.8924 -0.8366 12.24 
0.303 2 1 1 -3.0 -3.0 -0.146 -0.105 -0.9125 -0.8366 12.25 
0.304 2 1 1 -3.0 -3.0 -0.131 -0.163 -0.9125 -0.8366 12.24 
0.305 2 1 1 -3.0 -3.0 -0.114 -0.102 -0.9125 -0.7872 12.24 
0.306 2 1 1 -3.0 -3.0 -0.139 -0.083 -0.8924 -0.8032 12.24 
0.307 2 1 1 -3.0 -3.0 -0.134 -0.127 -0.8924 -0.8366 12.24 
0.308 2 1 1 -3.0 -3.0 -0.122 -0.136 -0.9125 -0.8366 12.24 
0.309 2 1 1 -3.0 -3.0 -0.126 -0.086 -0.8924 -0.8543 12.24 
0.310 2 1 1 -3.0 -3.0 -0.138 -0.117 -0.8924 -0.8366 12.24 
0.311 2 1 1 -3.0 -3.0 -0.130 -0.159 -0.9125 -0.8543 12.24 
0.312 2 1 1 -3.0 -3.0 -0.111 -0.077 -0.9125 -0.8193 12.25 
0.313 2 1 1 -3.0 -3.0 -0.129 -0.033 -0.8924 -0.8543 12.25 
0.314 2 1 1 -3.0 -3.0 -0.126 -0.081 -0.9125 -0.8366 12.24 
0.315 2 1 1 -3.0 -3.0 -0.111 -0.144 -0.9125 -0.8727 12.25 
0.316 2 1 1 -3.0 -3.0 -0.117 -0.073 -0.8366 -0.8924 12.25 
0.317 2 1 1 -3.0 -3.0 -0.125 -0.071 -0.9125 -0.8924 12.25 
0.318 2 1 1 -3.0 -3.0 -0.124 -0.148 -0.8366 -0.8924 12.24 
0.319 2 1 1 -3.0 -3.0 -0.096 -0.110 -0.9338 -0.8366 12.24 
0.320 2 1 1 -3.0 -3.0 -0.116 -0.045 -0.9338 -0.8727 12.24 
0.321 2 1 1 -3.0 -3.0 -0.121 -0.052 -0.9338 -0.8543 12.25 
0.322 2 1 1 -3.0 -3.0 -0.110 -0.086 -0.9559 -0.8727 12.25 
0.323 2 1 1 -3.0 -3.0 -0.102 -0.068 -0.9338 -0.8366 12.24 
0.324 2 1 1 -3.0 -3.0 -0.128 -0.033 -0.9559 -0.8543 12.25 
0.325 2 1 1 -3.0 -3.0 -0.129 -0.092 -0.9338 -0.8366 12.24 
0.326 2 1 1 -3.0 -3.0 -0.088 -0.131 -0.9338 -0.8543 12.24 
0.327 2 1 1 -3.0 -3.0 -0.100 -0.095 -0.9338 -0.8727 12.24 
0.328 2 1 1 -3.0 -3.0 -0.105 -0.083 -0.9559 -0.8543 12.24 
0.329 2 1 1 -3.0 -3.0 -0.106 -0.159 -0.9338 -0.8543 12.24 
0.330 2 1 1 -3.0 -3.0 -0.094 -0.135 -0.9338 -0.8924 12.24 
0.331 2 1 1 -3.0 -3.0 -0.115 -0.104 -0.9338 -0.8924 12.24 
0.332 2 1 1 -3.0 -3.0 -0.111 -0.067 -0.9338 -0.9125 12.24 
0.333 2 1 1 -3.0 -3.0 -0.087 -0.051 -0.9559 -0.9125 12.24 
0.334 2 1 1 -3.0 -3.0 -0.096 -0.067 -0.9559 -0.9125 12.24 
0.335 2 1 1 -3.0 -3.0 -0.116 -0.097 -0.9559 -0.8924 12.25 
0.336 2 1 1 -3.0 -3.0 -0.105 -0.077 -0.9559 -0.8543 12.24 
0.337 2 1 1 -3.0 -3.0 -0.103 -0.088 -0.7723 -0.8727 12.24 
0.338 2 1 1 -3.0 -3.0 -0.120 -0.117 -0.9338 -0.8924 12.24 
0.339 2 1 1 -3.0 -3.0 -0.106 -0.096 -0.8366 -0.8924 12.24 
0.340 2 1 1 -3.0 -3.0 -0.088 -0.079 -0.9125 -0.9125 12.23 
0.341 2 1 1 -3.0 -3.0 -0.106 -0.076 -0.9125 -0.8366 12.25 
0.342 2 1 1 -3.0 -3.0 -0.126 -0.137 -0.9125 -0.8924 12.24 
0.343 2 1 1 -3.0 -3.0 -0.103 -0.078 -0.9338 -0.8543 12.24 
0.344 2 1 1 -3.0 -3.0 -0.109 -0.075 -0.8727 -0.8924 12.24 
0.345 2 1 1 -3.0 -3.0 -0.124 -0.128 -0.9338 -0.9125 12.24 
0.346 2 1 1 -3.0 -3.0 -0.117 -0.093 -0.9125 -0.8727 12.24 
0.347 2 1 1 -3.0 -3.0 -0.085 -0.052 -0.9338 -0.8727 12.25 
0.348 2 1 1 -3.0 -3.0 -0.101 -0.097 -0.9338 -0.8727 12.24 
0.349 2 1 1 -3.0 -3.0 -0.122 -0.091 -0.9338 -0.8924 12.25 
0.350 2 1 1 -3.0 -3.0 -0.117 -0.057 -0.9559 -0.8727 12.24 
0.351 2 1 1 -3.0 -3.0 -0.103 -0.116 -0.9338 -0.8543 12.24 
0.352 2 1 1 -3.0 -3.0 -0.129 -0.149 -0.9338 -0.8727 12.24 
0.353 2 1 1 -3.0 -3.0 -0.113 -0.096 -0.9338 -0.8727 12.24 
0.354 2 1 1 -3.0 -3.0 -0.086 -0.066 -0.9559 -0.9125 12.25 
0.355 2 1 1 -3.0 -3.0 -0.107 -0.045 -0.9559 -0.9125 12.24 
0.356 2 1 1 -3.0 -3.0 -0.107 -0.075 -0.9559 -0.9125 12.24 
0.357 2 1 1 -3.0 -3.0 -0.107 -0.003 -0.9559 -0.8727 12.25 
0.358 2 1 1 -3.0 -3.0 -0.099 -0.072 -0.8727 -0.9125 12.24 
0.359 2 1 1 -3.0 -3.0 -0.108 -0.161 -0.9338 -0.8727 12.24 
0.360 2 1 1 -3.0 -3.0 -0.104 -0.125 -0.8543 -0.8924 12.25 
0.361 2 1 1 -3.0 -3.0 -0.084 -0.062 -0.9559 -0.9125 12.25 
0.362 2 1 1 -3.0 -3.0 -0.106 -0.027 -0.9559 -0.9125 12.25 
0.363 2 1 1 -3.0 -3.0 -0.097 -0.107 -0.9559 -0.8366 12.24 
0.364 2 1 1 -3.0 -3.0 -0.097 -0.121 -0.9796 -0.9125 12.25 
0.365 2 1 1 -3.0 -3.0 -0.095 -0.070 -0.9338 -0.8727 12.25 
0.366 2 1 1 -3.0 -3.0 -0.115 -0.104 -0.9559 -0.8924 12.25 
0.367 2 1 1 -3.0 -3.0 -0.101 -0.094 -0.9796 -0.9125 12.25 
0.368 2 1 1 -3.0 -3.0 -0.088 -0.050 -0.9559 -0.8727 12.25 
0.369 2 1 1 -3.0 -3.0 -0.100 -0.051 -0.9559 -0.8543 12.24 
0.370 2 1 1 -3.0 -3.0 -0.111 -0.090 -0.9559 -0.8727 12.24 
0.371 2 1 1 -3.0 -3.0 -0.087 -0.119 -0.9559 -0.8924 12.24 
0.372 2 1 1 -3.0 -3.0 -0.092 -0.056 -0.9559 -0.8924 12.24 
0.373 2 1 1 -3.0 -3.0 -0.112 -0.108 -0.9559 -0.8543 12.25 
0.374 2 1 1 -3.0 -3.0 -0.098 -0.133 -0.9559 -0.8727 12.25 
0.375 2 1 1 -3.0 -3.0 -0.074 -0.102 -0.9559 -0.9125 12.25 
0.376 2 1 1 -3.0 -3.0 -0.092 -0.070 -0.9559 -0.9125 12.24 
0.377 2 1 1 -3.0 -3.0 -0.101 -0.099 -0.9338 -0.9125 12.23 
0.378 2 1 1 -3.0 -3.0 -0.086 -0.079 -0.9559 -0.9338 12.24 
0.379 2 1 1 -3.0 -3.0 -0.099 -0.091 -0.8727 -0.8924 12.24 
0.380 2 1 1 -3.0 -3.0 -0.115 -0.094 -0.9559 -0.8366 12.24 
0.381 2 1 1 -3.0 -3.0 -0.113 -0.172 -0.8924 -0.9125 12.24 
0.382 2 1 1 -3.0 -3.0 -0.080 -0.107 -0.9559 -0.9125 12.25 
0.383 2 1 1 -3.0 -3.0 -0.096 -0.064 -0.9559 -0.9338 12.24 
0.384 2 1 1 -3.0 -3.0 -0.114 -0.049 -0.9559 -0.9125 12.24 
0.385 2 1 1 -3.0 -3.0 -0.085 -0.081 -0.9796 -0.8727 12.24 
0.386 2 1 1 -3.0 -3.0 -0.111 -0.036 -0.9559 -0.9125 12.24 
0.387 2 1 1 -3.0 -3.0 -0.107 -0.075 -0.9559 -0.9125 12.24 
0.388 2 1 1 -3.0 -3.0 -0.103 -0.088 -0.9559 -0.9338 12.24 
0.389 2 1 1 -3.0 -3.0 -0.081 -0.085 -0.9125 -0.9125 12.25 
0.390 2 1 1 -3.0 -3.0 -0.100 -0.058 -0.9559 -0.9125 12.24 
0.391 2 1 1 -3.0 -3.0 -0.107 -0.052 -0.9559 -0.9125 12.25 
0.392 2 1 1 -3.0 -3.0 -0.096 -0.078 -0.9559 -0.8924 12.24 
0.393 2 1 1 -3.0 -3.0 -0.122 -0.064 -0.9796 -0.8924 12.25 
0.394 2 1 1 -3.0 -3.0 -0.109 -0.060 -0.9559 -0.8924 12.25 
0.395 2 1 1 -3.0 -3.0 -0.087 -0.040 -0.9559 -0.9125 12.24 
0.396 2 1 1 -3.0 -3.0 0.015 -0.183 -0.8366 -0.9338 12.24 
0.397 2 1 1 -3.0 -3.0 0.256 -0.409 -0.9559 -0.9125 12.24 
0.398 2 1 1 -3.0 -3.0 0.048 -0.234 -0.9338 -0.9125 12.26 
0.399 2 1 1 -3.0 -3.0 -0.048 -0.132 -0.9559 -0.9125 12.25 
0.400 2 1 1 -3.0 -3.0 -0.092 -0.080 -0.9125 -0.8727 12.25 
0.401 2 1 1 -3.0 -3.0 -0.093 -0.057 -0.9559 -0.8924 12.24 
0.402 2 1 1 -3.0 -3.0 -0.095 -0.132 -0.9338 -0.8924 12.24 
0.403 2 1 1 -3.0 -3.0 -0.069 -0.128 -0.9338 -0.9125 12.24 
0.404 2 1 1 -3.0 -3.0 -0.090 -0.131 -0.9559 -0.9125 12.25 
0.405 2 1 1 -3.0 -3.0 -0.092 -0.078 -1.0041 -0.9338 12.25 
0.406 2 1 1 -3.0 -3.0 -0.073 -0.113 -1.0041 -0.9125 12.24 
0.407 2 1 1 -3.0 -3.0 -0.087 -0.097 -0.9796 -0.8543 12.24 
0.408 2 1 1 -3.0 -3.0 -0.094 -0.083 -0.9559 -0.8924 12.25 
0.409 2 1 1 -3.0 -3.0 -0.069 -0.093 -0.9796 -0.8727 12.24 
0.410 2 1 1 -3.0 -3.0 -0.069 -0.114 -0.9559 -0.8924 12.24 
0.411 2 1 1 -3.0 -3.0 -0.085 -0.135 -0.9796 -0.8543 12.25 
0.412 2 1 1 -3.0 -3.0 -0.088 -0.094 -1.0041 -0.8924 12.24 
0.413 2 1 1 -3.0 -3.0 -0.076 -0.068 -0.9796 -0.8924 12.25 
0.414 2 1 1 -3.0 -3.0 -0.092 -0.099 -0.9559 -0.8924 12.24 
0.415 2 1 1 -3.0 -3.0 -0.093 -0.134 -0.9338 -0.9125 12.25 
0.416 2 1 1 -3.0 -3.0 -0.055 -0.107 -0.9559 -0.9125 12.25 
0.417 2 1 1 -3.0 -3.0 -0.070 -0.137 -0.9559 -0.8727 12.24 
0.418 2 1 1 -3.0 -3.0 -0.092 -0.135 -0.9559 -0.9125 12.25 
0.419 2 1 1 -3.0 -3.0 -0.084 -0.133 -0.9796 -0.9125 12.25 
0.420 2 1 1 -3.0 -3.0 -0.072 -0.079 -0.8727 -0.9125 12.24 
0.421 2 1 1 -3.0 -3.0 -0.099 -0.110 -0.9559 -0.9338 12.24 
0.422 2 1 1 -3.0 -3.0 -0.090 -0.067 -0.8543 -0.9125 12.24 
0.423 2 1 1 -3.0 -3.0 -0.063 -0.049 -0.9559 -0.9338 12.25 
0.424 2 1 1 -3.0 -3.0 -0.081 -0.056 -0.9559 -0.9338 12.24 
0.425 2 1 1 -3.0 -3.0 -0.080 -0.117 -0.9559 -0.9338 12.24 
0.426 2 1 1 -3.0 -3.0 -0.071 -0.064 -1.0041 -0.9338 12.24 
0.427 2 1 1 -3.0 -3.0 -0.080 -0.045 -0.9559 -0.9559 12.24 
0.428 2 1 1 -3.0 -3.0 -0.092 -0.067 -0.9796 -0.8543 12.24 
0.429 2 1 1 -3.0 -3.0 -0.073 -0.085 -0.9796 -0.8924 12.24 
0.430 2 1 1 -3.0 -3.0 -0.051 -0.086 -0.9559 -0.8924 12.24 
0.431 2 1 1 -3.0 -3.0 -0.084 -0.059 -0.9559 -0.9125 12.24 
0.432 2 1 1 -3.0 -3.0 -0.094 -0.113 -0.9559 -0.8924 12.24 
0.433 2 1 1 -3.0 -3.0 -0.077 -0.103 -0.9796 -0.8543 12.25 
0.434 2 1 1 -3.0 -3.0 -0.094 -0.098 -0.9796 -0.8924 12.25 
0.435 2 1 1 -3.0 -3.0 -0.098 -0.081 -0.9559 -0.8924 12.24 
0.436 2 1 1 -3.0 -3.0 -0.088 -0.094 -0.9559 -0.8924 12.24 
0.437 2 1 1 -3.0 -3.0 -0.069 -0.072 -0.9559 -0.9125 12.24 
0.438 2 1 1 -3.0 -3.0 -0.088 -0.086 -0.9559 -0.9125 12.24 
0.439 2 1 1 -3.0 -3.0 -0.096 -0.100 -0.9338 -0.8727 12.24 
0.440 2 1 1 -3.0 -3.0 -0.080 -0.135 -0.9559 -0.8924 12.24 
0.441 2 1 1 -3.0 -3.0 -0.089 -0.073 -0.9125 -0.9125 12.24 
0.442 2 1 1 -3.0 -3.0 -0.091 -0.101 -0.9559 -0.9125 12.25 
0.443 2 1 1 -3.0 -3.0 -0.083 -0.075 -0.8924 -0.9338 12.24 
0.444 2 1 1 -3.0 -3.0 -0.069 -0.087 -0.9338 -0.8727 12.25 
0.445 2 1 1 -3.0 -3.0 -0.092 -0.080 -0.9559 -0.9338 12.25 
0.446 2 1 1 -3.0 -3.0 -0.105 -0.117 -0.9559 -0.9125 12.25 
0.447 2 1 1 -3.0 -3.0 -0.074 -0.128 -1.0041 -0.9338 12.24 
0.448 2 1 1 -3.0 -3.0 -0.098 -0.110 -0.9796 -0.9338 12.26 
0.449 2 1 1 -3.0 -3.0 -0.096 -0.094 -0.9559 -0.9338 12.25 
0.450 2 1 1 -3.0 -3.0 -0.075 -0.117 -0.9796 -0.8543 12.24 
0.451 2 1 1 -3.0 -3.0 -0.070 -0.087 -0.9559 -0.8924 12.25 
0.452 2 1 1 -3.0 -3.0 -0.086 -0.075 -0.9796 -0.8924 12.24 
0.453 2 1 1 -3.0 -3.0 -0.088 -0.071 -0.9796 -0.9125 12.24 
0.454 2 1 1 -3.0 -3.0 -0.069 -0.118 -0.9796 -0.9338 12.24 
0.455 2 1 1 -3.0 -3.0 -0.094 -0.068 -0.8924 -0.9125 12.24 
0.456 2 1 1 -3.0 -3.0 -0.096 -0.062 -0.9338 -0.9338 12.24 
0.457 2 1 1 -3.0 -3.0 -0.058 -0.117 -0.9559 -0.9338 12.24 
0.458 2 1 1 -3.0 -3.0 -0.069 -0.109 -0.9338 -0.9125 12.24 
0.459 2 1 1 -3.0 -3.0 -0.079 -0.103 -0.9559 -0.9125 12.24 
0.460 2 1 1 -3.0 -3.0 -0.084 -0.039 -0.9796 -0.9125 12.24 
0.461 2 1 1 -3.0 -3.0 -0.072 -0.121 -0.9338 -0.9125 12.25 
0.462 2 1 1 -3.0 -3.0 -0.107 -0.102 -0.9796 -0.9125 12.25 
0.463 2 1 1 -3.0 -3.0 -0.098 -0.040 -0.8727 -0.9338 12.25 
0.464 2 1 1 -3.0 -3.0 -0.076 -0.094 -0.9559 -0.9338 12.24 
0.465 2 1 1 -3.0 -3.0 -0.078 -0.080 -0.9559 -0.9338 12.25 
0.466 2 1 1 -3.0 -3.0 -0.084 -0.079 -0.9559 -0.9125 12.25 
0.467 2 1 1 -3.0 -3.0 -0.075 -0.056 -1.0041 -0.9125 12.24 
0.468 2 1 1 -3.0 -3.0 -0.079 -0.106 -0.9559 -0.9125 12.25 
0.469 2 1 1 -3.0 -3.0 -0.090 -0.078 -0.9796 -0.9338 12.24 
0.470 2 1 1 -3.0 -3.0 -0.099 -0.083 -0.9796 -0.9338 12.24 
0.471 2 1 1 -3.0 -3.0 -0.066 -0.076 -0.9796 -0.9338 12.25 
0.472 2 1 1 -3.0 -3.0 -0.081 -0.128 -0.9338 -0.8727 12.26 
0.473 2 1 1 -3.0 -3.0 -0.100 -0.073 -0.9559 -0.9125 12.25 
0.474 2 1 1 -3.0 -3.0 -0.074 -0.076 -0.9559 -0.9125 12.25 
0.475 2 1 1 -3.0 -3.0 -0.088 -0.073 -0.9796 -0.9338 12.24 
0.476 2 1 1 -3.0 -3.0 -0.103 -0.126 -0.9559 -0.8727 12.24 
0.477 2 1 1 -3.0 -3.0 -0.083 -0.066 -0.9559 -0.8924 12.24 
0.478 2 1 1 -3.0 -3.0 -0.065 -0.083 -0.9559 -0.8924 12.25 
0.479 2 1 1 -3.0 -3.0 -0.091 -0.100 -0.9559 -0.9125 12.24 
0.480 2 1 1 -3.0 -3.0 -0.100 -0.118 -0.9338 -0.9125 12.24 
0.481 2 1 1 -3.0 -3.0 -0.070 -0.083 -0.9559 -0.9125 12.24 
0.482 2 1 1 -3.0 -3.0 -0.100 -0.130 -0.9125 -0.9125 12.25 
0.483 2 1 1 -3.0 -3.0 -0.105 -0.128 -0.9559 -0.9338 12.25 
0.484 2 1 1 -3.0 -3.0 -0.075 -0.103 -0.8924 -0.9338 12.24 
0.485 2 1 1 -3.0 -3.0 -0.058 -0.112 -0.9338 -0.9338 12.24 
0.486 2 1 1 -3.0 -3.0 -0.086 -0.120 -0.9559 -0.9338 12.25 
0.487 2 1 1 -3.0 -3.0 -0.097 -0.130 -0.9796 -0.9125 12.25 
0.488 2 1 1 -3.0 -3.0 -0.062 -0.102 -1.0041 -0.9125 12.24 
0.489 2 1 1 -3.0 -3.0 -0.088 -0.072 -0.9796 -0.9125 12.25 
0.490 2 1 1 -3.0 -3.0 -0.076 -0.121 -0.9338 -0.9338 12.24 
0.491 2 1 1 -3.0 -3.0 -0.065 -0.117 -0.9796 -0.9338 12.24 
0.492 2 1 1 -3.0 -3.0 -0.053 -0.074 -0.9559 -0.9338 12.24 
0.493 2 1 1 -3.0 -3.0 -0.077 -0.100 -0.9796 -0.9338 12.24 
0.494 2 1 1 -3.0 -3.0 -0.077 -0.116 -0.9796 -0.8924 12.24 
0.495 2 1 1 -3.0 -3.0 -0.065 -0.095 -0.9796 -0.8924 12.25 
0.496 2 1 1 -3.0 -3.0 -0.083 -0.075 -0.8727 -0.9125 12.25 
0.497 2 1 1 -3.0 -3.0 -0.081 -0.126 -0.9559 -0.9125 12.24 
0.498 2 1 1 -3.0 -3.0 -0.012 -0.180 -0.9796 -0.9125 12.24 
0.499 2 1 1 -3.0 -3.0 0.292 -0.426 -0.9559 -0.9338 12.24 
0.500 2 1 1 -3.0 -3.0 0.072 -0.222 -0.9796 -0.9125 12.24 
0.501 2 1 1 -3.0 -3.0 -0.038 -0.135 -0.9796 -0.9338 12.25 
0.502 2 1 1 -3.0 -3.0 -0.064 -0.084 -0.9125 -0.9338 12.24 
0.503 2 1 1 -3.0 -3.0 -0.094 -0.064 -0.9559 -0.9125 12.25 
0.504 2 1 1 -3.0 -3.0 -0.084 -0.106 -0.8727 -0.8924 12.25 
0.505 2 1 1 -3.0 -3.0 -0.057 -0.111 -0.9559 -0.9125 12.25 
0.506 2 1 1 -3.0 -3.0 -0.062 -0.071 -0.9559 -0.9125 12.24 
0.507 2 1 1 -3.0 -3.0 -0.069 -0.071 -0.9559 -0.9125 12.25 
0.508 2 1 1 -3.0 -3.0 -0.058 -0.117 -1.0041 -0.9559 12.25 
0.509 2 1 1 -3.0 -3.0 -0.069 -0.092 -0.9559 -0.8924 12.24 
0.510 2 1 1 -3.0 -3.0 -0.083 -0.079 -0.9796 -0.9338 12.24 
0.511 2 1 1 -3.0 -3.0 -0.082 -0.106 -0.9796 -0.9338 12.24 
0.512 2 1 1 -3.0 -3.0 -0.049 -0.132 -0.9796 -0.9338 12.24 
0.513 2 1 1 -3.0 -3.0 -0.070 -0.102 -0.9338 -0.9338 12.25 
0.514 2 1 1 -3.0 -3.0 -0.089 -0.112 -0.9796 -0.9338 12.24 
0.515 2 1 1 -3.0 -3.0 -0.070 -0.132 -0.9796 -0.8543 12.24 
0.516 2 1 1 -3.0 -3.0 -0.081 -0.083 -0.9796 -0.9125 12.25 
0.517 2 1 1 -3.0 -3.0 -0.081 -0.055 -0.9559 -0.9125 12.24 
0.518 2 1 1 -3.0 -3.0 -0.060 -0.075 -0.9559 -0.9338 12.25 
0.519 2 1 1 -3.0 -3.0 -0.046 -0.098 -0.9125 -0.9338 12.24 
0.520 2 1 1 -3.0 -3.0 -0.065 -0.103 -0.9796 -0.9338 12.24 
0.521 2 1 1 -3.0 -3.0 -0.084 -0.061 -0.9559 -0.9125 12.24 
0.522 2 1 1 -3.0 -3.0 -0.062 -0.108 -0.9796 -0.9125 12.24 
0.523 2 1 1 -3.0 -3.0 -0.080 -0.094 -0.9125 -0.9125 12.25 
0.524 2 1 1 -3.0 -3.0 -0.078 -0.098 -0.9559 -0.9125 12.25 
0.525 2 1 1 -3.0 -3.0 -0.066 -0.121 -0.9338 -0.9125 12.24 
0.526 2 1 1 -3.0 -3.0 -0.050 -0.131 -0.9338 -0.9559 12.24 
0.527 2 1 1 -3.0 -3.0 -0.072 -0.105 -0.9559 -0.9338 12.24 
0.528 2 1 1 -3.0 -3.0 -0.085 -0.071 -0.9796 -0.9338 12.25 
0.529 2 1 1 -3.0 -3.0 -0.075 -0.095 -0.9796 -0.9338 12.24 
0.530 2 1 1 -3.0 -3.0 -0.103 -0.061 -0.9796 -0.9125 12.24 
0.531 2 1 1 -3.0 -3.0 -0.107 -0.052 -0.9559 -0.9338 12.25 
0.532 2 1 1 -3.0 -3.0 -0.100 -0.050 -0.9796 -0.9125 12.24 
0.533 2 1 1 -3.0 -3.0 -0.091 -0.090 -0.9559 -0.9125 12.24 
0.534 2 1 1 -3.0 -3.0 -0.109 -0.073 -0.9796 -0.9338 12.25 
0.535 2 1 1 -3.0 -3.0 -0.103 -0.079 -1.0041 -0.9559 12.24 
0.536 2 1 1 -3.0 -3.0 -0.084 -0.033 -0.9796 -0.9338 12.24 
0.537 2 1 1 -3.0 -3.0 -0.092 -0.089 -0.9559 -0.8727 12.25 
0.538 2 1 1 -3.0 -3.0 -0.090 -0.102 -0.9338 -0.8924 12.25 
0.539 2 1 1 -3.0 -3.0 -0.073 -0.057 -0.9559 -0.9125 12.24 
0.540 2 1 1 -3.0 -3.0 -0.081 -0.068 -0.9559 -0.9338 12.25 
0.541 2 1 1 -3.0 -3.0 -0.111 -0.062 -0.9559 -0.9125 12.25 
0.542 2 1 1 -3.0 -3.0 -0.095 -0.038 -0.9559 -0.9125 12.24 
0.543 2 1 1 -3.0 -3.0 -0.092 -0.113 -0.8366 -0.9125 12.24 
0.544 2 1 1 -3.0 -3.0 -0.111 -0.119 -0.9559 -0.9338 12.24 
0.545 2 1 1 -3.0 -3.0 -0.102 -0.031 -0.8727 -0.9338 12.25 
0.546 2 1 1 -3.0 -3.0 -0.083 -0.009 -0.9559 -0.9338 12.25 
0.547 2 1 1 -3.0 -3.0 -0.093 -0.052 -0.9559 -0.9338 12.25 
0.548 2 1 1 -3.0 -3.0 -0.111 -0.120 -0.9796 -0.9338 12.25 
0.549 2 1 1 -3.0 -3.0 -0.100 -0.108 -1.0041 -0.9338 12.24 
0.550 2 1 1 -3.0 -3.0 -0.102 -0.034 -0.9559 -0.9338 12.25 
0.551 2 1 1 -3.0 -3.0 -0.104 -0.065 -0.9796 -0.9338 12.25 
0.552 2 1 1 -3.0 -3.0 -0.096 -0.055 -0.9796 -0.8924 12.25 
0.553 2 1 1 -3.0 -3.0 -0.073 -0.079 -0.9796 -0.9338 12.25 
0.554 2 1 1 -3.0 -3.0 -0.099 -0.132 -0.9338 -0.9125 12.25 
0.555 2 1 1 -3.0 -3.0 -0.105 -0.096 -0.9796 -0.9338 12.25 
0.556 2 1 1 -3.0 -3.0 -0.089 -0.028 -0.9796 -0.9338 12.25 
0.557 2 1 1 -3.0 -3.0 -0.110 -0.018 -0.9796 -0.9338 12.25 
0.558 2 1 1 -3.0 -3.0 -0.104 -0.095 -0.9796 -0.8543 12.24 
0.559 2 1 1 -3.0 -3.0 -0.088 -0.094 -0.9796 -0.9125 12.24 
0.560 2 1 1 -3.0 -3.0 -0.076 -0.057 -0.9559 -0.9338 12.25 
0.561 2 1 1 -3.0 -3.0 -0.107 -0.061 -0.9796 -0.9338 12.24 
0.562 2 1 1 -3.0 -3.0 -0.114 -0.065 -0.9559 -0.9338 12.24 
0.563 2 1 1 -3.0 -3.0 -0.096 -0.048 -0.9796 -0.9338 12.24 
0.564 2 1 1 -3.0 -3.0 -0.107 -0.094 -0.9125 -0.8727 12.24 
0.565 2 1 1 -3.0 -3.0 -0.102 -0.129 -0.9796 -0.9125 12.24 
0.566 2 1 1 -3.0 -3.0 -0.082 -0.064 -0.9338 -0.9125 12.24 
0.567 2 1 1 -3.0 -3.0 -0.067 -0.042 -0.9338 -0.8924 12.24 
0.568 2 1 1 -3.0 -3.0 -0.100 -0.102 -0.9559 -0.8924 12.24 
0.569 2 1 1 -3.0 -3.0 -0.095 -0.111 -1.0041 -0.9338 12.24 
0.570 2 1 1 -3.0 -3.0 -0.082 -0.075 -1.0041 -0.9338 12.24 
0.571 2 1 1 -3.0 -3.0 -0.092 -0.062 -1.0041 -0.9559 12.24 
0.572 2 1 1 -3.0 -3.0 -0.111 -0.062 -0.9796 -0.9338 12.25 
0.573 2 1 1 -3.0 -3.0 -0.080 -0.073 -0.9796 -0.8924 12.24 
0.574 2 1 1 -3.0 -3.0 -0.073 -0.119 -0.9559 -0.9125 12.25 
0.575 2 1 1 -3.0 -3.0 -0.103 -0.060 -0.9796 -0.9125 12.25 
0.576 2 1 1 -3.0 -3.0 -0.105 -0.080 -1.0041 -0.9125 12.24 
0.577 2 1 1 -3.0 -3.0 -0.071 -0.124 -0.9125 -0.9338 12.25 
0.578 2 1 1 -3.0 -3.0 -0.102 -0.099 -0.9559 -0.9338 12.25 
0.579 2 1 1 -3.0 -3.0 -0.105 -0.041 -0.9559 -0.9338 12.25 
0.580 2 1 1 -3.0 -3.0 -0.075 -0.058 -0.9796 -0.8727 12.25 
0.581 2 1 1 -3.0 -3.0 -0.096 -0.048 -0.9796 -0.9125 12.25 
0.582 2 1 1 -3.0 -3.0 -0.111 -0.026 -0.9796 -0.9125 12.24 
0.583 2 1 1 -3.0 -3.0 -0.094 -0.049 -0.9796 -0.9338 12.24 
0.584 2 1 1 -3.0 -3.0 -0.097 -0.110 -0.8924 -0.9125 12.24 
0.585 2 1 1 -3.0 -3.0 -0.117 -0.108 -0.9796 -0.9125 12.25 
0.586 2 1 1 -3.0 -3.0 -0.114 -0.096 -0.9125 -0.9338 12.24 
0.587 2 1 1 -3.0 -3.0 -0.067 -0.104 -0.9559 -0.9338 12.25 
0.588 2 1 1 -3.0 -3.0 -0.088 -0.026 -0.9559 -0.9338 12.25 
0.589 2 1 1 -3.0 -3.0 -0.104 -0.018 -0.9796 -0.9338 12.25 
0.590 2 1 1 -3.0 -3.0 -0.090 -0.085 -1.0041 -0.9338 12.25 
0.591 2 1 1 -3.0 -3.0 -0.096 -0.092 -0.9559 -0.9125 12.24 
0.592 2 1 1 -3.0 -3.0 -0.103 -0.042 -0.9796 -0.9338 12.24 
0.593 2 1 1 -3.0 -3.0 -0.091 -0.033 -0.9796 -0.9338 12.25 
0.594 2 1 1 -3.0 -3.0 -0.078 -0.064 -0.8924 -0.9338 12.25 
0.595 2 1 1 -3.0 -3.0 -0.102 -0.042 -0.9796 -0.9125 12.25 
0.596 2 1 1 -3.0 -3.0 -0.102 -0.061 -0.9796 -0.9559 12.25 
0.597 2 1 1 -3.0 -3.0 -0.085 -0.054 -0.9796 -0.9338 12.24 
0.598 2 1 1 -3.0 -3.0 -0.103 -0.050 -0.9796 -0.9338 12.24 
0.599 2 1 1 -3.0 -3.0 -0.097 -0.016 -0.9559 -0.9338 12.24 
0.600 2 1 1 -3.0 -3.0 -0.089 -0.033 -0.9559 -0.9338 12.24 
0.601 2 1 1 -3.0 -3.0 0.301 -0.437 -0.9559 -0.8543 12.24 
0.602 2 1 1 -3.0 -3.0 0.057 -0.220 -0.9796 -0.9125 12.24 
0.603 2 1 1 -3.0 -3.0 -0.047 -0.089 -0.9796 -0.8727 12.24 
0.604 2 1 1 -3.0 -3.0 -0.072 -0.138 -0.9796 -0.9125 12.24 
0.605 2 1 1 -3.0 -3.0 -0.096 -0.135 -0.9338 -0.9338 12.24 
0.606 2 1 1 -3.0 -3.0 -0.103 -0.037 -0.8727 -0.9125 12.24 
0.607 2 1 1 -3.0 -3.0 -0.072 -0.056 -0.9559 -0.9338 12.25 
0.608 2 1 1 -3.0 -3.0 -0.077 -0.137 -0.9338 -0.9338 12.25 
0.609 2 1 1 -3.0 -3.0 -0.096 -0.111 -0.9796 -0.9125 12.25 
0.610 2 1 1 -3.0 -3.0 -0.088 -0.033 -1.0041 -0.9125 12.25 
0.611 2 1 1 -3.0 -3.0 -0.072 -0.049 -0.8727 -0.9125 12.24 
0.612 2 1 1 -3.0 -3.0 -0.101 -0.078 -1.0041 -0.9125 12.24 
0.613 2 1 1 -3.0 -3.0 -0.090 -0.053 -0.9796 -0.9125 12.24 
0.614 2 1 1 -3.0 -3.0 -0.078 -0.080 -0.9796 -0.9338 12.25 
0.615 2 1 1 -3.0 -3.0 -0.095 -0.087 -0.9796 -0.9125 12.25 
0.616 2 1 1 -3.0 -3.0 -0.106 -0.125 -0.9796 -0.9338 12.25 
0.617 2 1 1 -3.0 -3.0 -0.103 -0.135 -0.9796 -0.8924 12.25 
0.618 2 1 1 -3.0 -3.0 -0.098 -0.048 -0.9559 -0.9125 12.24 
0.619 2 1 1 -3.0 -3.0 -0.115 -0.068 -0.9559 -0.9125 12.25 
0.620 2 1 1 -3.0 -3.0 -0.099 -0.109 -0.9559 -0.9338 12.25 
0.621 2 1 1 -3.0 -3.0 -0.070 -0.094 -0.9559 -0.9338 12.26 
0.622 2 1 1 -3.0 -3.0 -0.094 -0.093 -0.9559 -0.9338 12.24 
0.623 2 1 1 -3.0 -3.0 -0.100 -0.084 -0.9559 -0.8727 12.24 
0.624 2 1 1 -3.0 -3.0 -0.092 -0.058 -0.9796 -0.9125 12.25 
0.625 2 1 1 -3.0 -3.0 -0.088 -0.030 -0.8727 -0.9125 12.24 
0.626 2 1 1 -3.0 -3.0 -0.106 -0.055 -0.9559 -0.8924 12.24 
0.627 2 1 1 -3.0 -3.0 -0.091 -0.127 -0.8924 -0.9125 12.25 
0.628 2 1 1 -3.0 -3.0 -0.069 -0.070 -0.9559 -0.9338 12.24 
0.629 2 1 1 -3.0 -3.0 -0.085 -0.033 -0.9559 -0.9125 12.24 
0.630 2 1 1 -3.0 -3.0 -0.092 -0.080 -0.9559 -0.9125 12.24 
0.631 2 1 1 -3.0 -3.0 -0.077 -0.127 -1.0041 -0.9338 12.25 
0.632 2 1 1 -3.0 -3.0 -0.108 -0.088 -0.9796 -0.9338 12.24 
0.633 2 1 1 -3.0 -3.0 -0.111 -0.121 -0.9796 -0.9125 12.24 
0.634 2 1 1 -3.0 -3.0 -0.093 -0.097 -0.9559 -0.9338 12.24 
0.635 2 1 1 -3.0 -3.0 -0.080 -0.071 -0.9559 -0.9125 12.25 
0.636 2 1 1 -3.0 -3.0 -0.100 -0.033 -0.9796 -0.9125 12.24 
0.637 2 1 1 -3.0 -3.0 -0.099 -0.068 -1.0041 -0.9338 12.24 
0.638 2 1 1 -3.0 -3.0 -0.080 -0.061 -0.9796 -0.9125 12.25 
0.639 2 1 1 -3.0 -3.0 -0.099 -0.007 -0.9796 -0.9338 12.23 
0.640 2 1 1 -3.0 -3.0 -0.104 -0.046 -0.9559 -0.9125 12.24 
0.641 2 1 1 -3.0 -3.0 -0.078 -0.127 -0.9796 -0.9125 12.25 
0.642 2 1 1 -3.0 -3.0 -0.093 -0.103 -0.9559 -0.9338 12.25 
0.643 2 1 1 -3.0 -3.0 -0.110 -0.058 -0.9796 -0.9338 12.25 
0.644 2 1 1 -3.0 -3.0 -0.100 -0.072 -0.9796 -0.8032 12.25 
0.645 2 1 1 -3.0 -3.0 -0.078 -0.097 -0.9796 -0.8924 12.25 
0.646 2 1 1 -3.0 -3.0 -0.101 -0.105 -0.9559 -0.8543 12.24 
0.647 2 1 1 -3.0 -3.0 -0.096 -0.048 -0.8543 -0.8924 12.24 
0.648 2 1 1 -3.0 -3.0 -0.058 -0.071 -0.9338 -0.9125 12.24 
0.649 2 1 1 -3.0 -3.0 -0.086 -0.045 -0.9559 -0.9125 12.25 
0.650 2 1 1 -3.0 -3.0 -0.099 -0.048 -0.9796 -0.9338 12.25 
0.651 2 1 1 -3.0 -3.0 -0.095 -0.090 -1.0041 -0.9125 12.24 
0.652 2 1 1 -3.0 -3.0 -0.084 -0.107 -0.9559 -0.9125 12.25 
0.653 2 1 1 -3.0 -3.0 -0.115 -0.076 -0.9796 -0.9125 12.24 
0.654 2 1 1 -3.0 -3.0 -0.096 -0.045 -0.9796 -0.8924 12.25 
0.655 2 1 1 -3.0 -3.0 -0.078 -0.079 -0.9796 -0.9125 12.24 
0.656 2 1 1 -3.0 -3.0 -0.088 -0.057 -0.9796 -0.9125 12.25 
0.657 2 1 1 -3.0 -3.0 -0.088 -0.067 -0.9559 -0.9338 12.25 
0.658 2 1 1 -3.0 -3.0 -0.086 -0.011 -0.9796 -0.9338 12.24 
0.659 2 1 1 -3.0 -3.0 -0.084 -0.053 -0.9559 -0.9559 12.24 
0.660 2 1 1 -3.0 -3.0 -0.094 -0.095 -0.9796 -0.8924 12.25 
0.661 2 1 1 -3.0 -3.0 -0.075 -0.054 -0.9796 -0.9338 12.25 
0.662 2 1 1 -3.0 -3.0 -0.054 -0.108 -0.9796 -0.9125 12.24 
0.663 2 1 1 -3.0 -3.0 -0.077 -0.094 -0.9559 -0.9338 12.24 
0.664 2 1 1 -3.0 -3.0 -0.082 -0.082 -0.9559 -0.9338 12.25 
0.665 2 1 1 -3.0 -3.0 -0.077 -0.068 -0.9796 -0.9338 12.24 
