%% logfile from robot Vigga (37)
% Vigga (37)
%  1    time 0.000 sec
%  2  3  4   (mission 0), state 2, thread 19, line 0
%  5  6 Motor voltage [V] left, right: 1.6 1.6
%  7  8 Motor current left, right [A]: -0.089 -0.083
%  9 10 Wheel velocity [m/s] left, right: -0.0000 -0.0000
% 11    Battery voltage [V]: 12.49
0.001 2 19 0 1.6 1.6 0.047 0.032 -0.0000 -0.0000 12.48 
0.002 2 19 0 1.6 1.6 0.151 0.193 -0.0000 -0.0000 12.49 
0.003 2 19 0 1.6 1.6 0.242 0.298 -0.0000 -0.0000 12.49 
0.004 2 19 0 1.6 1.6 0.294 0.336 -0.0000 -0.0000 12.49 
0.005 2 19 0 1.6 1.6 0.313 0.359 -0.0000 -0.0000 12.48 
0.006 2 19 0 1.6 1.6 0.320 0.371 -0.0000 -0.0000 12.48 
0.007 2 19 0 1.6 1.6 0.295 0.373 0.0000 -0.0000 12.47 
0.008 2 19 0 1.6 1.6 0.286 0.362 0.0000 -0.0000 12.47 
0.009 2 19 0 1.6 1.6 0.301 0.357 0.0000 0.0000 12.46 
0.010 2 19 0 1.6 1.6 0.283 0.349 0.0000 0.0000 12.47 
0.011 2 19 0 1.6 1.6 0.298 0.337 0.0888 0.0000 12.46 
0.012 2 19 0 1.6 1.6 0.292 0.339 0.0888 0.0000 12.46 
0.013 2 19 0 1.6 1.6 0.263 0.320 0.0888 0.0982 12.47 
0.014 2 19 0 1.6 1.6 0.245 0.321 0.0888 0.0982 12.47 
0.015 2 19 0 1.6 1.6 0.250 0.309 0.1108 0.0982 12.48 
0.016 2 19 0 1.6 1.6 0.245 0.302 0.1108 0.0982 12.48 
0.017 2 19 0 1.6 1.6 0.253 0.298 0.1108 0.1306 12.49 
0.018 2 19 0 1.6 1.6 0.244 0.283 0.1108 0.1306 12.48 
0.019 2 19 0 1.6 1.6 0.214 0.276 0.1132 0.1659 12.48 
0.020 2 19 0 1.6 1.6 0.165 0.277 0.1132 0.1659 12.47 
0.021 2 19 0 1.6 1.6 0.202 0.270 0.1517 0.1732 12.49 
0.022 2 19 0 1.6 1.6 0.222 0.299 0.1517 0.1732 12.48 
0.023 2 19 0 1.6 1.6 0.226 0.250 0.1517 0.1866 12.48 
0.024 2 19 0 1.6 1.6 0.219 0.226 0.1566 0.1866 12.48 
0.025 2 19 0 1.6 1.6 0.233 0.230 0.1566 0.1866 12.49 
0.026 2 19 0 1.6 1.6 0.228 0.184 0.1680 0.1931 12.49 
0.027 2 19 0 1.6 1.6 0.208 0.165 0.1680 0.2110 12.48 
0.028 2 19 0 1.6 1.6 0.216 0.177 0.1959 0.2110 12.49 
0.029 2 19 0 1.6 1.6 0.204 0.197 0.1959 0.2101 12.48 
0.030 2 19 0 1.6 1.6 0.195 0.200 0.1988 0.2101 12.48 
0.031 2 19 0 1.6 1.6 0.230 0.211 0.1988 0.2069 12.48 
0.032 2 19 0 1.6 1.6 0.210 0.211 0.2089 0.2069 12.48 
0.033 2 19 0 1.6 1.6 0.196 0.200 0.2089 0.2264 12.48 
0.034 2 19 0 1.6 1.6 0.163 0.186 0.2134 0.2264 12.48 
0.035 2 19 0 1.6 1.6 0.143 0.166 0.2134 0.2414 12.48 
0.036 2 19 0 1.6 1.6 0.169 0.158 0.2049 0.2442 12.48 
0.037 2 19 0 1.6 1.6 0.137 0.136 0.2049 0.2442 12.48 
0.038 2 19 0 1.6 1.6 0.169 0.131 0.2345 0.2414 12.47 
0.039 2 19 0 1.6 1.6 0.165 0.134 0.2345 0.2414 12.48 
0.040 2 19 0 1.6 1.6 0.183 0.121 0.2357 0.2471 12.48 
0.041 2 19 0 1.6 1.6 0.175 0.129 0.2329 0.2580 12.48 
0.042 2 19 0 1.6 1.6 0.174 0.154 0.2316 0.2580 12.48 
0.043 2 19 0 1.6 1.6 0.169 0.180 0.2077 0.2580 12.48 
0.044 2 19 0 1.6 1.6 0.155 0.179 0.2077 0.2580 12.48 
0.045 2 19 0 1.6 1.6 0.165 0.167 0.2458 0.2580 12.47 
0.046 2 19 0 1.6 1.6 0.152 0.170 0.2937 0.2686 12.48 
0.047 2 19 0 1.6 1.6 0.142 0.172 0.2937 0.2897 12.48 
0.048 2 19 0 1.6 1.6 0.138 0.161 0.2564 0.2897 12.48 
0.049 2 19 0 1.6 1.6 0.119 0.158 0.2564 0.2876 12.48 
0.050 2 19 0 1.6 1.6 0.134 0.131 0.2329 0.2856 12.49 
0.051 2 19 0 1.6 1.6 0.084 0.108 0.2722 0.2856 12.48 
0.052 2 19 0 1.6 1.6 0.115 0.090 0.2722 0.2856 12.48 
0.053 2 19 0 1.6 1.6 0.161 0.082 0.2876 0.2795 12.48 
0.054 2 19 0 1.6 1.6 0.180 0.084 0.2702 0.2795 12.48 
0.055 2 19 0 1.6 1.6 0.167 0.093 0.2702 0.2917 12.48 
0.056 2 19 0 1.6 1.6 0.153 0.106 0.2398 0.3193 12.48 
0.057 2 19 0 1.6 1.6 0.122 0.117 0.2795 0.2917 12.48 
0.058 2 19 0 1.6 1.6 0.115 0.111 0.2795 0.2917 12.48 
0.059 2 19 0 1.6 1.6 0.104 0.117 0.2759 0.2856 12.48 
0.060 2 19 0 1.6 1.6 0.091 0.122 0.2856 0.3002 12.48 
0.061 2 19 0 1.6 1.6 0.123 0.102 0.2856 0.3144 12.48 
0.062 2 19 0 1.6 1.6 0.127 0.101 0.3026 0.3144 12.48 
0.063 2 19 0 1.6 1.6 0.129 0.101 0.3026 0.3026 12.49 
0.064 2 19 0 1.6 1.6 0.170 0.110 0.2937 0.3071 12.48 
0.065 2 19 0 1.6 1.6 0.164 0.100 0.2937 0.3047 12.48 
0.066 2 19 0 1.6 1.6 0.160 0.101 0.2957 0.3047 12.48 
0.067 2 19 0 1.6 1.6 0.172 0.101 0.2856 0.3095 12.48 
0.068 2 19 0 1.6 1.6 0.143 0.120 0.2982 0.3026 12.48 
0.069 2 19 0 1.6 1.6 0.123 0.088 0.2982 0.3351 12.48 
0.070 2 19 0 1.6 1.6 0.125 0.058 0.2815 0.3168 12.48 
0.071 2 19 0 1.6 1.6 0.093 0.092 0.3002 0.3168 12.48 
0.072 2 19 0 1.6 1.6 0.108 0.098 0.3002 0.3245 12.48 
0.073 2 19 0 1.6 1.6 0.127 0.105 0.2982 0.3120 12.48 
0.074 2 19 0 1.6 1.6 0.096 0.076 0.3144 0.3144 12.48 
0.075 2 19 0 1.6 1.6 0.070 0.088 0.2982 0.3193 12.48 
0.076 2 19 0 1.6 1.6 0.068 0.095 0.2982 0.3193 12.49 
0.077 2 19 0 1.6 1.6 0.073 0.118 0.3047 0.3298 12.48 
0.078 2 19 0 1.6 1.6 0.069 0.119 0.2876 0.3168 12.48 
0.079 2 19 0 1.6 1.6 0.115 0.116 0.3168 0.3408 12.48 
0.080 2 19 0 1.6 1.6 0.125 0.108 0.3168 0.3298 12.49 
0.081 2 19 0 1.6 1.6 0.119 0.108 0.3270 0.3298 12.48 
0.082 2 19 0 1.6 1.6 0.119 0.113 0.3168 0.3217 12.48 
0.083 2 19 0 1.6 1.6 0.081 0.101 0.2876 0.3270 12.48 
0.084 2 19 0 1.6 1.6 0.142 0.111 0.3323 0.3351 12.48 
0.085 2 19 0 1.6 1.6 0.149 0.116 0.3323 0.3351 12.48 
0.086 2 19 0 1.6 1.6 0.168 0.114 0.3436 0.3351 12.48 
0.087 2 19 0 1.6 1.6 0.116 0.106 0.3217 0.3298 12.48 
0.088 2 19 0 1.6 1.6 0.059 0.124 0.2795 0.3323 12.47 
0.089 2 19 0 1.6 1.6 0.071 0.120 0.2795 0.3651 12.47 
0.090 2 19 0 1.6 1.6 0.083 0.133 0.3298 0.3408 12.48 
0.091 2 19 0 1.6 1.6 0.082 0.140 0.3753 0.3408 12.48 
0.092 2 19 0 1.6 1.6 0.135 0.133 0.3298 0.3408 12.48 
0.093 2 19 0 1.6 1.6 0.114 0.089 0.2775 0.3408 12.48 
0.094 2 19 0 1.6 1.6 0.093 0.072 0.2775 0.3586 12.48 
0.095 2 19 0 1.6 1.6 0.102 0.088 0.3379 0.3465 12.47 
0.096 2 19 0 1.6 1.6 0.142 0.093 0.3298 0.3270 12.48 
0.097 2 19 0 1.6 1.6 0.104 0.097 0.3298 0.3436 12.48 
0.098 2 19 0 1.6 1.6 0.062 0.097 0.3651 0.3558 12.48 
0.099 2 19 0 1.6 1.6 0.058 0.102 0.3436 0.3558 12.49 
0.100 2 19 0 1.6 1.6 0.048 0.101 0.3465 0.3558 12.49 
0.101 2 19 0 1.6 1.6 0.044 0.091 0.3465 0.3465 12.48 
0.102 2 19 0 1.6 1.6 0.051 0.063 0.3436 0.3497 12.48 
0.103 2 19 0 1.6 1.6 0.115 0.075 0.3168 0.3619 12.48 
0.104 2 19 0 1.6 1.6 0.085 0.091 0.3558 0.3586 12.48 
0.105 2 19 0 1.6 1.6 0.099 0.084 0.3558 0.3465 12.48 
0.106 2 19 0 1.6 1.6 0.102 0.098 0.3436 0.3558 12.48 
0.107 2 19 0 1.6 1.6 0.117 0.105 0.3436 0.3753 12.48 
0.108 2 19 0 1.6 1.6 0.105 0.101 0.3095 0.3753 12.48 
0.109 2 19 0 1.6 1.6 0.075 0.108 0.3525 0.3651 12.48 
0.110 2 19 0 1.6 1.6 0.100 0.085 0.3826 0.3651 12.48 
0.111 2 19 0 1.6 1.6 0.134 0.066 0.3558 0.3619 12.48 
0.112 2 19 0 1.6 1.6 0.126 0.048 0.3144 0.3525 12.48 
0.113 2 19 0 1.6 1.6 0.096 0.053 0.3558 0.3688 12.48 
0.114 2 19 0 1.6 1.6 0.062 0.056 0.3720 0.4016 12.48 
0.115 2 19 0 1.6 1.6 0.058 0.055 0.3720 0.3619 12.48 
0.116 2 19 0 1.6 1.6 0.104 0.077 0.3465 0.3465 12.48 
0.117 2 19 0 1.6 1.6 0.049 0.069 0.3071 0.3651 12.48 
0.118 2 19 0 1.6 1.6 0.055 0.067 0.3525 0.3651 12.48 
0.119 2 19 0 1.6 1.6 0.078 0.062 0.3465 0.3753 12.48 
0.120 2 19 0 1.6 1.6 0.107 0.043 0.3497 0.3619 12.48 
0.121 2 19 0 1.6 1.6 0.128 0.044 0.3497 0.3688 12.48 
0.122 2 19 0 1.6 1.6 0.115 0.055 0.3688 0.3651 12.48 
0.123 2 19 0 1.6 1.6 0.098 0.061 0.3688 0.3688 12.48 
0.124 2 19 0 1.6 1.6 0.082 0.074 0.3525 0.3586 12.48 
0.125 2 19 0 1.6 1.6 0.090 0.063 0.3558 0.3935 12.48 
0.126 2 19 0 1.6 1.6 0.081 0.057 0.3408 0.3688 12.48 
0.127 2 19 0 1.6 1.6 0.058 0.070 0.3651 0.3789 12.48 
0.128 2 19 0 1.6 1.6 0.051 0.074 0.3436 0.3651 12.48 
0.129 2 19 0 1.6 1.6 0.086 0.071 0.3436 0.3651 12.48 
0.130 2 19 0 1.6 1.6 0.112 0.063 0.3586 0.3651 12.48 
0.131 2 19 0 1.6 1.6 0.118 0.073 0.3586 0.3688 12.48 
0.132 2 19 0 1.6 1.6 0.134 0.070 0.3720 0.3789 12.48 
0.133 2 19 0 1.6 1.6 0.116 0.089 0.3558 0.3651 12.47 
0.134 2 19 0 1.6 1.6 0.082 0.090 0.3619 0.3862 12.48 
0.135 2 19 0 1.6 1.6 0.057 0.083 0.3351 0.3720 12.48 
0.136 2 19 0 1.6 1.6 0.058 0.094 0.3720 0.3651 12.48 
0.137 2 19 0 1.6 1.6 0.078 0.095 0.3789 0.3688 12.48 
0.138 2 19 0 1.6 1.6 0.072 0.074 0.3651 0.3753 12.48 
0.139 2 19 0 1.6 1.6 0.073 0.063 0.3651 0.3720 12.48 
0.140 2 19 0 1.6 1.6 0.105 0.077 0.3270 0.3688 12.48 
0.141 2 19 0 1.6 1.6 0.104 0.078 0.3688 0.3688 12.48 
0.142 2 19 0 1.6 1.6 0.099 0.094 0.3862 0.3651 12.48 
0.143 2 19 0 1.6 1.6 0.084 0.103 0.3586 0.4016 12.49 
0.144 2 19 0 1.6 1.6 0.077 0.129 0.3095 0.3720 12.48 
0.145 2 19 0 1.6 1.6 0.077 0.129 0.3651 0.3720 12.49 
0.146 2 19 0 1.6 1.6 0.070 0.091 0.3899 0.3688 12.48 
0.147 2 19 0 1.6 1.6 0.073 0.059 0.3651 0.3935 12.48 
0.148 2 19 0 1.6 1.6 0.088 0.078 0.3619 0.3753 12.48 
0.149 2 19 0 1.6 1.6 0.080 0.067 0.3047 0.3525 12.48 
0.150 2 19 0 1.6 1.6 0.074 0.082 0.3688 0.3688 12.48 
0.151 2 19 1 4.0 4.0 0.075 0.070 0.3586 0.3862 12.48 
0.152 2 19 1 4.0 4.0 0.156 0.143 0.3586 0.3789 12.47 
0.153 2 19 1 4.0 4.0 0.358 0.321 0.4057 0.3753 12.46 
0.154 2 19 1 4.0 4.0 0.481 0.452 0.3976 0.3935 12.46 
0.155 2 19 1 4.0 4.0 0.567 0.538 0.4097 0.4097 12.45 
0.156 2 19 1 4.0 4.0 0.597 0.580 0.4223 0.4223 12.46 
0.157 2 19 1 4.0 4.0 0.613 0.588 0.4179 0.4312 12.45 
0.158 2 19 1 4.0 4.0 0.553 0.653 0.4454 0.4454 12.45 
0.159 2 19 1 4.0 4.0 0.544 0.659 0.4661 0.4714 12.45 
0.160 2 19 1 4.0 4.0 0.559 0.676 0.4661 0.4884 12.45 
0.161 2 19 1 4.0 4.0 0.548 0.540 0.5006 0.5071 12.46 
0.162 2 19 1 4.0 4.0 0.558 0.452 0.5554 0.5132 12.45 
0.163 2 19 1 4.0 4.0 0.553 0.447 0.5266 0.5266 12.45 
0.164 2 19 1 4.0 4.0 0.476 0.470 0.5481 0.5631 12.46 
0.165 2 19 1 4.0 4.0 0.415 0.519 0.5793 0.5554 12.45 
0.166 2 19 1 4.0 4.0 0.423 0.477 0.5481 0.5878 12.45 
0.167 2 19 1 4.0 4.0 0.416 0.441 0.5712 0.5878 12.46 
0.168 2 19 1 4.0 4.0 0.433 0.458 0.5964 0.6053 12.46 
0.169 2 19 1 4.0 4.0 0.429 0.460 0.6239 0.6146 12.46 
0.170 2 19 1 4.0 4.0 0.401 0.478 0.6239 0.6540 12.45 
0.171 2 19 1 4.0 4.0 0.414 0.496 0.6337 0.6540 12.45 
0.172 2 19 1 4.0 4.0 0.435 0.412 0.6540 0.6540 12.45 
0.173 2 19 1 4.0 4.0 0.435 0.361 0.6540 0.6759 12.46 
0.174 2 19 1 4.0 4.0 0.489 0.361 0.6540 0.6872 12.46 
0.175 2 19 1 4.0 4.0 0.408 0.419 0.6649 0.6994 12.45 
0.176 2 19 1 4.0 4.0 0.359 0.439 0.6759 0.6872 12.45 
0.177 2 19 1 4.0 4.0 0.347 0.395 0.6872 0.7116 12.46 
0.178 2 19 1 4.0 4.0 0.370 0.379 0.7116 0.7241 12.46 
0.179 2 19 1 4.0 4.0 0.380 0.407 0.7116 0.7241 12.46 
0.180 2 19 1 4.0 4.0 0.374 0.433 0.7509 0.7651 12.45 
0.181 2 19 1 4.0 4.0 0.357 0.384 0.6872 0.7509 12.46 
0.182 2 19 1 4.0 4.0 0.322 0.314 0.7651 0.7651 12.46 
0.183 2 19 1 4.0 4.0 0.360 0.323 0.6872 0.7509 12.46 
0.184 2 19 1 4.0 4.0 0.304 0.353 0.7375 0.7801 12.46 
0.185 2 19 1 4.0 4.0 0.293 0.351 0.7801 0.7801 12.46 
0.186 2 19 1 4.0 4.0 0.296 0.325 0.7951 0.7951 12.45 
0.187 2 19 1 4.0 4.0 0.321 0.324 0.7801 0.7951 12.46 
0.188 2 19 1 4.0 4.0 0.302 0.353 0.7951 0.8114 12.45 
0.189 2 19 1 4.0 4.0 0.292 0.364 0.8114 0.8276 12.46 
0.190 2 19 1 4.0 4.0 0.271 0.270 0.7801 0.8114 12.46 
0.191 2 19 1 4.0 4.0 0.299 0.251 0.8276 0.8450 12.46 
0.192 2 19 1 4.0 4.0 0.299 0.302 0.7951 0.8450 12.46 
0.193 2 19 1 4.0 4.0 0.279 0.294 0.8276 0.8450 12.46 
0.194 2 19 1 4.0 4.0 0.218 0.285 0.8114 0.8629 12.45 
0.195 2 19 1 4.0 4.0 0.242 0.279 0.8450 0.8629 12.46 
0.196 2 19 1 4.0 4.0 0.275 0.302 0.8629 0.8815 12.46 
0.197 2 19 1 4.0 4.0 0.246 0.279 0.8629 0.9014 12.46 
0.198 2 19 1 4.0 4.0 0.249 0.259 0.8815 0.9014 12.47 
0.199 2 19 1 4.0 4.0 0.280 0.233 0.8815 0.9217 12.47 
0.200 2 19 1 4.0 4.0 0.245 0.261 0.8815 0.9217 12.46 
0.201 2 19 1 4.0 4.0 0.209 0.243 0.8450 0.9217 12.46 
0.202 2 19 1 4.0 4.0 0.196 0.230 0.8815 0.9217 12.46 
0.203 2 19 1 4.0 4.0 0.219 0.246 0.8450 0.9432 12.47 
0.204 2 19 1 4.0 4.0 0.214 0.248 0.8815 0.9432 12.45 
0.205 2 19 1 4.0 4.0 0.219 0.194 0.8450 0.9655 12.46 
0.206 2 19 1 4.0 4.0 0.237 0.199 0.9014 0.9432 12.46 
0.207 2 19 1 4.0 4.0 0.229 0.252 0.8450 0.9432 12.46 
0.208 2 19 1 4.0 4.0 0.216 0.211 0.8815 0.9432 12.46 
0.209 2 19 1 4.0 4.0 0.198 0.222 0.9217 0.9432 12.46 
0.210 2 19 1 4.0 4.0 0.202 0.250 0.9014 0.9655 12.46 
0.211 2 19 1 4.0 4.0 0.195 0.252 0.9217 0.9432 12.46 
0.212 2 19 1 4.0 4.0 0.220 0.207 0.9014 0.9655 12.45 
0.213 2 19 1 4.0 4.0 0.234 0.192 0.9655 0.9895 12.45 
0.214 2 19 1 4.0 4.0 0.235 0.199 0.9432 0.9655 12.46 
0.215 2 19 1 4.0 4.0 0.197 0.204 0.9655 0.9655 12.47 
0.216 2 19 1 4.0 4.0 0.172 0.212 0.9432 0.9655 12.46 
0.217 2 19 1 4.0 4.0 0.180 0.211 0.9655 0.9895 12.47 
0.218 2 19 1 4.0 4.0 0.214 0.203 0.9655 0.9895 12.46 
0.219 2 19 1 4.0 4.0 0.218 0.180 0.9655 0.9895 12.46 
0.220 2 19 1 4.0 4.0 0.196 0.184 0.9655 1.0142 12.46 
0.221 2 19 1 4.0 4.0 0.213 0.177 0.9895 1.0142 12.46 
0.222 2 19 1 4.0 4.0 0.187 0.184 0.9895 1.0142 12.46 
0.223 2 19 1 4.0 4.0 0.160 0.184 0.9895 1.0142 12.46 
0.224 2 19 1 4.0 4.0 0.164 0.213 0.9655 1.0402 12.45 
0.225 2 19 1 4.0 4.0 0.199 0.184 1.0142 1.0402 12.46 
0.226 2 19 1 4.0 4.0 0.186 0.152 0.9895 1.0142 12.46 
0.227 2 19 1 4.0 4.0 0.155 0.158 1.0402 1.0142 12.47 
0.228 2 19 1 4.0 4.0 0.169 0.147 0.9432 1.0142 12.47 
0.229 2 19 1 4.0 4.0 0.157 0.166 1.0142 1.0142 12.46 
0.230 2 19 1 4.0 4.0 0.162 0.178 1.0142 1.0402 12.46 
0.231 2 19 1 4.0 4.0 0.161 0.186 1.0142 1.0402 12.46 
0.232 2 19 1 4.0 4.0 0.160 0.176 1.0142 1.0402 12.47 
0.233 2 19 1 4.0 4.0 0.168 0.143 1.0673 1.0673 12.46 
0.234 2 19 1 4.0 4.0 0.183 0.152 1.0142 1.0673 12.47 
0.235 2 19 1 4.0 4.0 0.179 0.152 1.0402 1.0673 12.46 
0.236 2 19 1 4.0 4.0 0.157 0.129 1.0142 1.0673 12.47 
0.237 2 19 1 4.0 4.0 0.137 0.163 1.0142 1.0961 12.45 
0.238 2 19 1 4.0 4.0 0.176 0.149 1.0402 1.0961 12.46 
0.239 2 19 1 4.0 4.0 0.193 0.151 1.0142 1.0961 12.46 
0.240 2 19 1 4.0 4.0 0.190 0.143 1.0142 1.0961 12.45 
0.241 2 19 1 4.0 4.0 0.182 0.150 1.0142 1.0673 12.47 
0.242 2 19 1 4.0 4.0 0.150 0.139 1.0142 1.0673 12.47 
0.243 2 19 1 4.0 4.0 0.128 0.158 1.0402 1.0961 12.45 
0.244 2 19 1 4.0 4.0 0.153 0.184 1.0142 1.0961 12.45 
0.245 2 19 1 4.0 4.0 0.149 0.130 1.0402 1.0673 12.46 
0.246 2 19 1 4.0 4.0 0.141 0.141 1.0142 1.0673 12.46 
0.247 2 19 1 4.0 4.0 0.142 0.150 1.0142 1.0673 12.47 
0.248 2 19 1 4.0 4.0 0.138 0.170 1.0142 1.0673 12.46 
0.249 2 19 1 4.0 4.0 0.156 0.145 1.0402 1.0961 12.45 
0.250 2 19 1 4.0 4.0 0.133 0.181 1.0402 1.0961 12.45 
0.251 2 19 1 4.0 4.0 0.146 0.131 1.0402 1.0961 12.46 
0.252 2 19 1 4.0 4.0 0.161 0.111 1.0142 1.0961 12.46 
0.253 2 19 1 4.0 4.0 0.158 0.123 1.0961 1.0961 12.46 
0.254 2 19 1 4.0 4.0 0.166 0.129 1.0673 1.0961 12.46 
0.255 2 19 1 4.0 4.0 0.146 0.119 1.0673 1.1266 12.46 
0.256 2 19 1 4.0 4.0 0.119 0.141 1.0673 1.1266 12.47 
0.257 2 19 1 4.0 4.0 0.131 0.120 1.0961 1.1266 12.49 
0.258 2 19 1 4.0 4.0 0.167 0.126 1.0961 1.1266 12.46 
0.259 2 19 1 4.0 4.0 0.156 0.116 1.0673 1.0961 12.47 
0.260 2 19 1 4.0 4.0 0.163 0.107 1.0673 1.0961 12.47 
0.261 2 19 1 4.0 4.0 0.137 0.115 1.0673 1.1266 12.47 
0.262 2 19 1 4.0 4.0 0.114 0.135 1.0961 1.1266 12.47 
0.263 2 19 1 4.0 4.0 0.122 0.116 1.0673 1.1266 12.47 
0.264 2 19 1 4.0 4.0 0.142 0.098 1.0961 1.0961 12.47 
0.265 2 19 1 4.0 4.0 0.125 0.141 1.0961 1.0961 12.47 
0.266 2 19 1 4.0 4.0 0.125 0.120 1.0402 1.0961 12.48 
0.267 2 19 1 4.0 4.0 0.123 0.131 1.0673 1.0961 12.47 
0.268 2 19 1 4.0 4.0 0.125 0.164 1.0961 1.1266 12.45 
0.269 2 19 1 4.0 4.0 0.128 0.151 1.0673 1.0961 12.46 
0.270 2 19 1 4.0 4.0 0.145 0.112 1.0673 1.1590 12.46 
0.271 2 19 1 4.0 4.0 0.144 0.138 1.0673 1.1266 12.44 
0.272 2 19 1 4.0 4.0 0.150 0.148 1.1266 1.1266 12.44 
0.273 2 19 1 4.0 4.0 0.161 0.127 1.0961 1.1266 12.47 
0.274 2 19 1 4.0 4.0 0.138 0.111 1.0673 1.1590 12.46 
0.275 2 19 1 4.0 4.0 0.124 0.114 1.0673 1.1266 12.45 
0.276 2 19 1 4.0 4.0 0.134 0.110 1.0961 1.1266 12.48 
0.277 2 19 1 4.0 4.0 0.180 0.129 1.0961 1.1266 12.45 
0.278 2 19 1 4.0 4.0 0.157 0.112 1.0673 1.1266 12.47 
0.279 2 19 1 4.0 4.0 0.142 0.108 1.0961 1.1266 12.47 
0.280 2 19 1 4.0 4.0 0.119 0.169 1.0673 1.1590 12.47 
0.281 2 19 1 4.0 4.0 0.102 0.112 1.0961 1.1590 12.46 
0.282 2 19 1 4.0 4.0 0.119 0.103 1.0961 1.1266 12.46 
0.283 2 19 1 4.0 4.0 0.138 0.139 1.0673 1.1266 12.50 
0.284 2 19 1 4.0 4.0 0.120 0.141 1.1266 1.1266 12.47 
0.285 2 19 1 4.0 4.0 0.119 0.138 1.0961 1.1266 12.46 
0.286 2 19 1 4.0 4.0 0.116 0.162 1.0961 1.1266 12.45 
0.287 2 19 1 4.0 4.0 0.120 0.131 1.1266 1.1266 12.46 
0.288 2 19 1 4.0 4.0 0.110 0.108 1.0961 1.1590 12.46 
0.289 2 19 1 4.0 4.0 0.142 0.144 1.0961 1.1266 12.47 
0.290 2 19 1 4.0 4.0 0.124 0.136 1.1266 1.1266 12.46 
0.291 2 19 1 4.0 4.0 0.158 0.122 1.0961 1.1266 12.47 
0.292 2 19 1 4.0 4.0 0.133 0.138 1.1266 1.1590 12.47 
0.293 2 19 1 4.0 4.0 0.102 0.131 1.0961 1.1590 12.47 
0.294 2 19 1 4.0 4.0 0.101 0.131 1.1266 1.1590 12.46 
0.295 2 19 1 4.0 4.0 0.115 0.120 1.1266 1.1590 12.45 
0.296 2 19 1 4.0 4.0 0.153 0.110 1.1266 1.1590 12.44 
0.297 2 19 1 4.0 4.0 0.153 0.117 1.1266 1.1931 12.46 
0.298 2 19 1 4.0 4.0 0.127 0.126 1.1266 1.1590 12.45 
0.299 2 19 1 4.0 4.0 0.080 0.088 1.1266 1.1590 12.47 
0.300 2 19 1 4.0 4.0 0.088 0.093 1.0961 1.1266 12.47 
0.301 2 19 1 4.0 4.0 0.138 0.109 1.1266 1.1266 12.48 
0.302 2 19 2 -4.0 -4.0 0.115 0.101 1.1266 1.1266 12.51 
0.303 2 19 2 -4.0 -4.0 -0.101 -0.135 1.0673 1.1590 12.46 
0.304 2 19 2 -4.0 -4.0 -0.649 -0.751 1.0673 1.1590 12.43 
0.305 2 19 2 -4.0 -4.0 -1.202 -1.163 1.0961 1.1266 12.40 
0.306 2 19 2 -4.0 -4.0 -1.535 -1.512 0.9895 1.0673 12.38 
0.307 2 19 2 -4.0 -4.0 -1.431 -1.717 0.9432 1.0142 12.39 
0.308 2 19 2 -4.0 -4.0 -1.398 -1.548 0.8114 0.9655 12.38 
0.309 2 19 2 -4.0 -4.0 -1.539 -1.626 0.8276 0.8629 12.36 
0.310 2 19 2 -4.0 -4.0 -1.590 -1.740 0.7801 0.8114 12.37 
0.311 2 19 2 -4.0 -4.0 -1.391 -1.790 0.6872 0.7509 12.38 
0.312 2 19 2 -4.0 -4.0 -1.282 -1.468 0.6540 0.7116 12.38 
0.313 2 19 2 -4.0 -4.0 -1.348 -1.445 0.5712 0.6438 12.40 
0.314 2 19 2 -4.0 -4.0 -1.438 -1.518 0.5554 0.6239 12.39 
0.315 2 19 2 -4.0 -4.0 -1.482 -1.566 0.5132 0.5266 12.39 
0.316 2 19 2 -4.0 -4.0 -1.452 -1.572 0.4661 0.5006 12.37 
0.317 2 19 2 -4.0 -4.0 -1.371 -1.449 0.3899 0.4057 12.38 
0.318 2 19 2 -4.0 -4.0 -1.117 -1.282 0.3379 0.3753 12.42 
0.319 2 19 2 -4.0 -4.0 -1.137 -1.320 0.2897 0.3753 12.40 
0.320 2 19 2 -4.0 -4.0 -1.160 -1.368 0.2836 0.3270 12.40 
0.321 2 19 2 -4.0 -4.0 -1.158 -1.390 0.2077 0.2617 12.40 
0.322 2 19 2 -4.0 -4.0 -1.173 -1.409 0.2077 0.2617 12.39 
0.323 2 19 2 -4.0 -4.0 -1.160 -1.375 0.2008 0.1826 12.39 
0.324 2 19 2 -4.0 -4.0 -1.140 -1.319 0.1343 0.1594 12.40 
0.325 2 19 2 -4.0 -4.0 -1.108 -1.281 0.1006 0.1594 12.40 
0.326 2 19 2 -4.0 -4.0 -1.070 -1.261 0.0807 0.1513 12.39 
0.327 2 19 2 -4.0 -4.0 -1.038 -1.219 0.0673 0.1099 12.40 
0.328 2 19 2 -4.0 -4.0 -1.031 -1.195 0.0576 0.0864 12.41 
0.329 2 19 2 -4.0 -4.0 -0.947 -1.179 -0.0535 -0.0848 12.41 
0.330 2 19 2 -4.0 -4.0 -0.894 -1.143 -0.0535 -0.0848 12.41 
0.331 2 19 2 -4.0 -4.0 -0.879 -1.080 -0.1874 -0.1456 12.41 
0.332 2 19 2 -4.0 -4.0 -0.839 -1.037 -0.1874 -0.1456 12.41 
0.333 2 19 2 -4.0 -4.0 -0.832 -0.978 -0.2369 -0.2227 12.41 
0.334 2 19 2 -4.0 -4.0 -0.849 -0.938 -0.2917 -0.2227 12.41 
0.335 2 19 2 -4.0 -4.0 -0.725 -0.892 -0.2917 -0.2702 12.41 
0.336 2 19 2 -4.0 -4.0 -0.724 -0.883 -0.3071 -0.3026 12.42 
0.337 2 19 2 -4.0 -4.0 -0.740 -0.793 -0.3323 -0.3245 12.42 
0.338 2 19 2 -4.0 -4.0 -0.714 -0.732 -0.3465 -0.3586 12.42 
0.339 2 19 2 -4.0 -4.0 -0.677 -0.737 -0.3935 -0.3935 12.43 
0.340 2 19 2 -4.0 -4.0 -0.633 -0.763 -0.3525 -0.3935 12.42 
0.341 2 19 2 -4.0 -4.0 -0.658 -0.730 -0.3935 -0.4138 12.42 
0.342 2 19 2 -4.0 -4.0 -0.647 -0.713 -0.4268 -0.4268 12.42 
0.343 2 19 2 -4.0 -4.0 -0.554 -0.561 -0.4556 -0.4406 12.43 
0.344 2 19 2 -4.0 -4.0 -0.566 -0.531 -0.4361 -0.4507 12.45 
0.345 2 19 2 -4.0 -4.0 -0.580 -0.535 -0.5201 -0.4714 12.43 
0.346 2 19 2 -4.0 -4.0 -0.562 -0.580 -0.5335 -0.4828 12.43 
0.347 2 19 2 -4.0 -4.0 -0.543 -0.609 -0.5006 -0.5132 12.43 
0.348 2 19 2 -4.0 -4.0 -0.569 -0.628 -0.5481 -0.5266 12.43 
0.349 2 19 2 -4.0 -4.0 -0.528 -0.591 -0.5712 -0.5408 12.43 
0.350 2 19 2 -4.0 -4.0 -0.493 -0.607 -0.5712 -0.5554 12.42 
0.351 2 19 2 -4.0 -4.0 -0.473 -0.557 -0.5878 -0.5712 12.43 
0.352 2 19 2 -4.0 -4.0 -0.484 -0.537 -0.6438 -0.5712 12.43 
0.353 2 19 2 -4.0 -4.0 -0.437 -0.533 -0.6438 -0.5878 12.43 
0.354 2 19 2 -4.0 -4.0 -0.409 -0.508 -0.6540 -0.6337 12.44 
0.355 2 19 2 -4.0 -4.0 -0.361 -0.385 -0.5878 -0.6337 12.44 
0.356 2 19 2 -4.0 -4.0 -0.397 -0.376 -0.6759 -0.6337 12.45 
0.357 2 19 2 -4.0 -4.0 -0.399 -0.420 -0.5878 -0.6649 12.43 
0.358 2 19 2 -4.0 -4.0 -0.429 -0.466 -0.6649 -0.6649 12.45 
0.359 2 19 2 -4.0 -4.0 -0.476 -0.452 -0.7241 -0.6649 12.45 
0.360 2 19 2 -4.0 -4.0 -0.413 -0.445 -0.6994 -0.6872 12.45 
0.361 2 19 2 -4.0 -4.0 -0.368 -0.406 -0.7241 -0.6872 12.44 
0.362 2 19 2 -4.0 -4.0 -0.370 -0.405 -0.6994 -0.7116 12.44 
0.363 2 19 2 -4.0 -4.0 -0.366 -0.416 -0.7116 -0.6994 12.44 
0.364 2 19 2 -4.0 -4.0 -0.304 -0.402 -0.7375 -0.7375 12.45 
0.365 2 19 2 -4.0 -4.0 -0.326 -0.378 -0.7241 -0.7375 12.43 
0.366 2 19 2 -4.0 -4.0 -0.288 -0.347 -0.7509 -0.7509 12.44 
0.367 2 19 2 -4.0 -4.0 -0.300 -0.403 -0.7651 -0.7651 12.42 
0.368 2 19 2 -4.0 -4.0 -0.311 -0.383 -0.7951 -0.7651 12.45 
0.369 2 19 2 -4.0 -4.0 -0.314 -0.394 -0.8114 -0.7801 12.42 
0.370 2 19 2 -4.0 -4.0 -0.299 -0.367 -0.8114 -0.7951 12.44 
0.371 2 19 2 -4.0 -4.0 -0.269 -0.350 -0.7801 -0.8114 12.44 
0.372 2 19 2 -4.0 -4.0 -0.300 -0.359 -0.8114 -0.8114 12.45 
0.373 2 19 2 -4.0 -4.0 -0.320 -0.280 -0.7951 -0.8114 12.46 
0.374 2 19 2 -4.0 -4.0 -0.307 -0.291 -0.8450 -0.8276 12.45 
0.375 2 19 2 -4.0 -4.0 -0.286 -0.303 -0.8114 -0.8276 12.45 
0.376 2 19 2 -4.0 -4.0 -0.297 -0.334 -0.8450 -0.8450 12.45 
0.377 2 19 2 -4.0 -4.0 -0.286 -0.344 -0.8276 -0.8629 12.45 
0.378 2 19 2 -4.0 -4.0 -0.284 -0.325 -0.8815 -0.8629 12.45 
0.379 2 19 2 -4.0 -4.0 -0.233 -0.313 -0.8815 -0.8450 12.46 
0.380 2 19 2 -4.0 -4.0 -0.227 -0.276 -0.7951 -0.8815 12.46 
0.381 2 19 2 -4.0 -4.0 -0.238 -0.263 -0.8629 -0.8815 12.46 
0.382 2 19 2 -4.0 -4.0 -0.222 -0.276 -0.8114 -0.9014 12.46 
0.383 2 19 2 -4.0 -4.0 -0.231 -0.286 -0.8629 -0.9014 12.47 
0.384 2 19 2 -4.0 -4.0 -0.277 -0.283 -0.8450 -0.9014 12.46 
0.385 2 19 2 -4.0 -4.0 -0.227 -0.280 -0.9014 -0.9014 12.46 
0.386 2 19 2 -4.0 -4.0 -0.194 -0.266 -0.9014 -0.9217 12.45 
0.387 2 19 2 -4.0 -4.0 -0.212 -0.271 -0.9217 -0.9014 12.45 
0.388 2 19 2 -4.0 -4.0 -0.238 -0.261 -0.9217 -0.9217 12.45 
0.389 2 19 2 -4.0 -4.0 -0.223 -0.275 -0.9217 -0.9217 12.44 
0.390 2 19 2 -4.0 -4.0 -0.216 -0.257 -0.9217 -0.9432 12.45 
0.391 2 19 2 -4.0 -4.0 -0.185 -0.238 -0.9655 -0.9432 12.46 
0.392 2 19 2 -4.0 -4.0 -0.220 -0.259 -0.9655 -0.9432 12.46 
0.393 2 19 2 -4.0 -4.0 -0.181 -0.249 -0.8815 -0.9655 12.45 
0.394 2 19 2 -4.0 -4.0 -0.175 -0.237 -0.9432 -0.9655 12.45 
0.395 2 19 2 -4.0 -4.0 -0.204 -0.197 -0.9432 -0.9655 12.47 
0.396 2 19 2 -4.0 -4.0 -0.203 -0.230 -0.8629 -0.9895 12.46 
0.397 2 19 2 -4.0 -4.0 -0.172 -0.259 -0.9655 -0.9895 12.46 
0.398 2 19 2 -4.0 -4.0 -0.207 -0.233 -0.9655 -0.9895 12.46 
0.399 2 19 2 -4.0 -4.0 -0.214 -0.233 -1.0142 -0.9895 12.47 
0.400 2 19 2 -4.0 -4.0 -0.212 -0.228 -1.0402 -0.9895 12.45 
0.401 2 19 2 -4.0 -4.0 -0.179 -0.197 -1.0142 -1.0142 12.45 
0.402 2 19 2 -4.0 -4.0 -0.203 -0.182 -0.9655 -1.0142 12.44 
0.403 2 19 2 -4.0 -4.0 -0.180 -0.211 -0.9655 -1.0142 12.44 
0.404 2 19 2 -4.0 -4.0 -0.160 -0.229 -1.0142 -1.0142 12.46 
0.405 2 19 2 -4.0 -4.0 -0.183 -0.204 -0.9895 -1.0142 12.46 
0.406 2 19 2 -4.0 -4.0 -0.133 -0.202 -1.0402 -1.0142 12.45 
0.407 2 19 2 -4.0 -4.0 -0.143 -0.201 -1.0142 -0.9895 12.45 
0.408 2 19 2 -4.0 -4.0 -0.138 -0.174 -1.0142 -1.0402 12.46 
0.409 2 19 2 -4.0 -4.0 -0.139 -0.188 -1.0142 -1.0402 12.46 
0.410 2 19 2 -4.0 -4.0 -0.209 -0.192 -1.0142 -1.0673 12.46 
0.411 2 19 2 -4.0 -4.0 -0.227 -0.187 -1.0402 -1.0673 12.45 
0.412 2 19 2 -4.0 -4.0 -0.200 -0.183 -1.0402 -1.0673 12.45 
0.413 2 19 2 -4.0 -4.0 -0.174 -0.174 -1.0142 -1.0673 12.46 
0.414 2 19 2 -4.0 -4.0 -0.151 -0.152 -1.0402 -1.0673 12.45 
0.415 2 19 2 -4.0 -4.0 -0.173 -0.135 -1.0673 -1.0673 12.45 
0.416 2 19 2 -4.0 -4.0 -0.196 -0.177 -1.0142 -1.0961 12.47 
0.417 2 19 2 -4.0 -4.0 -0.153 -0.176 -1.0402 -1.0961 12.46 
0.418 2 19 2 -4.0 -4.0 -0.166 -0.188 -1.0402 -1.0961 12.47 
0.419 2 19 2 -4.0 -4.0 -0.179 -0.164 -1.0961 -1.0673 12.47 
0.420 2 19 2 -4.0 -4.0 -0.155 -0.185 -1.0673 -1.0961 12.46 
0.421 2 19 2 -4.0 -4.0 -0.165 -0.146 -1.0402 -1.0961 12.47 
0.422 2 19 2 -4.0 -4.0 -0.162 -0.167 -1.0673 -1.0961 12.47 
0.423 2 19 2 -4.0 -4.0 -0.147 -0.153 -1.0673 -1.0961 12.46 
0.424 2 19 2 -4.0 -4.0 -0.170 -0.150 -1.0402 -1.0961 12.47 
0.425 2 19 2 -4.0 -4.0 -0.147 -0.167 -1.0961 -1.0961 12.46 
0.426 2 19 2 -4.0 -4.0 -0.102 -0.186 -1.0673 -1.0673 12.47 
0.427 2 19 2 -4.0 -4.0 -0.140 -0.147 -1.0961 -1.0961 12.45 
0.428 2 19 2 -4.0 -4.0 -0.166 -0.154 -1.0673 -1.1266 12.47 
0.429 2 19 2 -4.0 -4.0 -0.165 -0.159 -1.0673 -1.1266 12.45 
0.430 2 19 2 -4.0 -4.0 -0.148 -0.154 -1.0961 -1.1266 12.47 
0.431 2 19 2 -4.0 -4.0 -0.146 -0.152 -1.0961 -1.0961 12.44 
0.432 2 19 2 -4.0 -4.0 -0.117 -0.150 -1.0673 -1.0961 12.46 
0.433 2 19 2 -4.0 -4.0 -0.099 -0.122 -1.0961 -1.0961 12.46 
0.434 2 19 2 -4.0 -4.0 -0.113 -0.138 -1.1266 -1.0961 12.47 
0.435 2 19 2 -4.0 -4.0 -0.132 -0.166 -1.0673 -1.1266 12.46 
0.436 2 19 2 -4.0 -4.0 -0.157 -0.138 -1.0961 -1.1266 12.46 
0.437 2 19 2 -4.0 -4.0 -0.193 -0.133 -1.0961 -1.1266 12.44 
0.438 2 19 2 -4.0 -4.0 -0.158 -0.131 -1.1590 -1.1590 12.46 
0.439 2 19 2 -4.0 -4.0 -0.139 -0.097 -1.1266 -1.1266 12.47 
0.440 2 19 2 -4.0 -4.0 -0.168 -0.112 -1.1266 -1.1266 12.46 
0.441 2 19 2 -4.0 -4.0 -0.116 -0.126 -1.0673 -1.1266 12.47 
0.442 2 19 2 -4.0 -4.0 -0.145 -0.113 -1.1266 -1.1266 12.47 
0.443 2 19 2 -4.0 -4.0 -0.151 -0.119 -1.0961 -1.1266 12.47 
0.444 2 19 2 -4.0 -4.0 -0.108 -0.126 -1.0961 -1.0961 12.48 
0.445 2 19 2 -4.0 -4.0 -0.093 -0.103 -1.1266 -1.1266 12.47 
0.446 2 19 2 -4.0 -4.0 -0.133 -0.127 -1.1266 -1.1266 12.46 
0.447 2 19 2 -4.0 -4.0 -0.127 -0.117 -1.0961 -1.1590 12.47 
0.448 2 19 2 -4.0 -4.0 -0.132 -0.105 -1.1266 -1.1590 12.46 
0.449 2 19 2 -4.0 -4.0 -0.113 -0.137 -1.1266 -1.1590 12.46 
0.450 2 19 2 -4.0 -4.0 -0.127 -0.128 -1.0961 -1.1590 12.47 
0.451 2 19 2 -4.0 -4.0 -0.111 -0.111 -1.1266 -1.1590 12.47 
0.452 2 19 2 -4.0 -4.0 -0.134 -0.146 -1.0961 -1.1931 12.47 
0.453 2 19 3 0.0 0.0 -0.130 -0.134 -1.0961 -1.0961 12.47 
0.454 2 19 3 0.0 0.0 -0.002 -0.040 -1.1266 -1.1931 12.47 
0.455 2 19 3 0.0 0.0 0.243 0.243 -1.0961 -1.1590 12.48 
0.456 2 19 3 0.0 0.0 0.499 0.542 -1.1266 -1.1590 12.48 
0.457 2 19 3 0.0 0.0 0.675 0.688 -1.0961 -1.0961 12.48 
0.458 2 19 3 0.0 0.0 0.613 0.622 -1.0142 -1.0673 12.48 
0.459 2 19 3 0.0 0.0 0.652 0.673 -1.0402 -1.0402 12.48 
0.460 2 19 3 0.0 0.0 0.731 0.769 -0.9895 -1.0402 12.48 
0.461 2 19 3 0.0 0.0 0.677 0.693 -0.8629 -0.9895 12.48 
0.462 2 19 3 0.0 0.0 0.580 0.642 -0.9014 -0.9655 12.48 
0.463 2 19 3 0.0 0.0 0.621 0.731 -0.8450 -0.9432 12.48 
0.464 2 19 3 0.0 0.0 0.674 0.754 -0.8114 -0.9217 12.48 
0.465 2 19 3 0.0 0.0 0.550 0.595 -0.8114 -0.9014 12.48 
0.466 2 19 3 0.0 0.0 0.535 0.617 -0.7951 -0.8629 12.48 
0.467 2 19 3 0.0 0.0 0.587 0.677 -0.7651 -0.8114 12.48 
0.468 2 19 3 0.0 0.0 0.639 0.712 -0.7651 -0.7801 12.48 
0.469 2 19 3 0.0 0.0 0.606 0.582 -0.7509 -0.7651 12.48 
0.470 2 19 3 0.0 0.0 0.494 0.550 -0.7375 -0.7375 12.47 
0.471 2 19 3 0.0 0.0 0.514 0.595 -0.7116 -0.7241 12.48 
0.472 2 19 3 0.0 0.0 0.541 0.550 -0.6438 -0.7116 12.48 
0.473 2 19 3 0.0 0.0 0.555 0.449 -0.6540 -0.6994 12.48 
0.474 2 19 3 0.0 0.0 0.459 0.431 -0.6540 -0.6994 12.48 
0.475 2 19 3 0.0 0.0 0.407 0.496 -0.5964 -0.6649 12.48 
0.476 2 19 3 0.0 0.0 0.433 0.536 -0.6337 -0.6337 12.48 
0.477 2 19 3 0.0 0.0 0.465 0.577 -0.5408 -0.6239 12.48 
0.478 2 19 3 0.0 0.0 0.471 0.571 -0.5481 -0.5964 12.49 
0.479 2 19 3 0.0 0.0 0.436 0.442 -0.5335 -0.5793 12.48 
0.480 2 19 3 0.0 0.0 0.352 0.415 -0.5335 -0.5481 12.48 
0.481 2 19 3 0.0 0.0 0.297 0.485 -0.5006 -0.5554 12.48 
0.482 2 19 3 0.0 0.0 0.360 0.458 -0.4945 -0.5335 12.48 
0.483 2 19 3 0.0 0.0 0.385 0.420 -0.5006 -0.5071 12.48 
0.484 2 19 3 0.0 0.0 0.389 0.374 -0.4945 -0.4884 12.48 
0.485 2 19 3 0.0 0.0 0.385 0.317 -0.4714 -0.4828 12.48 
0.486 2 19 3 0.0 0.0 0.353 0.324 -0.4406 -0.4828 12.48 
0.487 2 19 3 0.0 0.0 0.257 0.363 -0.4361 -0.4609 12.48 
0.488 2 19 3 0.0 0.0 0.242 0.390 -0.3323 -0.4406 12.49 
0.489 2 19 3 0.0 0.0 0.265 0.393 -0.3976 -0.4312 12.49 
0.490 2 19 3 0.0 0.0 0.291 0.371 -0.4138 -0.4057 12.48 
0.491 2 19 3 0.0 0.0 0.293 0.343 -0.3720 -0.3826 12.48 
0.492 2 19 3 0.0 0.0 0.302 0.310 -0.2917 -0.3688 12.48 
0.493 2 19 3 0.0 0.0 0.284 0.263 -0.2917 -0.3688 12.48 
0.494 2 19 3 0.0 0.0 0.279 0.261 -0.3270 -0.3688 12.48 
0.495 2 19 3 0.0 0.0 0.228 0.279 -0.3298 -0.3619 12.48 
0.496 2 19 3 0.0 0.0 0.207 0.310 -0.3120 -0.3351 12.48 
0.497 2 19 3 0.0 0.0 0.167 0.307 -0.3120 -0.3047 12.49 
0.498 2 19 3 0.0 0.0 0.151 0.289 -0.2564 -0.3047 12.49 
0.499 2 19 3 0.0 0.0 0.153 0.275 -0.2795 -0.3047 12.49 
0.500 2 19 3 0.0 0.0 0.161 0.230 -0.2795 -0.3002 12.48 
0.501 2 19 3 0.0 0.0 0.168 0.181 -0.2633 -0.2738 12.48 
0.502 2 19 3 0.0 0.0 0.171 0.156 -0.2503 -0.2738 12.48 
0.503 2 19 3 0.0 0.0 0.169 0.141 -0.2503 -0.2686 12.48 
0.504 2 19 3 0.0 0.0 0.170 0.154 -0.2049 -0.2617 12.48 
0.505 2 19 3 0.0 0.0 0.165 0.171 -0.2049 -0.2617 12.48 
0.506 2 19 3 0.0 0.0 0.141 0.196 -0.2122 -0.2649 12.49 
0.507 2 19 3 0.0 0.0 0.137 0.203 -0.2122 -0.2649 12.49 
0.508 2 19 3 0.0 0.0 0.123 0.212 -0.1976 -0.2288 12.48 
0.509 2 19 3 0.0 0.0 0.119 0.217 -0.1976 -0.2288 12.48 
0.510 2 19 3 0.0 0.0 0.086 0.211 -0.2037 -0.2134 12.48 
0.511 2 19 3 0.0 0.0 0.079 0.191 -0.2037 -0.2134 12.48 
0.512 2 19 3 0.0 0.0 0.075 0.164 -0.1858 -0.1988 12.48 
0.513 2 19 3 0.0 0.0 0.082 0.142 -0.1793 -0.1988 12.48 
0.514 2 19 3 0.0 0.0 0.114 0.131 -0.1793 -0.1850 12.48 
0.515 2 19 3 0.0 0.0 0.114 0.125 -0.1716 -0.1850 12.48 
0.516 2 19 3 0.0 0.0 0.116 0.124 -0.1716 -0.1696 12.48 
0.517 2 19 3 0.0 0.0 0.119 0.116 -0.1582 -0.1696 12.47 
0.518 2 19 3 0.0 0.0 0.112 0.101 -0.1387 -0.1696 12.48 
0.519 2 19 3 0.0 0.0 0.115 0.094 -0.1387 -0.1566 12.48 
0.520 2 19 3 0.0 0.0 0.115 0.085 -0.1387 -0.1566 12.48 
0.521 2 19 3 0.0 0.0 0.119 0.094 -0.1302 -0.1558 12.48 
0.522 2 19 3 0.0 0.0 0.110 0.104 -0.1302 -0.1469 12.48 
0.523 2 19 3 0.0 0.0 0.112 0.103 -0.1302 -0.1469 12.48 
0.524 2 19 3 0.0 0.0 0.107 0.097 -0.1148 -0.1428 12.48 
0.525 2 19 3 0.0 0.0 0.108 0.097 -0.0957 -0.1359 12.48 
0.526 2 19 3 0.0 0.0 0.101 0.108 -0.0957 -0.1359 12.48 
0.527 2 19 3 0.0 0.0 0.087 0.104 -0.0957 -0.1359 12.48 
0.528 2 19 3 0.0 0.0 0.084 0.109 -0.0957 -0.1128 12.48 
0.529 2 19 3 0.0 0.0 0.083 0.107 -0.0941 -0.1128 12.48 
0.530 2 19 3 0.0 0.0 0.085 0.103 -0.0844 -0.1128 12.48 
0.531 2 19 3 0.0 0.0 0.074 0.105 -0.0844 -0.1128 12.49 
0.532 2 19 3 0.0 0.0 0.066 0.089 -0.0844 -0.0970 12.48 
0.533 2 19 3 0.0 0.0 0.056 0.071 -0.0844 -0.0970 12.48 
0.534 2 19 3 0.0 0.0 0.053 0.062 -0.0844 -0.0970 12.49 
0.535 2 19 3 0.0 0.0 0.047 0.051 -0.0734 -0.0970 12.48 
0.536 2 19 3 0.0 0.0 0.040 0.038 -0.0706 -0.0970 12.48 
0.537 2 19 3 0.0 0.0 0.035 0.032 -0.0706 -0.0795 12.48 
0.538 2 19 3 0.0 0.0 0.039 0.035 -0.0706 -0.0755 12.49 
0.539 2 19 3 0.0 0.0 0.028 0.039 -0.0706 -0.0755 12.48 
0.540 2 19 3 0.0 0.0 0.029 0.036 -0.0706 -0.0755 12.48 
0.541 2 19 3 0.0 0.0 0.027 0.040 -0.0702 -0.0755 12.48 
0.542 2 19 3 0.0 0.0 0.024 0.040 -0.0649 -0.0755 12.48 
0.543 2 19 3 0.0 0.0 0.025 0.030 -0.0649 -0.0706 12.49 
0.544 2 19 3 0.0 0.0 0.037 0.036 -0.0649 -0.0604 12.48 
0.545 2 19 3 0.0 0.0 0.029 0.025 -0.0649 -0.0604 12.47 
0.546 2 19 3 0.0 0.0 0.014 0.025 -0.0649 -0.0604 12.48 
0.547 2 19 3 0.0 0.0 0.015 0.021 -0.0649 -0.0604 12.48 
0.548 2 19 3 0.0 0.0 0.020 0.009 -0.0617 -0.0604 12.48 
0.549 2 19 3 0.0 0.0 0.001 0.011 -0.0535 -0.0604 12.48 
0.550 2 19 3 0.0 0.0 0.007 0.016 -0.0471 -0.0604 12.48 
0.551 2 19 3 0.0 0.0 -0.003 0.015 -0.0422 -0.0572 12.48 
0.552 2 19 3 0.0 0.0 -0.002 0.012 -0.0381 -0.0503 12.49 
0.553 2 19 3 0.0 0.0 0.001 0.014 -0.0349 -0.0467 12.48 
0.554 2 19 3 0.0 0.0 0.009 0.011 -0.0320 -0.0467 12.48 
0.555 2 19 3 0.0 0.0 0.004 0.020 -0.0296 -0.0467 12.48 
0.556 2 19 3 0.0 0.0 -0.008 0.025 -0.0276 -0.0467 12.48 
0.557 2 19 3 0.0 0.0 0.003 0.020 -0.0260 -0.0467 12.48 
0.558 2 19 3 0.0 0.0 0.002 0.009 -0.0243 -0.0467 12.48 
0.559 2 19 3 0.0 0.0 -0.007 0.006 -0.0227 -0.0467 12.48 
0.560 2 19 3 0.0 0.0 -0.005 0.011 -0.0215 -0.0467 12.49 
0.561 2 19 3 0.0 0.0 -0.014 0.019 -0.0207 -0.0467 12.48 
0.562 2 19 3 0.0 0.0 -0.024 0.009 -0.0195 -0.0430 12.48 
0.563 2 19 3 0.0 0.0 -0.009 0.021 -0.0187 -0.0385 12.48 
0.564 2 19 3 0.0 0.0 -0.012 0.012 -0.0178 -0.0353 12.48 
0.565 2 19 3 0.0 0.0 -0.017 0.013 -0.0170 -0.0325 12.48 
0.566 2 19 3 0.0 0.0 -0.015 0.007 -0.0162 -0.0300 12.48 
0.567 2 19 3 0.0 0.0 -0.015 -0.005 -0.0158 -0.0280 12.48 
0.568 2 19 3 0.0 0.0 -0.010 -0.005 -0.0150 -0.0260 12.48 
0.569 2 19 3 0.0 0.0 -0.013 0.006 -0.0146 -0.0243 12.49 
0.570 2 19 3 0.0 0.0 -0.009 0.013 -0.0142 -0.0231 12.49 
0.571 2 19 3 0.0 0.0 -0.014 0.011 -0.0134 -0.0219 12.48 
0.572 2 19 3 0.0 0.0 -0.017 0.006 -0.0130 -0.0207 12.48 
0.573 2 19 3 0.0 0.0 -0.011 -0.001 -0.0126 -0.0195 12.48 
0.574 2 19 3 0.0 0.0 -0.018 0.009 -0.0122 -0.0187 12.48 
0.575 2 19 3 0.0 0.0 -0.014 0.015 -0.0118 -0.0178 12.49 
0.576 2 19 3 0.0 0.0 -0.016 0.002 0.0118 -0.0170 12.48 
0.577 2 19 3 0.0 0.0 -0.018 -0.007 0.0118 -0.0162 12.49 
0.578 2 19 3 0.0 0.0 -0.010 -0.006 0.0118 -0.0158 12.49 
0.579 2 19 3 0.0 0.0 -0.005 -0.002 0.0118 -0.0150 12.49 
0.580 2 19 3 0.0 0.0 -0.008 0.002 0.0118 -0.0146 12.49 
0.581 2 19 3 0.0 0.0 -0.006 -0.004 0.0118 -0.0142 12.48 
0.582 2 19 3 0.0 0.0 -0.003 -0.002 0.0118 -0.0134 12.48 
0.583 2 19 3 0.0 0.0 -0.006 -0.000 0.0118 -0.0130 12.48 
0.584 2 19 3 0.0 0.0 -0.004 0.006 0.0118 -0.0126 12.48 
0.585 2 19 3 0.0 0.0 -0.003 -0.005 0.0118 -0.0122 12.48 
0.586 2 19 3 0.0 0.0 -0.000 -0.002 0.0118 -0.0118 12.48 
0.587 2 19 3 0.0 0.0 -0.006 -0.002 0.0118 -0.0118 12.49 
0.588 2 19 3 0.0 0.0 0.005 -0.001 0.0118 -0.0114 12.48 
0.589 2 19 3 0.0 0.0 0.001 0.001 0.0118 -0.0110 12.49 
0.590 2 19 3 0.0 0.0 0.019 0.001 0.0118 -0.0105 12.48 
0.591 2 19 3 0.0 0.0 0.003 0.004 0.0118 -0.0105 12.48 
0.592 2 19 3 0.0 0.0 -0.004 -0.006 0.0118 -0.0101 12.48 
0.593 2 19 3 0.0 0.0 -0.002 0.003 0.0118 -0.0097 12.48 
0.594 2 19 3 0.0 0.0 -0.003 0.001 0.0118 -0.0097 12.48 
0.595 2 19 3 0.0 0.0 0.009 0.003 0.0118 -0.0093 12.49 
0.596 2 19 3 0.0 0.0 0.003 -0.003 0.0118 -0.0093 12.48 
0.597 2 19 3 0.0 0.0 -0.003 0.002 0.0118 -0.0089 12.48 
0.598 2 19 3 0.0 0.0 -0.005 -0.000 0.0118 -0.0089 12.48 
0.599 2 19 3 0.0 0.0 -0.008 0.004 0.0118 -0.0085 12.48 
0.600 2 19 3 0.0 0.0 -0.003 0.001 0.0118 -0.0085 12.48 
0.601 2 19 3 0.0 0.0 0.001 0.007 0.0118 -0.0081 12.48 
0.602 2 19 3 0.0 0.0 0.016 0.002 0.0118 -0.0081 12.48 
0.603 2 19 3 0.0 0.0 -0.003 -0.007 0.0118 -0.0077 12.48 
0.604 2 19 3 0.0 0.0 -0.000 -0.002 0.0118 -0.0077 12.48 
0.605 2 19 3 0.0 0.0 -0.006 0.005 0.0118 -0.0077 12.48 
0.606 2 19 3 0.0 0.0 -0.014 -0.000 0.0118 -0.0073 12.48 
0.607 2 19 3 0.0 0.0 -0.018 0.007 0.0118 -0.0073 12.49 
0.608 2 19 3 0.0 0.0 -0.003 -0.000 0.0118 -0.0073 12.48 
0.609 2 19 3 0.0 0.0 0.001 -0.002 0.0118 -0.0069 12.48 
0.610 2 19 3 0.0 0.0 -0.006 -0.006 0.0118 -0.0069 12.48 
0.611 2 19 3 0.0 0.0 -0.005 -0.000 0.0114 -0.0069 12.49 
0.612 2 19 3 0.0 0.0 -0.005 0.003 0.0110 -0.0065 12.48 
0.613 2 19 3 0.0 0.0 -0.002 0.006 0.0105 -0.0065 12.49 
0.614 2 19 3 0.0 0.0 -0.005 0.017 0.0105 -0.0065 12.48 
0.615 2 19 3 0.0 0.0 0.003 0.002 0.0101 -0.0065 12.49 
0.616 2 19 3 0.0 0.0 -0.003 0.006 0.0097 -0.0061 12.49 
0.617 2 19 3 0.0 0.0 -0.008 0.011 0.0097 -0.0061 12.49 
0.618 2 19 3 0.0 0.0 -0.010 0.009 0.0093 -0.0061 12.48 
0.619 2 19 3 0.0 0.0 -0.006 0.006 0.0093 -0.0061 12.49 
0.620 2 19 3 0.0 0.0 -0.009 0.015 0.0089 -0.0057 12.49 
0.621 2 19 3 0.0 0.0 -0.006 0.008 0.0089 -0.0057 12.48 
0.622 2 19 3 0.0 0.0 -0.001 0.006 0.0085 -0.0057 12.48 
0.623 2 19 3 0.0 0.0 -0.002 0.008 0.0085 -0.0057 12.48 
0.624 2 19 3 0.0 0.0 0.005 0.016 0.0081 -0.0057 12.48 
0.625 2 19 3 0.0 0.0 0.001 0.019 0.0081 -0.0053 12.48 
0.626 2 19 3 0.0 0.0 -0.004 0.017 0.0077 -0.0053 12.48 
0.627 2 19 3 0.0 0.0 -0.000 0.008 0.0077 -0.0053 12.48 
0.628 2 19 3 0.0 0.0 -0.000 0.014 0.0077 -0.0053 12.48 
0.629 2 19 3 0.0 0.0 -0.001 0.018 0.0073 -0.0053 12.49 
0.630 2 19 3 0.0 0.0 -0.000 0.013 0.0073 -0.0049 12.48 
0.631 2 19 3 0.0 0.0 -0.002 0.014 0.0073 -0.0049 12.49 
0.632 2 19 3 0.0 0.0 0.007 0.010 0.0069 -0.0049 12.49 
0.633 2 19 3 0.0 0.0 0.005 0.006 0.0069 -0.0049 12.49 
0.634 2 19 3 0.0 0.0 -0.003 0.005 0.0069 -0.0049 12.49 
0.635 2 19 3 0.0 0.0 0.051 -0.029 0.0065 -0.0049 12.48 
0.636 2 19 3 0.0 0.0 0.012 -0.013 0.0065 -0.0045 12.48 
0.637 2 19 3 0.0 0.0 0.006 -0.007 0.0065 -0.0045 12.48 
0.638 2 19 3 0.0 0.0 0.009 0.003 0.0065 -0.0045 12.48 
0.639 2 19 3 0.0 0.0 0.003 -0.005 0.0061 -0.0045 12.48 
0.640 2 19 3 0.0 0.0 0.006 -0.005 0.0061 -0.0045 12.48 
0.641 2 19 3 0.0 0.0 0.005 -0.005 0.0061 -0.0045 12.48 
0.642 2 19 3 0.0 0.0 0.004 -0.002 0.0061 -0.0045 12.48 
0.643 2 19 3 0.0 0.0 0.007 -0.005 0.0057 -0.0045 12.48 
0.644 2 19 3 0.0 0.0 0.009 -0.005 0.0057 -0.0041 12.48 
0.645 2 19 3 0.0 0.0 0.013 -0.000 0.0057 -0.0041 12.49 
0.646 2 19 3 0.0 0.0 0.001 -0.001 0.0057 -0.0041 12.48 
0.647 2 19 3 0.0 0.0 0.007 0.002 0.0057 -0.0041 12.48 
0.648 2 19 3 0.0 0.0 0.006 -0.004 0.0053 -0.0041 12.48 
0.649 2 19 3 0.0 0.0 0.001 0.005 0.0053 -0.0041 12.48 
0.650 2 19 3 0.0 0.0 0.006 -0.005 0.0053 -0.0041 12.48 
0.651 2 19 3 0.0 0.0 -0.001 -0.002 0.0053 -0.0041 12.48 
0.652 2 19 3 0.0 0.0 0.005 -0.003 0.0053 -0.0041 12.48 
0.653 2 19 3 0.0 0.0 0.005 0.006 0.0049 -0.0037 12.50 
0.654 2 19 3 0.0 0.0 0.004 0.005 0.0049 -0.0037 12.48 
0.655 2 19 3 0.0 0.0 -0.004 0.002 0.0049 -0.0037 12.49 
0.656 2 19 3 0.0 0.0 -0.004 -0.002 0.0049 -0.0037 12.48 
0.657 2 19 3 0.0 0.0 0.001 0.001 0.0049 -0.0037 12.48 
0.658 2 19 3 0.0 0.0 -0.004 0.010 0.0049 -0.0037 12.48 
0.659 2 19 3 0.0 0.0 -0.007 0.011 0.0049 -0.0037 12.48 
0.660 2 19 3 0.0 0.0 -0.006 0.007 0.0045 -0.0037 12.48 
0.661 2 19 3 0.0 0.0 0.001 0.009 0.0045 -0.0037 12.48 
0.662 2 19 3 0.0 0.0 -0.004 0.007 0.0045 -0.0037 12.48 
0.663 2 19 3 0.0 0.0 -0.006 0.017 0.0045 -0.0037 12.48 
0.664 2 19 3 0.0 0.0 -0.007 0.006 0.0045 -0.0032 12.48 
0.665 2 19 3 0.0 0.0 -0.010 0.009 0.0045 -0.0032 12.48 
