%% logfile from robot Susanne (58)
% Susanne (58)
%  1    time 0.000 sec
%  2  3  4   (mission 0), state 2, thread 2, line 0
%  5  6 Motor voltage [V] left, right: 2.0 2.0
%  7  8 Motor current left, right [A]: -0.046 -0.047
%  9 10 Wheel velocity [m/s] left, right: 0.0000 -0.0000
% 11    Battery voltage [V]: 11.06
0.001 2 2 0 2.0 2.0 0.049 0.005 0.0000 -0.0000 11.06 
0.002 2 2 0 2.0 2.0 0.215 0.183 0.0000 -0.0000 11.05 
0.003 2 2 0 2.0 2.0 0.358 0.389 0.0000 -0.0000 11.05 
0.004 2 2 0 2.0 2.0 0.428 0.509 0.0000 -0.0000 11.05 
0.005 2 2 0 2.0 2.0 0.480 0.551 0.0000 -0.0000 11.05 
0.006 2 2 0 2.0 2.0 0.488 0.573 0.0000 -0.0000 11.05 
0.007 2 2 0 2.0 2.0 0.517 0.545 0.0000 -0.0000 11.05 
0.008 2 2 0 2.0 2.0 0.492 0.538 0.0000 0.0000 11.04 
0.009 2 2 0 2.0 2.0 0.429 0.532 0.0000 0.0000 11.05 
0.010 2 2 0 2.0 2.0 0.397 0.513 0.0000 0.0000 11.05 
0.011 2 2 0 2.0 2.0 0.381 0.479 0.0952 0.0000 11.05 
0.012 2 2 0 2.0 2.0 0.403 0.468 0.0952 0.1048 11.05 
0.013 2 2 0 2.0 2.0 0.386 0.441 0.0952 0.1048 11.04 
0.014 2 2 0 2.0 2.0 0.349 0.435 0.1313 0.1048 11.05 
0.015 2 2 0 2.0 2.0 0.351 0.419 0.1313 0.1325 11.05 
0.016 2 2 0 2.0 2.0 0.321 0.425 0.1313 0.1325 11.05 
0.017 2 2 0 2.0 2.0 0.320 0.416 0.1341 0.1707 11.06 
0.018 2 2 0 2.0 2.0 0.321 0.395 0.1341 0.1707 11.05 
0.019 2 2 0 2.0 2.0 0.323 0.380 0.1775 0.1928 11.05 
0.020 2 2 0 2.0 2.0 0.317 0.362 0.1775 0.1928 11.05 
0.021 2 2 0 2.0 2.0 0.317 0.358 0.1940 0.2113 11.05 
0.022 2 2 0 2.0 2.0 0.302 0.337 0.1940 0.2113 11.04 
0.023 2 2 0 2.0 2.0 0.301 0.323 0.2193 0.2265 11.05 
0.024 2 2 0 2.0 2.0 0.321 0.309 0.2193 0.2265 11.05 
0.025 2 2 0 2.0 2.0 0.327 0.324 0.1912 0.2462 11.05 
0.026 2 2 0 2.0 2.0 0.335 0.304 0.1912 0.2574 11.05 
0.027 2 2 0 2.0 2.0 0.304 0.268 0.2538 0.2574 11.05 
0.028 2 2 0 2.0 2.0 0.284 0.274 0.2908 0.2659 11.05 
0.029 2 2 0 2.0 2.0 0.268 0.265 0.2888 0.2675 11.05 
0.030 2 2 0 2.0 2.0 0.250 0.278 0.2711 0.2675 11.05 
0.031 2 2 0 2.0 2.0 0.244 0.275 0.2181 0.2848 11.05 
0.032 2 2 0 2.0 2.0 0.236 0.238 0.2181 0.2827 11.05 
0.033 2 2 0 2.0 2.0 0.244 0.223 0.2868 0.2827 11.05 
0.034 2 2 0 2.0 2.0 0.234 0.233 0.2848 0.2868 11.05 
0.035 2 2 0 2.0 2.0 0.200 0.239 0.2848 0.2787 11.05 
0.036 2 2 0 2.0 2.0 0.185 0.266 0.3064 0.3113 11.05 
0.037 2 2 0 2.0 2.0 0.165 0.280 0.2952 0.3113 11.05 
0.038 2 2 0 2.0 2.0 0.192 0.293 0.3161 0.3289 11.05 
0.039 2 2 0 2.0 2.0 0.200 0.288 0.3064 0.3213 11.05 
0.040 2 2 0 2.0 2.0 0.203 0.257 0.3064 0.3161 11.05 
0.041 2 2 0 2.0 2.0 0.206 0.251 0.3289 0.3402 11.05 
0.042 2 2 0 2.0 2.0 0.223 0.224 0.3040 0.3289 11.06 
0.043 2 2 0 2.0 2.0 0.224 0.197 0.3402 0.3289 11.05 
0.044 2 2 0 2.0 2.0 0.223 0.186 0.3430 0.3430 11.06 
0.045 2 2 0 2.0 2.0 0.198 0.178 0.3582 0.3582 11.06 
0.046 2 2 0 2.0 2.0 0.186 0.192 0.3582 0.3582 11.06 
0.047 2 2 0 2.0 2.0 0.163 0.199 0.3040 0.3582 11.05 
0.048 2 2 0 2.0 2.0 0.212 0.214 0.3683 0.3522 11.06 
0.049 2 2 0 2.0 2.0 0.231 0.202 0.3896 0.3582 11.05 
0.050 2 2 0 2.0 2.0 0.184 0.192 0.3751 0.3651 11.05 
0.051 2 2 0 2.0 2.0 0.175 0.193 0.3317 0.3430 11.06 
0.052 2 2 0 2.0 2.0 0.201 0.188 0.3787 0.3213 11.06 
0.053 2 2 0 2.0 2.0 0.171 0.192 0.3615 0.3683 11.05 
0.054 2 2 0 2.0 2.0 0.181 0.183 0.3896 0.3896 11.05 
0.055 2 2 0 2.0 2.0 0.146 0.217 0.3683 0.3860 11.05 
0.056 2 2 0 2.0 2.0 0.163 0.225 0.3346 0.3651 11.05 
0.057 2 2 0 2.0 2.0 0.182 0.214 0.3936 0.3860 11.05 
0.058 2 2 0 2.0 2.0 0.184 0.198 0.3651 0.4016 11.05 
0.059 2 2 0 2.0 2.0 0.183 0.179 0.3860 0.4016 11.05 
0.060 2 2 0 2.0 2.0 0.189 0.183 0.3896 0.3896 11.05 
0.061 2 2 0 2.0 2.0 0.169 0.159 0.4016 0.4016 11.05 
0.062 2 2 0 2.0 2.0 0.161 0.148 0.3823 0.3823 11.05 
0.063 2 2 0 2.0 2.0 0.168 0.145 0.4016 0.4016 11.05 
0.064 2 2 0 2.0 2.0 0.157 0.155 0.3896 0.4181 11.05 
0.065 2 2 0 2.0 2.0 0.153 0.162 0.4097 0.4137 11.04 
0.066 2 2 0 2.0 2.0 0.144 0.157 0.3715 0.4097 11.05 
0.067 2 2 0 2.0 2.0 0.127 0.184 0.4016 0.4181 11.05 
0.068 2 2 0 2.0 2.0 0.155 0.171 0.3896 0.4137 11.05 
0.069 2 2 0 2.0 2.0 0.154 0.153 0.4137 0.4181 11.05 
0.070 2 2 0 2.0 2.0 0.151 0.163 0.3936 0.4225 11.06 
0.071 2 2 0 2.0 2.0 0.133 0.160 0.4181 0.4317 11.06 
0.072 2 2 0 2.0 2.0 0.142 0.192 0.4269 0.4317 11.06 
0.073 2 2 0 2.0 2.0 0.157 0.188 0.4269 0.4225 11.06 
0.074 2 2 0 2.0 2.0 0.150 0.162 0.4462 0.4362 11.05 
0.075 2 2 0 2.0 2.0 0.141 0.171 0.3976 0.4462 11.06 
0.076 2 2 0 2.0 2.0 0.166 0.151 0.4225 0.4462 11.06 
0.077 2 2 0 2.0 2.0 0.173 0.143 0.4317 0.4462 11.06 
0.078 2 2 0 2.0 2.0 0.129 0.149 0.4410 0.4510 11.06 
0.079 2 2 0 2.0 2.0 0.141 0.151 0.3751 0.4562 11.05 
0.080 2 2 0 2.0 2.0 0.151 0.163 0.4137 0.4562 11.05 
0.081 2 2 0 2.0 2.0 0.142 0.148 0.4562 0.4615 11.05 
0.082 2 2 0 2.0 2.0 0.155 0.163 0.4362 0.4615 11.05 
0.083 2 2 0 2.0 2.0 0.134 0.146 0.3651 0.4615 11.05 
0.084 2 2 0 2.0 2.0 0.099 0.118 0.4317 0.4462 11.05 
0.085 2 2 0 2.0 2.0 0.117 0.144 0.4562 0.4615 11.06 
0.086 2 2 0 2.0 2.0 0.083 0.157 0.4562 0.4723 11.05 
0.087 2 2 0 2.0 2.0 0.101 0.181 0.4667 0.4462 11.06 
0.088 2 2 0 2.0 2.0 0.142 0.160 0.4615 0.4667 11.06 
0.089 2 2 0 2.0 2.0 0.144 0.136 0.4723 0.4562 11.05 
0.090 2 2 0 2.0 2.0 0.132 0.131 0.4723 0.4615 11.05 
0.091 2 2 0 2.0 2.0 0.123 0.110 0.4723 0.4667 11.05 
0.092 2 2 0 2.0 2.0 0.085 0.112 0.4836 0.4723 11.06 
0.093 2 2 0 2.0 2.0 0.087 0.130 0.4462 0.4723 11.06 
0.094 2 2 0 2.0 2.0 0.122 0.167 0.4723 0.4779 11.05 
0.095 2 2 0 2.0 2.0 0.134 0.148 0.4956 0.4779 11.06 
0.096 2 2 0 2.0 2.0 0.123 0.112 0.4667 0.4462 11.06 
0.097 2 2 0 2.0 2.0 0.114 0.122 0.4836 0.4615 11.05 
0.098 2 2 0 2.0 2.0 0.103 0.115 0.4779 0.4779 11.05 
0.099 2 2 0 2.0 2.0 0.090 0.144 0.4896 0.4667 11.05 
0.100 2 2 0 2.0 2.0 0.096 0.147 0.4562 0.4779 11.06 
0.101 2 2 0 2.0 2.0 0.113 0.165 0.4723 0.4896 11.06 
0.102 2 2 0 2.0 2.0 0.128 0.160 0.4896 0.4956 11.06 
0.103 2 2 0 2.0 2.0 0.119 0.109 0.4896 0.4836 11.05 
0.104 2 2 0 2.0 2.0 0.112 0.103 0.5020 0.4723 11.06 
0.105 2 2 0 2.0 2.0 0.115 0.102 0.4836 0.4896 11.06 
0.106 2 2 0 2.0 2.0 0.112 0.098 0.4896 0.5020 11.05 
0.107 2 2 0 2.0 2.0 0.104 0.126 0.5020 0.4956 11.05 
0.108 2 2 0 2.0 2.0 0.112 0.129 0.4723 0.4896 11.06 
0.109 2 2 0 2.0 2.0 0.111 0.129 0.4896 0.4896 11.06 
0.110 2 2 0 2.0 2.0 0.105 0.137 0.4779 0.4956 11.05 
0.111 2 2 0 2.0 2.0 0.117 0.122 0.4779 0.4956 11.06 
0.112 2 2 0 2.0 2.0 0.092 0.132 0.4956 0.5020 11.06 
0.113 2 2 0 2.0 2.0 0.088 0.172 0.4779 0.5020 11.06 
0.114 2 2 0 2.0 2.0 0.119 0.161 0.4956 0.4896 11.05 
0.115 2 2 0 2.0 2.0 0.133 0.157 0.5081 0.5020 11.05 
0.116 2 2 0 2.0 2.0 0.122 0.121 0.4779 0.5149 11.05 
0.117 2 2 0 2.0 2.0 0.112 0.087 0.5020 0.5081 11.05 
0.118 2 2 0 2.0 2.0 0.101 0.090 0.5020 0.5149 11.05 
0.119 2 2 0 2.0 2.0 0.087 0.106 0.4956 0.5149 11.06 
0.120 2 2 0 2.0 2.0 0.109 0.140 0.4956 0.5149 11.05 
0.121 2 2 0 2.0 2.0 0.131 0.116 0.5354 0.5149 11.06 
0.122 2 2 0 2.0 2.0 0.121 0.108 0.5354 0.5149 11.05 
0.123 2 2 0 2.0 2.0 0.101 0.086 0.4667 0.5149 11.06 
0.124 2 2 0 2.0 2.0 0.093 0.081 0.5020 0.4956 11.06 
0.125 2 2 0 2.0 2.0 0.063 0.114 0.5213 0.5281 11.06 
0.126 2 2 0 2.0 2.0 0.064 0.136 0.5149 0.5213 11.06 
0.127 2 2 0 2.0 2.0 0.094 0.135 0.5149 0.5081 11.06 
0.128 2 2 0 2.0 2.0 0.116 0.106 0.5281 0.5081 11.05 
0.129 2 2 0 2.0 2.0 0.112 0.103 0.5020 0.5149 11.06 
0.130 2 2 0 2.0 2.0 0.102 0.060 0.5213 0.5213 11.05 
0.131 2 2 0 2.0 2.0 0.073 0.085 0.5281 0.5213 11.05 
0.132 2 2 0 2.0 2.0 0.066 0.105 0.4896 0.5213 11.05 
0.133 2 2 0 2.0 2.0 0.081 0.117 0.5149 0.5213 11.06 
0.134 2 2 0 2.0 2.0 0.097 0.093 0.5426 0.5213 11.05 
0.135 2 2 0 2.0 2.0 0.079 0.108 0.5081 0.4896 11.05 
0.136 2 2 0 2.0 2.0 0.082 0.106 0.5213 0.5213 11.05 
0.137 2 2 0 2.0 2.0 0.070 0.120 0.5149 0.5213 11.05 
0.138 2 2 0 2.0 2.0 0.073 0.151 0.4956 0.5081 11.05 
0.139 2 2 0 2.0 2.0 0.089 0.144 0.5213 0.5213 11.05 
0.140 2 2 0 2.0 2.0 0.116 0.148 0.5081 0.5281 11.05 
0.141 2 2 0 2.0 2.0 0.120 0.110 0.5281 0.5213 11.05 
0.142 2 2 0 2.0 2.0 0.103 0.100 0.5281 0.5081 11.05 
0.143 2 2 0 2.0 2.0 0.089 0.076 0.5149 0.5213 11.05 
0.144 2 2 0 2.0 2.0 0.082 0.075 0.5281 0.5354 11.06 
0.145 2 2 0 2.0 2.0 0.093 0.101 0.5281 0.5281 11.05 
0.146 2 2 0 2.0 2.0 0.100 0.115 0.4956 0.5281 11.05 
0.147 2 2 0 2.0 2.0 0.097 0.122 0.5213 0.5213 11.05 
0.148 2 2 0 2.0 2.0 0.097 0.108 0.5081 0.5281 11.05 
0.149 2 2 0 2.0 2.0 0.081 0.091 0.5081 0.5354 11.05 
0.150 2 2 0 2.0 2.0 0.081 0.109 0.5281 0.5281 11.05 
0.151 2 2 0 2.0 2.0 0.088 0.141 0.5081 0.5281 11.05 
0.152 2 2 0 2.0 2.0 0.101 0.119 0.5213 0.5281 11.05 
0.153 2 2 0 2.0 2.0 0.100 0.096 0.5354 0.5354 11.06 
0.154 2 2 0 2.0 2.0 0.106 0.083 0.5081 0.5354 11.06 
0.155 2 2 0 2.0 2.0 0.082 0.065 0.5281 0.5354 11.06 
0.156 2 2 0 2.0 2.0 0.074 0.097 0.5426 0.5354 11.05 
0.157 2 2 0 2.0 2.0 0.090 0.093 0.4896 0.5354 11.05 
0.158 2 2 0 2.0 2.0 0.104 0.099 0.5213 0.5426 11.06 
0.159 2 2 0 2.0 2.0 0.119 0.095 0.5655 0.5426 11.04 
0.160 2 2 0 2.0 2.0 0.097 0.078 0.4896 0.5426 11.05 
0.161 2 2 0 2.0 2.0 0.082 0.091 0.5213 0.5354 11.05 
0.162 2 2 0 2.0 2.0 0.056 0.102 0.5426 0.5498 11.05 
0.163 2 2 0 2.0 2.0 0.050 0.123 0.5354 0.5426 11.05 
0.164 2 2 0 2.0 2.0 0.082 0.111 0.5498 0.5426 11.05 
0.165 2 2 0 2.0 2.0 0.100 0.114 0.5498 0.5354 11.05 
0.166 2 2 0 2.0 2.0 0.099 0.086 0.5281 0.5354 11.06 
0.167 2 2 0 2.0 2.0 0.088 0.061 0.5426 0.5498 11.05 
0.168 2 2 0 2.0 2.0 0.070 0.074 0.5498 0.5575 11.05 
0.169 2 2 0 2.0 2.0 0.057 0.080 0.5081 0.5498 11.06 
0.170 2 2 0 2.0 2.0 0.064 0.114 0.5354 0.5498 11.05 
0.171 2 2 0 2.0 2.0 0.080 0.100 0.5575 0.5081 11.05 
0.172 2 2 0 2.0 2.0 0.078 0.115 0.5213 0.5281 11.05 
0.173 2 2 0 2.0 2.0 0.064 0.113 0.5426 0.5498 11.06 
0.174 2 2 0 2.0 2.0 0.056 0.106 0.5426 0.5354 11.05 
0.175 2 2 0 2.0 2.0 0.063 0.126 0.5081 0.5426 11.05 
0.176 2 2 0 2.0 2.0 0.087 0.089 0.5281 0.5498 11.05 
0.177 2 2 0 2.0 2.0 0.102 0.084 0.5426 0.5426 11.06 
0.178 2 2 0 2.0 2.0 0.103 0.075 0.5426 0.5426 11.05 
0.179 2 2 0 2.0 2.0 0.088 0.061 0.5498 0.5426 11.05 
0.180 2 2 0 2.0 2.0 0.083 0.080 0.5498 0.5575 11.05 
0.181 2 2 0 2.0 2.0 0.089 0.076 0.5354 0.5498 11.05 
0.182 2 2 0 2.0 2.0 0.075 0.069 0.5498 0.5498 11.05 
0.183 2 2 0 2.0 2.0 0.075 0.095 0.5426 0.5354 11.05 
0.184 2 2 0 2.0 2.0 0.084 0.091 0.5281 0.5354 11.05 
0.185 2 2 0 2.0 2.0 0.074 0.101 0.5498 0.5426 11.05 
0.186 2 2 0 2.0 2.0 0.063 0.125 0.5498 0.5354 11.05 
0.187 2 2 0 2.0 2.0 0.069 0.132 0.5281 0.5426 11.05 
0.188 2 2 0 2.0 2.0 0.080 0.104 0.5426 0.5426 11.05 
0.189 2 2 0 2.0 2.0 0.104 0.099 0.5575 0.5498 11.05 
0.190 2 2 0 2.0 2.0 0.103 0.083 0.5281 0.5498 11.05 
0.191 2 2 0 2.0 2.0 0.083 0.089 0.5498 0.5498 11.05 
0.192 2 2 0 2.0 2.0 0.080 0.080 0.5575 0.5498 11.05 
0.193 2 2 0 2.0 2.0 0.081 0.088 0.5081 0.5498 11.06 
0.194 2 2 0 2.0 2.0 0.089 0.103 0.5354 0.5498 11.05 
0.195 2 2 0 2.0 2.0 0.087 0.103 0.5735 0.5498 11.05 
0.196 2 2 0 2.0 2.0 0.084 0.091 0.5020 0.5081 11.05 
0.197 2 2 0 2.0 2.0 0.070 0.108 0.5354 0.5426 11.08 
0.198 2 2 0 2.0 2.0 0.049 0.121 0.5575 0.5575 11.06 
0.199 2 2 0 2.0 2.0 0.049 0.134 0.5498 0.5426 11.05 
0.200 2 2 0 2.0 2.0 0.066 0.113 0.5655 0.5498 11.05 
0.201 2 2 1 4.0 4.0 0.089 0.067 0.5655 0.5426 11.05 
0.202 2 2 1 4.0 4.0 0.159 0.084 0.5426 0.5498 11.07 
0.203 2 2 1 4.0 4.0 0.308 0.250 0.5575 0.5575 11.02 
0.204 2 2 1 4.0 4.0 0.393 0.437 0.5820 0.5735 11.02 
0.205 2 2 1 4.0 4.0 0.469 0.499 0.5426 0.5820 11.01 
0.206 2 2 1 4.0 4.0 0.519 0.528 0.6085 0.5904 11.01 
0.207 2 2 1 4.0 4.0 0.459 0.551 0.6273 0.5904 11.01 
0.208 2 2 1 4.0 4.0 0.448 0.574 0.6177 0.6177 11.01 
0.209 2 2 1 4.0 4.0 0.459 0.611 0.6374 0.6273 11.01 
0.210 2 2 1 4.0 4.0 0.473 0.589 0.6085 0.6583 11.01 
0.211 2 2 1 4.0 4.0 0.483 0.562 0.6374 0.6804 11.01 
0.212 2 2 1 4.0 4.0 0.477 0.540 0.6691 0.6804 11.01 
0.213 2 2 1 4.0 4.0 0.479 0.513 0.6924 0.6924 11.01 
0.214 2 2 1 4.0 4.0 0.466 0.505 0.7044 0.7169 11.01 
0.215 2 2 1 4.0 4.0 0.459 0.465 0.7169 0.7044 11.01 
0.216 2 2 1 4.0 4.0 0.446 0.446 0.6804 0.7169 11.02 
0.217 2 2 1 4.0 4.0 0.401 0.466 0.7044 0.7302 11.02 
0.218 2 2 1 4.0 4.0 0.382 0.494 0.7169 0.7434 11.05 
0.219 2 2 1 4.0 4.0 0.379 0.502 0.7302 0.7434 11.02 
0.220 2 2 1 4.0 4.0 0.390 0.470 0.7575 0.7872 11.01 
0.221 2 2 1 4.0 4.0 0.384 0.439 0.7169 0.7872 11.02 
0.222 2 2 1 4.0 4.0 0.348 0.456 0.7872 0.8032 11.02 
0.223 2 2 1 4.0 4.0 0.355 0.434 0.8032 0.8032 11.02 
0.224 2 2 1 4.0 4.0 0.388 0.408 0.7575 0.8366 11.02 
0.225 2 2 1 4.0 4.0 0.361 0.393 0.8032 0.8032 11.02 
0.226 2 2 1 4.0 4.0 0.336 0.380 0.7575 0.8366 11.01 
0.227 2 2 1 4.0 4.0 0.310 0.392 0.8032 0.8193 11.02 
0.228 2 2 1 4.0 4.0 0.311 0.363 0.8366 0.8366 11.02 
0.229 2 2 1 4.0 4.0 0.320 0.340 0.8366 0.8543 11.02 
0.230 2 2 1 4.0 4.0 0.310 0.317 0.8543 0.8727 11.02 
0.231 2 2 1 4.0 4.0 0.310 0.313 0.8032 0.8727 11.03 
0.232 2 2 1 4.0 4.0 0.332 0.311 0.8727 0.8193 11.02 
0.233 2 2 1 4.0 4.0 0.283 0.325 0.8366 0.8727 11.02 
0.234 2 2 1 4.0 4.0 0.266 0.381 0.8543 0.8727 11.04 
0.235 2 2 1 4.0 4.0 0.284 0.387 0.8366 0.9125 11.03 
0.236 2 2 1 4.0 4.0 0.293 0.357 0.8727 0.9125 11.03 
0.237 2 2 1 4.0 4.0 0.295 0.308 0.9125 0.9125 11.02 
0.238 2 2 1 4.0 4.0 0.290 0.314 0.9338 0.9338 11.02 
0.239 2 2 1 4.0 4.0 0.292 0.285 0.9338 0.9338 11.03 
0.240 2 2 1 4.0 4.0 0.264 0.278 0.9338 0.9338 11.03 
0.241 2 2 1 4.0 4.0 0.249 0.319 0.9338 0.9559 11.06 
0.242 2 2 1 4.0 4.0 0.249 0.337 0.9338 0.9559 11.04 
0.243 2 2 1 4.0 4.0 0.257 0.303 0.9559 0.9796 11.06 
0.244 2 2 1 4.0 4.0 0.253 0.303 0.9796 0.9796 11.04 
0.245 2 2 1 4.0 4.0 0.242 0.301 0.9796 0.9796 11.03 
0.246 2 2 1 4.0 4.0 0.265 0.297 0.9125 0.9796 11.03 
0.247 2 2 1 4.0 4.0 0.251 0.274 0.8727 0.9796 11.03 
0.248 2 2 1 4.0 4.0 0.234 0.303 0.9338 1.0041 11.03 
0.249 2 2 1 4.0 4.0 0.208 0.268 0.9559 1.0041 11.03 
0.250 2 2 1 4.0 4.0 0.230 0.249 1.0041 1.0041 11.04 
0.251 2 2 1 4.0 4.0 0.234 0.256 1.0041 1.0298 11.03 
0.252 2 2 1 4.0 4.0 0.224 0.256 0.9796 1.0298 11.03 
0.253 2 2 1 4.0 4.0 0.245 0.231 1.0298 1.0041 11.04 
0.254 2 2 1 4.0 4.0 0.216 0.243 1.0298 1.0041 11.04 
0.255 2 2 1 4.0 4.0 0.202 0.286 1.0298 1.0041 11.03 
0.256 2 2 1 4.0 4.0 0.209 0.263 1.0298 1.0041 11.04 
0.257 2 2 1 4.0 4.0 0.228 0.217 1.0298 1.0298 11.04 
0.258 2 2 1 4.0 4.0 0.219 0.213 1.0298 1.0298 11.04 
0.259 2 2 1 4.0 4.0 0.214 0.226 1.0567 1.0298 11.04 
0.260 2 2 1 4.0 4.0 0.202 0.228 1.0567 1.0298 11.05 
0.261 2 2 1 4.0 4.0 0.194 0.274 1.0298 1.0298 11.03 
0.262 2 2 1 4.0 4.0 0.184 0.255 1.0298 1.0567 11.03 
0.263 2 2 1 4.0 4.0 0.206 0.207 1.0567 1.0567 11.04 
0.264 2 2 1 4.0 4.0 0.192 0.236 1.0567 1.0852 11.04 
0.265 2 2 1 4.0 4.0 0.186 0.223 1.0298 1.0852 11.04 
0.266 2 2 1 4.0 4.0 0.203 0.209 1.0852 1.0567 11.04 
0.267 2 2 1 4.0 4.0 0.186 0.223 1.0567 1.0852 11.04 
0.268 2 2 1 4.0 4.0 0.158 0.224 1.0852 1.0852 11.04 
0.269 2 2 1 4.0 4.0 0.174 0.178 1.0852 1.0852 11.03 
0.270 2 2 1 4.0 4.0 0.182 0.213 1.0852 1.1153 11.03 
0.271 2 2 1 4.0 4.0 0.166 0.205 1.1153 0.9559 11.04 
0.272 2 2 1 4.0 4.0 0.184 0.187 1.1153 1.0852 11.04 
0.273 2 2 1 4.0 4.0 0.153 0.217 1.0852 1.0852 11.03 
0.274 2 2 1 4.0 4.0 0.125 0.247 1.1153 1.0852 11.03 
0.275 2 2 1 4.0 4.0 0.174 0.206 1.0852 1.0852 11.04 
0.276 2 2 1 4.0 4.0 0.200 0.221 1.1153 1.1474 11.04 
0.277 2 2 1 4.0 4.0 0.173 0.174 1.1153 1.0852 11.04 
0.278 2 2 1 4.0 4.0 0.173 0.144 1.0852 1.1153 11.03 
0.279 2 2 1 4.0 4.0 0.158 0.197 1.1153 1.1153 11.04 
0.280 2 2 1 4.0 4.0 0.143 0.233 1.0852 1.0852 11.04 
0.281 2 2 1 4.0 4.0 0.151 0.189 1.0852 1.1153 11.04 
0.282 2 2 1 4.0 4.0 0.174 0.172 1.0567 1.1153 11.04 
0.283 2 2 1 4.0 4.0 0.160 0.170 1.1153 1.1153 11.04 
0.284 2 2 1 4.0 4.0 0.188 0.165 1.1153 1.0852 11.03 
0.285 2 2 1 4.0 4.0 0.173 0.189 1.0567 1.1474 11.04 
0.286 2 2 1 4.0 4.0 0.145 0.194 1.1153 1.1153 11.06 
0.287 2 2 1 4.0 4.0 0.139 0.175 1.1153 1.1153 11.06 
0.288 2 2 1 4.0 4.0 0.146 0.194 1.1153 1.1474 11.04 
0.289 2 2 1 4.0 4.0 0.142 0.190 1.1474 1.1153 11.04 
0.290 2 2 1 4.0 4.0 0.148 0.152 1.1474 1.1474 11.04 
0.291 2 2 1 4.0 4.0 0.136 0.176 1.1153 1.1474 11.03 
0.292 2 2 1 4.0 4.0 0.124 0.211 1.1474 1.1474 11.04 
0.293 2 2 1 4.0 4.0 0.181 0.167 1.1153 1.1153 11.04 
0.294 2 2 1 4.0 4.0 0.178 0.179 1.1474 1.1474 11.04 
0.295 2 2 1 4.0 4.0 0.165 0.166 1.1474 1.1474 11.04 
0.296 2 2 1 4.0 4.0 0.159 0.152 1.1153 1.1474 11.04 
0.297 2 2 1 4.0 4.0 0.154 0.200 1.1474 1.1153 11.03 
0.298 2 2 1 4.0 4.0 0.133 0.209 1.1474 1.1474 11.04 
0.299 2 2 1 4.0 4.0 0.150 0.190 1.1474 1.1474 11.04 
0.300 2 2 1 4.0 4.0 0.151 0.204 1.1474 1.1474 11.05 
0.301 2 2 1 4.0 4.0 0.139 0.179 1.1153 1.1474 11.04 
0.302 2 2 1 4.0 4.0 0.158 0.154 1.1812 1.1474 11.04 
0.303 2 2 1 4.0 4.0 0.139 0.175 1.1474 1.1474 11.04 
0.304 2 2 1 4.0 4.0 0.104 0.156 1.1812 1.1474 11.04 
0.305 2 2 1 4.0 4.0 0.133 0.148 1.1812 1.1474 11.04 
0.306 2 2 1 4.0 4.0 0.122 0.191 1.1812 1.1474 11.04 
0.307 2 2 1 4.0 4.0 0.129 0.154 1.1474 1.1474 11.05 
0.308 2 2 1 4.0 4.0 0.140 0.123 1.2169 1.1474 11.05 
0.309 2 2 1 4.0 4.0 0.135 0.159 1.1812 1.1474 11.05 
0.310 2 2 1 4.0 4.0 0.139 0.151 1.1812 1.1474 11.04 
0.311 2 2 1 4.0 4.0 0.150 0.159 1.1812 1.1812 11.04 
0.312 2 2 1 4.0 4.0 0.120 0.177 1.1812 1.1812 11.05 
0.313 2 2 1 4.0 4.0 0.127 0.153 1.1812 1.1812 11.04 
0.314 2 2 1 4.0 4.0 0.128 0.182 1.1474 1.1812 11.05 
0.315 2 2 1 4.0 4.0 0.093 0.185 1.1812 1.1812 11.05 
0.316 2 2 1 4.0 4.0 0.101 0.151 1.1812 1.1812 11.04 
0.317 2 2 1 4.0 4.0 0.127 0.169 1.1812 1.1812 11.04 
0.318 2 2 1 4.0 4.0 0.140 0.167 1.1812 1.1812 11.04 
0.319 2 2 1 4.0 4.0 0.139 0.154 1.2169 1.1474 11.04 
0.320 2 2 1 4.0 4.0 0.140 0.179 1.1812 1.1812 11.04 
0.321 2 2 1 4.0 4.0 0.112 0.166 1.1812 1.1812 11.05 
0.322 2 2 1 4.0 4.0 0.123 0.141 1.1812 1.2169 11.04 
0.323 2 2 1 4.0 4.0 0.129 0.167 1.1812 1.2169 11.04 
0.324 2 2 1 4.0 4.0 0.104 0.146 1.1474 1.1812 11.04 
0.325 2 2 1 4.0 4.0 0.116 0.142 1.2169 1.1812 11.04 
0.326 2 2 1 4.0 4.0 0.109 0.179 1.1812 1.1812 11.04 
0.327 2 2 1 4.0 4.0 0.120 0.155 1.1812 1.1812 11.04 
0.328 2 2 1 4.0 4.0 0.158 0.153 1.2169 1.2169 11.04 
0.329 2 2 1 4.0 4.0 0.135 0.154 1.1812 1.2169 11.04 
0.330 2 2 1 4.0 4.0 0.119 0.130 1.2169 1.2169 11.05 
0.331 2 2 1 4.0 4.0 0.122 0.156 1.1812 1.1812 11.05 
0.332 2 2 1 4.0 4.0 0.110 0.172 1.1812 1.1812 11.04 
0.333 2 2 1 4.0 4.0 0.123 0.136 1.2169 1.1812 11.04 
0.334 2 2 1 4.0 4.0 0.131 0.151 1.1812 1.1812 11.04 
0.335 2 2 1 4.0 4.0 0.137 0.145 1.1153 1.1812 11.04 
0.336 2 2 1 4.0 4.0 0.131 0.125 1.2169 1.1812 11.04 
0.337 2 2 1 4.0 4.0 0.112 0.148 1.1812 1.1812 11.03 
0.338 2 2 1 4.0 4.0 0.085 0.126 1.2169 1.1812 11.04 
0.339 2 2 1 4.0 4.0 0.118 0.114 1.2169 1.2169 11.04 
0.340 2 2 1 4.0 4.0 0.124 0.148 1.2169 1.2169 11.04 
0.341 2 2 1 4.0 4.0 0.111 0.123 1.2169 1.1812 11.04 
0.342 2 2 1 4.0 4.0 0.108 0.148 1.2169 1.1812 11.04 
0.343 2 2 1 4.0 4.0 0.082 0.175 1.2169 1.1812 11.05 
0.344 2 2 1 4.0 4.0 0.107 0.141 1.1812 1.1812 11.04 
0.345 2 2 1 4.0 4.0 0.137 0.162 1.2169 1.2169 11.04 
0.346 2 2 1 4.0 4.0 0.125 0.153 1.2169 1.2169 11.04 
0.347 2 2 1 4.0 4.0 0.125 0.133 1.1812 1.2169 11.04 
0.348 2 2 1 4.0 4.0 0.108 0.180 1.2169 1.1812 11.04 
0.349 2 2 1 4.0 4.0 0.089 0.161 1.1812 1.2169 11.04 
0.350 2 2 1 4.0 4.0 0.111 0.152 1.2169 1.2169 11.04 
0.351 2 2 1 4.0 4.0 0.122 0.175 1.2169 1.2169 11.04 
0.352 2 2 2 -4.0 -4.0 0.110 0.157 1.1474 1.1812 11.04 
0.353 2 2 2 -4.0 -4.0 -0.165 0.032 1.2169 1.2169 11.03 
0.354 2 2 2 -4.0 -4.0 -0.835 -0.582 1.1812 1.1812 10.99 
0.355 2 2 2 -4.0 -4.0 -1.370 -1.224 1.1812 1.1812 10.95 
0.356 2 2 2 -4.0 -4.0 -1.413 -1.696 1.1474 1.1153 10.93 
0.357 2 2 2 -4.0 -4.0 -1.577 -1.748 1.0852 1.0567 10.93 
0.358 2 2 2 -4.0 -4.0 -1.697 -1.785 0.9125 0.9796 10.94 
0.359 2 2 2 -4.0 -4.0 -1.752 -1.891 0.9125 0.8193 10.93 
0.360 2 2 2 -4.0 -4.0 -1.539 -1.900 0.8193 0.8032 10.93 
0.361 2 2 2 -4.0 -4.0 -1.516 -1.757 0.7872 0.7723 10.94 
0.362 2 2 2 -4.0 -4.0 -1.621 -1.747 0.6924 0.7169 10.92 
0.363 2 2 2 -4.0 -4.0 -1.673 -1.763 0.6804 0.6583 10.93 
0.364 2 2 2 -4.0 -4.0 -1.413 -1.824 0.6177 0.6177 10.91 
0.365 2 2 2 -4.0 -4.0 -1.369 -1.753 0.5904 0.5655 10.94 
0.366 2 2 2 -4.0 -4.0 -1.458 -1.578 0.5575 0.5149 10.95 
0.367 2 2 2 -4.0 -4.0 -1.520 -1.549 0.4836 0.4896 10.95 
0.368 2 2 2 -4.0 -4.0 -1.519 -1.557 0.4317 0.3860 10.96 
0.369 2 2 2 -4.0 -4.0 -1.489 -1.548 0.3550 0.3402 10.96 
0.370 2 2 2 -4.0 -4.0 -1.447 -1.545 0.3161 0.2659 10.96 
0.371 2 2 2 -4.0 -4.0 -1.417 -1.551 0.2607 0.2639 10.95 
0.372 2 2 2 -4.0 -4.0 -1.291 -1.567 0.2036 0.2016 10.96 
0.373 2 2 2 -4.0 -4.0 -1.163 -1.598 0.2036 0.1751 10.97 
0.374 2 2 2 -4.0 -4.0 -1.156 -1.594 0.1562 0.1751 10.96 
0.375 2 2 2 -4.0 -4.0 -1.167 -1.569 0.1414 0.1486 10.98 
0.376 2 2 2 -4.0 -4.0 -1.153 -1.546 0.1414 0.1084 10.98 
0.377 2 2 2 -4.0 -4.0 -1.143 -1.504 0.1414 0.0851 10.98 
0.378 2 2 2 -4.0 -4.0 -1.100 -1.444 0.1076 0.0703 10.99 
0.379 2 2 2 -4.0 -4.0 -1.071 -1.401 -0.0908 -0.0614 10.97 
0.380 2 2 2 -4.0 -4.0 -1.046 -1.348 -0.0908 -0.0614 10.98 
0.381 2 2 2 -4.0 -4.0 -1.090 -1.269 -0.0908 -0.0614 10.97 
0.382 2 2 2 -4.0 -4.0 -1.081 -1.141 -0.1450 -0.1530 10.99 
0.383 2 2 2 -4.0 -4.0 -0.945 -1.059 -0.1450 -0.1530 11.00 
0.384 2 2 2 -4.0 -4.0 -0.884 -0.999 -0.1847 -0.2205 11.01 
0.385 2 2 2 -4.0 -4.0 -0.865 -0.950 -0.1847 -0.2659 11.00 
0.386 2 2 2 -4.0 -4.0 -0.868 -0.916 -0.2659 -0.2659 11.01 
0.387 2 2 2 -4.0 -4.0 -0.854 -0.889 -0.2767 -0.3016 11.00 
0.388 2 2 2 -4.0 -4.0 -0.839 -0.879 -0.3522 -0.3490 11.00 
0.389 2 2 2 -4.0 -4.0 -0.816 -0.872 -0.3462 -0.3651 11.01 
0.390 2 2 2 -4.0 -4.0 -0.801 -0.921 -0.3787 -0.3860 11.01 
0.391 2 2 2 -4.0 -4.0 -0.772 -0.833 -0.3936 -0.4097 11.01 
0.392 2 2 2 -4.0 -4.0 -0.752 -0.783 -0.4225 -0.4225 11.01 
0.393 2 2 2 -4.0 -4.0 -0.789 -0.771 -0.4269 -0.4269 11.01 
0.394 2 2 2 -4.0 -4.0 -0.677 -0.736 -0.4562 -0.4667 11.02 
0.395 2 2 2 -4.0 -4.0 -0.614 -0.720 -0.4362 -0.4896 11.02 
0.396 2 2 2 -4.0 -4.0 -0.591 -0.726 -0.4779 -0.5149 11.02 
0.397 2 2 2 -4.0 -4.0 -0.569 -0.784 -0.5213 -0.5281 11.02 
0.398 2 2 2 -4.0 -4.0 -0.560 -0.784 -0.5020 -0.5498 11.02 
0.399 2 2 2 -4.0 -4.0 -0.509 -0.670 -0.5735 -0.5735 11.02 
0.400 2 2 2 -4.0 -4.0 -0.497 -0.595 -0.5904 -0.5498 11.02 
0.401 2 2 2 -4.0 -4.0 -0.509 -0.588 -0.5904 -0.5735 11.02 
0.402 2 2 2 -4.0 -4.0 -0.489 -0.608 -0.5992 -0.6085 11.02 
0.403 2 2 2 -4.0 -4.0 -0.498 -0.585 -0.5992 -0.6374 11.03 
0.404 2 2 2 -4.0 -4.0 -0.535 -0.541 -0.6374 -0.6583 11.02 
0.405 2 2 2 -4.0 -4.0 -0.481 -0.520 -0.6583 -0.6583 11.03 
0.406 2 2 2 -4.0 -4.0 -0.441 -0.497 -0.6583 -0.6691 11.03 
0.407 2 2 2 -4.0 -4.0 -0.427 -0.521 -0.6691 -0.6691 11.02 
0.408 2 2 2 -4.0 -4.0 -0.437 -0.548 -0.6177 -0.7044 11.02 
0.409 2 2 2 -4.0 -4.0 -0.462 -0.486 -0.7169 -0.6924 11.03 
0.410 2 2 2 -4.0 -4.0 -0.458 -0.441 -0.7302 -0.7169 11.03 
0.411 2 2 2 -4.0 -4.0 -0.436 -0.423 -0.7044 -0.7302 11.03 
0.412 2 2 2 -4.0 -4.0 -0.409 -0.473 -0.7434 -0.7434 11.03 
0.413 2 2 2 -4.0 -4.0 -0.413 -0.439 -0.7575 -0.7434 11.03 
0.414 2 2 2 -4.0 -4.0 -0.391 -0.400 -0.7723 -0.7723 11.04 
0.415 2 2 2 -4.0 -4.0 -0.358 -0.373 -0.7434 -0.7575 11.03 
0.416 2 2 2 -4.0 -4.0 -0.344 -0.426 -0.7434 -0.7723 11.03 
0.417 2 2 2 -4.0 -4.0 -0.361 -0.445 -0.7575 -0.7723 11.04 
0.418 2 2 2 -4.0 -4.0 -0.333 -0.392 -0.7302 -0.7723 11.03 
0.419 2 2 2 -4.0 -4.0 -0.354 -0.357 -0.7575 -0.7872 11.03 
0.420 2 2 2 -4.0 -4.0 -0.356 -0.401 -0.7723 -0.7872 11.04 
0.421 2 2 2 -4.0 -4.0 -0.356 -0.388 -0.8193 -0.8193 11.04 
0.422 2 2 2 -4.0 -4.0 -0.382 -0.377 -0.8032 -0.8032 11.04 
0.423 2 2 2 -4.0 -4.0 -0.336 -0.357 -0.7723 -0.8366 11.04 
0.424 2 2 2 -4.0 -4.0 -0.313 -0.392 -0.8193 -0.8366 11.04 
0.425 2 2 2 -4.0 -4.0 -0.315 -0.430 -0.8032 -0.8727 11.04 
0.426 2 2 2 -4.0 -4.0 -0.284 -0.362 -0.8727 -0.8193 11.04 
0.427 2 2 2 -4.0 -4.0 -0.255 -0.338 -0.8366 -0.8543 11.04 
0.428 2 2 2 -4.0 -4.0 -0.248 -0.356 -0.8727 -0.8727 11.04 
0.429 2 2 2 -4.0 -4.0 -0.303 -0.337 -0.8924 -0.8924 11.04 
0.430 2 2 2 -4.0 -4.0 -0.301 -0.324 -0.9125 -0.8924 11.04 
0.431 2 2 2 -4.0 -4.0 -0.271 -0.310 -0.9338 -0.8924 11.04 
0.432 2 2 2 -4.0 -4.0 -0.258 -0.351 -0.8193 -0.9125 11.04 
0.433 2 2 2 -4.0 -4.0 -0.273 -0.322 -0.8924 -0.8924 11.04 
0.434 2 2 2 -4.0 -4.0 -0.286 -0.280 -0.8366 -0.9125 11.04 
0.435 2 2 2 -4.0 -4.0 -0.274 -0.305 -0.8924 -0.9338 11.04 
0.436 2 2 2 -4.0 -4.0 -0.264 -0.311 -0.9338 -0.9338 11.04 
0.437 2 2 2 -4.0 -4.0 -0.266 -0.264 -0.9559 -0.9559 11.04 
0.438 2 2 2 -4.0 -4.0 -0.231 -0.261 -0.9559 -0.9559 11.04 
0.439 2 2 2 -4.0 -4.0 -0.231 -0.308 -0.9559 -0.9559 11.04 
0.440 2 2 2 -4.0 -4.0 -0.240 -0.289 -0.9338 -0.9559 11.04 
0.441 2 2 2 -4.0 -4.0 -0.246 -0.232 -0.9559 -0.9559 11.04 
0.442 2 2 2 -4.0 -4.0 -0.249 -0.274 -0.9796 -0.9796 11.05 
0.443 2 2 2 -4.0 -4.0 -0.266 -0.285 -1.0041 -0.9559 11.04 
0.444 2 2 2 -4.0 -4.0 -0.264 -0.287 -0.9125 -0.9559 11.05 
0.445 2 2 2 -4.0 -4.0 -0.233 -0.278 -1.0041 -0.9559 11.04 
0.446 2 2 2 -4.0 -4.0 -0.215 -0.340 -1.0041 -0.9559 11.04 
0.447 2 2 2 -4.0 -4.0 -0.204 -0.269 -1.0298 -0.8924 11.04 
0.448 2 2 2 -4.0 -4.0 -0.207 -0.232 -1.0041 -0.9796 11.04 
0.449 2 2 2 -4.0 -4.0 -0.207 -0.269 -1.0041 -1.0041 11.04 
0.450 2 2 2 -4.0 -4.0 -0.239 -0.268 -1.0298 -1.0041 11.04 
0.451 2 2 2 -4.0 -4.0 -0.216 -0.251 -1.0567 -1.0041 11.04 
0.452 2 2 2 -4.0 -4.0 -0.200 -0.273 -1.0567 -1.0298 11.04 
0.453 2 2 2 -4.0 -4.0 -0.219 -0.276 -1.0041 -1.0041 11.04 
0.454 2 2 2 -4.0 -4.0 -0.236 -0.244 -0.9796 -1.0298 11.04 
0.455 2 2 2 -4.0 -4.0 -0.215 -0.232 -1.0298 -1.0298 11.04 
0.456 2 2 2 -4.0 -4.0 -0.198 -0.236 -1.0298 -1.0298 11.04 
0.457 2 2 2 -4.0 -4.0 -0.195 -0.204 -1.0298 -1.0567 11.04 
0.458 2 2 2 -4.0 -4.0 -0.159 -0.209 -1.0298 -1.0041 11.04 
0.459 2 2 2 -4.0 -4.0 -0.183 -0.259 -1.0567 -1.0298 11.04 
0.460 2 2 2 -4.0 -4.0 -0.186 -0.233 -1.0567 -1.0298 11.04 
0.461 2 2 2 -4.0 -4.0 -0.180 -0.182 -1.0567 -1.0298 11.04 
0.462 2 2 2 -4.0 -4.0 -0.175 -0.235 -1.0852 -1.0567 11.04 
0.463 2 2 2 -4.0 -4.0 -0.208 -0.215 -1.0852 -1.0567 11.04 
0.464 2 2 2 -4.0 -4.0 -0.183 -0.201 -1.0852 -1.0567 11.04 
0.465 2 2 2 -4.0 -4.0 -0.185 -0.254 -1.0852 -1.0567 11.04 
0.466 2 2 2 -4.0 -4.0 -0.183 -0.255 -1.1474 -1.0852 11.03 
0.467 2 2 2 -4.0 -4.0 -0.181 -0.216 -1.1153 -1.0567 11.04 
0.468 2 2 2 -4.0 -4.0 -0.156 -0.228 -1.0852 -1.0852 11.04 
0.469 2 2 2 -4.0 -4.0 -0.206 -0.224 -1.1153 -1.0852 11.04 
0.470 2 2 2 -4.0 -4.0 -0.176 -0.205 -1.1153 -1.0852 11.05 
0.471 2 2 2 -4.0 -4.0 -0.151 -0.224 -1.0567 -1.1153 11.04 
0.472 2 2 2 -4.0 -4.0 -0.192 -0.229 -1.1474 -1.0852 11.04 
0.473 2 2 2 -4.0 -4.0 -0.178 -0.173 -1.1153 -1.0852 11.04 
0.474 2 2 2 -4.0 -4.0 -0.170 -0.165 -1.1153 -1.0852 11.04 
0.475 2 2 2 -4.0 -4.0 -0.156 -0.214 -1.1474 -1.0852 11.04 
0.476 2 2 2 -4.0 -4.0 -0.145 -0.184 -1.1474 -1.0852 11.04 
0.477 2 2 2 -4.0 -4.0 -0.154 -0.198 -1.1153 -1.0567 11.04 
0.478 2 2 2 -4.0 -4.0 -0.159 -0.240 -1.1474 -1.0852 11.04 
0.479 2 2 2 -4.0 -4.0 -0.159 -0.197 -1.1474 -1.0852 11.04 
0.480 2 2 2 -4.0 -4.0 -0.162 -0.183 -1.1474 -1.0852 11.04 
0.481 2 2 2 -4.0 -4.0 -0.175 -0.190 -1.1474 -1.0852 11.04 
0.482 2 2 2 -4.0 -4.0 -0.163 -0.162 -1.1153 -1.0852 11.04 
0.483 2 2 2 -4.0 -4.0 -0.143 -0.190 -1.1474 -1.0852 11.04 
0.484 2 2 2 -4.0 -4.0 -0.170 -0.226 -1.1812 -1.1153 11.04 
0.485 2 2 2 -4.0 -4.0 -0.161 -0.197 -1.1474 -1.0852 11.04 
0.486 2 2 2 -4.0 -4.0 -0.157 -0.184 -1.1153 -1.0852 11.04 
0.487 2 2 2 -4.0 -4.0 -0.161 -0.198 -1.1812 -1.1153 11.04 
0.488 2 2 2 -4.0 -4.0 -0.139 -0.162 -1.1812 -1.1153 11.04 
0.489 2 2 2 -4.0 -4.0 -0.143 -0.191 -1.1474 -1.1153 11.04 
0.490 2 2 2 -4.0 -4.0 -0.179 -0.207 -1.0298 -1.1153 11.04 
0.491 2 2 2 -4.0 -4.0 -0.169 -0.190 -1.1474 -1.1153 11.04 
0.492 2 2 2 -4.0 -4.0 -0.154 -0.175 -1.1812 -1.1153 11.04 
0.493 2 2 2 -4.0 -4.0 -0.146 -0.171 -1.1474 -1.1153 11.04 
0.494 2 2 2 -4.0 -4.0 -0.119 -0.150 -1.1474 -1.1153 11.04 
0.495 2 2 2 -4.0 -4.0 -0.128 -0.159 -1.1812 -1.0852 11.04 
0.496 2 2 2 -4.0 -4.0 -0.157 -0.205 -1.1812 -1.0852 11.04 
0.497 2 2 2 -4.0 -4.0 -0.144 -0.169 -1.1812 -1.1153 11.04 
0.498 2 2 2 -4.0 -4.0 -0.163 -0.174 -1.1812 -1.1474 11.04 
0.499 2 2 2 -4.0 -4.0 -0.154 -0.163 -1.1474 -1.1153 11.04 
0.500 2 2 2 -4.0 -4.0 -0.125 -0.137 -1.1812 -1.1153 11.04 
0.501 2 2 2 -4.0 -4.0 -0.133 -0.180 -1.1812 -1.1153 11.04 
0.502 2 2 2 -4.0 -4.0 -0.105 -0.209 -1.1812 -1.0852 11.05 
0.503 2 2 3 0.0 0.0 -0.103 -0.186 -1.1812 -1.1153 11.05 
0.504 2 2 3 0.0 0.0 0.010 -0.135 -1.1812 -1.1474 11.05 
0.505 2 2 3 0.0 0.0 0.320 0.171 -1.2169 -1.1474 11.06 
0.506 2 2 3 0.0 0.0 0.601 0.536 -1.1153 -1.1474 11.06 
0.507 2 2 3 0.0 0.0 0.630 0.762 -1.1812 -1.1153 11.06 
0.508 2 2 3 0.0 0.0 0.690 0.758 -1.1153 -1.0852 11.06 
0.509 2 2 3 0.0 0.0 0.773 0.788 -1.0567 -1.0567 11.06 
0.510 2 2 3 0.0 0.0 0.755 0.866 -1.0298 -1.0041 11.06 
0.511 2 2 3 0.0 0.0 0.690 0.803 -1.0041 -0.9796 11.06 
0.512 2 2 3 0.0 0.0 0.736 0.775 -0.9796 -0.9559 11.06 
0.513 2 2 3 0.0 0.0 0.773 0.838 -0.9559 -0.9338 11.06 
0.514 2 2 3 0.0 0.0 0.618 0.862 -0.8924 -0.9125 11.06 
0.515 2 2 3 0.0 0.0 0.632 0.753 -0.8924 -0.8543 11.06 
0.516 2 2 3 0.0 0.0 0.690 0.719 -0.8727 -0.8032 11.06 
0.517 2 2 3 0.0 0.0 0.709 0.751 -0.8727 -0.7723 11.05 
0.518 2 2 3 0.0 0.0 0.612 0.738 -0.8193 -0.7723 11.06 
0.519 2 2 3 0.0 0.0 0.603 0.632 -0.7723 -0.7575 11.05 
0.520 2 2 3 0.0 0.0 0.633 0.627 -0.7575 -0.7044 11.06 
0.521 2 2 3 0.0 0.0 0.626 0.682 -0.7302 -0.6804 11.06 
0.522 2 2 3 0.0 0.0 0.473 0.681 -0.7434 -0.6804 11.06 
0.523 2 2 3 0.0 0.0 0.448 0.648 -0.6583 -0.6273 11.06 
0.524 2 2 3 0.0 0.0 0.490 0.570 -0.6691 -0.6273 11.06 
0.525 2 2 3 0.0 0.0 0.531 0.551 -0.6691 -0.6085 11.06 
0.526 2 2 3 0.0 0.0 0.534 0.594 -0.6374 -0.5575 11.05 
0.527 2 2 3 0.0 0.0 0.467 0.608 -0.6085 -0.5575 11.05 
0.528 2 2 3 0.0 0.0 0.420 0.581 -0.5904 -0.5426 11.06 
0.529 2 2 3 0.0 0.0 0.438 0.485 -0.5992 -0.5498 11.06 
0.530 2 2 3 0.0 0.0 0.476 0.444 -0.5735 -0.5213 11.06 
0.531 2 2 3 0.0 0.0 0.480 0.471 -0.4225 -0.4956 11.06 
0.532 2 2 3 0.0 0.0 0.463 0.506 -0.5020 -0.4779 11.06 
0.533 2 2 3 0.0 0.0 0.356 0.487 -0.5281 -0.4615 11.06 
0.534 2 2 3 0.0 0.0 0.337 0.448 -0.5213 -0.4410 11.06 
0.535 2 2 3 0.0 0.0 0.363 0.403 -0.3936 -0.4269 11.06 
0.536 2 2 3 0.0 0.0 0.392 0.354 -0.4362 -0.4269 11.06 
0.537 2 2 3 0.0 0.0 0.411 0.313 -0.4462 -0.3936 11.06 
0.538 2 2 3 0.0 0.0 0.387 0.323 -0.3823 -0.3550 11.06 
0.539 2 2 3 0.0 0.0 0.346 0.329 -0.3976 -0.3550 11.06 
0.540 2 2 3 0.0 0.0 0.305 0.352 -0.3936 -0.3462 11.06 
0.541 2 2 3 0.0 0.0 0.273 0.346 -0.3787 -0.3462 11.06 
0.542 2 2 3 0.0 0.0 0.260 0.326 -0.3976 -0.3289 11.06 
0.543 2 2 3 0.0 0.0 0.275 0.307 -0.3317 -0.3161 11.06 
0.544 2 2 3 0.0 0.0 0.292 0.294 -0.3683 -0.3040 11.06 
0.545 2 2 3 0.0 0.0 0.304 0.276 -0.3064 -0.3040 11.06 
0.546 2 2 3 0.0 0.0 0.302 0.240 -0.3317 -0.2996 11.06 
0.547 2 2 3 0.0 0.0 0.293 0.246 -0.3317 -0.2868 11.06 
0.548 2 2 3 0.0 0.0 0.272 0.257 -0.2747 -0.2675 11.06 
0.549 2 2 3 0.0 0.0 0.234 0.262 -0.2972 -0.2639 11.05 
0.550 2 2 3 0.0 0.0 0.174 0.256 -0.2972 -0.2462 11.06 
0.551 2 2 3 0.0 0.0 0.137 0.240 -0.2418 -0.2462 11.05 
0.552 2 2 3 0.0 0.0 0.153 0.232 -0.2787 -0.2345 11.05 
0.553 2 2 3 0.0 0.0 0.172 0.215 -0.2787 -0.2345 11.05 
0.554 2 2 3 0.0 0.0 0.191 0.210 -0.2362 -0.2113 11.06 
0.555 2 2 3 0.0 0.0 0.209 0.202 -0.2362 -0.2113 11.06 
0.556 2 2 3 0.0 0.0 0.215 0.189 -0.2494 -0.1831 11.06 
0.557 2 2 3 0.0 0.0 0.219 0.175 -0.2113 -0.1831 11.06 
0.558 2 2 3 0.0 0.0 0.213 0.167 -0.2068 -0.1743 11.05 
0.559 2 2 3 0.0 0.0 0.207 0.152 -0.2133 -0.1743 11.06 
0.560 2 2 3 0.0 0.0 0.190 0.141 -0.2133 -0.1743 11.06 
0.561 2 2 3 0.0 0.0 0.191 0.114 -0.1928 -0.1550 11.06 
0.562 2 2 3 0.0 0.0 0.172 0.114 -0.1823 -0.1550 11.06 
0.563 2 2 3 0.0 0.0 0.158 0.119 -0.1823 -0.1506 11.06 
0.564 2 2 3 0.0 0.0 0.149 0.127 -0.1831 -0.1426 11.05 
0.565 2 2 3 0.0 0.0 0.134 0.129 -0.1831 -0.1426 11.06 
0.566 2 2 3 0.0 0.0 0.120 0.123 -0.1526 -0.1406 11.06 
0.567 2 2 3 0.0 0.0 0.108 0.122 -0.1526 -0.1217 11.09 
0.568 2 2 3 0.0 0.0 0.106 0.114 -0.1526 -0.1217 11.07 
0.569 2 2 3 0.0 0.0 0.120 0.112 -0.1518 -0.1217 11.06 
0.570 2 2 3 0.0 0.0 0.126 0.095 -0.1518 -0.1125 11.05 
0.571 2 2 3 0.0 0.0 0.116 0.109 -0.1518 -0.1048 11.06 
0.572 2 2 3 0.0 0.0 0.104 0.109 -0.1169 -0.1048 11.06 
0.573 2 2 3 0.0 0.0 0.108 0.103 -0.1084 -0.1048 11.05 
0.574 2 2 3 0.0 0.0 0.103 0.097 -0.1084 -0.1048 11.05 
0.575 2 2 3 0.0 0.0 0.102 0.085 -0.1084 -0.0847 11.05 
0.576 2 2 3 0.0 0.0 0.100 0.076 -0.1076 -0.0823 11.08 
0.577 2 2 3 0.0 0.0 0.089 0.074 -0.1068 -0.0823 11.06 
0.578 2 2 3 0.0 0.0 0.087 0.070 -0.1068 -0.0823 11.06 
0.579 2 2 3 0.0 0.0 0.084 0.067 -0.1068 -0.0823 11.05 
0.580 2 2 3 0.0 0.0 0.082 0.065 -0.1008 -0.0823 11.06 
0.581 2 2 3 0.0 0.0 0.074 0.063 -0.0803 -0.0683 11.05 
0.582 2 2 3 0.0 0.0 0.072 0.060 -0.0767 -0.0655 11.05 
0.583 2 2 3 0.0 0.0 0.069 0.060 -0.0767 -0.0655 11.08 
0.584 2 2 3 0.0 0.0 0.066 0.057 -0.0767 -0.0655 11.06 
0.585 2 2 3 0.0 0.0 0.055 0.048 -0.0767 -0.0655 11.06 
0.586 2 2 3 0.0 0.0 0.054 0.045 -0.0767 -0.0655 11.06 
0.587 2 2 3 0.0 0.0 0.045 0.051 -0.0699 -0.0655 11.07 
0.588 2 2 3 0.0 0.0 0.035 0.047 -0.0594 -0.0590 11.06 
0.589 2 2 3 0.0 0.0 0.032 0.042 -0.0582 -0.0514 11.05 
0.590 2 2 3 0.0 0.0 0.036 0.041 -0.0582 -0.0466 11.06 
0.591 2 2 3 0.0 0.0 0.032 0.042 -0.0582 -0.0466 11.05 
0.592 2 2 3 0.0 0.0 0.029 0.041 -0.0582 -0.0466 11.09 
0.593 2 2 3 0.0 0.0 0.031 0.038 -0.0582 -0.0466 11.07 
0.594 2 2 3 0.0 0.0 0.032 0.040 -0.0582 -0.0466 11.06 
0.595 2 2 3 0.0 0.0 0.022 0.040 -0.0582 -0.0466 11.06 
0.596 2 2 3 0.0 0.0 0.023 0.034 -0.0510 -0.0466 11.06 
0.597 2 2 3 0.0 0.0 0.017 0.026 -0.0450 -0.0466 11.06 
0.598 2 2 3 0.0 0.0 0.011 0.016 -0.0406 -0.0466 11.06 
0.599 2 2 3 0.0 0.0 0.015 0.015 -0.0365 -0.0434 11.06 
0.600 2 2 3 0.0 0.0 0.016 0.017 -0.0337 -0.0390 11.06 
0.601 2 2 3 0.0 0.0 0.010 0.011 -0.0309 -0.0357 11.06 
0.602 2 2 3 0.0 0.0 0.010 0.019 -0.0309 -0.0325 11.06 
0.603 2 2 3 0.0 0.0 0.016 0.011 -0.0309 -0.0301 11.06 
0.604 2 2 3 0.0 0.0 0.021 0.006 -0.0309 -0.0281 11.06 
0.605 2 2 3 0.0 0.0 0.019 0.008 -0.0309 -0.0261 11.06 
0.606 2 2 3 0.0 0.0 0.013 0.009 -0.0309 -0.0245 11.06 
0.607 2 2 3 0.0 0.0 0.012 0.011 -0.0309 -0.0245 11.06 
0.608 2 2 3 0.0 0.0 0.009 0.006 -0.0309 -0.0245 11.06 
0.609 2 2 3 0.0 0.0 0.009 0.005 -0.0309 -0.0245 11.06 
0.610 2 2 3 0.0 0.0 0.016 0.006 -0.0309 -0.0245 11.06 
0.611 2 2 3 0.0 0.0 0.017 0.002 -0.0309 -0.0245 11.06 
0.612 2 2 3 0.0 0.0 0.019 0.006 -0.0309 -0.0245 11.06 
0.613 2 2 3 0.0 0.0 0.017 0.000 -0.0309 -0.0245 11.07 
0.614 2 2 3 0.0 0.0 0.015 -0.002 -0.0309 -0.0245 11.06 
0.615 2 2 3 0.0 0.0 0.016 -0.003 -0.0285 -0.0245 11.06 
0.616 2 2 3 0.0 0.0 0.010 -0.001 -0.0269 -0.0245 11.06 
0.617 2 2 3 0.0 0.0 0.013 0.003 -0.0249 -0.0245 11.06 
0.618 2 2 3 0.0 0.0 0.009 0.002 -0.0237 -0.0245 11.06 
0.619 2 2 3 0.0 0.0 0.006 0.000 -0.0221 -0.0245 11.06 
0.620 2 2 3 0.0 0.0 0.003 -0.000 -0.0209 -0.0245 11.06 
0.621 2 2 3 0.0 0.0 0.005 -0.002 -0.0201 -0.0245 11.06 
0.622 2 2 3 0.0 0.0 0.002 0.004 -0.0189 -0.0245 11.06 
0.623 2 2 3 0.0 0.0 0.007 0.008 -0.0181 -0.0237 11.06 
0.624 2 2 3 0.0 0.0 0.007 0.012 -0.0173 -0.0221 11.06 
0.625 2 2 3 0.0 0.0 0.008 0.011 -0.0165 -0.0209 11.06 
0.626 2 2 3 0.0 0.0 0.002 0.011 -0.0161 -0.0201 11.06 
0.627 2 2 3 0.0 0.0 -0.000 0.008 -0.0153 -0.0189 11.06 
0.628 2 2 3 0.0 0.0 0.002 0.006 -0.0149 -0.0181 11.06 
0.629 2 2 3 0.0 0.0 -0.003 0.004 -0.0141 -0.0173 11.06 
0.630 2 2 3 0.0 0.0 0.004 0.003 -0.0137 -0.0165 11.06 
0.631 2 2 3 0.0 0.0 -0.002 -0.000 -0.0133 -0.0161 11.06 
0.632 2 2 3 0.0 0.0 -0.006 0.003 -0.0129 -0.0153 11.06 
0.633 2 2 3 0.0 0.0 -0.002 0.001 -0.0125 -0.0149 11.06 
0.634 2 2 3 0.0 0.0 0.002 -0.001 -0.0120 -0.0141 11.06 
0.635 2 2 3 0.0 0.0 -0.000 -0.003 -0.0116 -0.0137 11.06 
0.636 2 2 3 0.0 0.0 0.005 0.004 -0.0112 -0.0133 11.06 
0.637 2 2 3 0.0 0.0 -0.002 -0.008 -0.0108 -0.0129 11.06 
0.638 2 2 3 0.0 0.0 0.006 -0.004 -0.0108 -0.0125 11.05 
0.639 2 2 3 0.0 0.0 0.002 -0.006 -0.0104 -0.0120 11.07 
0.640 2 2 3 0.0 0.0 0.006 -0.008 -0.0100 -0.0116 11.06 
0.641 2 2 3 0.0 0.0 0.009 -0.008 -0.0100 -0.0112 11.06 
0.642 2 2 3 0.0 0.0 0.006 -0.004 -0.0096 -0.0108 11.06 
0.643 2 2 3 0.0 0.0 0.003 -0.006 -0.0092 -0.0108 11.05 
0.644 2 2 3 0.0 0.0 0.002 -0.004 -0.0092 -0.0104 11.06 
0.645 2 2 3 0.0 0.0 -0.002 -0.004 -0.0088 -0.0100 11.06 
0.646 2 2 3 0.0 0.0 -0.002 0.005 -0.0088 -0.0100 11.06 
0.647 2 2 3 0.0 0.0 -0.001 0.008 -0.0084 -0.0096 11.05 
0.648 2 2 3 0.0 0.0 0.006 0.005 -0.0084 -0.0092 11.06 
0.649 2 2 3 0.0 0.0 -0.002 0.008 -0.0080 -0.0092 11.06 
0.650 2 2 3 0.0 0.0 0.001 0.008 -0.0080 -0.0088 11.06 
0.651 2 2 3 0.0 0.0 -0.000 0.008 -0.0080 -0.0088 11.06 
0.652 2 2 3 0.0 0.0 0.002 0.009 -0.0076 -0.0084 11.06 
0.653 2 2 3 0.0 0.0 -0.006 0.007 -0.0076 -0.0084 11.08 
0.654 2 2 3 0.0 0.0 -0.003 0.006 -0.0072 -0.0080 11.07 
0.655 2 2 3 0.0 0.0 -0.001 0.006 -0.0072 -0.0080 11.06 
0.656 2 2 3 0.0 0.0 -0.002 0.005 -0.0072 -0.0080 11.06 
0.657 2 2 3 0.0 0.0 0.001 0.001 -0.0068 -0.0076 11.06 
0.658 2 2 3 0.0 0.0 -0.002 -0.001 -0.0068 -0.0076 11.06 
0.659 2 2 3 0.0 0.0 -0.006 -0.002 -0.0068 -0.0072 11.05 
0.660 2 2 3 0.0 0.0 -0.001 -0.010 -0.0064 -0.0072 11.06 
0.661 2 2 3 0.0 0.0 -0.001 -0.007 -0.0064 -0.0072 11.06 
0.662 2 2 3 0.0 0.0 0.004 -0.005 -0.0064 -0.0068 11.06 
0.663 2 2 3 0.0 0.0 0.002 -0.005 -0.0064 -0.0068 11.06 
0.664 2 2 3 0.0 0.0 0.005 -0.003 -0.0060 -0.0068 11.06 
0.665 2 2 3 0.0 0.0 -0.002 -0.000 -0.0060 -0.0064 11.07 
