%% logfile from robot Celina (47)
% Celina (47)
%  1    time 0.000 sec
%  2  3  4   (mission 0), state 2, thread 2, line 0
%  5  6 Motor voltage [V] left, right: 1.6 1.6
%  7  8 Motor current left, right [A]: -0.039 -0.044
%  9 10 Wheel velocity [m/s] left, right: -0.0000 -0.0000
% 11    Battery voltage [V]: 11.73
0.001 2 2 0 1.6 1.6 0.112 0.096 -0.0000 -0.0000 11.72 
0.002 2 2 0 1.6 1.6 0.239 0.200 -0.0000 -0.0000 11.72 
0.003 2 2 0 1.6 1.6 0.341 0.290 -0.0000 -0.0000 11.72 
0.004 2 2 0 1.6 1.6 0.314 0.381 -0.0000 -0.0000 11.71 
0.005 2 2 0 1.6 1.6 0.349 0.401 -0.0000 -0.0000 11.72 
0.006 2 2 0 1.6 1.6 0.333 0.432 0.0000 -0.0000 11.72 
0.007 2 2 0 1.6 1.6 0.341 0.431 0.0000 -0.0000 11.72 
0.008 2 2 0 1.6 1.6 0.359 0.346 0.0000 -0.0000 11.72 
0.009 2 2 0 1.6 1.6 0.344 0.323 0.0000 -0.0000 11.72 
0.010 2 2 0 1.6 1.6 0.349 0.441 0.0000 0.0000 11.70 
0.011 2 2 0 1.6 1.6 0.310 0.326 0.0000 0.0000 11.71 
0.012 2 2 0 1.6 1.6 0.292 0.306 0.0735 0.0000 11.72 
0.013 2 2 0 1.6 1.6 0.278 0.293 0.0735 0.0000 11.71 
0.014 2 2 0 1.6 1.6 0.267 0.407 0.0735 0.1048 11.71 
0.015 2 2 0 1.6 1.6 0.250 0.349 0.0735 0.1048 11.72 
0.016 2 2 0 1.6 1.6 0.276 0.287 0.0992 0.1366 11.71 
0.017 2 2 0 1.6 1.6 0.271 0.295 0.0992 0.1366 11.72 
0.018 2 2 0 1.6 1.6 0.301 0.289 0.0992 0.1366 11.72 
0.019 2 2 0 1.6 1.6 0.288 0.352 0.1394 0.1530 11.71 
0.020 2 2 0 1.6 1.6 0.223 0.264 0.1394 0.1530 11.71 
0.021 2 2 0 1.6 1.6 0.228 0.229 0.1542 0.1731 11.71 
0.022 2 2 0 1.6 1.6 0.244 0.266 0.1542 0.1731 11.72 
0.023 2 2 0 1.6 1.6 0.186 0.290 0.1775 0.1731 11.71 
0.024 2 2 0 1.6 1.6 0.177 0.240 0.1775 0.1783 11.72 
0.025 2 2 0 1.6 1.6 0.212 0.243 0.1775 0.1783 11.73 
0.026 2 2 0 1.6 1.6 0.265 0.195 0.1799 0.1976 11.73 
0.027 2 2 0 1.6 1.6 0.245 0.210 0.1799 0.1976 11.72 
0.028 2 2 0 1.6 1.6 0.245 0.167 0.2048 0.1988 11.72 
0.029 2 2 0 1.6 1.6 0.241 0.180 0.2048 0.1988 11.72 
0.030 2 2 0 1.6 1.6 0.229 0.157 0.2056 0.2133 11.72 
0.031 2 2 0 1.6 1.6 0.221 0.203 0.2241 0.2113 11.72 
0.032 2 2 0 1.6 1.6 0.204 0.154 0.2241 0.2113 11.72 
0.033 2 2 0 1.6 1.6 0.150 0.138 0.2157 0.2333 11.71 
0.034 2 2 0 1.6 1.6 0.124 0.160 0.2157 0.2333 11.73 
0.035 2 2 0 1.6 1.6 0.167 0.160 0.2402 0.2333 11.72 
0.036 2 2 0 1.6 1.6 0.145 0.180 0.2402 0.2333 11.71 
0.037 2 2 0 1.6 1.6 0.139 0.158 0.2333 0.2478 11.71 
0.038 2 2 0 1.6 1.6 0.160 0.164 0.2522 0.2333 11.71 
0.039 2 2 0 1.6 1.6 0.193 0.157 0.2522 0.2333 11.71 
0.040 2 2 0 1.6 1.6 0.185 0.170 0.2402 0.2639 11.70 
0.041 2 2 0 1.6 1.6 0.181 0.175 0.2695 0.2590 11.70 
0.042 2 2 0 1.6 1.6 0.194 0.156 0.2695 0.2590 11.71 
0.043 2 2 0 1.6 1.6 0.164 0.166 0.2695 0.2675 11.71 
0.044 2 2 0 1.6 1.6 0.160 0.123 0.2807 0.2607 11.72 
0.045 2 2 0 1.6 1.6 0.164 0.151 0.2807 0.2607 11.71 
0.046 2 2 0 1.6 1.6 0.143 0.210 0.2623 0.2807 11.71 
0.047 2 2 0 1.6 1.6 0.169 0.214 0.2888 0.2928 11.71 
0.048 2 2 0 1.6 1.6 0.153 0.215 0.2888 0.2928 11.70 
0.049 2 2 0 1.6 1.6 0.170 0.176 0.2675 0.2928 11.71 
0.050 2 2 0 1.6 1.6 0.101 0.173 0.2972 0.2848 11.71 
0.051 2 2 0 1.6 1.6 0.116 0.127 0.2996 0.3040 11.71 
0.052 2 2 0 1.6 1.6 0.127 0.151 0.2996 0.3040 11.72 
0.053 2 2 0 1.6 1.6 0.136 0.148 0.3064 0.2827 11.71 
0.054 2 2 0 1.6 1.6 0.111 0.138 0.3113 0.3088 11.72 
0.055 2 2 0 1.6 1.6 0.107 0.164 0.3137 0.2952 11.73 
0.056 2 2 0 1.6 1.6 0.128 0.169 0.3137 0.2952 11.71 
0.057 2 2 0 1.6 1.6 0.089 0.111 0.3016 0.3137 11.72 
0.058 2 2 0 1.6 1.6 0.086 0.154 0.3185 0.3016 11.72 
0.059 2 2 0 1.6 1.6 0.077 0.116 0.2711 0.3185 11.72 
0.060 2 2 0 1.6 1.6 0.089 0.150 0.2711 0.3237 11.71 
0.061 2 2 0 1.6 1.6 0.056 0.124 0.3237 0.3237 11.71 
0.062 2 2 0 1.6 1.6 0.098 0.099 0.3346 0.3265 11.69 
0.063 2 2 0 1.6 1.6 0.138 0.066 0.3317 0.2996 11.71 
0.064 2 2 0 1.6 1.6 0.174 0.104 0.2908 0.3289 11.72 
0.065 2 2 0 1.6 1.6 0.173 0.093 0.2908 0.3317 11.71 
0.066 2 2 0 1.6 1.6 0.120 0.122 0.3346 0.3317 11.71 
0.067 2 2 0 1.6 1.6 0.093 0.104 0.3430 0.3374 11.70 
0.068 2 2 0 1.6 1.6 0.079 0.137 0.3462 0.3430 11.71 
0.069 2 2 0 1.6 1.6 0.075 0.172 0.3161 0.3402 11.72 
0.070 2 2 0 1.6 1.6 0.075 0.144 0.3490 0.3289 11.71 
0.071 2 2 0 1.6 1.6 0.109 0.150 0.3402 0.3462 11.71 
0.072 2 2 0 1.6 1.6 0.147 0.134 0.3237 0.3462 11.73 
0.073 2 2 0 1.6 1.6 0.112 0.098 0.3550 0.3346 11.72 
0.074 2 2 0 1.6 1.6 0.148 0.035 0.3374 0.3490 11.69 
0.075 2 2 0 1.6 1.6 0.156 0.080 0.3462 0.3462 11.71 
0.076 2 2 0 1.6 1.6 0.124 0.098 0.3185 0.3550 11.71 
0.077 2 2 0 1.6 1.6 0.135 0.128 0.3522 0.3113 11.71 
0.078 2 2 0 1.6 1.6 0.121 0.119 0.3522 0.3582 11.71 
0.079 2 2 0 1.6 1.6 0.067 0.092 0.3289 0.3823 11.73 
0.080 2 2 0 1.6 1.6 0.069 0.076 0.3550 0.3823 11.73 
0.081 2 2 0 1.6 1.6 0.132 0.077 0.3346 0.3615 11.72 
0.082 2 2 0 1.6 1.6 0.147 0.051 0.3615 0.3213 11.71 
0.083 2 2 0 1.6 1.6 0.151 0.129 0.3346 0.3550 11.72 
0.084 2 2 0 1.6 1.6 0.151 0.072 0.3615 0.3490 11.69 
0.085 2 2 0 1.6 1.6 0.127 0.095 0.3615 0.3615 11.71 
0.086 2 2 0 1.6 1.6 0.087 0.142 0.3289 0.3522 11.71 
0.087 2 2 0 1.6 1.6 0.069 0.119 0.3683 0.3651 11.71 
0.088 2 2 0 1.6 1.6 0.052 0.108 0.3550 0.3651 11.71 
0.089 2 2 0 1.6 1.6 0.071 0.092 0.3751 0.3550 11.71 
0.090 2 2 0 1.6 1.6 0.113 0.100 0.3490 0.3683 11.72 
0.091 2 2 0 1.6 1.6 0.128 0.044 0.3751 0.3550 11.71 
0.092 2 2 0 1.6 1.6 0.128 0.039 0.3651 0.3651 11.70 
0.093 2 2 0 1.6 1.6 0.099 0.063 0.3787 0.3490 11.71 
0.094 2 2 0 1.6 1.6 0.090 0.070 0.3550 0.3751 11.72 
0.095 2 2 0 1.6 1.6 0.065 0.148 0.3860 0.3615 11.71 
0.096 2 2 0 1.6 1.6 0.108 0.153 0.3860 0.3751 11.71 
0.097 2 2 0 1.6 1.6 0.097 0.135 0.3651 0.3430 11.71 
0.098 2 2 0 1.6 1.6 0.086 0.130 0.3860 0.3430 11.72 
0.099 2 2 0 1.6 1.6 0.087 0.106 0.3550 0.3787 11.71 
0.100 2 2 0 1.6 1.6 0.129 0.119 0.3936 0.3715 11.70 
0.101 2 2 0 1.6 1.6 0.137 0.115 0.3860 0.3787 11.71 
0.102 2 2 0 1.6 1.6 0.116 0.089 0.3936 0.3615 11.71 
0.103 2 2 0 1.6 1.6 0.133 0.138 0.3683 0.3860 11.72 
0.104 2 2 0 1.6 1.6 0.037 0.134 0.3976 0.3936 11.73 
0.105 2 2 0 1.6 1.6 0.062 0.058 0.3651 0.3860 11.72 
0.106 2 2 0 1.6 1.6 0.005 0.092 0.3976 0.3751 11.70 
0.107 2 2 0 1.6 1.6 0.056 0.046 0.4016 0.3896 11.72 
0.108 2 2 0 1.6 1.6 -0.015 0.067 0.4056 0.3550 11.73 
0.109 2 2 0 1.6 1.6 0.014 0.101 0.4056 0.3860 11.73 
0.110 2 2 0 1.6 1.6 -0.022 0.089 0.4056 0.3683 11.72 
0.111 2 2 0 1.6 1.6 -0.045 0.109 0.3860 0.3896 11.71 
0.112 2 2 0 1.6 1.6 -0.033 0.147 0.3976 0.3715 11.71 
0.113 2 2 0 1.6 1.6 -0.095 0.134 0.3462 0.3896 11.71 
0.114 2 2 0 1.6 1.6 -0.077 0.118 0.3751 0.3936 11.72 
0.115 2 2 0 1.6 1.6 -0.069 0.084 0.3976 0.3936 11.70 
0.116 2 2 0 1.6 1.6 -0.034 0.095 0.4056 0.3715 11.71 
0.117 2 2 0 1.6 1.6 0.004 0.104 0.3550 0.3582 11.72 
0.118 2 2 0 1.6 1.6 -0.033 0.079 0.3823 0.3936 11.72 
0.119 2 2 0 1.6 1.6 0.055 0.102 0.3976 0.3896 11.72 
0.120 2 2 0 1.6 1.6 0.046 0.100 0.4097 0.3976 11.71 
0.121 2 2 0 1.6 1.6 0.062 0.097 0.3751 0.3976 11.71 
0.122 2 2 0 1.6 1.6 0.092 0.104 0.3936 0.3976 11.71 
0.123 2 2 0 1.6 1.6 0.007 0.080 0.3787 0.3823 11.72 
0.124 2 2 0 1.6 1.6 -0.005 0.112 0.4016 0.4016 11.70 
0.125 2 2 0 1.6 1.6 0.036 0.097 0.4056 0.3860 11.70 
0.126 2 2 0 1.6 1.6 0.015 0.054 0.4137 0.4016 11.71 
0.127 2 2 0 1.6 1.6 0.080 0.054 0.3823 0.3936 11.71 
0.128 2 2 0 1.6 1.6 0.040 0.105 0.4016 0.4016 11.72 
0.129 2 2 0 1.6 1.6 0.094 0.176 0.3936 0.3522 11.72 
0.130 2 2 0 1.6 1.6 0.089 0.130 0.4056 0.4016 11.72 
0.131 2 2 0 1.6 1.6 0.159 0.108 0.3896 0.4181 11.71 
0.132 2 2 0 1.6 1.6 0.255 0.028 0.4056 0.4137 11.72 
0.133 2 2 0 1.6 1.6 0.160 0.036 0.3751 0.3615 11.72 
0.134 2 2 0 1.6 1.6 0.132 0.040 0.3936 0.3976 11.71 
0.135 2 2 0 1.6 1.6 0.229 0.077 0.3715 0.3896 11.72 
0.136 2 2 0 1.6 1.6 0.207 0.081 0.3936 0.3976 11.72 
0.137 2 2 0 1.6 1.6 0.188 0.100 0.3976 0.3896 11.72 
0.138 2 2 0 1.6 1.6 0.141 0.115 0.4056 0.4016 11.71 
0.139 2 2 0 1.6 1.6 0.188 0.108 0.3860 0.3896 11.72 
0.140 2 2 0 1.6 1.6 0.108 0.052 0.4016 0.4016 11.73 
0.141 2 2 0 1.6 1.6 0.134 0.089 0.4016 0.3896 11.73 
0.142 2 2 0 1.6 1.6 0.021 0.064 0.4097 0.3976 11.72 
0.143 2 2 0 1.6 1.6 0.057 0.039 0.3860 0.3787 11.71 
0.144 2 2 0 1.6 1.6 -0.024 0.016 0.4016 0.4016 11.71 
0.145 2 2 0 1.6 1.6 -0.009 0.051 0.3976 0.3896 11.72 
0.146 2 2 0 1.6 1.6 -0.030 0.078 0.4097 0.3976 11.72 
0.147 2 2 0 1.6 1.6 0.035 0.097 0.3823 0.3651 11.71 
0.148 2 2 0 1.6 1.6 0.020 0.133 0.4016 0.3860 11.72 
0.149 2 2 0 1.6 1.6 0.069 0.117 0.4097 0.3936 11.72 
0.150 2 2 0 1.6 1.6 0.011 0.101 0.4181 0.4016 11.72 
0.151 2 2 1 4.0 4.0 -0.051 0.108 0.3936 0.3823 11.72 
0.152 2 2 1 4.0 4.0 0.135 0.161 0.4097 0.3976 11.70 
0.153 2 2 1 4.0 4.0 0.401 0.430 0.3936 0.4097 11.68 
0.154 2 2 1 4.0 4.0 0.504 0.594 0.4181 0.4181 11.66 
0.155 2 2 1 4.0 4.0 0.628 0.652 0.4362 0.4225 11.66 
0.156 2 2 1 4.0 4.0 0.540 0.704 0.4562 0.4410 11.67 
0.157 2 2 1 4.0 4.0 0.535 0.666 0.4896 0.4462 11.67 
0.158 2 2 1 4.0 4.0 0.581 0.637 0.4956 0.4836 11.66 
0.159 2 2 1 4.0 4.0 0.534 0.629 0.5149 0.5081 11.66 
0.160 2 2 1 4.0 4.0 0.525 0.690 0.5281 0.5149 11.68 
0.161 2 2 1 4.0 4.0 0.561 0.514 0.5575 0.5498 11.66 
0.162 2 2 1 4.0 4.0 0.529 0.520 0.5498 0.5655 11.67 
0.163 2 2 1 4.0 4.0 0.516 0.589 0.5820 0.5575 11.66 
0.164 2 2 1 4.0 4.0 0.523 0.513 0.6273 0.5904 11.68 
0.165 2 2 1 4.0 4.0 0.512 0.547 0.6085 0.6177 11.67 
0.166 2 2 1 4.0 4.0 0.558 0.626 0.6085 0.6273 11.66 
0.167 2 2 1 4.0 4.0 0.478 0.514 0.6273 0.6374 11.67 
0.168 2 2 1 4.0 4.0 0.453 0.517 0.6474 0.6374 11.67 
0.169 2 2 1 4.0 4.0 0.387 0.431 0.6374 0.6583 11.68 
0.170 2 2 1 4.0 4.0 0.419 0.483 0.6583 0.6474 11.67 
0.171 2 2 1 4.0 4.0 0.474 0.426 0.6691 0.6691 11.69 
0.172 2 2 1 4.0 4.0 0.396 0.455 0.6804 0.7044 11.69 
0.173 2 2 1 4.0 4.0 0.372 0.402 0.7044 0.7044 11.68 
0.174 2 2 1 4.0 4.0 0.359 0.398 0.7169 0.7169 11.68 
0.175 2 2 1 4.0 4.0 0.397 0.423 0.7434 0.7169 11.69 
0.176 2 2 1 4.0 4.0 0.444 0.401 0.7575 0.7302 11.68 
0.177 2 2 1 4.0 4.0 0.356 0.372 0.7723 0.7434 11.69 
0.178 2 2 1 4.0 4.0 0.339 0.322 0.7872 0.7434 11.69 
0.179 2 2 1 4.0 4.0 0.302 0.338 0.7723 0.7723 11.69 
0.180 2 2 1 4.0 4.0 0.352 0.376 0.7575 0.7575 11.70 
0.181 2 2 1 4.0 4.0 0.307 0.336 0.7872 0.8032 11.69 
0.182 2 2 1 4.0 4.0 0.329 0.346 0.7723 0.7872 11.70 
0.183 2 2 1 4.0 4.0 0.325 0.385 0.7723 0.8193 11.70 
0.184 2 2 1 4.0 4.0 0.360 0.377 0.8032 0.8193 11.70 
0.185 2 2 1 4.0 4.0 0.299 0.374 0.8366 0.8193 11.69 
0.186 2 2 1 4.0 4.0 0.225 0.343 0.8543 0.8193 11.68 
0.187 2 2 1 4.0 4.0 0.236 0.334 0.8193 0.8366 11.69 
0.188 2 2 1 4.0 4.0 0.274 0.339 0.8543 0.8543 11.70 
0.189 2 2 1 4.0 4.0 0.311 0.339 0.8366 0.8366 11.71 
0.190 2 2 1 4.0 4.0 0.328 0.291 0.8727 0.8727 11.71 
0.191 2 2 1 4.0 4.0 0.325 0.382 0.8924 0.8924 11.70 
0.192 2 2 1 4.0 4.0 0.301 0.332 0.8924 0.8924 11.69 
0.193 2 2 1 4.0 4.0 0.276 0.321 0.8366 0.8924 11.69 
0.194 2 2 1 4.0 4.0 0.232 0.248 0.9125 0.9125 11.70 
0.195 2 2 1 4.0 4.0 0.286 0.264 0.9125 0.9125 11.70 
0.196 2 2 1 4.0 4.0 0.307 0.279 0.9125 0.9125 11.70 
0.197 2 2 1 4.0 4.0 0.265 0.295 0.9125 0.9125 11.70 
0.198 2 2 1 4.0 4.0 0.224 0.257 0.9338 0.9338 11.71 
0.199 2 2 1 4.0 4.0 0.299 0.296 0.9338 0.9338 11.71 
0.200 2 2 1 4.0 4.0 0.233 0.241 0.9559 0.9338 11.71 
0.201 2 2 1 4.0 4.0 0.272 0.178 0.9559 0.9559 11.70 
0.202 2 2 1 4.0 4.0 0.307 0.219 0.9559 0.8924 11.70 
0.203 2 2 1 4.0 4.0 0.257 0.232 0.9796 0.9559 11.71 
0.204 2 2 1 4.0 4.0 0.245 0.203 0.9796 0.9559 11.71 
0.205 2 2 1 4.0 4.0 0.305 0.286 0.9796 0.9796 11.71 
0.206 2 2 1 4.0 4.0 0.257 0.243 1.0041 0.9796 11.71 
0.207 2 2 1 4.0 4.0 0.203 0.198 1.0041 0.9796 11.71 
0.208 2 2 1 4.0 4.0 0.177 0.221 0.9796 0.9796 11.71 
0.209 2 2 1 4.0 4.0 0.201 0.162 1.0041 0.9796 11.69 
0.210 2 2 1 4.0 4.0 0.217 0.220 1.0041 0.9796 11.70 
0.211 2 2 1 4.0 4.0 0.193 0.205 0.9559 1.0041 11.70 
0.212 2 2 1 4.0 4.0 0.388 0.273 0.9796 1.0041 11.70 
0.213 2 2 1 4.0 4.0 0.310 0.195 1.0041 1.0298 11.70 
0.214 2 2 1 4.0 4.0 0.305 0.178 1.0298 1.0298 11.71 
0.215 2 2 1 4.0 4.0 0.422 0.197 1.0298 1.0041 11.71 
0.216 2 2 1 4.0 4.0 0.304 0.257 1.0298 1.0298 11.71 
0.217 2 2 1 4.0 4.0 0.284 0.205 1.0041 1.0298 11.71 
0.218 2 2 1 4.0 4.0 0.228 0.215 1.0567 1.0298 11.70 
0.219 2 2 1 4.0 4.0 0.231 0.253 1.0298 1.0567 11.70 
0.220 2 2 1 4.0 4.0 0.208 0.114 1.0298 1.0567 11.71 
0.221 2 2 1 4.0 4.0 0.154 0.127 1.0567 1.0567 11.70 
0.222 2 2 1 4.0 4.0 0.243 0.190 1.0567 1.0298 11.71 
0.223 2 2 1 4.0 4.0 0.194 0.204 1.0567 1.0567 11.71 
0.224 2 2 1 4.0 4.0 0.191 0.209 1.0567 1.0852 11.71 
0.225 2 2 1 4.0 4.0 0.259 0.200 1.0852 1.0852 11.71 
0.226 2 2 1 4.0 4.0 0.216 0.197 1.0852 1.0567 11.71 
0.227 2 2 1 4.0 4.0 0.160 0.126 1.0567 1.0567 11.71 
0.228 2 2 1 4.0 4.0 0.139 0.193 1.0852 1.0567 11.71 
0.229 2 2 1 4.0 4.0 0.193 0.189 1.0567 1.0567 11.70 
0.230 2 2 1 4.0 4.0 0.177 0.153 1.0567 1.0852 11.69 
0.231 2 2 1 4.0 4.0 0.215 0.172 1.0567 1.0852 11.71 
0.232 2 2 1 4.0 4.0 0.231 0.230 1.0852 1.0852 11.71 
0.233 2 2 1 4.0 4.0 0.201 0.161 1.0852 1.0852 11.72 
0.234 2 2 1 4.0 4.0 0.274 0.165 1.0852 1.1153 11.72 
0.235 2 2 1 4.0 4.0 0.241 0.115 1.0852 1.0852 11.72 
0.236 2 2 1 4.0 4.0 0.204 0.034 1.0852 1.0852 11.71 
0.237 2 2 1 4.0 4.0 0.220 0.157 1.0852 1.0852 11.71 
0.238 2 2 1 4.0 4.0 0.163 0.153 1.1153 1.0852 11.71 
0.239 2 2 1 4.0 4.0 0.166 0.116 1.1153 1.0852 11.72 
0.240 2 2 1 4.0 4.0 0.193 0.203 1.0852 1.0852 11.71 
0.241 2 2 1 4.0 4.0 0.270 0.197 1.1153 1.0852 11.71 
0.242 2 2 1 4.0 4.0 0.218 0.113 1.1153 1.0852 11.71 
0.243 2 2 1 4.0 4.0 0.283 0.194 1.1153 1.0852 11.70 
0.244 2 2 1 4.0 4.0 0.216 0.185 1.1153 1.1153 11.70 
0.245 2 2 1 4.0 4.0 0.230 0.133 1.1153 1.1153 11.71 
0.246 2 2 1 4.0 4.0 0.220 0.181 1.1474 1.1153 11.70 
0.247 2 2 1 4.0 4.0 0.276 0.197 1.1153 1.0852 11.70 
0.248 2 2 1 4.0 4.0 0.147 0.172 1.1474 1.1153 11.70 
0.249 2 2 1 4.0 4.0 0.231 0.186 1.1153 1.1153 11.70 
0.250 2 2 1 4.0 4.0 0.110 0.220 1.1153 1.1153 11.72 
0.251 2 2 1 4.0 4.0 0.166 0.115 1.1153 1.1153 11.72 
0.252 2 2 1 4.0 4.0 0.126 0.118 1.1153 1.1474 11.71 
0.253 2 2 1 4.0 4.0 0.160 0.126 1.1153 1.1153 11.71 
0.254 2 2 1 4.0 4.0 0.185 0.150 1.1153 1.1153 11.71 
0.255 2 2 1 4.0 4.0 0.199 0.191 1.1153 1.1153 11.71 
0.256 2 2 1 4.0 4.0 0.286 0.210 1.1474 1.1474 11.71 
0.257 2 2 1 4.0 4.0 0.169 0.177 1.1474 1.1474 11.71 
0.258 2 2 1 4.0 4.0 0.332 0.146 1.1153 1.1153 11.71 
0.259 2 2 1 4.0 4.0 0.320 0.229 1.1474 1.1474 11.71 
0.260 2 2 1 4.0 4.0 0.242 0.193 1.1153 1.1812 11.71 
0.261 2 2 1 4.0 4.0 0.276 0.237 1.1474 1.1474 11.72 
0.262 2 2 1 4.0 4.0 0.137 0.188 1.1812 1.1474 11.72 
0.263 2 2 1 4.0 4.0 0.134 0.218 1.1474 1.1474 11.72 
0.264 2 2 1 4.0 4.0 0.147 0.232 1.1474 1.1474 11.71 
0.265 2 2 1 4.0 4.0 0.094 0.181 1.1474 1.1474 11.72 
0.266 2 2 1 4.0 4.0 0.081 0.223 1.1474 1.1474 11.72 
0.267 2 2 1 4.0 4.0 0.127 0.245 1.1474 1.1474 11.72 
0.268 2 2 1 4.0 4.0 0.104 0.102 1.1474 1.1474 11.72 
0.269 2 2 1 4.0 4.0 0.132 0.158 1.1474 1.1153 11.71 
0.270 2 2 1 4.0 4.0 0.174 0.199 1.1474 1.1812 11.71 
0.271 2 2 1 4.0 4.0 0.194 0.125 1.1153 1.1474 11.71 
0.272 2 2 1 4.0 4.0 0.218 0.157 1.1812 1.1474 11.71 
0.273 2 2 1 4.0 4.0 0.257 0.286 1.1812 1.1474 11.71 
0.274 2 2 1 4.0 4.0 0.250 0.212 1.1812 1.1474 11.71 
0.275 2 2 1 4.0 4.0 0.228 0.162 1.1474 1.1812 11.71 
0.276 2 2 1 4.0 4.0 0.259 0.054 1.1812 1.1474 11.71 
0.277 2 2 1 4.0 4.0 0.117 0.110 1.1812 1.1474 11.72 
0.278 2 2 1 4.0 4.0 0.157 0.222 1.1812 1.1812 11.72 
0.279 2 2 1 4.0 4.0 0.197 0.229 1.1812 1.1474 11.72 
0.280 2 2 1 4.0 4.0 0.127 0.249 1.1474 1.1812 11.71 
0.281 2 2 1 4.0 4.0 0.305 0.206 1.1812 1.1812 11.71 
0.282 2 2 1 4.0 4.0 0.250 0.167 1.1812 1.1474 11.71 
0.283 2 2 1 4.0 4.0 0.245 0.300 1.1812 1.1812 11.71 
0.284 2 2 1 4.0 4.0 0.273 0.243 1.1812 1.1812 11.72 
0.285 2 2 1 4.0 4.0 0.154 0.172 1.1812 1.1812 11.72 
0.286 2 2 1 4.0 4.0 0.195 0.305 1.1812 1.1474 11.72 
0.287 2 2 1 4.0 4.0 0.155 0.171 1.1812 1.1812 11.72 
0.288 2 2 1 4.0 4.0 0.165 0.109 1.1812 1.1474 11.72 
0.289 2 2 1 4.0 4.0 0.136 0.226 1.1812 1.1474 11.71 
0.290 2 2 1 4.0 4.0 0.125 0.235 1.2169 1.1474 11.71 
0.291 2 2 1 4.0 4.0 0.053 0.134 1.2169 1.1474 11.72 
0.292 2 2 1 4.0 4.0 0.147 0.084 1.1812 1.1474 11.71 
0.293 2 2 1 4.0 4.0 0.135 0.279 1.2169 1.1474 11.71 
0.294 2 2 1 4.0 4.0 0.195 0.150 1.1812 1.1812 11.71 
0.295 2 2 1 4.0 4.0 0.227 0.188 1.2169 1.1812 11.71 
0.296 2 2 1 4.0 4.0 0.156 0.218 1.2169 1.1812 11.71 
0.297 2 2 1 4.0 4.0 0.176 0.197 1.1812 1.1812 11.71 
0.298 2 2 1 4.0 4.0 0.136 0.108 1.2169 1.1812 11.72 
0.299 2 2 1 4.0 4.0 0.121 0.114 1.2169 1.1812 11.72 
0.300 2 2 1 4.0 4.0 0.115 0.155 1.1812 1.1812 11.72 
0.301 2 2 1 4.0 4.0 0.116 0.272 1.1812 1.1812 11.71 
0.302 2 2 2 -4.0 -4.0 0.069 0.149 1.1812 1.1812 11.71 
0.303 2 2 2 -4.0 -4.0 -0.504 -0.117 1.1812 1.1474 11.68 
0.304 2 2 2 -4.0 -4.0 -1.067 -0.775 1.1474 1.1812 11.63 
0.305 2 2 2 -4.0 -4.0 -1.494 -1.385 1.1153 1.1474 11.60 
0.306 2 2 2 -4.0 -4.0 -1.744 -1.749 1.0852 1.0852 11.57 
0.307 2 2 2 -4.0 -4.0 -1.650 -1.699 1.0567 1.0298 11.58 
0.308 2 2 2 -4.0 -4.0 -1.717 -1.615 0.9796 0.9796 11.57 
0.309 2 2 2 -4.0 -4.0 -1.701 -1.659 0.9338 0.9125 11.56 
0.310 2 2 2 -4.0 -4.0 -1.853 -1.816 0.8032 0.8193 11.55 
0.311 2 2 2 -4.0 -4.0 -1.621 -1.607 0.7723 0.7575 11.57 
0.312 2 2 2 -4.0 -4.0 -1.572 -1.676 0.7169 0.7434 11.57 
0.313 2 2 2 -4.0 -4.0 -1.625 -1.630 0.6924 0.6691 11.56 
0.314 2 2 2 -4.0 -4.0 -1.681 -1.664 0.6177 0.6474 11.57 
0.315 2 2 2 -4.0 -4.0 -1.714 -1.643 0.5735 0.5575 11.56 
0.316 2 2 2 -4.0 -4.0 -1.423 -1.467 0.5426 0.5020 11.58 
0.317 2 2 2 -4.0 -4.0 -1.424 -1.440 0.5020 0.4667 11.58 
0.318 2 2 2 -4.0 -4.0 -1.373 -1.439 0.4562 0.3522 11.59 
0.319 2 2 2 -4.0 -4.0 -1.382 -1.419 0.3317 0.3402 11.58 
0.320 2 2 2 -4.0 -4.0 -1.405 -1.468 0.2711 0.3064 11.58 
0.321 2 2 2 -4.0 -4.0 -1.272 -1.436 0.2711 0.2145 11.58 
0.322 2 2 2 -4.0 -4.0 -1.299 -1.311 0.1920 0.2125 11.58 
0.323 2 2 2 -4.0 -4.0 -1.308 -1.279 0.1502 0.2028 11.59 
0.324 2 2 2 -4.0 -4.0 -1.294 -1.269 0.1502 0.1345 11.59 
0.325 2 2 2 -4.0 -4.0 -1.186 -1.253 0.1502 0.1052 11.59 
0.326 2 2 2 -4.0 -4.0 -1.208 -1.247 0.1173 0.1052 11.60 
0.327 2 2 2 -4.0 -4.0 -1.127 -1.096 0.0908 -0.2193 11.60 
0.328 2 2 2 -4.0 -4.0 -1.147 -1.045 -0.0779 -0.2193 11.60 
0.329 2 2 2 -4.0 -4.0 -1.056 -1.040 -0.0779 -0.1715 11.60 
0.330 2 2 2 -4.0 -4.0 -0.962 -1.116 -0.0779 -0.1201 11.61 
0.331 2 2 2 -4.0 -4.0 -1.002 -0.994 -0.1297 -0.1072 11.61 
0.332 2 2 2 -4.0 -4.0 -0.970 -0.942 -0.1297 -0.1072 11.61 
0.333 2 2 2 -4.0 -4.0 -0.921 -0.966 -0.2462 -0.1940 11.61 
0.334 2 2 2 -4.0 -4.0 -0.806 -0.965 -0.2787 -0.1940 11.62 
0.335 2 2 2 -4.0 -4.0 -0.804 -0.852 -0.2787 -0.2522 11.61 
0.336 2 2 2 -4.0 -4.0 -0.870 -0.767 -0.3185 -0.2807 11.61 
0.337 2 2 2 -4.0 -4.0 -0.895 -0.815 -0.3490 -0.3265 11.61 
0.338 2 2 2 -4.0 -4.0 -0.758 -0.748 -0.3860 -0.3462 11.59 
0.339 2 2 2 -4.0 -4.0 -0.731 -0.785 -0.3976 -0.3715 11.61 
0.340 2 2 2 -4.0 -4.0 -0.685 -0.838 -0.4137 -0.3936 11.63 
0.341 2 2 2 -4.0 -4.0 -0.676 -0.756 -0.4137 -0.4056 11.63 
0.342 2 2 2 -4.0 -4.0 -0.678 -0.722 -0.4510 -0.4097 11.63 
0.343 2 2 2 -4.0 -4.0 -0.684 -0.686 -0.4836 -0.4269 11.63 
0.344 2 2 2 -4.0 -4.0 -0.786 -0.629 -0.5081 -0.4510 11.63 
0.345 2 2 2 -4.0 -4.0 -0.626 -0.679 -0.5213 -0.4667 11.64 
0.346 2 2 2 -4.0 -4.0 -0.538 -0.673 -0.5426 -0.4667 11.63 
0.347 2 2 2 -4.0 -4.0 -0.491 -0.622 -0.5426 -0.5081 11.64 
0.348 2 2 2 -4.0 -4.0 -0.533 -0.533 -0.5655 -0.5281 11.65 
0.349 2 2 2 -4.0 -4.0 -0.539 -0.519 -0.5904 -0.5354 11.65 
0.350 2 2 2 -4.0 -4.0 -0.526 -0.525 -0.6177 -0.5575 11.65 
0.351 2 2 2 -4.0 -4.0 -0.505 -0.489 -0.6085 -0.5820 11.66 
0.352 2 2 2 -4.0 -4.0 -0.416 -0.572 -0.6374 -0.5992 11.66 
0.353 2 2 2 -4.0 -4.0 -0.436 -0.536 -0.6374 -0.5992 11.65 
0.354 2 2 2 -4.0 -4.0 -0.443 -0.478 -0.6691 -0.6177 11.66 
0.355 2 2 2 -4.0 -4.0 -0.454 -0.452 -0.6924 -0.6273 11.66 
0.356 2 2 2 -4.0 -4.0 -0.435 -0.487 -0.7044 -0.6273 11.66 
0.357 2 2 2 -4.0 -4.0 -0.399 -0.512 -0.7302 -0.6691 11.66 
0.358 2 2 2 -4.0 -4.0 -0.401 -0.468 -0.7044 -0.6374 11.66 
0.359 2 2 2 -4.0 -4.0 -0.447 -0.446 -0.7302 -0.6691 11.66 
0.360 2 2 2 -4.0 -4.0 -0.344 -0.411 -0.7302 -0.6924 11.67 
0.361 2 2 2 -4.0 -4.0 -0.366 -0.370 -0.7302 -0.7044 11.66 
0.362 2 2 2 -4.0 -4.0 -0.376 -0.441 -0.7872 -0.7044 11.67 
0.363 2 2 2 -4.0 -4.0 -0.355 -0.413 -0.7575 -0.7302 11.66 
0.364 2 2 2 -4.0 -4.0 -0.315 -0.372 -0.7872 -0.7434 11.66 
0.365 2 2 2 -4.0 -4.0 -0.313 -0.310 -0.7575 -0.7434 11.67 
0.366 2 2 2 -4.0 -4.0 -0.302 -0.366 -0.8032 -0.7575 11.67 
0.367 2 2 2 -4.0 -4.0 -0.350 -0.368 -0.8366 -0.7575 11.67 
0.368 2 2 2 -4.0 -4.0 -0.321 -0.415 -0.8543 -0.7575 11.67 
0.369 2 2 2 -4.0 -4.0 -0.265 -0.346 -0.8366 -0.7723 11.68 
0.370 2 2 2 -4.0 -4.0 -0.300 -0.375 -0.8366 -0.7872 11.68 
0.371 2 2 2 -4.0 -4.0 -0.345 -0.415 -0.8727 -0.8032 11.67 
0.372 2 2 2 -4.0 -4.0 -0.320 -0.350 -0.8727 -0.8032 11.68 
0.373 2 2 2 -4.0 -4.0 -0.300 -0.329 -0.9125 -0.8193 11.67 
0.374 2 2 2 -4.0 -4.0 -0.230 -0.325 -0.9125 -0.8032 11.68 
0.375 2 2 2 -4.0 -4.0 -0.292 -0.341 -0.9338 -0.8366 11.69 
0.376 2 2 2 -4.0 -4.0 -0.292 -0.347 -0.9125 -0.8193 11.68 
0.377 2 2 2 -4.0 -4.0 -0.298 -0.299 -0.8543 -0.8366 11.69 
0.378 2 2 2 -4.0 -4.0 -0.341 -0.322 -0.9125 -0.8366 11.69 
0.379 2 2 2 -4.0 -4.0 -0.317 -0.304 -0.9125 -0.8543 11.67 
0.380 2 2 2 -4.0 -4.0 -0.266 -0.308 -0.9338 -0.8543 11.69 
0.381 2 2 2 -4.0 -4.0 -0.174 -0.395 -0.9338 -0.8543 11.67 
0.382 2 2 2 -4.0 -4.0 -0.217 -0.387 -0.9796 -0.8924 11.67 
0.383 2 2 2 -4.0 -4.0 -0.290 -0.293 -0.9559 -0.8543 11.69 
0.384 2 2 2 -4.0 -4.0 -0.230 -0.282 -0.9559 -0.8727 11.68 
0.385 2 2 2 -4.0 -4.0 -0.242 -0.268 -0.9559 -0.8924 11.67 
0.386 2 2 2 -4.0 -4.0 -0.223 -0.409 -0.9796 -0.9125 11.68 
0.387 2 2 2 -4.0 -4.0 -0.169 -0.333 -0.9796 -0.9125 11.68 
0.388 2 2 2 -4.0 -4.0 -0.244 -0.346 -1.0041 -0.9125 11.68 
0.389 2 2 2 -4.0 -4.0 -0.214 -0.336 -1.0298 -0.9338 11.68 
0.390 2 2 2 -4.0 -4.0 -0.191 -0.297 -1.0041 -0.9338 11.68 
0.391 2 2 2 -4.0 -4.0 -0.167 -0.288 -1.0041 -0.9338 11.69 
0.392 2 2 2 -4.0 -4.0 -0.234 -0.227 -1.0567 -0.9338 11.68 
0.393 2 2 2 -4.0 -4.0 -0.226 -0.238 -1.0567 -0.9559 11.68 
0.394 2 2 2 -4.0 -4.0 -0.226 -0.264 -1.0298 -0.9559 11.67 
0.395 2 2 2 -4.0 -4.0 -0.173 -0.276 -1.0567 -0.9559 11.69 
0.396 2 2 2 -4.0 -4.0 -0.218 -0.233 -1.0567 -0.9559 11.69 
0.397 2 2 2 -4.0 -4.0 -0.193 -0.265 -1.0567 -0.9559 11.69 
0.398 2 2 2 -4.0 -4.0 -0.195 -0.267 -1.0567 -0.9559 11.69 
0.399 2 2 2 -4.0 -4.0 -0.140 -0.207 -1.0852 -0.9796 11.68 
0.400 2 2 2 -4.0 -4.0 -0.104 -0.292 -1.0852 -0.9796 11.69 
0.401 2 2 2 -4.0 -4.0 -0.164 -0.312 -1.0852 -0.9796 11.69 
0.402 2 2 2 -4.0 -4.0 -0.193 -0.197 -1.0567 -0.9796 11.70 
0.403 2 2 2 -4.0 -4.0 -0.229 -0.345 -1.0852 -1.0041 11.70 
0.404 2 2 2 -4.0 -4.0 -0.249 -0.281 -1.0567 -0.9796 11.70 
0.405 2 2 2 -4.0 -4.0 -0.217 -0.217 -1.0852 -0.9796 11.69 
0.406 2 2 2 -4.0 -4.0 -0.147 -0.159 -1.0852 -0.9796 11.68 
0.407 2 2 2 -4.0 -4.0 -0.150 -0.299 -1.0852 -1.0041 11.69 
0.408 2 2 2 -4.0 -4.0 -0.170 -0.279 -1.1153 -1.0041 11.69 
0.409 2 2 2 -4.0 -4.0 -0.195 -0.192 -1.0852 -1.0041 11.71 
0.410 2 2 2 -4.0 -4.0 -0.205 -0.166 -1.0852 -1.0041 11.72 
0.411 2 2 2 -4.0 -4.0 -0.208 -0.267 -1.0852 -1.0041 11.70 
0.412 2 2 2 -4.0 -4.0 -0.191 -0.291 -1.1153 -1.0041 11.71 
0.413 2 2 2 -4.0 -4.0 -0.157 -0.272 -1.1153 -1.0041 11.71 
0.414 2 2 2 -4.0 -4.0 -0.146 -0.391 -1.1153 -1.0298 11.70 
0.415 2 2 2 -4.0 -4.0 -0.141 -0.285 -1.1153 -1.0298 11.71 
0.416 2 2 2 -4.0 -4.0 -0.154 -0.205 -1.0852 -1.0298 11.70 
0.417 2 2 2 -4.0 -4.0 -0.146 -0.159 -1.1153 -1.0298 11.68 
0.418 2 2 2 -4.0 -4.0 -0.132 -0.295 -1.1474 -1.0298 11.70 
0.419 2 2 2 -4.0 -4.0 -0.191 -0.229 -1.1153 -1.0298 11.70 
0.420 2 2 2 -4.0 -4.0 -0.199 -0.208 -1.1153 -1.0567 11.69 
0.421 2 2 2 -4.0 -4.0 -0.192 -0.132 -1.1474 -1.0567 11.70 
0.422 2 2 2 -4.0 -4.0 -0.264 -0.209 -1.1153 -1.0567 11.69 
0.423 2 2 2 -4.0 -4.0 -0.174 -0.237 -1.1474 -1.0567 11.69 
0.424 2 2 2 -4.0 -4.0 -0.122 -0.166 -1.1474 -1.0567 11.70 
0.425 2 2 2 -4.0 -4.0 -0.170 -0.261 -1.1812 -1.0567 11.71 
0.426 2 2 2 -4.0 -4.0 -0.148 -0.261 -1.1812 -1.0852 11.70 
0.427 2 2 2 -4.0 -4.0 -0.095 -0.141 -1.1474 -1.0852 11.69 
0.428 2 2 2 -4.0 -4.0 -0.146 -0.118 -1.1812 -1.0567 11.70 
0.429 2 2 2 -4.0 -4.0 -0.192 -0.311 -1.1812 -1.0567 11.70 
0.430 2 2 2 -4.0 -4.0 -0.146 -0.197 -1.1474 -1.0567 11.71 
0.431 2 2 2 -4.0 -4.0 -0.170 -0.175 -1.1812 -1.0567 11.71 
0.432 2 2 2 -4.0 -4.0 -0.166 -0.122 -1.1812 -1.0852 11.70 
0.433 2 2 2 -4.0 -4.0 -0.096 -0.183 -1.1812 -1.0852 11.70 
0.434 2 2 2 -4.0 -4.0 -0.102 -0.195 -1.1812 -1.0852 11.70 
0.435 2 2 2 -4.0 -4.0 -0.125 -0.227 -1.1812 -1.0567 11.70 
0.436 2 2 2 -4.0 -4.0 -0.117 -0.324 -1.1812 -1.0567 11.70 
0.437 2 2 2 -4.0 -4.0 -0.160 -0.227 -1.1812 -1.0567 11.69 
0.438 2 2 2 -4.0 -4.0 -0.152 -0.197 -1.1812 -1.0567 11.69 
0.439 2 2 2 -4.0 -4.0 -0.148 -0.182 -1.1812 -1.0567 11.72 
0.440 2 2 2 -4.0 -4.0 -0.094 -0.275 -1.2169 -1.0567 11.71 
0.441 2 2 2 -4.0 -4.0 -0.064 -0.222 -1.1812 -1.0852 11.70 
0.442 2 2 2 -4.0 -4.0 -0.135 -0.176 -1.2169 -1.0567 11.70 
0.443 2 2 2 -4.0 -4.0 -0.214 -0.082 -1.2169 -1.0567 11.69 
0.444 2 2 2 -4.0 -4.0 -0.169 -0.166 -1.1812 -1.0852 11.70 
0.445 2 2 2 -4.0 -4.0 -0.267 -0.189 -1.2169 -1.0852 11.70 
0.446 2 2 2 -4.0 -4.0 -0.275 -0.142 -1.2169 -1.0852 11.71 
0.447 2 2 2 -4.0 -4.0 -0.225 -0.284 -1.1812 -1.0852 11.69 
0.448 2 2 2 -4.0 -4.0 -0.318 -0.283 -1.1812 -1.0852 11.70 
0.449 2 2 2 -4.0 -4.0 -0.226 -0.165 -1.1812 -1.0852 11.70 
0.450 2 2 2 -4.0 -4.0 -0.261 -0.140 -1.1812 -1.0852 11.71 
0.451 2 2 2 -4.0 -4.0 -0.152 -0.212 -1.1812 -1.1153 11.70 
0.452 2 2 2 -4.0 -4.0 -0.251 -0.191 -1.2169 -1.1153 11.71 
0.453 2 2 3 0.0 0.0 -0.137 -0.162 -1.2169 -1.0852 11.70 
0.454 2 2 3 0.0 0.0 0.151 0.005 -1.1812 -1.0852 11.71 
0.455 2 2 3 0.0 0.0 0.521 0.341 -1.1812 -1.0852 11.72 
0.456 2 2 3 0.0 0.0 0.776 0.628 -1.1474 -1.0852 11.72 
0.457 2 2 3 0.0 0.0 0.727 0.665 -1.1474 -1.0852 11.71 
0.458 2 2 3 0.0 0.0 0.816 0.727 -1.1153 -1.0298 11.71 
0.459 2 2 3 0.0 0.0 0.847 0.773 -1.1153 -1.0567 11.72 
0.460 2 2 3 0.0 0.0 0.742 0.712 -1.0852 -0.9796 11.73 
0.461 2 2 3 0.0 0.0 0.730 0.654 -1.0567 -0.9796 11.73 
0.462 2 2 3 0.0 0.0 0.816 0.762 -1.0298 -0.9338 11.73 
0.463 2 2 3 0.0 0.0 0.610 0.765 -0.9796 -0.8924 11.73 
0.464 2 2 3 0.0 0.0 0.664 0.675 -0.9559 -0.8924 11.73 
0.465 2 2 3 0.0 0.0 0.717 0.672 -0.9338 -0.8543 11.73 
0.466 2 2 3 0.0 0.0 0.683 0.711 -0.9125 -0.8032 11.73 
0.467 2 2 3 0.0 0.0 0.635 0.674 -0.8727 -0.7872 11.69 
0.468 2 2 3 0.0 0.0 0.659 0.587 -0.8543 -0.7575 11.72 
0.469 2 2 3 0.0 0.0 0.687 0.618 -0.8032 -0.7302 11.72 
0.470 2 2 3 0.0 0.0 0.676 0.648 -0.7575 -0.6924 11.72 
0.471 2 2 3 0.0 0.0 0.576 0.604 -0.7434 -0.6804 11.72 
0.472 2 2 3 0.0 0.0 0.562 0.647 -0.7169 -0.6691 11.73 
0.473 2 2 3 0.0 0.0 0.581 0.515 -0.6804 -0.6691 11.73 
0.474 2 2 3 0.0 0.0 0.575 0.494 -0.6924 -0.6374 11.72 
0.475 2 2 3 0.0 0.0 0.502 0.539 -0.6691 -0.6177 11.73 
0.476 2 2 3 0.0 0.0 0.418 0.513 -0.6273 -0.6085 11.72 
0.477 2 2 3 0.0 0.0 0.481 0.477 -0.5904 -0.5655 11.72 
0.478 2 2 3 0.0 0.0 0.493 0.408 -0.5992 -0.5575 11.72 
0.479 2 2 3 0.0 0.0 0.542 0.417 -0.5820 -0.5575 11.72 
0.480 2 2 3 0.0 0.0 0.477 0.432 -0.5213 -0.5213 11.72 
0.481 2 2 3 0.0 0.0 0.394 0.454 -0.5354 -0.5081 11.72 
0.482 2 2 3 0.0 0.0 0.347 0.428 -0.5149 -0.5020 11.71 
0.483 2 2 3 0.0 0.0 0.444 0.452 -0.4667 -0.4836 11.71 
0.484 2 2 3 0.0 0.0 0.402 0.391 -0.4723 -0.4723 11.70 
0.485 2 2 3 0.0 0.0 0.421 0.322 -0.4510 -0.4562 11.71 
0.486 2 2 3 0.0 0.0 0.342 0.365 -0.4462 -0.4462 11.71 
0.487 2 2 3 0.0 0.0 0.353 0.405 -0.4410 -0.4317 11.72 
0.488 2 2 3 0.0 0.0 0.310 0.372 -0.4410 -0.4016 11.72 
0.489 2 2 3 0.0 0.0 0.322 0.350 -0.4317 -0.3582 11.72 
0.490 2 2 3 0.0 0.0 0.300 0.329 -0.4225 -0.3787 11.72 
0.491 2 2 3 0.0 0.0 0.281 0.307 -0.3651 -0.3936 11.71 
0.492 2 2 3 0.0 0.0 0.339 0.271 -0.3823 -0.3550 11.72 
0.493 2 2 3 0.0 0.0 0.338 0.221 -0.3402 -0.3113 11.71 
0.494 2 2 3 0.0 0.0 0.320 0.250 -0.3615 -0.3374 11.72 
0.495 2 2 3 0.0 0.0 0.280 0.260 -0.3490 -0.3374 11.71 
0.496 2 2 3 0.0 0.0 0.249 0.292 -0.3346 -0.3237 11.71 
0.497 2 2 3 0.0 0.0 0.211 0.233 -0.3346 -0.3064 11.72 
0.498 2 2 3 0.0 0.0 0.213 0.262 -0.2848 -0.2868 11.72 
0.499 2 2 3 0.0 0.0 0.204 0.251 -0.3016 -0.2868 11.71 
0.500 2 2 3 0.0 0.0 0.169 0.229 -0.3016 -0.2787 11.71 
0.501 2 2 3 0.0 0.0 0.211 0.229 -0.2675 -0.2590 11.72 
0.502 2 2 3 0.0 0.0 0.208 0.201 -0.2659 -0.2590 11.71 
0.503 2 2 3 0.0 0.0 0.214 0.210 -0.2639 -0.2494 11.72 
0.504 2 2 3 0.0 0.0 0.193 0.168 -0.2217 -0.2494 11.71 
0.505 2 2 3 0.0 0.0 0.193 0.167 -0.2217 -0.2462 11.71 
0.506 2 2 3 0.0 0.0 0.174 0.159 -0.2217 -0.2305 11.72 
0.507 2 2 3 0.0 0.0 0.150 0.150 -0.2217 -0.2305 11.72 
0.508 2 2 3 0.0 0.0 0.151 0.185 -0.1956 -0.2193 11.72 
0.509 2 2 3 0.0 0.0 0.088 0.181 -0.1956 -0.2193 11.71 
0.510 2 2 3 0.0 0.0 0.109 0.169 -0.1920 -0.1968 11.71 
0.511 2 2 3 0.0 0.0 0.132 0.153 -0.1920 -0.1968 11.72 
0.512 2 2 3 0.0 0.0 0.136 0.142 -0.1799 -0.1767 11.71 
0.513 2 2 3 0.0 0.0 0.152 0.119 -0.1639 -0.1691 11.72 
0.514 2 2 3 0.0 0.0 0.098 0.088 -0.1639 -0.1691 11.72 
0.515 2 2 3 0.0 0.0 0.090 0.104 -0.1619 -0.1687 11.71 
0.516 2 2 3 0.0 0.0 0.082 0.087 -0.1619 -0.1687 11.72 
0.517 2 2 3 0.0 0.0 0.096 0.090 -0.1619 -0.1619 11.71 
0.518 2 2 3 0.0 0.0 0.091 0.130 -0.1345 -0.1619 11.72 
0.519 2 2 3 0.0 0.0 0.076 0.137 -0.1345 -0.1619 11.71 
0.520 2 2 3 0.0 0.0 0.116 0.115 -0.1345 -0.1450 11.71 
0.521 2 2 3 0.0 0.0 0.058 0.085 -0.1209 -0.1450 11.71 
0.522 2 2 3 0.0 0.0 0.090 0.116 -0.1189 -0.1450 11.71 
0.523 2 2 3 0.0 0.0 0.128 0.083 -0.1189 -0.1281 11.71 
0.524 2 2 3 0.0 0.0 0.077 0.095 -0.1189 -0.1281 11.71 
0.525 2 2 3 0.0 0.0 0.067 0.082 -0.1016 -0.1281 11.71 
0.526 2 2 3 0.0 0.0 0.059 0.104 -0.0851 -0.1277 11.71 
0.527 2 2 3 0.0 0.0 0.122 0.111 -0.0851 -0.1161 11.72 
0.528 2 2 3 0.0 0.0 0.075 0.084 -0.0851 -0.1161 11.71 
0.529 2 2 3 0.0 0.0 0.103 0.129 -0.0851 -0.1161 11.72 
0.530 2 2 3 0.0 0.0 0.056 0.097 -0.0851 -0.1088 11.71 
0.531 2 2 3 0.0 0.0 0.086 0.098 -0.0767 -0.0936 11.72 
0.532 2 2 3 0.0 0.0 0.074 0.108 -0.0767 -0.0936 11.72 
0.533 2 2 3 0.0 0.0 0.092 0.082 -0.0767 -0.0936 11.72 
0.534 2 2 3 0.0 0.0 0.030 0.066 -0.0767 -0.0936 11.72 
0.535 2 2 3 0.0 0.0 0.059 0.089 -0.0767 -0.0912 11.70 
0.536 2 2 3 0.0 0.0 0.041 0.055 -0.0767 -0.0743 11.70 
0.537 2 2 3 0.0 0.0 0.018 0.044 -0.0663 -0.0719 11.70 
0.538 2 2 3 0.0 0.0 0.094 0.029 -0.0623 -0.0719 11.71 
0.539 2 2 3 0.0 0.0 0.052 0.047 -0.0623 -0.0719 11.71 
0.540 2 2 3 0.0 0.0 0.061 0.009 -0.0623 -0.0719 11.71 
0.541 2 2 3 0.0 0.0 0.063 0.041 -0.0623 -0.0719 11.72 
0.542 2 2 3 0.0 0.0 0.078 -0.000 -0.0623 -0.0691 11.72 
0.543 2 2 3 0.0 0.0 0.030 0.029 -0.0623 -0.0586 11.71 
0.544 2 2 3 0.0 0.0 0.038 0.002 -0.0606 -0.0514 11.72 
0.545 2 2 3 0.0 0.0 0.019 0.033 -0.0526 -0.0506 11.71 
0.546 2 2 3 0.0 0.0 0.062 0.033 -0.0518 -0.0506 11.71 
0.547 2 2 3 0.0 0.0 0.014 0.024 -0.0518 -0.0506 11.71 
0.548 2 2 3 0.0 0.0 0.059 0.033 -0.0518 -0.0506 11.72 
0.549 2 2 3 0.0 0.0 0.002 -0.003 -0.0518 -0.0506 11.72 
0.550 2 2 3 0.0 0.0 0.044 0.041 -0.0518 -0.0506 11.72 
0.551 2 2 3 0.0 0.0 0.013 0.022 -0.0518 -0.0506 11.72 
0.552 2 2 3 0.0 0.0 0.031 0.065 -0.0518 -0.0506 11.72 
0.553 2 2 3 0.0 0.0 0.004 0.028 -0.0510 -0.0446 11.72 
0.554 2 2 3 0.0 0.0 0.030 0.026 -0.0450 -0.0402 11.72 
0.555 2 2 3 0.0 0.0 0.062 0.003 -0.0406 -0.0386 11.71 
0.556 2 2 3 0.0 0.0 -0.024 0.007 -0.0365 -0.0386 11.71 
0.557 2 2 3 0.0 0.0 -0.009 0.036 -0.0337 -0.0386 11.71 
0.558 2 2 3 0.0 0.0 0.004 0.034 -0.0309 -0.0386 11.72 
0.559 2 2 3 0.0 0.0 0.011 0.028 -0.0289 -0.0386 11.72 
0.560 2 2 3 0.0 0.0 0.006 0.037 -0.0269 -0.0386 11.72 
0.561 2 2 3 0.0 0.0 0.040 0.036 -0.0253 -0.0386 11.71 
0.562 2 2 3 0.0 0.0 0.030 -0.004 -0.0237 -0.0386 11.71 
0.563 2 2 3 0.0 0.0 0.039 0.037 -0.0221 -0.0386 11.72 
0.564 2 2 3 0.0 0.0 0.012 -0.015 -0.0209 -0.0386 11.72 
0.565 2 2 3 0.0 0.0 -0.004 0.049 -0.0201 -0.0378 11.71 
0.566 2 2 3 0.0 0.0 -0.002 0.008 -0.0189 -0.0345 11.71 
0.567 2 2 3 0.0 0.0 -0.001 0.001 -0.0181 -0.0317 11.72 
0.568 2 2 3 0.0 0.0 -0.001 0.020 -0.0173 -0.0293 11.72 
0.569 2 2 3 0.0 0.0 -0.011 -0.024 -0.0165 -0.0273 11.72 
0.570 2 2 3 0.0 0.0 0.007 -0.018 -0.0161 -0.0257 11.72 
0.571 2 2 3 0.0 0.0 -0.021 0.004 -0.0153 -0.0241 11.72 
0.572 2 2 3 0.0 0.0 -0.017 0.021 -0.0149 -0.0225 11.72 
0.573 2 2 3 0.0 0.0 0.004 0.005 -0.0141 -0.0213 11.72 
0.574 2 2 3 0.0 0.0 0.013 -0.009 -0.0137 -0.0205 11.73 
0.575 2 2 3 0.0 0.0 0.044 -0.013 -0.0133 -0.0193 11.72 
0.576 2 2 3 0.0 0.0 -0.007 0.008 -0.0129 -0.0185 11.72 
0.577 2 2 3 0.0 0.0 -0.001 0.018 -0.0125 -0.0177 11.72 
0.578 2 2 3 0.0 0.0 0.003 0.020 -0.0120 -0.0169 11.71 
0.579 2 2 3 0.0 0.0 0.006 0.013 -0.0116 -0.0161 11.72 
0.580 2 2 3 0.0 0.0 0.002 0.047 -0.0112 -0.0157 11.72 
0.581 2 2 3 0.0 0.0 -0.028 -0.002 -0.0108 -0.0149 11.72 
0.582 2 2 3 0.0 0.0 -0.004 0.058 -0.0108 -0.0145 11.72 
0.583 2 2 3 0.0 0.0 -0.025 0.021 -0.0104 -0.0141 11.72 
0.584 2 2 3 0.0 0.0 0.002 -0.017 -0.0100 -0.0133 11.73 
0.585 2 2 3 0.0 0.0 -0.009 0.023 -0.0100 -0.0129 11.72 
0.586 2 2 3 0.0 0.0 -0.009 -0.027 -0.0096 -0.0125 11.73 
0.587 2 2 3 0.0 0.0 0.021 0.005 -0.0092 -0.0120 11.73 
0.588 2 2 3 0.0 0.0 0.049 0.005 -0.0092 -0.0116 11.72 
0.589 2 2 3 0.0 0.0 -0.005 -0.006 -0.0088 -0.0112 11.72 
0.590 2 2 3 0.0 0.0 0.019 0.004 -0.0088 -0.0112 11.72 
0.591 2 2 3 0.0 0.0 -0.029 -0.014 -0.0084 -0.0108 11.72 
0.592 2 2 3 0.0 0.0 -0.009 0.024 -0.0084 -0.0104 11.73 
0.593 2 2 3 0.0 0.0 -0.027 0.030 -0.0080 -0.0100 11.72 
0.594 2 2 3 0.0 0.0 -0.006 0.003 -0.0080 -0.0100 11.73 
0.595 2 2 3 0.0 0.0 0.004 0.015 -0.0080 -0.0096 11.72 
0.596 2 2 3 0.0 0.0 -0.045 0.013 -0.0076 -0.0096 11.72 
0.597 2 2 3 0.0 0.0 -0.012 0.015 -0.0076 -0.0092 11.72 
0.598 2 2 3 0.0 0.0 -0.020 0.007 -0.0072 -0.0088 11.72 
0.599 2 2 3 0.0 0.0 -0.025 0.038 -0.0072 -0.0088 11.72 
0.600 2 2 3 0.0 0.0 -0.001 0.052 -0.0072 -0.0084 11.72 
0.601 2 2 3 0.0 0.0 -0.021 -0.002 -0.0068 -0.0084 11.72 
0.602 2 2 3 0.0 0.0 0.001 0.036 -0.0068 -0.0084 11.72 
0.603 2 2 3 0.0 0.0 -0.005 0.002 -0.0068 -0.0080 11.72 
0.604 2 2 3 0.0 0.0 -0.013 -0.025 -0.0064 -0.0080 11.72 
0.605 2 2 3 0.0 0.0 -0.043 -0.004 -0.0064 -0.0076 11.72 
0.606 2 2 3 0.0 0.0 -0.028 0.005 -0.0064 -0.0076 11.72 
0.607 2 2 3 0.0 0.0 -0.029 0.005 -0.0064 -0.0076 11.72 
0.608 2 2 3 0.0 0.0 -0.017 -0.007 -0.0060 -0.0072 11.72 
0.609 2 2 3 0.0 0.0 0.036 0.055 -0.0060 -0.0072 11.72 
0.610 2 2 3 0.0 0.0 -0.037 0.002 -0.0060 -0.0068 11.72 
0.611 2 2 3 0.0 0.0 -0.010 -0.021 -0.0060 -0.0068 11.73 
0.612 2 2 3 0.0 0.0 -0.033 -0.028 -0.0056 -0.0068 11.72 
0.613 2 2 3 0.0 0.0 0.027 0.010 -0.0056 -0.0068 11.72 
0.614 2 2 3 0.0 0.0 -0.026 -0.022 -0.0056 -0.0064 11.72 
0.615 2 2 3 0.0 0.0 -0.022 -0.010 -0.0056 -0.0064 11.72 
0.616 2 2 3 0.0 0.0 -0.006 -0.002 -0.0056 -0.0064 11.72 
0.617 2 2 3 0.0 0.0 0.009 0.025 -0.0052 -0.0060 11.71 
0.618 2 2 3 0.0 0.0 -0.010 0.013 -0.0052 -0.0060 11.72 
0.619 2 2 3 0.0 0.0 0.016 -0.008 -0.0052 -0.0060 11.72 
0.620 2 2 3 0.0 0.0 -0.018 -0.012 -0.0052 -0.0060 11.72 
0.621 2 2 3 0.0 0.0 0.005 0.006 -0.0052 -0.0060 11.72 
0.622 2 2 3 0.0 0.0 0.008 0.044 -0.0052 -0.0056 11.72 
0.623 2 2 3 0.0 0.0 -0.025 -0.017 -0.0048 -0.0056 11.73 
0.624 2 2 3 0.0 0.0 -0.009 0.007 -0.0048 -0.0056 11.72 
0.625 2 2 3 0.0 0.0 -0.008 -0.005 -0.0048 -0.0056 11.72 
0.626 2 2 3 0.0 0.0 0.013 0.009 -0.0048 -0.0052 11.72 
0.627 2 2 3 0.0 0.0 0.006 0.031 -0.0048 -0.0052 11.72 
0.628 2 2 3 0.0 0.0 -0.021 0.015 -0.0048 -0.0052 11.71 
0.629 2 2 3 0.0 0.0 0.013 0.013 -0.0044 -0.0052 11.71 
0.630 2 2 3 0.0 0.0 0.015 -0.013 -0.0044 -0.0052 11.72 
0.631 2 2 3 0.0 0.0 -0.008 0.019 -0.0044 -0.0052 11.72 
0.632 2 2 3 0.0 0.0 -0.032 -0.016 -0.0044 -0.0048 11.72 
0.633 2 2 3 0.0 0.0 -0.058 -0.004 -0.0044 -0.0048 11.71 
0.634 2 2 3 0.0 0.0 -0.047 -0.019 -0.0044 -0.0048 11.72 
0.635 2 2 3 0.0 0.0 -0.022 0.013 -0.0044 -0.0048 11.72 
0.636 2 2 3 0.0 0.0 -0.026 0.008 -0.0044 -0.0048 11.72 
0.637 2 2 3 0.0 0.0 -0.024 -0.013 -0.0040 -0.0048 11.72 
0.638 2 2 3 0.0 0.0 0.017 -0.010 -0.0040 -0.0044 11.72 
0.639 2 2 3 0.0 0.0 -0.055 -0.012 -0.0040 -0.0044 11.72 
0.640 2 2 3 0.0 0.0 0.017 0.014 -0.0040 -0.0044 11.73 
0.641 2 2 3 0.0 0.0 -0.004 -0.006 -0.0040 -0.0044 11.73 
0.642 2 2 3 0.0 0.0 0.019 -0.000 -0.0040 -0.0044 11.73 
0.643 2 2 3 0.0 0.0 -0.027 -0.001 -0.0040 -0.0044 11.72 
0.644 2 2 3 0.0 0.0 -0.022 -0.029 -0.0040 -0.0044 11.73 
0.645 2 2 3 0.0 0.0 0.032 0.001 -0.0040 -0.0044 11.73 
0.646 2 2 3 0.0 0.0 0.015 -0.016 -0.0036 -0.0040 11.73 
0.647 2 2 3 0.0 0.0 -0.011 0.020 -0.0036 -0.0040 11.72 
0.648 2 2 3 0.0 0.0 -0.034 -0.003 -0.0036 -0.0040 11.72 
0.649 2 2 3 0.0 0.0 -0.030 0.009 -0.0036 -0.0040 11.71 
0.650 2 2 3 0.0 0.0 -0.035 -0.025 -0.0036 -0.0040 11.72 
0.651 2 2 3 0.0 0.0 -0.019 -0.014 -0.0036 -0.0040 11.72 
0.652 2 2 3 0.0 0.0 -0.017 0.032 -0.0036 -0.0040 11.72 
0.653 2 2 3 0.0 0.0 -0.019 -0.022 -0.0036 -0.0040 11.72 
0.654 2 2 3 0.0 0.0 0.020 0.038 -0.0036 -0.0040 11.72 
0.655 2 2 3 0.0 0.0 -0.011 -0.013 -0.0036 -0.0036 11.72 
0.656 2 2 3 0.0 0.0 -0.033 -0.003 -0.0036 -0.0036 11.72 
0.657 2 2 3 0.0 0.0 0.009 0.010 -0.0032 -0.0036 11.72 
0.658 2 2 3 0.0 0.0 -0.054 0.019 -0.0032 -0.0036 11.72 
0.659 2 2 3 0.0 0.0 -0.005 0.003 -0.0032 -0.0036 11.72 
0.660 2 2 3 0.0 0.0 -0.037 0.020 -0.0032 -0.0036 11.71 
0.661 2 2 3 0.0 0.0 -0.024 0.011 -0.0032 -0.0036 11.72 
0.662 2 2 3 0.0 0.0 -0.048 -0.037 -0.0032 -0.0036 11.72 
0.663 2 2 3 0.0 0.0 0.010 -0.010 -0.0032 -0.0036 11.73 
0.664 2 2 3 0.0 0.0 -0.017 -0.033 -0.0032 -0.0036 11.72 
0.665 2 2 3 0.0 0.0 0.008 0.020 -0.0032 -0.0036 11.72 
