%% logfile from robot Aya (42)
% Aya (42)
%  1    time 0.000 sec
%  2  3  4   (mission 0), state 2, thread 2, line 0
%  5  6 Motor voltage [V] left, right: 2.0 2.0
%  7  8 Motor current left, right [A]: 0.069 0.069
%  9 10 Wheel velocity [m/s] left, right: -0.0000 -0.0000
% 11    Battery voltage [V]: 12.39
0.001 2 2 0 2.0 2.0 0.135 0.086 -0.0000 -0.0000 12.38 
0.002 2 2 0 2.0 2.0 0.297 0.265 -0.0000 -0.0000 12.35 
0.003 2 2 0 2.0 2.0 0.358 0.382 -0.0000 -0.0000 12.36 
0.004 2 2 0 2.0 2.0 0.422 0.433 -0.0000 -0.0000 12.35 
0.005 2 2 0 2.0 2.0 0.415 0.465 0.0000 -0.0000 12.36 
0.006 2 2 0 2.0 2.0 0.423 0.502 0.0000 -0.0000 12.36 
0.007 2 2 0 2.0 2.0 0.423 0.507 0.0000 -0.0000 12.36 
0.008 2 2 0 2.0 2.0 0.392 0.483 0.0000 0.0000 12.34 
0.009 2 2 0 2.0 2.0 0.471 0.466 0.0000 0.0000 12.34 
0.010 2 2 0 2.0 2.0 0.486 0.449 0.0707 0.0000 12.35 
0.011 2 2 0 2.0 2.0 0.457 0.418 0.0707 0.0000 12.35 
0.012 2 2 0 2.0 2.0 0.423 0.418 0.0707 0.1197 12.34 
0.013 2 2 0 2.0 2.0 0.368 0.439 0.0707 0.1197 12.37 
0.014 2 2 0 2.0 2.0 0.360 0.410 0.1161 0.1490 12.36 
0.015 2 2 0 2.0 2.0 0.337 0.400 0.1161 0.1490 12.36 
0.016 2 2 0 2.0 2.0 0.348 0.391 0.1611 0.1490 12.37 
0.017 2 2 0 2.0 2.0 0.331 0.347 0.1611 0.1663 12.36 
0.018 2 2 0 2.0 2.0 0.293 0.341 0.1611 0.1663 12.36 
0.019 2 2 0 2.0 2.0 0.275 0.360 0.1619 0.1876 12.35 
0.020 2 2 0 2.0 2.0 0.277 0.358 0.1619 0.1876 12.35 
0.021 2 2 0 2.0 2.0 0.289 0.357 0.1968 0.2169 12.36 
0.022 2 2 0 2.0 2.0 0.280 0.346 0.1968 0.2169 12.34 
0.023 2 2 0 2.0 2.0 0.291 0.317 0.2169 0.2217 12.36 
0.024 2 2 0 2.0 2.0 0.288 0.283 0.2374 0.2446 12.36 
0.025 2 2 0 2.0 2.0 0.310 0.286 0.2374 0.2446 12.35 
0.026 2 2 0 2.0 2.0 0.325 0.282 0.2205 0.2478 12.35 
0.027 2 2 0 2.0 2.0 0.271 0.289 0.2205 0.2675 12.34 
0.028 2 2 0 2.0 2.0 0.255 0.276 0.2510 0.2675 12.34 
0.029 2 2 0 2.0 2.0 0.234 0.257 0.2390 0.2659 12.36 
0.030 2 2 0 2.0 2.0 0.180 0.281 0.2390 0.2848 12.37 
0.031 2 2 0 2.0 2.0 0.221 0.268 0.2747 0.2848 12.37 
0.032 2 2 0 2.0 2.0 0.228 0.256 0.2522 0.2787 12.35 
0.033 2 2 0 2.0 2.0 0.220 0.259 0.2522 0.2996 12.35 
0.034 2 2 0 2.0 2.0 0.264 0.254 0.2827 0.2972 12.36 
0.035 2 2 0 2.0 2.0 0.233 0.304 0.2747 0.2972 12.35 
0.036 2 2 0 2.0 2.0 0.249 0.282 0.2747 0.2888 12.36 
0.037 2 2 0 2.0 2.0 0.286 0.259 0.3016 0.3161 12.36 
0.038 2 2 0 2.0 2.0 0.248 0.234 0.2972 0.3615 12.38 
0.039 2 2 0 2.0 2.0 0.236 0.209 0.3088 0.3289 12.39 
0.040 2 2 0 2.0 2.0 0.250 0.210 0.3088 0.3289 12.36 
0.041 2 2 0 2.0 2.0 0.187 0.239 0.2868 0.3237 12.38 
0.042 2 2 0 2.0 2.0 0.194 0.237 0.3289 0.3317 12.38 
0.043 2 2 0 2.0 2.0 0.214 0.207 0.3213 0.3522 12.36 
0.044 2 2 0 2.0 2.0 0.214 0.210 0.3346 0.3430 12.35 
0.045 2 2 0 2.0 2.0 0.246 0.209 0.3346 0.3615 12.37 
0.046 2 2 0 2.0 2.0 0.232 0.209 0.3402 0.3550 12.38 
0.047 2 2 0 2.0 2.0 0.208 0.203 0.3522 0.3715 12.38 
0.048 2 2 0 2.0 2.0 0.227 0.186 0.3374 0.3715 12.38 
0.049 2 2 0 2.0 2.0 0.191 0.175 0.3582 0.3615 12.36 
0.050 2 2 0 2.0 2.0 0.136 0.201 0.3582 0.3751 12.38 
0.051 2 2 0 2.0 2.0 0.165 0.236 0.3751 0.3615 12.36 
0.052 2 2 0 2.0 2.0 0.173 0.236 0.3582 0.3715 12.36 
0.053 2 2 0 2.0 2.0 0.193 0.217 0.3715 0.3751 12.35 
0.054 2 2 0 2.0 2.0 0.199 0.208 0.3490 0.3976 12.38 
0.055 2 2 0 2.0 2.0 0.192 0.182 0.3213 0.3823 12.38 
0.056 2 2 0 2.0 2.0 0.257 0.167 0.3896 0.3860 12.37 
0.057 2 2 0 2.0 2.0 0.237 0.153 0.4016 0.3896 12.37 
0.058 2 2 0 2.0 2.0 0.248 0.157 0.3860 0.4056 12.35 
0.059 2 2 0 2.0 2.0 0.236 0.186 0.3490 0.3976 12.36 
0.060 2 2 0 2.0 2.0 0.161 0.209 0.3976 0.4056 12.35 
0.061 2 2 0 2.0 2.0 0.152 0.211 0.3787 0.4056 12.36 
0.062 2 2 0 2.0 2.0 0.158 0.182 0.4016 0.4225 12.36 
0.063 2 2 0 2.0 2.0 0.182 0.173 0.3860 0.4181 12.38 
0.064 2 2 0 2.0 2.0 0.180 0.166 0.4016 0.4225 12.38 
0.065 2 2 0 2.0 2.0 0.220 0.138 0.3787 0.4225 12.37 
0.066 2 2 0 2.0 2.0 0.234 0.125 0.3976 0.4225 12.38 
0.067 2 2 0 2.0 2.0 0.119 0.171 0.3976 0.4225 12.39 
0.068 2 2 0 2.0 2.0 0.145 0.170 0.4137 0.4225 12.39 
0.069 2 2 0 2.0 2.0 0.141 0.182 0.3823 0.4225 12.37 
0.070 2 2 0 2.0 2.0 0.146 0.152 0.4016 0.4269 12.37 
0.071 2 2 0 2.0 2.0 0.137 0.129 0.4097 0.4410 12.37 
0.072 2 2 0 2.0 2.0 0.181 0.111 0.4225 0.4362 12.37 
0.073 2 2 0 2.0 2.0 0.168 0.122 0.3683 0.4317 12.38 
0.074 2 2 0 2.0 2.0 0.226 0.140 0.3976 0.4317 12.37 
0.075 2 2 0 2.0 2.0 0.212 0.188 0.4056 0.4462 12.38 
0.076 2 2 0 2.0 2.0 0.152 0.162 0.4269 0.4462 12.37 
0.077 2 2 0 2.0 2.0 0.115 0.162 0.4016 0.4562 12.37 
0.078 2 2 0 2.0 2.0 0.134 0.148 0.4362 0.4510 12.38 
0.079 2 2 0 2.0 2.0 0.142 0.129 0.4462 0.4562 12.38 
0.080 2 2 0 2.0 2.0 0.135 0.119 0.4269 0.4667 12.37 
0.081 2 2 0 2.0 2.0 0.155 0.144 0.4362 0.4615 12.39 
0.082 2 2 0 2.0 2.0 0.123 0.133 0.4269 0.4667 12.39 
0.083 2 2 0 2.0 2.0 0.160 0.132 0.4410 0.4615 12.39 
0.084 2 2 0 2.0 2.0 0.159 0.127 0.4317 0.4510 12.38 
0.085 2 2 0 2.0 2.0 0.115 0.143 0.4410 0.4562 12.36 
0.086 2 2 0 2.0 2.0 0.107 0.125 0.4362 0.4779 12.35 
0.087 2 2 0 2.0 2.0 0.129 0.102 0.4510 0.4667 12.37 
0.088 2 2 0 2.0 2.0 0.134 0.091 0.4562 0.4667 12.38 
0.089 2 2 0 2.0 2.0 0.169 0.100 0.4362 0.4779 12.39 
0.090 2 2 0 2.0 2.0 0.160 0.083 0.4562 0.4723 12.39 
0.091 2 2 0 2.0 2.0 0.142 0.083 0.4510 0.4779 12.38 
0.092 2 2 0 2.0 2.0 0.172 0.091 0.4615 0.4779 12.39 
0.093 2 2 0 2.0 2.0 0.195 0.116 0.4667 0.4779 12.39 
0.094 2 2 0 2.0 2.0 0.138 0.117 0.4723 0.4836 12.39 
0.095 2 2 0 2.0 2.0 0.145 0.136 0.4562 0.4779 12.38 
0.096 2 2 0 2.0 2.0 0.126 0.148 0.4667 0.4779 12.37 
0.097 2 2 0 2.0 2.0 0.087 0.140 0.4723 0.4896 12.38 
0.098 2 2 0 2.0 2.0 0.109 0.129 0.4667 0.4836 12.37 
0.099 2 2 0 2.0 2.0 0.137 0.107 0.4723 0.4836 12.38 
0.100 2 2 0 2.0 2.0 0.103 0.086 0.4410 0.4836 12.38 
0.101 2 2 0 2.0 2.0 0.160 0.087 0.4615 0.4896 12.38 
0.102 2 2 0 2.0 2.0 0.131 0.125 0.4836 0.4956 12.38 
0.103 2 2 0 2.0 2.0 0.164 0.155 0.4562 0.4956 12.39 
0.104 2 2 0 2.0 2.0 0.164 0.173 0.4723 0.5149 12.39 
0.105 2 2 0 2.0 2.0 0.131 0.140 0.4667 0.5020 12.40 
0.106 2 2 0 2.0 2.0 0.110 0.131 0.4779 0.4956 12.40 
0.107 2 2 0 2.0 2.0 0.118 0.108 0.4723 0.4896 12.39 
0.108 2 2 0 2.0 2.0 0.111 0.102 0.4667 0.4896 12.38 
0.109 2 2 0 2.0 2.0 0.105 0.106 0.4779 0.4956 12.38 
0.110 2 2 0 2.0 2.0 0.115 0.121 0.4667 0.4956 12.38 
0.111 2 2 0 2.0 2.0 0.111 0.113 0.4836 0.4956 12.39 
0.112 2 2 0 2.0 2.0 0.125 0.102 0.4615 0.5149 12.39 
0.113 2 2 0 2.0 2.0 0.111 0.096 0.4779 0.5081 12.39 
0.114 2 2 0 2.0 2.0 0.128 0.125 0.4896 0.4956 12.39 
0.115 2 2 0 2.0 2.0 0.139 0.136 0.4562 0.5081 12.39 
0.116 2 2 0 2.0 2.0 0.125 0.145 0.4723 0.5081 12.39 
0.117 2 2 0 2.0 2.0 0.110 0.123 0.4723 0.5149 12.39 
0.118 2 2 0 2.0 2.0 0.116 0.102 0.4896 0.5149 12.39 
0.119 2 2 0 2.0 2.0 0.076 0.088 0.4836 0.5149 12.38 
0.120 2 2 0 2.0 2.0 0.078 0.110 0.4956 0.5213 12.38 
0.121 2 2 0 2.0 2.0 0.081 0.102 0.5020 0.5213 12.39 
0.122 2 2 0 2.0 2.0 0.068 0.138 0.4779 0.5149 12.39 
0.123 2 2 0 2.0 2.0 0.106 0.155 0.4896 0.5020 12.39 
0.124 2 2 0 2.0 2.0 0.092 0.131 0.4896 0.5081 12.39 
0.125 2 2 0 2.0 2.0 0.086 0.104 0.4723 0.5281 12.39 
0.126 2 2 0 2.0 2.0 0.079 0.080 0.4836 0.5149 12.39 
0.127 2 2 0 2.0 2.0 0.063 0.092 0.4779 0.5149 12.39 
0.128 2 2 0 2.0 2.0 0.062 0.080 0.4896 0.5213 12.38 
0.129 2 2 0 2.0 2.0 0.105 0.070 0.4956 0.5281 12.39 
0.130 2 2 0 2.0 2.0 0.119 0.092 0.4723 0.5213 12.39 
0.131 2 2 0 2.0 2.0 0.074 0.094 0.4896 0.5281 12.39 
0.132 2 2 0 2.0 2.0 0.106 0.110 0.4836 0.5354 12.39 
0.133 2 2 0 2.0 2.0 0.099 0.113 0.4956 0.5281 12.39 
0.134 2 2 0 2.0 2.0 0.089 0.133 0.5081 0.5281 12.39 
0.135 2 2 0 2.0 2.0 0.099 0.116 0.4896 0.5281 12.39 
0.136 2 2 0 2.0 2.0 0.103 0.117 0.4956 0.5213 12.38 
0.137 2 2 0 2.0 2.0 0.088 0.079 0.4956 0.5149 12.39 
0.138 2 2 0 2.0 2.0 0.091 0.091 0.4956 0.5354 12.39 
0.139 2 2 0 2.0 2.0 0.081 0.115 0.5020 0.5281 12.39 
0.140 2 2 0 2.0 2.0 0.078 0.137 0.4667 0.5281 12.39 
0.141 2 2 0 2.0 2.0 0.105 0.143 0.4896 0.5426 12.39 
0.142 2 2 0 2.0 2.0 0.107 0.133 0.5081 0.5354 12.39 
0.143 2 2 0 2.0 2.0 0.133 0.115 0.4836 0.5354 12.39 
0.144 2 2 0 2.0 2.0 0.142 0.111 0.5020 0.5281 12.38 
0.145 2 2 0 2.0 2.0 0.096 0.087 0.4896 0.5213 12.38 
0.146 2 2 0 2.0 2.0 0.092 0.097 0.5020 0.5281 12.39 
0.147 2 2 0 2.0 2.0 0.077 0.106 0.5081 0.5281 12.39 
0.148 2 2 0 2.0 2.0 0.114 0.095 0.4896 0.5281 12.39 
0.149 2 2 0 2.0 2.0 0.088 0.100 0.5020 0.5426 12.39 
0.150 2 2 0 2.0 2.0 0.062 0.087 0.4896 0.5354 12.39 
0.151 2 2 0 2.0 2.0 0.065 0.129 0.4836 0.5213 12.39 
0.152 2 2 0 2.0 2.0 0.088 0.148 0.5020 0.5354 12.39 
0.153 2 2 0 2.0 2.0 0.069 0.130 0.5020 0.5354 12.38 
0.154 2 2 0 2.0 2.0 0.092 0.114 0.5149 0.5354 12.39 
0.155 2 2 0 2.0 2.0 0.134 0.094 0.4956 0.5426 12.39 
0.156 2 2 0 2.0 2.0 0.125 0.090 0.4956 0.5354 12.38 
0.157 2 2 0 2.0 2.0 0.100 0.130 0.5081 0.5354 12.39 
0.158 2 2 0 2.0 2.0 0.117 0.158 0.4896 0.5426 12.39 
0.159 2 2 0 2.0 2.0 0.077 0.137 0.5149 0.5354 12.39 
0.160 2 2 0 2.0 2.0 0.059 0.125 0.5213 0.5281 12.39 
0.161 2 2 0 2.0 2.0 0.077 0.111 0.4956 0.5655 12.39 
0.162 2 2 0 2.0 2.0 0.083 0.079 0.5081 0.5498 12.39 
0.163 2 2 0 2.0 2.0 0.065 0.078 0.5081 0.5354 12.39 
0.164 2 2 0 2.0 2.0 0.050 0.083 0.4896 0.5498 12.39 
0.165 2 2 0 2.0 2.0 0.067 0.079 0.5020 0.5426 12.39 
0.166 2 2 0 2.0 2.0 0.081 0.091 0.4956 0.5426 12.39 
0.167 2 2 0 2.0 2.0 0.062 0.102 0.5149 0.5498 12.39 
0.168 2 2 0 2.0 2.0 0.111 0.099 0.5149 0.5426 12.39 
0.169 2 2 0 2.0 2.0 0.112 0.110 0.4956 0.5426 12.39 
0.170 2 2 0 2.0 2.0 0.073 0.123 0.5081 0.5426 12.39 
0.171 2 2 0 2.0 2.0 0.058 0.131 0.5149 0.5426 12.39 
0.172 2 2 0 2.0 2.0 0.050 0.108 0.5149 0.5498 12.38 
0.173 2 2 0 2.0 2.0 0.059 0.092 0.5281 0.5426 12.39 
0.174 2 2 0 2.0 2.0 0.082 0.072 0.5081 0.5575 12.39 
0.175 2 2 0 2.0 2.0 0.098 0.100 0.5149 0.5498 12.39 
0.176 2 2 0 2.0 2.0 0.103 0.148 0.5213 0.5498 12.39 
0.177 2 2 0 2.0 2.0 0.091 0.153 0.5149 0.5655 12.38 
0.178 2 2 0 2.0 2.0 0.111 0.117 0.5081 0.5498 12.39 
0.179 2 2 0 2.0 2.0 0.115 0.104 0.5081 0.5498 12.39 
0.180 2 2 0 2.0 2.0 0.117 0.092 0.5281 0.5426 12.38 
0.181 2 2 0 2.0 2.0 0.117 0.088 0.5281 0.5354 12.39 
0.182 2 2 0 2.0 2.0 0.152 0.103 0.5149 0.5426 12.39 
0.183 2 2 0 2.0 2.0 0.078 0.096 0.5081 0.5426 12.39 
0.184 2 2 0 2.0 2.0 0.088 0.113 0.5149 0.5426 12.38 
0.185 2 2 0 2.0 2.0 0.058 0.092 0.5081 0.5575 12.39 
0.186 2 2 0 2.0 2.0 0.077 0.120 0.5020 0.5354 12.39 
0.187 2 2 0 2.0 2.0 0.082 0.135 0.5149 0.5354 12.39 
0.188 2 2 0 2.0 2.0 0.074 0.118 0.5081 0.5498 12.39 
0.189 2 2 0 2.0 2.0 0.076 0.135 0.5213 0.5575 12.39 
0.190 2 2 0 2.0 2.0 0.084 0.107 0.5081 0.5498 12.39 
0.191 2 2 0 2.0 2.0 0.095 0.102 0.5081 0.5498 12.39 
0.192 2 2 0 2.0 2.0 0.105 0.132 0.5213 0.5575 12.39 
0.193 2 2 0 2.0 2.0 0.113 0.130 0.4836 0.5498 12.39 
0.194 2 2 0 2.0 2.0 0.141 0.121 0.5081 0.5498 12.39 
0.195 2 2 0 2.0 2.0 0.142 0.115 0.5213 0.5281 12.39 
0.196 2 2 0 2.0 2.0 0.095 0.079 0.5020 0.5426 12.39 
0.197 2 2 0 2.0 2.0 0.055 0.061 0.5149 0.5575 12.39 
0.198 2 2 0 2.0 2.0 0.096 0.068 0.5281 0.5426 12.38 
0.199 2 2 0 2.0 2.0 0.096 0.096 0.5020 0.5575 12.38 
0.200 2 2 0 2.0 2.0 0.078 0.134 0.5149 0.5498 12.38 
0.201 2 2 1 4.0 4.0 0.086 0.107 0.5149 0.5655 12.39 
0.202 2 2 1 4.0 4.0 0.167 0.121 0.5020 0.5575 12.39 
0.203 2 2 1 4.0 4.0 0.322 0.278 0.5149 0.5575 12.37 
0.204 2 2 1 4.0 4.0 0.434 0.340 0.5149 0.5735 12.36 
0.205 2 2 1 4.0 4.0 0.521 0.435 0.5426 0.5735 12.36 
0.206 2 2 1 4.0 4.0 0.620 0.481 0.5575 0.5820 12.36 
0.207 2 2 1 4.0 4.0 0.544 0.556 0.5735 0.5992 12.36 
0.208 2 2 1 4.0 4.0 0.514 0.628 0.5735 0.5992 12.36 
0.209 2 2 1 4.0 4.0 0.491 0.577 0.6085 0.6374 12.37 
0.210 2 2 1 4.0 4.0 0.500 0.480 0.6273 0.6474 12.37 
0.211 2 2 1 4.0 4.0 0.504 0.479 0.6273 0.6583 12.36 
0.212 2 2 1 4.0 4.0 0.462 0.445 0.6374 0.6804 12.36 
0.213 2 2 1 4.0 4.0 0.483 0.474 0.6474 0.6924 12.37 
0.214 2 2 1 4.0 4.0 0.480 0.521 0.6273 0.6924 12.37 
0.215 2 2 1 4.0 4.0 0.474 0.435 0.6691 0.7044 12.37 
0.216 2 2 1 4.0 4.0 0.502 0.434 0.7044 0.7169 12.36 
0.217 2 2 1 4.0 4.0 0.439 0.436 0.7044 0.7434 12.36 
0.218 2 2 1 4.0 4.0 0.433 0.419 0.6924 0.7302 12.37 
0.219 2 2 1 4.0 4.0 0.427 0.379 0.7044 0.7302 12.37 
0.220 2 2 1 4.0 4.0 0.427 0.374 0.7169 0.7575 12.36 
0.221 2 2 1 4.0 4.0 0.421 0.419 0.7302 0.7723 12.37 
0.222 2 2 1 4.0 4.0 0.343 0.456 0.7302 0.7723 12.37 
0.223 2 2 1 4.0 4.0 0.347 0.410 0.7575 0.7872 12.36 
0.224 2 2 1 4.0 4.0 0.362 0.379 0.7723 0.8032 12.36 
0.225 2 2 1 4.0 4.0 0.419 0.350 0.7575 0.7872 12.37 
0.226 2 2 1 4.0 4.0 0.387 0.320 0.7872 0.8193 12.37 
0.227 2 2 1 4.0 4.0 0.345 0.287 0.7872 0.8193 12.37 
0.228 2 2 1 4.0 4.0 0.347 0.324 0.8193 0.8366 12.37 
0.229 2 2 1 4.0 4.0 0.373 0.343 0.8032 0.8543 12.37 
0.230 2 2 1 4.0 4.0 0.292 0.337 0.8032 0.8543 12.37 
0.231 2 2 1 4.0 4.0 0.288 0.330 0.8032 0.8727 12.37 
0.232 2 2 1 4.0 4.0 0.309 0.316 0.8193 0.8924 12.37 
0.233 2 2 1 4.0 4.0 0.364 0.314 0.8543 0.8924 12.37 
0.234 2 2 1 4.0 4.0 0.310 0.309 0.8366 0.9125 12.37 
0.235 2 2 1 4.0 4.0 0.282 0.304 0.8543 0.9125 12.37 
0.236 2 2 1 4.0 4.0 0.329 0.334 0.8727 0.9338 12.37 
0.237 2 2 1 4.0 4.0 0.287 0.329 0.8727 0.9338 12.37 
0.238 2 2 1 4.0 4.0 0.280 0.286 0.8924 0.9338 12.37 
0.239 2 2 1 4.0 4.0 0.280 0.271 0.8193 0.9338 12.36 
0.240 2 2 1 4.0 4.0 0.329 0.254 0.8924 0.9338 12.37 
0.241 2 2 1 4.0 4.0 0.346 0.239 0.8543 0.9559 12.37 
0.242 2 2 1 4.0 4.0 0.271 0.247 0.8924 0.9559 12.37 
0.243 2 2 1 4.0 4.0 0.311 0.293 0.9125 0.9559 12.37 
0.244 2 2 1 4.0 4.0 0.315 0.298 0.9125 0.9559 12.36 
0.245 2 2 1 4.0 4.0 0.255 0.250 0.9338 0.9796 12.37 
0.246 2 2 1 4.0 4.0 0.254 0.277 0.9338 0.9796 12.37 
0.247 2 2 1 4.0 4.0 0.252 0.247 0.8727 0.9796 12.38 
0.248 2 2 1 4.0 4.0 0.267 0.213 0.9125 0.9796 12.37 
0.249 2 2 1 4.0 4.0 0.225 0.198 0.9125 0.9796 12.37 
0.250 2 2 1 4.0 4.0 0.267 0.229 0.9796 1.0041 12.37 
0.251 2 2 1 4.0 4.0 0.284 0.273 0.9559 1.0041 12.37 
0.252 2 2 1 4.0 4.0 0.226 0.256 0.9559 1.0041 12.36 
0.253 2 2 1 4.0 4.0 0.218 0.256 0.9559 1.0041 12.38 
0.254 2 2 1 4.0 4.0 0.230 0.235 0.9796 1.0041 12.37 
0.255 2 2 1 4.0 4.0 0.266 0.212 0.9559 1.0298 12.37 
0.256 2 2 1 4.0 4.0 0.207 0.236 0.9796 1.0298 12.36 
0.257 2 2 1 4.0 4.0 0.207 0.266 1.0041 1.0567 12.37 
0.258 2 2 1 4.0 4.0 0.251 0.269 0.9796 1.0567 12.36 
0.259 2 2 1 4.0 4.0 0.212 0.230 1.0041 1.0567 12.37 
0.260 2 2 1 4.0 4.0 0.214 0.225 0.9559 1.0567 12.37 
0.261 2 2 1 4.0 4.0 0.233 0.197 1.0041 1.0567 12.37 
0.262 2 2 1 4.0 4.0 0.197 0.191 1.0041 1.0567 12.37 
0.263 2 2 1 4.0 4.0 0.181 0.204 1.0041 1.0567 12.37 
0.264 2 2 1 4.0 4.0 0.207 0.220 0.9796 1.0567 12.37 
0.265 2 2 1 4.0 4.0 0.134 0.226 1.0041 1.0852 12.37 
0.266 2 2 1 4.0 4.0 0.148 0.228 1.0041 1.0567 12.37 
0.267 2 2 1 4.0 4.0 0.196 0.181 1.0298 1.0852 12.37 
0.268 2 2 1 4.0 4.0 0.217 0.140 1.0041 1.0852 12.37 
0.269 2 2 1 4.0 4.0 0.191 0.148 1.0041 1.0852 12.36 
0.270 2 2 1 4.0 4.0 0.180 0.155 1.0298 1.0852 12.37 
0.271 2 2 1 4.0 4.0 0.184 0.187 1.0298 1.0852 12.37 
0.272 2 2 1 4.0 4.0 0.124 0.212 0.9796 1.0852 12.37 
0.273 2 2 1 4.0 4.0 0.125 0.188 1.0298 1.0567 12.37 
0.274 2 2 1 4.0 4.0 0.180 0.184 1.0567 1.1153 12.37 
0.275 2 2 1 4.0 4.0 0.164 0.200 1.0298 1.1474 12.38 
0.276 2 2 1 4.0 4.0 0.161 0.160 1.0298 1.1153 12.37 
0.277 2 2 1 4.0 4.0 0.210 0.141 1.0298 1.1153 12.37 
0.278 2 2 1 4.0 4.0 0.167 0.167 1.0567 1.1153 12.38 
0.279 2 2 1 4.0 4.0 0.148 0.195 1.0567 1.1153 12.37 
0.280 2 2 1 4.0 4.0 0.161 0.183 1.0852 1.1153 12.37 
0.281 2 2 1 4.0 4.0 0.202 0.204 1.0567 1.1153 12.37 
0.282 2 2 1 4.0 4.0 0.162 0.186 1.0567 1.1153 12.37 
0.283 2 2 1 4.0 4.0 0.186 0.165 1.0567 1.1153 12.37 
0.284 2 2 1 4.0 4.0 0.165 0.186 1.0567 1.1153 12.37 
0.285 2 2 1 4.0 4.0 0.158 0.202 1.0567 1.1153 12.37 
0.286 2 2 1 4.0 4.0 0.160 0.197 1.0567 1.1153 12.37 
0.287 2 2 1 4.0 4.0 0.164 0.199 1.0567 1.1153 12.37 
0.288 2 2 1 4.0 4.0 0.183 0.194 1.0567 1.1153 12.37 
0.289 2 2 1 4.0 4.0 0.164 0.133 1.0852 1.1474 12.37 
0.290 2 2 1 4.0 4.0 0.185 0.145 1.0567 1.1474 12.37 
0.291 2 2 1 4.0 4.0 0.148 0.178 1.0567 1.1474 12.37 
0.292 2 2 1 4.0 4.0 0.150 0.174 1.0567 1.1474 12.36 
0.293 2 2 1 4.0 4.0 0.192 0.207 1.0852 1.1812 12.36 
0.294 2 2 1 4.0 4.0 0.143 0.190 1.0852 1.1812 12.36 
0.295 2 2 1 4.0 4.0 0.139 0.155 1.0852 1.1474 12.36 
0.296 2 2 1 4.0 4.0 0.152 0.141 1.0852 1.1474 12.38 
0.297 2 2 1 4.0 4.0 0.140 0.143 1.0852 1.1474 12.37 
0.298 2 2 1 4.0 4.0 0.131 0.143 1.0567 1.1474 12.37 
0.299 2 2 1 4.0 4.0 0.162 0.173 1.1153 1.1474 12.37 
0.300 2 2 1 4.0 4.0 0.172 0.186 1.0852 1.1474 12.37 
0.301 2 2 1 4.0 4.0 0.119 0.187 1.0852 1.1474 12.37 
0.302 2 2 1 4.0 4.0 0.148 0.207 1.0567 1.1153 12.37 
0.303 2 2 1 4.0 4.0 0.133 0.159 1.1153 1.1474 12.37 
0.304 2 2 1 4.0 4.0 0.113 0.123 1.0852 1.1474 12.37 
0.305 2 2 1 4.0 4.0 0.126 0.121 1.0567 1.1474 12.37 
0.306 2 2 1 4.0 4.0 0.142 0.105 1.1153 1.1474 12.37 
0.307 2 2 1 4.0 4.0 0.138 0.143 1.1153 1.1474 12.38 
0.308 2 2 1 4.0 4.0 0.133 0.196 1.0852 1.1474 12.37 
0.309 2 2 1 4.0 4.0 0.127 0.193 1.1153 1.1812 12.37 
0.310 2 2 1 4.0 4.0 0.113 0.195 1.1153 1.1812 12.36 
0.311 2 2 1 4.0 4.0 0.096 0.174 1.1153 1.1812 12.38 
0.312 2 2 1 4.0 4.0 0.128 0.143 1.1153 1.1812 12.37 
0.313 2 2 1 4.0 4.0 0.126 0.115 1.1153 1.1812 12.36 
0.314 2 2 1 4.0 4.0 0.145 0.114 1.0852 1.1812 12.37 
0.315 2 2 1 4.0 4.0 0.118 0.107 1.1153 1.1812 12.37 
0.316 2 2 1 4.0 4.0 0.104 0.141 1.0567 1.1812 12.35 
0.317 2 2 1 4.0 4.0 0.111 0.159 1.1474 1.1812 12.37 
0.318 2 2 1 4.0 4.0 0.096 0.159 1.1153 1.1812 12.36 
0.319 2 2 1 4.0 4.0 0.123 0.148 1.0852 1.1474 12.36 
0.320 2 2 1 4.0 4.0 0.162 0.140 1.0852 1.1812 12.36 
0.321 2 2 1 4.0 4.0 0.138 0.117 1.1153 1.1812 12.37 
0.322 2 2 1 4.0 4.0 0.130 0.088 1.0852 1.1812 12.38 
0.323 2 2 1 4.0 4.0 0.132 0.064 1.0852 1.1812 12.37 
0.324 2 2 1 4.0 4.0 0.146 0.086 1.1153 1.1812 12.37 
0.325 2 2 1 4.0 4.0 0.140 0.120 1.0852 1.1153 12.37 
0.326 2 2 1 4.0 4.0 0.140 0.140 1.1153 1.1812 12.37 
0.327 2 2 1 4.0 4.0 0.153 0.182 1.1153 1.1812 12.37 
0.328 2 2 1 4.0 4.0 0.120 0.180 1.0852 1.1812 12.36 
0.329 2 2 1 4.0 4.0 0.144 0.152 1.1153 1.1812 12.35 
0.330 2 2 1 4.0 4.0 0.154 0.116 1.1153 1.1812 12.36 
0.331 2 2 1 4.0 4.0 0.106 0.100 1.1153 1.1812 12.37 
0.332 2 2 1 4.0 4.0 0.137 0.096 1.1153 1.1812 12.37 
0.333 2 2 1 4.0 4.0 0.135 0.113 1.1474 1.1812 12.37 
0.334 2 2 1 4.0 4.0 0.086 0.164 1.1153 1.1812 12.37 
0.335 2 2 1 4.0 4.0 0.143 0.166 1.1812 1.1812 12.37 
0.336 2 2 1 4.0 4.0 0.172 0.181 1.1474 1.1812 12.37 
0.337 2 2 1 4.0 4.0 0.141 0.169 1.1153 1.2169 12.37 
0.338 2 2 1 4.0 4.0 0.137 0.133 1.1153 1.2169 12.37 
0.339 2 2 1 4.0 4.0 0.127 0.114 1.1153 1.2169 12.37 
0.340 2 2 1 4.0 4.0 0.111 0.098 1.1153 1.2169 12.37 
0.341 2 2 1 4.0 4.0 0.140 0.121 1.1153 1.2169 12.37 
0.342 2 2 1 4.0 4.0 0.171 0.175 1.1153 1.2169 12.37 
0.343 2 2 1 4.0 4.0 0.123 0.172 1.1474 1.2169 12.36 
0.344 2 2 1 4.0 4.0 0.141 0.147 1.1153 1.2169 12.36 
0.345 2 2 1 4.0 4.0 0.127 0.117 1.1474 1.2551 12.35 
0.346 2 2 1 4.0 4.0 0.122 0.092 1.1153 1.2551 12.37 
0.347 2 2 1 4.0 4.0 0.143 0.091 1.1474 1.2169 12.36 
0.348 2 2 1 4.0 4.0 0.168 0.081 1.1153 1.2169 12.34 
0.349 2 2 1 4.0 4.0 0.107 0.109 1.1474 1.2169 12.36 
0.350 2 2 1 4.0 4.0 0.118 0.146 1.1474 1.2169 12.36 
0.351 2 2 1 4.0 4.0 0.129 0.140 1.1474 1.2169 12.37 
0.352 2 2 2 -4.0 -4.0 0.134 0.130 1.1153 1.2169 12.37 
0.353 2 2 2 -4.0 -4.0 -0.419 -0.118 1.1474 1.1812 12.36 
0.354 2 2 2 -4.0 -4.0 -1.026 -0.881 1.0852 1.1812 12.32 
0.355 2 2 2 -4.0 -4.0 -1.456 -1.340 1.0567 1.1153 12.31 
0.356 2 2 2 -4.0 -4.0 -1.733 -1.507 1.0298 1.0852 12.29 
0.357 2 2 2 -4.0 -4.0 -1.619 -1.734 0.9796 1.0298 12.28 
0.358 2 2 2 -4.0 -4.0 -1.634 -1.891 0.8727 0.9559 12.29 
0.359 2 2 2 -4.0 -4.0 -1.703 -1.641 0.8366 0.9125 12.27 
0.360 2 2 2 -4.0 -4.0 -1.787 -1.780 0.7302 0.8366 12.26 
0.361 2 2 2 -4.0 -4.0 -1.702 -1.853 0.6924 0.7434 12.26 
0.362 2 2 2 -4.0 -4.0 -1.528 -1.870 0.6085 0.7575 12.27 
0.363 2 2 2 -4.0 -4.0 -1.574 -1.562 0.5820 0.6691 12.27 
0.364 2 2 2 -4.0 -4.0 -1.602 -1.576 0.5498 0.6273 12.29 
0.365 2 2 2 -4.0 -4.0 -1.564 -1.675 0.5149 0.5575 12.28 
0.366 2 2 2 -4.0 -4.0 -1.597 -1.669 0.3823 0.5149 12.29 
0.367 2 2 2 -4.0 -4.0 -1.500 -1.662 0.3550 0.4016 12.29 
0.368 2 2 2 -4.0 -4.0 -1.529 -1.596 0.2590 0.3490 12.29 
0.369 2 2 2 -4.0 -4.0 -1.288 -1.451 0.2590 0.3490 12.30 
0.370 2 2 2 -4.0 -4.0 -1.216 -1.331 0.2068 0.3016 12.31 
0.371 2 2 2 -4.0 -4.0 -1.205 -1.380 0.2068 0.2494 12.30 
0.372 2 2 2 -4.0 -4.0 -1.213 -1.395 0.1940 0.2494 12.31 
0.373 2 2 2 -4.0 -4.0 -1.207 -1.354 0.1305 0.1928 12.30 
0.374 2 2 2 -4.0 -4.0 -1.165 -1.324 0.0984 0.1518 12.31 
0.375 2 2 2 -4.0 -4.0 -1.133 -1.301 0.0791 0.1518 12.30 
0.376 2 2 2 -4.0 -4.0 -1.090 -1.305 0.0659 0.1518 12.30 
0.377 2 2 2 -4.0 -4.0 -1.038 -1.317 0.0566 0.1165 12.30 
0.378 2 2 2 -4.0 -4.0 -1.015 -1.255 0.0494 0.0904 12.31 
0.379 2 2 2 -4.0 -4.0 -1.015 -1.180 -0.0490 -0.0787 12.31 
0.380 2 2 2 -4.0 -4.0 -1.049 -1.130 -0.0490 -0.0787 12.31 
0.381 2 2 2 -4.0 -4.0 -0.912 -1.050 -0.1948 -0.0787 12.31 
0.382 2 2 2 -4.0 -4.0 -0.895 -1.035 -0.2281 -0.1394 12.31 
0.383 2 2 2 -4.0 -4.0 -0.909 -1.040 -0.2281 -0.1394 12.31 
0.384 2 2 2 -4.0 -4.0 -0.859 -1.037 -0.2908 -0.2080 12.31 
0.385 2 2 2 -4.0 -4.0 -0.806 -1.023 -0.2928 -0.2080 12.33 
0.386 2 2 2 -4.0 -4.0 -0.770 -0.814 -0.3683 -0.2462 12.32 
0.387 2 2 2 -4.0 -4.0 -0.771 -0.813 -0.3896 -0.2787 12.31 
0.388 2 2 2 -4.0 -4.0 -0.726 -0.836 -0.4016 -0.3113 12.31 
0.389 2 2 2 -4.0 -4.0 -0.696 -0.872 -0.3976 -0.3550 12.32 
0.390 2 2 2 -4.0 -4.0 -0.781 -0.869 -0.4269 -0.3550 12.33 
0.391 2 2 2 -4.0 -4.0 -0.633 -0.839 -0.4410 -0.3976 12.33 
0.392 2 2 2 -4.0 -4.0 -0.645 -0.819 -0.4615 -0.4056 12.33 
0.393 2 2 2 -4.0 -4.0 -0.610 -0.807 -0.4462 -0.4225 12.33 
0.394 2 2 2 -4.0 -4.0 -0.615 -0.806 -0.4956 -0.4362 12.33 
0.395 2 2 2 -4.0 -4.0 -0.620 -0.655 -0.5213 -0.4667 12.33 
0.396 2 2 2 -4.0 -4.0 -0.589 -0.621 -0.5149 -0.4667 12.33 
0.397 2 2 2 -4.0 -4.0 -0.553 -0.633 -0.5575 -0.4779 12.34 
0.398 2 2 2 -4.0 -4.0 -0.542 -0.663 -0.5735 -0.5149 12.33 
0.399 2 2 2 -4.0 -4.0 -0.507 -0.665 -0.5992 -0.5213 12.33 
0.400 2 2 2 -4.0 -4.0 -0.490 -0.661 -0.5992 -0.5354 12.33 
0.401 2 2 2 -4.0 -4.0 -0.480 -0.603 -0.6177 -0.5655 12.34 
0.402 2 2 2 -4.0 -4.0 -0.452 -0.565 -0.6374 -0.5735 12.33 
0.403 2 2 2 -4.0 -4.0 -0.490 -0.593 -0.6474 -0.5904 12.34 
0.404 2 2 2 -4.0 -4.0 -0.465 -0.568 -0.6924 -0.6085 12.33 
0.405 2 2 2 -4.0 -4.0 -0.422 -0.551 -0.6374 -0.6273 12.34 
0.406 2 2 2 -4.0 -4.0 -0.449 -0.529 -0.6691 -0.6273 12.34 
0.407 2 2 2 -4.0 -4.0 -0.431 -0.409 -0.7044 -0.6374 12.35 
0.408 2 2 2 -4.0 -4.0 -0.433 -0.369 -0.7044 -0.6691 12.35 
0.409 2 2 2 -4.0 -4.0 -0.362 -0.410 -0.7302 -0.6474 12.35 
0.410 2 2 2 -4.0 -4.0 -0.349 -0.464 -0.7434 -0.6691 12.35 
0.411 2 2 2 -4.0 -4.0 -0.351 -0.423 -0.7575 -0.6924 12.35 
0.412 2 2 2 -4.0 -4.0 -0.391 -0.397 -0.7575 -0.7044 12.34 
0.413 2 2 2 -4.0 -4.0 -0.355 -0.392 -0.7872 -0.7044 12.35 
0.414 2 2 2 -4.0 -4.0 -0.355 -0.442 -0.7872 -0.7169 12.34 
0.415 2 2 2 -4.0 -4.0 -0.379 -0.507 -0.7723 -0.7302 12.34 
0.416 2 2 2 -4.0 -4.0 -0.384 -0.414 -0.7723 -0.7302 12.35 
0.417 2 2 2 -4.0 -4.0 -0.360 -0.376 -0.7723 -0.7575 12.35 
0.418 2 2 2 -4.0 -4.0 -0.334 -0.369 -0.8032 -0.7575 12.35 
0.419 2 2 2 -4.0 -4.0 -0.357 -0.385 -0.8032 -0.7723 12.36 
0.420 2 2 2 -4.0 -4.0 -0.368 -0.334 -0.8193 -0.7575 12.35 
0.421 2 2 2 -4.0 -4.0 -0.402 -0.350 -0.8032 -0.7723 12.35 
0.422 2 2 2 -4.0 -4.0 -0.346 -0.378 -0.8366 -0.7872 12.35 
0.423 2 2 2 -4.0 -4.0 -0.307 -0.434 -0.8366 -0.7872 12.34 
0.424 2 2 2 -4.0 -4.0 -0.338 -0.361 -0.8543 -0.8193 12.35 
0.425 2 2 2 -4.0 -4.0 -0.320 -0.318 -0.8543 -0.8032 12.35 
0.426 2 2 2 -4.0 -4.0 -0.289 -0.316 -0.8727 -0.8193 12.36 
0.427 2 2 2 -4.0 -4.0 -0.322 -0.338 -0.8924 -0.8193 12.35 
0.428 2 2 2 -4.0 -4.0 -0.317 -0.348 -0.8924 -0.8366 12.36 
0.429 2 2 2 -4.0 -4.0 -0.316 -0.313 -0.8366 -0.8543 12.35 
0.430 2 2 2 -4.0 -4.0 -0.319 -0.320 -0.8543 -0.8727 12.35 
0.431 2 2 2 -4.0 -4.0 -0.313 -0.339 -0.8924 -0.8727 12.36 
0.432 2 2 2 -4.0 -4.0 -0.311 -0.252 -0.9125 -0.8727 12.36 
0.433 2 2 2 -4.0 -4.0 -0.288 -0.218 -0.9338 -0.8924 12.36 
0.434 2 2 2 -4.0 -4.0 -0.273 -0.228 -0.9559 -0.8924 12.36 
0.435 2 2 2 -4.0 -4.0 -0.294 -0.247 -0.9338 -0.8924 12.36 
0.436 2 2 2 -4.0 -4.0 -0.270 -0.271 -0.9559 -0.8924 12.35 
0.437 2 2 2 -4.0 -4.0 -0.236 -0.300 -0.9338 -0.9125 12.35 
0.438 2 2 2 -4.0 -4.0 -0.265 -0.308 -0.9338 -0.9125 12.35 
0.439 2 2 2 -4.0 -4.0 -0.239 -0.269 -0.9338 -0.9125 12.36 
0.440 2 2 2 -4.0 -4.0 -0.224 -0.257 -0.9796 -0.9338 12.36 
0.441 2 2 2 -4.0 -4.0 -0.281 -0.244 -0.9796 -0.9338 12.34 
0.442 2 2 2 -4.0 -4.0 -0.248 -0.265 -0.8543 -0.9338 12.35 
0.443 2 2 2 -4.0 -4.0 -0.250 -0.261 -0.9796 -0.9338 12.37 
0.444 2 2 2 -4.0 -4.0 -0.259 -0.266 -0.9559 -0.9559 12.35 
0.445 2 2 2 -4.0 -4.0 -0.254 -0.267 -0.9796 -0.9559 12.36 
0.446 2 2 2 -4.0 -4.0 -0.250 -0.248 -1.0041 -0.9796 12.36 
0.447 2 2 2 -4.0 -4.0 -0.230 -0.235 -1.0041 -0.9796 12.34 
0.448 2 2 2 -4.0 -4.0 -0.254 -0.213 -0.9796 -0.9796 12.35 
0.449 2 2 2 -4.0 -4.0 -0.227 -0.235 -1.0298 -1.0041 12.36 
0.450 2 2 2 -4.0 -4.0 -0.224 -0.206 -1.0041 -1.0041 12.37 
0.451 2 2 2 -4.0 -4.0 -0.201 -0.184 -1.0298 -1.0041 12.36 
0.452 2 2 2 -4.0 -4.0 -0.222 -0.243 -1.0041 -1.0041 12.36 
0.453 2 2 2 -4.0 -4.0 -0.177 -0.212 -1.0298 -1.0041 12.36 
0.454 2 2 2 -4.0 -4.0 -0.222 -0.151 -1.0567 -1.0041 12.37 
0.455 2 2 2 -4.0 -4.0 -0.225 -0.164 -1.0298 -1.0041 12.36 
0.456 2 2 2 -4.0 -4.0 -0.220 -0.169 -1.0567 -1.0041 12.36 
0.457 2 2 2 -4.0 -4.0 -0.235 -0.185 -1.0298 -1.0041 12.36 
0.458 2 2 2 -4.0 -4.0 -0.227 -0.217 -1.0298 -1.0041 12.36 
0.459 2 2 2 -4.0 -4.0 -0.194 -0.252 -1.0298 -1.0298 12.36 
0.460 2 2 2 -4.0 -4.0 -0.201 -0.190 -1.0298 -1.0298 12.36 
0.461 2 2 2 -4.0 -4.0 -0.231 -0.175 -1.0567 -1.0298 12.36 
0.462 2 2 2 -4.0 -4.0 -0.208 -0.183 -1.0567 -1.0298 12.36 
0.463 2 2 2 -4.0 -4.0 -0.174 -0.165 -1.0567 -1.0298 12.36 
0.464 2 2 2 -4.0 -4.0 -0.197 -0.155 -1.0567 -1.0567 12.35 
0.465 2 2 2 -4.0 -4.0 -0.213 -0.215 -1.0298 -1.0567 12.35 
0.466 2 2 2 -4.0 -4.0 -0.192 -0.254 -1.0567 -1.0852 12.36 
0.467 2 2 2 -4.0 -4.0 -0.199 -0.221 -1.0852 -1.0567 12.37 
0.468 2 2 2 -4.0 -4.0 -0.204 -0.189 -1.1153 -1.0567 12.37 
0.469 2 2 2 -4.0 -4.0 -0.162 -0.179 -1.0852 -1.0567 12.35 
0.470 2 2 2 -4.0 -4.0 -0.184 -0.164 -1.0852 -1.0567 12.36 
0.471 2 2 2 -4.0 -4.0 -0.181 -0.194 -1.0852 -1.0567 12.36 
0.472 2 2 2 -4.0 -4.0 -0.158 -0.198 -1.0852 -1.0567 12.37 
0.473 2 2 2 -4.0 -4.0 -0.184 -0.160 -1.1153 -1.0852 12.37 
0.474 2 2 2 -4.0 -4.0 -0.195 -0.162 -1.0852 -1.0567 12.37 
0.475 2 2 2 -4.0 -4.0 -0.187 -0.155 -1.0852 -1.0567 12.37 
0.476 2 2 2 -4.0 -4.0 -0.178 -0.137 -1.0852 -1.0567 12.37 
0.477 2 2 2 -4.0 -4.0 -0.178 -0.144 -1.0852 -1.0852 12.36 
0.478 2 2 2 -4.0 -4.0 -0.161 -0.193 -1.1153 -1.0852 12.37 
0.479 2 2 2 -4.0 -4.0 -0.163 -0.193 -1.0852 -1.0852 12.37 
0.480 2 2 2 -4.0 -4.0 -0.198 -0.213 -1.0852 -1.0852 12.36 
0.481 2 2 2 -4.0 -4.0 -0.191 -0.221 -1.0852 -1.0852 12.36 
0.482 2 2 2 -4.0 -4.0 -0.208 -0.141 -1.0852 -1.0852 12.35 
0.483 2 2 2 -4.0 -4.0 -0.202 -0.123 -1.1153 -1.1153 12.35 
0.484 2 2 2 -4.0 -4.0 -0.160 -0.180 -1.1153 -1.1153 12.35 
0.485 2 2 2 -4.0 -4.0 -0.160 -0.159 -1.1153 -1.1153 12.36 
0.486 2 2 2 -4.0 -4.0 -0.196 -0.156 -1.1153 -1.1153 12.37 
0.487 2 2 2 -4.0 -4.0 -0.148 -0.204 -1.0852 -1.1153 12.37 
0.488 2 2 2 -4.0 -4.0 -0.133 -0.183 -1.1153 -1.1153 12.37 
0.489 2 2 2 -4.0 -4.0 -0.156 -0.163 -1.1474 -1.1153 12.37 
0.490 2 2 2 -4.0 -4.0 -0.158 -0.183 -1.1474 -1.1153 12.37 
0.491 2 2 2 -4.0 -4.0 -0.177 -0.118 -1.1474 -1.1474 12.36 
0.492 2 2 2 -4.0 -4.0 -0.180 -0.080 -1.1153 -1.1153 12.37 
0.493 2 2 2 -4.0 -4.0 -0.148 -0.138 -1.1474 -1.1153 12.37 
0.494 2 2 2 -4.0 -4.0 -0.140 -0.134 -1.1474 -1.1153 12.37 
0.495 2 2 2 -4.0 -4.0 -0.164 -0.143 -1.1153 -1.0567 12.37 
0.496 2 2 2 -4.0 -4.0 -0.125 -0.222 -1.1153 -1.1153 12.37 
0.497 2 2 2 -4.0 -4.0 -0.176 -0.181 -1.1153 -1.0852 12.37 
0.498 2 2 2 -4.0 -4.0 -0.197 -0.128 -1.1153 -1.0852 12.35 
0.499 2 2 2 -4.0 -4.0 -0.178 -0.151 -1.1153 -1.0852 12.37 
0.500 2 2 2 -4.0 -4.0 -0.144 -0.124 -1.1153 -1.0852 12.37 
0.501 2 2 2 -4.0 -4.0 -0.167 -0.141 -1.1153 -1.0852 12.37 
0.502 2 2 2 -4.0 -4.0 -0.157 -0.204 -1.1153 -1.1153 12.37 
0.503 2 2 3 0.0 0.0 -0.115 -0.185 -1.1474 -1.1153 12.38 
0.504 2 2 3 0.0 0.0 0.108 -0.094 -1.1812 -1.1153 12.39 
0.505 2 2 3 0.0 0.0 0.477 0.292 -1.1153 -1.1153 12.39 
0.506 2 2 3 0.0 0.0 0.639 0.532 -1.1153 -1.1153 12.38 
0.507 2 2 3 0.0 0.0 0.680 0.752 -1.0041 -1.1153 12.39 
0.508 2 2 3 0.0 0.0 0.792 0.851 -1.0852 -1.0567 12.38 
0.509 2 2 3 0.0 0.0 0.864 0.756 -1.0298 -1.0298 12.39 
0.510 2 2 3 0.0 0.0 0.719 0.750 -1.0041 -0.8727 12.39 
0.511 2 2 3 0.0 0.0 0.754 0.780 -1.0041 -0.9559 12.39 
0.512 2 2 3 0.0 0.0 0.789 0.696 -0.9559 -0.9338 12.38 
0.513 2 2 3 0.0 0.0 0.681 0.689 -0.8924 -0.9338 12.39 
0.514 2 2 3 0.0 0.0 0.644 0.760 -0.8366 -0.9125 12.39 
0.515 2 2 3 0.0 0.0 0.697 0.794 -0.8032 -0.8924 12.38 
0.516 2 2 3 0.0 0.0 0.723 0.710 -0.8032 -0.8032 12.38 
0.517 2 2 3 0.0 0.0 0.727 0.670 -0.7723 -0.7872 12.39 
0.518 2 2 3 0.0 0.0 0.601 0.706 -0.7302 -0.7434 12.39 
0.519 2 2 3 0.0 0.0 0.613 0.703 -0.6691 -0.7044 12.39 
0.520 2 2 3 0.0 0.0 0.622 0.569 -0.6804 -0.6924 12.38 
0.521 2 2 3 0.0 0.0 0.640 0.532 -0.6374 -0.6691 12.39 
0.522 2 2 3 0.0 0.0 0.522 0.594 -0.6374 -0.6583 12.38 
0.523 2 2 3 0.0 0.0 0.484 0.621 -0.6177 -0.6583 12.39 
0.524 2 2 3 0.0 0.0 0.503 0.627 -0.5820 -0.6177 12.38 
0.525 2 2 3 0.0 0.0 0.527 0.626 -0.5904 -0.5904 12.39 
0.526 2 2 3 0.0 0.0 0.541 0.496 -0.5575 -0.5904 12.39 
0.527 2 2 3 0.0 0.0 0.501 0.478 -0.5281 -0.5498 12.39 
0.528 2 2 3 0.0 0.0 0.376 0.500 -0.5281 -0.5354 12.39 
0.529 2 2 3 0.0 0.0 0.374 0.503 -0.4779 -0.5281 12.39 
0.530 2 2 3 0.0 0.0 0.366 0.488 -0.4956 -0.5081 12.39 
0.531 2 2 3 0.0 0.0 0.393 0.453 -0.4836 -0.4667 12.39 
0.532 2 2 3 0.0 0.0 0.398 0.370 -0.3787 -0.4723 12.39 
0.533 2 2 3 0.0 0.0 0.387 0.392 -0.4016 -0.4510 12.39 
0.534 2 2 3 0.0 0.0 0.364 0.418 -0.3860 -0.4410 12.39 
0.535 2 2 3 0.0 0.0 0.314 0.440 -0.4016 -0.4016 12.39 
0.536 2 2 3 0.0 0.0 0.262 0.409 -0.3683 -0.4016 12.38 
0.537 2 2 3 0.0 0.0 0.271 0.380 -0.3683 -0.3651 12.38 
0.538 2 2 3 0.0 0.0 0.264 0.365 -0.3651 -0.3651 12.38 
0.539 2 2 3 0.0 0.0 0.298 0.357 -0.3265 -0.3651 12.39 
0.540 2 2 3 0.0 0.0 0.309 0.308 -0.3402 -0.3374 12.39 
0.541 2 2 3 0.0 0.0 0.306 0.258 -0.3113 -0.3161 12.39 
0.542 2 2 3 0.0 0.0 0.272 0.245 -0.3113 -0.3137 12.39 
0.543 2 2 3 0.0 0.0 0.254 0.254 -0.2952 -0.3430 12.39 
0.544 2 2 3 0.0 0.0 0.234 0.259 -0.2675 -0.3430 12.39 
0.545 2 2 3 0.0 0.0 0.226 0.282 -0.2675 -0.2888 12.39 
0.546 2 2 3 0.0 0.0 0.184 0.271 -0.2639 -0.2574 12.39 
0.547 2 2 3 0.0 0.0 0.168 0.262 -0.2181 -0.2574 12.39 
0.548 2 2 3 0.0 0.0 0.197 0.236 -0.2181 -0.2574 12.39 
0.549 2 2 3 0.0 0.0 0.179 0.257 -0.2293 -0.2522 12.39 
0.550 2 2 3 0.0 0.0 0.188 0.232 -0.2293 -0.2522 12.39 
0.551 2 2 3 0.0 0.0 0.187 0.204 -0.2113 -0.2265 12.39 
0.552 2 2 3 0.0 0.0 0.179 0.184 -0.2113 -0.2265 12.39 
0.553 2 2 3 0.0 0.0 0.180 0.193 -0.2036 -0.2241 12.39 
0.554 2 2 3 0.0 0.0 0.173 0.190 -0.2036 -0.2241 12.39 
0.555 2 2 3 0.0 0.0 0.154 0.212 -0.1707 -0.2016 12.39 
0.556 2 2 3 0.0 0.0 0.156 0.213 -0.1707 -0.2016 12.39 
0.557 2 2 3 0.0 0.0 0.139 0.186 -0.1707 -0.1920 12.38 
0.558 2 2 3 0.0 0.0 0.142 0.184 -0.1619 -0.1920 12.39 
0.559 2 2 3 0.0 0.0 0.136 0.191 -0.1619 -0.1663 12.39 
0.560 2 2 3 0.0 0.0 0.118 0.188 -0.1530 -0.1659 12.39 
0.561 2 2 3 0.0 0.0 0.108 0.172 -0.1313 -0.1659 12.39 
0.562 2 2 3 0.0 0.0 0.099 0.170 -0.1313 -0.1518 12.39 
0.563 2 2 3 0.0 0.0 0.093 0.182 -0.1313 -0.1518 12.39 
0.564 2 2 3 0.0 0.0 0.093 0.180 -0.1281 -0.1518 12.39 
0.565 2 2 3 0.0 0.0 0.088 0.164 -0.1281 -0.1249 12.39 
0.566 2 2 3 0.0 0.0 0.082 0.139 -0.1281 -0.1249 12.39 
0.567 2 2 3 0.0 0.0 0.086 0.130 -0.1165 -0.1249 12.39 
0.568 2 2 3 0.0 0.0 0.092 0.122 -0.1008 -0.1249 12.39 
0.569 2 2 3 0.0 0.0 0.094 0.121 -0.1008 -0.1068 12.39 
0.570 2 2 3 0.0 0.0 0.082 0.111 -0.1008 -0.1068 12.39 
0.571 2 2 3 0.0 0.0 0.099 0.106 -0.1008 -0.1068 12.39 
0.572 2 2 3 0.0 0.0 0.092 0.096 -0.0972 -0.1068 12.39 
0.573 2 2 3 0.0 0.0 0.067 0.083 -0.0972 -0.0912 12.38 
0.574 2 2 3 0.0 0.0 0.076 0.086 -0.0972 -0.0783 12.39 
0.575 2 2 3 0.0 0.0 0.076 0.072 -0.0972 -0.0783 12.39 
0.576 2 2 3 0.0 0.0 0.073 0.062 -0.0924 -0.0783 12.39 
0.577 2 2 3 0.0 0.0 0.083 0.048 -0.0751 -0.0783 12.39 
0.578 2 2 3 0.0 0.0 0.084 0.026 -0.0715 -0.0783 12.39 
0.579 2 2 3 0.0 0.0 0.077 0.034 -0.0715 -0.0759 12.39 
0.580 2 2 3 0.0 0.0 0.050 0.044 -0.0715 -0.0639 12.39 
0.581 2 2 3 0.0 0.0 0.053 0.039 -0.0715 -0.0594 12.39 
0.582 2 2 3 0.0 0.0 0.055 0.045 -0.0715 -0.0594 12.39 
0.583 2 2 3 0.0 0.0 0.040 0.035 -0.0699 -0.0594 12.40 
0.584 2 2 3 0.0 0.0 0.052 0.010 -0.0594 -0.0594 12.39 
0.585 2 2 3 0.0 0.0 0.035 0.026 -0.0522 -0.0594 12.40 
0.586 2 2 3 0.0 0.0 0.033 0.029 -0.0522 -0.0594 12.40 
0.587 2 2 3 0.0 0.0 0.022 0.007 -0.0522 -0.0594 12.39 
0.588 2 2 3 0.0 0.0 0.030 0.009 -0.0522 -0.0530 12.39 
0.589 2 2 3 0.0 0.0 0.029 0.017 -0.0522 -0.0470 12.39 
0.590 2 2 3 0.0 0.0 0.028 0.000 -0.0522 -0.0418 12.39 
0.591 2 2 3 0.0 0.0 0.037 0.011 -0.0522 -0.0390 12.39 
0.592 2 2 3 0.0 0.0 0.020 0.012 -0.0522 -0.0390 12.39 
0.593 2 2 3 0.0 0.0 0.001 0.021 -0.0494 -0.0390 12.39 
0.594 2 2 3 0.0 0.0 0.023 0.007 -0.0442 -0.0390 12.39 
0.595 2 2 3 0.0 0.0 0.001 0.018 -0.0398 -0.0390 12.39 
0.596 2 2 3 0.0 0.0 0.002 0.007 -0.0361 -0.0390 12.39 
0.597 2 2 3 0.0 0.0 0.001 0.022 -0.0329 -0.0390 12.39 
0.598 2 2 3 0.0 0.0 -0.005 0.003 -0.0305 -0.0390 12.39 
0.599 2 2 3 0.0 0.0 -0.002 0.003 -0.0285 -0.0390 12.39 
0.600 2 2 3 0.0 0.0 0.012 -0.014 -0.0265 -0.0390 12.39 
0.601 2 2 3 0.0 0.0 0.003 -0.019 -0.0249 -0.0390 12.39 
0.602 2 2 3 0.0 0.0 0.014 -0.006 -0.0233 -0.0353 12.39 
0.603 2 2 3 0.0 0.0 -0.008 -0.018 -0.0221 -0.0325 12.40 
0.604 2 2 3 0.0 0.0 -0.006 -0.010 -0.0209 -0.0301 12.39 
0.605 2 2 3 0.0 0.0 -0.001 -0.006 -0.0197 -0.0277 12.40 
0.606 2 2 3 0.0 0.0 -0.002 -0.004 -0.0189 -0.0261 12.40 
0.607 2 2 3 0.0 0.0 -0.006 -0.006 -0.0181 -0.0245 12.39 
0.608 2 2 3 0.0 0.0 -0.006 -0.005 -0.0173 -0.0229 12.39 
0.609 2 2 3 0.0 0.0 0.016 -0.009 -0.0165 -0.0217 12.39 
0.610 2 2 3 0.0 0.0 0.002 0.007 -0.0157 -0.0205 12.39 
0.611 2 2 3 0.0 0.0 -0.001 0.001 -0.0153 -0.0197 12.38 
0.612 2 2 3 0.0 0.0 -0.006 0.006 -0.0145 -0.0185 12.38 
0.613 2 2 3 0.0 0.0 -0.009 0.015 -0.0141 -0.0177 12.39 
0.614 2 2 3 0.0 0.0 -0.007 0.008 -0.0137 -0.0169 12.39 
0.615 2 2 3 0.0 0.0 -0.007 0.009 -0.0133 -0.0165 12.39 
0.616 2 2 3 0.0 0.0 0.020 0.000 -0.0129 -0.0157 12.38 
0.617 2 2 3 0.0 0.0 -0.002 -0.010 -0.0125 -0.0153 12.39 
0.618 2 2 3 0.0 0.0 -0.006 -0.009 -0.0120 -0.0145 12.39 
0.619 2 2 3 0.0 0.0 0.002 -0.003 -0.0116 -0.0141 12.40 
0.620 2 2 3 0.0 0.0 -0.017 -0.007 -0.0112 -0.0137 12.39 
0.621 2 2 3 0.0 0.0 -0.022 -0.005 -0.0108 -0.0133 12.39 
0.622 2 2 3 0.0 0.0 -0.026 -0.004 -0.0104 -0.0125 12.39 
0.623 2 2 3 0.0 0.0 -0.017 -0.014 -0.0104 -0.0120 12.39 
0.624 2 2 3 0.0 0.0 -0.021 0.004 -0.0100 -0.0120 12.39 
0.625 2 2 3 0.0 0.0 -0.022 0.005 -0.0096 -0.0116 12.39 
0.626 2 2 3 0.0 0.0 -0.022 0.018 -0.0096 -0.0112 12.39 
0.627 2 2 3 0.0 0.0 -0.017 -0.003 -0.0092 -0.0108 12.39 
0.628 2 2 3 0.0 0.0 -0.004 -0.001 -0.0092 -0.0104 12.39 
0.629 2 2 3 0.0 0.0 -0.006 -0.011 -0.0088 -0.0104 12.39 
0.630 2 2 3 0.0 0.0 -0.004 -0.001 -0.0088 -0.0100 12.39 
0.631 2 2 3 0.0 0.0 -0.012 -0.016 -0.0084 -0.0096 12.39 
0.632 2 2 3 0.0 0.0 -0.002 -0.016 -0.0084 -0.0096 12.39 
0.633 2 2 3 0.0 0.0 -0.000 0.002 -0.0080 -0.0092 12.39 
0.634 2 2 3 0.0 0.0 -0.018 0.009 -0.0080 -0.0092 12.39 
0.635 2 2 3 0.0 0.0 -0.030 0.017 -0.0076 -0.0088 12.39 
0.636 2 2 3 0.0 0.0 -0.010 -0.003 -0.0076 -0.0088 12.39 
0.637 2 2 3 0.0 0.0 -0.007 0.003 -0.0076 -0.0084 12.39 
0.638 2 2 3 0.0 0.0 -0.003 -0.001 -0.0072 -0.0084 12.39 
0.639 2 2 3 0.0 0.0 -0.014 0.001 -0.0072 -0.0080 12.39 
0.640 2 2 3 0.0 0.0 -0.013 0.003 -0.0072 -0.0080 12.39 
0.641 2 2 3 0.0 0.0 -0.011 -0.005 -0.0068 -0.0076 12.39 
0.642 2 2 3 0.0 0.0 -0.003 -0.002 -0.0068 -0.0076 12.39 
0.643 2 2 3 0.0 0.0 0.005 -0.016 -0.0068 -0.0076 12.39 
0.644 2 2 3 0.0 0.0 0.003 -0.007 -0.0064 -0.0072 12.39 
0.645 2 2 3 0.0 0.0 0.008 -0.016 -0.0064 -0.0072 12.39 
0.646 2 2 3 0.0 0.0 0.008 0.002 -0.0064 -0.0072 12.39 
0.647 2 2 3 0.0 0.0 0.001 0.007 -0.0064 -0.0068 12.39 
0.648 2 2 3 0.0 0.0 0.003 0.005 -0.0060 -0.0068 12.39 
0.649 2 2 3 0.0 0.0 -0.003 0.015 -0.0060 -0.0068 12.39 
0.650 2 2 3 0.0 0.0 -0.003 0.005 -0.0060 -0.0064 12.39 
0.651 2 2 3 0.0 0.0 0.012 0.007 -0.0060 -0.0064 12.39 
0.652 2 2 3 0.0 0.0 0.012 0.000 -0.0056 -0.0064 12.39 
0.653 2 2 3 0.0 0.0 0.008 0.015 -0.0056 -0.0064 12.39 
0.654 2 2 3 0.0 0.0 0.014 0.026 -0.0056 -0.0060 12.39 
0.655 2 2 3 0.0 0.0 0.003 0.015 -0.0056 -0.0060 12.39 
0.656 2 2 3 0.0 0.0 0.021 0.016 -0.0056 -0.0060 12.39 
0.657 2 2 3 0.0 0.0 0.016 -0.007 -0.0052 -0.0060 12.39 
0.658 2 2 3 0.0 0.0 0.011 0.001 -0.0052 -0.0056 12.39 
0.659 2 2 3 0.0 0.0 0.005 0.022 -0.0052 -0.0056 12.39 
0.660 2 2 3 0.0 0.0 0.010 0.015 -0.0052 -0.0056 12.39 
0.661 2 2 3 0.0 0.0 0.008 0.006 -0.0052 -0.0056 12.39 
0.662 2 2 3 0.0 0.0 0.005 0.011 -0.0048 -0.0056 12.39 
0.663 2 2 3 0.0 0.0 -0.007 0.014 -0.0048 -0.0052 12.39 
0.664 2 2 3 0.0 0.0 -0.004 0.015 -0.0048 -0.0052 12.39 
0.665 2 2 3 0.0 0.0 0.001 0.021 -0.0048 -0.0052 12.39 
