%% logfile from robot Mille (26)
% Mille (26)
%  1    time 0.000 sec
%  2  3  4   (mission 0), state 2, thread 19, line 0
%  5  6 Motor voltage [V] left, right: 1.6 1.6
%  7  8 Motor current left, right [A]: 0.040 0.054
%  9 10 Wheel velocity [m/s] left, right: -0.0000 0.0000
% 11    Battery voltage [V]: 12.21
0.001 2 19 0 1.6 1.6 0.098 0.050 -0.0000 0.0000 12.20 
0.002 2 19 0 1.6 1.6 0.225 0.272 -0.0000 0.0000 12.20 
0.003 2 19 0 1.6 1.6 0.287 0.332 -0.0000 0.0000 12.18 
0.004 2 19 0 1.6 1.6 0.301 0.345 -0.0000 0.0000 12.18 
0.005 2 19 0 1.6 1.6 0.299 0.369 -0.0000 0.0000 12.19 
0.006 2 19 0 1.6 1.6 0.324 0.391 0.0000 0.0000 12.20 
0.007 2 19 0 1.6 1.6 0.318 0.395 0.0000 0.0000 12.20 
0.008 2 19 0 1.6 1.6 0.283 0.376 0.0000 0.0000 12.18 
0.009 2 19 0 1.6 1.6 0.272 0.388 0.0000 0.0000 12.19 
0.010 2 19 0 1.6 1.6 0.271 0.371 0.0000 0.0000 12.19 
0.011 2 19 0 1.6 1.6 0.294 0.365 0.0000 0.0000 12.18 
0.012 2 19 0 1.6 1.6 0.288 0.369 0.0755 0.0000 12.19 
0.013 2 19 0 1.6 1.6 0.288 0.363 0.0755 0.0000 12.20 
0.014 2 19 0 1.6 1.6 0.254 0.334 0.0755 0.0000 12.20 
0.015 2 19 0 1.6 1.6 0.567 0.336 0.1129 0.0787 12.17 
0.016 2 19 0 1.6 1.6 0.507 -0.146 0.1129 0.0787 12.18 
0.017 2 19 0 1.6 1.6 0.324 0.209 0.1129 0.0787 12.19 
0.018 2 19 0 1.6 1.6 0.279 0.289 0.1305 0.0787 12.19 
0.019 2 19 0 1.6 1.6 0.269 0.315 0.1305 0.1084 12.19 
0.020 2 19 0 1.6 1.6 0.212 0.333 0.1305 0.1084 12.20 
0.021 2 19 0 1.6 1.6 0.178 0.301 0.1414 0.1084 12.20 
0.022 2 19 0 1.6 1.6 0.155 0.296 0.1414 0.1394 12.19 
0.023 2 19 0 1.6 1.6 0.212 0.332 0.1414 0.1394 12.16 
0.024 2 19 0 1.6 1.6 0.239 0.306 0.1586 0.1530 12.19 
0.025 2 19 0 1.6 1.6 0.220 0.282 0.1586 0.1530 12.19 
0.026 2 19 0 1.6 1.6 0.227 0.282 0.1606 0.1856 12.19 
0.027 2 19 0 1.6 1.6 0.221 0.270 0.1606 0.1856 12.19 
0.028 2 19 0 1.6 1.6 0.231 0.276 0.1606 0.2036 12.19 
0.029 2 19 0 1.6 1.6 0.191 0.267 0.1731 0.2036 12.20 
0.030 2 19 0 1.6 1.6 0.231 0.296 0.1731 0.2169 12.19 
0.031 2 19 0 1.6 1.6 0.223 0.293 0.1791 0.2169 12.19 
0.032 2 19 0 1.6 1.6 0.196 0.267 0.1791 0.2113 12.18 
0.033 2 19 0 1.6 1.6 0.181 0.254 0.2157 0.2113 12.18 
0.034 2 19 0 1.6 1.6 0.178 0.254 0.2157 0.2345 12.20 
0.035 2 19 0 1.6 1.6 0.182 0.234 0.1996 0.2345 12.19 
0.036 2 19 0 1.6 1.6 0.201 0.222 0.1996 0.2265 12.18 
0.037 2 19 0 1.6 1.6 0.195 0.193 0.2080 0.2478 12.19 
0.038 2 19 0 1.6 1.6 0.159 0.187 0.2181 0.2478 12.20 
0.039 2 19 0 1.6 1.6 0.213 0.187 0.2181 0.2374 12.20 
0.040 2 19 0 1.6 1.6 0.241 0.202 0.2374 0.2374 12.18 
0.041 2 19 0 1.6 1.6 0.189 0.216 0.2374 0.2639 12.18 
0.042 2 19 0 1.6 1.6 0.153 0.212 0.2293 0.2675 12.18 
0.043 2 19 0 1.6 1.6 0.167 0.218 0.2510 0.2848 12.19 
0.044 2 19 0 1.6 1.6 0.159 0.191 0.2510 0.2848 12.19 
0.045 2 19 0 1.6 1.6 0.164 0.208 0.2205 0.2623 12.19 
0.046 2 19 0 1.6 1.6 0.120 0.182 0.2205 0.2868 12.19 
0.047 2 19 0 1.6 1.6 0.198 0.176 0.2333 0.2868 12.17 
0.048 2 19 0 1.6 1.6 0.185 0.164 0.2333 0.2928 12.19 
0.049 2 19 0 1.6 1.6 0.181 0.169 0.2305 0.2952 12.18 
0.050 2 19 0 1.6 1.6 0.158 0.169 0.2607 0.2848 12.18 
0.051 2 19 0 1.6 1.6 0.144 0.175 0.2607 0.2659 12.20 
0.052 2 19 0 1.6 1.6 0.199 0.173 0.2390 0.3064 12.18 
0.053 2 19 0 1.6 1.6 0.202 0.185 0.2390 0.3088 12.18 
0.054 2 19 0 1.6 1.6 0.178 0.173 0.2590 0.3237 12.17 
0.055 2 19 0 1.6 1.6 0.138 0.213 0.2446 0.3237 12.19 
0.056 2 19 0 1.6 1.6 0.217 0.202 0.2446 0.3064 12.18 
0.057 2 19 0 1.6 1.6 0.183 0.196 0.2623 0.3237 12.15 
0.058 2 19 0 1.6 1.6 0.164 0.183 0.2510 0.3113 12.18 
0.059 2 19 0 1.6 1.6 0.117 0.146 0.2510 0.3113 12.18 
0.060 2 19 0 1.6 1.6 0.128 0.151 0.2747 0.3317 12.20 
0.061 2 19 0 1.6 1.6 0.151 0.173 0.2574 0.3265 12.20 
0.062 2 19 0 1.6 1.6 0.140 0.168 0.2574 0.3374 12.20 
0.063 2 19 0 1.6 1.6 0.195 0.154 0.2827 0.2952 12.19 
0.064 2 19 0 1.6 1.6 0.181 0.185 0.2639 0.3550 12.19 
0.065 2 19 0 1.6 1.6 0.160 0.148 0.2639 0.3550 12.19 
0.066 2 19 0 1.6 1.6 0.159 0.146 0.2787 0.3265 12.17 
0.067 2 19 0 1.6 1.6 0.169 0.159 0.2695 0.3550 12.19 
0.068 2 19 0 1.6 1.6 0.160 0.130 0.2695 0.3522 12.20 
0.069 2 19 0 1.6 1.6 0.129 0.134 0.2827 0.3582 12.20 
0.070 2 19 0 1.6 1.6 0.106 0.135 0.2623 0.3550 12.20 
0.071 2 19 0 1.6 1.6 0.071 0.109 0.2623 0.3615 12.20 
0.072 2 19 0 1.6 1.6 0.134 0.120 0.2711 0.3550 12.19 
0.073 2 19 0 1.6 1.6 0.126 0.168 0.2675 0.3550 12.19 
0.074 2 19 0 1.6 1.6 0.125 0.169 0.3040 0.3683 12.19 
0.075 2 19 0 1.6 1.6 0.126 0.169 0.3040 0.3213 12.19 
0.076 2 19 0 1.6 1.6 0.145 0.133 0.2675 0.3715 12.16 
0.077 2 19 0 1.6 1.6 0.166 0.110 0.2747 0.3860 12.19 
0.078 2 19 0 1.6 1.6 0.155 0.129 0.2747 0.3751 12.18 
0.079 2 19 0 1.6 1.6 0.128 0.161 0.2675 0.3289 12.18 
0.080 2 19 0 1.6 1.6 0.080 0.123 0.2952 0.3787 12.20 
0.081 2 19 0 1.6 1.6 0.138 0.114 0.2952 0.3860 12.20 
0.082 2 19 0 1.6 1.6 0.133 0.131 0.2574 0.3860 12.20 
0.083 2 19 0 1.6 1.6 0.099 0.159 0.2554 0.3522 12.19 
0.084 2 19 0 1.6 1.6 0.112 0.134 0.2554 0.3823 12.18 
0.085 2 19 0 1.6 1.6 0.136 0.118 0.2590 0.3823 12.18 
0.086 2 19 0 1.6 1.6 0.150 0.133 0.2848 0.3751 12.20 
0.087 2 19 0 1.6 1.6 0.177 0.118 0.2848 0.3823 12.20 
0.088 2 19 0 1.6 1.6 0.168 0.130 0.2623 0.3615 12.20 
0.089 2 19 0 1.6 1.6 0.149 0.153 0.2731 0.3823 12.19 
0.090 2 19 0 1.6 1.6 0.173 0.103 0.2731 0.3896 12.19 
0.091 2 19 0 1.6 1.6 0.188 0.124 0.2695 0.3936 12.18 
0.092 2 19 0 1.6 1.6 0.146 0.127 0.2908 0.3615 12.18 
0.093 2 19 0 1.6 1.6 0.129 0.131 0.2908 0.3936 12.20 
0.094 2 19 0 1.6 1.6 0.144 0.136 0.2659 0.3715 12.20 
0.095 2 19 0 1.6 1.6 0.151 0.136 0.2767 0.3936 12.20 
0.096 2 19 0 1.6 1.6 0.132 0.069 0.2767 0.3651 12.19 
0.097 2 19 0 1.6 1.6 0.147 0.076 0.2731 0.3976 12.18 
0.098 2 19 0 1.6 1.6 0.147 0.112 0.2952 0.3860 12.18 
0.099 2 19 0 1.6 1.6 0.169 0.138 0.2747 0.4016 12.19 
0.100 2 19 0 1.6 1.6 0.167 0.182 0.2747 0.3715 12.19 
0.101 2 19 0 1.6 1.6 0.165 0.127 0.2888 0.3976 12.19 
0.102 2 19 0 1.6 1.6 0.151 0.101 0.2767 0.4016 12.20 
0.103 2 19 0 1.6 1.6 0.155 0.098 0.2767 0.4016 12.20 
0.104 2 19 0 1.6 1.6 0.157 0.114 0.2827 0.3550 12.20 
0.105 2 19 0 1.6 1.6 0.165 0.107 0.2767 0.4016 12.20 
0.106 2 19 0 1.6 1.6 0.142 0.086 0.3185 0.3936 12.20 
0.107 2 19 0 1.6 1.6 0.106 0.085 0.3185 0.4016 12.21 
0.108 2 19 0 1.6 1.6 0.150 0.115 0.2848 0.3823 12.21 
0.109 2 19 0 1.6 1.6 0.185 0.145 0.2827 0.3976 12.19 
0.110 2 19 0 1.6 1.6 0.183 0.115 0.2827 0.3896 12.20 
0.111 2 19 0 1.6 1.6 0.170 0.133 0.2868 0.4016 12.20 
0.112 2 19 0 1.6 1.6 0.146 0.077 0.3016 0.3976 12.20 
0.113 2 19 0 1.6 1.6 0.142 0.059 0.2928 0.4056 12.20 
0.114 2 19 0 1.6 1.6 0.164 0.088 0.2928 0.3751 12.20 
0.115 2 19 0 1.6 1.6 0.110 0.129 0.3265 0.3522 12.20 
0.116 2 19 0 1.6 1.6 0.086 0.160 0.2848 0.3787 12.19 
0.117 2 19 0 1.6 1.6 0.114 0.119 0.2972 0.3787 12.20 
0.118 2 19 0 1.6 1.6 0.444 0.114 0.2972 0.3976 12.17 
0.119 2 19 0 1.6 1.6 0.383 -0.419 0.2888 0.4056 12.19 
0.120 2 19 0 1.6 1.6 0.174 -0.008 0.3213 0.4097 12.20 
0.121 2 19 0 1.6 1.6 0.153 0.039 0.2908 0.4097 12.20 
0.122 2 19 0 1.6 1.6 0.170 0.050 0.2908 0.4016 12.20 
0.123 2 19 0 1.6 1.6 0.172 0.081 0.3137 0.4097 12.19 
0.124 2 19 0 1.6 1.6 0.163 0.120 0.2928 0.3896 12.19 
0.125 2 19 0 1.6 1.6 0.135 0.114 0.3088 0.3651 12.20 
0.126 2 19 0 1.6 1.6 0.167 0.111 0.3088 0.4097 12.20 
0.127 2 19 0 1.6 1.6 0.098 0.103 0.2952 0.4137 12.19 
0.128 2 19 0 1.6 1.6 0.083 0.064 0.3237 0.3787 12.20 
0.129 2 19 0 1.6 1.6 0.105 0.080 0.2996 0.3936 12.20 
0.130 2 19 0 1.6 1.6 0.151 0.097 0.3265 0.4097 12.20 
0.131 2 19 0 1.6 1.6 0.153 0.120 0.3265 0.4181 12.20 
0.132 2 19 0 1.6 1.6 0.136 0.175 0.3040 0.3896 12.20 
0.133 2 19 0 1.6 1.6 0.166 0.102 0.3213 0.4056 12.21 
0.134 2 19 0 1.6 1.6 0.134 0.097 0.3064 0.4137 12.21 
0.135 2 19 0 1.6 1.6 0.158 0.046 0.3064 0.4181 12.21 
0.136 2 19 0 1.6 1.6 0.123 0.052 0.3213 0.3936 12.18 
0.137 2 19 0 1.6 1.6 0.102 0.092 0.2972 0.4097 12.19 
0.138 2 19 0 1.6 1.6 0.098 0.076 0.3064 0.4181 12.20 
0.139 2 19 0 1.6 1.6 0.108 0.115 0.3064 0.4225 12.21 
0.140 2 19 0 1.6 1.6 0.104 0.092 0.2972 0.3936 12.20 
0.141 2 19 0 1.6 1.6 0.113 0.087 0.3374 0.4097 12.20 
0.142 2 19 0 1.6 1.6 0.128 0.050 0.2928 0.3976 12.19 
0.143 2 19 0 1.6 1.6 0.150 0.059 0.2928 0.4137 12.20 
0.144 2 19 0 1.6 1.6 0.154 0.108 0.3016 0.3936 12.20 
0.145 2 19 0 1.6 1.6 0.123 0.128 0.2928 0.4097 12.20 
0.146 2 19 0 1.6 1.6 0.121 0.122 0.3213 0.4137 12.20 
0.147 2 19 0 1.6 1.6 0.113 0.126 0.2952 0.4225 12.21 
0.148 2 19 0 1.6 1.6 0.097 0.098 0.2827 0.3936 12.21 
0.149 2 19 0 1.6 1.6 0.108 0.115 0.2807 0.4097 12.21 
0.150 2 19 0 1.6 1.6 0.121 0.099 0.2848 0.4181 12.21 
0.151 2 19 0 1.6 1.6 0.116 0.092 0.2848 0.4225 12.21 
0.152 2 19 0 1.6 1.6 0.142 0.095 0.3113 0.3751 12.21 
0.153 2 19 0 1.6 1.6 0.168 0.067 0.2868 0.3976 12.19 
0.154 2 19 0 1.6 1.6 0.155 0.046 0.2928 0.4097 12.20 
0.155 2 19 0 1.6 1.6 0.144 0.076 0.2928 0.4225 12.21 
0.156 2 19 0 1.6 1.6 0.152 0.124 0.2928 0.4137 12.21 
0.157 2 19 0 1.6 1.6 0.166 0.115 0.3137 0.4181 12.20 
0.158 2 19 0 1.6 1.6 0.114 0.123 0.2888 0.4137 12.20 
0.159 2 19 0 1.6 1.6 0.101 0.113 0.2868 0.4225 12.21 
0.160 2 19 0 1.6 1.6 0.132 0.080 0.2972 0.4269 12.21 
0.161 2 19 0 1.6 1.6 0.121 0.040 0.2908 0.3787 12.21 
0.162 2 19 0 1.6 1.6 0.139 0.084 0.2908 0.4016 12.21 
0.163 2 19 0 1.6 1.6 0.125 0.081 0.3137 0.3976 12.21 
0.164 2 19 0 1.6 1.6 0.140 0.104 0.2928 0.4181 12.21 
0.165 2 19 0 1.6 1.6 0.135 0.124 0.3040 0.4269 12.21 
0.166 2 19 0 1.6 1.6 0.135 0.084 0.3040 0.4317 12.21 
0.167 2 19 0 1.6 1.6 0.142 0.109 0.2908 0.4317 12.21 
0.168 2 19 0 1.6 1.6 0.129 0.113 0.2972 0.4317 12.21 
0.169 2 19 0 1.6 1.6 0.132 0.074 0.2888 0.4269 12.21 
0.170 2 19 0 1.6 1.6 0.105 0.085 0.2888 0.4317 12.21 
0.171 2 19 0 1.6 1.6 0.138 0.113 0.3346 0.3787 12.21 
0.172 2 19 0 1.6 1.6 0.120 0.120 0.2952 0.4056 12.21 
0.173 2 19 0 1.6 1.6 0.145 0.097 0.2952 0.4269 12.21 
0.174 2 19 0 1.6 1.6 0.158 0.122 0.2952 0.4317 12.20 
0.175 2 19 0 1.6 1.6 0.166 0.093 0.2996 0.3823 12.21 
0.176 2 19 0 1.6 1.6 0.146 0.053 0.3185 0.4056 12.21 
0.177 2 19 0 1.6 1.6 0.122 0.046 0.3064 0.4269 12.21 
0.178 2 19 0 1.6 1.6 0.113 0.060 0.3402 0.4317 12.21 
0.179 2 19 0 1.6 1.6 0.095 0.134 0.3402 0.4181 12.21 
0.180 2 19 0 1.6 1.6 0.086 0.101 0.2972 0.4269 12.21 
0.181 2 19 0 1.6 1.6 0.073 0.121 0.3088 0.4317 12.21 
0.182 2 19 0 1.6 1.6 0.105 0.065 0.3016 0.4016 12.21 
0.183 2 19 0 1.6 1.6 0.122 0.029 0.3016 0.4097 12.21 
0.184 2 19 0 1.6 1.6 0.099 0.033 0.3346 0.4137 12.21 
0.185 2 19 0 1.6 1.6 0.116 0.081 0.3016 0.4181 12.21 
0.186 2 19 0 1.6 1.6 0.130 0.164 0.3213 0.3860 12.21 
0.187 2 19 0 1.6 1.6 0.143 0.160 0.2996 0.4016 12.20 
0.188 2 19 0 1.6 1.6 0.152 0.131 0.2996 0.3936 12.20 
0.189 2 19 0 1.6 1.6 0.139 0.129 0.3137 0.4056 12.20 
0.190 2 19 0 1.6 1.6 0.114 0.083 0.2996 0.3860 12.21 
0.191 2 19 0 1.6 1.6 0.108 0.070 0.3289 0.4016 12.21 
0.192 2 19 0 1.6 1.6 0.099 0.103 0.3289 0.4016 12.21 
0.193 2 19 0 1.6 1.6 0.132 0.125 0.3064 0.4097 12.20 
0.194 2 19 0 1.6 1.6 0.122 0.141 0.3317 0.3860 12.21 
0.195 2 19 0 1.6 1.6 0.140 0.109 0.3088 0.4016 12.21 
0.196 2 19 0 1.6 1.6 0.127 0.070 0.3237 0.4097 12.20 
0.197 2 19 0 1.6 1.6 0.138 0.042 0.3237 0.4137 12.21 
0.198 2 19 0 1.6 1.6 0.136 0.084 0.3137 0.3683 12.21 
0.199 2 19 0 1.6 1.6 0.118 0.088 0.3265 0.3936 12.21 
0.200 2 19 0 1.6 1.6 0.079 0.092 0.3016 0.4016 12.21 
0.201 2 19 1 4.0 4.0 0.076 0.133 0.3088 0.4137 12.21 
0.202 2 19 1 4.0 4.0 0.238 0.184 0.3088 0.3936 12.20 
0.203 2 19 1 4.0 4.0 0.500 0.401 0.3064 0.4056 12.19 
0.204 2 19 1 4.0 4.0 0.613 0.559 0.3651 0.4097 12.18 
0.205 2 19 1 4.0 4.0 0.703 0.642 0.3346 0.4317 12.18 
0.206 2 19 1 4.0 4.0 0.780 0.686 0.3615 0.4462 12.17 
0.207 2 19 1 4.0 4.0 0.664 0.744 0.3715 0.4667 12.18 
0.208 2 19 1 4.0 4.0 0.627 0.814 0.3976 0.4896 12.17 
0.209 2 19 1 4.0 4.0 0.595 0.708 0.3860 0.4896 12.18 
0.210 2 19 1 4.0 4.0 0.595 0.623 0.4016 0.5149 12.18 
0.211 2 19 1 4.0 4.0 0.623 0.624 0.4137 0.5498 12.18 
0.212 2 19 1 4.0 4.0 0.586 0.651 0.4410 0.5655 12.18 
0.213 2 19 1 4.0 4.0 0.667 0.654 0.4462 0.5904 12.18 
0.214 2 19 1 4.0 4.0 0.619 0.665 0.4562 0.6085 12.18 
0.215 2 19 1 4.0 4.0 0.588 0.557 0.4896 0.6085 12.18 
0.216 2 19 1 4.0 4.0 0.558 0.565 0.4896 0.6374 12.18 
0.217 2 19 1 4.0 4.0 0.540 0.575 0.5020 0.6177 12.18 
0.218 2 19 1 4.0 4.0 0.547 0.559 0.5081 0.6474 12.18 
0.219 2 19 1 4.0 4.0 0.566 0.590 0.5354 0.6804 12.18 
0.220 2 19 1 4.0 4.0 0.820 0.510 0.5498 0.6924 12.17 
0.221 2 19 1 4.0 4.0 0.745 -0.042 0.5575 0.7044 12.17 
0.222 2 19 1 4.0 4.0 0.557 0.338 0.5575 0.6924 12.18 
0.223 2 19 1 4.0 4.0 0.482 0.458 0.5992 0.7169 12.19 
0.224 2 19 1 4.0 4.0 0.527 0.476 0.5820 0.7169 12.18 
0.225 2 19 1 4.0 4.0 0.596 0.444 0.5904 0.7302 12.18 
0.226 2 19 1 4.0 4.0 0.481 0.398 0.6085 0.7434 12.19 
0.227 2 19 1 4.0 4.0 0.467 0.469 0.6273 0.7575 12.18 
0.228 2 19 1 4.0 4.0 0.437 0.529 0.6374 0.7723 12.18 
0.229 2 19 1 4.0 4.0 0.464 0.383 0.6691 0.7723 12.18 
0.230 2 19 1 4.0 4.0 0.460 0.395 0.6583 0.8032 12.18 
0.231 2 19 1 4.0 4.0 0.440 0.391 0.6583 0.7872 12.19 
0.232 2 19 1 4.0 4.0 0.433 0.401 0.6583 0.8193 12.19 
0.233 2 19 1 4.0 4.0 0.402 0.364 0.6924 0.8193 12.19 
0.234 2 19 1 4.0 4.0 0.463 0.365 0.7044 0.8193 12.19 
0.235 2 19 1 4.0 4.0 0.425 0.363 0.7044 0.8366 12.18 
0.236 2 19 1 4.0 4.0 0.406 0.403 0.7044 0.8032 12.18 
0.237 2 19 1 4.0 4.0 0.364 0.381 0.7044 0.8193 12.19 
0.238 2 19 1 4.0 4.0 0.373 0.358 0.7169 0.8727 12.19 
0.239 2 19 1 4.0 4.0 0.430 0.304 0.7302 0.8727 12.18 
0.240 2 19 1 4.0 4.0 0.394 0.391 0.7302 0.8366 12.17 
0.241 2 19 1 4.0 4.0 0.361 0.362 0.7434 0.8727 12.19 
0.242 2 19 1 4.0 4.0 0.323 0.354 0.7302 0.8366 12.19 
0.243 2 19 1 4.0 4.0 0.367 0.400 0.7434 0.8727 12.18 
0.244 2 19 1 4.0 4.0 0.353 0.346 0.7434 0.8924 12.19 
0.245 2 19 1 4.0 4.0 0.383 0.326 0.7723 0.8924 12.19 
0.246 2 19 1 4.0 4.0 0.317 0.293 0.7575 0.9125 12.19 
0.247 2 19 1 4.0 4.0 0.349 0.294 0.7872 0.9125 12.19 
0.248 2 19 1 4.0 4.0 0.333 0.335 0.7872 0.9125 12.19 
0.249 2 19 1 4.0 4.0 0.334 0.307 0.7723 0.9125 12.18 
0.250 2 19 1 4.0 4.0 0.304 0.261 0.7872 0.9338 12.19 
0.251 2 19 1 4.0 4.0 0.333 0.324 0.7723 0.9125 12.19 
0.252 2 19 1 4.0 4.0 0.411 0.341 0.7872 0.9338 12.19 
0.253 2 19 1 4.0 4.0 0.326 0.288 0.8193 0.8543 12.19 
0.254 2 19 1 4.0 4.0 0.334 0.307 0.8193 0.8727 12.19 
0.255 2 19 1 4.0 4.0 0.334 0.326 0.8193 0.8924 12.19 
0.256 2 19 1 4.0 4.0 0.307 0.326 0.8193 0.8924 12.19 
0.257 2 19 1 4.0 4.0 0.318 0.319 0.8193 0.9125 12.19 
0.258 2 19 1 4.0 4.0 0.288 0.335 0.8193 0.8543 12.19 
0.259 2 19 1 4.0 4.0 0.315 0.311 0.8366 0.8727 12.19 
0.260 2 19 1 4.0 4.0 0.330 0.321 0.8366 0.9125 12.19 
0.261 2 19 1 4.0 4.0 0.297 0.275 0.8543 0.9338 12.19 
0.262 2 19 1 4.0 4.0 0.288 0.321 0.8366 0.9125 12.19 
0.263 2 19 1 4.0 4.0 0.304 0.298 0.8727 0.9559 12.19 
0.264 2 19 1 4.0 4.0 0.361 0.297 0.8727 0.9338 12.18 
0.265 2 19 1 4.0 4.0 0.267 0.358 0.8193 0.9559 12.19 
0.266 2 19 1 4.0 4.0 0.252 0.313 0.8543 0.9559 12.19 
0.267 2 19 1 4.0 4.0 0.282 0.255 0.8727 0.9559 12.19 
0.268 2 19 1 4.0 4.0 0.325 0.240 0.8727 0.9796 12.19 
0.269 2 19 1 4.0 4.0 0.292 0.250 0.8727 0.9559 12.19 
0.270 2 19 1 4.0 4.0 0.254 0.269 0.8727 0.9796 12.19 
0.271 2 19 1 4.0 4.0 0.296 0.242 0.8727 0.9796 12.19 
0.272 2 19 1 4.0 4.0 0.275 0.288 0.8727 0.9796 12.19 
0.273 2 19 1 4.0 4.0 0.290 0.282 0.8727 0.9796 12.19 
0.274 2 19 1 4.0 4.0 0.277 0.228 0.8924 0.9559 12.18 
0.275 2 19 1 4.0 4.0 0.375 0.233 0.8924 1.0041 12.18 
0.276 2 19 1 4.0 4.0 0.320 0.289 0.9125 1.0041 12.19 
0.277 2 19 1 4.0 4.0 0.250 0.324 0.9125 1.0041 12.19 
0.278 2 19 1 4.0 4.0 0.259 0.294 0.9338 0.9559 12.19 
0.279 2 19 1 4.0 4.0 0.278 0.243 0.8924 0.9796 12.18 
0.280 2 19 1 4.0 4.0 0.269 0.240 0.8924 1.0041 12.19 
0.281 2 19 1 4.0 4.0 0.259 0.221 0.9125 1.0041 12.19 
0.282 2 19 1 4.0 4.0 0.306 0.225 0.9125 1.0041 12.18 
0.283 2 19 1 4.0 4.0 0.289 0.228 0.9125 1.0298 12.19 
0.284 2 19 1 4.0 4.0 0.253 0.213 0.9125 1.0041 12.19 
0.285 2 19 1 4.0 4.0 0.247 0.194 0.9338 1.0298 12.19 
0.286 2 19 1 4.0 4.0 0.298 0.282 0.9125 1.0298 12.19 
0.287 2 19 1 4.0 4.0 0.254 0.255 0.9338 1.0298 12.19 
0.288 2 19 1 4.0 4.0 0.206 0.243 0.9338 1.0298 12.19 
0.289 2 19 1 4.0 4.0 0.263 0.267 0.9338 1.0298 12.18 
0.290 2 19 1 4.0 4.0 0.290 0.221 0.9338 1.0298 12.18 
0.291 2 19 1 4.0 4.0 0.236 0.185 0.9338 1.0298 12.18 
0.292 2 19 1 4.0 4.0 0.258 0.187 0.9338 1.0298 12.19 
0.293 2 19 1 4.0 4.0 0.251 0.198 0.9338 1.0567 12.19 
0.294 2 19 1 4.0 4.0 0.263 0.193 0.9338 1.0567 12.19 
0.295 2 19 1 4.0 4.0 0.244 0.214 0.9559 1.0567 12.19 
0.296 2 19 1 4.0 4.0 0.274 0.224 0.9338 1.0567 12.19 
0.297 2 19 1 4.0 4.0 0.311 0.195 0.9338 1.0567 12.19 
0.298 2 19 1 4.0 4.0 0.244 0.199 0.9559 1.0567 12.19 
0.299 2 19 1 4.0 4.0 0.209 0.247 0.9559 1.0567 12.19 
0.300 2 19 1 4.0 4.0 0.272 0.208 0.9559 1.0567 12.19 
0.301 2 19 1 4.0 4.0 0.261 0.259 0.9559 1.0567 12.19 
0.302 2 19 1 4.0 4.0 0.212 0.277 0.9559 1.0852 12.18 
0.303 2 19 1 4.0 4.0 0.237 0.217 0.9796 1.0567 12.19 
0.304 2 19 1 4.0 4.0 0.258 0.187 0.9559 1.0852 12.18 
0.305 2 19 1 4.0 4.0 0.244 0.198 0.9559 1.0567 12.19 
0.306 2 19 1 4.0 4.0 0.239 0.167 0.9559 1.0567 12.18 
0.307 2 19 1 4.0 4.0 0.265 0.160 0.9559 1.0852 12.19 
0.308 2 19 1 4.0 4.0 0.248 0.185 0.9796 1.0852 12.18 
0.309 2 19 1 4.0 4.0 0.188 0.198 0.9559 1.0852 12.19 
0.310 2 19 1 4.0 4.0 0.218 0.168 0.9559 1.0852 12.18 
0.311 2 19 1 4.0 4.0 0.272 0.188 0.9559 1.0852 12.18 
0.312 2 19 1 4.0 4.0 0.228 0.187 0.9559 1.0567 12.18 
0.313 2 19 1 4.0 4.0 0.212 0.189 0.9559 1.0852 12.19 
0.314 2 19 1 4.0 4.0 0.254 0.241 0.9559 1.0852 12.19 
0.315 2 19 1 4.0 4.0 0.234 0.246 0.9559 1.0852 12.18 
0.316 2 19 1 4.0 4.0 0.218 0.179 0.9796 1.0567 12.18 
0.317 2 19 1 4.0 4.0 0.258 0.201 0.9559 1.0852 12.18 
0.318 2 19 1 4.0 4.0 0.245 0.179 0.9559 1.0852 12.18 
0.319 2 19 1 4.0 4.0 0.241 0.152 0.9796 1.0852 12.18 
0.320 2 19 1 4.0 4.0 0.223 0.143 1.0041 1.0567 12.18 
0.321 2 19 1 4.0 4.0 0.217 0.150 0.9796 1.1153 12.18 
0.322 2 19 1 4.0 4.0 0.250 0.145 0.9796 1.0852 12.18 
0.323 2 19 1 4.0 4.0 0.688 -0.159 0.9796 1.0852 12.17 
0.324 2 19 1 4.0 4.0 0.369 -0.059 0.9796 1.0852 12.18 
0.325 2 19 1 4.0 4.0 0.265 0.087 0.9796 1.0852 12.18 
0.326 2 19 1 4.0 4.0 0.182 0.145 0.9796 1.0852 12.18 
0.327 2 19 1 4.0 4.0 0.227 0.172 1.0041 1.0852 12.18 
0.328 2 19 1 4.0 4.0 0.263 0.138 0.9796 1.0852 12.18 
0.329 2 19 1 4.0 4.0 0.164 0.206 0.9796 1.0852 12.18 
0.330 2 19 1 4.0 4.0 0.189 0.226 0.9796 1.0852 12.18 
0.331 2 19 1 4.0 4.0 0.240 0.156 0.9796 1.0852 12.19 
0.332 2 19 1 4.0 4.0 0.226 0.181 0.9796 1.1153 12.18 
0.333 2 19 1 4.0 4.0 0.197 0.180 0.9796 1.1153 12.19 
0.334 2 19 1 4.0 4.0 0.242 0.162 0.9796 1.0298 12.18 
0.335 2 19 1 4.0 4.0 0.234 0.179 0.9796 1.0852 12.18 
0.336 2 19 1 4.0 4.0 0.174 0.206 0.9796 1.1153 12.18 
0.337 2 19 1 4.0 4.0 0.216 0.161 0.9796 1.1153 12.18 
0.338 2 19 1 4.0 4.0 0.311 0.190 0.9796 1.0852 12.18 
0.339 2 19 1 4.0 4.0 0.223 0.170 1.0041 1.1153 12.18 
0.340 2 19 1 4.0 4.0 0.163 0.139 0.9796 1.0852 12.19 
0.341 2 19 1 4.0 4.0 0.254 0.178 1.0041 1.0852 12.18 
0.342 2 19 1 4.0 4.0 0.235 0.201 1.0041 1.1153 12.19 
0.343 2 19 1 4.0 4.0 0.199 0.160 1.0041 1.1153 12.19 
0.344 2 19 1 4.0 4.0 0.225 0.176 1.0041 1.1153 12.18 
0.345 2 19 1 4.0 4.0 0.227 0.166 1.0041 1.1153 12.18 
0.346 2 19 1 4.0 4.0 0.207 0.130 1.0041 1.1153 12.18 
0.347 2 19 1 4.0 4.0 0.177 0.166 1.0298 1.1153 12.18 
0.348 2 19 1 4.0 4.0 0.266 0.205 1.0041 1.1153 12.18 
0.349 2 19 1 4.0 4.0 0.214 0.171 1.0298 1.1153 12.18 
0.350 2 19 1 4.0 4.0 0.166 0.175 1.0041 1.1153 12.18 
0.351 2 19 1 4.0 4.0 0.197 0.168 1.0041 1.1153 12.18 
0.352 2 19 2 -4.0 -4.0 0.253 0.154 1.0041 1.0041 12.17 
0.353 2 19 2 -4.0 -4.0 -0.266 -0.029 1.0041 1.0852 12.17 
0.354 2 19 2 -4.0 -4.0 -0.910 -0.760 0.9796 1.0852 12.11 
0.355 2 19 2 -4.0 -4.0 -1.113 -1.399 0.9338 1.0852 12.09 
0.356 2 19 2 -4.0 -4.0 -1.382 -1.812 0.8924 0.8727 12.08 
0.357 2 19 2 -4.0 -4.0 -1.507 -1.694 0.8543 0.9125 12.06 
0.358 2 19 2 -4.0 -4.0 -1.618 -1.750 0.7302 0.8032 12.06 
0.359 2 19 2 -4.0 -4.0 -1.674 -1.791 0.6804 0.7872 12.07 
0.360 2 19 2 -4.0 -4.0 -1.344 -1.839 0.6374 0.7434 12.09 
0.361 2 19 2 -4.0 -4.0 -1.356 -1.624 0.6085 0.6804 12.09 
0.362 2 19 2 -4.0 -4.0 -1.362 -1.639 0.5426 0.6583 12.06 
0.363 2 19 2 -4.0 -4.0 -1.404 -1.647 0.4896 0.5820 12.06 
0.364 2 19 2 -4.0 -4.0 -1.359 -1.649 0.4615 0.5426 12.08 
0.365 2 19 2 -4.0 -4.0 -1.393 -1.655 0.3430 0.4956 12.07 
0.366 2 19 2 -4.0 -4.0 -1.323 -1.704 0.3430 0.3976 12.08 
0.367 2 19 2 -4.0 -4.0 -1.178 -1.610 0.3185 0.3113 12.07 
0.368 2 19 2 -4.0 -4.0 -1.169 -1.447 0.2390 0.3113 12.09 
0.369 2 19 2 -4.0 -4.0 -1.119 -1.393 0.2390 0.2787 12.10 
0.370 2 19 2 -4.0 -4.0 -1.170 -1.417 0.1847 0.2402 12.09 
0.371 2 19 2 -4.0 -4.0 -1.202 -1.364 0.1526 0.1956 12.09 
0.372 2 19 2 -4.0 -4.0 -1.175 -1.332 0.1526 0.1956 12.09 
0.373 2 19 2 -4.0 -4.0 -1.074 -1.338 0.1526 0.1530 12.09 
0.374 2 19 2 -4.0 -4.0 -1.080 -1.336 0.1133 0.1112 12.10 
0.375 2 19 2 -4.0 -4.0 -0.973 -1.276 -0.0912 0.0868 12.11 
0.376 2 19 2 -4.0 -4.0 -0.951 -1.226 -0.0912 0.0711 12.11 
0.377 2 19 2 -4.0 -4.0 -0.911 -1.197 -0.0912 0.0606 12.12 
0.378 2 19 2 -4.0 -4.0 -0.865 -1.171 -0.1394 -0.0574 12.12 
0.379 2 19 2 -4.0 -4.0 -0.878 -1.122 -0.1394 -0.0574 12.13 
0.380 2 19 2 -4.0 -4.0 -0.870 -1.106 -0.2036 -0.1791 12.12 
0.381 2 19 2 -4.0 -4.0 -0.947 -1.118 -0.2036 -0.1791 12.12 
0.382 2 19 2 -4.0 -4.0 -0.792 -1.116 -0.2623 -0.2418 12.13 
0.383 2 19 2 -4.0 -4.0 -0.721 -1.062 -0.2747 -0.2659 12.14 
0.384 2 19 2 -4.0 -4.0 -0.730 -0.890 -0.3317 -0.2659 12.13 
0.385 2 19 2 -4.0 -4.0 -0.688 -0.898 -0.3317 -0.3113 12.12 
0.386 2 19 2 -4.0 -4.0 -0.658 -0.885 -0.3265 -0.3462 12.14 
0.387 2 19 2 -4.0 -4.0 -0.664 -0.916 -0.3651 -0.3715 12.14 
0.388 2 19 2 -4.0 -4.0 -0.581 -0.825 -0.3683 -0.3715 12.15 
0.389 2 19 2 -4.0 -4.0 -0.601 -0.806 -0.4056 -0.3936 12.14 
0.390 2 19 2 -4.0 -4.0 -0.624 -0.806 -0.4097 -0.4181 12.15 
0.391 2 19 2 -4.0 -4.0 -0.655 -0.852 -0.4225 -0.4410 12.15 
0.392 2 19 2 -4.0 -4.0 -0.595 -0.736 -0.4317 -0.4667 12.15 
0.393 2 19 2 -4.0 -4.0 -0.598 -0.699 -0.4510 -0.4956 12.15 
0.394 2 19 2 -4.0 -4.0 -0.568 -0.677 -0.4896 -0.5081 12.16 
0.395 2 19 2 -4.0 -4.0 -0.530 -0.687 -0.4896 -0.5149 12.15 
0.396 2 19 2 -4.0 -4.0 -0.564 -0.705 -0.5149 -0.5426 12.15 
0.397 2 19 2 -4.0 -4.0 -0.613 -0.688 -0.5354 -0.5498 12.15 
0.398 2 19 2 -4.0 -4.0 -0.503 -0.653 -0.5354 -0.5575 12.15 
0.399 2 19 2 -4.0 -4.0 -0.488 -0.654 -0.5575 -0.5735 12.15 
0.400 2 19 2 -4.0 -4.0 -0.480 -0.571 -0.5655 -0.6085 12.15 
0.401 2 19 2 -4.0 -4.0 -0.450 -0.575 -0.5904 -0.6177 12.05 
0.402 2 19 2 -4.0 -4.0 -0.517 -0.567 -0.5904 -0.6474 12.13 
0.403 2 19 2 -4.0 -4.0 -0.541 -0.544 -0.5992 -0.6374 12.16 
0.404 2 19 2 -4.0 -4.0 -0.443 -0.512 -0.6273 -0.6177 12.16 
0.405 2 19 2 -4.0 -4.0 -0.413 -0.548 -0.6177 -0.6691 12.16 
0.406 2 19 2 -4.0 -4.0 -0.369 -0.523 -0.6177 -0.6804 12.17 
0.407 2 19 2 -4.0 -4.0 -0.396 -0.525 -0.6583 -0.7044 12.16 
0.408 2 19 2 -4.0 -4.0 -0.418 -0.484 -0.6474 -0.7044 12.17 
0.409 2 19 2 -4.0 -4.0 -0.412 -0.475 -0.6924 -0.7169 12.17 
0.410 2 19 2 -4.0 -4.0 -0.411 -0.494 -0.6804 -0.6804 12.16 
0.411 2 19 2 -4.0 -4.0 -0.362 -0.501 -0.6924 -0.7302 12.16 
0.412 2 19 2 -4.0 -4.0 -0.419 -0.502 -0.6804 -0.7302 12.16 
0.413 2 19 2 -4.0 -4.0 -0.373 -0.441 -0.6804 -0.7575 12.17 
0.414 2 19 2 -4.0 -4.0 -0.348 -0.414 -0.7044 -0.7434 12.17 
0.415 2 19 2 -4.0 -4.0 -0.318 -0.418 -0.7044 -0.7575 12.17 
0.416 2 19 2 -4.0 -4.0 -0.424 -0.444 -0.7169 -0.7575 12.18 
0.417 2 19 2 -4.0 -4.0 -0.391 -0.467 -0.7302 -0.7723 12.17 
0.418 2 19 2 -4.0 -4.0 -0.348 -0.450 -0.7575 -0.7872 12.17 
0.419 2 19 2 -4.0 -4.0 -0.336 -0.385 -0.7575 -0.8032 12.17 
0.420 2 19 2 -4.0 -4.0 -0.322 -0.386 -0.7723 -0.8193 12.17 
0.421 2 19 2 -4.0 -4.0 -0.355 -0.372 -0.7723 -0.8193 12.17 
0.422 2 19 2 -4.0 -4.0 -0.369 -0.376 -0.7434 -0.7723 12.18 
0.423 2 19 2 -4.0 -4.0 -0.341 -0.380 -0.7723 -0.8366 12.17 
0.424 2 19 2 -4.0 -4.0 -0.279 -0.384 -0.7575 -0.8032 12.16 
0.425 2 19 2 -4.0 -4.0 0.140 -0.671 -0.7723 -0.8193 12.15 
0.426 2 19 2 -4.0 -4.0 -0.223 -0.585 -0.7723 -0.8543 12.16 
0.427 2 19 2 -4.0 -4.0 -0.277 -0.400 -0.7872 -0.8924 12.16 
0.428 2 19 2 -4.0 -4.0 -0.274 -0.369 -0.7872 -0.8727 12.17 
0.429 2 19 2 -4.0 -4.0 -0.353 -0.365 -0.8032 -0.8193 12.17 
0.430 2 19 2 -4.0 -4.0 -0.330 -0.319 -0.8032 -0.8543 12.17 
0.431 2 19 2 -4.0 -4.0 -0.286 -0.365 -0.8032 -0.8543 12.18 
0.432 2 19 2 -4.0 -4.0 -0.262 -0.328 -0.8032 -0.8924 12.18 
0.433 2 19 2 -4.0 -4.0 -0.365 -0.318 -0.8193 -0.8924 12.18 
0.434 2 19 2 -4.0 -4.0 -0.317 -0.326 -0.8543 -0.8924 12.17 
0.435 2 19 2 -4.0 -4.0 -0.287 -0.329 -0.8543 -0.9125 12.18 
0.436 2 19 2 -4.0 -4.0 -0.262 -0.327 -0.8543 -0.9125 12.18 
0.437 2 19 2 -4.0 -4.0 -0.374 -0.296 -0.8543 -0.9125 12.18 
0.438 2 19 2 -4.0 -4.0 -0.324 -0.294 -0.8727 -0.9125 12.18 
0.439 2 19 2 -4.0 -4.0 -0.260 -0.333 -0.8924 -0.9125 12.18 
0.440 2 19 2 -4.0 -4.0 -0.237 -0.327 -0.8727 -0.9338 12.17 
0.441 2 19 2 -4.0 -4.0 -0.327 -0.251 -0.8924 -0.9338 12.17 
0.442 2 19 2 -4.0 -4.0 -0.283 -0.249 -0.8924 -0.9338 12.18 
0.443 2 19 2 -4.0 -4.0 -0.224 -0.264 -0.8924 -0.9338 12.18 
0.444 2 19 2 -4.0 -4.0 -0.254 -0.296 -0.9125 -0.9125 12.18 
0.445 2 19 2 -4.0 -4.0 -0.290 -0.325 -0.8924 -0.9559 12.18 
0.446 2 19 2 -4.0 -4.0 -0.282 -0.307 -0.8924 -0.9338 12.18 
0.447 2 19 2 -4.0 -4.0 -0.245 -0.276 -0.8924 -0.9559 12.18 
0.448 2 19 2 -4.0 -4.0 -0.268 -0.248 -0.8924 -0.9796 12.19 
0.449 2 19 2 -4.0 -4.0 -0.268 -0.272 -0.9125 -0.9796 12.17 
0.450 2 19 2 -4.0 -4.0 -0.226 -0.326 -0.9125 -0.8924 12.17 
0.451 2 19 2 -4.0 -4.0 -0.214 -0.280 -0.9338 -0.9796 12.18 
0.452 2 19 2 -4.0 -4.0 -0.272 -0.232 -0.9338 -0.9796 12.18 
0.453 2 19 2 -4.0 -4.0 -0.248 -0.237 -0.8924 -0.9796 12.17 
0.454 2 19 2 -4.0 -4.0 -0.240 -0.262 -0.9338 -0.9796 12.18 
0.455 2 19 2 -4.0 -4.0 -0.242 -0.275 -0.9338 -0.9796 12.18 
0.456 2 19 2 -4.0 -4.0 -0.273 -0.238 -0.9338 -0.9796 12.17 
0.457 2 19 2 -4.0 -4.0 -0.243 -0.244 -0.9338 -0.9796 12.17 
0.458 2 19 2 -4.0 -4.0 -0.222 -0.233 -0.9338 -0.9796 12.18 
0.459 2 19 2 -4.0 -4.0 -0.263 -0.271 -0.9338 -0.9796 12.17 
0.460 2 19 2 -4.0 -4.0 -0.231 -0.318 -0.9338 -0.9796 12.17 
0.461 2 19 2 -4.0 -4.0 -0.199 -0.233 -0.9338 -1.0041 12.18 
0.462 2 19 2 -4.0 -4.0 -0.256 -0.204 -0.9338 -1.0041 12.18 
0.463 2 19 2 -4.0 -4.0 -0.260 -0.218 -0.9559 -1.0041 12.17 
0.464 2 19 2 -4.0 -4.0 -0.224 -0.264 -0.9559 -1.0298 12.17 
0.465 2 19 2 -4.0 -4.0 -0.192 -0.259 -0.9796 -1.0298 12.18 
0.466 2 19 2 -4.0 -4.0 -0.230 -0.248 -0.9796 -1.0041 12.17 
0.467 2 19 2 -4.0 -4.0 -0.199 -0.226 -0.9559 -1.0041 12.18 
0.468 2 19 2 -4.0 -4.0 -0.195 -0.215 -0.9559 -1.0298 12.18 
0.469 2 19 2 -4.0 -4.0 -0.229 -0.217 -0.9559 -1.0298 12.18 
0.470 2 19 2 -4.0 -4.0 -0.245 -0.279 -0.9559 -0.9796 12.17 
0.471 2 19 2 -4.0 -4.0 -0.209 -0.209 -0.9796 -1.0298 12.18 
0.472 2 19 2 -4.0 -4.0 -0.177 -0.194 -0.9796 -1.0298 12.18 
0.473 2 19 2 -4.0 -4.0 -0.241 -0.222 -0.9796 -1.0298 12.18 
0.474 2 19 2 -4.0 -4.0 -0.227 -0.232 -0.9796 -1.0041 12.18 
0.475 2 19 2 -4.0 -4.0 -0.165 -0.217 -0.9796 -1.0298 12.18 
0.476 2 19 2 -4.0 -4.0 -0.225 -0.217 -0.9796 -1.0298 12.18 
0.477 2 19 2 -4.0 -4.0 -0.237 -0.210 -1.0041 -1.0298 12.18 
0.478 2 19 2 -4.0 -4.0 -0.208 -0.180 -0.9796 -1.0298 12.18 
0.479 2 19 2 -4.0 -4.0 -0.238 -0.232 -0.9796 -1.0298 12.18 
0.480 2 19 2 -4.0 -4.0 -0.251 -0.220 -0.9796 -1.0567 12.18 
0.481 2 19 2 -4.0 -4.0 -0.172 -0.182 -0.9796 -1.0567 12.18 
0.482 2 19 2 -4.0 -4.0 -0.176 -0.190 -0.9796 -1.0567 12.18 
0.483 2 19 2 -4.0 -4.0 -0.203 -0.195 -0.9796 -1.0567 12.18 
0.484 2 19 2 -4.0 -4.0 -0.198 -0.201 -1.0041 -1.0298 12.18 
0.485 2 19 2 -4.0 -4.0 -0.146 -0.212 -0.9796 -1.0298 12.17 
0.486 2 19 2 -4.0 -4.0 -0.225 -0.244 -1.0041 -1.0567 12.18 
0.487 2 19 2 -4.0 -4.0 -0.221 -0.186 -0.9796 -1.0567 12.18 
0.488 2 19 2 -4.0 -4.0 -0.187 -0.189 -1.0041 -1.0567 12.17 
0.489 2 19 2 -4.0 -4.0 -0.165 -0.241 -0.9796 -1.0298 12.18 
0.490 2 19 2 -4.0 -4.0 -0.228 -0.223 -0.9796 -1.0298 12.18 
0.491 2 19 2 -4.0 -4.0 -0.197 -0.194 -1.0041 -1.0567 12.18 
0.492 2 19 2 -4.0 -4.0 -0.156 -0.201 -1.0041 -1.0567 12.18 
0.493 2 19 2 -4.0 -4.0 -0.204 -0.175 -1.0041 -1.0298 12.17 
0.494 2 19 2 -4.0 -4.0 -0.191 -0.194 -1.0298 -1.0567 12.17 
0.495 2 19 2 -4.0 -4.0 -0.169 -0.201 -1.0041 -1.0567 12.17 
0.496 2 19 2 -4.0 -4.0 -0.218 -0.240 -1.0041 -1.0567 12.16 
0.497 2 19 2 -4.0 -4.0 -0.208 -0.199 -1.0298 -1.0567 12.17 
0.498 2 19 2 -4.0 -4.0 -0.179 -0.186 -1.0298 -1.0567 12.18 
0.499 2 19 2 -4.0 -4.0 -0.195 -0.213 -1.0041 -1.0567 12.18 
0.500 2 19 2 -4.0 -4.0 -0.215 -0.190 -1.0041 -1.0567 12.17 
0.501 2 19 2 -4.0 -4.0 -0.160 -0.217 -1.0298 -1.0298 12.17 
0.502 2 19 2 -4.0 -4.0 -0.164 -0.213 -1.0041 -1.0567 12.18 
0.503 2 19 3 0.0 0.0 -0.233 -0.182 -1.0298 -1.0298 12.18 
0.504 2 19 3 0.0 0.0 0.085 -0.121 -1.0298 -1.0298 12.20 
0.505 2 19 3 0.0 0.0 0.391 0.236 -1.0041 -1.0298 12.20 
0.506 2 19 3 0.0 0.0 0.452 0.573 -1.0041 -1.0298 12.20 
0.507 2 19 3 0.0 0.0 0.501 0.757 -0.9559 -1.0041 12.20 
0.508 2 19 3 0.0 0.0 0.616 0.683 -0.9559 -0.9796 12.20 
0.509 2 19 3 0.0 0.0 0.668 0.710 -0.9125 -0.8924 12.20 
0.510 2 19 3 0.0 0.0 0.565 0.809 -0.8543 -0.8924 12.20 
0.511 2 19 3 0.0 0.0 0.545 0.825 -0.8366 -0.8543 12.22 
0.512 2 19 3 0.0 0.0 0.591 0.666 -0.7872 -0.8193 12.21 
0.513 2 19 3 0.0 0.0 0.595 0.671 -0.7723 -0.7872 12.21 
0.514 2 19 3 0.0 0.0 0.568 0.766 -0.7302 -0.7302 12.20 
0.515 2 19 3 0.0 0.0 0.471 0.746 -0.7169 -0.7044 12.20 
0.516 2 19 3 0.0 0.0 0.521 0.564 -0.7169 -0.6691 12.20 
0.517 2 19 3 0.0 0.0 0.548 0.509 -0.6804 -0.6273 12.20 
0.518 2 19 3 0.0 0.0 0.498 0.532 -0.7044 -0.5992 12.20 
0.519 2 19 3 0.0 0.0 0.377 0.562 -0.6583 -0.5575 12.21 
0.520 2 19 3 0.0 0.0 0.387 0.552 -0.6691 -0.5020 12.20 
0.521 2 19 3 0.0 0.0 0.426 0.515 -0.6273 -0.4896 12.21 
0.522 2 19 3 0.0 0.0 0.459 0.467 -0.5655 -0.4562 12.20 
0.523 2 19 3 0.0 0.0 0.457 0.380 -0.5820 -0.4410 12.21 
0.524 2 19 3 0.0 0.0 0.430 0.378 -0.5575 -0.4317 12.20 
0.525 2 19 3 0.0 0.0 0.329 0.401 -0.5213 -0.3860 12.21 
0.526 2 19 3 0.0 0.0 0.334 0.418 -0.5354 -0.3346 12.21 
0.527 2 19 3 0.0 0.0 0.347 0.404 -0.5081 -0.3346 12.21 
0.528 2 19 3 0.0 0.0 0.833 0.051 -0.5081 -0.3161 12.19 
0.529 2 19 3 0.0 0.0 0.481 0.079 -0.4779 -0.2888 12.20 
0.530 2 19 3 0.0 0.0 0.362 0.217 -0.4667 -0.2807 12.20 
0.531 2 19 3 0.0 0.0 0.311 0.227 -0.4410 -0.2494 12.21 
0.532 2 19 3 0.0 0.0 0.240 0.181 -0.4362 -0.2205 12.21 
0.533 2 19 3 0.0 0.0 0.250 0.140 -0.3936 -0.1988 12.21 
0.534 2 19 3 0.0 0.0 0.264 0.126 -0.4097 -0.1988 12.21 
0.535 2 19 3 0.0 0.0 0.273 0.118 -0.3715 -0.1751 12.21 
0.536 2 19 3 0.0 0.0 0.267 0.125 -0.3651 -0.1751 12.21 
0.537 2 19 3 0.0 0.0 0.254 0.122 -0.3374 -0.1598 12.21 
0.538 2 19 3 0.0 0.0 0.246 0.126 -0.3715 -0.1454 12.21 
0.539 2 19 3 0.0 0.0 0.203 0.120 -0.3317 -0.1454 12.21 
0.540 2 19 3 0.0 0.0 0.159 0.111 -0.3402 -0.1454 12.21 
0.541 2 19 3 0.0 0.0 0.165 0.100 -0.3402 -0.1068 12.20 
0.542 2 19 3 0.0 0.0 0.181 0.086 -0.3161 -0.0984 12.20 
0.543 2 19 3 0.0 0.0 0.188 0.077 -0.3016 -0.0984 12.20 
0.544 2 19 3 0.0 0.0 0.191 0.070 -0.2908 -0.0984 12.21 
0.545 2 19 3 0.0 0.0 0.185 0.076 -0.2908 -0.0984 12.21 
0.546 2 19 3 0.0 0.0 0.184 0.074 -0.3088 -0.0855 12.20 
0.547 2 19 3 0.0 0.0 0.183 0.053 -0.2554 -0.0707 12.21 
0.548 2 19 3 0.0 0.0 0.185 0.032 -0.2554 -0.0598 12.21 
0.549 2 19 3 0.0 0.0 0.168 0.034 -0.2494 -0.0522 12.21 
0.550 2 19 3 0.0 0.0 0.167 0.025 -0.2462 -0.0462 12.21 
0.551 2 19 3 0.0 0.0 0.159 0.017 -0.2321 -0.0414 12.20 
0.552 2 19 3 0.0 0.0 0.134 0.012 -0.2293 -0.0374 12.21 
0.553 2 19 3 0.0 0.0 0.114 -0.002 -0.2293 -0.0341 12.21 
0.554 2 19 3 0.0 0.0 0.089 -0.007 -0.2068 -0.0313 12.21 
0.555 2 19 3 0.0 0.0 0.108 -0.023 -0.2068 -0.0293 12.20 
0.556 2 19 3 0.0 0.0 0.113 -0.030 -0.2100 -0.0273 12.21 
0.557 2 19 3 0.0 0.0 0.108 -0.013 -0.2100 -0.0253 12.21 
0.558 2 19 3 0.0 0.0 0.094 -0.019 -0.1807 -0.0237 12.21 
0.559 2 19 3 0.0 0.0 0.091 -0.016 -0.1807 -0.0225 12.20 
0.560 2 19 3 0.0 0.0 0.101 -0.008 -0.1807 -0.0213 12.21 
0.561 2 19 3 0.0 0.0 0.097 -0.001 -0.1723 -0.0201 12.21 
0.562 2 19 3 0.0 0.0 0.096 0.004 -0.1723 -0.0193 12.21 
0.563 2 19 3 0.0 0.0 0.077 -0.011 -0.1538 -0.0185 12.21 
0.564 2 19 3 0.0 0.0 0.087 -0.019 -0.1538 -0.0177 12.21 
0.565 2 19 3 0.0 0.0 0.085 -0.029 -0.1538 -0.0169 12.21 
0.566 2 19 3 0.0 0.0 0.068 -0.013 -0.1598 -0.0161 12.21 
0.567 2 19 3 0.0 0.0 0.057 -0.001 -0.1598 -0.0153 12.21 
0.568 2 19 3 0.0 0.0 0.069 -0.008 -0.1526 -0.0149 12.21 
0.569 2 19 3 0.0 0.0 0.076 -0.004 -0.1422 -0.0145 12.21 
0.570 2 19 3 0.0 0.0 0.082 0.002 -0.1422 -0.0137 12.21 
0.571 2 19 3 0.0 0.0 0.075 0.003 -0.1422 -0.0133 12.21 
0.572 2 19 3 0.0 0.0 0.070 -0.012 -0.1349 -0.0129 12.21 
0.573 2 19 3 0.0 0.0 0.055 -0.008 -0.1349 -0.0125 12.21 
0.574 2 19 3 0.0 0.0 0.064 -0.020 -0.1349 -0.0120 12.21 
0.575 2 19 3 0.0 0.0 0.047 -0.010 -0.1145 -0.0116 12.21 
0.576 2 19 3 0.0 0.0 0.039 -0.023 -0.1145 -0.0112 12.21 
0.577 2 19 3 0.0 0.0 0.036 -0.011 -0.1145 -0.0112 12.21 
0.578 2 19 3 0.0 0.0 0.066 0.008 -0.1145 -0.0108 12.21 
0.579 2 19 3 0.0 0.0 0.043 -0.002 -0.0976 -0.0104 12.21 
0.580 2 19 3 0.0 0.0 0.037 -0.007 -0.0976 -0.0100 12.21 
0.581 2 19 3 0.0 0.0 0.032 -0.015 -0.0976 -0.0100 12.21 
0.582 2 19 3 0.0 0.0 0.047 0.002 -0.0976 -0.0096 12.21 
0.583 2 19 3 0.0 0.0 0.037 -0.003 -0.0944 -0.0092 12.21 
0.584 2 19 3 0.0 0.0 0.033 0.008 -0.0763 -0.0092 12.21 
0.585 2 19 3 0.0 0.0 0.028 0.002 -0.0643 -0.0088 12.21 
0.586 2 19 3 0.0 0.0 0.027 0.001 -0.0602 -0.0088 12.21 
0.587 2 19 3 0.0 0.0 0.031 0.003 -0.0602 -0.0084 12.21 
0.588 2 19 3 0.0 0.0 0.026 0.001 -0.0602 -0.0084 12.21 
0.589 2 19 3 0.0 0.0 0.014 0.010 -0.0602 -0.0080 12.21 
0.590 2 19 3 0.0 0.0 0.039 0.011 -0.0602 -0.0080 12.21 
0.591 2 19 3 0.0 0.0 0.008 0.003 -0.0602 -0.0080 12.21 
0.592 2 19 3 0.0 0.0 0.007 0.001 -0.0602 -0.0076 12.21 
0.593 2 19 3 0.0 0.0 0.018 0.000 -0.0526 -0.0076 12.21 
0.594 2 19 3 0.0 0.0 0.018 0.004 -0.0466 -0.0072 12.21 
0.595 2 19 3 0.0 0.0 0.028 -0.003 -0.0418 -0.0072 12.20 
0.596 2 19 3 0.0 0.0 0.010 -0.007 -0.0378 -0.0072 12.21 
0.597 2 19 3 0.0 0.0 0.004 -0.003 -0.0345 -0.0068 12.21 
0.598 2 19 3 0.0 0.0 -0.001 0.013 -0.0317 -0.0068 12.21 
0.599 2 19 3 0.0 0.0 -0.002 -0.000 -0.0293 -0.0068 12.21 
0.600 2 19 3 0.0 0.0 -0.012 0.007 -0.0273 -0.0068 12.21 
0.601 2 19 3 0.0 0.0 0.004 -0.002 -0.0257 -0.0064 12.21 
0.602 2 19 3 0.0 0.0 0.007 -0.003 -0.0241 -0.0064 12.21 
0.603 2 19 3 0.0 0.0 0.009 0.002 -0.0225 -0.0064 12.21 
0.604 2 19 3 0.0 0.0 0.001 0.015 -0.0213 -0.0060 12.21 
0.605 2 19 3 0.0 0.0 0.018 0.014 -0.0205 -0.0060 12.21 
0.606 2 19 3 0.0 0.0 -0.001 0.020 -0.0193 -0.0060 12.21 
0.607 2 19 3 0.0 0.0 -0.014 0.008 -0.0185 -0.0060 12.21 
0.608 2 19 3 0.0 0.0 -0.005 0.000 -0.0177 -0.0056 12.21 
0.609 2 19 3 0.0 0.0 -0.005 0.012 -0.0169 -0.0056 12.21 
0.610 2 19 3 0.0 0.0 0.004 0.000 -0.0161 -0.0056 12.21 
0.611 2 19 3 0.0 0.0 -0.005 0.014 -0.0157 -0.0056 12.21 
0.612 2 19 3 0.0 0.0 -0.016 0.008 -0.0149 -0.0056 12.21 
0.613 2 19 3 0.0 0.0 -0.009 -0.000 -0.0145 -0.0052 12.21 
0.614 2 19 3 0.0 0.0 0.006 -0.011 -0.0137 -0.0052 12.21 
0.615 2 19 3 0.0 0.0 0.003 -0.000 -0.0133 -0.0052 12.21 
0.616 2 19 3 0.0 0.0 0.005 -0.008 -0.0129 -0.0052 12.21 
0.617 2 19 3 0.0 0.0 0.002 -0.007 -0.0125 -0.0052 12.21 
0.618 2 19 3 0.0 0.0 0.007 -0.007 -0.0120 -0.0052 12.21 
0.619 2 19 3 0.0 0.0 -0.001 0.006 -0.0116 -0.0048 12.21 
0.620 2 19 3 0.0 0.0 -0.014 -0.004 -0.0112 -0.0048 12.21 
0.621 2 19 3 0.0 0.0 -0.008 0.008 -0.0112 -0.0048 12.21 
0.622 2 19 3 0.0 0.0 0.003 0.021 -0.0108 -0.0048 12.21 
0.623 2 19 3 0.0 0.0 -0.002 0.003 -0.0104 -0.0048 12.21 
0.624 2 19 3 0.0 0.0 0.006 0.006 -0.0100 -0.0048 12.22 
0.625 2 19 3 0.0 0.0 0.003 0.004 -0.0100 -0.0044 12.21 
0.626 2 19 3 0.0 0.0 -0.001 0.009 -0.0096 -0.0044 12.21 
0.627 2 19 3 0.0 0.0 -0.004 0.014 -0.0096 -0.0044 12.21 
0.628 2 19 3 0.0 0.0 -0.001 0.012 -0.0092 -0.0044 12.21 
0.629 2 19 3 0.0 0.0 -0.015 0.015 -0.0088 -0.0044 12.21 
0.630 2 19 3 0.0 0.0 0.469 -0.301 -0.0088 -0.0044 12.20 
0.631 2 19 3 0.0 0.0 0.113 -0.225 -0.0084 -0.0044 12.20 
0.632 2 19 3 0.0 0.0 0.020 -0.048 -0.0084 -0.0044 12.21 
0.633 2 19 3 0.0 0.0 0.003 -0.015 -0.0084 -0.0040 12.21 
0.634 2 19 3 0.0 0.0 -0.007 0.009 -0.0080 -0.0040 12.21 
0.635 2 19 3 0.0 0.0 -0.001 0.001 -0.0080 -0.0040 12.21 
0.636 2 19 3 0.0 0.0 0.009 0.007 -0.0076 -0.0040 12.21 
0.637 2 19 3 0.0 0.0 -0.005 0.010 -0.0076 -0.0040 12.21 
0.638 2 19 3 0.0 0.0 -0.005 0.004 -0.0076 -0.0040 12.21 
0.639 2 19 3 0.0 0.0 0.006 0.009 -0.0072 -0.0040 12.21 
0.640 2 19 3 0.0 0.0 0.004 0.003 -0.0072 -0.0040 12.21 
0.641 2 19 3 0.0 0.0 -0.017 -0.007 -0.0068 -0.0040 12.21 
0.642 2 19 3 0.0 0.0 -0.012 -0.005 -0.0068 -0.0036 12.21 
0.643 2 19 3 0.0 0.0 0.003 0.008 -0.0068 -0.0036 12.21 
0.644 2 19 3 0.0 0.0 -0.001 0.005 -0.0068 -0.0036 12.21 
0.645 2 19 3 0.0 0.0 -0.010 0.007 -0.0064 -0.0036 12.21 
0.646 2 19 3 0.0 0.0 -0.002 -0.001 -0.0064 -0.0036 12.21 
0.647 2 19 3 0.0 0.0 0.000 -0.005 -0.0064 -0.0036 12.21 
0.648 2 19 3 0.0 0.0 0.000 0.000 -0.0060 -0.0036 12.21 
0.649 2 19 3 0.0 0.0 -0.010 0.005 -0.0060 -0.0036 12.21 
0.650 2 19 3 0.0 0.0 -0.006 -0.006 -0.0060 -0.0036 12.21 
0.651 2 19 3 0.0 0.0 0.002 0.004 -0.0060 -0.0036 12.21 
0.652 2 19 3 0.0 0.0 0.011 0.016 -0.0060 -0.0036 12.21 
0.653 2 19 3 0.0 0.0 0.003 0.012 -0.0056 -0.0032 12.21 
0.654 2 19 3 0.0 0.0 0.008 -0.000 -0.0056 -0.0032 12.21 
0.655 2 19 3 0.0 0.0 -0.011 0.005 -0.0056 -0.0032 12.21 
0.656 2 19 3 0.0 0.0 -0.006 0.008 -0.0056 -0.0032 12.21 
0.657 2 19 3 0.0 0.0 0.012 0.014 -0.0052 -0.0032 12.21 
0.658 2 19 3 0.0 0.0 -0.006 -0.001 -0.0052 -0.0032 12.21 
0.659 2 19 3 0.0 0.0 -0.001 -0.000 -0.0052 -0.0032 12.21 
0.660 2 19 3 0.0 0.0 0.005 0.013 -0.0052 -0.0032 12.21 
0.661 2 19 3 0.0 0.0 0.010 0.002 -0.0052 -0.0032 12.21 
0.662 2 19 3 0.0 0.0 0.004 0.000 -0.0052 -0.0032 12.21 
0.663 2 19 3 0.0 0.0 -0.001 -0.001 -0.0048 -0.0032 12.21 
0.664 2 19 3 0.0 0.0 -0.012 0.008 -0.0048 -0.0032 12.21 
0.665 2 19 3 0.0 0.0 -0.009 -0.001 -0.0048 -0.0032 12.21 
