%% logfile from robot Sigrid (58)
% Sigrid (58)
%  1    time 0.000 sec
%  2  3  4   (mission 0), state 2, thread 1, line 0
%  5  6 Motor voltage [V] left, right: 1.2 1.2
%  7  8 Motor current left, right [A]: -0.047 -0.055
%  9 10 Wheel velocity [m/s] left, right: 0.0000 0.0000
% 11    Battery voltage [V]: 12.22
0.001 2 1 0 1.2 1.2 0.012 0.029 0.0000 0.0000 12.20 
0.002 2 1 0 1.2 1.2 0.095 0.124 0.0000 0.0000 12.20 
0.003 2 1 0 1.2 1.2 0.172 0.202 0.0000 0.0000 12.19 
0.004 2 1 0 1.2 1.2 0.208 0.205 0.0000 0.0000 12.19 
0.005 2 1 0 1.2 1.2 0.219 0.222 0.0000 0.0000 12.19 
0.006 2 1 0 1.2 1.2 0.227 0.233 0.0000 0.0000 12.19 
0.007 2 1 0 1.2 1.2 0.232 0.208 0.0000 0.0000 12.19 
0.008 2 1 0 1.2 1.2 0.231 0.211 0.0000 0.0000 12.19 
0.009 2 1 0 1.2 1.2 0.221 0.212 0.0000 0.0000 12.19 
0.010 2 1 0 1.2 1.2 0.216 0.205 0.0000 0.0000 12.20 
0.011 2 1 0 1.2 1.2 0.207 0.193 0.0000 0.0000 12.20 
0.012 2 1 0 1.2 1.2 0.210 0.206 0.0000 0.0502 12.19 
0.013 2 1 0 1.2 1.2 0.205 0.182 0.0000 0.0502 12.19 
0.014 2 1 0 1.2 1.2 0.199 0.160 0.0000 0.0502 12.20 
0.015 2 1 0 1.2 1.2 0.190 0.178 0.0823 0.0502 12.19 
0.016 2 1 0 1.2 1.2 0.187 0.182 0.0823 0.0904 12.18 
0.017 2 1 0 1.2 1.2 0.188 0.188 0.0823 0.0904 12.20 
0.018 2 1 0 1.2 1.2 0.187 0.170 0.0823 0.0904 12.19 
0.019 2 1 0 1.2 1.2 0.197 0.178 0.0980 0.0904 12.19 
0.020 2 1 0 1.2 1.2 0.200 0.193 0.0980 0.0996 12.20 
0.021 2 1 0 1.2 1.2 0.203 0.173 0.1590 0.0996 12.19 
0.022 2 1 0 1.2 1.2 0.176 0.139 0.1590 0.0996 12.20 
0.023 2 1 0 1.2 1.2 0.165 0.166 0.1590 0.1378 12.20 
0.024 2 1 0 1.2 1.2 0.158 0.189 0.1418 0.1378 12.20 
0.025 2 1 0 1.2 1.2 0.161 0.166 0.1418 0.1378 12.19 
0.026 2 1 0 1.2 1.2 0.158 0.185 0.1418 0.1414 12.19 
0.027 2 1 0 1.2 1.2 0.155 0.176 0.1426 0.1414 12.19 
0.028 2 1 0 1.2 1.2 0.149 0.171 0.1426 0.1414 12.19 
0.029 2 1 0 1.2 1.2 0.151 0.167 0.1426 0.1542 12.20 
0.030 2 1 0 1.2 1.2 0.142 0.154 0.1289 0.1542 12.19 
0.031 2 1 0 1.2 1.2 0.131 0.157 0.1289 0.1486 12.20 
0.032 2 1 0 1.2 1.2 0.136 0.161 0.2068 0.1486 12.19 
0.033 2 1 0 1.2 1.2 0.134 0.159 0.2068 0.1486 12.20 
0.034 2 1 0 1.2 1.2 0.130 0.160 0.1892 0.1723 12.19 
0.035 2 1 0 1.2 1.2 0.131 0.148 0.1892 0.1723 12.19 
0.036 2 1 0 1.2 1.2 0.123 0.146 0.1783 0.1715 12.19 
0.037 2 1 0 1.2 1.2 0.129 0.131 0.1783 0.1715 12.20 
0.038 2 1 0 1.2 1.2 0.142 0.140 0.1775 0.1928 12.20 
0.039 2 1 0 1.2 1.2 0.138 0.163 0.1542 0.1928 12.19 
0.040 2 1 0 1.2 1.2 0.126 0.174 0.2478 0.1856 12.19 
0.041 2 1 0 1.2 1.2 0.128 0.162 0.2478 0.1856 12.19 
0.042 2 1 0 1.2 1.2 0.123 0.170 0.1996 0.2113 12.18 
0.043 2 1 0 1.2 1.2 0.127 0.173 0.1996 0.2113 12.20 
0.044 2 1 0 1.2 1.2 0.123 0.130 0.1976 0.2008 12.19 
0.045 2 1 0 1.2 1.2 0.113 0.116 0.1956 0.2008 12.19 
0.046 2 1 0 1.2 1.2 0.106 0.117 0.1956 0.2181 12.19 
0.047 2 1 0 1.2 1.2 0.098 0.096 0.1988 0.2181 12.19 
0.048 2 1 0 1.2 1.2 0.101 0.093 0.2675 0.2036 12.19 
0.049 2 1 0 1.2 1.2 0.102 0.115 0.2675 0.2036 12.20 
0.050 2 1 0 1.2 1.2 0.104 0.109 0.2229 0.2217 12.18 
0.051 2 1 0 1.2 1.2 0.191 0.026 0.2229 0.2157 12.19 
0.052 2 1 0 1.2 1.2 0.136 0.075 0.2133 0.2016 12.18 
0.053 2 1 0 1.2 1.2 0.112 0.075 0.2133 0.2293 12.20 
0.054 2 1 0 1.2 1.2 0.104 0.090 0.2080 0.2293 12.20 
0.055 2 1 0 1.2 1.2 0.116 0.117 0.2827 0.2229 12.20 
0.056 2 1 0 1.2 1.2 0.111 0.110 0.2807 0.2229 12.20 
0.057 2 1 0 1.2 1.2 0.100 0.117 0.1892 0.2402 12.19 
0.058 2 1 0 1.2 1.2 0.102 0.129 0.1892 0.2402 12.19 
0.059 2 1 0 1.2 1.2 0.098 0.129 0.2229 0.2253 12.19 
0.060 2 1 0 1.2 1.2 0.094 0.115 0.2229 0.2434 12.20 
0.061 2 1 0 1.2 1.2 0.088 0.098 0.2265 0.2434 12.20 
0.062 2 1 0 1.2 1.2 0.084 0.102 0.2928 0.2390 12.19 
0.063 2 1 0 1.2 1.2 0.077 0.103 0.2928 0.2390 12.19 
0.064 2 1 0 1.2 1.2 0.082 0.114 0.2281 0.2462 12.19 
0.065 2 1 0 1.2 1.2 0.088 0.107 0.2281 0.2345 12.20 
0.066 2 1 0 1.2 1.2 0.095 0.113 0.2345 0.2345 12.19 
0.067 2 1 0 1.2 1.2 0.103 0.113 0.2217 0.2538 12.19 
0.068 2 1 0 1.2 1.2 0.111 0.115 0.2217 0.2462 12.19 
0.069 2 1 0 1.2 1.2 0.103 0.124 0.3113 0.2281 12.19 
0.070 2 1 0 1.2 1.2 0.100 0.123 0.2522 0.2639 12.20 
0.071 2 1 0 1.2 1.2 0.100 0.113 0.2522 0.2639 12.19 
0.072 2 1 0 1.2 1.2 0.094 0.090 0.2446 0.2494 12.19 
0.073 2 1 0 1.2 1.2 0.081 0.085 0.2446 0.2659 12.20 
0.074 2 1 0 1.2 1.2 0.077 0.074 0.2113 0.2659 12.20 
0.075 2 1 0 1.2 1.2 0.077 0.065 0.3088 0.2362 12.20 
0.076 2 1 0 1.2 1.2 0.075 0.060 0.2928 0.2659 12.20 
0.077 2 1 0 1.2 1.2 0.069 0.056 0.2607 0.2659 12.20 
0.078 2 1 0 1.2 1.2 0.084 0.025 0.2494 0.2639 12.19 
0.079 2 1 0 1.2 1.2 0.087 0.033 0.2494 0.2639 12.19 
0.080 2 1 0 1.2 1.2 0.092 0.060 0.2305 0.2659 12.19 
0.081 2 1 0 1.2 1.2 0.100 0.079 0.3213 0.2333 12.19 
0.082 2 1 0 1.2 1.2 0.088 0.080 0.3213 0.2333 12.19 
0.083 2 1 0 1.2 1.2 0.087 0.095 0.2538 0.2711 12.19 
0.084 2 1 0 1.2 1.2 0.080 0.117 0.2538 0.2607 12.20 
0.085 2 1 0 1.2 1.2 0.074 0.091 0.2538 0.2607 12.19 
0.086 2 1 0 1.2 1.2 0.070 0.086 0.2418 0.2731 12.20 
0.087 2 1 0 1.2 1.2 0.065 0.052 0.3213 0.2510 12.20 
0.088 2 1 0 1.2 1.2 0.061 0.060 0.3213 0.2510 12.20 
0.089 2 1 0 1.2 1.2 0.058 0.067 0.2494 0.2695 12.20 
0.090 2 1 0 1.2 1.2 0.062 0.049 0.2607 0.2574 12.20 
0.091 2 1 0 1.2 1.2 0.070 0.051 0.2607 0.2574 12.19 
0.092 2 1 0 1.2 1.2 0.079 0.067 0.2362 0.2711 12.20 
0.093 2 1 0 1.2 1.2 0.092 0.086 0.3317 0.2538 12.20 
0.094 2 1 0 1.2 1.2 0.088 0.083 0.3317 0.2538 12.19 
0.095 2 1 0 1.2 1.2 0.084 0.073 0.2747 0.2747 12.19 
0.096 2 1 0 1.2 1.2 0.062 0.071 0.2659 0.2623 12.19 
0.097 2 1 0 1.2 1.2 0.063 0.065 0.2659 0.2623 12.20 
0.098 2 1 0 1.2 1.2 0.065 0.041 0.2402 0.2731 12.20 
0.099 2 1 0 1.2 1.2 0.065 0.055 0.3346 0.2494 12.20 
0.100 2 1 0 1.2 1.2 0.058 0.052 0.3185 0.2205 12.20 
0.101 2 1 0 1.2 1.2 0.071 0.068 0.2711 0.2731 12.19 
0.102 2 1 0 1.2 1.2 0.063 0.055 0.2675 0.2731 12.20 
0.103 2 1 0 1.2 1.2 0.073 0.061 0.2675 0.2908 12.19 
0.104 2 1 0 1.2 1.2 0.081 0.056 0.2374 0.2731 12.19 
0.105 2 1 0 1.2 1.2 0.100 0.072 0.3402 0.2731 12.19 
0.106 2 1 0 1.2 1.2 0.087 0.077 0.2868 0.2333 12.20 
0.107 2 1 0 1.2 1.2 0.083 0.091 0.2868 0.2827 12.20 
0.108 2 1 0 1.2 1.2 0.079 0.102 0.2695 0.2827 12.20 
0.109 2 1 0 1.2 1.2 0.066 0.109 0.2639 0.2695 12.20 
0.110 2 1 0 1.2 1.2 0.062 0.109 0.2281 0.2827 12.20 
0.111 2 1 0 1.2 1.2 0.051 0.099 0.3430 0.2827 12.20 
0.112 2 1 0 1.2 1.2 0.047 0.085 0.3016 0.2574 12.19 
0.113 2 1 0 1.2 1.2 0.054 0.060 0.3016 0.2827 12.20 
0.114 2 1 0 1.2 1.2 0.065 0.071 0.2731 0.2807 12.20 
0.115 2 1 0 1.2 1.2 0.073 0.087 0.2253 0.2659 12.20 
0.116 2 1 0 1.2 1.2 0.077 0.092 0.2253 0.2868 12.19 
0.117 2 1 0 1.2 1.2 0.081 0.091 0.3522 0.2675 12.20 
0.118 2 1 0 1.2 1.2 0.077 0.112 0.2787 0.2675 12.19 
0.119 2 1 0 1.2 1.2 0.068 0.122 0.2787 0.2928 12.20 
0.120 2 1 0 1.2 1.2 0.062 0.101 0.2731 0.2767 12.20 
0.121 2 1 0 1.2 1.2 0.057 0.093 0.2711 0.2767 12.20 
0.122 2 1 0 1.2 1.2 0.046 0.090 0.3582 0.2952 12.20 
0.123 2 1 0 1.2 1.2 0.045 0.090 0.2952 0.2747 12.20 
0.124 2 1 0 1.2 1.2 0.046 0.087 0.2928 0.2928 12.19 
0.125 2 1 0 1.2 1.2 0.049 0.064 0.2767 0.2928 12.18 
0.126 2 1 0 1.2 1.2 0.065 0.058 0.2639 0.2623 12.19 
0.127 2 1 0 1.2 1.2 0.071 0.034 0.2639 0.2928 12.19 
0.128 2 1 0 1.2 1.2 0.077 0.045 0.3550 0.2928 12.19 
0.129 2 1 0 1.2 1.2 0.058 0.043 0.2374 0.2827 12.19 
0.130 2 1 0 1.2 1.2 0.062 0.085 0.2374 0.2972 12.20 
0.131 2 1 0 1.2 1.2 0.049 0.107 0.2767 0.2972 12.20 
0.132 2 1 0 1.2 1.2 0.039 0.098 0.2807 0.2767 12.20 
0.133 2 1 0 1.2 1.2 0.046 0.084 0.3582 0.2972 12.20 
0.134 2 1 0 1.2 1.2 0.042 0.064 0.3346 0.2888 12.21 
0.135 2 1 0 1.2 1.2 0.044 0.075 0.2767 0.2888 12.20 
0.136 2 1 0 1.2 1.2 0.054 0.077 0.2807 0.2972 12.20 
0.137 2 1 0 1.2 1.2 0.062 0.060 0.2807 0.2807 12.19 
0.138 2 1 0 1.2 1.2 0.084 0.076 0.2623 0.2972 12.19 
0.139 2 1 0 1.2 1.2 0.085 0.079 0.3651 0.2972 12.20 
0.140 2 1 0 1.2 1.2 0.075 0.081 0.2972 0.2659 12.20 
0.141 2 1 0 1.2 1.2 0.063 0.087 0.2972 0.3040 12.20 
0.142 2 1 0 1.2 1.2 0.065 0.089 0.2848 0.3040 12.19 
0.143 2 1 0 1.2 1.2 0.062 0.063 0.2462 0.2827 12.19 
0.144 2 1 0 1.2 1.2 0.050 0.040 0.3582 0.3016 12.20 
0.145 2 1 0 1.2 1.2 0.045 0.042 0.3402 0.2787 12.19 
0.146 2 1 0 1.2 1.2 0.046 0.049 0.3016 0.2695 12.19 
0.147 2 1 0 1.2 1.2 0.045 0.058 0.2848 0.3016 12.20 
0.148 2 1 0 1.2 1.2 0.064 0.028 0.2787 0.2996 12.20 
0.149 2 1 0 1.2 1.2 0.078 0.027 0.2639 0.2996 12.20 
0.150 2 1 0 1.2 1.2 0.074 0.052 0.3615 0.2996 12.20 
0.151 2 1 0 1.2 1.2 0.066 0.062 0.2888 0.2590 12.20 
0.152 2 1 0 1.2 1.2 0.058 0.060 0.2868 0.3040 12.19 
0.153 2 1 0 1.2 1.2 0.050 0.064 0.2868 0.3040 12.17 
0.154 2 1 0 1.2 1.2 0.149 -0.002 0.2711 0.2868 12.19 
0.155 2 1 0 1.2 1.2 0.088 0.051 0.3582 0.3016 12.19 
0.156 2 1 0 1.2 1.2 0.052 0.052 0.2827 0.2972 12.20 
0.157 2 1 0 1.2 1.2 0.044 0.049 0.2767 0.2767 12.20 
0.158 2 1 0 1.2 1.2 0.042 0.043 0.2908 0.2972 12.20 
0.159 2 1 0 1.2 1.2 0.058 0.040 0.2607 0.2827 12.20 
0.160 2 1 0 1.2 1.2 0.072 0.025 0.2607 0.2827 12.19 
0.161 2 1 0 1.2 1.2 0.064 0.056 0.3651 0.2972 12.20 
0.162 2 1 0 1.2 1.2 0.060 0.079 0.3016 0.2767 12.19 
0.163 2 1 0 1.2 1.2 0.062 0.089 0.2888 0.2767 12.20 
0.164 2 1 0 1.2 1.2 0.054 0.072 0.2888 0.3016 12.20 
0.165 2 1 0 1.2 1.2 0.046 0.056 0.2659 0.2848 12.20 
0.166 2 1 0 1.2 1.2 0.043 0.071 0.3615 0.2952 12.20 
0.167 2 1 0 1.2 1.2 0.041 0.072 0.2972 0.2952 12.20 
0.168 2 1 0 1.2 1.2 0.038 0.056 0.2972 0.2390 12.19 
0.169 2 1 0 1.2 1.2 0.050 0.041 0.2908 0.2952 12.19 
0.170 2 1 0 1.2 1.2 0.067 0.038 0.2554 0.2952 12.20 
0.171 2 1 0 1.2 1.2 0.083 0.063 0.3683 0.3137 12.19 
0.172 2 1 0 1.2 1.2 0.070 0.062 0.3289 0.2928 12.18 
0.173 2 1 0 1.2 1.2 0.059 0.064 0.3064 0.2623 12.19 
0.174 2 1 0 1.2 1.2 0.055 0.072 0.2908 0.2510 12.19 
0.175 2 1 0 1.2 1.2 0.054 0.080 0.2623 0.2996 12.19 
0.176 2 1 0 1.2 1.2 0.046 0.094 0.2446 0.2888 12.19 
0.177 2 1 0 1.2 1.2 0.042 0.093 0.3651 0.2888 12.20 
0.178 2 1 0 1.2 1.2 0.038 0.085 0.3237 0.2996 12.18 
0.179 2 1 0 1.2 1.2 0.038 0.065 0.2908 0.2747 12.19 
0.180 2 1 0 1.2 1.2 0.046 0.066 0.2908 0.2996 12.19 
0.181 2 1 0 1.2 1.2 0.066 0.055 0.2390 0.2996 12.19 
0.182 2 1 0 1.2 1.2 0.077 0.053 0.3715 0.2827 12.19 
0.183 2 1 0 1.2 1.2 0.072 0.060 0.2952 0.3016 12.19 
0.184 2 1 0 1.2 1.2 0.064 0.075 0.2952 0.3016 12.19 
0.185 2 1 0 1.2 1.2 0.062 0.090 0.2868 0.2827 12.19 
0.186 2 1 0 1.2 1.2 0.060 0.088 0.2848 0.3088 12.19 
0.187 2 1 0 1.2 1.2 0.051 0.103 0.3787 0.2868 12.20 
0.188 2 1 0 1.2 1.2 0.046 0.082 0.3402 0.2868 12.20 
0.189 2 1 0 1.2 1.2 0.051 0.064 0.3088 0.3113 12.20 
0.190 2 1 0 1.2 1.2 0.050 0.069 0.2888 0.2888 12.20 
0.191 2 1 0 1.2 1.2 0.058 0.048 0.2767 0.3064 12.20 
0.192 2 1 0 1.2 1.2 0.070 0.046 0.2767 0.3064 12.20 
0.193 2 1 0 1.2 1.2 0.079 0.050 0.3683 0.2731 12.20 
0.194 2 1 0 1.2 1.2 0.065 0.029 0.2478 0.3040 12.20 
0.195 2 1 0 1.2 1.2 0.056 0.040 0.2478 0.2952 12.20 
0.196 2 1 0 1.2 1.2 0.050 0.053 0.2868 0.2952 12.20 
0.197 2 1 0 1.2 1.2 0.045 0.060 0.2908 0.3088 12.21 
0.198 2 1 0 1.2 1.2 0.040 0.083 0.3683 0.2868 12.20 
0.199 2 1 0 1.2 1.2 0.037 0.086 0.2848 0.3088 12.19 
0.200 2 1 0 1.2 1.2 0.041 0.079 0.2848 0.3088 12.19 
0.201 2 1 1 4.0 4.0 0.048 0.035 0.2888 0.3016 12.19 
0.202 2 1 1 4.0 4.0 0.117 0.128 0.2695 0.3064 12.15 
0.203 2 1 1 4.0 4.0 0.386 0.352 0.3860 0.2996 12.12 
0.204 2 1 1 4.0 4.0 0.552 0.557 0.3550 0.2996 12.10 
0.205 2 1 1 4.0 4.0 0.650 0.688 0.3374 0.3462 12.10 
0.206 2 1 1 4.0 4.0 0.697 0.810 0.3490 0.3374 12.08 
0.207 2 1 1 4.0 4.0 0.714 0.877 0.3289 0.3683 12.08 
0.208 2 1 1 4.0 4.0 0.697 0.795 0.4016 0.3860 12.10 
0.209 2 1 1 4.0 4.0 0.690 0.686 0.4410 0.4181 12.11 
0.210 2 1 1 4.0 4.0 0.691 0.647 0.4362 0.4562 12.11 
0.211 2 1 1 4.0 4.0 0.689 0.602 0.5149 0.4836 12.13 
0.212 2 1 1 4.0 4.0 0.614 0.598 0.5081 0.5081 12.12 
0.213 2 1 1 4.0 4.0 0.590 0.598 0.5081 0.5281 12.12 
0.214 2 1 1 4.0 4.0 0.576 0.651 0.5820 0.5354 12.12 
0.215 2 1 1 4.0 4.0 0.563 0.600 0.5735 0.5575 12.12 
0.216 2 1 1 4.0 4.0 0.562 0.520 0.5498 0.5820 12.12 
0.217 2 1 1 4.0 4.0 0.592 0.501 0.6374 0.5820 12.14 
0.218 2 1 1 4.0 4.0 0.519 0.538 0.6273 0.5992 12.13 
0.219 2 1 1 4.0 4.0 0.486 0.579 0.6924 0.6177 12.12 
0.220 2 1 1 4.0 4.0 0.476 0.532 0.6804 0.6374 12.13 
0.221 2 1 1 4.0 4.0 0.501 0.499 0.6273 0.5904 12.13 
0.222 2 1 1 4.0 4.0 0.488 0.436 0.6924 0.6804 12.14 
0.223 2 1 1 4.0 4.0 0.445 0.467 0.6085 0.6374 12.14 
0.224 2 1 1 4.0 4.0 0.426 0.494 0.7302 0.6804 12.13 
0.225 2 1 1 4.0 4.0 0.420 0.490 0.7169 0.7044 12.14 
0.226 2 1 1 4.0 4.0 0.424 0.437 0.7044 0.7169 12.15 
0.227 2 1 1 4.0 4.0 0.405 0.438 0.7302 0.7302 12.15 
0.228 2 1 1 4.0 4.0 0.384 0.474 0.7872 0.7434 12.13 
0.229 2 1 1 4.0 4.0 0.373 0.486 0.7872 0.7575 12.14 
0.230 2 1 1 4.0 4.0 0.400 0.436 0.8032 0.7575 12.14 
0.231 2 1 1 4.0 4.0 0.383 0.418 0.7575 0.7434 12.15 
0.232 2 1 1 4.0 4.0 0.341 0.387 0.8366 0.7723 12.15 
0.233 2 1 1 4.0 4.0 0.332 0.423 0.8032 0.7723 12.15 
0.234 2 1 1 4.0 4.0 0.358 0.392 0.8366 0.8032 12.15 
0.235 2 1 1 4.0 4.0 0.335 0.381 0.8543 0.8032 12.15 
0.236 2 1 1 4.0 4.0 0.326 0.387 0.8366 0.7872 12.14 
0.237 2 1 1 4.0 4.0 0.317 0.406 0.8543 0.8032 12.15 
0.238 2 1 1 4.0 4.0 0.328 0.374 0.8727 0.8032 12.16 
0.239 2 1 1 4.0 4.0 0.316 0.318 0.8366 0.8543 12.16 
0.240 2 1 1 4.0 4.0 0.296 0.316 0.8924 0.8366 12.15 
0.241 2 1 1 4.0 4.0 0.294 0.376 0.8366 0.8543 12.15 
0.242 2 1 1 4.0 4.0 0.305 0.327 0.9125 0.8727 12.16 
0.243 2 1 1 4.0 4.0 0.282 0.288 0.9125 0.8924 12.16 
0.244 2 1 1 4.0 4.0 0.271 0.317 0.9338 0.9125 12.16 
0.245 2 1 1 4.0 4.0 0.309 0.320 0.9125 0.8366 12.16 
0.246 2 1 1 4.0 4.0 0.284 0.300 0.8193 0.8924 12.16 
0.247 2 1 1 4.0 4.0 0.263 0.264 0.9338 0.8543 12.16 
0.248 2 1 1 4.0 4.0 0.256 0.326 0.8193 0.8924 12.16 
0.249 2 1 1 4.0 4.0 0.267 0.304 0.9125 0.9125 12.17 
0.250 2 1 1 4.0 4.0 0.258 0.285 0.9796 0.9559 12.16 
0.251 2 1 1 4.0 4.0 0.252 0.298 0.9796 0.9559 12.16 
0.252 2 1 1 4.0 4.0 0.278 0.329 0.8924 0.9559 12.16 
0.253 2 1 1 4.0 4.0 0.252 0.298 0.9338 0.9559 12.17 
0.254 2 1 1 4.0 4.0 0.226 0.280 1.0041 0.9796 12.17 
0.255 2 1 1 4.0 4.0 0.244 0.305 1.0298 0.9796 12.15 
0.256 2 1 1 4.0 4.0 0.349 0.189 1.0041 1.0041 12.16 
0.257 2 1 1 4.0 4.0 0.267 0.217 1.0298 1.0041 12.17 
0.258 2 1 1 4.0 4.0 0.241 0.294 1.0041 0.9796 12.16 
0.259 2 1 1 4.0 4.0 0.229 0.286 1.0298 0.9796 12.17 
0.260 2 1 1 4.0 4.0 0.212 0.241 1.0567 1.0041 12.18 
0.261 2 1 1 4.0 4.0 0.200 0.227 1.0041 1.0041 12.17 
0.262 2 1 1 4.0 4.0 0.228 0.284 1.0567 1.0041 12.17 
0.263 2 1 1 4.0 4.0 0.210 0.227 1.0852 1.0298 12.17 
0.264 2 1 1 4.0 4.0 0.198 0.216 1.0852 1.0298 12.17 
0.265 2 1 1 4.0 4.0 0.233 0.242 1.0852 1.0298 12.17 
0.266 2 1 1 4.0 4.0 0.210 0.231 1.0852 1.0041 12.18 
0.267 2 1 1 4.0 4.0 0.185 0.223 1.0852 1.0041 12.18 
0.268 2 1 1 4.0 4.0 0.210 0.257 1.0041 1.0298 12.17 
0.269 2 1 1 4.0 4.0 0.208 0.241 1.0041 1.0567 12.17 
0.270 2 1 1 4.0 4.0 0.183 0.207 1.0852 1.0567 12.17 
0.271 2 1 1 4.0 4.0 0.214 0.265 1.0041 1.0567 12.17 
0.272 2 1 1 4.0 4.0 0.203 0.251 1.0567 1.0567 12.18 
0.273 2 1 1 4.0 4.0 0.174 0.208 1.0852 1.0852 12.17 
0.274 2 1 1 4.0 4.0 0.196 0.201 1.1153 1.0852 12.16 
0.275 2 1 1 4.0 4.0 0.197 0.233 1.0567 1.0852 12.18 
0.276 2 1 1 4.0 4.0 0.183 0.216 1.1153 1.0852 12.18 
0.277 2 1 1 4.0 4.0 0.183 0.227 1.1474 1.0852 12.17 
0.278 2 1 1 4.0 4.0 0.195 0.216 1.0852 1.0852 12.17 
0.279 2 1 1 4.0 4.0 0.160 0.179 1.1153 1.1153 12.18 
0.280 2 1 1 4.0 4.0 0.168 0.181 1.1153 1.0852 12.18 
0.281 2 1 1 4.0 4.0 0.177 0.218 1.0852 1.1153 12.18 
0.282 2 1 1 4.0 4.0 0.157 0.172 1.1474 1.1153 12.18 
0.283 2 1 1 4.0 4.0 0.173 0.173 1.1474 1.1153 12.18 
0.284 2 1 1 4.0 4.0 0.177 0.198 1.0852 1.0567 12.18 
0.285 2 1 1 4.0 4.0 0.153 0.174 1.1474 1.1153 12.17 
0.286 2 1 1 4.0 4.0 0.157 0.149 1.1153 1.1153 12.17 
0.287 2 1 1 4.0 4.0 0.174 0.189 1.1153 1.1153 12.18 
0.288 2 1 1 4.0 4.0 0.148 0.167 1.1474 1.1153 12.18 
0.289 2 1 1 4.0 4.0 0.173 0.187 1.1153 1.1474 12.17 
0.290 2 1 1 4.0 4.0 0.160 0.223 1.1812 1.1153 12.18 
0.291 2 1 1 4.0 4.0 0.135 0.195 1.1474 1.0852 12.18 
0.292 2 1 1 4.0 4.0 0.158 0.166 1.1812 1.1474 12.17 
0.293 2 1 1 4.0 4.0 0.164 0.192 1.1812 1.1474 12.18 
0.294 2 1 1 4.0 4.0 0.137 0.190 1.0298 1.1474 12.18 
0.295 2 1 1 4.0 4.0 0.157 0.204 1.2169 1.1474 12.18 
0.296 2 1 1 4.0 4.0 0.141 0.196 1.2169 1.1153 12.19 
0.297 2 1 1 4.0 4.0 0.127 0.155 1.1474 1.1474 12.18 
0.298 2 1 1 4.0 4.0 0.146 0.171 1.0041 1.1474 12.18 
0.299 2 1 1 4.0 4.0 0.134 0.174 1.2169 1.1474 12.18 
0.300 2 1 1 4.0 4.0 0.137 0.140 1.1474 1.1474 12.18 
0.301 2 1 1 4.0 4.0 0.160 0.158 1.1812 1.1812 12.18 
0.302 2 1 1 4.0 4.0 0.138 0.157 1.2169 1.1474 12.18 
0.303 2 1 1 4.0 4.0 0.137 0.117 1.1812 1.1812 12.18 
0.304 2 1 1 4.0 4.0 0.150 0.134 1.1474 1.1474 12.18 
0.305 2 1 1 4.0 4.0 0.128 0.166 1.1812 1.1474 12.18 
0.306 2 1 1 4.0 4.0 0.141 0.144 1.0298 1.1474 12.17 
0.307 2 1 1 4.0 4.0 0.141 0.190 1.1474 1.1474 12.18 
0.308 2 1 1 4.0 4.0 0.105 0.198 1.1812 1.1812 12.18 
0.309 2 1 1 4.0 4.0 0.129 0.166 1.2169 1.1474 12.18 
0.310 2 1 1 4.0 4.0 0.137 0.169 1.2169 1.1812 12.17 
0.311 2 1 1 4.0 4.0 0.115 0.159 1.1812 1.1812 12.18 
0.312 2 1 1 4.0 4.0 0.134 0.159 1.2169 1.1474 12.18 
0.313 2 1 1 4.0 4.0 0.119 0.170 1.2169 1.1812 12.18 
0.314 2 1 1 4.0 4.0 0.105 0.152 1.1812 1.1812 12.19 
0.315 2 1 1 4.0 4.0 0.126 0.129 1.2169 1.1474 12.18 
0.316 2 1 1 4.0 4.0 0.108 0.167 1.2551 1.1812 12.19 
0.317 2 1 1 4.0 4.0 0.123 0.137 1.2551 1.1812 12.18 
0.318 2 1 1 4.0 4.0 0.134 0.125 1.1812 1.1812 12.18 
0.319 2 1 1 4.0 4.0 0.115 0.145 1.2551 1.1153 12.19 
0.320 2 1 1 4.0 4.0 0.126 0.141 1.2169 1.1812 12.18 
0.321 2 1 1 4.0 4.0 0.126 0.146 1.2551 1.1812 12.17 
0.322 2 1 1 4.0 4.0 0.106 0.157 1.2169 1.1812 12.18 
0.323 2 1 1 4.0 4.0 0.126 0.134 1.1812 1.1812 12.18 
0.324 2 1 1 4.0 4.0 0.110 0.169 1.2551 1.1812 12.18 
0.325 2 1 1 4.0 4.0 0.097 0.181 1.1812 1.1812 12.18 
0.326 2 1 1 4.0 4.0 0.118 0.137 1.2551 1.1812 12.18 
0.327 2 1 1 4.0 4.0 0.112 0.168 1.2551 1.1812 12.19 
0.328 2 1 1 4.0 4.0 0.118 0.155 1.2952 1.1812 12.18 
0.329 2 1 1 4.0 4.0 0.125 0.143 1.2169 1.1474 12.18 
0.330 2 1 1 4.0 4.0 0.098 0.170 1.2551 1.1812 12.18 
0.331 2 1 1 4.0 4.0 0.108 0.136 1.2952 1.1812 12.18 
0.332 2 1 1 4.0 4.0 0.118 0.125 1.2952 1.1812 12.18 
0.333 2 1 1 4.0 4.0 0.093 0.159 1.2169 1.1812 12.18 
0.334 2 1 1 4.0 4.0 0.123 0.128 1.2551 1.2169 12.18 
0.335 2 1 1 4.0 4.0 0.109 0.118 1.2952 1.2169 12.19 
0.336 2 1 1 4.0 4.0 0.107 0.151 1.2551 1.1474 12.19 
0.337 2 1 1 4.0 4.0 0.122 0.103 1.2169 1.2169 12.18 
0.338 2 1 1 4.0 4.0 0.110 0.128 1.2551 1.1812 12.18 
0.339 2 1 1 4.0 4.0 0.122 0.128 1.2169 1.1812 12.18 
0.340 2 1 1 4.0 4.0 0.103 0.126 1.2952 1.1812 12.19 
0.341 2 1 1 4.0 4.0 0.073 0.165 1.2169 1.2169 12.19 
0.342 2 1 1 4.0 4.0 0.111 0.157 1.1812 1.0852 12.18 
0.343 2 1 1 4.0 4.0 0.111 0.132 1.2551 1.1812 12.19 
0.344 2 1 1 4.0 4.0 0.106 0.161 1.2169 1.2169 12.19 
0.345 2 1 1 4.0 4.0 0.122 0.146 1.2551 1.2169 12.19 
0.346 2 1 1 4.0 4.0 0.096 0.148 1.2551 1.2169 12.18 
0.347 2 1 1 4.0 4.0 0.105 0.165 1.2952 1.1812 12.18 
0.348 2 1 1 4.0 4.0 0.112 0.132 1.2169 1.2169 12.19 
0.349 2 1 1 4.0 4.0 0.096 0.123 1.2952 1.2169 12.18 
0.350 2 1 1 4.0 4.0 0.111 0.141 1.2952 1.2169 12.19 
0.351 2 1 1 4.0 4.0 0.105 0.105 1.2952 1.2169 12.19 
0.352 2 1 1 4.0 4.0 0.096 0.136 1.1812 1.2169 12.19 
0.353 2 1 1 4.0 4.0 0.126 0.133 1.2551 1.1812 12.19 
0.354 2 1 1 4.0 4.0 0.111 0.111 1.2952 1.1812 12.19 
0.355 2 1 1 4.0 4.0 0.110 0.141 1.2952 1.2169 12.18 
0.356 2 1 1 4.0 4.0 0.110 0.139 1.2169 1.2169 12.18 
0.357 2 1 1 4.0 4.0 0.081 0.140 1.2551 1.2169 12.17 
0.358 2 1 1 4.0 4.0 0.211 0.059 1.2952 1.2169 12.18 
0.359 2 1 1 4.0 4.0 0.160 0.068 1.2551 1.2169 12.20 
0.360 2 1 1 4.0 4.0 0.108 0.112 1.2169 1.2169 12.19 
0.361 2 1 1 4.0 4.0 0.111 0.154 1.2952 1.2169 12.19 
0.362 2 1 1 4.0 4.0 0.098 0.117 1.2952 1.2169 12.19 
0.363 2 1 1 4.0 4.0 0.088 0.158 1.2952 1.2169 12.18 
0.364 2 1 1 4.0 4.0 0.103 0.146 1.2551 1.2169 12.18 
0.365 2 1 1 4.0 4.0 0.081 0.109 1.2952 1.1812 12.19 
0.366 2 1 1 4.0 4.0 0.099 0.135 1.2952 1.2169 12.19 
0.367 2 1 1 4.0 4.0 0.096 0.116 1.2952 1.2169 12.20 
0.368 2 1 1 4.0 4.0 0.085 0.109 1.1812 1.2169 12.18 
0.369 2 1 1 4.0 4.0 0.108 0.138 1.2551 1.1812 12.18 
0.370 2 1 1 4.0 4.0 0.090 0.125 1.2952 1.2551 12.19 
0.371 2 1 1 4.0 4.0 0.089 0.107 1.2952 1.2169 12.19 
0.372 2 1 1 4.0 4.0 0.099 0.131 1.2169 1.2169 12.19 
0.373 2 1 1 4.0 4.0 0.070 0.122 1.2551 1.2169 12.19 
0.374 2 1 1 4.0 4.0 0.100 0.144 1.2952 1.2169 12.19 
0.375 2 1 1 4.0 4.0 0.107 0.150 1.2952 1.2551 12.18 
0.376 2 1 1 4.0 4.0 0.081 0.121 1.2551 1.2169 12.18 
0.377 2 1 1 4.0 4.0 0.103 0.152 1.2952 1.2169 12.19 
0.378 2 1 1 4.0 4.0 0.077 0.122 1.2952 1.2551 12.20 
0.379 2 1 1 4.0 4.0 0.086 0.124 1.2952 1.2169 12.19 
0.380 2 1 1 4.0 4.0 0.102 0.155 1.2551 1.2169 12.19 
0.381 2 1 1 4.0 4.0 0.076 0.113 1.2952 1.2551 12.19 
0.382 2 1 1 4.0 4.0 0.097 0.107 1.2952 1.2169 12.18 
0.383 2 1 1 4.0 4.0 0.089 0.134 1.2952 1.2169 12.19 
0.384 2 1 1 4.0 4.0 0.086 0.115 1.1812 1.2551 12.18 
0.385 2 1 1 4.0 4.0 0.111 0.126 1.2551 1.2551 12.18 
0.386 2 1 1 4.0 4.0 0.096 0.134 1.2952 1.2551 12.19 
0.387 2 1 1 4.0 4.0 0.094 0.101 1.3386 1.2169 12.18 
0.388 2 1 1 4.0 4.0 0.112 0.121 1.2551 1.2169 12.19 
0.389 2 1 1 4.0 4.0 0.086 0.132 1.2952 1.2169 12.19 
0.390 2 1 1 4.0 4.0 0.100 0.143 1.3386 1.2169 12.19 
0.391 2 1 1 4.0 4.0 0.103 0.163 1.2952 1.2169 12.18 
0.392 2 1 1 4.0 4.0 0.084 0.133 1.2551 1.2169 12.18 
0.393 2 1 1 4.0 4.0 0.105 0.131 1.2952 1.2169 12.18 
0.394 2 1 1 4.0 4.0 0.088 0.144 1.2952 1.2169 12.19 
0.395 2 1 1 4.0 4.0 0.094 0.126 1.2952 1.2169 12.18 
0.396 2 1 1 4.0 4.0 0.103 0.143 1.2551 1.2169 12.19 
0.397 2 1 1 4.0 4.0 0.081 0.130 1.2551 1.2169 12.19 
0.398 2 1 1 4.0 4.0 0.102 0.107 1.1812 1.2551 12.19 
0.399 2 1 1 4.0 4.0 0.100 0.121 1.3386 1.2551 12.19 
0.400 2 1 1 4.0 4.0 0.081 0.084 1.2169 1.2551 12.18 
0.401 2 1 1 4.0 4.0 0.105 0.100 1.2551 1.2551 12.19 
0.402 2 1 1 4.0 4.0 0.087 0.123 1.2952 1.1812 12.19 
0.403 2 1 1 4.0 4.0 0.096 0.063 1.0567 1.1474 12.19 
0.404 2 1 1 4.0 4.0 0.096 0.123 1.3386 1.2169 12.19 
0.405 2 1 1 4.0 4.0 0.073 0.137 1.2169 1.2169 12.18 
0.406 2 1 1 4.0 4.0 0.097 0.114 1.2952 1.2169 12.18 
0.407 2 1 1 4.0 4.0 0.099 0.157 1.2952 1.2169 12.19 
0.408 2 1 1 4.0 4.0 0.090 0.140 1.3386 1.2169 12.19 
0.409 2 1 1 4.0 4.0 0.109 0.113 1.2551 1.2169 12.18 
0.410 2 1 1 4.0 4.0 0.086 0.123 1.2952 1.2551 12.19 
0.411 2 1 1 4.0 4.0 0.094 0.123 1.2952 1.2551 12.19 
0.412 2 1 1 4.0 4.0 0.102 0.144 1.2952 1.2169 12.19 
0.413 2 1 1 4.0 4.0 0.081 0.134 1.2169 1.2169 12.19 
0.414 2 1 1 4.0 4.0 0.102 0.097 1.2952 1.2169 12.19 
0.415 2 1 1 4.0 4.0 0.095 0.142 1.2952 1.2551 12.18 
0.416 2 1 1 4.0 4.0 0.088 0.123 1.2952 1.2551 12.19 
0.417 2 1 1 4.0 4.0 0.106 0.112 1.2551 1.2551 12.19 
0.418 2 1 1 4.0 4.0 0.092 0.125 1.2952 1.1812 12.19 
0.419 2 1 1 4.0 4.0 0.101 0.119 1.2551 1.2551 12.19 
0.420 2 1 1 4.0 4.0 0.100 0.108 1.3386 1.2169 12.19 
0.421 2 1 1 4.0 4.0 0.079 0.136 1.2551 1.2169 12.20 
0.422 2 1 1 4.0 4.0 0.095 0.117 1.2952 1.1474 12.18 
0.423 2 1 1 4.0 4.0 0.097 0.135 1.2952 1.2169 12.19 
0.424 2 1 1 4.0 4.0 0.096 0.137 1.3386 1.2551 12.19 
0.425 2 1 1 4.0 4.0 0.110 0.107 1.2551 1.2551 12.18 
0.426 2 1 1 4.0 4.0 0.086 0.140 1.2952 1.2551 12.18 
0.427 2 1 1 4.0 4.0 0.107 0.122 1.2952 1.2551 12.19 
0.428 2 1 1 4.0 4.0 0.101 0.124 1.3386 1.2169 12.19 
0.429 2 1 1 4.0 4.0 0.080 0.147 1.2169 1.2169 12.19 
0.430 2 1 1 4.0 4.0 0.107 0.116 1.2952 1.2551 12.19 
0.431 2 1 1 4.0 4.0 0.096 0.105 1.3386 1.2169 12.19 
0.432 2 1 1 4.0 4.0 0.096 0.118 1.2551 1.2551 12.19 
0.433 2 1 1 4.0 4.0 0.111 0.102 1.2551 1.2551 12.18 
0.434 2 1 1 4.0 4.0 0.087 0.113 1.2952 1.2551 12.18 
0.435 2 1 1 4.0 4.0 0.100 0.109 1.2551 1.2551 12.19 
0.436 2 1 1 4.0 4.0 0.089 0.090 1.3386 1.2169 12.18 
0.437 2 1 1 4.0 4.0 0.072 0.137 1.2551 1.2169 12.19 
0.438 2 1 1 4.0 4.0 0.100 0.109 1.2952 1.2169 12.18 
0.439 2 1 1 4.0 4.0 0.091 0.141 1.2952 1.2169 12.18 
0.440 2 1 1 4.0 4.0 0.103 0.149 1.3386 1.2551 12.18 
0.441 2 1 1 4.0 4.0 0.113 0.100 1.2551 1.2169 12.18 
0.442 2 1 1 4.0 4.0 0.084 0.134 1.2952 1.2551 12.19 
0.443 2 1 1 4.0 4.0 0.103 0.126 1.2952 1.2551 12.19 
0.444 2 1 1 4.0 4.0 0.099 0.117 1.3386 1.2551 12.19 
0.445 2 1 1 4.0 4.0 0.090 0.150 1.2169 1.2169 12.19 
0.446 2 1 1 4.0 4.0 0.105 0.103 1.2952 1.2551 12.19 
0.447 2 1 1 4.0 4.0 0.087 0.094 1.2952 1.2169 12.19 
0.448 2 1 1 4.0 4.0 0.093 0.142 1.2952 1.2169 12.19 
0.449 2 1 1 4.0 4.0 0.110 0.089 1.2551 1.2169 12.19 
0.450 2 1 1 4.0 4.0 0.085 0.127 1.2952 1.2169 12.19 
0.451 2 1 1 4.0 4.0 0.110 0.124 1.2551 1.2169 12.19 
0.452 2 1 1 4.0 4.0 0.090 0.098 1.3386 1.2169 12.19 
0.453 2 1 1 4.0 4.0 0.077 0.132 1.2551 1.2551 12.18 
0.454 2 1 1 4.0 4.0 0.107 0.125 1.2952 1.2551 12.19 
0.455 2 1 1 4.0 4.0 0.091 0.125 1.2169 1.2551 12.19 
0.456 2 1 1 4.0 4.0 0.092 0.147 1.3386 1.2551 12.18 
0.457 2 1 1 4.0 4.0 0.103 0.121 1.3386 1.2551 12.18 
0.458 2 1 1 4.0 4.0 0.082 0.118 1.1474 1.2551 12.18 
0.459 2 1 1 4.0 4.0 0.095 0.128 1.2952 1.2551 12.18 
0.460 2 1 1 4.0 4.0 0.095 0.123 1.3386 1.2169 12.18 
0.461 2 1 1 4.0 4.0 0.190 0.042 1.2952 1.2551 12.17 
0.462 2 1 1 4.0 4.0 0.142 0.064 1.2169 1.2551 12.18 
0.463 2 1 1 4.0 4.0 0.084 0.075 1.2952 1.2169 12.18 
0.464 2 1 1 4.0 4.0 0.093 0.132 1.2952 1.2169 12.18 
0.465 2 1 1 4.0 4.0 0.103 0.097 1.3386 1.2169 12.19 
0.466 2 1 1 4.0 4.0 0.086 0.119 1.2551 1.2551 12.19 
0.467 2 1 1 4.0 4.0 0.100 0.128 1.2551 1.2169 12.18 
0.468 2 1 1 4.0 4.0 0.087 0.091 1.2952 1.2169 12.19 
0.469 2 1 1 4.0 4.0 0.078 0.140 1.2952 1.2551 12.19 
0.470 2 1 1 4.0 4.0 0.096 0.128 1.2169 1.2551 12.19 
0.471 2 1 1 4.0 4.0 0.080 0.120 1.2952 1.2551 12.19 
0.472 2 1 1 4.0 4.0 0.089 0.165 1.2952 1.2551 12.19 
0.473 2 1 1 4.0 4.0 0.089 0.093 1.3386 1.2169 12.19 
0.474 2 1 1 4.0 4.0 0.069 0.108 1.2551 1.2551 12.19 
0.475 2 1 1 4.0 4.0 0.103 0.124 1.2952 1.2551 12.18 
0.476 2 1 1 4.0 4.0 0.087 0.109 1.3386 1.2169 12.19 
0.477 2 1 1 4.0 4.0 0.092 0.147 1.2952 1.2551 12.18 
0.478 2 1 1 4.0 4.0 0.099 0.124 1.2169 1.2551 12.19 
0.479 2 1 1 4.0 4.0 0.077 0.087 1.2952 1.2169 12.18 
0.480 2 1 1 4.0 4.0 0.099 0.117 1.2952 1.2551 12.18 
0.481 2 1 1 4.0 4.0 0.089 0.096 1.3386 1.2551 12.19 
0.482 2 1 1 4.0 4.0 0.078 0.103 1.2551 1.2551 12.19 
0.483 2 1 1 4.0 4.0 0.106 0.121 1.2551 1.2169 12.19 
0.484 2 1 1 4.0 4.0 0.076 0.075 1.2952 1.0852 12.18 
0.485 2 1 1 4.0 4.0 0.083 0.120 1.2952 1.2551 12.17 
0.486 2 1 1 4.0 4.0 0.098 0.127 1.2952 1.1812 12.19 
0.487 2 1 1 4.0 4.0 0.079 0.110 1.1474 1.2551 12.19 
0.488 2 1 1 4.0 4.0 0.106 0.144 1.2952 1.2551 12.18 
0.489 2 1 1 4.0 4.0 0.092 0.127 1.2952 1.2169 12.19 
0.490 2 1 1 4.0 4.0 0.080 0.101 1.3386 1.2551 12.18 
0.491 2 1 1 4.0 4.0 0.091 0.140 1.2551 1.2551 12.18 
0.492 2 1 1 4.0 4.0 0.077 0.113 1.2952 1.2551 12.19 
0.493 2 1 1 4.0 4.0 0.092 0.135 1.2952 1.2551 12.18 
0.494 2 1 1 4.0 4.0 0.090 0.136 1.2952 1.2551 12.19 
0.495 2 1 1 4.0 4.0 0.084 0.107 1.2169 1.2169 12.19 
0.496 2 1 1 4.0 4.0 0.107 0.121 1.2952 1.2551 12.19 
0.497 2 1 1 4.0 4.0 0.088 0.112 1.3386 1.2551 12.19 
0.498 2 1 1 4.0 4.0 0.081 0.113 1.3386 1.2551 12.18 
0.499 2 1 1 4.0 4.0 0.096 0.113 1.2551 1.1812 12.18 
0.500 2 1 1 4.0 4.0 0.065 0.103 1.2952 1.2551 12.19 
0.501 2 1 1 4.0 4.0 0.090 0.124 1.3386 1.2551 12.19 
0.502 2 1 1 4.0 4.0 0.092 0.137 1.2952 1.2551 12.20 
0.503 2 1 1 4.0 4.0 0.069 0.109 1.2551 1.2551 12.18 
0.504 2 1 1 4.0 4.0 0.101 0.152 1.2952 1.2551 12.19 
0.505 2 1 1 4.0 4.0 0.080 0.126 1.2952 1.2169 12.19 
0.506 2 1 1 4.0 4.0 0.081 0.102 1.3386 1.2551 12.18 
0.507 2 1 1 4.0 4.0 0.097 0.140 1.2551 1.2551 12.19 
0.508 2 1 1 4.0 4.0 0.072 0.110 1.2551 1.2551 12.19 
0.509 2 1 1 4.0 4.0 0.096 0.134 1.2952 1.2169 12.19 
0.510 2 1 1 4.0 4.0 0.094 0.142 1.2952 1.2551 12.19 
0.511 2 1 1 4.0 4.0 0.081 0.098 1.2952 1.2169 12.19 
0.512 2 1 1 4.0 4.0 0.102 0.139 1.2169 1.2551 12.19 
0.513 2 1 1 4.0 4.0 0.086 0.128 1.2952 1.2551 12.18 
0.514 2 1 1 4.0 4.0 0.100 0.105 1.2551 1.2551 12.19 
0.515 2 1 1 4.0 4.0 0.088 0.135 1.3386 1.2169 12.20 
0.516 2 1 1 4.0 4.0 0.065 0.110 1.2551 1.2952 12.19 
0.517 2 1 1 4.0 4.0 0.096 0.093 1.3386 1.2551 12.19 
0.518 2 1 1 4.0 4.0 0.092 0.132 1.3386 1.2551 12.19 
0.519 2 1 1 4.0 4.0 0.096 0.076 1.3386 1.2551 12.20 
0.520 2 1 1 4.0 4.0 0.099 0.132 1.2551 1.2551 12.19 
0.521 2 1 1 4.0 4.0 0.073 0.132 1.2952 1.2169 12.19 
0.522 2 1 1 4.0 4.0 0.089 0.104 1.3386 1.2551 12.18 
0.523 2 1 1 4.0 4.0 0.087 0.117 1.3386 1.2551 12.19 
0.524 2 1 1 4.0 4.0 0.069 0.121 1.2169 1.2551 12.19 
0.525 2 1 1 4.0 4.0 0.093 0.129 1.2952 1.2551 12.19 
0.526 2 1 1 4.0 4.0 0.078 0.136 1.3386 1.2551 12.19 
0.527 2 1 1 4.0 4.0 0.081 0.108 1.2952 1.2169 12.18 
0.528 2 1 1 4.0 4.0 0.104 0.122 1.2551 1.2551 12.19 
0.529 2 1 1 4.0 4.0 0.084 0.108 1.2952 1.2551 12.19 
0.530 2 1 1 4.0 4.0 0.097 0.109 1.2551 1.2551 12.18 
0.531 2 1 1 4.0 4.0 0.080 0.121 1.2551 1.1812 12.19 
0.532 2 1 1 4.0 4.0 0.070 0.069 1.3386 1.2551 12.19 
0.533 2 1 1 4.0 4.0 0.105 0.109 1.1812 1.2551 12.18 
0.534 2 1 1 4.0 4.0 0.087 0.126 1.2952 1.2551 12.19 
0.535 2 1 1 4.0 4.0 0.093 0.111 1.3386 1.2551 12.19 
0.536 2 1 1 4.0 4.0 0.099 0.144 1.3386 1.2551 12.18 
0.537 2 1 1 4.0 4.0 0.076 0.136 1.2551 1.2169 12.19 
0.538 2 1 1 4.0 4.0 0.094 0.109 1.3386 1.2551 12.18 
0.539 2 1 1 4.0 4.0 0.084 0.105 1.3386 1.2551 12.19 
0.540 2 1 1 4.0 4.0 0.082 0.085 1.3386 1.2551 12.19 
0.541 2 1 1 4.0 4.0 0.103 0.128 1.2169 1.2551 12.19 
0.542 2 1 1 4.0 4.0 0.077 0.113 1.2952 1.2551 12.20 
0.543 2 1 1 4.0 4.0 0.087 0.083 1.2952 1.2169 12.19 
0.544 2 1 1 4.0 4.0 0.090 0.102 1.3386 1.2551 12.19 
0.545 2 1 1 4.0 4.0 0.077 0.113 1.2551 1.2551 12.19 
0.546 2 1 1 4.0 4.0 0.095 0.054 1.2551 1.2551 12.18 
0.547 2 1 1 4.0 4.0 0.073 0.124 1.2952 1.0852 12.19 
0.548 2 1 1 4.0 4.0 0.074 0.109 1.3386 1.2551 12.19 
0.549 2 1 1 4.0 4.0 0.095 0.098 1.2169 1.2169 12.19 
0.550 2 1 1 4.0 4.0 0.077 0.119 1.2551 1.2169 12.19 
0.551 2 1 1 4.0 4.0 0.092 0.113 1.2952 1.2169 12.18 
0.552 2 1 1 4.0 4.0 0.096 0.120 1.3386 1.2551 12.18 
0.553 2 1 1 4.0 4.0 0.066 0.136 1.2169 1.2169 12.19 
0.554 2 1 1 4.0 4.0 0.081 0.107 1.2952 1.2551 12.19 
0.555 2 1 1 4.0 4.0 0.076 0.134 1.2952 1.2551 12.19 
0.556 2 1 1 4.0 4.0 0.099 0.121 1.2952 1.2551 12.19 
0.557 2 1 1 4.0 4.0 0.096 0.121 1.2952 1.2169 12.19 
0.558 2 1 1 4.0 4.0 0.073 0.131 1.0852 1.2169 12.18 
0.559 2 1 1 4.0 4.0 0.102 0.099 1.2952 1.1812 12.18 
0.560 2 1 1 4.0 4.0 0.096 0.099 1.3386 1.2551 12.19 
0.561 2 1 1 4.0 4.0 0.085 0.110 1.3386 1.2551 12.18 
0.562 2 1 1 4.0 4.0 0.094 0.102 1.2551 1.2551 12.17 
0.563 2 1 1 4.0 4.0 0.184 0.009 1.2952 1.2551 12.18 
0.564 2 1 1 4.0 4.0 0.125 0.060 1.3386 1.2952 12.19 
0.565 2 1 1 4.0 4.0 0.107 0.069 1.2952 1.2551 12.17 
0.566 2 1 1 4.0 4.0 0.076 0.125 1.2551 1.2551 12.19 
0.567 2 1 1 4.0 4.0 0.098 0.109 1.2952 1.2551 12.18 
0.568 2 1 1 4.0 4.0 0.084 0.130 1.2952 1.2551 12.19 
0.569 2 1 1 4.0 4.0 0.075 0.143 1.2952 1.2551 12.19 
0.570 2 1 1 4.0 4.0 0.098 0.119 1.2551 1.2551 12.19 
0.571 2 1 1 4.0 4.0 0.085 0.122 1.2952 1.2551 12.19 
0.572 2 1 1 4.0 4.0 0.100 0.120 1.3386 1.2551 12.18 
0.573 2 1 1 4.0 4.0 0.092 0.124 1.2952 1.2551 12.18 
0.574 2 1 1 4.0 4.0 0.081 0.150 1.2169 1.2169 12.19 
0.575 2 1 1 4.0 4.0 0.106 0.104 1.2551 1.2551 12.19 
0.576 2 1 1 4.0 4.0 0.081 0.106 1.3386 1.2551 12.19 
0.577 2 1 1 4.0 4.0 0.091 0.120 1.3386 1.2551 12.19 
0.578 2 1 1 4.0 4.0 0.088 0.096 1.2551 1.2551 12.18 
0.579 2 1 1 4.0 4.0 0.100 0.083 1.2952 1.2551 12.18 
0.580 2 1 1 4.0 4.0 0.101 0.090 1.3386 1.2952 12.19 
0.581 2 1 1 4.0 4.0 0.096 0.100 1.2952 1.2551 12.19 
0.582 2 1 1 4.0 4.0 0.084 0.130 1.2551 1.2551 12.19 
0.583 2 1 1 4.0 4.0 0.105 0.110 1.2952 1.2551 12.18 
0.584 2 1 1 4.0 4.0 0.092 0.139 1.2169 1.2551 12.19 
0.585 2 1 1 4.0 4.0 0.089 0.151 1.3386 1.2551 12.18 
0.586 2 1 1 4.0 4.0 0.093 0.121 1.3386 1.2169 12.18 
0.587 2 1 1 4.0 4.0 0.078 0.125 1.0852 1.2551 12.19 
0.588 2 1 1 4.0 4.0 0.103 0.127 1.2952 1.2551 12.19 
0.589 2 1 1 4.0 4.0 0.092 0.140 1.3386 1.2551 12.19 
0.590 2 1 1 4.0 4.0 0.091 0.146 1.2952 1.2551 12.19 
0.591 2 1 1 4.0 4.0 0.104 0.083 1.2551 1.2551 12.19 
0.592 2 1 1 4.0 4.0 0.084 0.108 1.2952 1.2551 12.19 
0.593 2 1 1 4.0 4.0 0.092 0.121 1.2551 1.2551 12.19 
0.594 2 1 1 4.0 4.0 0.078 0.093 1.3386 1.2551 12.19 
0.595 2 1 1 4.0 4.0 0.065 0.129 1.2551 1.2551 12.18 
0.596 2 1 1 4.0 4.0 0.098 0.113 1.2952 1.2952 12.18 
0.597 2 1 1 4.0 4.0 0.096 0.107 1.2952 1.2551 12.19 
0.598 2 1 1 4.0 4.0 0.093 0.129 1.3386 1.2551 12.19 
0.599 2 1 1 4.0 4.0 0.100 0.105 1.2551 1.2551 12.19 
0.600 2 1 1 4.0 4.0 0.083 0.136 1.2952 1.2551 12.19 
0.601 2 1 1 4.0 4.0 0.096 0.144 1.3386 1.2551 12.19 
0.602 2 1 1 4.0 4.0 0.096 0.097 1.3386 1.2169 12.19 
0.603 2 1 1 4.0 4.0 0.080 0.105 1.2169 1.2551 12.19 
0.604 2 1 1 4.0 4.0 0.106 0.125 1.2952 1.2551 12.18 
0.605 2 1 1 4.0 4.0 0.084 0.134 1.2952 1.2551 12.18 
0.606 2 1 1 4.0 4.0 0.092 0.130 1.2952 1.2551 12.19 
0.607 2 1 1 4.0 4.0 0.104 0.106 1.2551 1.2551 12.19 
0.608 2 1 1 4.0 4.0 0.109 0.099 1.2952 1.2551 12.19 
0.609 2 1 1 4.0 4.0 0.107 0.100 1.2551 1.2551 12.19 
0.610 2 1 1 4.0 4.0 0.084 0.094 1.2169 1.2551 12.19 
0.611 2 1 1 4.0 4.0 0.061 0.128 1.3386 1.2551 12.19 
0.612 2 1 1 4.0 4.0 0.091 0.114 1.1474 1.2952 12.19 
0.613 2 1 1 4.0 4.0 0.076 0.100 1.2952 1.2551 12.18 
0.614 2 1 1 4.0 4.0 0.088 0.124 1.3386 1.2551 12.18 
0.615 2 1 1 4.0 4.0 0.096 0.114 1.3386 1.2551 12.19 
0.616 2 1 1 4.0 4.0 0.072 0.124 1.2551 1.2551 12.19 
0.617 2 1 1 4.0 4.0 0.089 0.138 1.2952 1.2551 12.19 
0.618 2 1 1 4.0 4.0 0.087 0.121 1.3386 1.2551 12.19 
0.619 2 1 1 4.0 4.0 0.070 0.126 1.3386 1.2551 12.19 
0.620 2 1 1 4.0 4.0 0.095 0.132 1.2169 1.2551 12.19 
0.621 2 1 1 4.0 4.0 0.074 0.132 1.2952 1.2551 12.18 
0.622 2 1 1 4.0 4.0 0.084 0.140 1.2952 1.2169 12.18 
0.623 2 1 1 4.0 4.0 0.096 0.098 1.3386 1.2551 12.19 
0.624 2 1 1 4.0 4.0 0.081 0.113 1.2551 1.2551 12.19 
0.625 2 1 1 4.0 4.0 0.100 0.118 1.2551 1.2551 12.20 
0.626 2 1 1 4.0 4.0 0.076 0.086 1.2952 1.2551 12.19 
0.627 2 1 1 4.0 4.0 0.084 0.126 1.3386 1.2551 12.18 
0.628 2 1 1 4.0 4.0 0.109 0.122 1.2169 1.2952 12.19 
0.629 2 1 1 4.0 4.0 0.080 0.092 1.2952 1.2551 12.18 
0.630 2 1 1 4.0 4.0 0.094 0.121 1.3386 1.2551 12.19 
0.631 2 1 1 4.0 4.0 0.087 0.085 1.2169 1.2551 12.19 
0.632 2 1 1 4.0 4.0 0.071 0.140 1.3386 1.2551 12.19 
0.633 2 1 1 4.0 4.0 0.097 0.144 1.1812 1.2551 12.19 
0.634 2 1 1 4.0 4.0 0.077 0.105 1.2952 1.2551 12.19 
0.635 2 1 1 4.0 4.0 0.083 0.130 1.2952 1.2551 12.19 
0.636 2 1 1 4.0 4.0 0.092 0.117 1.2952 1.2551 12.20 
0.637 2 1 1 4.0 4.0 0.072 0.105 1.2169 1.2551 12.19 
0.638 2 1 1 4.0 4.0 0.099 0.141 1.2952 1.2551 12.19 
0.639 2 1 1 4.0 4.0 0.096 0.102 1.3386 1.2551 12.19 
0.640 2 1 1 4.0 4.0 0.081 0.095 1.3386 1.2551 12.19 
0.641 2 1 1 4.0 4.0 0.095 0.131 1.2551 1.2551 12.19 
0.642 2 1 1 4.0 4.0 0.062 0.112 1.2952 1.2551 12.19 
0.643 2 1 1 4.0 4.0 0.085 0.118 1.3386 1.2551 12.19 
0.644 2 1 1 4.0 4.0 0.100 0.110 1.2952 1.2952 12.20 
0.645 2 1 1 4.0 4.0 0.068 0.105 1.2551 1.2551 12.19 
0.646 2 1 1 4.0 4.0 0.096 0.124 1.2952 1.2551 12.19 
0.647 2 1 1 4.0 4.0 0.083 0.093 1.2952 1.2551 12.19 
0.648 2 1 1 4.0 4.0 0.082 0.129 1.3386 1.2551 12.19 
0.649 2 1 1 4.0 4.0 0.091 0.148 1.2551 1.2551 12.19 
0.650 2 1 1 4.0 4.0 0.069 0.117 1.2952 1.2551 12.18 
0.651 2 1 1 4.0 4.0 0.094 0.128 1.2551 1.2551 12.18 
0.652 2 1 1 4.0 4.0 0.087 0.124 1.3386 1.2551 12.19 
0.653 2 1 1 4.0 4.0 0.078 0.120 1.2169 1.2551 12.18 
0.654 2 1 1 4.0 4.0 0.102 0.140 1.2551 1.2551 12.19 
0.655 2 1 1 4.0 4.0 0.083 0.102 1.2952 1.2551 12.19 
0.656 2 1 1 4.0 4.0 0.088 0.102 1.2551 1.2551 12.19 
0.657 2 1 1 4.0 4.0 0.080 0.132 1.3386 1.2551 12.20 
0.658 2 1 1 4.0 4.0 0.062 0.113 1.2551 1.2551 12.19 
0.659 2 1 1 4.0 4.0 0.092 0.127 1.2952 1.2551 12.19 
0.660 2 1 1 4.0 4.0 0.091 0.110 1.2952 1.2952 12.19 
0.661 2 1 1 4.0 4.0 0.084 0.102 1.3386 1.2551 12.19 
0.662 2 1 1 4.0 4.0 0.099 0.130 1.2551 1.2551 12.19 
0.663 2 1 1 4.0 4.0 0.077 0.100 1.2952 1.2551 12.19 
0.664 2 1 1 4.0 4.0 0.094 0.145 1.3386 1.2551 12.18 
0.665 2 1 1 4.0 4.0 0.088 0.141 1.3386 1.2551 12.18 
