%% logfile from robot Agnes (18)
% Agnes (18)
%  1    time 0.000 sec
%  2  3  4   (mission 0), state 2, thread 2, line 0
%  5  6 Motor voltage [V] left, right: 1.6 1.6
%  7  8 Motor current left, right [A]: 2.169 2.178
%  9 10 Wheel velocity [m/s] left, right: -0.0000 0.0000
% 11    Battery voltage [V]: 12.16
0.001 2 2 0 1.6 1.6 0.109 -0.000 -0.0000 0.0000 12.15 
0.002 2 2 0 1.6 1.6 0.234 -0.000 -0.0000 0.0000 12.11 
0.003 2 2 0 1.6 1.6 0.316 -0.000 -0.0000 0.0000 12.13 
0.004 2 2 0 1.6 1.6 0.363 -0.000 -0.0000 0.0000 12.11 
0.005 2 2 0 1.6 1.6 0.388 -0.000 -0.0000 0.0000 12.10 
0.006 2 2 0 1.6 1.6 0.404 -0.000 -0.0000 0.0000 12.09 
0.007 2 2 0 1.6 1.6 0.403 -0.000 -0.0000 0.0000 12.12 
0.008 2 2 0 1.6 1.6 0.409 -0.000 -0.0000 0.0000 12.13 
0.009 2 2 0 1.6 1.6 0.386 -0.000 -0.0000 0.0000 12.13 
0.010 2 2 0 1.6 1.6 0.373 -0.000 -0.0000 0.0000 12.13 
0.011 2 2 0 1.6 1.6 0.360 -0.000 0.0000 0.0000 12.13 
0.012 2 2 0 1.6 1.6 0.354 -0.000 0.0000 0.0669 12.13 
0.013 2 2 0 1.6 1.6 0.342 -0.000 0.0000 0.0669 12.12 
0.014 2 2 0 1.6 1.6 0.337 -0.000 0.0000 0.0669 12.13 
0.015 2 2 0 1.6 1.6 0.327 -0.000 0.0949 0.0669 12.11 
0.016 2 2 0 1.6 1.6 0.322 -0.000 0.0949 0.1022 12.10 
0.017 2 2 0 1.6 1.6 0.319 -0.000 0.0949 0.1022 12.12 
0.018 2 2 0 1.6 1.6 0.317 -0.000 0.0949 0.1022 12.10 
0.019 2 2 0 1.6 1.6 0.312 -0.000 0.1176 0.1022 12.12 
0.020 2 2 0 1.6 1.6 0.314 -0.000 0.1176 0.1294 12.11 
0.021 2 2 0 1.6 1.6 0.287 -0.000 0.1420 0.1294 12.13 
0.022 2 2 0 1.6 1.6 0.276 -0.000 0.1420 0.1505 12.13 
0.023 2 2 0 1.6 1.6 0.281 -0.000 0.1420 0.1505 12.13 
0.024 2 2 0 1.6 1.6 0.266 -0.000 0.1817 0.1505 12.12 
0.025 2 2 0 1.6 1.6 0.262 -0.000 0.1817 0.1615 12.13 
0.026 2 2 0 1.6 1.6 0.259 -0.000 0.1769 0.1615 12.12 
0.027 2 2 0 1.6 1.6 0.271 -0.000 0.1769 0.1886 12.13 
0.028 2 2 0 1.6 1.6 0.271 -0.000 0.1866 0.1886 12.11 
0.029 2 2 0 1.6 1.6 0.264 -0.000 0.1866 0.2016 12.13 
0.030 2 2 0 1.6 1.6 0.296 -0.000 0.2037 0.2016 12.13 
0.031 2 2 0 1.6 1.6 0.273 -0.000 0.2037 0.2166 12.14 
0.032 2 2 0 1.6 1.6 0.269 -0.000 0.2227 0.2166 12.13 
0.033 2 2 0 1.6 1.6 0.255 -0.000 0.2227 0.2016 12.14 
0.034 2 2 0 1.6 1.6 0.265 -0.000 0.2215 0.2016 12.12 
0.035 2 2 0 1.6 1.6 0.245 -0.000 0.2442 0.2227 12.12 
0.036 2 2 0 1.6 1.6 0.233 -0.000 0.2442 0.2316 12.12 
0.037 2 2 0 1.6 1.6 0.229 -0.000 0.2304 0.2316 12.12 
0.038 2 2 0 1.6 1.6 0.229 -0.000 0.2304 0.2329 12.14 
0.039 2 2 0 1.6 1.6 0.207 -0.000 0.2442 0.2329 12.12 
0.040 2 2 0 1.6 1.6 0.215 -0.000 0.2503 0.2203 12.14 
0.041 2 2 0 1.6 1.6 0.225 -0.000 0.2503 0.2203 12.14 
0.042 2 2 0 1.6 1.6 0.205 -0.000 0.2738 0.2471 12.13 
0.043 2 2 0 1.6 1.6 0.228 -0.000 0.2617 0.2398 12.13 
0.044 2 2 0 1.6 1.6 0.184 -0.000 0.2617 0.2398 12.13 
0.045 2 2 0 1.6 1.6 0.185 -0.000 0.2738 0.2617 12.13 
0.046 2 2 0 1.6 1.6 0.198 -0.000 0.2665 0.2686 12.13 
0.047 2 2 0 1.6 1.6 0.188 -0.000 0.2665 0.2686 12.14 
0.048 2 2 0 1.6 1.6 0.201 -0.000 0.2686 0.2649 12.15 
0.049 2 2 0 1.6 1.6 0.175 -0.000 0.2686 0.2836 12.15 
0.050 2 2 0 1.6 1.6 0.187 -0.000 0.2702 0.2836 12.12 
0.051 2 2 0 1.6 1.6 0.172 -0.000 0.2815 0.2759 12.13 
0.052 2 2 0 1.6 1.6 0.179 -0.000 0.2815 0.2702 12.13 
0.053 2 2 0 1.6 1.6 0.184 -0.000 0.2815 0.2702 12.13 
0.054 2 2 0 1.6 1.6 0.190 -0.000 0.2957 0.2876 12.14 
0.055 2 2 0 1.6 1.6 0.196 -0.000 0.2897 0.2600 12.12 
0.056 2 2 0 1.6 1.6 0.223 -0.000 0.2897 0.2600 12.13 
0.057 2 2 0 1.6 1.6 0.202 -0.000 0.2876 0.3026 12.12 
0.058 2 2 0 1.6 1.6 0.191 -0.000 0.2937 0.3095 12.13 
0.059 2 2 0 1.6 1.6 0.191 -0.000 0.2957 0.3026 12.14 
0.060 2 2 0 1.6 1.6 0.178 -0.000 0.2957 0.3026 12.14 
0.061 2 2 0 1.6 1.6 0.179 -0.000 0.2957 0.2775 12.12 
0.062 2 2 0 1.6 1.6 0.142 -0.000 0.2957 0.3002 12.14 
0.063 2 2 0 1.6 1.6 0.170 -0.000 0.3071 0.3095 12.12 
0.064 2 2 0 1.6 1.6 0.157 -0.000 0.3071 0.3095 12.14 
0.065 2 2 0 1.6 1.6 0.181 -0.000 0.3379 0.3071 12.16 
0.066 2 2 0 1.6 1.6 0.175 -0.000 0.3120 0.3047 12.15 
0.067 2 2 0 1.6 1.6 0.206 -0.000 0.3144 0.3168 12.12 
0.068 2 2 0 1.6 1.6 0.173 -0.000 0.3193 0.3168 12.13 
0.069 2 2 0 1.6 1.6 0.168 -0.000 0.3193 0.2957 12.13 
0.070 2 2 0 1.6 1.6 0.134 -0.000 0.3379 0.3144 12.13 
0.071 2 2 0 1.6 1.6 0.142 -0.000 0.3168 0.3245 12.14 
0.072 2 2 0 1.6 1.6 0.130 -0.000 0.3071 0.3193 12.13 
0.073 2 2 0 1.6 1.6 0.147 -0.000 0.3245 0.3193 12.14 
0.074 2 2 0 1.6 1.6 0.137 -0.000 0.3245 0.3095 12.15 
0.075 2 2 0 1.6 1.6 0.151 -0.000 0.3436 0.3270 12.14 
0.076 2 2 0 1.6 1.6 0.165 -0.000 0.3270 0.3193 12.12 
0.077 2 2 0 1.6 1.6 0.168 -0.000 0.3270 0.3193 12.13 
0.078 2 2 0 1.6 1.6 0.172 -0.000 0.3298 0.3323 12.12 
0.079 2 2 0 1.6 1.6 0.144 -0.000 0.3298 0.3193 12.13 
0.080 2 2 0 1.6 1.6 0.137 -0.000 0.3436 0.3323 12.13 
0.081 2 2 0 1.6 1.6 0.140 -0.000 0.3270 0.3193 12.14 
0.082 2 2 0 1.6 1.6 0.126 -0.000 0.3323 0.3193 12.15 
0.083 2 2 0 1.6 1.6 0.168 -0.000 0.3351 0.3270 12.13 
0.084 2 2 0 1.6 1.6 0.157 -0.000 0.3586 0.3095 12.14 
0.085 2 2 0 1.6 1.6 0.170 -0.000 0.3525 0.3323 12.13 
0.086 2 2 0 1.6 1.6 0.141 -0.000 0.3379 0.3323 12.14 
0.087 2 2 0 1.6 1.6 0.150 -0.000 0.3525 0.3351 12.14 
0.088 2 2 0 1.6 1.6 0.161 -0.000 0.3379 0.3351 12.13 
0.089 2 2 0 1.6 1.6 0.144 -0.000 0.3408 0.3193 12.12 
0.090 2 2 0 1.6 1.6 0.138 -0.000 0.3379 0.3351 12.14 
0.091 2 2 0 1.6 1.6 0.117 -0.000 0.3862 0.3323 12.14 
0.092 2 2 0 1.6 1.6 0.145 -0.000 0.3497 0.3379 12.14 
0.093 2 2 0 1.6 1.6 0.122 -0.000 0.3436 0.3379 12.14 
0.094 2 2 0 1.6 1.6 0.163 -0.000 0.3323 0.3193 12.14 
0.095 2 2 0 1.6 1.6 0.167 -0.000 0.3465 0.3436 12.13 
0.096 2 2 0 1.6 1.6 0.167 -0.000 0.3651 0.3379 12.14 
0.097 2 2 0 1.6 1.6 0.170 -0.000 0.3497 0.3497 12.13 
0.098 2 2 0 1.6 1.6 0.153 -0.000 0.3753 0.3193 12.13 
0.099 2 2 0 1.6 1.6 0.139 -0.000 0.3436 0.3193 12.15 
0.100 2 2 0 1.6 1.6 0.137 -0.000 0.3436 0.3465 12.15 
0.101 2 2 0 1.6 1.6 0.154 -0.000 0.3558 0.3525 12.15 
0.102 2 2 0 1.6 1.6 0.128 -0.000 0.3497 0.3465 12.14 
0.103 2 2 0 1.6 1.6 0.131 -0.000 0.3789 0.3193 12.14 
0.104 2 2 0 1.6 1.6 0.161 -0.000 0.3558 0.3497 12.14 
0.105 2 2 0 1.6 1.6 0.119 -0.000 0.3651 0.3497 12.14 
0.106 2 2 0 1.6 1.6 0.148 -0.000 0.3558 0.3298 12.15 
0.107 2 2 0 1.6 1.6 0.114 -0.000 0.3525 0.3525 12.15 
0.108 2 2 0 1.6 1.6 0.130 -0.000 0.3525 0.3586 12.15 
0.109 2 2 0 1.6 1.6 0.111 -0.000 0.3525 0.3525 12.15 
0.110 2 2 0 1.6 1.6 0.117 -0.000 0.3619 0.3651 12.15 
0.111 2 2 0 1.6 1.6 0.120 -0.000 0.3558 0.3525 12.15 
0.112 2 2 0 1.6 1.6 0.130 -0.000 0.3688 0.3408 12.15 
0.113 2 2 0 1.6 1.6 0.160 -0.000 0.3586 0.3408 12.15 
0.114 2 2 0 1.6 1.6 0.162 -0.000 0.3525 0.3558 12.15 
0.115 2 2 0 1.6 1.6 0.155 -0.000 0.3619 0.3193 12.15 
0.116 2 2 0 1.6 1.6 0.150 -0.000 0.3619 0.3619 12.15 
0.117 2 2 0 1.6 1.6 0.119 -0.000 0.3619 0.3753 12.15 
0.118 2 2 0 1.6 1.6 0.124 -0.000 0.3586 0.3619 12.13 
0.119 2 2 0 1.6 1.6 0.122 -0.000 0.3497 0.3323 12.14 
0.120 2 2 0 1.6 1.6 0.108 -0.000 0.3619 0.3323 12.14 
0.121 2 2 0 1.6 1.6 0.126 -0.000 0.3899 0.3558 12.15 
0.122 2 2 0 1.6 1.6 0.151 -0.000 0.3558 0.3688 12.15 
0.123 2 2 0 1.6 1.6 0.137 -0.000 0.3619 0.3586 12.15 
0.124 2 2 0 1.6 1.6 0.153 -0.000 0.3586 0.3558 12.15 
0.125 2 2 0 1.6 1.6 0.125 -0.000 0.3826 0.3619 12.15 
0.126 2 2 0 1.6 1.6 0.104 -0.000 0.3558 0.3408 12.15 
0.127 2 2 0 1.6 1.6 0.105 -0.000 0.3558 0.3619 12.16 
0.128 2 2 0 1.6 1.6 0.111 -0.000 0.3436 0.3720 12.15 
0.129 2 2 0 1.6 1.6 0.104 -0.000 0.3619 0.3720 12.15 
0.130 2 2 0 1.6 1.6 0.121 -0.000 0.3789 0.3619 12.15 
0.131 2 2 0 1.6 1.6 0.130 -0.000 0.3619 0.3497 12.15 
0.132 2 2 0 1.6 1.6 0.157 -0.000 0.3651 0.3651 12.15 
0.133 2 2 0 1.6 1.6 0.134 -0.000 0.3651 0.3558 12.14 
0.134 2 2 0 1.6 1.6 0.134 -0.000 0.3789 0.3688 12.14 
0.135 2 2 0 1.6 1.6 0.094 -0.000 0.3619 0.3558 12.15 
0.136 2 2 0 1.6 1.6 0.096 -0.000 0.3688 0.3651 12.15 
0.137 2 2 0 1.6 1.6 0.112 -0.000 0.3688 0.3558 12.15 
0.138 2 2 0 1.6 1.6 0.119 -0.000 0.3651 0.3558 12.15 
0.139 2 2 0 1.6 1.6 0.159 -0.000 0.3899 0.3619 12.15 
0.140 2 2 0 1.6 1.6 0.133 -0.000 0.3651 0.3408 12.15 
0.141 2 2 0 1.6 1.6 0.114 -0.000 0.3826 0.3619 12.15 
0.142 2 2 0 1.6 1.6 0.128 -0.000 0.3651 0.3651 12.15 
0.143 2 2 0 1.6 1.6 0.104 -0.000 0.3688 0.3651 12.15 
0.144 2 2 0 1.6 1.6 0.096 -0.000 0.3651 0.3525 12.15 
0.145 2 2 0 1.6 1.6 0.111 -0.000 0.3899 0.3651 12.14 
0.146 2 2 0 1.6 1.6 0.115 -0.000 0.3688 0.3651 12.14 
0.147 2 2 0 1.6 1.6 0.132 -0.000 0.3586 0.3619 12.15 
0.148 2 2 0 1.6 1.6 0.141 -0.000 0.3688 0.3651 12.15 
0.149 2 2 0 1.6 1.6 0.175 -0.000 0.3862 0.3497 12.15 
0.150 2 2 0 1.6 1.6 0.147 -0.000 0.3753 0.3688 12.14 
0.151 2 2 0 1.6 1.6 0.162 -0.000 0.3753 0.3619 12.15 
0.152 2 2 0 1.6 1.6 0.139 -0.000 0.3935 0.3753 12.15 
0.153 2 2 0 1.6 1.6 0.110 -0.000 0.3720 0.3408 12.14 
0.154 2 2 0 1.6 1.6 0.111 -0.000 0.3753 0.3688 12.15 
0.155 2 2 0 1.6 1.6 0.113 -0.000 0.3753 0.3720 12.15 
0.156 2 2 0 1.6 1.6 0.132 -0.000 0.4016 0.3720 12.14 
0.157 2 2 0 1.6 1.6 0.108 -0.000 0.3720 0.3688 12.15 
0.158 2 2 0 1.6 1.6 0.118 -0.000 0.3899 0.3379 12.14 
0.159 2 2 0 1.6 1.6 0.106 -0.000 0.3753 0.3688 12.14 
0.160 2 2 0 1.6 1.6 0.111 -0.000 0.3720 0.3497 12.14 
0.161 2 2 0 1.6 1.6 0.100 -0.000 0.3688 0.3720 12.14 
0.162 2 2 0 1.6 1.6 0.095 -0.000 0.3826 0.3789 12.15 
0.163 2 2 0 1.6 1.6 0.111 -0.000 0.3720 0.3720 12.15 
0.164 2 2 0 1.6 1.6 0.107 -0.000 0.3826 0.3862 12.14 
0.165 2 2 0 1.6 1.6 0.147 -0.000 0.3753 0.3720 12.14 
0.166 2 2 0 1.6 1.6 0.141 -0.000 0.3753 0.3720 12.15 
0.167 2 2 0 1.6 1.6 0.156 -0.000 0.3651 0.3586 12.15 
0.168 2 2 0 1.6 1.6 0.137 -0.000 0.3753 0.3753 12.15 
0.169 2 2 0 1.6 1.6 0.112 -0.000 0.3688 0.3323 12.15 
0.170 2 2 0 1.6 1.6 0.114 -0.000 0.3651 0.3789 12.15 
0.171 2 2 0 1.6 1.6 0.098 -0.000 0.3619 0.3899 12.15 
0.172 2 2 0 1.6 1.6 0.108 -0.000 0.3688 0.3789 12.15 
0.173 2 2 0 1.6 1.6 0.084 -0.000 0.4057 0.3465 12.15 
0.174 2 2 0 1.6 1.6 0.155 -0.000 0.3688 0.3720 12.15 
0.175 2 2 0 1.6 1.6 0.155 -0.000 0.3720 0.3826 12.15 
0.176 2 2 0 1.6 1.6 0.145 -0.000 0.3688 0.3720 12.15 
0.177 2 2 0 1.6 1.6 0.110 -0.000 0.3935 0.3720 12.14 
0.178 2 2 0 1.6 1.6 0.100 -0.000 0.3753 0.3688 12.15 
0.179 2 2 0 1.6 1.6 0.122 -0.000 0.3688 0.3753 12.15 
0.180 2 2 0 1.6 1.6 0.099 -0.000 0.3525 0.3525 12.14 
0.181 2 2 0 1.6 1.6 0.115 -0.000 0.3720 0.3753 12.14 
0.182 2 2 0 1.6 1.6 0.120 -0.000 0.3899 0.3826 12.14 
0.183 2 2 0 1.6 1.6 0.129 -0.000 0.3720 0.3753 12.15 
0.184 2 2 0 1.6 1.6 0.134 -0.000 0.3720 0.3586 12.15 
0.185 2 2 0 1.6 1.6 0.134 -0.000 0.3753 0.3753 12.15 
0.186 2 2 0 1.6 1.6 0.149 -0.000 0.3899 0.3688 12.14 
0.187 2 2 0 1.6 1.6 0.115 -0.000 0.3688 0.3789 12.15 
0.188 2 2 0 1.6 1.6 0.103 -0.000 0.3753 0.3619 12.15 
0.189 2 2 0 1.6 1.6 0.102 -0.000 0.3720 0.3619 12.14 
0.190 2 2 0 1.6 1.6 0.106 -0.000 0.3976 0.3720 12.14 
0.191 2 2 0 1.6 1.6 0.145 -0.000 0.3720 0.3651 12.14 
0.192 2 2 0 1.6 1.6 0.126 -0.000 0.3720 0.3688 12.14 
0.193 2 2 0 1.6 1.6 0.121 -0.000 0.3899 0.3465 12.14 
0.194 2 2 0 1.6 1.6 0.114 -0.000 0.3720 0.3720 12.14 
0.195 2 2 0 1.6 1.6 0.109 -0.000 0.3753 0.3688 12.15 
0.196 2 2 0 1.6 1.6 0.118 -0.000 0.3688 0.3753 12.15 
0.197 2 2 0 1.6 1.6 0.103 -0.000 0.3899 0.3558 12.14 
0.198 2 2 0 1.6 1.6 0.101 -0.000 0.3720 0.3720 12.15 
0.199 2 2 0 1.6 1.6 0.141 -0.000 0.3586 0.3720 12.15 
0.200 2 2 0 1.6 1.6 0.163 -0.000 0.3720 0.3688 12.15 
0.201 2 2 1 4.0 4.0 0.160 -0.000 0.3899 0.3688 12.15 
0.202 2 2 1 4.0 4.0 0.277 -0.000 0.3753 0.3558 12.13 
0.203 2 2 1 4.0 4.0 0.480 -0.000 0.4057 0.3753 12.12 
0.204 2 2 1 4.0 4.0 0.596 -0.000 0.3976 0.3862 12.11 
0.205 2 2 1 4.0 4.0 0.687 -0.000 0.4097 0.4016 12.10 
0.206 2 2 1 4.0 4.0 0.735 -0.000 0.4223 0.3899 12.11 
0.207 2 2 1 4.0 4.0 0.750 -0.000 0.4507 0.4138 12.11 
0.208 2 2 1 4.0 4.0 0.802 -0.000 0.4556 0.4406 12.11 
0.209 2 2 1 4.0 4.0 0.687 -0.000 0.4828 0.4556 12.11 
0.210 2 2 1 4.0 4.0 0.643 -0.000 0.4945 0.4771 12.11 
0.211 2 2 1 4.0 4.0 0.623 -0.000 0.5071 0.4884 12.10 
0.212 2 2 1 4.0 4.0 0.635 -0.000 0.5266 0.5071 12.11 
0.213 2 2 1 4.0 4.0 0.633 -0.000 0.5554 0.5408 12.10 
0.214 2 2 1 4.0 4.0 0.646 -0.000 0.5554 0.5631 12.11 
0.215 2 2 1 4.0 4.0 0.626 -0.000 0.5793 0.5712 12.11 
0.216 2 2 1 4.0 4.0 0.598 -0.000 0.5878 0.5878 12.11 
0.217 2 2 1 4.0 4.0 0.563 -0.000 0.6053 0.5631 12.11 
0.218 2 2 1 4.0 4.0 0.549 -0.000 0.6146 0.6239 12.11 
0.219 2 2 1 4.0 4.0 0.599 -0.000 0.6438 0.6239 12.11 
0.220 2 2 1 4.0 4.0 0.567 -0.000 0.6438 0.6337 12.09 
0.221 2 2 1 4.0 4.0 0.527 -0.000 0.6759 0.6540 12.10 
0.222 2 2 1 4.0 4.0 0.499 -0.000 0.6540 0.6540 12.10 
0.223 2 2 1 4.0 4.0 0.490 -0.000 0.6649 0.6540 12.11 
0.224 2 2 1 4.0 4.0 0.493 -0.000 0.6872 0.6872 12.11 
0.225 2 2 1 4.0 4.0 0.481 -0.000 0.6994 0.6994 12.11 
0.226 2 2 1 4.0 4.0 0.472 -0.000 0.7241 0.6994 12.11 
0.227 2 2 1 4.0 4.0 0.460 -0.000 0.7375 0.7116 12.11 
0.228 2 2 1 4.0 4.0 0.495 -0.000 0.7651 0.7241 12.11 
0.229 2 2 1 4.0 4.0 0.451 -0.000 0.7651 0.7241 12.10 
0.230 2 2 1 4.0 4.0 0.434 -0.000 0.7509 0.7116 12.12 
0.231 2 2 1 4.0 4.0 0.421 -0.000 0.7801 0.7509 12.11 
0.232 2 2 1 4.0 4.0 0.410 -0.000 0.7509 0.7375 12.11 
0.233 2 2 1 4.0 4.0 0.468 -0.000 0.7801 0.7651 12.11 
0.234 2 2 1 4.0 4.0 0.442 -0.000 0.7951 0.7509 12.10 
0.235 2 2 1 4.0 4.0 0.427 -0.000 0.7951 0.7651 12.11 
0.236 2 2 1 4.0 4.0 0.412 -0.000 0.8114 0.7801 12.11 
0.237 2 2 1 4.0 4.0 0.430 -0.000 0.8276 0.7801 12.12 
0.238 2 2 1 4.0 4.0 0.383 -0.000 0.8114 0.7951 12.10 
0.239 2 2 1 4.0 4.0 0.343 -0.000 0.8276 0.7951 12.11 
0.240 2 2 1 4.0 4.0 0.370 -0.000 0.8276 0.7951 12.12 
0.241 2 2 1 4.0 4.0 0.405 -0.000 0.8114 0.8114 12.11 
0.242 2 2 1 4.0 4.0 0.392 -0.000 0.8276 0.8276 12.11 
0.243 2 2 1 4.0 4.0 0.365 -0.000 0.8276 0.8276 12.11 
0.244 2 2 1 4.0 4.0 0.371 -0.000 0.8629 0.7951 12.11 
0.245 2 2 1 4.0 4.0 0.439 -0.000 0.8629 0.8276 12.11 
0.246 2 2 1 4.0 4.0 0.358 -0.000 0.8815 0.8276 12.11 
0.247 2 2 1 4.0 4.0 0.327 -0.000 0.8815 0.8450 12.12 
0.248 2 2 1 4.0 4.0 0.339 -0.000 0.8815 0.8450 12.12 
0.249 2 2 1 4.0 4.0 0.336 -0.000 0.8815 0.8629 12.11 
0.250 2 2 1 4.0 4.0 0.334 -0.000 0.9014 0.8629 12.11 
0.251 2 2 1 4.0 4.0 0.316 -0.000 0.9014 0.8629 12.12 
0.252 2 2 1 4.0 4.0 0.352 -0.000 0.9217 0.8629 12.11 
0.253 2 2 1 4.0 4.0 0.340 -0.000 0.9217 0.8629 12.12 
0.254 2 2 1 4.0 4.0 0.315 -0.000 0.9217 0.8815 12.11 
0.255 2 2 1 4.0 4.0 0.322 -0.000 0.9217 0.8815 12.11 
0.256 2 2 1 4.0 4.0 0.364 -0.000 0.9217 0.8815 12.11 
0.257 2 2 1 4.0 4.0 0.333 -0.000 0.9432 0.8815 12.11 
0.258 2 2 1 4.0 4.0 0.317 -0.000 0.9432 0.9014 12.12 
0.259 2 2 1 4.0 4.0 0.356 -0.000 0.9655 0.9014 12.10 
0.260 2 2 1 4.0 4.0 0.314 -0.000 0.9655 0.9014 12.11 
0.261 2 2 1 4.0 4.0 0.287 -0.000 0.9655 0.9014 12.12 
0.262 2 2 1 4.0 4.0 0.283 -0.000 0.9655 0.9014 12.11 
0.263 2 2 1 4.0 4.0 0.328 -0.000 0.9432 0.9217 12.11 
0.264 2 2 1 4.0 4.0 0.323 -0.000 0.9432 0.9432 12.11 
0.265 2 2 1 4.0 4.0 0.290 -0.000 0.9432 0.9432 12.12 
0.266 2 2 1 4.0 4.0 0.290 -0.000 0.9655 0.8815 12.11 
0.267 2 2 1 4.0 4.0 0.328 -0.000 0.9655 0.9217 12.12 
0.268 2 2 1 4.0 4.0 0.278 -0.000 0.9895 0.9217 12.11 
0.269 2 2 1 4.0 4.0 0.247 -0.000 0.9655 0.9432 12.11 
0.270 2 2 1 4.0 4.0 0.284 -0.000 0.9895 0.9432 12.11 
0.271 2 2 1 4.0 4.0 0.286 -0.000 0.9895 0.9655 12.11 
0.272 2 2 1 4.0 4.0 0.286 -0.000 0.9895 0.9655 12.11 
0.273 2 2 1 4.0 4.0 0.310 -0.000 0.9895 0.9655 12.12 
0.274 2 2 1 4.0 4.0 0.276 -0.000 0.9895 0.9655 12.12 
0.275 2 2 1 4.0 4.0 0.261 -0.000 1.0142 0.9655 12.12 
0.276 2 2 1 4.0 4.0 0.265 -0.000 0.9895 0.9655 12.12 
0.277 2 2 1 4.0 4.0 0.297 -0.000 0.9895 0.9655 12.10 
0.278 2 2 1 4.0 4.0 0.274 -0.000 1.0142 0.9655 12.10 
0.279 2 2 1 4.0 4.0 0.262 -0.000 1.0142 0.9655 12.11 
0.280 2 2 1 4.0 4.0 0.271 -0.000 1.0142 0.9655 12.11 
0.281 2 2 1 4.0 4.0 0.248 -0.000 1.0142 0.9432 12.12 
0.282 2 2 1 4.0 4.0 0.239 -0.000 1.0142 0.9655 12.12 
0.283 2 2 1 4.0 4.0 0.270 -0.000 1.0142 0.9655 12.08 
0.284 2 2 1 4.0 4.0 0.290 -0.000 1.0142 0.9655 12.10 
0.285 2 2 1 4.0 4.0 0.252 -0.000 1.0142 0.9895 12.11 
0.286 2 2 1 4.0 4.0 0.258 -0.000 1.0402 0.9895 12.11 
0.287 2 2 1 4.0 4.0 0.292 -0.000 1.0402 0.9655 12.11 
0.288 2 2 1 4.0 4.0 0.255 -0.000 1.0402 0.9895 12.12 
0.289 2 2 1 4.0 4.0 0.210 -0.000 1.0142 0.9655 12.08 
0.290 2 2 1 4.0 4.0 0.266 -0.000 1.0142 0.9895 12.10 
0.291 2 2 1 4.0 4.0 0.257 -0.000 1.0142 0.9895 12.11 
0.292 2 2 1 4.0 4.0 0.235 -0.000 0.9895 0.9895 12.11 
0.293 2 2 1 4.0 4.0 0.267 -0.000 1.0402 0.9895 12.11 
0.294 2 2 1 4.0 4.0 0.254 -0.000 1.0402 0.9895 12.11 
0.295 2 2 1 4.0 4.0 0.224 -0.000 1.0673 0.9895 12.12 
0.296 2 2 1 4.0 4.0 0.247 -0.000 1.0402 0.9895 12.12 
0.297 2 2 1 4.0 4.0 0.290 -0.000 1.0402 0.9895 12.11 
0.298 2 2 1 4.0 4.0 0.258 -0.000 1.0673 0.9895 12.11 
0.299 2 2 1 4.0 4.0 0.257 -0.000 1.0673 0.9895 12.11 
0.300 2 2 1 4.0 4.0 0.241 -0.000 1.0673 0.9895 12.12 
0.301 2 2 1 4.0 4.0 0.225 -0.000 1.0673 0.9655 12.11 
0.302 2 2 1 4.0 4.0 0.203 -0.000 1.0673 0.9895 12.11 
0.303 2 2 1 4.0 4.0 0.247 -0.000 1.0402 0.9895 12.09 
0.304 2 2 1 4.0 4.0 0.255 -0.000 1.0402 0.9895 12.10 
0.305 2 2 1 4.0 4.0 0.210 -0.000 1.0402 1.0142 12.11 
0.306 2 2 1 4.0 4.0 0.265 -0.000 1.0673 1.0402 12.12 
0.307 2 2 1 4.0 4.0 0.235 -0.000 1.0673 1.0142 12.11 
0.308 2 2 1 4.0 4.0 0.208 -0.000 1.0402 1.0402 12.11 
0.309 2 2 1 4.0 4.0 0.242 -0.000 1.0673 1.0142 12.11 
0.310 2 2 1 4.0 4.0 0.253 -0.000 1.0673 1.0402 12.11 
0.311 2 2 1 4.0 4.0 0.232 -0.000 1.0673 1.0142 12.11 
0.312 2 2 1 4.0 4.0 0.229 -0.000 1.0673 1.0142 12.11 
0.313 2 2 1 4.0 4.0 0.257 -0.000 1.0673 1.0142 12.11 
0.314 2 2 1 4.0 4.0 0.218 -0.000 1.0673 1.0142 12.11 
0.315 2 2 1 4.0 4.0 0.222 -0.000 1.0673 0.9895 12.11 
0.316 2 2 1 4.0 4.0 0.270 -0.000 1.0673 1.0142 12.12 
0.317 2 2 1 4.0 4.0 0.255 -0.000 1.0673 1.0142 12.11 
0.318 2 2 1 4.0 4.0 0.226 -0.000 1.0673 1.0142 12.11 
0.319 2 2 1 4.0 4.0 0.244 -0.000 1.0673 1.0142 12.11 
0.320 2 2 1 4.0 4.0 0.225 -0.000 1.0673 1.0142 12.11 
0.321 2 2 1 4.0 4.0 0.198 -0.000 1.0673 0.9895 12.11 
0.322 2 2 1 4.0 4.0 0.243 -0.000 1.0673 1.0142 12.11 
0.323 2 2 1 4.0 4.0 0.238 -0.000 1.0673 1.0142 12.09 
0.324 2 2 1 4.0 4.0 0.211 -0.000 1.0673 1.0142 12.08 
0.325 2 2 1 4.0 4.0 0.241 -0.000 1.0673 1.0402 12.10 
0.326 2 2 1 4.0 4.0 0.230 -0.000 1.0673 1.0402 12.12 
0.327 2 2 1 4.0 4.0 0.215 -0.000 1.0673 1.0142 12.11 
0.328 2 2 1 4.0 4.0 0.210 -0.000 1.0673 1.0402 12.11 
0.329 2 2 1 4.0 4.0 0.240 -0.000 1.0673 1.0402 12.10 
0.330 2 2 1 4.0 4.0 0.215 -0.000 1.0673 1.0402 12.11 
0.331 2 2 1 4.0 4.0 0.232 -0.000 1.0673 1.0142 12.11 
0.332 2 2 1 4.0 4.0 0.252 -0.000 1.0673 1.0142 12.10 
0.333 2 2 1 4.0 4.0 0.215 -0.000 1.0673 1.0142 12.09 
0.334 2 2 1 4.0 4.0 0.201 -0.000 1.0673 1.0142 12.11 
0.335 2 2 1 4.0 4.0 0.260 -0.000 1.0673 1.0142 12.11 
0.336 2 2 1 4.0 4.0 0.243 -0.000 1.0961 1.0142 12.11 
0.337 2 2 1 4.0 4.0 0.210 -0.000 1.0961 1.0142 12.11 
0.338 2 2 1 4.0 4.0 0.239 -0.000 1.0961 1.0142 12.11 
0.339 2 2 1 4.0 4.0 0.202 -0.000 1.0673 1.0142 12.11 
0.340 2 2 1 4.0 4.0 0.195 -0.000 1.0673 1.0142 12.11 
0.341 2 2 1 4.0 4.0 0.241 -0.000 1.0402 1.0142 12.07 
0.342 2 2 1 4.0 4.0 0.244 -0.000 1.0673 1.0402 12.10 
0.343 2 2 1 4.0 4.0 0.208 -0.000 1.0673 1.0142 12.10 
0.344 2 2 1 4.0 4.0 0.254 -0.000 1.0961 1.0402 12.11 
0.345 2 2 1 4.0 4.0 0.217 -0.000 1.0961 1.0402 12.11 
0.346 2 2 1 4.0 4.0 0.187 -0.000 1.0673 1.0402 12.11 
0.347 2 2 1 4.0 4.0 0.203 -0.000 1.0673 1.0402 12.10 
0.348 2 2 1 4.0 4.0 0.235 -0.000 1.0673 1.0142 12.11 
0.349 2 2 1 4.0 4.0 0.204 -0.000 1.0673 1.0402 12.11 
0.350 2 2 1 4.0 4.0 0.233 -0.000 1.0673 1.0402 12.11 
0.351 2 2 1 4.0 4.0 0.242 -0.000 1.0961 1.0402 12.10 
0.352 2 2 2 -4.0 -4.0 0.191 -0.000 1.1266 1.0402 12.11 
0.353 2 2 2 -4.0 -4.0 -0.257 -0.000 1.0961 1.0402 12.08 
0.354 2 2 2 -4.0 -4.0 -0.890 -0.000 1.0673 1.0402 12.04 
0.355 2 2 2 -4.0 -4.0 -1.380 -0.000 1.0402 1.0142 12.02 
0.356 2 2 2 -4.0 -4.0 -1.690 -0.000 0.9895 0.9432 11.97 
0.357 2 2 2 -4.0 -4.0 -1.814 -0.000 0.8815 0.8629 11.98 
0.358 2 2 2 -4.0 -4.0 -1.598 -0.000 0.8114 0.7801 11.97 
0.359 2 2 2 -4.0 -4.0 -1.642 -0.000 0.7241 0.7241 11.99 
0.360 2 2 2 -4.0 -4.0 -1.709 -0.000 0.6438 0.6759 11.98 
0.361 2 2 2 -4.0 -4.0 -1.746 -0.000 0.6239 0.6239 11.99 
0.362 2 2 2 -4.0 -4.0 -1.787 -0.000 0.5793 0.5878 12.00 
0.363 2 2 2 -4.0 -4.0 -1.528 -0.000 0.5335 0.5201 11.98 
0.364 2 2 2 -4.0 -4.0 -1.500 -0.000 0.4945 0.4945 11.99 
0.365 2 2 2 -4.0 -4.0 -1.497 -0.000 0.4507 0.4609 11.99 
0.366 2 2 2 -4.0 -4.0 -1.508 -0.000 0.3436 0.3586 11.99 
0.367 2 2 2 -4.0 -4.0 -1.491 -0.000 0.2686 0.2580 12.01 
0.368 2 2 2 -4.0 -4.0 -1.446 -0.000 0.2686 0.2580 12.01 
0.369 2 2 2 -4.0 -4.0 -1.412 -0.000 0.1895 0.1947 12.02 
0.370 2 2 2 -4.0 -4.0 -1.391 -0.000 0.1615 0.1817 11.99 
0.371 2 2 2 -4.0 -4.0 -1.339 -0.000 0.1615 0.1817 11.98 
0.372 2 2 2 -4.0 -4.0 -1.299 -0.000 0.1542 0.1420 12.01 
0.373 2 2 2 -4.0 -4.0 -1.226 -0.000 0.1120 0.1051 12.01 
0.374 2 2 2 -4.0 -4.0 -1.172 -0.000 0.0872 0.0836 12.03 
0.375 2 2 2 -4.0 -4.0 -1.137 -0.000 -0.0836 0.0690 12.04 
0.376 2 2 2 -4.0 -4.0 -1.099 -0.000 -0.0836 0.0588 12.02 
0.377 2 2 2 -4.0 -4.0 -1.061 -0.000 -0.1477 0.0515 12.03 
0.378 2 2 2 -4.0 -4.0 -1.045 -0.000 -0.1477 -0.0483 12.04 
0.379 2 2 2 -4.0 -4.0 -0.988 -0.000 -0.2227 -0.0483 12.03 
0.380 2 2 2 -4.0 -4.0 -0.954 -0.000 -0.2227 -0.1647 12.05 
0.381 2 2 2 -4.0 -4.0 -0.903 -0.000 -0.2795 -0.1647 12.04 
0.382 2 2 2 -4.0 -4.0 -0.897 -0.000 -0.3193 -0.2166 12.06 
0.383 2 2 2 -4.0 -4.0 -0.925 -0.000 -0.3558 -0.2166 12.05 
0.384 2 2 2 -4.0 -4.0 -0.999 -0.000 -0.3720 -0.2897 12.04 
0.385 2 2 2 -4.0 -4.0 -0.823 -0.000 -0.4016 -0.3245 12.05 
0.386 2 2 2 -4.0 -4.0 -0.766 -0.000 -0.4138 -0.3436 12.05 
0.387 2 2 2 -4.0 -4.0 -0.722 -0.000 -0.4312 -0.3379 12.06 
0.388 2 2 2 -4.0 -4.0 -0.692 -0.000 -0.4507 -0.3935 12.07 
0.389 2 2 2 -4.0 -4.0 -0.677 -0.000 -0.4661 -0.4057 12.07 
0.390 2 2 2 -4.0 -4.0 -0.715 -0.000 -0.5006 -0.4179 12.06 
0.391 2 2 2 -4.0 -4.0 -0.710 -0.000 -0.5201 -0.4223 12.07 
0.392 2 2 2 -4.0 -4.0 -0.631 -0.000 -0.5335 -0.4454 12.07 
0.393 2 2 2 -4.0 -4.0 -0.611 -0.000 -0.5631 -0.4609 12.07 
0.394 2 2 2 -4.0 -4.0 -0.600 -0.000 -0.5793 -0.4771 12.07 
0.395 2 2 2 -4.0 -4.0 -0.600 -0.000 -0.6146 -0.5006 12.09 
0.396 2 2 2 -4.0 -4.0 -0.657 -0.000 -0.6146 -0.5201 12.08 
0.397 2 2 2 -4.0 -4.0 -0.559 -0.000 -0.6337 -0.5335 12.08 
0.398 2 2 2 -4.0 -4.0 -0.544 -0.000 -0.6239 -0.5481 12.08 
0.399 2 2 2 -4.0 -4.0 -0.520 -0.000 -0.6872 -0.5554 12.08 
0.400 2 2 2 -4.0 -4.0 -0.502 -0.000 -0.6649 -0.5712 12.08 
0.401 2 2 2 -4.0 -4.0 -0.561 -0.000 -0.6759 -0.5878 12.08 
0.402 2 2 2 -4.0 -4.0 -0.519 -0.000 -0.6994 -0.5878 12.09 
0.403 2 2 2 -4.0 -4.0 -0.489 -0.000 -0.7116 -0.6053 12.07 
0.404 2 2 2 -4.0 -4.0 -0.457 -0.000 -0.7116 -0.6239 12.07 
0.405 2 2 2 -4.0 -4.0 -0.460 -0.000 -0.7375 -0.6438 12.06 
0.406 2 2 2 -4.0 -4.0 -0.476 -0.000 -0.7375 -0.6438 12.07 
0.407 2 2 2 -4.0 -4.0 -0.433 -0.000 -0.7651 -0.6438 12.08 
0.408 2 2 2 -4.0 -4.0 -0.397 -0.000 -0.7509 -0.6759 12.08 
0.409 2 2 2 -4.0 -4.0 -0.389 -0.000 -0.7801 -0.6649 12.09 
0.410 2 2 2 -4.0 -4.0 -0.433 -0.000 -0.7801 -0.6872 12.08 
0.411 2 2 2 -4.0 -4.0 -0.427 -0.000 -0.7951 -0.7116 12.09 
0.412 2 2 2 -4.0 -4.0 -0.412 -0.000 -0.7801 -0.6994 12.09 
0.413 2 2 2 -4.0 -4.0 -0.390 -0.000 -0.7951 -0.6994 12.08 
0.414 2 2 2 -4.0 -4.0 -0.471 -0.000 -0.8114 -0.7375 12.08 
0.415 2 2 2 -4.0 -4.0 -0.412 -0.000 -0.8276 -0.7509 12.08 
0.416 2 2 2 -4.0 -4.0 -0.360 -0.000 -0.8450 -0.7375 12.08 
0.417 2 2 2 -4.0 -4.0 -0.325 -0.000 -0.8276 -0.7241 12.09 
0.418 2 2 2 -4.0 -4.0 -0.391 -0.000 -0.8629 -0.7651 12.08 
0.419 2 2 2 -4.0 -4.0 -0.365 -0.000 -0.8815 -0.7801 12.09 
0.420 2 2 2 -4.0 -4.0 -0.326 -0.000 -0.8815 -0.7651 12.09 
0.421 2 2 2 -4.0 -4.0 -0.353 -0.000 -0.9014 -0.7801 12.09 
0.422 2 2 2 -4.0 -4.0 -0.365 -0.000 -0.9014 -0.7801 12.09 
0.423 2 2 2 -4.0 -4.0 -0.342 -0.000 -0.9014 -0.7951 12.09 
0.424 2 2 2 -4.0 -4.0 -0.334 -0.000 -0.9217 -0.8114 12.09 
0.425 2 2 2 -4.0 -4.0 -0.366 -0.000 -0.9217 -0.8114 12.07 
0.426 2 2 2 -4.0 -4.0 -0.357 -0.000 -0.9217 -0.7951 12.09 
0.427 2 2 2 -4.0 -4.0 -0.312 -0.000 -0.9217 -0.8114 12.09 
0.428 2 2 2 -4.0 -4.0 -0.298 -0.000 -0.9217 -0.8114 12.09 
0.429 2 2 2 -4.0 -4.0 -0.362 -0.000 -0.9217 -0.8114 12.09 
0.430 2 2 2 -4.0 -4.0 -0.317 -0.000 -0.9432 -0.8276 12.09 
0.431 2 2 2 -4.0 -4.0 -0.270 -0.000 -0.9217 -0.8450 12.09 
0.432 2 2 2 -4.0 -4.0 -0.311 -0.000 -0.9432 -0.8450 12.09 
0.433 2 2 2 -4.0 -4.0 -0.327 -0.000 -0.9432 -0.8450 12.10 
0.434 2 2 2 -4.0 -4.0 -0.286 -0.000 -0.9655 -0.8629 12.10 
0.435 2 2 2 -4.0 -4.0 -0.292 -0.000 -0.9655 -0.8450 12.09 
0.436 2 2 2 -4.0 -4.0 -0.335 -0.000 -0.9655 -0.8629 12.11 
0.437 2 2 2 -4.0 -4.0 -0.292 -0.000 -0.9655 -0.8276 12.10 
0.438 2 2 2 -4.0 -4.0 -0.247 -0.000 -0.9655 -0.8450 12.10 
0.439 2 2 2 -4.0 -4.0 -0.288 -0.000 -0.9655 -0.9014 12.09 
0.440 2 2 2 -4.0 -4.0 -0.304 -0.000 -0.9895 -0.8815 12.09 
0.441 2 2 2 -4.0 -4.0 -0.278 -0.000 -0.9895 -0.8450 12.09 
0.442 2 2 2 -4.0 -4.0 -0.279 -0.000 -1.0142 -0.8815 12.10 
0.443 2 2 2 -4.0 -4.0 -0.279 -0.000 -1.0142 -0.8450 12.10 
0.444 2 2 2 -4.0 -4.0 -0.278 -0.000 -0.9895 -0.8815 12.10 
0.445 2 2 2 -4.0 -4.0 -0.252 -0.000 -1.0142 -0.8815 12.10 
0.446 2 2 2 -4.0 -4.0 -0.297 -0.000 -1.0142 -0.9014 12.10 
0.447 2 2 2 -4.0 -4.0 -0.277 -0.000 -1.0142 -0.9014 12.09 
0.448 2 2 2 -4.0 -4.0 -0.236 -0.000 -1.0142 -0.9014 12.09 
0.449 2 2 2 -4.0 -4.0 -0.272 -0.000 -1.0142 -0.9217 12.10 
0.450 2 2 2 -4.0 -4.0 -0.273 -0.000 -1.0142 -0.9217 12.09 
0.451 2 2 2 -4.0 -4.0 -0.238 -0.000 -1.0142 -0.9217 12.10 
0.452 2 2 2 -4.0 -4.0 -0.241 -0.000 -1.0402 -0.9217 12.10 
0.453 2 2 2 -4.0 -4.0 -0.264 -0.000 -1.0402 -0.9217 12.10 
0.454 2 2 2 -4.0 -4.0 -0.237 -0.000 -1.0673 -0.9217 12.10 
0.455 2 2 2 -4.0 -4.0 -0.231 -0.000 -1.0402 -0.9217 12.10 
0.456 2 2 2 -4.0 -4.0 -0.263 -0.000 -1.0402 -0.9432 12.08 
0.457 2 2 2 -4.0 -4.0 -0.251 -0.000 -1.0402 -0.9217 12.09 
0.458 2 2 2 -4.0 -4.0 -0.211 -0.000 -1.0402 -0.9432 12.10 
0.459 2 2 2 -4.0 -4.0 -0.249 -0.000 -1.0402 -0.8815 12.10 
0.460 2 2 2 -4.0 -4.0 -0.269 -0.000 -1.0673 -0.9217 12.10 
0.461 2 2 2 -4.0 -4.0 -0.212 -0.000 -1.0673 -0.9432 12.09 
0.462 2 2 2 -4.0 -4.0 -0.262 -0.000 -1.0673 -0.9217 12.10 
0.463 2 2 2 -4.0 -4.0 -0.267 -0.000 -1.0402 -0.9432 12.10 
0.464 2 2 2 -4.0 -4.0 -0.225 -0.000 -1.0673 -0.9432 12.10 
0.465 2 2 2 -4.0 -4.0 -0.231 -0.000 -1.0673 -0.9432 12.10 
0.466 2 2 2 -4.0 -4.0 -0.258 -0.000 -1.0673 -0.9432 12.10 
0.467 2 2 2 -4.0 -4.0 -0.221 -0.000 -1.0673 -0.9432 12.11 
0.468 2 2 2 -4.0 -4.0 -0.220 -0.000 -1.0673 -0.9432 12.10 
0.469 2 2 2 -4.0 -4.0 -0.234 -0.000 -1.0673 -0.9655 12.10 
0.470 2 2 2 -4.0 -4.0 -0.216 -0.000 -1.0402 -0.9655 12.10 
0.471 2 2 2 -4.0 -4.0 -0.189 -0.000 -1.0673 -0.9655 12.10 
0.472 2 2 2 -4.0 -4.0 -0.230 -0.000 -1.0673 -0.9655 12.10 
0.473 2 2 2 -4.0 -4.0 -0.229 -0.000 -1.0961 -0.9655 12.09 
0.474 2 2 2 -4.0 -4.0 -0.200 -0.000 -1.0961 -0.9655 12.10 
0.475 2 2 2 -4.0 -4.0 -0.252 -0.000 -1.0673 -0.9655 12.10 
0.476 2 2 2 -4.0 -4.0 -0.235 -0.000 -1.0961 -0.9655 12.09 
0.477 2 2 2 -4.0 -4.0 -0.192 -0.000 -1.0961 -0.9895 12.10 
0.478 2 2 2 -4.0 -4.0 -0.237 -0.000 -1.0961 -0.9655 12.08 
0.479 2 2 2 -4.0 -4.0 -0.231 -0.000 -1.0961 -0.8629 12.09 
0.480 2 2 2 -4.0 -4.0 -0.195 -0.000 -1.0961 -0.9655 12.10 
0.481 2 2 2 -4.0 -4.0 -0.239 -0.000 -1.0961 -0.9895 12.11 
0.482 2 2 2 -4.0 -4.0 -0.222 -0.000 -1.0961 -0.9895 12.10 
0.483 2 2 2 -4.0 -4.0 -0.197 -0.000 -1.1266 -0.9655 12.09 
0.484 2 2 2 -4.0 -4.0 -0.235 -0.000 -1.1266 -0.9655 12.10 
0.485 2 2 2 -4.0 -4.0 -0.228 -0.000 -1.0673 -0.9217 12.10 
0.486 2 2 2 -4.0 -4.0 -0.197 -0.000 -1.1266 -0.9655 12.10 
0.487 2 2 2 -4.0 -4.0 -0.225 -0.000 -1.1266 -0.9655 12.10 
0.488 2 2 2 -4.0 -4.0 -0.229 -0.000 -1.1266 -0.9655 12.10 
0.489 2 2 2 -4.0 -4.0 -0.179 -0.000 -1.1266 -0.9655 12.10 
0.490 2 2 2 -4.0 -4.0 -0.214 -0.000 -1.1266 -0.9655 12.11 
0.491 2 2 2 -4.0 -4.0 -0.225 -0.000 -1.1590 -0.9432 12.10 
0.492 2 2 2 -4.0 -4.0 -0.185 -0.000 -1.1266 -0.9655 12.10 
0.493 2 2 2 -4.0 -4.0 -0.213 -0.000 -1.1266 -0.9655 12.09 
0.494 2 2 2 -4.0 -4.0 -0.210 -0.000 -1.1266 -0.9895 12.10 
0.495 2 2 2 -4.0 -4.0 -0.193 -0.000 -1.1266 -1.0142 12.09 
0.496 2 2 2 -4.0 -4.0 -0.188 -0.000 -1.1266 -0.9895 12.10 
0.497 2 2 2 -4.0 -4.0 -0.224 -0.000 -1.1266 -1.0142 12.11 
0.498 2 2 2 -4.0 -4.0 -0.193 -0.000 -1.0673 -0.9895 12.11 
0.499 2 2 2 -4.0 -4.0 -0.214 -0.000 -1.1266 -1.0142 12.09 
0.500 2 2 2 -4.0 -4.0 -0.227 -0.000 -1.0961 -0.9895 12.10 
0.501 2 2 2 -4.0 -4.0 -0.203 -0.000 -1.0961 -0.9895 12.10 
0.502 2 2 2 -4.0 -4.0 -0.200 -0.000 -1.1266 -1.0142 12.10 
0.503 2 2 3 0.0 0.0 -0.217 -0.000 -1.1266 -1.0142 12.10 
0.504 2 2 3 0.0 0.0 0.077 -0.000 -1.1266 -0.9895 12.12 
0.505 2 2 3 0.0 0.0 0.456 -0.000 -1.1266 -0.9895 12.13 
0.506 2 2 3 0.0 0.0 0.556 -0.000 -1.0961 -0.9655 12.13 
0.507 2 2 3 0.0 0.0 0.710 -0.000 -1.0673 -0.9655 12.13 
0.508 2 2 3 0.0 0.0 0.826 -0.000 -1.0402 -0.9217 12.14 
0.509 2 2 3 0.0 0.0 0.748 -0.000 -0.9655 -0.8629 12.14 
0.510 2 2 3 0.0 0.0 0.727 -0.000 -0.9432 -0.8450 12.14 
0.511 2 2 3 0.0 0.0 0.782 -0.000 -0.9014 -0.7951 12.13 
0.512 2 2 3 0.0 0.0 0.798 -0.000 -0.8450 -0.7801 12.13 
0.513 2 2 3 0.0 0.0 0.703 -0.000 -0.8114 -0.7509 12.14 
0.514 2 2 3 0.0 0.0 0.672 -0.000 -0.7951 -0.7241 12.14 
0.515 2 2 3 0.0 0.0 0.711 -0.000 -0.7651 -0.6994 12.13 
0.516 2 2 3 0.0 0.0 0.743 -0.000 -0.7375 -0.6759 12.14 
0.517 2 2 3 0.0 0.0 0.658 -0.000 -0.7241 -0.6759 12.13 
0.518 2 2 3 0.0 0.0 0.580 -0.000 -0.7116 -0.6540 12.13 
0.519 2 2 3 0.0 0.0 0.604 -0.000 -0.6872 -0.6146 12.14 
0.520 2 2 3 0.0 0.0 0.642 -0.000 -0.6438 -0.6053 12.13 
0.521 2 2 3 0.0 0.0 0.634 -0.000 -0.6239 -0.5964 12.13 
0.522 2 2 3 0.0 0.0 0.537 -0.000 -0.6053 -0.5793 12.13 
0.523 2 2 3 0.0 0.0 0.456 -0.000 -0.5878 -0.5335 12.13 
0.524 2 2 3 0.0 0.0 0.462 -0.000 -0.5481 -0.5201 12.14 
0.525 2 2 3 0.0 0.0 0.508 -0.000 -0.5631 -0.5071 12.13 
0.526 2 2 3 0.0 0.0 0.522 -0.000 -0.5335 -0.4556 12.14 
0.527 2 2 3 0.0 0.0 0.507 -0.000 -0.5071 -0.4556 12.13 
0.528 2 2 3 0.0 0.0 0.500 -0.000 -0.4884 -0.4361 12.13 
0.529 2 2 3 0.0 0.0 0.395 -0.000 -0.4556 -0.4268 12.13 
0.530 2 2 3 0.0 0.0 0.386 -0.000 -0.4507 -0.4223 12.14 
0.531 2 2 3 0.0 0.0 0.376 -0.000 -0.4016 -0.3789 12.13 
0.532 2 2 3 0.0 0.0 0.397 -0.000 -0.3826 -0.3789 12.14 
0.533 2 2 3 0.0 0.0 0.419 -0.000 -0.3826 -0.3558 12.14 
0.534 2 2 3 0.0 0.0 0.407 -0.000 -0.3586 -0.3558 12.14 
0.535 2 2 3 0.0 0.0 0.388 -0.000 -0.3558 -0.3245 12.14 
0.536 2 2 3 0.0 0.0 0.354 -0.000 -0.3270 -0.3298 12.13 
0.537 2 2 3 0.0 0.0 0.324 -0.000 -0.3047 -0.2815 12.14 
0.538 2 2 3 0.0 0.0 0.258 -0.000 -0.3047 -0.2815 12.14 
0.539 2 2 3 0.0 0.0 0.252 -0.000 -0.2957 -0.2897 12.14 
0.540 2 2 3 0.0 0.0 0.267 -0.000 -0.2937 -0.2722 12.14 
0.541 2 2 3 0.0 0.0 0.263 -0.000 -0.2815 -0.2722 12.14 
0.542 2 2 3 0.0 0.0 0.271 -0.000 -0.2633 -0.2503 12.15 
0.543 2 2 3 0.0 0.0 0.267 -0.000 -0.2288 -0.2414 12.14 
0.544 2 2 3 0.0 0.0 0.258 -0.000 -0.2288 -0.2179 12.14 
0.545 2 2 3 0.0 0.0 0.253 -0.000 -0.2179 -0.2288 12.14 
0.546 2 2 3 0.0 0.0 0.249 -0.000 -0.2179 -0.2288 12.14 
0.547 2 2 3 0.0 0.0 0.233 -0.000 -0.2101 -0.2101 12.14 
0.548 2 2 3 0.0 0.0 0.218 -0.000 -0.2101 -0.2101 12.14 
0.549 2 2 3 0.0 0.0 0.214 -0.000 -0.1801 -0.1959 12.14 
0.550 2 2 3 0.0 0.0 0.194 -0.000 -0.1801 -0.1959 12.13 
0.551 2 2 3 0.0 0.0 0.160 -0.000 -0.1801 -0.1959 12.14 
0.552 2 2 3 0.0 0.0 0.123 -0.000 -0.1635 -0.1623 12.14 
0.553 2 2 3 0.0 0.0 0.123 -0.000 -0.1635 -0.1623 12.14 
0.554 2 2 3 0.0 0.0 0.120 -0.000 -0.1554 -0.1590 12.14 
0.555 2 2 3 0.0 0.0 0.111 -0.000 -0.1513 -0.1529 12.14 
0.556 2 2 3 0.0 0.0 0.122 -0.000 -0.1513 -0.1529 12.14 
0.557 2 2 3 0.0 0.0 0.126 -0.000 -0.1432 -0.1391 12.14 
0.558 2 2 3 0.0 0.0 0.130 -0.000 -0.1432 -0.1355 12.14 
0.559 2 2 3 0.0 0.0 0.132 -0.000 -0.1432 -0.1355 12.14 
0.560 2 2 3 0.0 0.0 0.123 -0.000 -0.1306 -0.1355 12.14 
0.561 2 2 3 0.0 0.0 0.118 -0.000 -0.1067 -0.1262 12.12 
0.562 2 2 3 0.0 0.0 0.112 -0.000 -0.1067 -0.1262 12.13 
0.563 2 2 3 0.0 0.0 0.107 -0.000 -0.1067 -0.1262 12.14 
0.564 2 2 3 0.0 0.0 0.103 -0.000 -0.1067 -0.1124 12.15 
0.565 2 2 3 0.0 0.0 0.094 -0.000 -0.0941 -0.1124 12.14 
0.566 2 2 3 0.0 0.0 0.093 -0.000 -0.0763 -0.1124 12.14 
0.567 2 2 3 0.0 0.0 0.084 -0.000 -0.0746 -0.1124 12.14 
0.568 2 2 3 0.0 0.0 0.092 -0.000 -0.0746 -0.1059 12.14 
0.569 2 2 3 0.0 0.0 0.078 -0.000 -0.0746 -0.1059 12.14 
0.570 2 2 3 0.0 0.0 0.062 -0.000 -0.0746 -0.1059 12.14 
0.571 2 2 3 0.0 0.0 0.062 -0.000 -0.0746 -0.1059 12.14 
0.572 2 2 3 0.0 0.0 0.054 -0.000 -0.0690 -0.0949 12.14 
0.573 2 2 3 0.0 0.0 0.050 -0.000 -0.0588 -0.0783 12.14 
0.574 2 2 3 0.0 0.0 0.055 -0.000 -0.0515 -0.0783 12.14 
0.575 2 2 3 0.0 0.0 0.044 -0.000 -0.0454 -0.0783 12.14 
0.576 2 2 3 0.0 0.0 0.052 -0.000 -0.0434 -0.0783 12.14 
0.577 2 2 3 0.0 0.0 0.042 -0.000 -0.0434 -0.0783 12.14 
0.578 2 2 3 0.0 0.0 0.047 -0.000 -0.0434 -0.0783 12.14 
0.579 2 2 3 0.0 0.0 0.041 -0.000 -0.0434 -0.0661 12.13 
0.580 2 2 3 0.0 0.0 0.046 -0.000 -0.0434 -0.0568 12.14 
0.581 2 2 3 0.0 0.0 0.042 -0.000 -0.0434 -0.0499 12.14 
0.582 2 2 3 0.0 0.0 0.025 -0.000 -0.0434 -0.0446 12.14 
0.583 2 2 3 0.0 0.0 0.035 -0.000 -0.0434 -0.0402 12.14 
0.584 2 2 3 0.0 0.0 0.034 -0.000 -0.0434 -0.0365 12.14 
0.585 2 2 3 0.0 0.0 0.034 -0.000 -0.0422 -0.0333 12.14 
0.586 2 2 3 0.0 0.0 0.025 -0.000 -0.0381 -0.0308 12.14 
0.587 2 2 3 0.0 0.0 0.032 -0.000 -0.0349 -0.0284 12.14 
0.588 2 2 3 0.0 0.0 0.027 -0.000 -0.0320 -0.0268 12.14 
0.589 2 2 3 0.0 0.0 0.023 -0.000 -0.0296 -0.0252 12.14 
0.590 2 2 3 0.0 0.0 0.022 -0.000 -0.0276 -0.0235 12.14 
0.591 2 2 3 0.0 0.0 0.018 -0.000 -0.0260 -0.0223 12.12 
0.592 2 2 3 0.0 0.0 0.022 -0.000 -0.0243 -0.0211 12.13 
0.593 2 2 3 0.0 0.0 0.032 -0.000 -0.0231 -0.0199 12.14 
0.594 2 2 3 0.0 0.0 0.033 -0.000 -0.0215 -0.0191 12.14 
0.595 2 2 3 0.0 0.0 0.014 -0.000 -0.0207 -0.0183 12.14 
0.596 2 2 3 0.0 0.0 0.021 -0.000 -0.0195 -0.0174 12.14 
0.597 2 2 3 0.0 0.0 0.024 -0.000 -0.0187 -0.0166 12.14 
0.598 2 2 3 0.0 0.0 0.021 -0.000 -0.0178 -0.0158 12.14 
0.599 2 2 3 0.0 0.0 0.020 -0.000 -0.0170 -0.0154 12.14 
0.600 2 2 3 0.0 0.0 0.016 -0.000 -0.0162 -0.0146 12.14 
0.601 2 2 3 0.0 0.0 0.020 -0.000 -0.0158 -0.0142 12.15 
0.602 2 2 3 0.0 0.0 0.017 -0.000 -0.0150 -0.0138 12.14 
0.603 2 2 3 0.0 0.0 0.021 -0.000 -0.0150 -0.0134 12.14 
0.604 2 2 3 0.0 0.0 0.012 -0.000 -0.0150 -0.0130 12.14 
0.605 2 2 3 0.0 0.0 0.015 -0.000 -0.0150 -0.0126 12.14 
0.606 2 2 3 0.0 0.0 0.028 -0.000 -0.0150 -0.0122 12.14 
0.607 2 2 3 0.0 0.0 0.022 -0.000 -0.0150 -0.0118 12.14 
0.608 2 2 3 0.0 0.0 0.027 -0.000 -0.0150 -0.0114 12.14 
0.609 2 2 3 0.0 0.0 0.027 -0.000 -0.0150 -0.0110 12.14 
0.610 2 2 3 0.0 0.0 0.020 -0.000 -0.0150 -0.0105 12.15 
0.611 2 2 3 0.0 0.0 0.009 -0.000 -0.0150 -0.0105 12.14 
0.612 2 2 3 0.0 0.0 0.020 -0.000 -0.0150 -0.0101 12.14 
0.613 2 2 3 0.0 0.0 0.030 -0.000 -0.0150 -0.0097 12.14 
0.614 2 2 3 0.0 0.0 0.026 -0.000 -0.0150 -0.0097 12.14 
0.615 2 2 3 0.0 0.0 0.020 -0.000 -0.0150 -0.0093 12.14 
0.616 2 2 3 0.0 0.0 0.021 -0.000 -0.0150 -0.0093 12.14 
0.617 2 2 3 0.0 0.0 0.021 -0.000 -0.0150 -0.0089 12.14 
0.618 2 2 3 0.0 0.0 0.026 -0.000 -0.0150 -0.0089 12.14 
0.619 2 2 3 0.0 0.0 0.023 -0.000 -0.0150 0.0089 12.15 
0.620 2 2 3 0.0 0.0 0.020 -0.000 -0.0150 0.0089 12.14 
0.621 2 2 3 0.0 0.0 0.012 -0.000 -0.0150 0.0089 12.14 
0.622 2 2 3 0.0 0.0 0.018 -0.000 -0.0150 0.0089 12.14 
0.623 2 2 3 0.0 0.0 0.033 -0.000 -0.0150 0.0089 12.14 
0.624 2 2 3 0.0 0.0 0.031 -0.000 -0.0150 0.0089 12.14 
0.625 2 2 3 0.0 0.0 0.031 -0.000 -0.0150 0.0089 12.15 
0.626 2 2 3 0.0 0.0 0.026 -0.000 -0.0150 0.0089 12.15 
0.627 2 2 3 0.0 0.0 0.025 -0.000 -0.0150 0.0089 12.14 
0.628 2 2 3 0.0 0.0 0.025 -0.000 -0.0150 0.0089 12.14 
0.629 2 2 3 0.0 0.0 0.026 -0.000 -0.0146 0.0089 12.14 
0.630 2 2 3 0.0 0.0 0.013 -0.000 -0.0146 0.0089 12.12 
0.631 2 2 3 0.0 0.0 0.029 -0.000 -0.0146 0.0089 12.13 
0.632 2 2 3 0.0 0.0 0.035 -0.000 -0.0146 0.0308 12.14 
0.633 2 2 3 0.0 0.0 0.031 -0.000 -0.0146 0.0308 12.15 
0.634 2 2 3 0.0 0.0 0.027 -0.000 -0.0146 0.0308 12.14 
0.635 2 2 3 0.0 0.0 0.032 -0.000 -0.0146 0.0308 12.15 
0.636 2 2 3 0.0 0.0 0.024 -0.000 -0.0146 0.0308 12.15 
0.637 2 2 3 0.0 0.0 0.032 -0.000 -0.0146 0.0308 12.14 
0.638 2 2 3 0.0 0.0 0.022 -0.000 -0.0146 0.0308 12.14 
0.639 2 2 3 0.0 0.0 0.029 -0.000 -0.0146 0.0308 12.14 
0.640 2 2 3 0.0 0.0 0.024 -0.000 -0.0146 0.0308 12.14 
0.641 2 2 3 0.0 0.0 0.014 -0.000 -0.0146 0.0308 12.15 
0.642 2 2 3 0.0 0.0 0.020 -0.000 -0.0146 0.0308 12.15 
0.643 2 2 3 0.0 0.0 0.016 -0.000 -0.0146 0.0308 12.15 
0.644 2 2 3 0.0 0.0 0.015 -0.000 -0.0146 0.0308 12.15 
0.645 2 2 3 0.0 0.0 0.020 -0.000 -0.0146 0.0296 12.14 
0.646 2 2 3 0.0 0.0 0.018 -0.000 -0.0146 0.0276 12.14 
0.647 2 2 3 0.0 0.0 0.020 -0.000 -0.0146 0.0256 12.15 
0.648 2 2 3 0.0 0.0 0.019 -0.000 -0.0146 0.0243 12.15 
0.649 2 2 3 0.0 0.0 0.003 -0.000 -0.0146 0.0227 12.14 
0.650 2 2 3 0.0 0.0 0.005 -0.000 -0.0146 0.0215 12.15 
0.651 2 2 3 0.0 0.0 0.008 -0.000 -0.0146 0.0203 12.14 
0.652 2 2 3 0.0 0.0 0.001 -0.000 -0.0146 0.0195 12.14 
0.653 2 2 3 0.0 0.0 -0.002 -0.000 -0.0146 0.0187 12.14 
0.654 2 2 3 0.0 0.0 0.003 -0.000 -0.0146 0.0178 12.14 
0.655 2 2 3 0.0 0.0 -0.003 -0.000 -0.0146 0.0170 12.14 
0.656 2 2 3 0.0 0.0 -0.009 -0.000 -0.0146 0.0162 12.14 
0.657 2 2 3 0.0 0.0 0.001 -0.000 -0.0146 0.0158 12.14 
0.658 2 2 3 0.0 0.0 0.003 -0.000 -0.0138 0.0150 12.14 
0.659 2 2 3 0.0 0.0 0.006 -0.000 -0.0134 0.0146 12.14 
0.660 2 2 3 0.0 0.0 0.006 -0.000 -0.0130 0.0138 12.14 
0.661 2 2 3 0.0 0.0 0.008 -0.000 -0.0126 0.0134 12.14 
0.662 2 2 3 0.0 0.0 0.004 -0.000 -0.0122 0.0130 12.14 
0.663 2 2 3 0.0 0.0 0.001 -0.000 -0.0118 0.0126 12.14 
0.664 2 2 3 0.0 0.0 -0.007 -0.000 -0.0114 0.0122 12.14 
0.665 2 2 3 0.0 0.0 0.010 -0.000 -0.0114 0.0118 12.14 
