%% logfile from robot Olivia (13)
% Olivia (13)
%  1    time 0.000 sec
%  2  3  4   (mission 0), state 2, thread 1, line 0
%  5  6 Motor voltage [V] left, right: 1.3 1.3
%  7  8 Motor current left, right [A]: 6.483 6.483
%  9 10 Wheel velocity [m/s] left, right: 0.0000 0.0000
% 11    Battery voltage [V]: 12.27
0.001 2 1 0 1.3 1.3 0.003 -0.000 0.0000 0.0000 12.25 
0.002 2 1 0 1.3 1.3 0.005 -0.000 0.0000 0.0000 12.24 
0.003 2 1 0 1.3 1.3 0.008 -0.000 0.0000 0.0000 12.25 
0.004 2 1 0 1.3 1.3 0.007 -0.000 0.0000 0.0000 12.24 
0.005 2 1 0 1.3 1.3 0.007 -0.000 0.0000 0.0000 12.24 
0.006 2 1 0 1.3 1.3 0.008 -0.000 0.0000 0.0000 12.25 
0.007 2 1 0 1.3 1.3 0.008 -0.000 0.0000 0.0000 12.25 
0.008 2 1 0 1.3 1.3 0.008 -0.000 0.0000 0.0000 12.25 
0.009 2 1 0 1.3 1.3 0.007 -0.000 0.0000 0.0000 12.25 
0.010 2 1 0 1.3 1.3 0.008 -0.000 0.0000 0.0000 12.24 
0.011 2 1 0 1.3 1.3 0.008 -0.000 0.0000 0.0000 12.24 
0.012 2 1 0 1.3 1.3 0.009 -0.000 0.0000 0.0000 12.24 
0.013 2 1 0 1.3 1.3 0.008 -0.000 0.0000 0.0000 12.24 
0.014 2 1 0 1.3 1.3 0.008 -0.000 0.0912 0.0791 12.24 
0.015 2 1 0 1.3 1.3 0.008 -0.000 0.0912 0.0791 12.25 
0.016 2 1 0 1.3 1.3 0.008 -0.000 0.0912 0.0791 12.25 
0.017 2 1 0 1.3 1.3 0.008 -0.000 0.1309 0.0791 12.25 
0.018 2 1 0 1.3 1.3 0.008 -0.000 0.1309 0.0888 12.24 
0.019 2 1 0 1.3 1.3 0.009 -0.000 0.1309 0.0888 12.25 
0.020 2 1 0 1.3 1.3 0.011 -0.000 0.1450 0.0888 12.24 
0.021 2 1 0 1.3 1.3 0.009 -0.000 0.1450 0.0888 12.24 
0.022 2 1 0 1.3 1.3 0.006 -0.000 0.1450 0.1121 12.24 
0.023 2 1 0 1.3 1.3 0.008 -0.000 0.1586 0.1121 12.24 
0.024 2 1 0 1.3 1.3 0.004 -0.000 0.1586 0.1121 12.24 
0.025 2 1 0 1.3 1.3 0.006 -0.000 0.1482 0.1072 12.25 
0.026 2 1 0 1.3 1.3 0.007 -0.000 0.1482 0.1072 12.25 
0.027 2 1 0 1.3 1.3 0.007 -0.000 0.1482 0.1072 12.24 
0.028 2 1 0 1.3 1.3 0.006 -0.000 0.1759 0.1791 12.24 
0.029 2 1 0 1.3 1.3 0.005 -0.000 0.1759 0.1791 12.24 
0.030 2 1 0 1.3 1.3 0.006 -0.000 0.1876 0.1378 12.24 
0.031 2 1 0 1.3 1.3 0.006 -0.000 0.1876 0.1301 12.25 
0.032 2 1 0 1.3 1.3 0.008 -0.000 0.1948 0.1301 12.24 
0.033 2 1 0 1.3 1.3 0.007 -0.000 0.1948 0.1470 12.24 
0.034 2 1 0 1.3 1.3 0.006 -0.000 0.1868 0.1470 12.26 
0.035 2 1 0 1.3 1.3 0.007 -0.000 0.1868 0.1470 12.25 
0.036 2 1 0 1.3 1.3 0.005 -0.000 0.2133 0.1542 12.24 
0.037 2 1 0 1.3 1.3 0.007 -0.000 0.2133 0.1542 12.24 
0.038 2 1 0 1.3 1.3 0.008 -0.000 0.2100 0.2056 12.24 
0.039 2 1 0 1.3 1.3 0.008 -0.000 0.2281 0.2056 12.23 
0.040 2 1 0 1.3 1.3 0.008 -0.000 0.2281 0.1590 12.24 
0.041 2 1 0 1.3 1.3 0.005 -0.000 0.2133 0.1590 12.24 
0.042 2 1 0 1.3 1.3 0.006 -0.000 0.2133 0.1590 12.24 
0.043 2 1 0 1.3 1.3 0.006 -0.000 0.2390 0.1691 12.24 
0.044 2 1 0 1.3 1.3 0.007 -0.000 0.2390 0.1691 12.24 
0.045 2 1 0 1.3 1.3 0.007 -0.000 0.2345 0.1799 12.24 
0.046 2 1 0 1.3 1.3 0.005 -0.000 0.2510 0.1799 12.24 
0.047 2 1 0 1.3 1.3 0.007 -0.000 0.2510 0.2305 12.25 
0.048 2 1 0 1.3 1.3 0.007 -0.000 0.2590 0.2305 12.25 
0.049 2 1 0 1.3 1.3 0.006 -0.000 0.2623 0.1506 12.23 
0.050 2 1 0 1.3 1.3 0.004 -0.000 0.2623 0.1506 12.24 
0.051 2 1 0 1.3 1.3 0.005 -0.000 0.2590 0.1506 12.24 
0.052 2 1 0 1.3 1.3 0.006 -0.000 0.2747 0.1876 12.24 
0.053 2 1 0 1.3 1.3 0.007 -0.000 0.2747 0.1876 12.25 
0.054 2 1 0 1.3 1.3 0.007 -0.000 0.2711 0.2036 12.24 
0.055 2 1 0 1.3 1.3 0.006 -0.000 0.2787 0.2418 12.25 
0.056 2 1 0 1.3 1.3 0.005 -0.000 0.2787 0.2418 12.24 
0.057 2 1 0 1.3 1.3 0.006 -0.000 0.2590 0.1775 12.24 
0.058 2 1 0 1.3 1.3 0.006 -0.000 0.2868 0.1643 12.25 
0.059 2 1 0 1.3 1.3 0.006 -0.000 0.2868 0.1643 12.24 
0.060 2 1 0 1.3 1.3 0.005 -0.000 0.2787 0.2016 12.25 
0.061 2 1 0 1.3 1.3 0.006 -0.000 0.2972 0.2016 12.24 
0.062 2 1 0 1.3 1.3 0.008 -0.000 0.2888 0.2113 12.23 
0.063 2 1 0 1.3 1.3 0.006 -0.000 0.2848 0.2623 12.24 
0.064 2 1 0 1.3 1.3 0.007 -0.000 0.3064 0.2623 12.25 
0.065 2 1 0 1.3 1.3 0.006 -0.000 0.2888 0.1831 12.26 
0.066 2 1 0 1.3 1.3 0.006 -0.000 0.2888 0.1831 12.25 
0.067 2 1 0 1.3 1.3 0.005 -0.000 0.3113 0.2100 12.24 
0.068 2 1 0 1.3 1.3 0.004 -0.000 0.2952 0.2100 12.26 
0.069 2 1 0 1.3 1.3 0.005 -0.000 0.3113 0.2100 12.25 
0.070 2 1 0 1.3 1.3 0.006 -0.000 0.2996 0.2100 12.25 
0.071 2 1 0 1.3 1.3 0.009 -0.000 0.2928 0.2659 12.24 
0.072 2 1 0 1.3 1.3 0.008 -0.000 0.3213 0.2133 12.25 
0.073 2 1 0 1.3 1.3 0.007 -0.000 0.3137 0.1948 12.26 
0.074 2 1 0 1.3 1.3 0.006 -0.000 0.3237 0.1948 12.25 
0.075 2 1 0 1.3 1.3 0.005 -0.000 0.3237 0.2193 12.24 
0.076 2 1 0 1.3 1.3 0.006 -0.000 0.2767 0.2241 12.25 
0.077 2 1 0 1.3 1.3 0.007 -0.000 0.3237 0.2241 12.24 
0.078 2 1 0 1.3 1.3 0.007 -0.000 0.3522 0.2787 12.24 
0.079 2 1 0 1.3 1.3 0.006 -0.000 0.3289 0.2281 12.25 
0.080 2 1 0 1.3 1.3 0.005 -0.000 0.3289 0.1996 12.27 
0.081 2 1 0 1.3 1.3 0.005 -0.000 0.2731 0.1996 12.26 
0.082 2 1 0 1.3 1.3 0.005 -0.000 0.3289 0.2241 12.25 
0.083 2 1 0 1.3 1.3 0.005 -0.000 0.3185 0.2080 12.25 
0.084 2 1 0 1.3 1.3 0.007 -0.000 0.3374 0.2080 12.24 
0.085 2 1 0 1.3 1.3 0.008 -0.000 0.3374 0.2787 12.24 
0.086 2 1 0 1.3 1.3 0.006 -0.000 0.3185 0.2522 12.24 
0.087 2 1 0 1.3 1.3 0.006 -0.000 0.3402 0.2080 12.24 
0.088 2 1 0 1.3 1.3 0.005 -0.000 0.3213 0.2080 12.25 
0.089 2 1 0 1.3 1.3 0.005 -0.000 0.3430 0.2265 12.26 
0.090 2 1 0 1.3 1.3 0.006 -0.000 0.3430 0.2241 12.25 
0.091 2 1 0 1.3 1.3 0.006 -0.000 0.3213 0.2241 12.24 
0.092 2 1 0 1.3 1.3 0.007 -0.000 0.3462 0.2928 12.24 
0.093 2 1 0 1.3 1.3 0.006 -0.000 0.3402 0.2321 12.25 
0.094 2 1 0 1.3 1.3 0.004 -0.000 0.3522 0.2080 12.25 
0.095 2 1 0 1.3 1.3 0.004 -0.000 0.3088 0.2321 12.24 
0.096 2 1 0 1.3 1.3 0.004 -0.000 0.3088 0.2321 12.24 
0.097 2 1 0 1.3 1.3 0.006 -0.000 0.3490 0.2402 12.25 
0.098 2 1 0 1.3 1.3 0.008 -0.000 0.3550 0.2888 12.24 
0.099 2 1 0 1.3 1.3 0.006 -0.000 0.3522 0.2888 12.25 
0.100 2 1 0 1.3 1.3 0.005 -0.000 0.3237 0.1996 12.25 
0.101 2 1 0 1.3 1.3 0.005 -0.000 0.3550 0.1996 12.24 
0.102 2 1 0 1.3 1.3 0.006 -0.000 0.3374 0.2345 12.26 
0.103 2 1 0 1.3 1.3 0.007 -0.000 0.3582 0.2345 12.27 
0.104 2 1 0 1.3 1.3 0.013 -0.000 0.3582 0.2374 12.24 
0.105 2 1 0 1.3 1.3 0.008 -0.000 0.3237 0.3064 12.25 
0.106 2 1 0 1.3 1.3 0.006 -0.000 0.3615 0.3064 12.24 
0.107 2 1 0 1.3 1.3 0.006 -0.000 0.3430 0.2205 12.24 
0.108 2 1 0 1.3 1.3 0.005 -0.000 0.3615 0.2205 12.26 
0.109 2 1 0 1.3 1.3 0.005 -0.000 0.3615 0.2374 12.25 
0.110 2 1 0 1.3 1.3 0.006 -0.000 0.3651 0.2281 12.26 
0.111 2 1 0 1.3 1.3 0.005 -0.000 0.3490 0.2281 12.25 
0.112 2 1 0 1.3 1.3 0.004 -0.000 0.3490 0.3064 12.25 
0.113 2 1 0 1.3 1.3 0.003 -0.000 0.3715 0.2374 12.25 
0.114 2 1 0 1.3 1.3 0.004 -0.000 0.3582 0.2374 12.24 
0.115 2 1 0 1.3 1.3 0.004 -0.000 0.3683 0.2402 12.24 
0.116 2 1 0 1.3 1.3 0.005 -0.000 0.3346 0.2402 12.24 
0.117 2 1 0 1.3 1.3 0.007 -0.000 0.3715 0.2016 12.24 
0.118 2 1 0 1.3 1.3 0.007 -0.000 0.3522 0.3113 12.24 
0.119 2 1 0 1.3 1.3 0.005 -0.000 0.3751 0.3113 12.25 
0.120 2 1 0 1.3 1.3 0.006 -0.000 0.3550 0.2217 12.24 
0.121 2 1 0 1.3 1.3 0.006 -0.000 0.3787 0.2217 12.24 
0.122 2 1 0 1.3 1.3 0.006 -0.000 0.3787 0.2418 12.25 
0.123 2 1 0 1.3 1.3 0.006 -0.000 0.3522 0.2418 12.24 
0.124 2 1 0 1.3 1.3 0.005 -0.000 0.3787 0.2478 12.25 
0.125 2 1 0 1.3 1.3 0.006 -0.000 0.3550 0.3161 12.24 
0.126 2 1 0 1.3 1.3 0.006 -0.000 0.3787 0.2374 12.24 
0.127 2 1 0 1.3 1.3 0.005 -0.000 0.3490 0.2374 12.24 
0.128 2 1 0 1.3 1.3 0.005 -0.000 0.3787 0.2434 12.24 
0.129 2 1 0 1.3 1.3 0.005 -0.000 0.3683 0.2434 12.24 
0.130 2 1 0 1.3 1.3 0.006 -0.000 0.3823 0.2510 12.24 
0.131 2 1 0 1.3 1.3 0.000 -0.000 0.3237 0.3137 12.25 
0.132 2 1 0 1.3 1.3 0.004 -0.000 0.3787 0.2695 12.25 
0.133 2 1 0 1.3 1.3 0.006 -0.000 0.3936 0.2036 12.25 
0.134 2 1 0 1.3 1.3 0.006 -0.000 0.3860 0.2036 12.24 
0.135 2 1 0 1.3 1.3 0.005 -0.000 0.3787 0.2494 12.24 
0.136 2 1 0 1.3 1.3 0.004 -0.000 0.3113 0.2675 12.25 
0.137 2 1 0 1.3 1.3 0.004 -0.000 0.3787 0.3137 12.25 
0.138 2 1 0 1.3 1.3 0.008 -0.000 0.3615 0.3137 12.25 
0.139 2 1 0 1.3 1.3 0.008 -0.000 0.3823 0.2100 12.24 
0.140 2 1 0 1.3 1.3 0.006 -0.000 0.3615 0.2100 12.25 
0.141 2 1 0 1.3 1.3 0.004 -0.000 0.3787 0.2510 12.25 
0.142 2 1 0 1.3 1.3 0.005 -0.000 0.3615 0.2607 12.25 
0.143 2 1 0 1.3 1.3 0.005 -0.000 0.3823 0.2607 12.26 
0.144 2 1 0 1.3 1.3 0.005 -0.000 0.3582 0.3185 12.25 
0.145 2 1 0 1.3 1.3 0.006 -0.000 0.3582 0.2229 12.25 
0.146 2 1 0 1.3 1.3 0.004 -0.000 0.3823 0.2229 12.24 
0.147 2 1 0 1.3 1.3 0.004 -0.000 0.3751 0.2538 12.24 
0.148 2 1 0 1.3 1.3 0.005 -0.000 0.3823 0.2538 12.25 
0.149 2 1 0 1.3 1.3 0.007 -0.000 0.3402 0.2522 12.24 
0.150 2 1 0 1.3 1.3 0.006 -0.000 0.3823 0.3161 12.24 
0.151 2 1 0 1.3 1.3 0.005 -0.000 0.3896 0.2538 12.25 
0.152 2 1 0 1.3 1.3 0.005 -0.000 0.3823 0.2293 12.25 
0.153 2 1 0 1.3 1.3 0.005 -0.000 0.3522 0.2574 12.25 
0.154 2 1 0 1.3 1.3 0.005 -0.000 0.3787 0.2574 12.26 
0.155 2 1 0 1.3 1.3 0.005 -0.000 0.3651 0.2590 12.25 
0.156 2 1 0 1.3 1.3 0.005 -0.000 0.3860 0.3237 12.25 
0.157 2 1 0 1.3 1.3 0.005 -0.000 0.3490 0.2711 12.23 
0.158 2 1 0 1.3 1.3 0.005 -0.000 0.3860 0.2281 12.24 
0.159 2 1 0 1.3 1.3 0.005 -0.000 0.3860 0.2574 12.24 
0.160 2 1 0 1.3 1.3 0.005 -0.000 0.3651 0.2574 12.25 
0.161 2 1 0 1.3 1.3 0.005 -0.000 0.3860 0.2362 12.24 
0.162 2 1 0 1.3 1.3 0.004 -0.000 0.3860 0.3185 12.24 
0.163 2 1 0 1.3 1.3 0.007 -0.000 0.3860 0.3185 12.25 
0.164 2 1 0 1.3 1.3 0.006 -0.000 0.3715 0.2345 12.24 
0.165 2 1 0 1.3 1.3 0.005 -0.000 0.3896 0.2345 12.24 
0.166 2 1 0 1.3 1.3 0.006 -0.000 0.3787 0.2538 12.24 
0.167 2 1 0 1.3 1.3 0.007 -0.000 0.3896 0.2494 12.24 
0.168 2 1 0 1.3 1.3 0.006 -0.000 0.3522 0.3237 12.25 
0.169 2 1 0 1.3 1.3 0.006 -0.000 0.3896 0.3237 12.26 
0.170 2 1 0 1.3 1.3 0.005 -0.000 0.3683 0.2305 12.24 
0.171 2 1 0 1.3 1.3 0.005 -0.000 0.3896 0.2305 12.24 
0.172 2 1 0 1.3 1.3 0.006 -0.000 0.3715 0.2554 12.24 
0.173 2 1 0 1.3 1.3 0.005 -0.000 0.3936 0.2623 12.23 
0.174 2 1 0 1.3 1.3 0.004 -0.000 0.3715 0.2623 12.24 
0.175 2 1 0 1.3 1.3 0.004 -0.000 0.3896 0.3185 12.24 
0.176 2 1 0 1.3 1.3 0.004 -0.000 0.3751 0.2169 12.24 
0.177 2 1 0 1.3 1.3 0.004 -0.000 0.3751 0.2169 12.25 
0.178 2 1 0 1.3 1.3 0.004 -0.000 0.3896 0.2554 12.24 
0.179 2 1 0 1.3 1.3 0.004 -0.000 0.3651 0.2554 12.24 
0.180 2 1 0 1.3 1.3 0.005 -0.000 0.3936 0.2554 12.24 
0.181 2 1 0 1.3 1.3 0.004 -0.000 0.3823 0.3289 12.24 
0.182 2 1 0 1.3 1.3 0.005 -0.000 0.3936 0.2362 12.25 
0.183 2 1 0 1.3 1.3 0.006 -0.000 0.3346 0.2362 12.24 
0.184 2 1 0 1.3 1.3 0.000 -0.000 0.3936 0.2538 12.25 
0.185 2 1 0 1.3 1.3 0.004 -0.000 0.4097 0.2538 12.24 
0.186 2 1 0 1.3 1.3 0.004 -0.000 0.3936 0.2434 12.25 
0.187 2 1 0 1.3 1.3 0.004 -0.000 0.3213 0.3237 12.24 
0.188 2 1 0 1.3 1.3 0.005 -0.000 0.3936 0.2538 12.24 
0.189 2 1 0 1.3 1.3 0.008 -0.000 0.3715 0.2522 12.24 
0.190 2 1 0 1.3 1.3 0.004 -0.000 0.3976 0.2538 12.26 
0.191 2 1 0 1.3 1.3 0.006 -0.000 0.3683 0.2538 12.25 
0.192 2 1 0 1.3 1.3 0.006 -0.000 0.3936 0.2113 12.25 
0.193 2 1 0 1.3 1.3 0.005 -0.000 0.3751 0.3265 12.25 
0.194 2 1 0 1.3 1.3 0.007 -0.000 0.3896 0.3137 12.23 
0.195 2 1 0 1.3 1.3 0.007 -0.000 0.3715 0.2305 12.25 
0.196 2 1 0 1.3 1.3 0.006 -0.000 0.3715 0.2305 12.24 
0.197 2 1 0 1.3 1.3 0.004 -0.000 0.3936 0.2538 12.24 
0.198 2 1 0 1.3 1.3 0.006 -0.000 0.3823 0.2554 12.25 
0.199 2 1 0 1.3 1.3 0.007 -0.000 0.3976 0.3289 12.25 
0.200 2 1 0 1.3 1.3 0.005 -0.000 0.3490 0.3289 12.25 
0.201 2 1 1 4.0 4.0 0.005 -0.000 0.3936 0.2462 12.24 
0.202 2 1 1 4.0 4.0 0.003 -0.000 0.4016 0.2462 12.22 
0.203 2 1 1 4.0 4.0 0.004 -0.000 0.3976 0.2522 12.19 
0.204 2 1 1 4.0 4.0 0.009 -0.000 0.3751 0.2747 12.16 
0.205 2 1 1 4.0 4.0 0.002 -0.000 0.4056 0.3787 12.14 
0.206 2 1 1 4.0 4.0 0.003 -0.000 0.4181 0.2807 12.12 
0.207 2 1 1 4.0 4.0 0.005 -0.000 0.4462 0.2675 12.13 
0.208 2 1 1 4.0 4.0 0.006 -0.000 0.4779 0.3582 12.15 
0.209 2 1 1 4.0 4.0 0.006 -0.000 0.4956 0.4462 12.16 
0.210 2 1 1 4.0 4.0 0.004 -0.000 0.5498 0.3683 12.16 
0.211 2 1 1 4.0 4.0 0.005 -0.000 0.5655 0.4097 12.15 
0.212 2 1 1 4.0 4.0 0.004 -0.000 0.5655 0.4510 12.15 
0.213 2 1 1 4.0 4.0 -0.000 -0.000 0.5992 0.5213 12.16 
0.214 2 1 1 4.0 4.0 0.004 -0.000 0.5904 0.4779 12.17 
0.215 2 1 1 4.0 4.0 0.003 -0.000 0.6273 0.5213 12.17 
0.216 2 1 1 4.0 4.0 0.002 -0.000 0.6583 0.5992 12.17 
0.217 2 1 1 4.0 4.0 0.005 -0.000 0.6583 0.5735 12.16 
0.218 2 1 1 4.0 4.0 0.000 -0.000 0.6691 0.5904 12.18 
0.219 2 1 1 4.0 4.0 0.006 -0.000 0.6924 0.5904 12.18 
0.220 2 1 1 4.0 4.0 0.007 -0.000 0.7044 0.6085 12.18 
0.221 2 1 1 4.0 4.0 0.007 -0.000 0.7302 0.6924 12.18 
0.222 2 1 1 4.0 4.0 0.004 -0.000 0.7434 0.6474 12.18 
0.223 2 1 1 4.0 4.0 0.003 -0.000 0.7302 0.6924 12.18 
0.224 2 1 1 4.0 4.0 0.006 -0.000 0.7723 0.6474 12.20 
0.225 2 1 1 4.0 4.0 0.007 -0.000 0.7575 0.6924 12.20 
0.226 2 1 1 4.0 4.0 0.004 -0.000 0.7872 0.6583 12.18 
0.227 2 1 1 4.0 4.0 0.004 -0.000 0.8032 0.6924 12.19 
0.228 2 1 1 4.0 4.0 0.002 -0.000 0.8032 0.7575 12.19 
0.229 2 1 1 4.0 4.0 0.005 -0.000 0.8193 0.7169 12.19 
0.230 2 1 1 4.0 4.0 0.006 -0.000 0.8366 0.7723 12.19 
0.231 2 1 1 4.0 4.0 0.001 -0.000 0.8193 0.7575 12.21 
0.232 2 1 1 4.0 4.0 0.004 -0.000 0.8543 0.7575 12.20 
0.233 2 1 1 4.0 4.0 0.005 -0.000 0.8727 0.7434 12.21 
0.234 2 1 1 4.0 4.0 0.004 -0.000 0.8727 0.8366 12.20 
0.235 2 1 1 4.0 4.0 0.001 -0.000 0.8924 0.8032 12.20 
0.236 2 1 1 4.0 4.0 0.004 -0.000 0.9125 0.8727 12.20 
0.237 2 1 1 4.0 4.0 0.000 -0.000 0.9125 0.7872 12.20 
0.238 2 1 1 4.0 4.0 0.005 -0.000 0.9125 0.8727 12.20 
0.239 2 1 1 4.0 4.0 0.005 -0.000 0.9338 0.7872 12.21 
0.240 2 1 1 4.0 4.0 0.008 -0.000 0.9338 0.8366 12.20 
0.241 2 1 1 4.0 4.0 0.001 -0.000 0.9559 0.8193 12.21 
0.242 2 1 1 4.0 4.0 0.005 -0.000 0.9559 0.8366 12.21 
0.243 2 1 1 4.0 4.0 0.004 -0.000 0.9559 0.8727 12.21 
0.244 2 1 1 4.0 4.0 0.006 -0.000 0.9559 0.8366 12.22 
0.245 2 1 1 4.0 4.0 0.006 -0.000 0.9338 0.8543 12.22 
0.246 2 1 1 4.0 4.0 0.006 -0.000 0.9796 0.8727 12.23 
0.247 2 1 1 4.0 4.0 0.006 -0.000 0.9796 0.9338 12.22 
0.248 2 1 1 4.0 4.0 0.004 -0.000 1.0041 0.8924 12.21 
0.249 2 1 1 4.0 4.0 0.005 -0.000 1.0041 0.8366 12.22 
0.250 2 1 1 4.0 4.0 0.003 -0.000 1.0041 0.8924 12.21 
0.251 2 1 1 4.0 4.0 0.005 -0.000 1.0298 0.9338 12.20 
0.252 2 1 1 4.0 4.0 0.005 -0.000 1.0298 1.0041 12.21 
0.253 2 1 1 4.0 4.0 0.005 -0.000 1.0298 0.9796 12.22 
0.254 2 1 1 4.0 4.0 0.004 -0.000 1.0298 0.9338 12.21 
0.255 2 1 1 4.0 4.0 0.005 -0.000 1.0298 0.9125 12.21 
0.256 2 1 1 4.0 4.0 0.003 -0.000 1.0298 0.9796 12.21 
0.257 2 1 1 4.0 4.0 0.000 -0.000 1.0567 0.9796 12.22 
0.258 2 1 1 4.0 4.0 0.004 -0.000 1.0567 0.9125 12.21 
0.259 2 1 1 4.0 4.0 0.002 -0.000 1.0567 1.0298 12.22 
0.260 2 1 1 4.0 4.0 0.001 -0.000 1.0852 0.9125 12.21 
0.261 2 1 1 4.0 4.0 0.004 -0.000 1.0852 0.9559 12.21 
0.262 2 1 1 4.0 4.0 0.005 -0.000 1.0852 1.0298 12.22 
0.263 2 1 1 4.0 4.0 0.001 -0.000 1.0852 1.0041 12.22 
0.264 2 1 1 4.0 4.0 0.004 -0.000 1.0567 0.9796 12.22 
0.265 2 1 1 4.0 4.0 0.003 -0.000 1.1153 1.0041 12.22 
0.266 2 1 1 4.0 4.0 0.002 -0.000 1.0852 1.0298 12.22 
0.267 2 1 1 4.0 4.0 0.004 -0.000 1.1153 1.0852 12.22 
0.268 2 1 1 4.0 4.0 0.000 -0.000 1.1153 1.0298 12.22 
0.269 2 1 1 4.0 4.0 0.001 -0.000 1.1153 1.0298 12.22 
0.270 2 1 1 4.0 4.0 -0.000 -0.000 1.0852 1.0852 12.22 
0.271 2 1 1 4.0 4.0 -0.000 -0.000 1.1474 1.0567 12.23 
0.272 2 1 1 4.0 4.0 0.004 -0.000 1.1474 1.0852 12.22 
0.273 2 1 1 4.0 4.0 0.005 -0.000 1.1153 1.0298 12.22 
0.274 2 1 1 4.0 4.0 0.004 -0.000 1.1474 1.0567 12.23 
0.275 2 1 1 4.0 4.0 -0.000 -0.000 1.1474 1.1153 12.22 
0.276 2 1 1 4.0 4.0 0.004 -0.000 1.1474 1.0852 12.22 
0.277 2 1 1 4.0 4.0 0.004 -0.000 1.1474 1.0567 12.24 
0.278 2 1 1 4.0 4.0 0.004 -0.000 1.1474 1.1474 12.23 
0.279 2 1 1 4.0 4.0 0.005 -0.000 1.1474 1.0852 12.23 
0.280 2 1 1 4.0 4.0 0.005 -0.000 1.1812 1.0852 12.23 
0.281 2 1 1 4.0 4.0 0.006 -0.000 1.1812 1.1474 12.22 
0.282 2 1 1 4.0 4.0 0.004 -0.000 1.1812 1.1153 12.22 
0.283 2 1 1 4.0 4.0 0.001 -0.000 1.1474 1.1153 12.23 
0.284 2 1 1 4.0 4.0 -0.000 -0.000 1.1812 1.1474 12.22 
0.285 2 1 1 4.0 4.0 0.001 -0.000 1.1812 1.1153 12.25 
0.286 2 1 1 4.0 4.0 0.001 -0.000 1.1812 1.1153 12.23 
0.287 2 1 1 4.0 4.0 0.002 -0.000 1.1474 1.1812 12.22 
0.288 2 1 1 4.0 4.0 0.004 -0.000 1.2169 1.1153 12.23 
0.289 2 1 1 4.0 4.0 0.005 -0.000 1.2169 1.1153 12.22 
0.290 2 1 1 4.0 4.0 0.005 -0.000 1.2169 1.1812 12.23 
0.291 2 1 1 4.0 4.0 0.006 -0.000 1.2169 1.0852 12.25 
0.292 2 1 1 4.0 4.0 0.006 -0.000 1.2169 1.0852 12.23 
0.293 2 1 1 4.0 4.0 0.006 -0.000 1.2169 1.1474 12.23 
0.294 2 1 1 4.0 4.0 0.002 -0.000 1.2169 1.1153 12.23 
0.295 2 1 1 4.0 4.0 0.005 -0.000 1.2169 1.0852 12.23 
0.296 2 1 1 4.0 4.0 0.000 -0.000 1.2169 1.0567 12.23 
0.297 2 1 1 4.0 4.0 0.004 -0.000 1.2169 1.1153 12.23 
0.298 2 1 1 4.0 4.0 0.003 -0.000 1.1812 1.1153 12.24 
0.299 2 1 1 4.0 4.0 0.001 -0.000 1.2551 1.1153 12.24 
0.300 2 1 1 4.0 4.0 0.000 -0.000 1.1812 1.1812 12.24 
0.301 2 1 1 4.0 4.0 0.004 -0.000 1.2169 1.1153 12.23 
0.302 2 1 1 4.0 4.0 0.004 -0.000 1.2169 1.1153 12.24 
0.303 2 1 1 4.0 4.0 0.005 -0.000 1.2551 1.1812 12.22 
0.304 2 1 1 4.0 4.0 0.003 -0.000 1.2169 1.1474 12.23 
0.305 2 1 1 4.0 4.0 0.005 -0.000 1.2551 1.1474 12.23 
0.306 2 1 1 4.0 4.0 0.007 -0.000 1.2551 1.2169 12.23 
0.307 2 1 1 4.0 4.0 0.006 -0.000 1.2551 1.1474 12.24 
0.308 2 1 1 4.0 4.0 0.006 -0.000 1.2551 1.1812 12.24 
0.309 2 1 1 4.0 4.0 0.002 -0.000 1.2551 1.1474 12.23 
0.310 2 1 1 4.0 4.0 0.001 -0.000 1.2169 1.1474 12.24 
0.311 2 1 1 4.0 4.0 0.001 -0.000 1.2551 1.1812 12.23 
0.312 2 1 1 4.0 4.0 0.002 -0.000 1.2551 1.1474 12.24 
0.313 2 1 1 4.0 4.0 0.005 -0.000 1.2551 1.2551 12.23 
0.314 2 1 1 4.0 4.0 0.001 -0.000 1.0852 1.1474 12.22 
0.315 2 1 1 4.0 4.0 0.005 -0.000 1.2952 1.1812 12.23 
0.316 2 1 1 4.0 4.0 0.002 -0.000 1.2551 1.2551 12.23 
0.317 2 1 1 4.0 4.0 0.005 -0.000 1.2551 1.1812 12.24 
0.318 2 1 1 4.0 4.0 0.006 -0.000 1.2952 1.1812 12.24 
0.319 2 1 1 4.0 4.0 0.006 -0.000 1.2952 1.1812 12.24 
0.320 2 1 1 4.0 4.0 0.001 -0.000 1.2952 1.2551 12.24 
0.321 2 1 1 4.0 4.0 0.005 -0.000 1.2952 1.1812 12.24 
0.322 2 1 1 4.0 4.0 0.000 -0.000 1.2551 1.1812 12.24 
0.323 2 1 1 4.0 4.0 0.005 -0.000 1.2952 1.2551 12.24 
0.324 2 1 1 4.0 4.0 0.004 -0.000 1.2952 1.1812 12.24 
0.325 2 1 1 4.0 4.0 -0.000 -0.000 1.2952 1.2169 12.24 
0.326 2 1 1 4.0 4.0 0.004 -0.000 1.2551 1.0567 12.23 
0.327 2 1 1 4.0 4.0 0.002 -0.000 1.2952 1.1812 12.23 
0.328 2 1 1 4.0 4.0 0.000 -0.000 1.2952 1.2169 12.24 
0.329 2 1 1 4.0 4.0 0.005 -0.000 1.2952 1.1812 12.24 
0.330 2 1 1 4.0 4.0 0.005 -0.000 1.2551 1.2952 12.24 
0.331 2 1 1 4.0 4.0 0.002 -0.000 1.1153 1.1812 12.24 
0.332 2 1 1 4.0 4.0 0.004 -0.000 1.2952 1.1812 12.23 
0.333 2 1 1 4.0 4.0 0.002 -0.000 1.2952 1.2169 12.24 
0.334 2 1 1 4.0 4.0 0.001 -0.000 1.2952 1.2952 12.24 
0.335 2 1 1 4.0 4.0 0.000 -0.000 1.2551 1.2169 12.23 
0.336 2 1 1 4.0 4.0 0.004 -0.000 1.2952 1.2169 12.24 
0.337 2 1 1 4.0 4.0 0.001 -0.000 1.2952 1.2952 12.23 
0.338 2 1 1 4.0 4.0 0.004 -0.000 1.2952 1.2169 12.24 
0.339 2 1 1 4.0 4.0 0.002 -0.000 1.2952 1.2169 12.24 
0.340 2 1 1 4.0 4.0 0.003 -0.000 1.2952 1.2169 12.23 
0.341 2 1 1 4.0 4.0 0.005 -0.000 1.2952 1.2551 12.24 
0.342 2 1 1 4.0 4.0 0.001 -0.000 1.2952 0.9559 12.23 
0.343 2 1 1 4.0 4.0 0.000 -0.000 1.2952 1.1812 12.23 
0.344 2 1 1 4.0 4.0 0.005 -0.000 1.2952 1.1474 12.23 
0.345 2 1 1 4.0 4.0 0.005 -0.000 1.2952 1.2952 12.23 
0.346 2 1 1 4.0 4.0 0.000 -0.000 1.2952 1.1812 12.24 
0.347 2 1 1 4.0 4.0 0.005 -0.000 1.2952 1.2169 12.24 
0.348 2 1 1 4.0 4.0 0.002 -0.000 1.3386 1.2952 12.24 
0.349 2 1 1 4.0 4.0 0.000 -0.000 1.3386 1.2169 12.24 
0.350 2 1 1 4.0 4.0 0.008 -0.000 1.3386 1.2169 12.24 
0.351 2 1 1 4.0 4.0 0.006 -0.000 1.2952 1.2169 12.23 
0.352 2 1 1 4.0 4.0 0.002 -0.000 1.2952 1.2551 12.24 
0.353 2 1 1 4.0 4.0 0.001 -0.000 1.2952 1.2169 12.24 
0.354 2 1 1 4.0 4.0 0.001 -0.000 1.2952 1.2169 12.24 
0.355 2 1 1 4.0 4.0 0.000 -0.000 1.2952 1.0041 12.24 
0.356 2 1 1 4.0 4.0 0.004 -0.000 1.2952 1.2952 12.24 
0.357 2 1 1 4.0 4.0 0.002 -0.000 1.2952 1.2169 12.24 
0.358 2 1 1 4.0 4.0 0.003 -0.000 1.3386 1.2551 12.24 
0.359 2 1 1 4.0 4.0 0.001 -0.000 1.3386 1.2551 12.24 
0.360 2 1 1 4.0 4.0 0.004 -0.000 1.3386 1.2169 12.23 
0.361 2 1 1 4.0 4.0 0.002 -0.000 1.2952 1.2551 12.24 
0.362 2 1 1 4.0 4.0 0.005 -0.000 1.2952 1.1812 12.24 
0.363 2 1 1 4.0 4.0 0.004 -0.000 1.2952 1.2952 12.24 
0.364 2 1 1 4.0 4.0 -0.000 -0.000 1.2952 1.2169 12.24 
0.365 2 1 1 4.0 4.0 0.000 -0.000 1.3386 1.2169 12.23 
0.366 2 1 1 4.0 4.0 0.004 -0.000 1.2952 1.2551 12.24 
0.367 2 1 1 4.0 4.0 0.000 -0.000 1.3386 1.2952 12.24 
0.368 2 1 1 4.0 4.0 -0.000 -0.000 1.3386 1.2169 12.24 
0.369 2 1 1 4.0 4.0 0.002 -0.000 1.3386 1.2169 12.24 
0.370 2 1 1 4.0 4.0 0.006 -0.000 1.2551 1.0852 12.24 
0.371 2 1 1 4.0 4.0 0.006 -0.000 1.3386 1.2952 12.24 
0.372 2 1 1 4.0 4.0 0.006 -0.000 1.2952 1.2169 12.24 
0.373 2 1 1 4.0 4.0 0.002 -0.000 1.3386 1.2551 12.23 
0.374 2 1 1 4.0 4.0 0.007 -0.000 1.3386 1.2952 12.24 
0.375 2 1 1 4.0 4.0 0.002 -0.000 1.3386 1.1812 12.24 
0.376 2 1 1 4.0 4.0 0.004 -0.000 1.2952 1.2169 12.24 
0.377 2 1 1 4.0 4.0 0.003 -0.000 1.2952 1.2551 12.24 
0.378 2 1 1 4.0 4.0 0.006 -0.000 1.2952 1.2952 12.23 
0.379 2 1 1 4.0 4.0 0.002 -0.000 1.3386 1.2169 12.24 
0.380 2 1 1 4.0 4.0 0.000 -0.000 1.3386 1.2169 12.22 
0.381 2 1 1 4.0 4.0 0.002 -0.000 1.2952 1.2169 12.24 
0.382 2 1 1 4.0 4.0 0.001 -0.000 1.3386 1.2952 12.24 
0.383 2 1 1 4.0 4.0 0.002 -0.000 1.3386 1.2551 12.24 
0.384 2 1 1 4.0 4.0 0.001 -0.000 1.3386 1.2169 12.23 
0.385 2 1 1 4.0 4.0 0.002 -0.000 1.3386 1.2551 12.24 
0.386 2 1 1 4.0 4.0 -0.000 -0.000 1.3386 1.3386 12.23 
0.387 2 1 1 4.0 4.0 -0.000 -0.000 1.2952 1.2551 12.24 
0.388 2 1 1 4.0 4.0 0.000 -0.000 1.3386 1.2169 12.24 
0.389 2 1 1 4.0 4.0 0.000 -0.000 1.3386 1.0567 12.24 
0.390 2 1 1 4.0 4.0 0.005 -0.000 1.3386 1.3386 12.24 
0.391 2 1 1 4.0 4.0 0.007 -0.000 1.2952 1.2551 12.24 
0.392 2 1 1 4.0 4.0 0.007 -0.000 1.3386 1.2169 12.24 
0.393 2 1 1 4.0 4.0 0.006 -0.000 1.3386 1.2952 12.24 
0.394 2 1 1 4.0 4.0 0.006 -0.000 1.3386 1.2551 12.23 
0.395 2 1 1 4.0 4.0 0.001 -0.000 1.3386 1.1812 12.24 
0.396 2 1 1 4.0 4.0 0.000 -0.000 1.2952 1.2169 12.23 
0.397 2 1 1 4.0 4.0 0.004 -0.000 1.3386 1.2952 12.24 
0.398 2 1 1 4.0 4.0 0.006 -0.000 1.3386 1.2169 12.24 
0.399 2 1 1 4.0 4.0 0.001 -0.000 1.3386 1.2551 12.24 
0.400 2 1 1 4.0 4.0 -0.001 -0.000 1.3386 1.2551 12.25 
0.401 2 1 1 4.0 4.0 0.004 -0.000 1.3386 1.2952 12.24 
0.402 2 1 1 4.0 4.0 0.008 -0.000 1.3386 1.2551 12.25 
0.403 2 1 1 4.0 4.0 0.003 -0.000 1.3386 1.2551 12.24 
0.404 2 1 1 4.0 4.0 0.007 -0.000 1.3386 1.2169 12.24 
0.405 2 1 1 4.0 4.0 0.003 -0.000 1.3386 1.2952 12.24 
0.406 2 1 1 4.0 4.0 0.002 -0.000 1.2952 1.2169 12.24 
0.407 2 1 1 4.0 4.0 0.004 -0.000 1.3848 1.2551 12.25 
0.408 2 1 1 4.0 4.0 0.002 -0.000 1.3386 1.0852 12.24 
0.409 2 1 1 4.0 4.0 0.005 -0.000 1.3386 1.2952 12.24 
0.410 2 1 1 4.0 4.0 0.007 -0.000 1.3386 1.2551 12.24 
0.411 2 1 1 4.0 4.0 0.008 -0.000 1.2952 1.2169 12.23 
0.412 2 1 1 4.0 4.0 0.002 -0.000 1.3386 1.1812 12.24 
0.413 2 1 1 4.0 4.0 0.005 -0.000 1.3386 1.2169 12.24 
0.414 2 1 1 4.0 4.0 0.000 -0.000 1.3386 1.2169 12.24 
0.415 2 1 1 4.0 4.0 -0.000 -0.000 1.3386 1.2551 12.24 
0.416 2 1 1 4.0 4.0 0.004 -0.000 1.3386 1.2952 12.23 
0.417 2 1 1 4.0 4.0 0.002 -0.000 1.3386 1.1812 12.24 
0.418 2 1 1 4.0 4.0 0.005 -0.000 1.3386 1.2169 12.26 
0.419 2 1 1 4.0 4.0 0.000 -0.000 1.3386 1.2169 12.25 
0.420 2 1 1 4.0 4.0 -0.001 -0.000 1.3386 1.2952 12.24 
0.421 2 1 1 4.0 4.0 0.004 -0.000 1.2952 1.2169 12.24 
0.422 2 1 1 4.0 4.0 0.000 -0.000 1.2551 1.2551 12.24 
0.423 2 1 1 4.0 4.0 0.004 -0.000 1.3386 1.2551 12.24 
0.424 2 1 1 4.0 4.0 0.006 -0.000 1.3386 1.2551 12.24 
0.425 2 1 1 4.0 4.0 0.006 -0.000 1.3386 1.2169 12.24 
0.426 2 1 1 4.0 4.0 0.002 -0.000 1.2952 1.2551 12.25 
0.427 2 1 1 4.0 4.0 0.005 -0.000 1.2952 1.1812 12.25 
0.428 2 1 1 4.0 4.0 0.005 -0.000 1.3386 1.2952 12.24 
0.429 2 1 1 4.0 4.0 0.006 -0.000 1.3386 1.2169 12.24 
0.430 2 1 1 4.0 4.0 0.001 -0.000 1.3386 1.2169 12.24 
0.431 2 1 1 4.0 4.0 0.004 -0.000 1.3386 1.1474 12.24 
0.432 2 1 1 4.0 4.0 0.007 -0.000 1.3386 1.2952 12.24 
0.433 2 1 1 4.0 4.0 0.006 -0.000 1.3386 1.2169 12.23 
0.434 2 1 1 4.0 4.0 0.002 -0.000 1.3386 1.2169 12.25 
0.435 2 1 1 4.0 4.0 0.005 -0.000 1.3386 1.2952 12.24 
0.436 2 1 1 4.0 4.0 0.008 -0.000 1.2952 1.2169 12.25 
0.437 2 1 1 4.0 4.0 0.004 -0.000 1.3386 1.2169 12.25 
0.438 2 1 1 4.0 4.0 0.002 -0.000 1.3386 1.2551 12.24 
0.439 2 1 1 4.0 4.0 0.000 -0.000 1.3386 1.2952 12.24 
0.440 2 1 1 4.0 4.0 -0.001 -0.000 1.3386 1.1812 12.23 
0.441 2 1 1 4.0 4.0 0.000 -0.000 1.2952 1.2169 12.24 
0.442 2 1 1 4.0 4.0 -0.000 -0.000 1.3386 1.2551 12.24 
0.443 2 1 1 4.0 4.0 0.001 -0.000 1.3386 1.3386 12.23 
0.444 2 1 1 4.0 4.0 0.004 -0.000 1.3386 1.2551 12.24 
0.445 2 1 1 4.0 4.0 0.001 -0.000 1.3386 1.2169 12.24 
0.446 2 1 1 4.0 4.0 0.003 -0.000 1.3848 1.2169 12.24 
0.447 2 1 1 4.0 4.0 0.005 -0.000 1.3386 1.2952 12.24 
0.448 2 1 1 4.0 4.0 0.002 -0.000 1.3386 1.2169 12.24 
0.449 2 1 1 4.0 4.0 0.003 -0.000 1.3386 1.2169 12.25 
0.450 2 1 1 4.0 4.0 0.004 -0.000 1.3386 1.0852 12.24 
0.451 2 1 1 4.0 4.0 0.001 -0.000 1.3386 1.2952 12.24 
0.452 2 1 1 4.0 4.0 0.003 -0.000 1.3386 1.2169 12.25 
0.453 2 1 1 4.0 4.0 0.004 -0.000 1.3386 1.2169 12.24 
0.454 2 1 1 4.0 4.0 0.000 -0.000 1.3386 1.2952 12.24 
0.455 2 1 1 4.0 4.0 0.004 -0.000 1.3386 1.2169 12.24 
0.456 2 1 1 4.0 4.0 0.006 -0.000 1.3386 1.2551 12.23 
0.457 2 1 1 4.0 4.0 0.004 -0.000 1.3386 1.2169 12.24 
0.458 2 1 1 4.0 4.0 0.005 -0.000 1.3386 1.2952 12.24 
0.459 2 1 1 4.0 4.0 0.003 -0.000 1.3386 1.2551 12.24 
0.460 2 1 1 4.0 4.0 0.003 -0.000 1.3848 1.2169 12.24 
0.461 2 1 1 4.0 4.0 0.005 -0.000 1.3848 1.2169 12.24 
0.462 2 1 1 4.0 4.0 0.000 -0.000 1.3386 1.2952 12.24 
0.463 2 1 1 4.0 4.0 0.006 -0.000 1.2952 1.2169 12.24 
0.464 2 1 1 4.0 4.0 0.007 -0.000 1.3386 1.2551 12.24 
0.465 2 1 1 4.0 4.0 0.000 -0.000 1.3386 1.2169 12.23 
0.466 2 1 1 4.0 4.0 -0.000 -0.000 1.3386 1.2551 12.24 
0.467 2 1 1 4.0 4.0 0.005 -0.000 1.3386 1.2169 12.24 
0.468 2 1 1 4.0 4.0 0.005 -0.000 1.3386 1.2169 12.25 
0.469 2 1 1 4.0 4.0 0.000 -0.000 1.3386 1.2169 12.25 
0.470 2 1 1 4.0 4.0 0.000 -0.000 1.3386 1.2952 12.24 
0.471 2 1 1 4.0 4.0 0.005 -0.000 1.3386 1.2551 12.24 
0.472 2 1 1 4.0 4.0 0.001 -0.000 1.3386 1.2952 12.25 
0.473 2 1 1 4.0 4.0 0.001 -0.000 1.3386 1.2952 12.24 
0.474 2 1 1 4.0 4.0 0.000 -0.000 1.3848 1.2169 12.24 
0.475 2 1 1 4.0 4.0 0.000 -0.000 1.3848 1.2551 12.24 
0.476 2 1 1 4.0 4.0 0.002 -0.000 1.2551 1.2169 12.24 
0.477 2 1 1 4.0 4.0 0.006 -0.000 1.3386 1.3386 12.24 
0.478 2 1 1 4.0 4.0 0.001 -0.000 1.3386 1.2551 12.24 
0.479 2 1 1 4.0 4.0 -0.001 -0.000 1.3386 1.2551 12.24 
0.480 2 1 1 4.0 4.0 0.000 -0.000 1.3386 1.2551 12.25 
0.481 2 1 1 4.0 4.0 0.004 -0.000 1.3848 1.3386 12.24 
0.482 2 1 1 4.0 4.0 0.006 -0.000 1.3386 1.2169 12.24 
0.483 2 1 1 4.0 4.0 0.005 -0.000 1.3386 1.2551 12.24 
0.484 2 1 1 4.0 4.0 0.007 -0.000 1.3386 1.2551 12.24 
0.485 2 1 1 4.0 4.0 0.006 -0.000 1.3386 1.3386 12.24 
0.486 2 1 1 4.0 4.0 0.006 -0.000 1.3386 1.2551 12.24 
0.487 2 1 1 4.0 4.0 0.003 -0.000 1.3386 1.2551 12.24 
0.488 2 1 1 4.0 4.0 0.005 -0.000 1.3386 1.2952 12.24 
0.489 2 1 1 4.0 4.0 0.004 -0.000 1.3386 1.2952 12.24 
0.490 2 1 1 4.0 4.0 0.001 -0.000 1.3386 1.2169 12.23 
0.491 2 1 1 4.0 4.0 -0.001 -0.000 1.3386 1.2551 12.24 
0.492 2 1 1 4.0 4.0 0.004 -0.000 1.3386 1.2169 12.24 
0.493 2 1 1 4.0 4.0 0.005 -0.000 1.3386 1.3386 12.24 
0.494 2 1 1 4.0 4.0 0.001 -0.000 1.3386 1.2551 12.24 
0.495 2 1 1 4.0 4.0 0.001 -0.000 1.3386 1.2551 12.23 
0.496 2 1 1 4.0 4.0 0.005 -0.000 1.3848 1.0852 12.24 
0.497 2 1 1 4.0 4.0 0.005 -0.000 1.3386 1.2952 12.24 
0.498 2 1 1 4.0 4.0 0.005 -0.000 1.3386 1.2169 12.24 
0.499 2 1 1 4.0 4.0 0.006 -0.000 1.3386 1.2551 12.25 
0.500 2 1 1 4.0 4.0 0.005 -0.000 1.3386 1.2551 12.24 
0.501 2 1 1 4.0 4.0 0.008 -0.000 1.3386 1.3386 12.24 
0.502 2 1 1 4.0 4.0 0.004 -0.000 1.3386 1.2551 12.24 
0.503 2 1 1 4.0 4.0 0.001 -0.000 1.3386 1.2551 12.25 
0.504 2 1 1 4.0 4.0 0.005 -0.000 1.3848 1.3386 12.25 
0.505 2 1 1 4.0 4.0 0.004 -0.000 1.3848 1.1812 12.23 
0.506 2 1 1 4.0 4.0 0.011 -0.000 1.3386 1.2169 12.24 
0.507 2 1 1 4.0 4.0 0.004 -0.000 1.3386 1.2551 12.24 
0.508 2 1 1 4.0 4.0 0.005 -0.000 1.3386 1.3386 12.25 
0.509 2 1 1 4.0 4.0 0.002 -0.000 1.3386 1.2551 12.24 
0.510 2 1 1 4.0 4.0 0.004 -0.000 1.2551 1.2551 12.23 
0.511 2 1 1 4.0 4.0 0.006 -0.000 1.3848 1.2169 12.26 
0.512 2 1 1 4.0 4.0 0.002 -0.000 1.3386 1.2952 12.24 
0.513 2 1 1 4.0 4.0 0.011 -0.000 1.3386 1.2551 12.23 
0.514 2 1 1 4.0 4.0 0.005 -0.000 1.3386 1.2169 12.23 
0.515 2 1 1 4.0 4.0 0.001 -0.000 1.2952 1.2551 12.23 
0.516 2 1 1 4.0 4.0 -0.001 -0.000 1.3386 1.3386 12.24 
0.517 2 1 1 4.0 4.0 0.006 -0.000 1.3386 1.2551 12.24 
0.518 2 1 1 4.0 4.0 0.002 -0.000 1.3848 1.2551 12.24 
0.519 2 1 1 4.0 4.0 0.006 -0.000 1.3848 1.2551 12.24 
0.520 2 1 1 4.0 4.0 0.005 -0.000 1.3848 1.3386 12.24 
0.521 2 1 1 4.0 4.0 0.002 -0.000 1.3386 1.2169 12.24 
0.522 2 1 1 4.0 4.0 0.005 -0.000 1.3386 1.2169 12.24 
0.523 2 1 1 4.0 4.0 0.005 -0.000 1.3386 1.2551 12.24 
0.524 2 1 1 4.0 4.0 0.003 -0.000 1.3386 1.2952 12.24 
0.525 2 1 1 4.0 4.0 0.001 -0.000 1.2952 1.2551 12.24 
0.526 2 1 1 4.0 4.0 0.001 -0.000 1.3848 1.2169 12.24 
0.527 2 1 1 4.0 4.0 0.005 -0.000 1.3386 1.0567 12.24 
0.528 2 1 1 4.0 4.0 0.002 -0.000 1.3386 1.3386 12.24 
0.529 2 1 1 4.0 4.0 0.006 -0.000 1.3848 1.2551 12.24 
0.530 2 1 1 4.0 4.0 0.005 -0.000 1.3386 1.2169 12.24 
0.531 2 1 1 4.0 4.0 0.001 -0.000 1.2551 1.2169 12.25 
0.532 2 1 1 4.0 4.0 0.005 -0.000 1.3848 1.3386 12.24 
0.533 2 1 1 4.0 4.0 0.004 -0.000 1.3386 1.2551 12.24 
0.534 2 1 1 4.0 4.0 0.006 -0.000 1.3386 1.2551 12.24 
0.535 2 1 1 4.0 4.0 0.002 -0.000 1.3848 1.2952 12.23 
0.536 2 1 1 4.0 4.0 0.006 -0.000 1.3848 1.2169 12.24 
0.537 2 1 1 4.0 4.0 0.005 -0.000 1.3848 1.2551 12.23 
0.538 2 1 1 4.0 4.0 0.004 -0.000 1.3848 1.2169 12.24 
0.539 2 1 1 4.0 4.0 -0.000 -0.000 1.3848 1.2952 12.23 
0.540 2 1 1 4.0 4.0 0.000 -0.000 1.3386 1.2551 12.24 
0.541 2 1 1 4.0 4.0 -0.000 -0.000 1.3386 1.2169 12.26 
0.542 2 1 1 4.0 4.0 0.002 -0.000 1.3386 1.2169 12.26 
0.543 2 1 1 4.0 4.0 0.000 -0.000 1.3386 1.2952 12.24 
0.544 2 1 1 4.0 4.0 0.000 -0.000 1.3848 1.2169 12.23 
0.545 2 1 1 4.0 4.0 0.001 -0.000 1.3386 1.2551 12.24 
0.546 2 1 1 4.0 4.0 0.005 -0.000 1.3386 1.2551 12.24 
0.547 2 1 1 4.0 4.0 0.004 -0.000 1.3386 1.2952 12.24 
0.548 2 1 1 4.0 4.0 0.005 -0.000 1.3386 1.2551 12.25 
0.549 2 1 1 4.0 4.0 0.000 -0.000 1.3848 1.2551 12.24 
0.550 2 1 1 4.0 4.0 0.004 -0.000 1.3848 1.2551 12.25 
0.551 2 1 1 4.0 4.0 0.002 -0.000 1.3386 1.3386 12.25 
0.552 2 1 1 4.0 4.0 0.002 -0.000 1.3848 1.2169 12.24 
0.553 2 1 1 4.0 4.0 0.005 -0.000 1.3848 1.2551 12.24 
0.554 2 1 1 4.0 4.0 0.005 -0.000 1.3848 1.2169 12.24 
0.555 2 1 1 4.0 4.0 0.002 -0.000 1.3848 1.2952 12.24 
0.556 2 1 1 4.0 4.0 0.002 -0.000 1.3386 1.2551 12.24 
0.557 2 1 1 4.0 4.0 0.004 -0.000 1.3386 1.2169 12.25 
0.558 2 1 1 4.0 4.0 0.000 -0.000 1.3848 1.2551 12.25 
0.559 2 1 1 4.0 4.0 0.001 -0.000 1.3848 1.3386 12.23 
0.560 2 1 1 4.0 4.0 0.004 -0.000 1.3386 1.2551 12.24 
0.561 2 1 1 4.0 4.0 0.004 -0.000 1.3386 1.2551 12.25 
0.562 2 1 1 4.0 4.0 0.001 -0.000 1.3386 1.2551 12.24 
0.563 2 1 1 4.0 4.0 0.006 -0.000 1.3386 1.2952 12.24 
0.564 2 1 1 4.0 4.0 0.001 -0.000 1.3848 1.2551 12.23 
0.565 2 1 1 4.0 4.0 -0.000 -0.000 1.3386 1.2551 12.24 
0.566 2 1 1 4.0 4.0 0.005 -0.000 1.3848 1.1153 12.24 
0.567 2 1 1 4.0 4.0 0.006 -0.000 1.3848 1.2952 12.23 
0.568 2 1 1 4.0 4.0 0.001 -0.000 1.3848 1.2551 12.25 
0.569 2 1 1 4.0 4.0 0.004 -0.000 1.3848 1.2952 12.24 
0.570 2 1 1 4.0 4.0 0.001 -0.000 1.3848 1.2551 12.25 
0.571 2 1 1 4.0 4.0 -0.000 -0.000 1.3386 1.2169 12.24 
0.572 2 1 1 4.0 4.0 0.004 -0.000 1.3386 1.2551 12.24 
0.573 2 1 1 4.0 4.0 0.006 -0.000 1.3848 1.2169 12.25 
0.574 2 1 1 4.0 4.0 0.005 -0.000 1.3848 1.3386 12.24 
0.575 2 1 1 4.0 4.0 0.001 -0.000 1.3386 1.2169 12.24 
0.576 2 1 1 4.0 4.0 -0.001 -0.000 1.3386 1.2169 12.24 
0.577 2 1 1 4.0 4.0 0.001 -0.000 1.3386 1.2551 12.24 
0.578 2 1 1 4.0 4.0 0.001 -0.000 1.3848 1.3386 12.24 
0.579 2 1 1 4.0 4.0 0.001 -0.000 1.3848 1.2169 12.23 
0.580 2 1 1 4.0 4.0 -0.000 -0.000 1.3848 1.2551 12.24 
0.581 2 1 1 4.0 4.0 0.002 -0.000 1.3848 1.2551 12.24 
0.582 2 1 1 4.0 4.0 -0.000 -0.000 1.3848 1.3386 12.24 
0.583 2 1 1 4.0 4.0 0.000 -0.000 1.3848 1.2551 12.24 
0.584 2 1 1 4.0 4.0 0.001 -0.000 1.3386 1.2551 12.24 
0.585 2 1 1 4.0 4.0 0.005 -0.000 1.3848 1.2551 12.25 
0.586 2 1 1 4.0 4.0 0.002 -0.000 1.3386 1.2551 12.24 
0.587 2 1 1 4.0 4.0 -0.000 -0.000 1.3386 1.2169 12.24 
0.588 2 1 1 4.0 4.0 -0.001 -0.000 1.3386 1.2551 12.24 
0.589 2 1 1 4.0 4.0 -0.000 -0.000 1.3386 1.2169 12.24 
0.590 2 1 1 4.0 4.0 0.005 -0.000 1.3386 1.2952 12.24 
0.591 2 1 1 4.0 4.0 0.006 -0.000 1.3386 1.2169 12.24 
0.592 2 1 1 4.0 4.0 0.006 -0.000 1.3386 1.2169 12.25 
0.593 2 1 1 4.0 4.0 0.002 -0.000 1.3848 1.2551 12.25 
0.594 2 1 1 4.0 4.0 0.005 -0.000 1.3848 1.3386 12.24 
0.595 2 1 1 4.0 4.0 0.008 -0.000 1.3386 1.2169 12.24 
0.596 2 1 1 4.0 4.0 0.003 -0.000 1.3848 1.2551 12.24 
0.597 2 1 1 4.0 4.0 0.005 -0.000 1.3848 1.1474 12.24 
0.598 2 1 1 4.0 4.0 0.002 -0.000 1.3848 1.3386 12.24 
0.599 2 1 1 4.0 4.0 0.001 -0.000 1.3386 1.2551 12.24 
0.600 2 1 1 4.0 4.0 0.005 -0.000 1.3386 1.2551 12.24 
0.601 2 1 1 4.0 4.0 0.002 -0.000 1.3848 1.2952 12.24 
0.602 2 1 1 4.0 4.0 0.005 -0.000 1.3848 1.1812 12.24 
0.603 2 1 1 4.0 4.0 0.005 -0.000 1.3848 1.2169 12.23 
0.604 2 1 1 4.0 4.0 0.005 -0.000 1.3386 1.2551 12.23 
0.605 2 1 1 4.0 4.0 0.002 -0.000 1.3848 1.3386 12.24 
0.606 2 1 1 4.0 4.0 0.001 -0.000 1.3848 1.2551 12.24 
0.607 2 1 1 4.0 4.0 0.004 -0.000 1.3848 1.2551 12.24 
0.608 2 1 1 4.0 4.0 0.000 -0.000 1.3848 1.2551 12.25 
0.609 2 1 1 4.0 4.0 0.004 -0.000 1.3848 1.3386 12.24 
0.610 2 1 1 4.0 4.0 0.003 -0.000 1.3386 1.2551 12.24 
0.611 2 1 1 4.0 4.0 0.001 -0.000 1.3386 1.2551 12.24 
0.612 2 1 1 4.0 4.0 0.000 -0.000 1.3848 1.2551 12.25 
0.613 2 1 1 4.0 4.0 -0.001 -0.000 1.3848 1.3386 12.24 
0.614 2 1 1 4.0 4.0 0.000 -0.000 1.3386 1.2551 12.24 
0.615 2 1 1 4.0 4.0 -0.000 -0.000 1.3386 1.2551 12.24 
0.616 2 1 1 4.0 4.0 0.003 -0.000 1.3386 1.2551 12.22 
0.617 2 1 1 4.0 4.0 0.002 -0.000 1.3386 1.3386 12.24 
0.618 2 1 1 4.0 4.0 0.004 -0.000 1.3386 1.1812 12.25 
0.619 2 1 1 4.0 4.0 0.003 -0.000 1.3386 1.2169 12.24 
0.620 2 1 1 4.0 4.0 0.005 -0.000 1.3848 1.2551 12.24 
0.621 2 1 1 4.0 4.0 0.001 -0.000 1.3848 1.2952 12.24 
0.622 2 1 1 4.0 4.0 -0.000 -0.000 1.3848 1.2551 12.24 
0.623 2 1 1 4.0 4.0 0.004 -0.000 1.3848 1.2169 12.25 
0.624 2 1 1 4.0 4.0 0.001 -0.000 1.3386 1.0567 12.25 
0.625 2 1 1 4.0 4.0 0.004 -0.000 1.3386 1.2952 12.24 
0.626 2 1 1 4.0 4.0 0.001 -0.000 1.3848 1.2551 12.24 
0.627 2 1 1 4.0 4.0 0.004 -0.000 1.2952 1.2169 12.24 
0.628 2 1 1 4.0 4.0 0.001 -0.000 1.3848 1.2551 12.24 
0.629 2 1 1 4.0 4.0 0.001 -0.000 1.3848 1.2551 12.24 
0.630 2 1 1 4.0 4.0 0.007 -0.000 1.3386 1.2551 12.24 
0.631 2 1 1 4.0 4.0 0.006 -0.000 1.3386 1.2551 12.24 
0.632 2 1 1 4.0 4.0 0.007 -0.000 1.3848 1.3386 12.24 
0.633 2 1 1 4.0 4.0 0.003 -0.000 1.3848 1.2551 12.25 
0.634 2 1 1 4.0 4.0 0.002 -0.000 1.3386 1.2551 12.24 
0.635 2 1 1 4.0 4.0 0.002 -0.000 1.3386 1.2169 12.23 
0.636 2 1 1 4.0 4.0 0.001 -0.000 1.3848 1.2952 12.24 
0.637 2 1 1 4.0 4.0 0.005 -0.000 1.3848 1.2551 12.24 
0.638 2 1 1 4.0 4.0 0.001 -0.000 1.3848 1.2169 12.24 
0.639 2 1 1 4.0 4.0 0.005 -0.000 1.3386 1.2551 12.24 
0.640 2 1 1 4.0 4.0 0.000 -0.000 1.3386 1.3386 12.24 
0.641 2 1 1 4.0 4.0 0.000 -0.000 1.3848 1.2551 12.24 
0.642 2 1 1 4.0 4.0 0.000 -0.000 1.3848 1.2551 12.24 
0.643 2 1 1 4.0 4.0 0.004 -0.000 1.1812 1.2551 12.25 
0.644 2 1 1 4.0 4.0 0.006 -0.000 1.3848 1.2952 12.25 
0.645 2 1 1 4.0 4.0 0.005 -0.000 1.3386 1.2551 12.24 
0.646 2 1 1 4.0 4.0 0.002 -0.000 1.3386 1.2551 12.24 
0.647 2 1 1 4.0 4.0 0.002 -0.000 1.3848 1.2551 12.24 
0.648 2 1 1 4.0 4.0 0.002 -0.000 1.3386 1.3386 12.24 
0.649 2 1 1 4.0 4.0 0.005 -0.000 1.3848 1.2169 12.24 
0.650 2 1 1 4.0 4.0 0.005 -0.000 1.3848 1.2551 12.24 
0.651 2 1 1 4.0 4.0 0.006 -0.000 1.2952 1.2169 12.24 
0.652 2 1 1 4.0 4.0 0.002 -0.000 1.3848 1.2952 12.24 
0.653 2 1 1 4.0 4.0 -0.000 -0.000 1.3848 1.2551 12.25 
0.654 2 1 1 4.0 4.0 0.001 -0.000 1.3848 1.2169 12.24 
0.655 2 1 1 4.0 4.0 0.004 -0.000 1.3848 1.0567 12.24 
0.656 2 1 1 4.0 4.0 0.005 -0.000 1.3848 1.2952 12.24 
0.657 2 1 1 4.0 4.0 0.006 -0.000 1.3848 1.2169 12.25 
0.658 2 1 1 4.0 4.0 0.001 -0.000 1.3386 1.2551 12.24 
0.659 2 1 1 4.0 4.0 0.000 -0.000 1.3386 1.1812 12.24 
0.660 2 1 1 4.0 4.0 0.008 -0.000 1.3386 1.2169 12.24 
0.661 2 1 1 4.0 4.0 0.007 -0.000 1.3386 1.2551 12.25 
0.662 2 1 1 4.0 4.0 0.001 -0.000 1.3386 1.2551 12.24 
0.663 2 1 1 4.0 4.0 0.001 -0.000 1.3386 1.2952 12.24 
0.664 2 1 1 4.0 4.0 0.006 -0.000 1.3848 1.2169 12.24 
0.665 2 1 1 4.0 4.0 0.000 -0.000 1.3848 1.2551 12.23 
