%% logfile from robot Ellen (29)
% Ellen (29)
%  1    time 0.000 sec
%  2  3  4   (mission 0), state 2, thread 19, line 0
%  5  6 Motor voltage [V] left, right: 1.6 1.6
%  7  8 Motor current left, right [A]: 0.003 0.008
%  9 10 Wheel velocity [m/s] left, right: 0.0000 0.0000
% 11    Battery voltage [V]: 12.34
0.001 2 19 0 1.6 1.6 0.126 0.050 0.0000 0.0000 12.34 
0.002 2 19 0 1.6 1.6 0.303 0.211 0.0000 0.0000 12.33 
0.003 2 19 0 1.6 1.6 0.378 0.329 0.0000 0.0000 12.33 
0.004 2 19 0 1.6 1.6 0.414 0.392 0.0000 0.0000 12.34 
0.005 2 19 0 1.6 1.6 0.426 0.420 0.0000 0.0000 12.33 
0.006 2 19 0 1.6 1.6 0.413 0.420 0.0000 0.0000 12.33 
0.007 2 19 0 1.6 1.6 0.429 0.406 0.0000 0.0000 12.33 
0.008 2 19 0 1.6 1.6 0.412 0.382 0.0000 0.0000 12.33 
0.009 2 19 0 1.6 1.6 0.369 0.359 0.0000 0.0000 12.33 
0.010 2 19 0 1.6 1.6 0.361 0.308 0.0000 0.0000 12.33 
0.011 2 19 0 1.6 1.6 0.351 0.296 0.0000 0.0000 12.33 
0.012 2 19 0 1.6 1.6 0.358 0.294 0.0639 0.0000 12.33 
0.013 2 19 0 1.6 1.6 0.346 0.280 0.0639 0.1205 12.33 
0.014 2 19 0 1.6 1.6 0.368 0.285 0.0639 0.1205 12.33 
0.015 2 19 0 1.6 1.6 0.342 0.291 0.0639 0.1450 12.33 
0.016 2 19 0 1.6 1.6 0.351 0.315 0.1004 0.1450 12.33 
0.017 2 19 0 1.6 1.6 0.350 0.320 0.1004 0.1450 12.33 
0.018 2 19 0 1.6 1.6 0.321 0.310 0.1004 0.1390 12.33 
0.019 2 19 0 1.6 1.6 0.309 0.315 0.1269 0.1390 12.33 
0.020 2 19 0 1.6 1.6 0.332 0.272 0.1269 0.1390 12.33 
0.021 2 19 0 1.6 1.6 0.323 0.241 0.1269 0.1807 12.33 
0.022 2 19 0 1.6 1.6 0.288 0.246 0.1586 0.1807 12.33 
0.023 2 19 0 1.6 1.6 0.274 0.248 0.1586 0.1884 12.33 
0.024 2 19 0 1.6 1.6 0.265 0.249 0.1651 0.1884 12.33 
0.025 2 19 0 1.6 1.6 0.269 0.256 0.1651 0.1940 12.33 
0.026 2 19 0 1.6 1.6 0.244 0.245 0.1651 0.1940 12.33 
0.027 2 19 0 1.6 1.6 0.249 0.247 0.1799 0.1783 12.33 
0.028 2 19 0 1.6 1.6 0.243 0.259 0.1799 0.1783 12.32 
0.029 2 19 0 1.6 1.6 0.282 0.240 0.2036 0.2229 12.33 
0.030 2 19 0 1.6 1.6 0.240 0.241 0.2205 0.2345 12.32 
0.031 2 19 0 1.6 1.6 0.235 0.230 0.2205 0.2345 12.33 
0.032 2 19 0 1.6 1.6 0.241 0.218 0.2133 0.2418 12.33 
0.033 2 19 0 1.6 1.6 0.248 0.230 0.2133 0.2418 12.33 
0.034 2 19 0 1.6 1.6 0.246 0.242 0.2157 0.2133 12.33 
0.035 2 19 0 1.6 1.6 0.244 0.227 0.2157 0.2133 12.33 
0.036 2 19 0 1.6 1.6 0.259 0.175 0.2321 0.2659 12.33 
0.037 2 19 0 1.6 1.6 0.224 0.176 0.2446 0.2639 12.33 
0.038 2 19 0 1.6 1.6 0.219 0.169 0.2446 0.2639 12.33 
0.039 2 19 0 1.6 1.6 0.192 0.173 0.2402 0.2659 12.33 
0.040 2 19 0 1.6 1.6 0.203 0.210 0.2402 0.2333 12.33 
0.041 2 19 0 1.6 1.6 0.193 0.187 0.2345 0.2333 12.34 
0.042 2 19 0 1.6 1.6 0.190 0.208 0.2639 0.2868 12.33 
0.043 2 19 0 1.6 1.6 0.224 0.222 0.2639 0.2952 12.34 
0.044 2 19 0 1.6 1.6 0.216 0.218 0.2868 0.2807 12.33 
0.045 2 19 0 1.6 1.6 0.227 0.188 0.2711 0.2807 12.32 
0.046 2 19 0 1.6 1.6 0.256 0.205 0.2711 0.2494 12.33 
0.047 2 19 0 1.6 1.6 0.220 0.188 0.2695 0.2996 12.33 
0.048 2 19 0 1.6 1.6 0.195 0.172 0.2827 0.2996 12.32 
0.049 2 19 0 1.6 1.6 0.164 0.152 0.3016 0.2747 12.30 
0.050 2 19 0 1.6 1.6 0.136 0.139 0.3016 0.2928 12.32 
0.051 2 19 0 1.6 1.6 0.145 0.177 0.2848 0.2928 12.33 
0.052 2 19 0 1.6 1.6 0.159 0.157 0.2767 0.2574 12.29 
0.053 2 19 0 1.6 1.6 0.175 0.142 0.2767 0.3088 12.32 
0.054 2 19 0 1.6 1.6 0.234 0.145 0.2996 0.2888 12.33 
0.055 2 19 0 1.6 1.6 0.201 0.154 0.3016 0.2868 12.33 
0.056 2 19 0 1.6 1.6 0.197 0.154 0.2996 0.3113 12.33 
0.057 2 19 0 1.6 1.6 0.209 0.188 0.2996 0.2952 12.33 
0.058 2 19 0 1.6 1.6 0.176 0.181 0.2868 0.3289 12.30 
0.059 2 19 0 1.6 1.6 0.175 0.165 0.3113 0.3289 12.32 
0.060 2 19 0 1.6 1.6 0.151 0.153 0.3237 0.2972 12.29 
0.061 2 19 0 1.6 1.6 0.153 0.153 0.3237 0.3185 12.31 
0.062 2 19 0 1.6 1.6 0.137 0.133 0.3113 0.2767 12.33 
0.063 2 19 0 1.6 1.6 0.137 0.139 0.3137 0.2767 12.33 
0.064 2 19 0 1.6 1.6 0.156 0.166 0.3289 0.3289 12.33 
0.065 2 19 0 1.6 1.6 0.163 0.199 0.3237 0.3237 12.34 
0.066 2 19 0 1.6 1.6 0.190 0.191 0.3237 0.3289 12.33 
0.067 2 19 0 1.6 1.6 0.179 0.196 0.3185 0.2908 12.33 
0.068 2 19 0 1.6 1.6 0.172 0.197 0.3265 0.2908 12.33 
0.069 2 19 0 1.6 1.6 0.176 0.157 0.3265 0.3462 12.33 
0.070 2 19 0 1.6 1.6 0.159 0.140 0.3550 0.3490 12.33 
0.071 2 19 0 1.6 1.6 0.161 0.118 0.3265 0.3374 12.32 
0.072 2 19 0 1.6 1.6 0.120 0.135 0.3265 0.2952 12.29 
0.073 2 19 0 1.6 1.6 0.175 0.131 0.3289 0.2952 12.32 
0.074 2 19 0 1.6 1.6 0.146 0.126 0.3402 0.3430 12.32 
0.075 2 19 0 1.6 1.6 0.112 0.097 0.3490 0.2996 12.33 
0.076 2 19 0 1.6 1.6 0.103 0.130 0.3346 0.3430 12.33 
0.077 2 19 0 1.6 1.6 0.088 0.141 0.3462 0.3462 12.33 
0.078 2 19 0 1.6 1.6 0.098 0.160 0.3430 0.3582 12.31 
0.079 2 19 0 1.6 1.6 0.136 0.135 0.3430 0.3402 12.33 
0.080 2 19 0 1.6 1.6 0.138 0.125 0.3317 0.3213 12.33 
0.081 2 19 0 1.6 1.6 0.168 0.131 0.3402 0.3462 12.33 
0.082 2 19 0 1.6 1.6 0.172 0.144 0.3751 0.3213 12.33 
0.083 2 19 0 1.6 1.6 0.184 0.148 0.3522 0.3550 12.33 
0.084 2 19 0 1.6 1.6 0.203 0.143 0.3550 0.3462 12.33 
0.085 2 19 0 1.6 1.6 0.176 0.151 0.3522 0.3522 12.33 
0.086 2 19 0 1.6 1.6 0.183 0.168 0.3550 0.3522 12.33 
0.087 2 19 0 1.6 1.6 0.142 0.188 0.3550 0.3185 12.32 
0.088 2 19 0 1.6 1.6 0.128 0.150 0.3582 0.3683 12.33 
0.089 2 19 0 1.6 1.6 0.108 0.139 0.3787 0.3615 12.32 
0.090 2 19 0 1.6 1.6 0.094 0.135 0.3550 0.3550 12.33 
0.091 2 19 0 1.6 1.6 0.093 0.118 0.3522 0.3088 12.32 
0.092 2 19 0 1.6 1.6 0.126 0.108 0.3651 0.3651 12.32 
0.093 2 19 0 1.6 1.6 0.138 0.126 0.3787 0.3651 12.32 
0.094 2 19 0 1.6 1.6 0.177 0.111 0.3582 0.3651 12.33 
0.095 2 19 0 1.6 1.6 0.217 0.098 0.3522 0.3615 12.32 
0.096 2 19 0 1.6 1.6 0.130 0.182 0.3683 0.3088 12.32 
0.097 2 19 0 1.6 1.6 0.117 0.152 0.3751 0.3787 12.33 
0.098 2 19 0 1.6 1.6 0.091 0.139 0.3751 0.3683 12.32 
0.099 2 19 0 1.6 1.6 0.086 0.124 0.3582 0.3615 12.32 
0.100 2 19 0 1.6 1.6 0.089 0.142 0.3430 0.3161 12.33 
0.101 2 19 0 1.6 1.6 0.136 0.120 0.3715 0.3161 12.33 
0.102 2 19 0 1.6 1.6 0.154 0.104 0.3896 0.3751 12.32 
0.103 2 19 0 1.6 1.6 0.176 0.088 0.3715 0.3936 12.33 
0.104 2 19 0 1.6 1.6 0.145 0.108 0.3582 0.3683 12.36 
0.105 2 19 0 1.6 1.6 0.138 0.118 0.3751 0.3213 12.34 
0.106 2 19 0 1.6 1.6 0.095 0.127 0.3936 0.3823 12.34 
0.107 2 19 0 1.6 1.6 0.062 0.123 0.3683 0.3430 12.33 
0.108 2 19 0 1.6 1.6 0.079 0.158 0.3582 0.3683 12.32 
0.109 2 19 0 1.6 1.6 0.098 0.116 0.3787 0.3185 12.31 
0.110 2 19 0 1.6 1.6 0.108 0.149 0.3787 0.3787 12.33 
0.111 2 19 0 1.6 1.6 0.165 0.139 0.3787 0.3787 12.34 
0.112 2 19 0 1.6 1.6 0.165 0.138 0.3715 0.3462 12.33 
0.113 2 19 0 1.6 1.6 0.161 0.150 0.3550 0.3751 12.33 
0.114 2 19 0 1.6 1.6 0.145 0.172 0.3787 0.3490 12.33 
0.115 2 19 0 1.6 1.6 0.142 0.151 0.3896 0.3860 12.33 
0.116 2 19 0 1.6 1.6 0.153 0.131 0.3751 0.3522 12.32 
0.117 2 19 0 1.6 1.6 0.123 0.130 0.3751 0.3715 12.31 
0.118 2 19 0 1.6 1.6 0.168 0.123 0.3860 0.3265 12.31 
0.119 2 19 0 1.6 1.6 0.133 0.093 0.3823 0.3823 12.32 
0.120 2 19 0 1.6 1.6 0.156 0.078 0.3787 0.3751 12.33 
0.121 2 19 0 1.6 1.6 0.116 0.097 0.3823 0.3751 12.32 
0.122 2 19 0 1.6 1.6 0.107 0.104 0.3787 0.3751 12.34 
0.123 2 19 0 1.6 1.6 0.087 0.129 0.3936 0.3317 12.31 
0.124 2 19 0 1.6 1.6 0.087 0.129 0.3751 0.3896 12.30 
0.125 2 19 0 1.6 1.6 0.084 0.141 0.3715 0.3936 12.29 
0.126 2 19 0 1.6 1.6 0.125 0.121 0.3860 0.3787 12.29 
0.127 2 19 0 1.6 1.6 0.123 0.156 0.3936 0.3346 12.29 
0.128 2 19 0 1.6 1.6 0.151 0.150 0.3751 0.3860 12.32 
0.129 2 19 0 1.6 1.6 0.106 0.128 0.3751 0.3317 12.32 
0.130 2 19 0 1.6 1.6 0.067 0.138 0.3860 0.3860 12.30 
0.131 2 19 0 1.6 1.6 0.083 0.156 0.3860 0.3823 12.32 
0.132 2 19 0 1.6 1.6 0.118 0.132 0.3651 0.3976 12.33 
0.133 2 19 0 1.6 1.6 0.128 0.110 0.3787 0.3715 12.32 
0.134 2 19 0 1.6 1.6 0.164 0.127 0.3936 0.3522 12.33 
0.135 2 19 0 1.6 1.6 0.192 0.116 0.3896 0.3787 12.34 
0.136 2 19 0 1.6 1.6 0.161 0.108 0.3860 0.3490 12.36 
0.137 2 19 0 1.6 1.6 0.164 0.085 0.3823 0.3896 12.34 
0.138 2 19 0 1.6 1.6 0.111 0.080 0.3860 0.3715 12.34 
0.139 2 19 0 1.6 1.6 0.115 0.078 0.3896 0.3823 12.34 
0.140 2 19 0 1.6 1.6 0.086 0.106 0.4016 0.3430 12.33 
0.141 2 19 0 1.6 1.6 0.083 0.118 0.3823 0.3936 12.33 
0.142 2 19 0 1.6 1.6 0.113 0.113 0.3751 0.3860 12.32 
0.143 2 19 0 1.6 1.6 0.124 0.109 0.3896 0.3823 12.32 
0.144 2 19 0 1.6 1.6 0.128 0.127 0.3976 0.3346 12.31 
0.145 2 19 0 1.6 1.6 0.152 0.143 0.3823 0.3936 12.31 
0.146 2 19 0 1.6 1.6 0.132 0.153 0.3751 0.3896 12.32 
0.147 2 19 0 1.6 1.6 0.079 0.146 0.3896 0.3896 12.33 
0.148 2 19 0 1.6 1.6 0.075 0.146 0.3976 0.3823 12.33 
0.149 2 19 0 1.6 1.6 0.106 0.169 0.3823 0.3289 12.34 
0.150 2 19 0 1.6 1.6 0.145 0.127 0.3582 0.4016 12.33 
0.151 2 19 1 4.0 4.0 0.130 0.094 0.3896 0.3896 12.33 
0.152 2 19 1 4.0 4.0 0.347 0.148 0.4016 0.3823 12.31 
0.153 2 19 1 4.0 4.0 0.562 0.393 0.3936 0.3374 12.26 
0.154 2 19 1 4.0 4.0 0.641 0.551 0.4016 0.3715 12.27 
0.155 2 19 1 4.0 4.0 0.670 0.699 0.4181 0.4097 12.26 
0.156 2 19 1 4.0 4.0 0.699 0.755 0.4462 0.4269 12.28 
0.157 2 19 1 4.0 4.0 0.710 0.815 0.4562 0.3936 12.24 
0.158 2 19 1 4.0 4.0 0.748 0.686 0.4615 0.4362 12.26 
0.159 2 19 1 4.0 4.0 0.632 0.699 0.4956 0.4723 12.25 
0.160 2 19 1 4.0 4.0 0.677 0.692 0.5020 0.4615 12.27 
0.161 2 19 1 4.0 4.0 0.654 0.739 0.5020 0.5020 12.28 
0.162 2 19 1 4.0 4.0 0.594 0.717 0.5498 0.5354 12.29 
0.163 2 19 1 4.0 4.0 0.599 0.753 0.5575 0.5426 12.29 
0.164 2 19 1 4.0 4.0 0.612 0.691 0.5655 0.5735 12.28 
0.165 2 19 1 4.0 4.0 0.596 0.637 0.5904 0.5820 12.28 
0.166 2 19 1 4.0 4.0 0.595 0.616 0.5992 0.5655 12.29 
0.167 2 19 1 4.0 4.0 0.590 0.622 0.6177 0.6177 12.27 
0.168 2 19 1 4.0 4.0 0.579 0.643 0.6474 0.6085 12.31 
0.169 2 19 1 4.0 4.0 0.556 0.596 0.6474 0.6474 12.29 
0.170 2 19 1 4.0 4.0 0.477 0.549 0.6691 0.6691 12.29 
0.171 2 19 1 4.0 4.0 0.447 0.507 0.6804 0.6374 12.27 
0.172 2 19 1 4.0 4.0 0.446 0.521 0.6924 0.6374 12.29 
0.173 2 19 1 4.0 4.0 0.445 0.542 0.6804 0.6924 12.28 
0.174 2 19 1 4.0 4.0 0.521 0.493 0.7169 0.6924 12.31 
0.175 2 19 1 4.0 4.0 0.485 0.450 0.7169 0.7169 12.30 
0.176 2 19 1 4.0 4.0 0.462 0.443 0.7302 0.7434 12.30 
0.177 2 19 1 4.0 4.0 0.450 0.435 0.7575 0.7575 12.30 
0.178 2 19 1 4.0 4.0 0.482 0.504 0.7434 0.7575 12.30 
0.179 2 19 1 4.0 4.0 0.433 0.436 0.7723 0.7723 12.30 
0.180 2 19 1 4.0 4.0 0.385 0.411 0.7575 0.7723 12.31 
0.181 2 19 1 4.0 4.0 0.370 0.401 0.7872 0.8032 12.30 
0.182 2 19 1 4.0 4.0 0.344 0.496 0.7575 0.7302 12.30 
0.183 2 19 1 4.0 4.0 0.415 0.433 0.7872 0.7872 12.30 
0.184 2 19 1 4.0 4.0 0.399 0.412 0.7872 0.7575 12.30 
0.185 2 19 1 4.0 4.0 0.378 0.424 0.8193 0.8193 12.29 
0.186 2 19 1 4.0 4.0 0.359 0.443 0.8032 0.7723 12.30 
0.187 2 19 1 4.0 4.0 0.419 0.368 0.8193 0.7872 12.29 
0.188 2 19 1 4.0 4.0 0.421 0.386 0.7872 0.7723 12.30 
0.189 2 19 1 4.0 4.0 0.357 0.383 0.8193 0.8032 12.30 
0.190 2 19 1 4.0 4.0 0.332 0.462 0.8193 0.8032 12.30 
0.191 2 19 1 4.0 4.0 0.331 0.434 0.8366 0.8366 12.31 
0.192 2 19 1 4.0 4.0 0.353 0.378 0.8543 0.8366 12.30 
0.193 2 19 1 4.0 4.0 0.324 0.399 0.8727 0.8727 12.31 
0.194 2 19 1 4.0 4.0 0.366 0.412 0.8727 0.8366 12.31 
0.195 2 19 1 4.0 4.0 0.328 0.382 0.8727 0.8727 12.31 
0.196 2 19 1 4.0 4.0 0.297 0.360 0.8924 0.8543 12.32 
0.197 2 19 1 4.0 4.0 0.287 0.305 0.8924 0.8366 12.28 
0.198 2 19 1 4.0 4.0 0.325 0.310 0.9125 0.8727 12.28 
0.199 2 19 1 4.0 4.0 0.360 0.312 0.9125 0.8924 12.31 
0.200 2 19 1 4.0 4.0 0.330 0.332 0.9338 0.9125 12.33 
0.201 2 19 1 4.0 4.0 0.305 0.374 0.9338 0.8924 12.31 
0.202 2 19 1 4.0 4.0 0.312 0.385 0.9338 0.9338 12.32 
0.203 2 19 1 4.0 4.0 0.336 0.327 0.9338 0.8727 12.31 
0.204 2 19 1 4.0 4.0 0.311 0.329 0.9338 0.9125 12.28 
0.205 2 19 1 4.0 4.0 0.347 0.364 0.9125 0.8727 12.31 
0.206 2 19 1 4.0 4.0 0.342 0.302 0.9338 0.9125 12.32 
0.207 2 19 1 4.0 4.0 0.303 0.260 0.9338 0.9338 12.32 
0.208 2 19 1 4.0 4.0 0.275 0.294 0.9125 0.9125 12.32 
0.209 2 19 1 4.0 4.0 0.263 0.270 0.9338 0.9338 12.31 
0.210 2 19 1 4.0 4.0 0.253 0.276 0.9338 0.9338 12.30 
0.211 2 19 1 4.0 4.0 0.233 0.264 0.9559 0.9559 12.30 
0.212 2 19 1 4.0 4.0 0.286 0.341 0.9559 0.9559 12.31 
0.213 2 19 1 4.0 4.0 0.319 0.290 0.9559 0.9559 12.29 
0.214 2 19 1 4.0 4.0 0.321 0.298 0.9559 0.9559 12.30 
0.215 2 19 1 4.0 4.0 0.286 0.299 0.9796 0.9338 12.31 
0.216 2 19 1 4.0 4.0 0.252 0.317 0.9796 0.9796 12.32 
0.217 2 19 1 4.0 4.0 0.251 0.298 0.9796 0.9559 12.30 
0.218 2 19 1 4.0 4.0 0.285 0.265 0.9796 0.9796 12.31 
0.219 2 19 1 4.0 4.0 0.324 0.336 1.0041 1.0041 12.31 
0.220 2 19 1 4.0 4.0 0.301 0.336 1.0041 0.9559 12.32 
0.221 2 19 1 4.0 4.0 0.268 0.331 1.0041 1.0041 12.32 
0.222 2 19 1 4.0 4.0 0.237 0.363 1.0041 0.9796 12.32 
0.223 2 19 1 4.0 4.0 0.233 0.337 1.0041 1.0041 12.30 
0.224 2 19 1 4.0 4.0 0.220 0.282 1.0041 1.0041 12.30 
0.225 2 19 1 4.0 4.0 0.209 0.258 1.0041 0.9338 12.32 
0.226 2 19 1 4.0 4.0 0.261 0.261 1.0041 1.0041 12.32 
0.227 2 19 1 4.0 4.0 0.282 0.246 1.0041 0.9796 12.32 
0.228 2 19 1 4.0 4.0 0.238 0.215 1.0298 1.0298 12.32 
0.229 2 19 1 4.0 4.0 0.295 0.246 1.0041 1.0041 12.32 
0.230 2 19 1 4.0 4.0 0.308 0.248 0.9796 0.9559 12.32 
0.231 2 19 1 4.0 4.0 0.217 0.218 1.0041 1.0041 12.31 
0.232 2 19 1 4.0 4.0 0.206 0.267 1.0041 1.0041 12.32 
0.233 2 19 1 4.0 4.0 0.243 0.279 1.0041 1.0041 12.32 
0.234 2 19 1 4.0 4.0 0.226 0.229 1.0041 1.0041 12.32 
0.235 2 19 1 4.0 4.0 0.195 0.268 1.0298 0.9125 12.32 
0.236 2 19 1 4.0 4.0 0.239 0.275 1.0298 1.0298 12.31 
0.237 2 19 1 4.0 4.0 0.234 0.268 1.0298 1.0041 12.29 
0.238 2 19 1 4.0 4.0 0.195 0.236 1.0298 1.0298 12.30 
0.239 2 19 1 4.0 4.0 0.233 0.310 1.0567 1.0567 12.30 
0.240 2 19 1 4.0 4.0 0.294 0.308 1.0567 1.0041 12.31 
0.241 2 19 1 4.0 4.0 0.258 0.261 1.0567 1.0298 12.32 
0.242 2 19 1 4.0 4.0 0.209 0.308 1.0567 1.0298 12.32 
0.243 2 19 1 4.0 4.0 0.214 0.261 1.0298 1.0298 12.32 
0.244 2 19 1 4.0 4.0 0.183 0.234 1.0298 1.0567 12.32 
0.245 2 19 1 4.0 4.0 0.180 0.235 1.0041 1.0041 12.32 
0.246 2 19 1 4.0 4.0 0.237 0.246 1.0298 1.0298 12.32 
0.247 2 19 1 4.0 4.0 0.243 0.236 1.0567 1.0298 12.32 
0.248 2 19 1 4.0 4.0 0.234 0.199 1.0298 1.0298 12.32 
0.249 2 19 1 4.0 4.0 0.211 0.214 1.0298 1.0298 12.32 
0.250 2 19 1 4.0 4.0 0.212 0.210 1.0041 1.0041 12.32 
0.251 2 19 1 4.0 4.0 0.234 0.220 1.0298 1.0298 12.30 
0.252 2 19 1 4.0 4.0 0.267 0.291 1.0298 1.0298 12.31 
0.253 2 19 1 4.0 4.0 0.239 0.279 1.0298 1.0041 12.32 
0.254 2 19 1 4.0 4.0 0.209 0.274 1.0567 1.0298 12.32 
0.255 2 19 1 4.0 4.0 0.178 0.288 1.0567 1.0298 12.32 
0.256 2 19 1 4.0 4.0 0.190 0.311 1.0567 1.0567 12.32 
0.257 2 19 1 4.0 4.0 0.145 0.288 1.0567 1.0298 12.32 
0.258 2 19 1 4.0 4.0 0.187 0.283 1.0852 1.0567 12.32 
0.259 2 19 1 4.0 4.0 0.210 0.251 1.0852 1.0298 12.32 
0.260 2 19 1 4.0 4.0 0.206 0.202 1.0852 1.0567 12.30 
0.261 2 19 1 4.0 4.0 0.217 0.213 1.0852 1.0298 12.31 
0.262 2 19 1 4.0 4.0 0.210 0.214 1.0298 1.0567 12.30 
0.263 2 19 1 4.0 4.0 0.195 0.211 1.0852 1.0567 12.32 
0.264 2 19 1 4.0 4.0 0.195 0.184 1.0567 0.9559 12.32 
0.265 2 19 1 4.0 4.0 0.224 0.219 1.0852 1.0567 12.32 
0.266 2 19 1 4.0 4.0 0.223 0.204 1.0852 1.0567 12.32 
0.267 2 19 1 4.0 4.0 0.233 0.211 1.0567 1.0852 12.32 
0.268 2 19 1 4.0 4.0 0.214 0.212 1.0567 1.0567 12.32 
0.269 2 19 1 4.0 4.0 0.195 0.241 1.0298 1.0298 12.32 
0.270 2 19 1 4.0 4.0 0.173 0.217 1.0567 1.0567 12.33 
0.271 2 19 1 4.0 4.0 0.215 0.266 1.0567 1.0852 12.32 
0.272 2 19 1 4.0 4.0 0.225 0.249 1.0567 1.0298 12.32 
0.273 2 19 1 4.0 4.0 0.187 0.279 1.0852 1.0567 12.32 
0.274 2 19 1 4.0 4.0 0.192 0.299 1.0852 1.0567 12.32 
0.275 2 19 1 4.0 4.0 0.207 0.283 1.0852 1.0567 12.32 
0.276 2 19 1 4.0 4.0 0.167 0.249 1.0567 1.0298 12.32 
0.277 2 19 1 4.0 4.0 0.206 0.242 1.0852 1.0567 12.32 
0.278 2 19 1 4.0 4.0 0.228 0.245 1.0852 1.0567 12.32 
0.279 2 19 1 4.0 4.0 0.217 0.169 1.0852 1.0852 12.32 
0.280 2 19 1 4.0 4.0 0.211 0.201 1.0567 1.0567 12.32 
0.281 2 19 1 4.0 4.0 0.201 0.226 1.0852 1.0567 12.32 
0.282 2 19 1 4.0 4.0 0.167 0.185 1.0852 1.0567 12.32 
0.283 2 19 1 4.0 4.0 0.197 0.197 1.0567 1.0298 12.32 
0.284 2 19 1 4.0 4.0 0.206 0.237 1.0852 1.0567 12.32 
0.285 2 19 1 4.0 4.0 0.175 0.196 1.0852 1.0567 12.32 
0.286 2 19 1 4.0 4.0 0.197 0.203 1.0567 1.0298 12.31 
0.287 2 19 1 4.0 4.0 0.184 0.234 1.0567 1.0567 12.32 
0.288 2 19 1 4.0 4.0 0.172 0.241 1.0567 1.0298 12.30 
0.289 2 19 1 4.0 4.0 0.184 0.204 1.0567 1.0852 12.30 
0.290 2 19 1 4.0 4.0 0.227 0.289 1.0567 1.0567 12.31 
0.291 2 19 1 4.0 4.0 0.202 0.287 1.0852 1.0298 12.32 
0.292 2 19 1 4.0 4.0 0.210 0.241 1.0852 1.0567 12.32 
0.293 2 19 1 4.0 4.0 0.214 0.280 1.0852 1.0567 12.32 
0.294 2 19 1 4.0 4.0 0.161 0.215 1.0567 1.0567 12.32 
0.295 2 19 1 4.0 4.0 0.146 0.202 1.1153 1.0567 12.32 
0.296 2 19 1 4.0 4.0 0.209 0.231 1.1153 1.1153 12.32 
0.297 2 19 1 4.0 4.0 0.216 0.198 1.1153 1.0852 12.32 
0.298 2 19 1 4.0 4.0 0.157 0.150 1.1153 1.1153 12.32 
0.299 2 19 1 4.0 4.0 0.241 0.177 1.1153 1.1153 12.30 
0.300 2 19 1 4.0 4.0 0.199 0.253 1.1153 1.0298 12.31 
0.301 2 19 1 4.0 4.0 0.162 0.237 1.0852 1.1153 12.32 
0.302 2 19 2 -4.0 -4.0 0.201 0.275 1.0852 1.0852 12.32 
0.303 2 19 2 -4.0 -4.0 -0.400 -0.014 1.0852 1.0852 12.29 
0.304 2 19 2 -4.0 -4.0 -1.125 -0.859 1.0852 1.0852 12.25 
0.305 2 19 2 -4.0 -4.0 -1.304 -1.431 1.0041 1.0298 12.22 
0.306 2 19 2 -4.0 -4.0 -1.500 -1.599 0.9559 0.9796 12.21 
0.307 2 19 2 -4.0 -4.0 -1.728 -1.666 0.9125 0.8366 12.20 
0.308 2 19 2 -4.0 -4.0 -1.814 -1.859 0.8032 0.7872 12.18 
0.309 2 19 2 -4.0 -4.0 -1.587 -1.911 0.7434 0.7169 12.20 
0.310 2 19 2 -4.0 -4.0 -1.587 -1.747 0.7169 0.6474 12.20 
0.311 2 19 2 -4.0 -4.0 -1.641 -1.608 0.6583 0.6177 12.19 
0.312 2 19 2 -4.0 -4.0 -1.613 -1.700 0.6374 0.5498 12.20 
0.313 2 19 2 -4.0 -4.0 -1.631 -1.732 0.4779 0.5426 12.20 
0.314 2 19 2 -4.0 -4.0 -1.657 -1.775 0.4667 0.4723 12.18 
0.315 2 19 2 -4.0 -4.0 -1.455 -1.759 0.3936 0.4510 12.20 
0.316 2 19 2 -4.0 -4.0 -1.291 -1.765 0.3823 0.2996 12.20 
0.317 2 19 2 -4.0 -4.0 -1.372 -1.554 0.3317 0.2807 12.21 
0.318 2 19 2 -4.0 -4.0 -1.374 -1.411 0.2731 0.2807 12.21 
0.319 2 19 2 -4.0 -4.0 -1.395 -1.392 0.2731 0.2088 12.20 
0.320 2 19 2 -4.0 -4.0 -1.342 -1.394 0.1751 0.2088 12.20 
0.321 2 19 2 -4.0 -4.0 -1.335 -1.366 0.1659 0.1847 12.20 
0.322 2 19 2 -4.0 -4.0 -1.338 -1.368 0.1659 0.1265 12.21 
0.323 2 19 2 -4.0 -4.0 -1.237 -1.339 0.1398 0.0960 12.21 
0.324 2 19 2 -4.0 -4.0 -1.184 -1.272 0.1036 0.0775 12.20 
0.325 2 19 2 -4.0 -4.0 -1.214 -1.225 -0.0876 0.0651 12.21 
0.326 2 19 2 -4.0 -4.0 -1.124 -1.143 -0.0876 0.0558 12.21 
0.327 2 19 2 -4.0 -4.0 -1.085 -1.131 -0.0876 -0.0538 12.21 
0.328 2 19 2 -4.0 -4.0 -1.034 -1.069 -0.1606 -0.0538 12.23 
0.329 2 19 2 -4.0 -4.0 -0.989 -1.035 -0.2293 -0.1928 12.23 
0.330 2 19 2 -4.0 -4.0 -1.012 -1.083 -0.2293 -0.1928 12.21 
0.331 2 19 2 -4.0 -4.0 -0.862 -0.997 -0.2807 -0.2390 12.24 
0.332 2 19 2 -4.0 -4.0 -0.813 -0.907 -0.3137 -0.2434 12.24 
0.333 2 19 2 -4.0 -4.0 -0.805 -0.908 -0.3430 -0.3088 12.24 
0.334 2 19 2 -4.0 -4.0 -0.802 -0.885 -0.3522 -0.3088 12.24 
0.335 2 19 2 -4.0 -4.0 -0.861 -0.854 -0.3522 -0.3522 12.24 
0.336 2 19 2 -4.0 -4.0 -0.828 -0.806 -0.4137 -0.3823 12.25 
0.337 2 19 2 -4.0 -4.0 -0.839 -0.786 -0.4317 -0.3582 12.24 
0.338 2 19 2 -4.0 -4.0 -0.793 -0.782 -0.4462 -0.3860 12.24 
0.339 2 19 2 -4.0 -4.0 -0.790 -0.857 -0.4615 -0.4056 12.24 
0.340 2 19 2 -4.0 -4.0 -0.642 -0.793 -0.4723 -0.4462 12.25 
0.341 2 19 2 -4.0 -4.0 -0.635 -0.770 -0.5020 -0.4723 12.26 
0.342 2 19 2 -4.0 -4.0 -0.635 -0.733 -0.5149 -0.4836 12.25 
0.343 2 19 2 -4.0 -4.0 -0.643 -0.736 -0.5354 -0.5081 12.25 
0.344 2 19 2 -4.0 -4.0 -0.638 -0.714 -0.5354 -0.5213 12.26 
0.345 2 19 2 -4.0 -4.0 -0.566 -0.718 -0.5575 -0.5281 12.26 
0.346 2 19 2 -4.0 -4.0 -0.544 -0.721 -0.5904 -0.5575 12.26 
0.347 2 19 2 -4.0 -4.0 -0.558 -0.621 -0.5820 -0.5655 12.26 
0.348 2 19 2 -4.0 -4.0 -0.555 -0.600 -0.6273 -0.6085 12.26 
0.349 2 19 2 -4.0 -4.0 -0.554 -0.560 -0.6374 -0.5904 12.25 
0.350 2 19 2 -4.0 -4.0 -0.566 -0.530 -0.6583 -0.6374 12.26 
0.351 2 19 2 -4.0 -4.0 -0.507 -0.596 -0.6804 -0.6474 12.26 
0.352 2 19 2 -4.0 -4.0 -0.486 -0.559 -0.6583 -0.6374 12.26 
0.353 2 19 2 -4.0 -4.0 -0.451 -0.527 -0.6924 -0.6691 12.27 
0.354 2 19 2 -4.0 -4.0 -0.495 -0.505 -0.6924 -0.6474 12.27 
0.355 2 19 2 -4.0 -4.0 -0.419 -0.465 -0.7169 -0.6924 12.28 
0.356 2 19 2 -4.0 -4.0 -0.447 -0.476 -0.7302 -0.6691 12.28 
0.357 2 19 2 -4.0 -4.0 -0.433 -0.459 -0.7302 -0.7044 12.28 
0.358 2 19 2 -4.0 -4.0 -0.467 -0.441 -0.7575 -0.7302 12.27 
0.359 2 19 2 -4.0 -4.0 -0.523 -0.425 -0.7575 -0.7302 12.27 
0.360 2 19 2 -4.0 -4.0 -0.442 -0.459 -0.7723 -0.7434 12.27 
0.361 2 19 2 -4.0 -4.0 -0.404 -0.468 -0.7872 -0.7723 12.28 
0.362 2 19 2 -4.0 -4.0 -0.379 -0.436 -0.7872 -0.7302 12.28 
0.363 2 19 2 -4.0 -4.0 -0.424 -0.394 -0.8032 -0.7302 12.27 
0.364 2 19 2 -4.0 -4.0 -0.378 -0.388 -0.8032 -0.7723 12.28 
0.365 2 19 2 -4.0 -4.0 -0.369 -0.386 -0.8032 -0.7434 12.28 
0.366 2 19 2 -4.0 -4.0 -0.387 -0.437 -0.8366 -0.7872 12.28 
0.367 2 19 2 -4.0 -4.0 -0.419 -0.398 -0.8366 -0.7575 12.28 
0.368 2 19 2 -4.0 -4.0 -0.412 -0.411 -0.8366 -0.7872 12.28 
0.369 2 19 2 -4.0 -4.0 -0.364 -0.446 -0.8366 -0.8032 12.28 
0.370 2 19 2 -4.0 -4.0 -0.341 -0.470 -0.8727 -0.8032 12.28 
0.371 2 19 2 -4.0 -4.0 -0.318 -0.398 -0.8543 -0.7872 12.29 
0.372 2 19 2 -4.0 -4.0 -0.312 -0.408 -0.8727 -0.8032 12.29 
0.373 2 19 2 -4.0 -4.0 -0.298 -0.397 -0.8727 -0.7872 12.29 
0.374 2 19 2 -4.0 -4.0 -0.349 -0.379 -0.8924 -0.8366 12.29 
0.375 2 19 2 -4.0 -4.0 -0.354 -0.358 -0.8924 -0.8193 12.28 
0.376 2 19 2 -4.0 -4.0 -0.311 -0.355 -0.8543 -0.8543 12.29 
0.377 2 19 2 -4.0 -4.0 -0.286 -0.387 -0.8924 -0.8193 12.28 
0.378 2 19 2 -4.0 -4.0 -0.382 -0.346 -0.9125 -0.8727 12.28 
0.379 2 19 2 -4.0 -4.0 -0.351 -0.307 -0.9125 -0.8543 12.29 
0.380 2 19 2 -4.0 -4.0 -0.278 -0.337 -0.9125 -0.8924 12.29 
0.381 2 19 2 -4.0 -4.0 -0.273 -0.318 -0.9338 -0.8924 12.29 
0.382 2 19 2 -4.0 -4.0 -0.281 -0.280 -0.9338 -0.9125 12.29 
0.383 2 19 2 -4.0 -4.0 -0.304 -0.268 -0.9559 -0.8924 12.29 
0.384 2 19 2 -4.0 -4.0 -0.288 -0.341 -0.9338 -0.9125 12.30 
0.385 2 19 2 -4.0 -4.0 -0.300 -0.342 -0.9559 -0.8543 12.30 
0.386 2 19 2 -4.0 -4.0 -0.284 -0.308 -0.9559 -0.8366 12.29 
0.387 2 19 2 -4.0 -4.0 -0.319 -0.274 -0.9559 -0.8924 12.29 
0.388 2 19 2 -4.0 -4.0 -0.343 -0.279 -0.9559 -0.8924 12.29 
0.389 2 19 2 -4.0 -4.0 -0.309 -0.282 -0.9796 -0.9338 12.32 
0.390 2 19 2 -4.0 -4.0 -0.285 -0.257 -0.9796 -0.9125 12.30 
0.391 2 19 2 -4.0 -4.0 -0.245 -0.316 -0.9796 -0.9338 12.29 
0.392 2 19 2 -4.0 -4.0 -0.297 -0.332 -0.9559 -0.9338 12.29 
0.393 2 19 2 -4.0 -4.0 -0.259 -0.325 -0.9559 -0.8366 12.29 
0.394 2 19 2 -4.0 -4.0 -0.259 -0.288 -0.9796 -0.9338 12.29 
0.395 2 19 2 -4.0 -4.0 -0.263 -0.302 -0.9796 -0.9338 12.30 
0.396 2 19 2 -4.0 -4.0 -0.269 -0.279 -1.0041 -0.9559 12.30 
0.397 2 19 2 -4.0 -4.0 -0.262 -0.304 -0.9796 -0.9559 12.30 
0.398 2 19 2 -4.0 -4.0 -0.269 -0.344 -1.0041 -0.9796 12.30 
0.399 2 19 2 -4.0 -4.0 -0.279 -0.356 -1.0041 -0.9559 12.28 
0.400 2 19 2 -4.0 -4.0 -0.227 -0.339 -1.0041 -0.9559 12.30 
0.401 2 19 2 -4.0 -4.0 -0.220 -0.295 -1.0298 -0.9796 12.30 
0.402 2 19 2 -4.0 -4.0 -0.220 -0.316 -1.0298 -0.9559 12.28 
0.403 2 19 2 -4.0 -4.0 -0.271 -0.257 -1.0567 -0.9796 12.29 
0.404 2 19 2 -4.0 -4.0 -0.255 -0.234 -1.0298 -0.9796 12.30 
0.405 2 19 2 -4.0 -4.0 -0.227 -0.276 -1.0041 -1.0041 12.31 
0.406 2 19 2 -4.0 -4.0 -0.230 -0.287 -1.0298 -0.9796 12.29 
0.407 2 19 2 -4.0 -4.0 -0.202 -0.267 -1.0298 -0.9796 12.29 
0.408 2 19 2 -4.0 -4.0 -0.227 -0.257 -1.0567 -1.0298 12.30 
0.409 2 19 2 -4.0 -4.0 -0.261 -0.268 -1.0567 -0.9796 12.30 
0.410 2 19 2 -4.0 -4.0 -0.246 -0.261 -1.0567 -0.8924 12.31 
0.411 2 19 2 -4.0 -4.0 -0.232 -0.254 -0.9796 -0.9796 12.31 
0.412 2 19 2 -4.0 -4.0 -0.239 -0.327 -1.0298 -0.9796 12.30 
0.413 2 19 2 -4.0 -4.0 -0.261 -0.323 -1.0298 -1.0041 12.31 
0.414 2 19 2 -4.0 -4.0 -0.227 -0.259 -1.0567 -0.9796 12.30 
0.415 2 19 2 -4.0 -4.0 -0.264 -0.272 -1.0567 -1.0041 12.29 
0.416 2 19 2 -4.0 -4.0 -0.218 -0.244 -1.0298 -1.0041 12.29 
0.417 2 19 2 -4.0 -4.0 -0.185 -0.223 -1.0567 -1.0041 12.29 
0.418 2 19 2 -4.0 -4.0 -0.176 -0.223 -1.0298 -1.0298 12.30 
0.419 2 19 2 -4.0 -4.0 -0.197 -0.280 -1.0567 -1.0041 12.30 
0.420 2 19 2 -4.0 -4.0 -0.199 -0.227 -1.0567 -1.0298 12.29 
0.421 2 19 2 -4.0 -4.0 -0.263 -0.194 -1.0567 -1.0298 12.30 
0.422 2 19 2 -4.0 -4.0 -0.264 -0.216 -1.0567 -1.0041 12.30 
0.423 2 19 2 -4.0 -4.0 -0.227 -0.242 -1.0567 -1.0041 12.29 
0.424 2 19 2 -4.0 -4.0 -0.232 -0.196 -1.0567 -1.0041 12.29 
0.425 2 19 2 -4.0 -4.0 -0.258 -0.257 -1.0567 -1.0567 12.31 
0.426 2 19 2 -4.0 -4.0 -0.250 -0.246 -1.0852 -1.0298 12.31 
0.427 2 19 2 -4.0 -4.0 -0.220 -0.240 -1.0852 -1.0041 12.30 
0.428 2 19 2 -4.0 -4.0 -0.219 -0.273 -1.0852 -1.0567 12.31 
0.429 2 19 2 -4.0 -4.0 -0.182 -0.268 -1.0852 -1.0298 12.31 
0.430 2 19 2 -4.0 -4.0 -0.170 -0.254 -1.0567 -1.0041 12.31 
0.431 2 19 2 -4.0 -4.0 -0.201 -0.223 -1.0567 -1.0041 12.30 
0.432 2 19 2 -4.0 -4.0 -0.217 -0.284 -1.0567 -1.0298 12.30 
0.433 2 19 2 -4.0 -4.0 -0.233 -0.228 -1.0852 -1.0298 12.31 
0.434 2 19 2 -4.0 -4.0 -0.252 -0.217 -1.0852 -1.0298 12.31 
0.435 2 19 2 -4.0 -4.0 -0.187 -0.200 -1.0567 -1.0298 12.31 
0.436 2 19 2 -4.0 -4.0 -0.234 -0.188 -1.0852 -1.0567 12.31 
0.437 2 19 2 -4.0 -4.0 -0.280 -0.161 -1.0852 -1.0298 12.31 
0.438 2 19 2 -4.0 -4.0 -0.220 -0.209 -1.0852 -1.0298 12.31 
0.439 2 19 2 -4.0 -4.0 -0.198 -0.223 -1.0852 -1.0567 12.31 
0.440 2 19 2 -4.0 -4.0 -0.204 -0.190 -1.0852 -1.0298 12.31 
0.441 2 19 2 -4.0 -4.0 -0.189 -0.209 -1.1153 -1.0567 12.31 
0.442 2 19 2 -4.0 -4.0 -0.162 -0.262 -1.0852 -1.0298 12.30 
0.443 2 19 2 -4.0 -4.0 -0.215 -0.256 -1.0852 -1.0298 12.30 
0.444 2 19 2 -4.0 -4.0 -0.227 -0.255 -1.0852 -1.0298 12.30 
0.445 2 19 2 -4.0 -4.0 -0.183 -0.294 -1.1153 -1.0567 12.31 
0.446 2 19 2 -4.0 -4.0 -0.214 -0.211 -1.1153 -1.0298 12.29 
0.447 2 19 2 -4.0 -4.0 -0.247 -0.189 -1.1153 -1.0567 12.31 
0.448 2 19 2 -4.0 -4.0 -0.210 -0.212 -1.1153 -1.0298 12.31 
0.449 2 19 2 -4.0 -4.0 -0.178 -0.192 -1.0852 -1.0298 12.31 
0.450 2 19 2 -4.0 -4.0 -0.183 -0.158 -1.0567 -1.0041 12.31 
0.451 2 19 2 -4.0 -4.0 -0.158 -0.222 -1.0852 -1.0298 12.31 
0.452 2 19 2 -4.0 -4.0 -0.207 -0.226 -1.0852 -1.0567 12.31 
0.453 2 19 3 0.0 0.0 -0.212 -0.206 -1.0567 -1.0298 12.31 
0.454 2 19 3 0.0 0.0 0.165 -0.121 -1.0852 -1.0298 12.32 
0.455 2 19 3 0.0 0.0 0.484 0.261 -1.0852 -1.0567 12.32 
0.456 2 19 3 0.0 0.0 0.609 0.613 -1.0567 -1.0041 12.33 
0.457 2 19 3 0.0 0.0 0.777 0.770 -1.0567 -1.0041 12.33 
0.458 2 19 3 0.0 0.0 0.880 0.723 -1.0041 -0.9125 12.33 
0.459 2 19 3 0.0 0.0 0.717 0.795 -0.9796 -0.9338 12.33 
0.460 2 19 3 0.0 0.0 0.801 0.819 -0.9559 -0.8543 12.33 
0.461 2 19 3 0.0 0.0 0.864 0.795 -0.9125 -0.8543 12.32 
0.462 2 19 3 0.0 0.0 0.698 0.724 -0.8543 -0.8032 12.33 
0.463 2 19 3 0.0 0.0 0.647 0.764 -0.8543 -0.8032 12.33 
0.464 2 19 3 0.0 0.0 0.712 0.798 -0.8032 -0.7575 12.33 
0.465 2 19 3 0.0 0.0 0.761 0.776 -0.7872 -0.7169 12.33 
0.466 2 19 3 0.0 0.0 0.743 0.641 -0.7302 -0.7169 12.33 
0.467 2 19 3 0.0 0.0 0.579 0.635 -0.7044 -0.6474 12.33 
0.468 2 19 3 0.0 0.0 0.598 0.667 -0.6804 -0.5820 12.34 
0.469 2 19 3 0.0 0.0 0.651 0.663 -0.6583 -0.6085 12.33 
0.470 2 19 3 0.0 0.0 0.696 0.606 -0.6474 -0.5992 12.33 
0.471 2 19 3 0.0 0.0 0.654 0.518 -0.5904 -0.5498 12.33 
0.472 2 19 3 0.0 0.0 0.476 0.496 -0.5735 -0.5498 12.33 
0.473 2 19 3 0.0 0.0 0.476 0.530 -0.5655 -0.5426 12.31 
0.474 2 19 3 0.0 0.0 0.509 0.537 -0.5281 -0.4836 12.32 
0.475 2 19 3 0.0 0.0 0.551 0.546 -0.5281 -0.4779 12.33 
0.476 2 19 3 0.0 0.0 0.541 0.504 -0.5081 -0.4510 12.33 
0.477 2 19 3 0.0 0.0 0.520 0.465 -0.4723 -0.4510 12.33 
0.478 2 19 3 0.0 0.0 0.408 0.363 -0.4615 -0.4016 12.33 
0.479 2 19 3 0.0 0.0 0.377 0.367 -0.4615 -0.4056 12.33 
0.480 2 19 3 0.0 0.0 0.404 0.382 -0.4462 -0.3751 12.33 
0.481 2 19 3 0.0 0.0 0.411 0.385 -0.3715 -0.3787 12.33 
0.482 2 19 3 0.0 0.0 0.421 0.404 -0.3823 -0.3317 12.34 
0.483 2 19 3 0.0 0.0 0.432 0.392 -0.3651 -0.3088 12.33 
0.484 2 19 3 0.0 0.0 0.407 0.354 -0.3462 -0.3265 12.33 
0.485 2 19 3 0.0 0.0 0.380 0.312 -0.3088 -0.2952 12.33 
0.486 2 19 3 0.0 0.0 0.341 0.281 -0.3088 -0.2952 12.34 
0.487 2 19 3 0.0 0.0 0.273 0.245 -0.3040 -0.3040 12.31 
0.488 2 19 3 0.0 0.0 0.237 0.227 -0.2952 -0.2446 12.32 
0.489 2 19 3 0.0 0.0 0.226 0.254 -0.2787 -0.2446 12.34 
0.490 2 19 3 0.0 0.0 0.229 0.260 -0.2787 -0.2590 12.33 
0.491 2 19 3 0.0 0.0 0.260 0.274 -0.2418 -0.2659 12.33 
0.492 2 19 3 0.0 0.0 0.259 0.263 -0.2418 -0.2659 12.33 
0.493 2 19 3 0.0 0.0 0.260 0.264 -0.2333 -0.2229 12.34 
0.494 2 19 3 0.0 0.0 0.263 0.247 -0.2333 -0.2229 12.33 
0.495 2 19 3 0.0 0.0 0.246 0.212 -0.2205 -0.1707 12.33 
0.496 2 19 3 0.0 0.0 0.240 0.204 -0.2193 -0.1707 12.33 
0.497 2 19 3 0.0 0.0 0.225 0.181 -0.1928 -0.1707 12.33 
0.498 2 19 3 0.0 0.0 0.216 0.174 -0.1928 -0.1707 12.33 
0.499 2 19 3 0.0 0.0 0.194 0.131 -0.1691 -0.1707 12.32 
0.500 2 19 3 0.0 0.0 0.160 0.136 -0.1691 -0.1619 12.33 
0.501 2 19 3 0.0 0.0 0.166 0.129 -0.1687 -0.1619 12.34 
0.502 2 19 3 0.0 0.0 0.141 0.114 -0.1578 -0.1619 12.33 
0.503 2 19 3 0.0 0.0 0.114 0.112 -0.1578 -0.1490 12.34 
0.504 2 19 3 0.0 0.0 0.139 0.097 -0.1414 -0.1490 12.32 
0.505 2 19 3 0.0 0.0 0.111 0.100 -0.1402 -0.1490 12.33 
0.506 2 19 3 0.0 0.0 0.104 0.105 -0.1402 -0.1104 12.33 
0.507 2 19 3 0.0 0.0 0.114 0.095 -0.1345 -0.1088 12.34 
0.508 2 19 3 0.0 0.0 0.110 0.096 -0.1189 -0.1088 12.34 
0.509 2 19 3 0.0 0.0 0.112 0.117 -0.1189 -0.1088 12.33 
0.510 2 19 3 0.0 0.0 0.106 0.118 -0.1189 -0.1016 12.32 
0.511 2 19 3 0.0 0.0 0.106 0.089 -0.1112 -0.0952 12.33 
0.512 2 19 3 0.0 0.0 0.098 0.093 -0.0932 -0.0952 12.33 
0.513 2 19 3 0.0 0.0 0.104 0.091 -0.0932 -0.0952 12.33 
0.514 2 19 3 0.0 0.0 0.072 0.082 -0.0932 -0.0952 12.34 
0.515 2 19 3 0.0 0.0 0.078 0.066 -0.0932 -0.0843 12.33 
0.516 2 19 3 0.0 0.0 0.069 0.059 -0.0932 -0.0699 12.34 
0.517 2 19 3 0.0 0.0 0.069 0.048 -0.0755 -0.0635 12.33 
0.518 2 19 3 0.0 0.0 0.069 0.048 -0.0635 -0.0635 12.33 
0.519 2 19 3 0.0 0.0 0.059 0.036 -0.0546 -0.0635 12.33 
0.520 2 19 3 0.0 0.0 0.062 0.027 -0.0518 -0.0635 12.33 
0.521 2 19 3 0.0 0.0 0.060 0.027 -0.0518 -0.0635 12.34 
0.522 2 19 3 0.0 0.0 0.059 0.028 -0.0518 -0.0635 12.34 
0.523 2 19 3 0.0 0.0 0.043 0.027 -0.0518 -0.0623 12.33 
0.524 2 19 3 0.0 0.0 0.054 0.033 -0.0518 -0.0538 12.33 
0.525 2 19 3 0.0 0.0 0.031 0.034 -0.0518 -0.0474 12.33 
0.526 2 19 3 0.0 0.0 0.029 0.023 -0.0518 -0.0422 12.34 
0.527 2 19 3 0.0 0.0 0.020 0.023 -0.0518 -0.0382 12.33 
0.528 2 19 3 0.0 0.0 0.009 0.010 -0.0466 -0.0349 12.34 
0.529 2 19 3 0.0 0.0 0.012 -0.001 -0.0418 -0.0321 12.34 
0.530 2 19 3 0.0 0.0 0.003 -0.002 -0.0378 -0.0297 12.33 
0.531 2 19 3 0.0 0.0 0.012 -0.002 -0.0345 -0.0277 12.34 
0.532 2 19 3 0.0 0.0 0.012 0.005 -0.0317 -0.0257 12.34 
0.533 2 19 3 0.0 0.0 0.019 -0.020 -0.0293 -0.0241 12.33 
0.534 2 19 3 0.0 0.0 0.006 -0.004 -0.0273 -0.0229 12.33 
0.535 2 19 3 0.0 0.0 0.008 -0.006 -0.0257 -0.0217 12.33 
0.536 2 19 3 0.0 0.0 0.002 0.004 -0.0241 -0.0205 12.34 
0.537 2 19 3 0.0 0.0 0.012 -0.019 -0.0225 -0.0193 12.34 
0.538 2 19 3 0.0 0.0 -0.011 -0.016 -0.0213 -0.0185 12.34 
0.539 2 19 3 0.0 0.0 -0.020 -0.016 -0.0205 -0.0177 12.34 
0.540 2 19 3 0.0 0.0 0.004 -0.021 -0.0193 -0.0169 12.33 
0.541 2 19 3 0.0 0.0 0.002 -0.018 -0.0185 -0.0161 12.33 
0.542 2 19 3 0.0 0.0 0.006 -0.004 -0.0177 -0.0157 12.34 
0.543 2 19 3 0.0 0.0 0.005 0.002 -0.0169 -0.0149 12.33 
0.544 2 19 3 0.0 0.0 -0.007 -0.015 -0.0161 -0.0145 12.33 
0.545 2 19 3 0.0 0.0 -0.002 -0.014 -0.0157 -0.0141 12.33 
0.546 2 19 3 0.0 0.0 -0.012 -0.012 -0.0149 -0.0133 12.34 
0.547 2 19 3 0.0 0.0 0.007 -0.006 -0.0145 -0.0129 12.33 
0.548 2 19 3 0.0 0.0 -0.001 0.001 -0.0141 -0.0125 12.34 
0.549 2 19 3 0.0 0.0 -0.004 0.015 -0.0133 -0.0120 12.34 
0.550 2 19 3 0.0 0.0 -0.000 -0.009 -0.0129 -0.0116 12.34 
0.551 2 19 3 0.0 0.0 -0.006 -0.014 -0.0125 -0.0116 12.34 
0.552 2 19 3 0.0 0.0 0.014 -0.005 -0.0120 -0.0112 12.34 
0.553 2 19 3 0.0 0.0 -0.003 0.007 -0.0116 -0.0108 12.35 
0.554 2 19 3 0.0 0.0 0.012 -0.000 -0.0112 -0.0104 12.34 
0.555 2 19 3 0.0 0.0 -0.013 -0.021 -0.0112 -0.0104 12.34 
0.556 2 19 3 0.0 0.0 0.001 -0.005 -0.0108 -0.0100 12.34 
0.557 2 19 3 0.0 0.0 0.006 -0.008 -0.0104 -0.0096 12.34 
0.558 2 19 3 0.0 0.0 0.012 -0.013 -0.0100 -0.0096 12.34 
0.559 2 19 3 0.0 0.0 0.025 -0.014 -0.0100 -0.0092 12.34 
0.560 2 19 3 0.0 0.0 -0.003 -0.004 -0.0096 -0.0092 12.34 
0.561 2 19 3 0.0 0.0 0.002 -0.016 -0.0096 -0.0088 12.34 
0.562 2 19 3 0.0 0.0 0.001 0.009 -0.0092 -0.0088 12.34 
0.563 2 19 3 0.0 0.0 -0.002 -0.002 -0.0088 -0.0084 12.34 
0.564 2 19 3 0.0 0.0 0.004 -0.007 -0.0088 -0.0084 12.34 
0.565 2 19 3 0.0 0.0 -0.007 -0.017 -0.0084 -0.0080 12.34 
0.566 2 19 3 0.0 0.0 -0.005 -0.010 -0.0084 -0.0080 12.34 
0.567 2 19 3 0.0 0.0 -0.005 -0.006 -0.0084 -0.0076 12.34 
0.568 2 19 3 0.0 0.0 0.013 0.006 -0.0080 -0.0076 12.34 
0.569 2 19 3 0.0 0.0 0.002 -0.004 -0.0080 -0.0076 12.34 
0.570 2 19 3 0.0 0.0 0.004 0.002 -0.0076 -0.0072 12.34 
0.571 2 19 3 0.0 0.0 -0.002 -0.006 -0.0076 -0.0072 12.34 
0.572 2 19 3 0.0 0.0 -0.006 -0.012 -0.0076 -0.0072 12.34 
0.573 2 19 3 0.0 0.0 0.006 -0.015 -0.0072 -0.0068 12.34 
0.574 2 19 3 0.0 0.0 0.024 0.014 -0.0072 -0.0068 12.34 
0.575 2 19 3 0.0 0.0 -0.005 0.005 -0.0068 -0.0068 12.34 
0.576 2 19 3 0.0 0.0 0.001 0.001 -0.0068 -0.0064 12.34 
0.577 2 19 3 0.0 0.0 0.005 -0.004 -0.0068 -0.0064 12.34 
0.578 2 19 3 0.0 0.0 -0.000 -0.001 -0.0068 -0.0064 12.34 
0.579 2 19 3 0.0 0.0 0.007 -0.005 -0.0064 -0.0064 12.34 
0.580 2 19 3 0.0 0.0 0.001 -0.014 -0.0064 -0.0060 12.34 
0.581 2 19 3 0.0 0.0 0.007 -0.006 -0.0064 -0.0060 12.34 
0.582 2 19 3 0.0 0.0 0.004 -0.006 -0.0060 -0.0060 12.34 
0.583 2 19 3 0.0 0.0 0.001 -0.004 -0.0060 -0.0060 12.34 
0.584 2 19 3 0.0 0.0 0.001 0.010 -0.0060 -0.0056 12.34 
0.585 2 19 3 0.0 0.0 0.012 -0.006 -0.0060 -0.0056 12.34 
0.586 2 19 3 0.0 0.0 0.012 -0.000 -0.0060 -0.0056 12.33 
0.587 2 19 3 0.0 0.0 0.008 -0.002 -0.0056 -0.0056 12.33 
0.588 2 19 3 0.0 0.0 0.005 -0.000 -0.0056 -0.0052 12.34 
0.589 2 19 3 0.0 0.0 -0.010 -0.007 -0.0056 -0.0052 12.34 
0.590 2 19 3 0.0 0.0 0.001 -0.017 -0.0056 -0.0052 12.34 
0.591 2 19 3 0.0 0.0 0.005 0.002 -0.0052 -0.0052 12.34 
0.592 2 19 3 0.0 0.0 -0.000 -0.000 -0.0052 -0.0052 12.34 
0.593 2 19 3 0.0 0.0 0.007 -0.015 -0.0052 -0.0052 12.34 
0.594 2 19 3 0.0 0.0 0.001 -0.013 -0.0052 -0.0048 12.34 
0.595 2 19 3 0.0 0.0 0.006 -0.010 -0.0052 -0.0048 12.34 
0.596 2 19 3 0.0 0.0 0.004 0.002 -0.0052 -0.0048 12.34 
0.597 2 19 3 0.0 0.0 0.005 -0.000 -0.0048 -0.0048 12.34 
0.598 2 19 3 0.0 0.0 0.006 0.013 -0.0048 -0.0048 12.34 
0.599 2 19 3 0.0 0.0 0.006 0.002 -0.0048 -0.0048 12.34 
0.600 2 19 3 0.0 0.0 0.016 -0.026 -0.0048 -0.0044 12.34 
0.601 2 19 3 0.0 0.0 0.020 0.024 -0.0048 -0.0044 12.34 
0.602 2 19 3 0.0 0.0 0.011 0.009 -0.0048 -0.0044 12.34 
0.603 2 19 3 0.0 0.0 0.008 -0.008 -0.0044 -0.0044 12.34 
0.604 2 19 3 0.0 0.0 -0.003 -0.014 -0.0044 -0.0044 12.34 
0.605 2 19 3 0.0 0.0 0.005 -0.000 -0.0044 -0.0044 12.34 
0.606 2 19 3 0.0 0.0 0.032 -0.042 -0.0044 -0.0044 12.32 
0.607 2 19 3 0.0 0.0 0.006 -0.017 -0.0044 -0.0044 12.33 
0.608 2 19 3 0.0 0.0 0.024 0.002 -0.0044 -0.0040 12.34 
0.609 2 19 3 0.0 0.0 0.023 -0.002 -0.0044 -0.0040 12.34 
0.610 2 19 3 0.0 0.0 0.009 -0.007 -0.0044 -0.0040 12.34 
0.611 2 19 3 0.0 0.0 0.007 0.008 -0.0040 -0.0040 12.34 
0.612 2 19 3 0.0 0.0 0.005 0.002 -0.0040 -0.0040 12.34 
0.613 2 19 3 0.0 0.0 0.002 -0.020 -0.0040 -0.0040 12.34 
0.614 2 19 3 0.0 0.0 -0.000 0.002 -0.0040 -0.0040 12.34 
0.615 2 19 3 0.0 0.0 0.005 0.009 -0.0040 -0.0040 12.34 
0.616 2 19 3 0.0 0.0 0.017 -0.013 -0.0040 -0.0040 12.34 
0.617 2 19 3 0.0 0.0 0.012 -0.018 -0.0040 -0.0036 12.34 
0.618 2 19 3 0.0 0.0 -0.010 -0.018 -0.0040 -0.0036 12.34 
0.619 2 19 3 0.0 0.0 0.015 -0.010 -0.0040 -0.0036 12.34 
0.620 2 19 3 0.0 0.0 0.006 -0.024 -0.0036 -0.0036 12.33 
0.621 2 19 3 0.0 0.0 -0.004 -0.011 -0.0036 -0.0036 12.34 
0.622 2 19 3 0.0 0.0 0.003 -0.017 -0.0036 -0.0036 12.34 
0.623 2 19 3 0.0 0.0 -0.006 -0.010 -0.0036 -0.0036 12.34 
0.624 2 19 3 0.0 0.0 -0.004 -0.016 -0.0036 -0.0036 12.34 
0.625 2 19 3 0.0 0.0 0.004 -0.014 -0.0036 -0.0036 12.34 
0.626 2 19 3 0.0 0.0 -0.011 -0.026 -0.0036 -0.0036 12.34 
0.627 2 19 3 0.0 0.0 -0.001 -0.033 -0.0036 -0.0036 12.34 
0.628 2 19 3 0.0 0.0 0.017 0.022 -0.0036 -0.0032 12.34 
0.629 2 19 3 0.0 0.0 0.020 0.003 -0.0036 -0.0032 12.34 
0.630 2 19 3 0.0 0.0 0.005 -0.008 -0.0036 -0.0032 12.34 
0.631 2 19 3 0.0 0.0 -0.011 -0.008 -0.0032 -0.0032 12.34 
0.632 2 19 3 0.0 0.0 0.012 -0.003 -0.0032 -0.0032 12.34 
0.633 2 19 3 0.0 0.0 0.005 -0.006 -0.0032 -0.0032 12.34 
0.634 2 19 3 0.0 0.0 0.013 -0.006 -0.0032 -0.0032 12.32 
0.635 2 19 3 0.0 0.0 0.001 0.004 -0.0032 -0.0032 12.33 
0.636 2 19 3 0.0 0.0 -0.008 -0.025 -0.0032 -0.0032 12.34 
0.637 2 19 3 0.0 0.0 0.007 0.003 -0.0032 -0.0032 12.34 
0.638 2 19 3 0.0 0.0 0.013 -0.020 -0.0032 -0.0032 12.34 
0.639 2 19 3 0.0 0.0 0.012 -0.006 -0.0032 -0.0032 12.34 
0.640 2 19 3 0.0 0.0 0.004 0.011 -0.0032 -0.0032 12.34 
0.641 2 19 3 0.0 0.0 0.005 -0.010 -0.0032 -0.0032 12.34 
0.642 2 19 3 0.0 0.0 0.024 0.001 -0.0032 -0.0028 12.34 
0.643 2 19 3 0.0 0.0 0.020 -0.014 -0.0032 -0.0028 12.34 
0.644 2 19 3 0.0 0.0 0.008 -0.027 -0.0032 -0.0028 12.34 
0.645 2 19 3 0.0 0.0 0.001 -0.016 -0.0028 -0.0028 12.34 
0.646 2 19 3 0.0 0.0 0.001 -0.011 -0.0028 -0.0028 12.34 
0.647 2 19 3 0.0 0.0 0.021 -0.012 -0.0028 -0.0028 12.34 
0.648 2 19 3 0.0 0.0 0.009 -0.001 -0.0028 -0.0028 12.34 
0.649 2 19 3 0.0 0.0 0.012 -0.004 -0.0028 -0.0028 12.34 
0.650 2 19 3 0.0 0.0 0.009 -0.021 -0.0028 -0.0028 12.34 
0.651 2 19 3 0.0 0.0 0.004 -0.022 -0.0028 -0.0028 12.34 
0.652 2 19 3 0.0 0.0 -0.001 -0.013 -0.0028 -0.0028 12.34 
0.653 2 19 3 0.0 0.0 -0.002 -0.007 -0.0028 -0.0028 12.34 
0.654 2 19 3 0.0 0.0 -0.007 0.002 -0.0028 -0.0028 12.34 
0.655 2 19 3 0.0 0.0 0.006 -0.000 -0.0028 -0.0028 12.34 
0.656 2 19 3 0.0 0.0 0.014 -0.009 -0.0028 -0.0028 12.34 
0.657 2 19 3 0.0 0.0 0.013 -0.024 -0.0028 -0.0028 12.34 
0.658 2 19 3 0.0 0.0 0.014 -0.014 -0.0028 -0.0028 12.34 
0.659 2 19 3 0.0 0.0 0.009 -0.024 -0.0028 -0.0028 12.34 
0.660 2 19 3 0.0 0.0 -0.001 -0.019 -0.0028 -0.0024 12.32 
0.661 2 19 3 0.0 0.0 0.001 -0.002 -0.0028 -0.0024 12.34 
0.662 2 19 3 0.0 0.0 0.009 -0.013 -0.0028 -0.0024 12.34 
0.663 2 19 3 0.0 0.0 0.016 -0.030 -0.0024 -0.0024 12.34 
0.664 2 19 3 0.0 0.0 0.009 -0.014 -0.0024 -0.0024 12.34 
0.665 2 19 3 0.0 0.0 -0.004 -0.014 -0.0024 -0.0024 12.34 
