%% logfile from robot Luna (44)
% Luna (44)
%  1    time 0.000 sec
%  2  3  4   (mission 0), state 2, thread 2, line 0
%  5  6 Motor voltage [V] left, right: 2.0 2.0
%  7  8 Motor current left, right [A]: 0.005 0.005
%  9 10 Wheel velocity [m/s] left, right: 0.0000 0.0000
% 11    Battery voltage [V]: 12.17
0.001 2 2 0 2.0 2.0 0.101 0.041 0.0000 0.0000 12.16 
0.002 2 2 0 2.0 2.0 0.262 0.258 0.0000 0.0000 12.12 
0.003 2 2 0 2.0 2.0 0.303 0.436 0.0000 0.0000 12.13 
0.004 2 2 0 2.0 2.0 0.334 0.544 0.0000 0.0000 12.12 
0.005 2 2 0 2.0 2.0 0.422 0.598 0.0000 0.0000 12.13 
0.006 2 2 0 2.0 2.0 0.431 0.587 0.0000 0.0000 12.14 
0.007 2 2 0 2.0 2.0 0.427 0.539 0.0000 0.0000 12.14 
0.008 2 2 0 2.0 2.0 0.428 0.517 0.0000 0.0000 12.15 
0.009 2 2 0 2.0 2.0 0.422 0.488 0.0000 0.0000 12.13 
0.010 2 2 0 2.0 2.0 0.483 0.479 0.0000 0.0606 12.12 
0.011 2 2 0 2.0 2.0 0.417 0.466 0.0000 0.0606 12.14 
0.012 2 2 0 2.0 2.0 0.388 0.436 0.0000 0.0606 12.13 
0.013 2 2 0 2.0 2.0 0.466 0.434 0.0851 0.0606 12.14 
0.014 2 2 0 2.0 2.0 0.399 0.425 0.0851 0.1161 12.13 
0.015 2 2 0 2.0 2.0 0.388 0.393 0.0851 0.1161 12.13 
0.016 2 2 0 2.0 2.0 0.376 0.368 0.0851 0.1382 12.12 
0.017 2 2 0 2.0 2.0 0.405 0.380 0.1169 0.1382 12.13 
0.018 2 2 0 2.0 2.0 0.387 0.355 0.1169 0.1382 12.13 
0.019 2 2 0 2.0 2.0 0.409 0.345 0.1169 0.1759 12.12 
0.020 2 2 0 2.0 2.0 0.391 0.345 0.1462 0.1759 12.12 
0.021 2 2 0 2.0 2.0 0.376 0.352 0.1462 0.1799 12.13 
0.022 2 2 0 2.0 2.0 0.325 0.331 0.1679 0.1799 12.14 
0.023 2 2 0 2.0 2.0 0.359 0.328 0.1679 0.2217 12.14 
0.024 2 2 0 2.0 2.0 0.339 0.317 0.1976 0.2217 12.14 
0.025 2 2 0 2.0 2.0 0.366 0.321 0.1976 0.2305 12.14 
0.026 2 2 0 2.0 2.0 0.338 0.271 0.2133 0.2522 12.13 
0.027 2 2 0 2.0 2.0 0.256 0.231 0.2133 0.2522 12.14 
0.028 2 2 0 2.0 2.0 0.286 0.249 0.2345 0.2345 12.13 
0.029 2 2 0 2.0 2.0 0.255 0.269 0.2362 0.2639 12.13 
0.030 2 2 0 2.0 2.0 0.230 0.283 0.2362 0.2639 12.15 
0.031 2 2 0 2.0 2.0 0.263 0.284 0.2362 0.2554 12.14 
0.032 2 2 0 2.0 2.0 0.265 0.295 0.2362 0.2827 12.14 
0.033 2 2 0 2.0 2.0 0.273 0.269 0.2554 0.2827 12.14 
0.034 2 2 0 2.0 2.0 0.270 0.270 0.2908 0.2787 12.11 
0.035 2 2 0 2.0 2.0 0.249 0.284 0.2711 0.3040 12.11 
0.036 2 2 0 2.0 2.0 0.211 0.255 0.2675 0.2888 12.14 
0.037 2 2 0 2.0 2.0 0.220 0.293 0.2607 0.2888 12.13 
0.038 2 2 0 2.0 2.0 0.217 0.288 0.2888 0.3237 12.14 
0.039 2 2 0 2.0 2.0 0.179 0.271 0.2888 0.3016 12.14 
0.040 2 2 0 2.0 2.0 0.217 0.258 0.2972 0.3374 12.15 
0.041 2 2 0 2.0 2.0 0.240 0.248 0.2952 0.3374 12.14 
0.042 2 2 0 2.0 2.0 0.266 0.242 0.3213 0.3374 12.14 
0.043 2 2 0 2.0 2.0 0.246 0.204 0.3213 0.3402 12.14 
0.044 2 2 0 2.0 2.0 0.281 0.196 0.3113 0.3016 12.13 
0.045 2 2 0 2.0 2.0 0.247 0.216 0.3185 0.3615 12.14 
0.046 2 2 0 2.0 2.0 0.228 0.223 0.3161 0.3683 12.15 
0.047 2 2 0 2.0 2.0 0.238 0.240 0.3462 0.3683 12.13 
0.048 2 2 0 2.0 2.0 0.211 0.216 0.3462 0.3137 12.11 
0.049 2 2 0 2.0 2.0 0.236 0.209 0.3402 0.2996 12.12 
0.050 2 2 0 2.0 2.0 0.228 0.210 0.3490 0.3751 12.13 
0.051 2 2 0 2.0 2.0 0.175 0.184 0.3430 0.3615 12.13 
0.052 2 2 0 2.0 2.0 0.215 0.208 0.3430 0.3823 12.13 
0.053 2 2 0 2.0 2.0 0.207 0.197 0.3582 0.3751 12.15 
0.054 2 2 0 2.0 2.0 0.191 0.197 0.3787 0.3976 12.14 
0.055 2 2 0 2.0 2.0 0.182 0.215 0.3582 0.4016 12.14 
0.056 2 2 0 2.0 2.0 0.127 0.201 0.3715 0.4056 12.14 
0.057 2 2 0 2.0 2.0 0.098 0.208 0.3715 0.3651 12.12 
0.058 2 2 0 2.0 2.0 0.125 0.199 0.3751 0.3896 12.15 
0.059 2 2 0 2.0 2.0 0.138 0.184 0.3787 0.3715 12.16 
0.060 2 2 0 2.0 2.0 0.167 0.174 0.3715 0.3936 12.13 
0.061 2 2 0 2.0 2.0 0.225 0.156 0.3787 0.4016 12.12 
0.062 2 2 0 2.0 2.0 0.197 0.170 0.3823 0.4137 12.13 
0.063 2 2 0 2.0 2.0 0.228 0.166 0.3823 0.3751 12.13 
0.064 2 2 0 2.0 2.0 0.183 0.176 0.3751 0.4016 12.16 
0.065 2 2 0 2.0 2.0 0.153 0.156 0.3976 0.4016 12.13 
0.066 2 2 0 2.0 2.0 0.183 0.166 0.3976 0.4137 12.14 
0.067 2 2 0 2.0 2.0 0.194 0.189 0.4016 0.4097 12.15 
0.068 2 2 0 2.0 2.0 0.196 0.160 0.3936 0.4225 12.14 
0.069 2 2 0 2.0 2.0 0.179 0.158 0.4097 0.4181 12.15 
0.070 2 2 0 2.0 2.0 0.160 0.166 0.4097 0.4317 12.15 
0.071 2 2 0 2.0 2.0 0.167 0.166 0.3896 0.4269 12.15 
0.072 2 2 0 2.0 2.0 0.149 0.208 0.3976 0.4362 12.15 
0.073 2 2 0 2.0 2.0 0.125 0.182 0.4137 0.4462 12.17 
0.074 2 2 0 2.0 2.0 0.128 0.162 0.4137 0.4362 12.14 
0.075 2 2 0 2.0 2.0 0.192 0.149 0.4137 0.4462 12.16 
0.076 2 2 0 2.0 2.0 0.157 0.151 0.4137 0.4269 12.15 
0.077 2 2 0 2.0 2.0 0.152 0.149 0.4269 0.4462 12.14 
0.078 2 2 0 2.0 2.0 0.172 0.157 0.4269 0.4462 12.15 
0.079 2 2 0 2.0 2.0 0.113 0.126 0.4225 0.4562 12.14 
0.080 2 2 0 2.0 2.0 0.118 0.131 0.4317 0.4410 12.13 
0.081 2 2 0 2.0 2.0 0.160 0.136 0.4362 0.4510 12.14 
0.082 2 2 0 2.0 2.0 0.149 0.127 0.4410 0.4510 12.13 
0.083 2 2 0 2.0 2.0 0.170 0.144 0.4317 0.4510 12.13 
0.084 2 2 0 2.0 2.0 0.165 0.145 0.4269 0.4615 12.13 
0.085 2 2 0 2.0 2.0 0.147 0.157 0.4317 0.4462 12.14 
0.086 2 2 0 2.0 2.0 0.147 0.140 0.4562 0.4615 12.14 
0.087 2 2 0 2.0 2.0 0.139 0.152 0.4410 0.4510 12.16 
0.088 2 2 0 2.0 2.0 0.120 0.132 0.4016 0.4615 12.15 
0.089 2 2 0 2.0 2.0 0.118 0.110 0.4181 0.4723 12.15 
0.090 2 2 0 2.0 2.0 0.170 0.125 0.4269 0.4410 12.15 
0.091 2 2 0 2.0 2.0 0.147 0.133 0.4462 0.4615 12.17 
0.092 2 2 0 2.0 2.0 0.179 0.133 0.4462 0.4723 12.17 
0.093 2 2 0 2.0 2.0 0.186 0.166 0.4462 0.4836 12.15 
0.094 2 2 0 2.0 2.0 0.179 0.125 0.4410 0.3936 12.16 
0.095 2 2 0 2.0 2.0 0.126 0.125 0.4562 0.4362 12.13 
0.096 2 2 0 2.0 2.0 0.137 0.125 0.4562 0.4723 12.16 
0.097 2 2 0 2.0 2.0 0.148 0.105 0.4615 0.4723 12.16 
0.098 2 2 0 2.0 2.0 0.123 0.136 0.4562 0.4836 12.18 
0.099 2 2 0 2.0 2.0 0.156 0.124 0.4562 0.4896 12.15 
0.100 2 2 0 2.0 2.0 0.110 0.122 0.4723 0.4779 12.14 
0.101 2 2 0 2.0 2.0 0.124 0.143 0.4615 0.4836 12.14 
0.102 2 2 0 2.0 2.0 0.119 0.136 0.4615 0.4667 12.12 
0.103 2 2 0 2.0 2.0 0.105 0.135 0.4667 0.4836 12.15 
0.104 2 2 0 2.0 2.0 0.118 0.117 0.4667 0.4896 12.15 
0.105 2 2 0 2.0 2.0 0.142 0.121 0.4615 0.4956 12.15 
0.106 2 2 0 2.0 2.0 0.147 0.141 0.4667 0.4896 12.14 
0.107 2 2 0 2.0 2.0 0.099 0.115 0.4667 0.4836 12.16 
0.108 2 2 0 2.0 2.0 0.091 0.121 0.4615 0.4956 12.17 
0.109 2 2 0 2.0 2.0 0.118 0.106 0.4896 0.4836 12.18 
0.110 2 2 0 2.0 2.0 0.153 0.107 0.4836 0.4779 12.18 
0.111 2 2 0 2.0 2.0 0.118 0.098 0.4779 0.4956 12.15 
0.112 2 2 0 2.0 2.0 0.163 0.114 0.4896 0.4896 12.15 
0.113 2 2 0 2.0 2.0 0.127 0.163 0.4836 0.5020 12.14 
0.114 2 2 0 2.0 2.0 0.134 0.119 0.4723 0.4956 12.13 
0.115 2 2 0 2.0 2.0 0.156 0.110 0.4723 0.4896 12.15 
0.116 2 2 0 2.0 2.0 0.093 0.104 0.4836 0.5020 12.17 
0.117 2 2 0 2.0 2.0 0.138 0.086 0.4836 0.4836 12.17 
0.118 2 2 0 2.0 2.0 0.100 0.094 0.4779 0.5020 12.20 
0.119 2 2 0 2.0 2.0 0.137 0.122 0.4836 0.5081 12.16 
0.120 2 2 0 2.0 2.0 0.110 0.093 0.4836 0.4896 12.16 
0.121 2 2 0 2.0 2.0 0.087 0.101 0.4779 0.5081 12.17 
0.122 2 2 0 2.0 2.0 0.095 0.106 0.4779 0.4956 12.16 
0.123 2 2 0 2.0 2.0 0.076 0.073 0.4836 0.5020 12.16 
0.124 2 2 0 2.0 2.0 0.095 0.089 0.4896 0.5149 12.16 
0.125 2 2 0 2.0 2.0 0.105 0.092 0.4779 0.4956 12.15 
0.126 2 2 0 2.0 2.0 0.109 0.140 0.4667 0.5081 12.18 
0.127 2 2 0 2.0 2.0 0.099 0.122 0.5020 0.5081 12.17 
0.128 2 2 0 2.0 2.0 0.121 0.119 0.4896 0.5149 12.18 
0.129 2 2 0 2.0 2.0 0.112 0.106 0.4667 0.5213 12.15 
0.130 2 2 0 2.0 2.0 0.089 0.103 0.4723 0.4836 12.14 
0.131 2 2 0 2.0 2.0 0.115 0.090 0.4779 0.5213 12.15 
0.132 2 2 0 2.0 2.0 0.114 0.117 0.4956 0.5281 12.15 
0.133 2 2 0 2.0 2.0 0.133 0.131 0.4956 0.4723 12.15 
0.134 2 2 0 2.0 2.0 0.086 0.102 0.4896 0.5020 12.16 
0.135 2 2 0 2.0 2.0 0.122 0.108 0.4836 0.5149 12.16 
0.136 2 2 0 2.0 2.0 0.137 0.107 0.4956 0.5149 12.16 
0.137 2 2 0 2.0 2.0 0.156 0.106 0.4956 0.5281 12.14 
0.138 2 2 0 2.0 2.0 0.140 0.114 0.4896 0.5281 12.16 
0.139 2 2 0 2.0 2.0 0.073 0.109 0.4836 0.5020 12.15 
0.140 2 2 0 2.0 2.0 0.067 0.127 0.4896 0.5213 12.15 
0.141 2 2 0 2.0 2.0 0.092 0.097 0.4896 0.5020 12.16 
0.142 2 2 0 2.0 2.0 0.073 0.078 0.4956 0.5149 12.17 
0.143 2 2 0 2.0 2.0 0.057 0.079 0.4956 0.5213 12.16 
0.144 2 2 0 2.0 2.0 0.092 0.086 0.4956 0.5020 12.15 
0.145 2 2 0 2.0 2.0 0.105 0.090 0.4896 0.5149 12.16 
0.146 2 2 0 2.0 2.0 0.133 0.096 0.4956 0.5213 12.17 
0.147 2 2 0 2.0 2.0 0.095 0.102 0.4956 0.5149 12.16 
0.148 2 2 0 2.0 2.0 0.092 0.084 0.4896 0.5213 12.17 
0.149 2 2 0 2.0 2.0 0.116 0.076 0.5149 0.5081 12.16 
0.150 2 2 0 2.0 2.0 0.099 0.083 0.5081 0.5149 12.17 
0.151 2 2 0 2.0 2.0 0.124 0.130 0.5020 0.5281 12.15 
0.152 2 2 0 2.0 2.0 0.072 0.132 0.5149 0.5149 12.15 
0.153 2 2 0 2.0 2.0 0.060 0.105 0.5081 0.5149 12.16 
0.154 2 2 0 2.0 2.0 0.088 0.095 0.4956 0.5213 12.16 
0.155 2 2 0 2.0 2.0 0.110 0.082 0.5081 0.5020 12.15 
0.156 2 2 0 2.0 2.0 0.125 0.104 0.5081 0.5213 12.15 
0.157 2 2 0 2.0 2.0 0.141 0.112 0.5020 0.5281 12.16 
0.158 2 2 0 2.0 2.0 0.133 0.072 0.5081 0.5149 12.16 
0.159 2 2 0 2.0 2.0 0.111 0.083 0.5081 0.5281 12.17 
0.160 2 2 0 2.0 2.0 0.113 0.075 0.5081 0.5281 12.15 
0.161 2 2 0 2.0 2.0 0.108 0.086 0.5020 0.5213 12.18 
0.162 2 2 0 2.0 2.0 0.086 0.090 0.5081 0.5354 12.17 
0.163 2 2 0 2.0 2.0 0.079 0.108 0.5081 0.5281 12.15 
0.164 2 2 0 2.0 2.0 0.089 0.117 0.5020 0.5149 12.15 
0.165 2 2 0 2.0 2.0 0.080 0.123 0.4956 0.5281 12.15 
0.166 2 2 0 2.0 2.0 0.059 0.096 0.5281 0.5426 12.15 
0.167 2 2 0 2.0 2.0 0.068 0.095 0.5081 0.5020 12.16 
0.168 2 2 0 2.0 2.0 0.072 0.102 0.4896 0.5213 12.16 
0.169 2 2 0 2.0 2.0 0.088 0.078 0.5020 0.5354 12.16 
0.170 2 2 0 2.0 2.0 0.101 0.081 0.4956 0.4896 12.17 
0.171 2 2 0 2.0 2.0 0.136 0.096 0.5149 0.5213 12.17 
0.172 2 2 0 2.0 2.0 0.118 0.075 0.5081 0.5213 12.16 
0.173 2 2 0 2.0 2.0 0.124 0.057 0.5081 0.5281 12.17 
0.174 2 2 0 2.0 2.0 0.095 0.059 0.5149 0.5354 12.18 
0.175 2 2 0 2.0 2.0 0.084 0.074 0.5149 0.5426 12.16 
0.176 2 2 0 2.0 2.0 0.124 0.080 0.5213 0.5020 12.17 
0.177 2 2 0 2.0 2.0 0.066 0.114 0.5149 0.5281 12.15 
0.178 2 2 0 2.0 2.0 0.087 0.113 0.5081 0.5081 12.16 
0.179 2 2 0 2.0 2.0 0.107 0.089 0.5213 0.5281 12.16 
0.180 2 2 0 2.0 2.0 0.058 0.089 0.5081 0.5354 12.15 
0.181 2 2 0 2.0 2.0 0.073 0.109 0.5149 0.5149 12.17 
0.182 2 2 0 2.0 2.0 0.091 0.135 0.5149 0.5354 12.17 
0.183 2 2 0 2.0 2.0 0.148 0.118 0.5081 0.5426 12.17 
0.184 2 2 0 2.0 2.0 0.171 0.094 0.5081 0.5281 12.16 
0.185 2 2 0 2.0 2.0 0.103 0.073 0.5149 0.5354 12.16 
0.186 2 2 0 2.0 2.0 0.076 0.056 0.5081 0.5426 12.16 
0.187 2 2 0 2.0 2.0 0.104 0.077 0.5354 0.5354 12.16 
0.188 2 2 0 2.0 2.0 0.103 0.112 0.5213 0.5426 12.16 
0.189 2 2 0 2.0 2.0 0.117 0.110 0.5149 0.5498 12.16 
0.190 2 2 0 2.0 2.0 0.101 0.102 0.5281 0.5281 12.17 
0.191 2 2 0 2.0 2.0 0.083 0.047 0.5213 0.5426 12.18 
0.192 2 2 0 2.0 2.0 0.084 0.070 0.5081 0.5354 12.17 
0.193 2 2 0 2.0 2.0 0.087 0.097 0.5213 0.5354 12.18 
0.194 2 2 0 2.0 2.0 0.103 0.102 0.5149 0.5498 12.16 
0.195 2 2 0 2.0 2.0 0.118 0.084 0.5149 0.5426 12.17 
0.196 2 2 0 2.0 2.0 0.110 0.082 0.5213 0.5281 12.16 
0.197 2 2 0 2.0 2.0 0.132 0.075 0.5213 0.5426 12.16 
0.198 2 2 0 2.0 2.0 0.086 0.086 0.5149 0.5498 12.15 
0.199 2 2 0 2.0 2.0 0.111 0.068 0.5213 0.5281 12.18 
0.200 2 2 0 2.0 2.0 0.110 0.094 0.5213 0.5426 12.17 
0.201 2 2 1 4.0 4.0 0.132 0.086 0.5213 0.5426 12.17 
0.202 2 2 1 4.0 4.0 0.196 0.124 0.5149 0.5426 12.16 
0.203 2 2 1 4.0 4.0 0.393 0.284 0.5149 0.5498 12.16 
0.204 2 2 1 4.0 4.0 0.487 0.426 0.5498 0.5426 12.14 
0.205 2 2 1 4.0 4.0 0.495 0.517 0.5426 0.5655 12.14 
0.206 2 2 1 4.0 4.0 0.465 0.593 0.5498 0.5820 12.13 
0.207 2 2 1 4.0 4.0 0.471 0.520 0.5655 0.5735 12.14 
0.208 2 2 1 4.0 4.0 0.469 0.544 0.5904 0.5820 12.13 
0.209 2 2 1 4.0 4.0 0.506 0.540 0.5992 0.6177 12.13 
0.210 2 2 1 4.0 4.0 0.566 0.524 0.5992 0.6474 12.14 
0.211 2 2 1 4.0 4.0 0.571 0.509 0.6273 0.6583 12.14 
0.212 2 2 1 4.0 4.0 0.556 0.475 0.6474 0.6583 12.13 
0.213 2 2 1 4.0 4.0 0.540 0.476 0.6474 0.6374 12.12 
0.214 2 2 1 4.0 4.0 0.486 0.468 0.6583 0.6804 12.14 
0.215 2 2 1 4.0 4.0 0.468 0.463 0.6804 0.6691 12.14 
0.216 2 2 1 4.0 4.0 0.408 0.462 0.6924 0.6924 12.15 
0.217 2 2 1 4.0 4.0 0.361 0.443 0.7044 0.7169 12.12 
0.218 2 2 1 4.0 4.0 0.360 0.425 0.7044 0.7302 12.13 
0.219 2 2 1 4.0 4.0 0.387 0.406 0.7169 0.7434 12.13 
0.220 2 2 1 4.0 4.0 0.404 0.429 0.7575 0.7575 12.12 
0.221 2 2 1 4.0 4.0 0.420 0.434 0.7575 0.7723 12.14 
0.222 2 2 1 4.0 4.0 0.394 0.395 0.7872 0.7723 12.15 
0.223 2 2 1 4.0 4.0 0.384 0.395 0.7872 0.7872 12.15 
0.224 2 2 1 4.0 4.0 0.369 0.389 0.7575 0.8032 12.13 
0.225 2 2 1 4.0 4.0 0.405 0.366 0.7872 0.8032 12.14 
0.226 2 2 1 4.0 4.0 0.348 0.339 0.7723 0.7872 12.13 
0.227 2 2 1 4.0 4.0 0.410 0.345 0.8032 0.8193 12.14 
0.228 2 2 1 4.0 4.0 0.365 0.333 0.8032 0.8193 12.15 
0.229 2 2 1 4.0 4.0 0.308 0.358 0.8193 0.8193 12.13 
0.230 2 2 1 4.0 4.0 0.350 0.357 0.8193 0.8543 12.13 
0.231 2 2 1 4.0 4.0 0.323 0.332 0.8193 0.8193 12.14 
0.232 2 2 1 4.0 4.0 0.301 0.338 0.8543 0.8543 12.14 
0.233 2 2 1 4.0 4.0 0.246 0.322 0.8366 0.8193 12.13 
0.234 2 2 1 4.0 4.0 0.280 0.304 0.8543 0.8543 12.15 
0.235 2 2 1 4.0 4.0 0.318 0.296 0.8543 0.8924 12.14 
0.236 2 2 1 4.0 4.0 0.292 0.305 0.8727 0.8924 12.13 
0.237 2 2 1 4.0 4.0 0.358 0.316 0.8727 0.8924 12.15 
0.238 2 2 1 4.0 4.0 0.305 0.313 0.8727 0.9125 12.13 
0.239 2 2 1 4.0 4.0 0.275 0.304 0.9125 0.8924 12.15 
0.240 2 2 1 4.0 4.0 0.259 0.318 0.9125 0.9125 12.15 
0.241 2 2 1 4.0 4.0 0.259 0.270 0.9125 0.9338 12.14 
0.242 2 2 1 4.0 4.0 0.297 0.255 0.9125 0.9338 12.13 
0.243 2 2 1 4.0 4.0 0.319 0.277 0.9125 0.9559 12.16 
0.244 2 2 1 4.0 4.0 0.274 0.296 0.9338 0.9559 12.15 
0.245 2 2 1 4.0 4.0 0.275 0.258 0.9559 0.9338 12.16 
0.246 2 2 1 4.0 4.0 0.237 0.256 0.9338 0.9559 12.15 
0.247 2 2 1 4.0 4.0 0.209 0.246 0.9559 0.9559 12.15 
0.248 2 2 1 4.0 4.0 0.239 0.234 0.9559 0.9796 12.14 
0.249 2 2 1 4.0 4.0 0.243 0.233 0.9559 0.9796 12.14 
0.250 2 2 1 4.0 4.0 0.265 0.258 0.9559 0.9796 12.14 
0.251 2 2 1 4.0 4.0 0.274 0.250 0.9559 1.0041 12.15 
0.252 2 2 1 4.0 4.0 0.270 0.234 0.9559 0.9796 12.15 
0.253 2 2 1 4.0 4.0 0.229 0.232 0.9796 1.0041 12.14 
0.254 2 2 1 4.0 4.0 0.152 0.229 0.9559 0.9796 12.14 
0.255 2 2 1 4.0 4.0 0.177 0.227 0.9559 0.9796 12.14 
0.256 2 2 1 4.0 4.0 0.267 0.205 0.9796 1.0041 12.13 
0.257 2 2 1 4.0 4.0 0.231 0.223 1.0041 0.9796 12.13 
0.258 2 2 1 4.0 4.0 0.281 0.231 1.0041 0.9796 12.15 
0.259 2 2 1 4.0 4.0 0.187 0.181 1.0041 1.0041 12.16 
0.260 2 2 1 4.0 4.0 0.167 0.235 1.0298 1.0041 12.14 
0.261 2 2 1 4.0 4.0 0.193 0.236 1.0298 1.0298 12.14 
0.262 2 2 1 4.0 4.0 0.201 0.208 1.0298 1.0298 12.16 
0.263 2 2 1 4.0 4.0 0.205 0.208 1.0298 1.0298 12.13 
0.264 2 2 1 4.0 4.0 0.245 0.227 1.0567 1.0298 12.14 
0.265 2 2 1 4.0 4.0 0.210 0.211 1.0567 1.0041 12.15 
0.266 2 2 1 4.0 4.0 0.233 0.203 1.0298 1.0298 12.15 
0.267 2 2 1 4.0 4.0 0.222 0.192 1.0298 1.0567 12.15 
0.268 2 2 1 4.0 4.0 0.218 0.163 1.0298 1.0567 12.13 
0.269 2 2 1 4.0 4.0 0.224 0.151 1.0567 1.0567 12.15 
0.270 2 2 1 4.0 4.0 0.190 0.184 1.0567 1.0567 12.14 
0.271 2 2 1 4.0 4.0 0.228 0.178 1.0567 1.0567 12.15 
0.272 2 2 1 4.0 4.0 0.206 0.150 1.0567 1.0567 12.15 
0.273 2 2 1 4.0 4.0 0.137 0.214 1.0567 1.0041 12.15 
0.274 2 2 1 4.0 4.0 0.162 0.176 1.0567 1.0567 12.16 
0.275 2 2 1 4.0 4.0 0.195 0.169 1.0852 1.0852 12.16 
0.276 2 2 1 4.0 4.0 0.179 0.181 1.0852 1.0567 12.14 
0.277 2 2 1 4.0 4.0 0.247 0.193 1.0852 1.0298 12.14 
0.278 2 2 1 4.0 4.0 0.179 0.188 1.0852 1.0567 12.15 
0.279 2 2 1 4.0 4.0 0.163 0.208 1.0852 1.0567 12.15 
0.280 2 2 1 4.0 4.0 0.162 0.193 1.0852 1.0852 12.15 
0.281 2 2 1 4.0 4.0 0.165 0.153 1.0852 1.0852 12.14 
0.282 2 2 1 4.0 4.0 0.200 0.157 1.0852 1.0852 12.14 
0.283 2 2 1 4.0 4.0 0.158 0.182 1.1153 1.0852 12.14 
0.284 2 2 1 4.0 4.0 0.188 0.162 1.1153 1.0852 12.15 
0.285 2 2 1 4.0 4.0 0.139 0.170 1.0852 1.0852 12.14 
0.286 2 2 1 4.0 4.0 0.105 0.155 1.0852 1.0852 12.15 
0.287 2 2 1 4.0 4.0 0.158 0.140 1.1153 1.0852 12.14 
0.288 2 2 1 4.0 4.0 0.161 0.169 1.1153 1.0852 12.14 
0.289 2 2 1 4.0 4.0 0.125 0.185 1.1153 1.1153 12.12 
0.290 2 2 1 4.0 4.0 0.191 0.163 1.0852 1.0852 12.15 
0.291 2 2 1 4.0 4.0 0.168 0.166 1.1153 1.1153 12.15 
0.292 2 2 1 4.0 4.0 0.118 0.166 1.0852 1.0852 12.14 
0.293 2 2 1 4.0 4.0 0.221 0.148 1.0852 1.0852 12.14 
0.294 2 2 1 4.0 4.0 0.167 0.148 1.1153 1.1153 12.14 
0.295 2 2 1 4.0 4.0 0.167 0.168 1.1153 1.0298 12.15 
0.296 2 2 1 4.0 4.0 0.177 0.155 1.1153 1.1153 12.15 
0.297 2 2 1 4.0 4.0 0.176 0.148 1.1153 1.1153 12.15 
0.298 2 2 1 4.0 4.0 0.152 0.151 1.1153 1.0567 12.15 
0.299 2 2 1 4.0 4.0 0.170 0.148 1.1153 1.1153 12.14 
0.300 2 2 1 4.0 4.0 0.205 0.137 1.1153 1.1474 12.15 
0.301 2 2 1 4.0 4.0 0.155 0.186 1.1474 1.1153 12.14 
0.302 2 2 1 4.0 4.0 0.209 0.147 1.1474 1.1153 12.16 
0.303 2 2 1 4.0 4.0 0.205 0.143 1.1153 1.1153 12.14 
0.304 2 2 1 4.0 4.0 0.124 0.163 1.1153 1.1474 12.14 
0.305 2 2 1 4.0 4.0 0.156 0.149 1.1153 1.1474 12.15 
0.306 2 2 1 4.0 4.0 0.169 0.157 1.1474 1.1153 12.14 
0.307 2 2 1 4.0 4.0 0.160 0.161 1.1474 1.1153 12.15 
0.308 2 2 1 4.0 4.0 0.212 0.125 1.0567 1.1474 12.15 
0.309 2 2 1 4.0 4.0 0.118 0.130 1.1474 1.1474 12.16 
0.310 2 2 1 4.0 4.0 0.087 0.152 1.1153 1.1153 12.14 
0.311 2 2 1 4.0 4.0 0.148 0.114 1.1474 1.1474 12.16 
0.312 2 2 1 4.0 4.0 0.129 0.132 1.1474 1.0567 12.14 
0.313 2 2 1 4.0 4.0 0.139 0.151 1.1474 1.0852 12.14 
0.314 2 2 1 4.0 4.0 0.152 0.155 1.1474 1.1153 12.14 
0.315 2 2 1 4.0 4.0 0.125 0.174 1.1474 1.1153 12.14 
0.316 2 2 1 4.0 4.0 0.151 0.165 1.1474 1.1474 12.14 
0.317 2 2 1 4.0 4.0 0.140 0.130 1.1474 1.1474 12.14 
0.318 2 2 1 4.0 4.0 0.153 0.153 1.1474 1.1474 12.15 
0.319 2 2 1 4.0 4.0 0.123 0.159 1.1812 1.1474 12.14 
0.320 2 2 1 4.0 4.0 0.158 0.116 1.1812 1.1474 12.14 
0.321 2 2 1 4.0 4.0 0.158 0.154 1.1474 1.1474 12.14 
0.322 2 2 1 4.0 4.0 0.072 0.141 1.1474 1.1474 12.14 
0.323 2 2 1 4.0 4.0 0.154 0.089 1.1474 1.1153 12.14 
0.324 2 2 1 4.0 4.0 0.143 0.113 1.1474 1.1474 12.14 
0.325 2 2 1 4.0 4.0 0.158 0.149 1.1474 1.1474 12.14 
0.326 2 2 1 4.0 4.0 0.165 0.102 1.1153 1.1474 12.15 
0.327 2 2 1 4.0 4.0 0.091 0.135 1.1474 1.0852 12.15 
0.328 2 2 1 4.0 4.0 0.136 0.146 1.1153 1.1153 12.14 
0.329 2 2 1 4.0 4.0 0.152 0.122 1.1474 1.1474 12.14 
0.330 2 2 1 4.0 4.0 0.087 0.139 1.1474 1.1474 12.13 
0.331 2 2 1 4.0 4.0 0.170 0.130 1.1474 1.1474 12.15 
0.332 2 2 1 4.0 4.0 0.170 0.127 1.1474 1.1474 12.14 
0.333 2 2 1 4.0 4.0 0.080 0.135 1.1474 1.1474 12.14 
0.334 2 2 1 4.0 4.0 0.110 0.130 1.1474 1.1474 12.15 
0.335 2 2 1 4.0 4.0 0.187 0.085 1.1474 1.1812 12.15 
0.336 2 2 1 4.0 4.0 0.115 0.138 1.1812 1.0852 12.14 
0.337 2 2 1 4.0 4.0 0.180 0.117 1.1812 1.1474 12.14 
0.338 2 2 1 4.0 4.0 0.118 0.095 1.1812 1.1474 12.14 
0.339 2 2 1 4.0 4.0 0.086 0.128 1.1812 1.1474 12.16 
0.340 2 2 1 4.0 4.0 0.137 0.125 1.1812 1.1812 12.14 
0.341 2 2 1 4.0 4.0 0.167 0.137 1.1812 1.1474 12.14 
0.342 2 2 1 4.0 4.0 0.154 0.141 1.1474 1.1474 12.15 
0.343 2 2 1 4.0 4.0 0.148 0.117 1.1812 1.1812 12.15 
0.344 2 2 1 4.0 4.0 0.084 0.125 1.2169 1.1153 12.13 
0.345 2 2 1 4.0 4.0 0.101 0.124 1.1474 1.1474 12.12 
0.346 2 2 1 4.0 4.0 0.108 0.096 1.1812 1.1812 12.13 
0.347 2 2 1 4.0 4.0 0.111 0.115 1.1812 1.1474 12.13 
0.348 2 2 1 4.0 4.0 0.122 0.119 1.1812 1.1474 12.14 
0.349 2 2 1 4.0 4.0 0.142 0.112 1.1812 1.1474 12.15 
0.350 2 2 1 4.0 4.0 0.100 0.140 1.1812 1.1812 12.14 
0.351 2 2 1 4.0 4.0 0.129 0.112 1.1812 1.1474 12.14 
0.352 2 2 2 -4.0 -4.0 0.138 0.089 1.1812 1.1812 12.15 
0.353 2 2 2 -4.0 -4.0 -0.239 -0.014 1.1812 1.1812 12.13 
0.354 2 2 2 -4.0 -4.0 -1.037 -0.741 1.1812 1.1153 12.05 
0.355 2 2 2 -4.0 -4.0 -1.252 -1.379 1.1474 1.1153 12.04 
0.356 2 2 2 -4.0 -4.0 -1.533 -1.531 1.0567 1.0852 12.03 
0.357 2 2 2 -4.0 -4.0 -1.785 -1.651 1.0298 1.0298 11.98 
0.358 2 2 2 -4.0 -4.0 -1.644 -1.809 0.9338 0.9796 11.99 
0.359 2 2 2 -4.0 -4.0 -1.581 -1.954 0.8543 0.8924 12.00 
0.360 2 2 2 -4.0 -4.0 -1.628 -1.705 0.7872 0.8366 12.02 
0.361 2 2 2 -4.0 -4.0 -1.685 -1.696 0.7302 0.7723 12.01 
0.362 2 2 2 -4.0 -4.0 -1.756 -1.753 0.6924 0.6804 11.99 
0.363 2 2 2 -4.0 -4.0 -1.453 -1.750 0.5904 0.6583 12.02 
0.364 2 2 2 -4.0 -4.0 -1.442 -1.741 0.5655 0.5213 12.01 
0.365 2 2 2 -4.0 -4.0 -1.436 -1.519 0.5498 0.5213 12.01 
0.366 2 2 2 -4.0 -4.0 -1.492 -1.497 0.4836 0.4896 12.01 
0.367 2 2 2 -4.0 -4.0 -1.498 -1.546 0.3346 0.4562 12.03 
0.368 2 2 2 -4.0 -4.0 -1.437 -1.551 0.2972 0.3582 12.00 
0.369 2 2 2 -4.0 -4.0 -1.345 -1.541 0.2972 0.3430 12.01 
0.370 2 2 2 -4.0 -4.0 -1.330 -1.496 0.2333 0.3016 12.05 
0.371 2 2 2 -4.0 -4.0 -1.205 -1.472 0.2333 0.2217 12.03 
0.372 2 2 2 -4.0 -4.0 -1.196 -1.480 0.1691 0.2217 12.05 
0.373 2 2 2 -4.0 -4.0 -1.181 -1.389 0.1418 0.1976 12.06 
0.374 2 2 2 -4.0 -4.0 -1.148 -1.259 0.1418 0.1325 12.04 
0.375 2 2 2 -4.0 -4.0 -1.137 -1.211 0.1418 0.1161 12.05 
0.376 2 2 2 -4.0 -4.0 -1.133 -1.215 0.1133 0.1161 12.06 
0.377 2 2 2 -4.0 -4.0 -1.107 -1.198 0.0884 0.1161 12.05 
0.378 2 2 2 -4.0 -4.0 -1.106 -1.188 0.0723 0.1125 12.07 
0.379 2 2 2 -4.0 -4.0 -1.092 -1.221 -0.0663 -0.0892 12.06 
0.380 2 2 2 -4.0 -4.0 -1.130 -1.229 -0.0663 -0.0892 12.07 
0.381 2 2 2 -4.0 -4.0 -1.127 -1.241 -0.0663 -0.0892 12.06 
0.382 2 2 2 -4.0 -4.0 -1.100 -1.252 -0.1366 -0.0892 12.06 
0.383 2 2 2 -4.0 -4.0 -0.916 -1.070 -0.1366 -0.1217 12.06 
0.384 2 2 2 -4.0 -4.0 -0.861 -0.997 -0.1976 -0.1217 12.06 
0.385 2 2 2 -4.0 -4.0 -0.833 -0.964 -0.1976 -0.1948 12.07 
0.386 2 2 2 -4.0 -4.0 -0.881 -0.939 -0.2402 -0.2462 12.08 
0.387 2 2 2 -4.0 -4.0 -0.851 -0.922 -0.2639 -0.2462 12.08 
0.388 2 2 2 -4.0 -4.0 -0.814 -0.911 -0.3185 -0.2848 12.09 
0.389 2 2 2 -4.0 -4.0 -0.818 -0.883 -0.3896 -0.3289 12.09 
0.390 2 2 2 -4.0 -4.0 -0.803 -0.849 -0.3896 -0.3522 12.08 
0.391 2 2 2 -4.0 -4.0 -0.782 -0.859 -0.3896 -0.3896 12.09 
0.392 2 2 2 -4.0 -4.0 -0.667 -0.861 -0.4056 -0.3402 12.10 
0.393 2 2 2 -4.0 -4.0 -0.673 -0.732 -0.4269 -0.3823 12.10 
0.394 2 2 2 -4.0 -4.0 -0.691 -0.704 -0.4462 -0.4137 12.09 
0.395 2 2 2 -4.0 -4.0 -0.639 -0.689 -0.4667 -0.4410 12.11 
0.396 2 2 2 -4.0 -4.0 -0.682 -0.688 -0.4779 -0.4317 12.09 
0.397 2 2 2 -4.0 -4.0 -0.700 -0.665 -0.5149 -0.4667 12.08 
0.398 2 2 2 -4.0 -4.0 -0.731 -0.655 -0.5354 -0.5149 12.09 
0.399 2 2 2 -4.0 -4.0 -0.615 -0.675 -0.5426 -0.5081 12.08 
0.400 2 2 2 -4.0 -4.0 -0.595 -0.632 -0.5655 -0.5354 12.09 
0.401 2 2 2 -4.0 -4.0 -0.567 -0.593 -0.5820 -0.5498 12.10 
0.402 2 2 2 -4.0 -4.0 -0.544 -0.594 -0.5820 -0.5655 12.10 
0.403 2 2 2 -4.0 -4.0 -0.569 -0.590 -0.6085 -0.5820 12.10 
0.404 2 2 2 -4.0 -4.0 -0.524 -0.578 -0.6273 -0.6085 12.11 
0.405 2 2 2 -4.0 -4.0 -0.520 -0.567 -0.6374 -0.6273 12.12 
0.406 2 2 2 -4.0 -4.0 -0.471 -0.508 -0.6804 -0.6374 12.11 
0.407 2 2 2 -4.0 -4.0 -0.418 -0.483 -0.6691 -0.6374 12.11 
0.408 2 2 2 -4.0 -4.0 -0.470 -0.469 -0.6804 -0.6474 12.12 
0.409 2 2 2 -4.0 -4.0 -0.415 -0.476 -0.6924 -0.6691 12.10 
0.410 2 2 2 -4.0 -4.0 -0.426 -0.476 -0.7169 -0.6924 12.11 
0.411 2 2 2 -4.0 -4.0 -0.377 -0.444 -0.7169 -0.7044 12.10 
0.412 2 2 2 -4.0 -4.0 -0.410 -0.425 -0.7302 -0.6924 12.12 
0.413 2 2 2 -4.0 -4.0 -0.449 -0.437 -0.7302 -0.7044 12.11 
0.414 2 2 2 -4.0 -4.0 -0.439 -0.438 -0.7434 -0.7169 12.10 
0.415 2 2 2 -4.0 -4.0 -0.438 -0.419 -0.7723 -0.7044 12.09 
0.416 2 2 2 -4.0 -4.0 -0.403 -0.425 -0.7575 -0.7434 12.11 
0.417 2 2 2 -4.0 -4.0 -0.441 -0.428 -0.7872 -0.7575 12.10 
0.418 2 2 2 -4.0 -4.0 -0.409 -0.389 -0.7872 -0.7575 12.12 
0.419 2 2 2 -4.0 -4.0 -0.363 -0.424 -0.7723 -0.7723 12.12 
0.420 2 2 2 -4.0 -4.0 -0.329 -0.376 -0.8193 -0.8032 12.12 
0.421 2 2 2 -4.0 -4.0 -0.383 -0.339 -0.8032 -0.8032 12.13 
0.422 2 2 2 -4.0 -4.0 -0.327 -0.342 -0.8193 -0.8193 12.13 
0.423 2 2 2 -4.0 -4.0 -0.332 -0.370 -0.8366 -0.7723 12.12 
0.424 2 2 2 -4.0 -4.0 -0.360 -0.392 -0.8366 -0.8032 12.13 
0.425 2 2 2 -4.0 -4.0 -0.392 -0.359 -0.8543 -0.7872 12.12 
0.426 2 2 2 -4.0 -4.0 -0.358 -0.347 -0.8543 -0.8193 12.12 
0.427 2 2 2 -4.0 -4.0 -0.331 -0.351 -0.8727 -0.8366 12.14 
0.428 2 2 2 -4.0 -4.0 -0.331 -0.317 -0.8727 -0.8366 12.12 
0.429 2 2 2 -4.0 -4.0 -0.329 -0.305 -0.8924 -0.8727 12.12 
0.430 2 2 2 -4.0 -4.0 -0.296 -0.309 -0.8924 -0.8727 12.11 
0.431 2 2 2 -4.0 -4.0 -0.280 -0.324 -0.9125 -0.8924 12.12 
0.432 2 2 2 -4.0 -4.0 -0.259 -0.334 -0.9125 -0.8924 12.14 
0.433 2 2 2 -4.0 -4.0 -0.310 -0.286 -0.9125 -0.8924 12.13 
0.434 2 2 2 -4.0 -4.0 -0.249 -0.290 -0.9125 -0.9125 12.12 
0.435 2 2 2 -4.0 -4.0 -0.254 -0.284 -0.9338 -0.9125 12.12 
0.436 2 2 2 -4.0 -4.0 -0.319 -0.271 -0.9338 -0.9125 12.14 
0.437 2 2 2 -4.0 -4.0 -0.315 -0.250 -0.9338 -0.9338 12.14 
0.438 2 2 2 -4.0 -4.0 -0.269 -0.252 -0.9559 -0.9338 12.14 
0.439 2 2 2 -4.0 -4.0 -0.238 -0.273 -0.9796 -0.9338 12.13 
0.440 2 2 2 -4.0 -4.0 -0.226 -0.264 -0.9796 -0.9125 12.14 
0.441 2 2 2 -4.0 -4.0 -0.229 -0.266 -0.9559 -0.9125 12.14 
0.442 2 2 2 -4.0 -4.0 -0.205 -0.289 -0.9796 -0.9338 12.13 
0.443 2 2 2 -4.0 -4.0 -0.249 -0.260 -0.9559 -0.9559 12.12 
0.444 2 2 2 -4.0 -4.0 -0.262 -0.236 -0.9796 -0.9559 12.15 
0.445 2 2 2 -4.0 -4.0 -0.194 -0.256 -0.9796 -0.8924 12.13 
0.446 2 2 2 -4.0 -4.0 -0.279 -0.275 -0.9796 -0.9338 12.16 
0.447 2 2 2 -4.0 -4.0 -0.258 -0.237 -0.9796 -0.9559 12.16 
0.448 2 2 2 -4.0 -4.0 -0.232 -0.246 -1.0041 -0.9796 12.14 
0.449 2 2 2 -4.0 -4.0 -0.234 -0.264 -0.9796 -0.9796 12.17 
0.450 2 2 2 -4.0 -4.0 -0.211 -0.254 -1.0041 -0.9796 12.14 
0.451 2 2 2 -4.0 -4.0 -0.268 -0.222 -1.0298 -0.9796 12.13 
0.452 2 2 2 -4.0 -4.0 -0.170 -0.242 -1.0298 -1.0041 12.14 
0.453 2 2 2 -4.0 -4.0 -0.236 -0.232 -1.0298 -0.9796 12.14 
0.454 2 2 2 -4.0 -4.0 -0.217 -0.186 -1.0041 -0.9796 12.13 
0.455 2 2 2 -4.0 -4.0 -0.129 -0.223 -1.0298 -1.0041 12.14 
0.456 2 2 2 -4.0 -4.0 -0.220 -0.213 -1.0298 -1.0041 12.11 
0.457 2 2 2 -4.0 -4.0 -0.237 -0.199 -1.0298 -1.0041 12.13 
0.458 2 2 2 -4.0 -4.0 -0.211 -0.218 -1.0298 -1.0041 12.13 
0.459 2 2 2 -4.0 -4.0 -0.248 -0.247 -1.0567 -1.0041 12.13 
0.460 2 2 2 -4.0 -4.0 -0.218 -0.213 -1.0567 -1.0041 12.12 
0.461 2 2 2 -4.0 -4.0 -0.202 -0.189 -1.0298 -1.0041 12.13 
0.462 2 2 2 -4.0 -4.0 -0.224 -0.213 -1.0041 -1.0298 12.12 
0.463 2 2 2 -4.0 -4.0 -0.187 -0.198 -1.0298 -1.0298 12.13 
0.464 2 2 2 -4.0 -4.0 -0.190 -0.151 -1.0298 -1.0298 12.14 
0.465 2 2 2 -4.0 -4.0 -0.176 -0.189 -1.0567 -1.0041 12.13 
0.466 2 2 2 -4.0 -4.0 -0.229 -0.203 -1.0567 -1.0041 12.14 
0.467 2 2 2 -4.0 -4.0 -0.224 -0.195 -1.0567 -1.0298 12.15 
0.468 2 2 2 -4.0 -4.0 -0.130 -0.220 -1.0567 -1.0567 12.14 
0.469 2 2 2 -4.0 -4.0 -0.187 -0.206 -1.0852 -1.0567 12.13 
0.470 2 2 2 -4.0 -4.0 -0.181 -0.167 -1.1153 -1.0567 12.13 
0.471 2 2 2 -4.0 -4.0 -0.149 -0.198 -1.0852 -1.0567 12.14 
0.472 2 2 2 -4.0 -4.0 -0.201 -0.187 -1.0852 -1.0567 12.13 
0.473 2 2 2 -4.0 -4.0 -0.209 -0.152 -1.0852 -1.0567 12.12 
0.474 2 2 2 -4.0 -4.0 -0.164 -0.182 -1.0852 -1.0852 12.13 
0.475 2 2 2 -4.0 -4.0 -0.199 -0.193 -1.0852 -1.0852 12.14 
0.476 2 2 2 -4.0 -4.0 -0.190 -0.174 -1.0852 -1.0852 12.14 
0.477 2 2 2 -4.0 -4.0 -0.199 -0.171 -1.0852 -1.0852 12.14 
0.478 2 2 2 -4.0 -4.0 -0.197 -0.203 -1.0852 -1.0852 12.14 
0.479 2 2 2 -4.0 -4.0 -0.173 -0.180 -1.0852 -1.0852 12.15 
0.480 2 2 2 -4.0 -4.0 -0.147 -0.168 -1.0852 -1.0567 12.14 
0.481 2 2 2 -4.0 -4.0 -0.122 -0.189 -1.0298 -1.0852 12.13 
0.482 2 2 2 -4.0 -4.0 -0.145 -0.153 -1.0852 -1.0852 12.12 
0.483 2 2 2 -4.0 -4.0 -0.148 -0.149 -1.0852 -0.9125 12.15 
0.484 2 2 2 -4.0 -4.0 -0.162 -0.178 -1.0852 -1.0852 12.13 
0.485 2 2 2 -4.0 -4.0 -0.209 -0.195 -1.0852 -1.0567 12.11 
0.486 2 2 2 -4.0 -4.0 -0.197 -0.172 -1.0852 -1.0852 12.11 
0.487 2 2 2 -4.0 -4.0 -0.126 -0.165 -1.1153 -1.0852 12.14 
0.488 2 2 2 -4.0 -4.0 -0.219 -0.148 -1.1153 -1.0852 12.12 
0.489 2 2 2 -4.0 -4.0 -0.187 -0.127 -1.1153 -1.0852 12.13 
0.490 2 2 2 -4.0 -4.0 -0.179 -0.159 -1.1153 -1.0852 12.11 
0.491 2 2 2 -4.0 -4.0 -0.174 -0.173 -1.1153 -1.0852 12.14 
0.492 2 2 2 -4.0 -4.0 -0.149 -0.153 -1.1153 -1.0852 12.13 
0.493 2 2 2 -4.0 -4.0 -0.160 -0.165 -1.1153 -1.1153 12.14 
0.494 2 2 2 -4.0 -4.0 -0.183 -0.162 -1.1153 -1.1153 12.15 
0.495 2 2 2 -4.0 -4.0 -0.129 -0.123 -1.1153 -1.1153 12.13 
0.496 2 2 2 -4.0 -4.0 -0.208 -0.142 -1.1153 -1.0852 12.12 
0.497 2 2 2 -4.0 -4.0 -0.141 -0.149 -1.1153 -1.1153 12.13 
0.498 2 2 2 -4.0 -4.0 -0.115 -0.140 -1.1153 -1.1153 12.13 
0.499 2 2 2 -4.0 -4.0 -0.170 -0.161 -1.1153 -1.1153 12.11 
0.500 2 2 2 -4.0 -4.0 -0.167 -0.133 -1.1153 -1.1153 12.13 
0.501 2 2 2 -4.0 -4.0 -0.122 -0.127 -1.1153 -1.1153 12.15 
0.502 2 2 2 -4.0 -4.0 -0.255 -0.176 -1.1153 -1.1153 12.13 
0.503 2 2 3 0.0 0.0 -0.181 -0.164 -1.1153 -1.0852 12.13 
0.504 2 2 3 0.0 0.0 0.080 -0.099 -1.1153 -1.1153 12.15 
0.505 2 2 3 0.0 0.0 0.412 0.223 -1.1153 -1.0852 12.14 
0.506 2 2 3 0.0 0.0 0.599 0.522 -1.1153 -1.0852 12.15 
0.507 2 2 3 0.0 0.0 0.747 0.782 -1.0852 -1.0852 12.14 
0.508 2 2 3 0.0 0.0 0.799 0.807 -1.0567 -1.0298 12.14 
0.509 2 2 3 0.0 0.0 0.669 0.758 -1.0298 -1.0041 12.15 
0.510 2 2 3 0.0 0.0 0.774 0.814 -0.9796 -0.9796 12.15 
0.511 2 2 3 0.0 0.0 0.821 0.880 -0.9559 -0.9559 12.16 
0.512 2 2 3 0.0 0.0 0.666 0.731 -0.9125 -0.9338 12.16 
0.513 2 2 3 0.0 0.0 0.645 0.747 -0.8924 -0.9125 12.15 
0.514 2 2 3 0.0 0.0 0.696 0.832 -0.8543 -0.8543 12.15 
0.515 2 2 3 0.0 0.0 0.762 0.758 -0.8193 -0.8193 12.17 
0.516 2 2 3 0.0 0.0 0.622 0.626 -0.7872 -0.7872 12.15 
0.517 2 2 3 0.0 0.0 0.565 0.665 -0.7575 -0.7434 12.14 
0.518 2 2 3 0.0 0.0 0.625 0.695 -0.7044 -0.7169 12.16 
0.519 2 2 3 0.0 0.0 0.667 0.710 -0.6804 -0.6804 12.16 
0.520 2 2 3 0.0 0.0 0.634 0.636 -0.6583 -0.6924 12.15 
0.521 2 2 3 0.0 0.0 0.518 0.562 -0.6374 -0.6924 12.16 
0.522 2 2 3 0.0 0.0 0.488 0.592 -0.6273 -0.6583 12.16 
0.523 2 2 3 0.0 0.0 0.576 0.627 -0.5992 -0.6273 12.16 
0.524 2 2 3 0.0 0.0 0.608 0.633 -0.5820 -0.5498 12.15 
0.525 2 2 3 0.0 0.0 0.602 0.469 -0.5735 -0.5655 12.17 
0.526 2 2 3 0.0 0.0 0.473 0.436 -0.5354 -0.5735 12.15 
0.527 2 2 3 0.0 0.0 0.426 0.486 -0.5149 -0.5213 12.16 
0.528 2 2 3 0.0 0.0 0.399 0.545 -0.5081 -0.5213 12.14 
0.529 2 2 3 0.0 0.0 0.490 0.552 -0.4956 -0.5149 12.16 
0.530 2 2 3 0.0 0.0 0.445 0.515 -0.4779 -0.5020 12.16 
0.531 2 2 3 0.0 0.0 0.460 0.472 -0.4462 -0.4723 12.17 
0.532 2 2 3 0.0 0.0 0.420 0.412 -0.4362 -0.4510 12.15 
0.533 2 2 3 0.0 0.0 0.328 0.410 -0.4317 -0.4462 12.16 
0.534 2 2 3 0.0 0.0 0.274 0.402 -0.3860 -0.4269 12.15 
0.535 2 2 3 0.0 0.0 0.302 0.436 -0.3751 -0.4181 12.16 
0.536 2 2 3 0.0 0.0 0.331 0.441 -0.3615 -0.3683 12.16 
0.537 2 2 3 0.0 0.0 0.382 0.427 -0.3715 -0.3715 12.17 
0.538 2 2 3 0.0 0.0 0.370 0.384 -0.3213 -0.3715 12.17 
0.539 2 2 3 0.0 0.0 0.376 0.343 -0.3040 -0.3265 12.17 
0.540 2 2 3 0.0 0.0 0.350 0.273 -0.3040 -0.3430 12.16 
0.541 2 2 3 0.0 0.0 0.319 0.267 -0.2928 -0.3213 12.17 
0.542 2 2 3 0.0 0.0 0.282 0.278 -0.2695 -0.3137 12.16 
0.543 2 2 3 0.0 0.0 0.241 0.300 -0.2695 -0.3137 12.17 
0.544 2 2 3 0.0 0.0 0.202 0.298 -0.2574 -0.2675 12.16 
0.545 2 2 3 0.0 0.0 0.180 0.292 -0.2478 -0.2731 12.16 
0.546 2 2 3 0.0 0.0 0.155 0.272 -0.2434 -0.2731 12.17 
0.547 2 2 3 0.0 0.0 0.137 0.259 -0.2333 -0.2434 12.16 
0.548 2 2 3 0.0 0.0 0.161 0.231 -0.2333 -0.2434 12.15 
0.549 2 2 3 0.0 0.0 0.223 0.213 -0.2080 -0.2446 12.15 
0.550 2 2 3 0.0 0.0 0.246 0.220 -0.2080 -0.2205 12.17 
0.551 2 2 3 0.0 0.0 0.206 0.165 -0.1847 -0.2205 12.16 
0.552 2 2 3 0.0 0.0 0.186 0.166 -0.1847 -0.2181 12.16 
0.553 2 2 3 0.0 0.0 0.195 0.173 -0.1847 -0.2181 12.15 
0.554 2 2 3 0.0 0.0 0.183 0.175 -0.1735 -0.1956 12.16 
0.555 2 2 3 0.0 0.0 0.159 0.170 -0.1735 -0.1956 12.15 
0.556 2 2 3 0.0 0.0 0.186 0.151 -0.1458 -0.1856 12.17 
0.557 2 2 3 0.0 0.0 0.134 0.184 -0.1458 -0.1823 12.15 
0.558 2 2 3 0.0 0.0 0.119 0.190 -0.1458 -0.1823 12.17 
0.559 2 2 3 0.0 0.0 0.094 0.182 -0.1297 -0.1506 12.16 
0.560 2 2 3 0.0 0.0 0.086 0.193 -0.1241 -0.1506 12.17 
0.561 2 2 3 0.0 0.0 0.067 0.170 -0.1241 -0.1506 12.17 
0.562 2 2 3 0.0 0.0 0.087 0.157 -0.1241 -0.1366 12.17 
0.563 2 2 3 0.0 0.0 0.072 0.136 -0.1125 -0.1366 12.16 
0.564 2 2 3 0.0 0.0 0.084 0.136 -0.1125 -0.1366 12.17 
0.565 2 2 3 0.0 0.0 0.096 0.119 -0.1125 -0.1193 12.17 
0.566 2 2 3 0.0 0.0 0.062 0.102 -0.1125 -0.1096 12.18 
0.567 2 2 3 0.0 0.0 0.056 0.115 -0.0936 -0.1096 12.17 
0.568 2 2 3 0.0 0.0 0.069 0.119 -0.0896 -0.1096 12.17 
0.569 2 2 3 0.0 0.0 0.034 0.089 -0.0896 -0.1080 12.15 
0.570 2 2 3 0.0 0.0 0.063 0.109 -0.0896 -0.0980 12.17 
0.571 2 2 3 0.0 0.0 0.084 0.071 -0.0896 -0.0980 12.17 
0.572 2 2 3 0.0 0.0 0.072 0.089 -0.0831 -0.0980 12.16 
0.573 2 2 3 0.0 0.0 0.033 0.087 -0.0687 -0.0980 12.15 
0.574 2 2 3 0.0 0.0 0.013 0.086 -0.0586 -0.0868 12.15 
0.575 2 2 3 0.0 0.0 0.023 0.079 -0.0554 -0.0823 12.16 
0.576 2 2 3 0.0 0.0 0.059 0.048 -0.0554 -0.0823 12.17 
0.577 2 2 3 0.0 0.0 0.021 0.063 -0.0554 -0.0823 12.15 
0.578 2 2 3 0.0 0.0 0.039 0.054 -0.0554 -0.0823 12.17 
0.579 2 2 3 0.0 0.0 0.014 0.056 -0.0554 -0.0823 12.16 
0.580 2 2 3 0.0 0.0 0.042 0.072 -0.0554 -0.0747 12.16 
0.581 2 2 3 0.0 0.0 0.003 0.064 -0.0554 -0.0747 12.15 
0.582 2 2 3 0.0 0.0 -0.000 0.046 -0.0526 -0.0747 12.17 
0.583 2 2 3 0.0 0.0 0.030 0.029 -0.0466 -0.0747 12.17 
0.584 2 2 3 0.0 0.0 0.000 0.036 -0.0418 -0.0747 12.17 
0.585 2 2 3 0.0 0.0 -0.023 0.016 -0.0378 -0.0743 12.17 
0.586 2 2 3 0.0 0.0 -0.014 0.024 -0.0345 -0.0627 12.17 
0.587 2 2 3 0.0 0.0 -0.009 0.037 -0.0317 -0.0542 12.16 
0.588 2 2 3 0.0 0.0 0.025 0.033 -0.0293 -0.0478 12.17 
0.589 2 2 3 0.0 0.0 -0.002 0.037 -0.0273 -0.0426 12.17 
0.590 2 2 3 0.0 0.0 -0.023 0.019 -0.0257 -0.0386 12.16 
0.591 2 2 3 0.0 0.0 -0.021 0.016 -0.0241 -0.0349 12.15 
0.592 2 2 3 0.0 0.0 0.001 0.002 -0.0225 -0.0321 12.16 
0.593 2 2 3 0.0 0.0 -0.024 0.012 -0.0213 -0.0297 12.16 
0.594 2 2 3 0.0 0.0 -0.012 -0.017 -0.0201 -0.0277 12.17 
0.595 2 2 3 0.0 0.0 -0.039 0.004 -0.0193 -0.0257 12.15 
0.596 2 2 3 0.0 0.0 -0.011 0.010 -0.0185 -0.0245 12.17 
0.597 2 2 3 0.0 0.0 -0.019 0.010 -0.0177 -0.0229 12.16 
0.598 2 2 3 0.0 0.0 -0.026 -0.009 -0.0169 -0.0217 12.17 
0.599 2 2 3 0.0 0.0 -0.011 -0.016 -0.0161 -0.0205 12.16 
0.600 2 2 3 0.0 0.0 0.015 0.010 -0.0157 -0.0197 12.15 
0.601 2 2 3 0.0 0.0 0.019 -0.026 -0.0149 -0.0185 12.17 
0.602 2 2 3 0.0 0.0 0.000 -0.009 -0.0145 -0.0177 12.16 
0.603 2 2 3 0.0 0.0 -0.010 -0.016 -0.0137 -0.0169 12.16 
0.604 2 2 3 0.0 0.0 0.003 -0.009 -0.0133 -0.0165 12.16 
0.605 2 2 3 0.0 0.0 -0.025 0.000 -0.0129 -0.0157 12.17 
0.606 2 2 3 0.0 0.0 -0.026 -0.003 -0.0125 -0.0149 12.17 
0.607 2 2 3 0.0 0.0 -0.026 -0.015 -0.0120 -0.0145 12.16 
0.608 2 2 3 0.0 0.0 -0.004 -0.007 -0.0116 -0.0141 12.17 
0.609 2 2 3 0.0 0.0 0.011 -0.026 -0.0112 -0.0137 12.17 
0.610 2 2 3 0.0 0.0 0.006 -0.015 -0.0112 -0.0129 12.15 
0.611 2 2 3 0.0 0.0 -0.032 -0.003 -0.0108 -0.0125 12.15 
0.612 2 2 3 0.0 0.0 -0.028 -0.028 -0.0104 -0.0120 12.15 
0.613 2 2 3 0.0 0.0 0.024 -0.011 -0.0100 -0.0116 12.15 
0.614 2 2 3 0.0 0.0 0.018 -0.007 -0.0100 -0.0116 12.16 
0.615 2 2 3 0.0 0.0 0.002 -0.013 -0.0096 -0.0112 12.16 
0.616 2 2 3 0.0 0.0 -0.001 -0.016 -0.0096 -0.0108 12.16 
0.617 2 2 3 0.0 0.0 0.015 -0.029 -0.0092 -0.0104 12.17 
0.618 2 2 3 0.0 0.0 0.044 -0.011 -0.0088 -0.0104 12.18 
0.619 2 2 3 0.0 0.0 -0.004 0.000 -0.0088 -0.0100 12.18 
0.620 2 2 3 0.0 0.0 -0.027 -0.012 -0.0084 0.0100 12.15 
0.621 2 2 3 0.0 0.0 0.019 -0.009 -0.0084 0.0100 12.14 
0.622 2 2 3 0.0 0.0 -0.011 -0.009 -0.0084 0.0100 12.16 
0.623 2 2 3 0.0 0.0 -0.014 -0.009 -0.0080 0.0100 12.15 
0.624 2 2 3 0.0 0.0 -0.027 -0.020 -0.0080 0.0100 12.17 
0.625 2 2 3 0.0 0.0 -0.035 -0.039 -0.0076 0.0100 12.16 
0.626 2 2 3 0.0 0.0 0.022 -0.019 -0.0076 0.0100 12.16 
0.627 2 2 3 0.0 0.0 0.019 -0.002 -0.0076 0.0100 12.18 
0.628 2 2 3 0.0 0.0 -0.021 -0.031 -0.0072 0.0100 12.16 
0.629 2 2 3 0.0 0.0 -0.034 -0.028 -0.0072 0.0100 12.16 
0.630 2 2 3 0.0 0.0 -0.034 -0.035 -0.0068 0.0100 12.16 
0.631 2 2 3 0.0 0.0 -0.027 -0.019 -0.0068 0.0100 12.17 
0.632 2 2 3 0.0 0.0 -0.036 0.002 -0.0068 0.0100 12.17 
0.633 2 2 3 0.0 0.0 -0.017 -0.010 -0.0068 0.0100 12.17 
0.634 2 2 3 0.0 0.0 -0.001 -0.003 -0.0064 0.0100 12.18 
0.635 2 2 3 0.0 0.0 -0.008 -0.016 -0.0064 0.0100 12.16 
0.636 2 2 3 0.0 0.0 0.028 0.010 -0.0064 0.0100 12.16 
0.637 2 2 3 0.0 0.0 -0.002 0.015 -0.0060 0.0100 12.15 
0.638 2 2 3 0.0 0.0 0.012 0.005 -0.0060 0.0100 12.17 
0.639 2 2 3 0.0 0.0 -0.025 -0.021 -0.0060 0.0100 12.16 
0.640 2 2 3 0.0 0.0 -0.015 -0.008 -0.0060 0.0100 12.15 
0.641 2 2 3 0.0 0.0 -0.034 -0.001 -0.0060 0.0100 12.15 
0.642 2 2 3 0.0 0.0 0.004 -0.013 -0.0056 0.0100 12.16 
0.643 2 2 3 0.0 0.0 0.018 0.000 -0.0056 0.0100 12.16 
0.644 2 2 3 0.0 0.0 -0.016 0.007 -0.0056 0.0100 12.16 
0.645 2 2 3 0.0 0.0 -0.004 0.003 -0.0056 0.0100 12.16 
0.646 2 2 3 0.0 0.0 0.027 -0.009 -0.0052 0.0100 12.17 
0.647 2 2 3 0.0 0.0 -0.032 0.007 -0.0052 0.0100 12.16 
0.648 2 2 3 0.0 0.0 -0.015 0.003 -0.0052 0.0100 12.16 
0.649 2 2 3 0.0 0.0 -0.005 -0.005 -0.0052 0.0100 12.18 
0.650 2 2 3 0.0 0.0 -0.029 -0.008 -0.0052 0.0100 12.16 
0.651 2 2 3 0.0 0.0 -0.006 0.012 -0.0052 0.0100 12.16 
0.652 2 2 3 0.0 0.0 -0.036 0.016 -0.0048 0.0100 12.16 
0.653 2 2 3 0.0 0.0 -0.023 -0.004 -0.0048 0.0100 12.17 
0.654 2 2 3 0.0 0.0 0.000 -0.005 -0.0048 0.0100 12.17 
0.655 2 2 3 0.0 0.0 -0.006 -0.004 -0.0048 0.0100 12.16 
0.656 2 2 3 0.0 0.0 0.015 0.005 -0.0048 0.0100 12.16 
0.657 2 2 3 0.0 0.0 0.001 0.010 -0.0048 0.0100 12.17 
0.658 2 2 3 0.0 0.0 -0.027 -0.015 -0.0044 0.0100 12.16 
0.659 2 2 3 0.0 0.0 -0.036 -0.013 -0.0044 0.0100 12.15 
0.660 2 2 3 0.0 0.0 0.010 -0.010 -0.0044 0.0096 12.16 
0.661 2 2 3 0.0 0.0 0.019 0.005 -0.0044 0.0092 12.16 
0.662 2 2 3 0.0 0.0 0.038 0.010 -0.0044 0.0092 12.17 
0.663 2 2 3 0.0 0.0 -0.027 -0.009 -0.0044 0.0088 12.16 
0.664 2 2 3 0.0 0.0 0.010 -0.004 -0.0044 0.0088 12.17 
0.665 2 2 3 0.0 0.0 0.003 0.014 -0.0044 0.0084 12.17 
