%% logfile from robot Alba (40)
% Alba (40)
%  1    time 0.000 sec
%  2  3  4   (mission 0), state 2, thread 2, line 0
%  5  6 Motor voltage [V] left, right: 2.0 2.0
%  7  8 Motor current left, right [A]: 0.024 0.022
%  9 10 Wheel velocity [m/s] left, right: -0.0000 -0.0000
% 11    Battery voltage [V]: 12.25
0.001 2 2 0 2.0 2.0 0.104 -0.011 -0.0000 -0.0000 12.23 
0.002 2 2 0 2.0 2.0 0.271 0.224 -0.0000 -0.0000 12.22 
0.003 2 2 0 2.0 2.0 0.405 0.391 -0.0000 -0.0000 12.23 
0.004 2 2 0 2.0 2.0 0.452 0.457 -0.0000 -0.0000 12.23 
0.005 2 2 0 2.0 2.0 0.488 0.511 -0.0000 -0.0000 12.23 
0.006 2 2 0 2.0 2.0 0.501 0.527 -0.0000 -0.0000 12.23 
0.007 2 2 0 2.0 2.0 0.488 0.524 -0.0000 -0.0000 12.22 
0.008 2 2 0 2.0 2.0 0.501 0.507 0.0000 -0.0000 12.22 
0.009 2 2 0 2.0 2.0 0.502 0.492 0.0000 0.0000 12.23 
0.010 2 2 0 2.0 2.0 0.491 0.458 0.0000 0.0000 12.24 
0.011 2 2 0 2.0 2.0 0.501 0.437 0.0000 0.0000 12.23 
0.012 2 2 0 2.0 2.0 0.483 0.409 0.0000 0.0000 12.24 
0.013 2 2 0 2.0 2.0 0.481 0.385 0.0948 0.1225 12.23 
0.014 2 2 0 2.0 2.0 0.486 0.356 0.0948 0.1225 12.23 
0.015 2 2 0 2.0 2.0 0.443 0.351 0.1426 0.1586 12.23 
0.016 2 2 0 2.0 2.0 0.421 0.344 0.1426 0.1586 12.24 
0.017 2 2 0 2.0 2.0 0.412 0.365 0.1426 0.1679 12.22 
0.018 2 2 0 2.0 2.0 0.393 0.376 0.1317 0.1679 12.22 
0.019 2 2 0 2.0 2.0 0.413 0.352 0.1317 0.1996 12.22 
0.020 2 2 0 2.0 2.0 0.434 0.334 0.1317 0.1996 12.23 
0.021 2 2 0 2.0 2.0 0.399 0.348 0.1317 0.2068 12.24 
0.022 2 2 0 2.0 2.0 0.400 0.354 0.1133 0.2068 12.23 
0.023 2 2 0 2.0 2.0 0.411 0.367 0.1133 0.2362 12.23 
0.024 2 2 0 2.0 2.0 0.427 0.389 0.1133 0.2362 12.23 
0.025 2 2 0 2.0 2.0 0.442 0.399 0.1470 0.2402 12.24 
0.026 2 2 0 2.0 2.0 0.424 0.370 0.1470 0.2446 12.23 
0.027 2 2 0 2.0 2.0 0.376 0.357 0.1619 0.2446 12.23 
0.028 2 2 0 2.0 2.0 0.361 0.365 0.1619 0.2639 12.23 
0.029 2 2 0 2.0 2.0 0.408 0.318 0.1619 0.2731 12.23 
0.030 2 2 0 2.0 2.0 0.376 0.314 0.1743 0.2731 12.24 
0.031 2 2 0 2.0 2.0 0.392 0.306 0.1743 0.2888 12.24 
0.032 2 2 0 2.0 2.0 0.407 0.296 0.1948 0.3064 12.24 
0.033 2 2 0 2.0 2.0 0.414 0.293 0.1948 0.3088 12.23 
0.034 2 2 0 2.0 2.0 0.374 0.276 0.1928 0.3088 12.21 
0.035 2 2 0 2.0 2.0 0.368 0.274 0.1928 0.3040 12.23 
0.036 2 2 0 2.0 2.0 0.347 0.311 0.1988 0.3237 12.23 
0.037 2 2 0 2.0 2.0 0.362 0.286 0.1988 0.3237 12.23 
0.038 2 2 0 2.0 2.0 0.381 0.283 0.1996 0.3346 12.22 
0.039 2 2 0 2.0 2.0 0.397 0.265 0.1996 0.3346 12.23 
0.040 2 2 0 2.0 2.0 0.400 0.220 0.1856 0.3346 12.23 
0.041 2 2 0 2.0 2.0 0.369 0.217 0.1856 0.3522 12.23 
0.042 2 2 0 2.0 2.0 0.362 0.208 0.2068 0.3550 12.23 
0.043 2 2 0 2.0 2.0 0.360 0.209 0.2068 0.3615 12.22 
0.044 2 2 0 2.0 2.0 0.385 0.219 0.2205 0.3582 12.22 
0.045 2 2 0 2.0 2.0 0.326 0.188 0.2293 0.3751 12.22 
0.046 2 2 0 2.0 2.0 0.333 0.226 0.2293 0.3751 12.23 
0.047 2 2 0 2.0 2.0 0.339 0.233 0.2080 0.3823 12.23 
0.048 2 2 0 2.0 2.0 0.358 0.226 0.2080 0.3615 12.23 
0.049 2 2 0 2.0 2.0 0.349 0.219 0.2462 0.3896 12.24 
0.050 2 2 0 2.0 2.0 0.317 0.198 0.2972 0.3860 12.24 
0.051 2 2 0 2.0 2.0 0.294 0.182 0.2972 0.3787 12.23 
0.052 2 2 0 2.0 2.0 0.297 0.188 0.2695 0.3976 12.22 
0.053 2 2 0 2.0 2.0 0.301 0.199 0.2402 0.3936 12.23 
0.054 2 2 0 2.0 2.0 0.318 0.180 0.2402 0.4016 12.22 
0.055 2 2 0 2.0 2.0 0.298 0.178 0.2787 0.4016 12.23 
0.056 2 2 0 2.0 2.0 0.303 0.187 0.3016 0.4056 12.22 
0.057 2 2 0 2.0 2.0 0.332 0.183 0.3016 0.4137 12.24 
0.058 2 2 0 2.0 2.0 0.300 0.159 0.3040 0.4225 12.23 
0.059 2 2 0 2.0 2.0 0.271 0.137 0.2767 0.4225 12.23 
0.060 2 2 0 2.0 2.0 0.314 0.140 0.3213 0.4225 12.22 
0.061 2 2 0 2.0 2.0 0.285 0.184 0.3213 0.4269 12.23 
0.062 2 2 0 2.0 2.0 0.269 0.203 0.3185 0.4225 12.23 
0.063 2 2 0 2.0 2.0 0.290 0.207 0.3374 0.4317 12.24 
0.064 2 2 0 2.0 2.0 0.240 0.196 0.3402 0.4510 12.24 
0.065 2 2 0 2.0 2.0 0.256 0.161 0.3374 0.4462 12.23 
0.066 2 2 0 2.0 2.0 0.263 0.172 0.3346 0.4362 12.23 
0.067 2 2 0 2.0 2.0 0.244 0.155 0.3522 0.4410 12.24 
0.068 2 2 0 2.0 2.0 0.240 0.140 0.3522 0.4615 12.24 
0.069 2 2 0 2.0 2.0 0.263 0.168 0.3402 0.4410 12.23 
0.070 2 2 0 2.0 2.0 0.287 0.141 0.3615 0.4510 12.21 
0.071 2 2 0 2.0 2.0 0.263 0.132 0.3374 0.4615 12.22 
0.072 2 2 0 2.0 2.0 0.239 0.094 0.3715 0.4615 12.22 
0.073 2 2 0 2.0 2.0 0.266 0.054 0.3582 0.4723 12.22 
0.074 2 2 0 2.0 2.0 0.221 0.097 0.3787 0.4667 12.23 
0.075 2 2 0 2.0 2.0 0.199 0.165 0.3683 0.4723 12.22 
0.076 2 2 0 2.0 2.0 0.206 0.168 0.3896 0.4615 12.22 
0.077 2 2 0 2.0 2.0 0.205 0.167 0.3651 0.4615 12.22 
0.078 2 2 0 2.0 2.0 0.240 0.182 0.3976 0.4615 12.21 
0.079 2 2 0 2.0 2.0 0.233 0.161 0.4016 0.4723 12.21 
0.080 2 2 0 2.0 2.0 0.168 0.164 0.4056 0.4779 12.22 
0.081 2 2 0 2.0 2.0 0.184 0.141 0.3615 0.4667 12.23 
0.082 2 2 0 2.0 2.0 0.163 0.131 0.4016 0.4723 12.22 
0.083 2 2 0 2.0 2.0 0.198 0.157 0.4097 0.4723 12.22 
0.084 2 2 0 2.0 2.0 0.195 0.122 0.4097 0.4779 12.23 
0.085 2 2 0 2.0 2.0 0.187 0.115 0.3715 0.4779 12.23 
0.086 2 2 0 2.0 2.0 0.203 0.116 0.3462 0.4836 12.23 
0.087 2 2 0 2.0 2.0 0.229 0.104 0.4317 0.4896 12.23 
0.088 2 2 0 2.0 2.0 0.181 0.103 0.4181 0.4836 12.24 
0.089 2 2 0 2.0 2.0 0.209 0.150 0.3787 0.4896 12.23 
0.090 2 2 0 2.0 2.0 0.201 0.156 0.3265 0.4896 12.21 
0.091 2 2 0 2.0 2.0 0.207 0.140 0.3823 0.4779 12.21 
0.092 2 2 0 2.0 2.0 0.188 0.113 0.3823 0.4896 12.23 
0.093 2 2 0 2.0 2.0 0.218 0.097 0.3823 0.4836 12.23 
0.094 2 2 0 2.0 2.0 0.253 0.120 0.4016 0.4896 12.21 
0.095 2 2 0 2.0 2.0 0.275 0.133 0.3751 0.4896 12.24 
0.096 2 2 0 2.0 2.0 0.212 0.154 0.3715 0.4956 12.24 
0.097 2 2 0 2.0 2.0 0.243 0.128 0.3715 0.5020 12.22 
0.098 2 2 0 2.0 2.0 0.232 0.115 0.3402 0.4956 12.25 
0.099 2 2 0 2.0 2.0 0.220 0.108 0.3651 0.5020 12.23 
0.100 2 2 0 2.0 2.0 0.208 0.091 0.3651 0.5081 12.22 
0.101 2 2 0 2.0 2.0 0.237 0.101 0.3651 0.5020 12.22 
0.102 2 2 0 2.0 2.0 0.220 0.139 0.3715 0.5020 12.21 
0.103 2 2 0 2.0 2.0 0.250 0.167 0.3237 0.4956 12.21 
0.104 2 2 0 2.0 2.0 0.249 0.155 0.3715 0.5213 12.21 
0.105 2 2 0 2.0 2.0 0.207 0.118 0.3976 0.5149 12.23 
0.106 2 2 0 2.0 2.0 0.242 0.099 0.3823 0.5020 12.22 
0.107 2 2 0 2.0 2.0 0.217 0.110 0.3374 0.5281 12.22 
0.108 2 2 0 2.0 2.0 0.199 0.116 0.3787 0.5213 12.21 
0.109 2 2 0 2.0 2.0 0.201 0.105 0.4016 0.4956 12.21 
0.110 2 2 0 2.0 2.0 0.218 0.101 0.3936 0.5081 12.22 
0.111 2 2 0 2.0 2.0 0.233 0.082 0.3490 0.5213 12.21 
0.112 2 2 0 2.0 2.0 0.257 0.058 0.3976 0.5354 12.22 
0.113 2 2 0 2.0 2.0 0.214 0.073 0.3787 0.5213 12.22 
0.114 2 2 0 2.0 2.0 0.208 0.137 0.4016 0.5281 12.22 
0.115 2 2 0 2.0 2.0 0.240 0.123 0.4097 0.5149 12.22 
0.116 2 2 0 2.0 2.0 0.217 0.160 0.4097 0.5149 12.23 
0.117 2 2 0 2.0 2.0 0.182 0.124 0.4016 0.5149 12.22 
0.118 2 2 0 2.0 2.0 0.164 0.114 0.4097 0.5281 12.23 
0.119 2 2 0 2.0 2.0 0.179 0.082 0.4016 0.5281 12.24 
0.120 2 2 0 2.0 2.0 0.214 0.096 0.4137 0.5149 12.24 
0.121 2 2 0 2.0 2.0 0.198 0.127 0.3896 0.5149 12.22 
0.122 2 2 0 2.0 2.0 0.203 0.155 0.4137 0.5149 12.21 
0.123 2 2 0 2.0 2.0 0.206 0.102 0.4137 0.5149 12.23 
0.124 2 2 0 2.0 2.0 0.157 0.074 0.4225 0.5213 12.23 
0.125 2 2 0 2.0 2.0 0.144 0.078 0.4225 0.5213 12.21 
0.126 2 2 0 2.0 2.0 0.195 0.094 0.4317 0.5149 12.22 
0.127 2 2 0 2.0 2.0 0.191 0.105 0.4225 0.5213 12.21 
0.128 2 2 0 2.0 2.0 0.196 0.128 0.4362 0.5213 12.21 
0.129 2 2 0 2.0 2.0 0.189 0.103 0.4462 0.5081 12.21 
0.130 2 2 0 2.0 2.0 0.164 0.109 0.4317 0.5149 12.23 
0.131 2 2 0 2.0 2.0 0.179 0.114 0.4225 0.5081 12.25 
0.132 2 2 0 2.0 2.0 0.176 0.101 0.4362 0.5149 12.25 
0.133 2 2 0 2.0 2.0 0.183 0.127 0.4362 0.5213 12.24 
0.134 2 2 0 2.0 2.0 0.165 0.110 0.3751 0.5149 12.23 
0.135 2 2 0 2.0 2.0 0.195 0.102 0.4016 0.5213 12.22 
0.136 2 2 0 2.0 2.0 0.174 0.088 0.4462 0.5213 12.22 
0.137 2 2 0 2.0 2.0 0.198 0.112 0.4410 0.5354 12.20 
0.138 2 2 0 2.0 2.0 0.210 0.059 0.3522 0.5281 12.23 
0.139 2 2 0 2.0 2.0 0.176 0.107 0.3823 0.5281 12.21 
0.140 2 2 0 2.0 2.0 0.176 0.123 0.3976 0.5213 12.22 
0.141 2 2 0 2.0 2.0 0.201 0.132 0.4056 0.5281 12.23 
0.142 2 2 0 2.0 2.0 0.218 0.134 0.4225 0.5426 12.24 
0.143 2 2 0 2.0 2.0 0.246 0.102 0.4181 0.5213 12.24 
0.144 2 2 0 2.0 2.0 0.198 0.092 0.4016 0.5281 12.24 
0.145 2 2 0 2.0 2.0 0.199 0.101 0.4016 0.5426 12.23 
0.146 2 2 0 2.0 2.0 0.218 0.108 0.3715 0.5149 12.23 
0.147 2 2 0 2.0 2.0 0.225 0.105 0.3936 0.5213 12.22 
0.148 2 2 0 2.0 2.0 0.194 0.082 0.3976 0.5354 12.22 
0.149 2 2 0 2.0 2.0 0.176 0.076 0.4016 0.5498 12.23 
0.150 2 2 0 2.0 2.0 0.218 0.086 0.3490 0.5426 12.21 
0.151 2 2 0 2.0 2.0 0.250 0.086 0.3976 0.5426 12.20 
0.152 2 2 0 2.0 2.0 0.242 0.108 0.4269 0.5281 12.24 
0.153 2 2 0 2.0 2.0 0.212 0.135 0.4225 0.5354 12.22 
0.154 2 2 0 2.0 2.0 0.207 0.136 0.3582 0.5354 12.21 
0.155 2 2 0 2.0 2.0 0.191 0.112 0.3823 0.5426 12.22 
0.156 2 2 0 2.0 2.0 0.221 0.119 0.4056 0.5354 12.22 
0.157 2 2 0 2.0 2.0 0.184 0.097 0.4137 0.5281 12.22 
0.158 2 2 0 2.0 2.0 0.183 0.127 0.3715 0.5281 12.22 
0.159 2 2 0 2.0 2.0 0.215 0.118 0.3976 0.5281 12.21 
0.160 2 2 0 2.0 2.0 0.200 0.082 0.4056 0.5281 12.22 
0.161 2 2 0 2.0 2.0 0.183 0.086 0.4181 0.5354 12.22 
0.162 2 2 0 2.0 2.0 0.208 0.089 0.4317 0.5354 12.21 
0.163 2 2 0 2.0 2.0 0.185 0.094 0.4317 0.5281 12.23 
0.164 2 2 0 2.0 2.0 0.187 0.113 0.4317 0.5354 12.22 
0.165 2 2 0 2.0 2.0 0.177 0.143 0.4362 0.5354 12.22 
0.166 2 2 0 2.0 2.0 0.161 0.116 0.4225 0.5213 12.22 
0.167 2 2 0 2.0 2.0 0.225 0.114 0.4269 0.5213 12.22 
0.168 2 2 0 2.0 2.0 0.170 0.113 0.3976 0.5281 12.21 
0.169 2 2 0 2.0 2.0 0.174 0.130 0.4181 0.5281 12.25 
0.170 2 2 0 2.0 2.0 0.167 0.131 0.4317 0.5281 12.24 
0.171 2 2 0 2.0 2.0 0.153 0.101 0.4269 0.5354 12.24 
0.172 2 2 0 2.0 2.0 0.155 0.106 0.4362 0.5354 12.23 
0.173 2 2 0 2.0 2.0 0.168 0.086 0.4269 0.5498 12.23 
0.174 2 2 0 2.0 2.0 0.198 0.073 0.4410 0.5498 12.21 
0.175 2 2 0 2.0 2.0 0.187 0.028 0.4510 0.5426 12.20 
0.176 2 2 0 2.0 2.0 0.194 0.093 0.4562 0.5354 12.22 
0.177 2 2 0 2.0 2.0 0.149 0.122 0.4317 0.5354 12.21 
0.178 2 2 0 2.0 2.0 0.154 0.088 0.4410 0.5575 12.21 
0.179 2 2 0 2.0 2.0 0.176 0.097 0.4510 0.5354 12.21 
0.180 2 2 0 2.0 2.0 0.178 0.093 0.4097 0.5426 12.23 
0.181 2 2 0 2.0 2.0 0.214 0.072 0.4181 0.5575 12.24 
0.182 2 2 0 2.0 2.0 0.175 0.067 0.4615 0.5281 12.23 
0.183 2 2 0 2.0 2.0 0.161 0.129 0.4562 0.5354 12.24 
0.184 2 2 0 2.0 2.0 0.181 0.066 0.3651 0.5426 12.24 
0.185 2 2 0 2.0 2.0 0.168 0.035 0.3936 0.5575 12.23 
0.186 2 2 0 2.0 2.0 0.160 0.047 0.4097 0.5498 12.23 
0.187 2 2 0 2.0 2.0 0.196 0.082 0.4225 0.5498 12.21 
0.188 2 2 0 2.0 2.0 0.195 0.116 0.4362 0.5426 12.22 
0.189 2 2 0 2.0 2.0 0.221 0.116 0.4317 0.5426 12.21 
0.190 2 2 0 2.0 2.0 0.202 0.146 0.4225 0.5426 12.21 
0.191 2 2 0 2.0 2.0 0.170 0.116 0.4225 0.5498 12.24 
0.192 2 2 0 2.0 2.0 0.198 0.104 0.3787 0.5426 12.22 
0.193 2 2 0 2.0 2.0 0.169 0.107 0.3936 0.5426 12.22 
0.194 2 2 0 2.0 2.0 0.194 0.105 0.4016 0.5354 12.23 
0.195 2 2 0 2.0 2.0 0.212 0.084 0.4056 0.5426 12.23 
0.196 2 2 0 2.0 2.0 0.208 0.058 0.3582 0.5426 12.23 
0.197 2 2 0 2.0 2.0 0.249 0.067 0.3823 0.5354 12.24 
0.198 2 2 0 2.0 2.0 0.229 0.062 0.4225 0.5354 12.23 
0.199 2 2 0 2.0 2.0 0.217 0.074 0.4225 0.5354 12.23 
0.200 2 2 0 2.0 2.0 0.212 0.089 0.3651 0.5354 12.23 
0.201 2 2 1 4.0 4.0 0.213 0.106 0.3896 0.5354 12.23 
0.202 2 2 1 4.0 4.0 0.307 0.138 0.4137 0.5213 12.22 
0.203 2 2 1 4.0 4.0 0.484 0.299 0.4225 0.5281 12.20 
0.204 2 2 1 4.0 4.0 0.634 0.449 0.3860 0.5426 12.19 
0.205 2 2 1 4.0 4.0 0.632 0.544 0.4362 0.5655 12.19 
0.206 2 2 1 4.0 4.0 0.625 0.569 0.4562 0.5735 12.19 
0.207 2 2 1 4.0 4.0 0.621 0.554 0.4779 0.5904 12.20 
0.208 2 2 1 4.0 4.0 0.656 0.538 0.4896 0.6085 12.18 
0.209 2 2 1 4.0 4.0 0.659 0.544 0.5213 0.6374 12.18 
0.210 2 2 1 4.0 4.0 0.674 0.550 0.5281 0.6374 12.19 
0.211 2 2 1 4.0 4.0 0.685 0.521 0.5498 0.6474 12.19 
0.212 2 2 1 4.0 4.0 0.555 0.540 0.5655 0.6924 12.20 
0.213 2 2 1 4.0 4.0 0.571 0.502 0.5735 0.6924 12.19 
0.214 2 2 1 4.0 4.0 0.566 0.510 0.5904 0.6924 12.20 
0.215 2 2 1 4.0 4.0 0.574 0.508 0.6085 0.7169 12.21 
0.216 2 2 1 4.0 4.0 0.568 0.475 0.6177 0.7169 12.20 
0.217 2 2 1 4.0 4.0 0.516 0.444 0.6374 0.7302 12.21 
0.218 2 2 1 4.0 4.0 0.541 0.438 0.6177 0.7723 12.21 
0.219 2 2 1 4.0 4.0 0.527 0.427 0.6583 0.7872 12.19 
0.220 2 2 1 4.0 4.0 0.500 0.427 0.6691 0.7575 12.21 
0.221 2 2 1 4.0 4.0 0.571 0.439 0.6583 0.7723 12.19 
0.222 2 2 1 4.0 4.0 0.469 0.417 0.7169 0.7872 12.21 
0.223 2 2 1 4.0 4.0 0.491 0.445 0.6474 0.7723 12.20 
0.224 2 2 1 4.0 4.0 0.461 0.418 0.6924 0.7872 12.20 
0.225 2 2 1 4.0 4.0 0.444 0.405 0.7434 0.8032 12.21 
0.226 2 2 1 4.0 4.0 0.468 0.391 0.7302 0.8193 12.20 
0.227 2 2 1 4.0 4.0 0.416 0.364 0.7302 0.8193 12.21 
0.228 2 2 1 4.0 4.0 0.456 0.374 0.7169 0.8366 12.21 
0.229 2 2 1 4.0 4.0 0.427 0.375 0.7434 0.8193 12.20 
0.230 2 2 1 4.0 4.0 0.428 0.373 0.7169 0.8366 12.19 
0.231 2 2 1 4.0 4.0 0.446 0.384 0.7723 0.8543 12.21 
0.232 2 2 1 4.0 4.0 0.451 0.352 0.7169 0.8727 12.20 
0.233 2 2 1 4.0 4.0 0.429 0.362 0.7723 0.8727 12.19 
0.234 2 2 1 4.0 4.0 0.434 0.320 0.7434 0.8924 12.20 
0.235 2 2 1 4.0 4.0 0.429 0.315 0.7575 0.8924 12.20 
0.236 2 2 1 4.0 4.0 0.382 0.341 0.8032 0.8924 12.21 
0.237 2 2 1 4.0 4.0 0.383 0.319 0.8032 0.9125 12.21 
0.238 2 2 1 4.0 4.0 0.371 0.312 0.8032 0.9338 12.21 
0.239 2 2 1 4.0 4.0 0.343 0.291 0.7872 0.9125 12.22 
0.240 2 2 1 4.0 4.0 0.330 0.283 0.8032 0.9338 12.22 
0.241 2 2 1 4.0 4.0 0.320 0.238 0.8032 0.9559 12.22 
0.242 2 2 1 4.0 4.0 0.355 0.306 0.8032 0.9796 12.22 
0.243 2 2 1 4.0 4.0 0.355 0.269 0.8366 0.9796 12.21 
0.244 2 2 1 4.0 4.0 0.350 0.325 0.8193 0.9796 12.22 
0.245 2 2 1 4.0 4.0 0.359 0.310 0.8543 0.9796 12.22 
0.246 2 2 1 4.0 4.0 0.335 0.291 0.8032 0.9796 12.22 
0.247 2 2 1 4.0 4.0 0.306 0.242 0.8727 0.9796 12.22 
0.248 2 2 1 4.0 4.0 0.310 0.215 0.8193 0.9796 12.22 
0.249 2 2 1 4.0 4.0 0.316 0.230 0.8543 0.9796 12.21 
0.250 2 2 1 4.0 4.0 0.323 0.253 0.8727 0.9796 12.22 
0.251 2 2 1 4.0 4.0 0.324 0.257 0.8727 0.9796 12.22 
0.252 2 2 1 4.0 4.0 0.291 0.278 0.8543 0.9796 12.22 
0.253 2 2 1 4.0 4.0 0.290 0.262 0.8727 0.9796 12.23 
0.254 2 2 1 4.0 4.0 0.347 0.223 0.8727 1.0298 12.23 
0.255 2 2 1 4.0 4.0 0.324 0.231 0.8366 1.0298 12.21 
0.256 2 2 1 4.0 4.0 0.314 0.263 0.8727 1.0298 12.22 
0.257 2 2 1 4.0 4.0 0.336 0.254 0.8366 1.0298 12.22 
0.258 2 2 1 4.0 4.0 0.351 0.225 0.8543 1.0567 12.23 
0.259 2 2 1 4.0 4.0 0.320 0.222 0.8924 1.0298 12.22 
0.260 2 2 1 4.0 4.0 0.311 0.191 0.9125 1.0567 12.22 
0.261 2 2 1 4.0 4.0 0.313 0.168 0.9125 1.0852 12.22 
0.262 2 2 1 4.0 4.0 0.315 0.215 0.9125 1.0852 12.22 
0.263 2 2 1 4.0 4.0 0.317 0.226 0.9125 1.0852 12.22 
0.264 2 2 1 4.0 4.0 0.280 0.209 0.8727 1.0852 12.23 
0.265 2 2 1 4.0 4.0 0.300 0.212 0.9338 1.0567 12.22 
0.266 2 2 1 4.0 4.0 0.289 0.211 0.9125 1.0567 12.22 
0.267 2 2 1 4.0 4.0 0.284 0.176 0.9559 1.0567 12.22 
0.268 2 2 1 4.0 4.0 0.267 0.199 0.8924 1.0567 12.22 
0.269 2 2 1 4.0 4.0 0.268 0.196 0.9559 1.0567 12.23 
0.270 2 2 1 4.0 4.0 0.248 0.215 0.8924 1.0567 12.22 
0.271 2 2 1 4.0 4.0 0.263 0.219 0.9559 1.0567 12.23 
0.272 2 2 1 4.0 4.0 0.290 0.184 0.9559 1.0567 12.23 
0.273 2 2 1 4.0 4.0 0.294 0.193 0.9338 1.0852 12.23 
0.274 2 2 1 4.0 4.0 0.286 0.174 0.9338 1.0852 12.23 
0.275 2 2 1 4.0 4.0 0.267 0.200 0.9338 1.1153 12.22 
0.276 2 2 1 4.0 4.0 0.273 0.208 0.9796 1.1153 12.23 
0.277 2 2 1 4.0 4.0 0.290 0.173 0.9559 1.1153 12.22 
0.278 2 2 1 4.0 4.0 0.308 0.135 0.8366 1.0852 12.21 
0.279 2 2 1 4.0 4.0 0.282 0.113 0.9559 1.1153 12.22 
0.280 2 2 1 4.0 4.0 0.285 0.151 0.9796 1.1153 12.22 
0.281 2 2 1 4.0 4.0 0.257 0.189 0.9796 1.1153 12.23 
0.282 2 2 1 4.0 4.0 0.250 0.200 0.9796 1.1153 12.23 
0.283 2 2 1 4.0 4.0 0.259 0.207 0.9559 1.1153 12.23 
0.284 2 2 1 4.0 4.0 0.277 0.195 0.9559 1.1153 12.24 
0.285 2 2 1 4.0 4.0 0.259 0.141 0.9559 1.1153 12.23 
0.286 2 2 1 4.0 4.0 0.266 0.114 0.9796 1.1153 12.23 
0.287 2 2 1 4.0 4.0 0.255 0.158 0.9796 1.0852 12.23 
0.288 2 2 1 4.0 4.0 0.248 0.171 1.0041 1.0852 12.23 
0.289 2 2 1 4.0 4.0 0.277 0.193 1.0298 1.1153 12.23 
0.290 2 2 1 4.0 4.0 0.248 0.203 0.9796 1.1153 12.23 
0.291 2 2 1 4.0 4.0 0.215 0.152 0.9796 1.1153 12.23 
0.292 2 2 1 4.0 4.0 0.235 0.138 1.0041 1.1153 12.23 
0.293 2 2 1 4.0 4.0 0.214 0.171 1.0041 1.1474 12.23 
0.294 2 2 1 4.0 4.0 0.242 0.191 0.9796 1.1474 12.24 
0.295 2 2 1 4.0 4.0 0.262 0.155 0.9559 1.1812 12.24 
0.296 2 2 1 4.0 4.0 0.243 0.124 1.0041 1.1474 12.24 
0.297 2 2 1 4.0 4.0 0.265 0.111 0.9796 1.1812 12.24 
0.298 2 2 1 4.0 4.0 0.252 0.140 1.0041 1.1812 12.23 
0.299 2 2 1 4.0 4.0 0.305 0.170 0.9796 1.1153 12.23 
0.300 2 2 1 4.0 4.0 0.250 0.159 1.0041 1.1812 12.24 
0.301 2 2 1 4.0 4.0 0.232 0.158 1.0041 1.1474 12.23 
0.302 2 2 1 4.0 4.0 0.260 0.152 1.0041 1.1474 12.22 
0.303 2 2 1 4.0 4.0 0.256 0.127 1.0041 1.0852 12.22 
0.304 2 2 1 4.0 4.0 0.214 0.135 1.0041 1.1474 12.23 
0.305 2 2 1 4.0 4.0 0.235 0.141 1.0041 1.1474 12.23 
0.306 2 2 1 4.0 4.0 0.228 0.143 1.0041 1.1474 12.22 
0.307 2 2 1 4.0 4.0 0.234 0.176 1.0041 1.1474 12.22 
0.308 2 2 1 4.0 4.0 0.233 0.144 1.0298 1.1474 12.22 
0.309 2 2 1 4.0 4.0 0.255 0.139 1.0567 1.1474 12.23 
0.310 2 2 1 4.0 4.0 0.224 0.175 1.0041 1.1474 12.23 
0.311 2 2 1 4.0 4.0 0.232 0.162 1.0041 1.0852 12.22 
0.312 2 2 1 4.0 4.0 0.237 0.133 1.0298 1.1812 12.22 
0.313 2 2 1 4.0 4.0 0.271 0.140 0.9559 1.1474 12.22 
0.314 2 2 1 4.0 4.0 0.220 0.130 1.0041 1.1812 12.22 
0.315 2 2 1 4.0 4.0 0.201 0.107 0.9796 1.1812 12.22 
0.316 2 2 1 4.0 4.0 0.204 0.150 1.0298 1.1153 12.22 
0.317 2 2 1 4.0 4.0 0.231 0.141 1.0041 1.1812 12.23 
0.318 2 2 1 4.0 4.0 0.248 0.148 1.0041 1.1812 12.23 
0.319 2 2 1 4.0 4.0 0.255 0.151 1.0041 1.1812 12.23 
0.320 2 2 1 4.0 4.0 0.254 0.119 1.0298 1.1812 12.23 
0.321 2 2 1 4.0 4.0 0.220 0.120 1.0298 1.1812 12.22 
0.322 2 2 1 4.0 4.0 0.193 0.133 0.9338 1.1474 12.22 
0.323 2 2 1 4.0 4.0 0.212 0.127 1.0041 1.1474 12.23 
0.324 2 2 1 4.0 4.0 0.191 0.134 1.0041 1.1474 12.23 
0.325 2 2 1 4.0 4.0 0.235 0.143 1.0298 1.1474 12.23 
0.326 2 2 1 4.0 4.0 0.210 0.114 1.0298 1.1812 12.23 
0.327 2 2 1 4.0 4.0 0.203 0.134 1.0298 1.1812 12.23 
0.328 2 2 1 4.0 4.0 0.221 0.158 1.0041 1.2169 12.23 
0.329 2 2 1 4.0 4.0 0.235 0.126 1.0567 1.1812 12.23 
0.330 2 2 1 4.0 4.0 0.217 0.149 1.0041 1.1812 12.22 
0.331 2 2 1 4.0 4.0 0.218 0.138 1.0298 1.2169 12.22 
0.332 2 2 1 4.0 4.0 0.240 0.098 1.0298 1.2169 12.23 
0.333 2 2 1 4.0 4.0 0.220 0.134 1.0298 1.2169 12.23 
0.334 2 2 1 4.0 4.0 0.220 0.125 1.0298 1.2169 12.23 
0.335 2 2 1 4.0 4.0 0.256 0.132 1.0567 1.1812 12.23 
0.336 2 2 1 4.0 4.0 0.226 0.155 1.0298 1.1812 12.22 
0.337 2 2 1 4.0 4.0 0.240 0.091 1.0298 1.1812 12.22 
0.338 2 2 1 4.0 4.0 0.241 0.086 1.0041 1.1812 12.22 
0.339 2 2 1 4.0 4.0 0.208 0.126 1.0298 1.1812 12.22 
0.340 2 2 1 4.0 4.0 0.206 0.131 1.0567 1.1812 12.22 
0.341 2 2 1 4.0 4.0 0.207 0.138 1.0567 1.1812 12.22 
0.342 2 2 1 4.0 4.0 0.275 0.133 1.0298 1.1812 12.22 
0.343 2 2 1 4.0 4.0 0.197 0.102 1.0298 1.1812 12.23 
0.344 2 2 1 4.0 4.0 0.205 0.112 1.0298 1.1812 12.23 
0.345 2 2 1 4.0 4.0 0.219 0.131 1.0567 1.2169 12.23 
0.346 2 2 1 4.0 4.0 0.210 0.129 1.0298 1.2169 12.22 
0.347 2 2 1 4.0 4.0 0.199 0.126 0.9338 1.1812 12.22 
0.348 2 2 1 4.0 4.0 0.211 0.094 1.0852 1.2169 12.23 
0.349 2 2 1 4.0 4.0 0.194 0.100 1.0298 1.2169 12.23 
0.350 2 2 1 4.0 4.0 0.198 0.132 1.0298 1.2169 12.22 
0.351 2 2 1 4.0 4.0 0.217 0.139 1.0567 1.2169 12.22 
0.352 2 2 2 -4.0 -4.0 0.229 0.134 1.0298 1.2169 12.23 
0.353 2 2 2 -4.0 -4.0 -0.249 -0.001 1.0298 1.2169 12.19 
0.354 2 2 2 -4.0 -4.0 -0.954 -0.734 1.0041 1.2169 12.14 
0.355 2 2 2 -4.0 -4.0 -1.201 -1.370 1.0041 1.1153 12.12 
0.356 2 2 2 -4.0 -4.0 -1.494 -1.538 0.8924 1.0852 12.10 
0.357 2 2 2 -4.0 -4.0 -1.693 -1.772 0.8366 1.0298 12.08 
0.358 2 2 2 -4.0 -4.0 -1.792 -1.908 0.7575 0.9796 12.07 
0.359 2 2 2 -4.0 -4.0 -1.464 -1.806 0.6924 0.8924 12.09 
0.360 2 2 2 -4.0 -4.0 -1.522 -1.732 0.6924 0.8193 12.07 
0.361 2 2 2 -4.0 -4.0 -1.589 -1.824 0.6177 0.7872 12.07 
0.362 2 2 2 -4.0 -4.0 -1.652 -1.862 0.5820 0.7044 12.04 
0.363 2 2 2 -4.0 -4.0 -1.678 -1.691 0.5213 0.6691 12.07 
0.364 2 2 2 -4.0 -4.0 -1.716 -1.569 0.4779 0.5992 12.07 
0.365 2 2 2 -4.0 -4.0 -1.392 -1.662 0.3402 0.5904 12.10 
0.366 2 2 2 -4.0 -4.0 -1.365 -1.717 0.3237 0.5426 12.09 
0.367 2 2 2 -4.0 -4.0 -1.331 -1.713 0.3088 0.4723 12.11 
0.368 2 2 2 -4.0 -4.0 -1.324 -1.690 0.2374 0.3787 12.11 
0.369 2 2 2 -4.0 -4.0 -1.295 -1.649 0.2374 0.3402 12.10 
0.370 2 2 2 -4.0 -4.0 -1.272 -1.549 0.1538 0.2731 12.11 
0.371 2 2 2 -4.0 -4.0 -1.248 -1.509 0.1112 0.2574 12.11 
0.372 2 2 2 -4.0 -4.0 -1.209 -1.310 0.1088 0.2100 12.08 
0.373 2 2 2 -4.0 -4.0 -1.189 -1.342 0.1088 0.1574 12.10 
0.374 2 2 2 -4.0 -4.0 -1.129 -1.352 -0.1892 0.1574 12.09 
0.375 2 2 2 -4.0 -4.0 -1.175 -1.332 -0.1892 0.1574 12.10 
0.376 2 2 2 -4.0 -4.0 -1.103 -1.339 -0.1426 0.1193 12.12 
0.377 2 2 2 -4.0 -4.0 -1.063 -1.302 -0.1394 0.0920 12.11 
0.378 2 2 2 -4.0 -4.0 -1.011 -1.276 -0.2145 0.0747 12.12 
0.379 2 2 2 -4.0 -4.0 -0.973 -1.228 -0.2145 -0.0635 12.12 
0.380 2 2 2 -4.0 -4.0 -0.989 -1.242 -0.2827 -0.0635 12.10 
0.381 2 2 2 -4.0 -4.0 -0.882 -1.223 -0.2659 -0.0635 12.12 
0.382 2 2 2 -4.0 -4.0 -0.870 -1.118 -0.2659 -0.1474 12.13 
0.383 2 2 2 -4.0 -4.0 -0.852 -0.968 -0.3374 -0.1474 12.14 
0.384 2 2 2 -4.0 -4.0 -0.832 -0.945 -0.3346 -0.2205 12.15 
0.385 2 2 2 -4.0 -4.0 -0.800 -0.968 -0.3683 -0.2747 12.14 
0.386 2 2 2 -4.0 -4.0 -0.817 -0.969 -0.4016 -0.2747 12.11 
0.387 2 2 2 -4.0 -4.0 -0.759 -0.958 -0.4562 -0.2952 12.13 
0.388 2 2 2 -4.0 -4.0 -0.731 -0.972 -0.4836 -0.3113 12.14 
0.389 2 2 2 -4.0 -4.0 -0.631 -0.895 -0.4836 -0.3683 12.15 
0.390 2 2 2 -4.0 -4.0 -0.655 -0.852 -0.5020 -0.3936 12.14 
0.391 2 2 2 -4.0 -4.0 -0.660 -0.811 -0.5149 -0.4016 12.15 
0.392 2 2 2 -4.0 -4.0 -0.629 -0.843 -0.5354 -0.4097 12.14 
0.393 2 2 2 -4.0 -4.0 -0.625 -0.823 -0.5575 -0.4317 12.16 
0.394 2 2 2 -4.0 -4.0 -0.634 -0.686 -0.5735 -0.4462 12.15 
0.395 2 2 2 -4.0 -4.0 -0.611 -0.673 -0.6177 -0.4836 12.17 
0.396 2 2 2 -4.0 -4.0 -0.591 -0.661 -0.5735 -0.5020 12.15 
0.397 2 2 2 -4.0 -4.0 -0.578 -0.672 -0.6085 -0.5081 12.17 
0.398 2 2 2 -4.0 -4.0 -0.589 -0.673 -0.6374 -0.5281 12.15 
0.399 2 2 2 -4.0 -4.0 -0.561 -0.634 -0.6177 -0.5498 12.15 
0.400 2 2 2 -4.0 -4.0 -0.484 -0.574 -0.6474 -0.5498 12.15 
0.401 2 2 2 -4.0 -4.0 -0.513 -0.594 -0.6804 -0.5735 12.17 
0.402 2 2 2 -4.0 -4.0 -0.482 -0.576 -0.6583 -0.5904 12.17 
0.403 2 2 2 -4.0 -4.0 -0.512 -0.579 -0.6924 -0.6085 12.17 
0.404 2 2 2 -4.0 -4.0 -0.557 -0.583 -0.6583 -0.6273 12.17 
0.405 2 2 2 -4.0 -4.0 -0.466 -0.485 -0.7044 -0.6374 12.17 
0.406 2 2 2 -4.0 -4.0 -0.478 -0.495 -0.6374 -0.6583 12.18 
0.407 2 2 2 -4.0 -4.0 -0.463 -0.518 -0.6924 -0.6691 12.18 
0.408 2 2 2 -4.0 -4.0 -0.443 -0.519 -0.6374 -0.6804 12.18 
0.409 2 2 2 -4.0 -4.0 -0.406 -0.496 -0.7044 -0.6924 12.18 
0.410 2 2 2 -4.0 -4.0 -0.438 -0.462 -0.7302 -0.6924 12.19 
0.411 2 2 2 -4.0 -4.0 -0.469 -0.463 -0.7434 -0.7302 12.18 
0.412 2 2 2 -4.0 -4.0 -0.422 -0.462 -0.7575 -0.7302 12.18 
0.413 2 2 2 -4.0 -4.0 -0.459 -0.485 -0.7723 -0.7434 12.18 
0.414 2 2 2 -4.0 -4.0 -0.475 -0.482 -0.7723 -0.7723 12.18 
0.415 2 2 2 -4.0 -4.0 -0.427 -0.445 -0.7575 -0.7872 12.18 
0.416 2 2 2 -4.0 -4.0 -0.391 -0.418 -0.7723 -0.8032 12.19 
0.417 2 2 2 -4.0 -4.0 -0.386 -0.397 -0.8193 -0.7575 12.20 
0.418 2 2 2 -4.0 -4.0 -0.397 -0.402 -0.8193 -0.8032 12.21 
0.419 2 2 2 -4.0 -4.0 -0.365 -0.401 -0.7723 -0.7872 12.18 
0.420 2 2 2 -4.0 -4.0 -0.307 -0.359 -0.8366 -0.8193 12.19 
0.421 2 2 2 -4.0 -4.0 -0.352 -0.393 -0.8032 -0.8193 12.18 
0.422 2 2 2 -4.0 -4.0 -0.399 -0.379 -0.8543 -0.8193 12.19 
0.423 2 2 2 -4.0 -4.0 -0.353 -0.351 -0.8193 -0.8366 12.19 
0.424 2 2 2 -4.0 -4.0 -0.366 -0.345 -0.8543 -0.8366 12.18 
0.425 2 2 2 -4.0 -4.0 -0.410 -0.362 -0.8366 -0.8543 12.19 
0.426 2 2 2 -4.0 -4.0 -0.387 -0.342 -0.8366 -0.8543 12.20 
0.427 2 2 2 -4.0 -4.0 -0.376 -0.317 -0.8727 -0.8543 12.20 
0.428 2 2 2 -4.0 -4.0 -0.337 -0.313 -0.8727 -0.8366 12.20 
0.429 2 2 2 -4.0 -4.0 -0.344 -0.317 -0.8193 -0.8727 12.19 
0.430 2 2 2 -4.0 -4.0 -0.381 -0.307 -0.8193 -0.8727 12.20 
0.431 2 2 2 -4.0 -4.0 -0.334 -0.305 -0.8543 -0.8924 12.19 
0.432 2 2 2 -4.0 -4.0 -0.337 -0.307 -0.8193 -0.8924 12.20 
0.433 2 2 2 -4.0 -4.0 -0.317 -0.315 -0.8543 -0.8924 12.19 
0.434 2 2 2 -4.0 -4.0 -0.315 -0.292 -0.8366 -0.8924 12.20 
0.435 2 2 2 -4.0 -4.0 -0.302 -0.279 -0.8543 -0.9125 12.20 
0.436 2 2 2 -4.0 -4.0 -0.332 -0.299 -0.8727 -0.9125 12.20 
0.437 2 2 2 -4.0 -4.0 -0.337 -0.321 -0.8727 -0.9338 12.20 
0.438 2 2 2 -4.0 -4.0 -0.301 -0.299 -0.8924 -0.9559 12.20 
0.439 2 2 2 -4.0 -4.0 -0.311 -0.272 -0.9125 -0.9559 12.20 
0.440 2 2 2 -4.0 -4.0 -0.289 -0.265 -0.9559 -0.9559 12.21 
0.441 2 2 2 -4.0 -4.0 -0.286 -0.298 -0.8366 -0.9559 12.21 
0.442 2 2 2 -4.0 -4.0 -0.243 -0.250 -0.9338 -0.9796 12.20 
0.443 2 2 2 -4.0 -4.0 -0.305 -0.238 -0.8727 -0.9796 12.21 
0.444 2 2 2 -4.0 -4.0 -0.288 -0.242 -0.9796 -0.9796 12.21 
0.445 2 2 2 -4.0 -4.0 -0.300 -0.220 -0.9559 -1.0041 12.19 
0.446 2 2 2 -4.0 -4.0 -0.292 -0.222 -0.9559 -1.0041 12.20 
0.447 2 2 2 -4.0 -4.0 -0.284 -0.240 -0.9559 -1.0041 12.20 
0.448 2 2 2 -4.0 -4.0 -0.294 -0.220 -0.9796 -1.0041 12.21 
0.449 2 2 2 -4.0 -4.0 -0.248 -0.220 -0.9796 -0.9796 12.20 
0.450 2 2 2 -4.0 -4.0 -0.287 -0.239 -0.8727 -0.9796 12.20 
0.451 2 2 2 -4.0 -4.0 -0.281 -0.204 -0.9559 -0.9796 12.19 
0.452 2 2 2 -4.0 -4.0 -0.288 -0.224 -0.8924 -1.0041 12.19 
0.453 2 2 2 -4.0 -4.0 -0.260 -0.252 -0.9338 -1.0041 12.19 
0.454 2 2 2 -4.0 -4.0 -0.291 -0.208 -0.9338 -1.0041 12.21 
0.455 2 2 2 -4.0 -4.0 -0.274 -0.231 -0.9338 -1.0298 12.19 
0.456 2 2 2 -4.0 -4.0 -0.246 -0.239 -0.9559 -1.0298 12.20 
0.457 2 2 2 -4.0 -4.0 -0.267 -0.253 -0.9796 -1.0298 12.21 
0.458 2 2 2 -4.0 -4.0 -0.281 -0.222 -0.9796 -1.0567 12.21 
0.459 2 2 2 -4.0 -4.0 -0.274 -0.182 -0.9796 -1.0298 12.21 
0.460 2 2 2 -4.0 -4.0 -0.217 -0.216 -1.0041 -1.0567 12.21 
0.461 2 2 2 -4.0 -4.0 -0.257 -0.204 -1.0041 -1.0567 12.21 
0.462 2 2 2 -4.0 -4.0 -0.255 -0.177 -0.9796 -1.0852 12.21 
0.463 2 2 2 -4.0 -4.0 -0.218 -0.222 -1.0041 -1.0567 12.23 
0.464 2 2 2 -4.0 -4.0 -0.263 -0.179 -1.0041 -1.0567 12.20 
0.465 2 2 2 -4.0 -4.0 -0.263 -0.170 -1.0041 -1.0567 12.21 
0.466 2 2 2 -4.0 -4.0 -0.231 -0.219 -1.0298 -1.0567 12.22 
0.467 2 2 2 -4.0 -4.0 -0.221 -0.197 -1.0298 -1.0567 12.21 
0.468 2 2 2 -4.0 -4.0 -0.241 -0.200 -1.0041 -1.0298 12.22 
0.469 2 2 2 -4.0 -4.0 -0.253 -0.166 -1.0298 -1.0567 12.22 
0.470 2 2 2 -4.0 -4.0 -0.233 -0.188 -0.8924 -1.0567 12.22 
0.471 2 2 2 -4.0 -4.0 -0.208 -0.169 -0.9796 -1.0567 12.21 
0.472 2 2 2 -4.0 -4.0 -0.241 -0.166 -0.9338 -1.0567 12.21 
0.473 2 2 2 -4.0 -4.0 -0.234 -0.168 -0.9796 -1.0567 12.23 
0.474 2 2 2 -4.0 -4.0 -0.222 -0.179 -0.9796 -1.0852 12.22 
0.475 2 2 2 -4.0 -4.0 -0.246 -0.201 -0.9796 -1.0852 12.21 
0.476 2 2 2 -4.0 -4.0 -0.240 -0.224 -1.0041 -1.0852 12.21 
0.477 2 2 2 -4.0 -4.0 -0.281 -0.190 -1.0041 -1.1153 12.22 
0.478 2 2 2 -4.0 -4.0 -0.263 -0.173 -1.0298 -1.0852 12.22 
0.479 2 2 2 -4.0 -4.0 -0.249 -0.179 -1.0298 -1.1153 12.21 
0.480 2 2 2 -4.0 -4.0 -0.229 -0.158 -1.0298 -1.1153 12.23 
0.481 2 2 2 -4.0 -4.0 -0.224 -0.174 -1.0298 -1.1153 12.22 
0.482 2 2 2 -4.0 -4.0 -0.192 -0.230 -1.0298 -1.1153 12.21 
0.483 2 2 2 -4.0 -4.0 -0.194 -0.203 -1.0567 -1.1153 12.22 
0.484 2 2 2 -4.0 -4.0 -0.256 -0.174 -1.0567 -1.1153 12.22 
0.485 2 2 2 -4.0 -4.0 -0.240 -0.177 -1.0298 -1.1153 12.22 
0.486 2 2 2 -4.0 -4.0 -0.191 -0.156 -1.0567 -1.0852 12.21 
0.487 2 2 2 -4.0 -4.0 -0.225 -0.167 -1.0298 -1.0852 12.22 
0.488 2 2 2 -4.0 -4.0 -0.235 -0.150 -1.0567 -1.0852 12.21 
0.489 2 2 2 -4.0 -4.0 -0.213 -0.133 -1.0567 -1.1153 12.22 
0.490 2 2 2 -4.0 -4.0 -0.216 -0.143 -1.0041 -1.1153 12.21 
0.491 2 2 2 -4.0 -4.0 -0.250 -0.139 -1.0567 -1.1153 12.21 
0.492 2 2 2 -4.0 -4.0 -0.217 -0.157 -1.0298 -1.1153 12.20 
0.493 2 2 2 -4.0 -4.0 -0.232 -0.180 -1.0041 -1.1153 12.19 
0.494 2 2 2 -4.0 -4.0 -0.223 -0.194 -1.0298 -1.1812 12.21 
0.495 2 2 2 -4.0 -4.0 -0.247 -0.140 -1.0298 -1.1812 12.21 
0.496 2 2 2 -4.0 -4.0 -0.228 -0.133 -1.0298 -1.1474 12.23 
0.497 2 2 2 -4.0 -4.0 -0.240 -0.156 -1.0041 -1.1153 12.22 
0.498 2 2 2 -4.0 -4.0 -0.214 -0.132 -1.0041 -1.1474 12.23 
0.499 2 2 2 -4.0 -4.0 -0.219 -0.163 -1.0567 -1.1474 12.22 
0.500 2 2 2 -4.0 -4.0 -0.193 -0.156 -1.0567 -1.1474 12.23 
0.501 2 2 2 -4.0 -4.0 -0.205 -0.150 -0.9125 -1.1474 12.23 
0.502 2 2 2 -4.0 -4.0 -0.186 -0.151 -1.0567 -1.1474 12.22 
0.503 2 2 3 0.0 0.0 -0.258 -0.146 -1.0567 -1.1474 12.22 
0.504 2 2 3 0.0 0.0 0.008 -0.072 -1.0852 -1.1153 12.23 
0.505 2 2 3 0.0 0.0 0.408 0.201 -1.0567 -1.1153 12.24 
0.506 2 2 3 0.0 0.0 0.645 0.476 -1.0041 -1.1153 12.24 
0.507 2 2 3 0.0 0.0 0.615 0.713 -0.9796 -1.0852 12.24 
0.508 2 2 3 0.0 0.0 0.712 0.750 -0.9796 -1.0852 12.23 
0.509 2 2 3 0.0 0.0 0.787 0.693 -0.9338 -1.0567 12.24 
0.510 2 2 3 0.0 0.0 0.803 0.781 -0.8032 -1.0298 12.24 
0.511 2 2 3 0.0 0.0 0.650 0.846 -0.8193 -0.9796 12.24 
0.512 2 2 3 0.0 0.0 0.654 0.719 -0.7302 -0.9559 12.24 
0.513 2 2 3 0.0 0.0 0.712 0.755 -0.7434 -0.9338 12.25 
0.514 2 2 3 0.0 0.0 0.748 0.811 -0.6924 -0.9125 12.25 
0.515 2 2 3 0.0 0.0 0.586 0.707 -0.6804 -0.8543 12.24 
0.516 2 2 3 0.0 0.0 0.583 0.619 -0.6924 -0.8727 12.24 
0.517 2 2 3 0.0 0.0 0.620 0.684 -0.6474 -0.8032 12.23 
0.518 2 2 3 0.0 0.0 0.627 0.702 -0.6177 -0.7872 12.23 
0.519 2 2 3 0.0 0.0 0.617 0.707 -0.5820 -0.7434 12.24 
0.520 2 2 3 0.0 0.0 0.586 0.591 -0.5820 -0.7169 12.23 
0.521 2 2 3 0.0 0.0 0.500 0.580 -0.5354 -0.7169 12.24 
0.522 2 2 3 0.0 0.0 0.518 0.614 -0.5081 -0.6691 12.24 
0.523 2 2 3 0.0 0.0 0.522 0.647 -0.5149 -0.6583 12.24 
0.524 2 2 3 0.0 0.0 0.537 0.531 -0.4836 -0.6273 12.24 
0.525 2 2 3 0.0 0.0 0.516 0.440 -0.4779 -0.6177 12.24 
0.526 2 2 3 0.0 0.0 0.476 0.465 -0.4615 -0.5820 12.24 
0.527 2 2 3 0.0 0.0 0.381 0.502 -0.4510 -0.5820 12.24 
0.528 2 2 3 0.0 0.0 0.319 0.530 -0.3787 -0.5498 12.24 
0.529 2 2 3 0.0 0.0 0.330 0.488 -0.3976 -0.5426 12.24 
0.530 2 2 3 0.0 0.0 0.385 0.403 -0.3161 -0.5354 12.23 
0.531 2 2 3 0.0 0.0 0.389 0.383 -0.3582 -0.5149 12.24 
0.532 2 2 3 0.0 0.0 0.390 0.419 -0.3317 -0.4956 12.23 
0.533 2 2 3 0.0 0.0 0.381 0.443 -0.3317 -0.4779 12.23 
0.534 2 2 3 0.0 0.0 0.367 0.443 -0.3113 -0.4562 12.23 
0.535 2 2 3 0.0 0.0 0.333 0.424 -0.2462 -0.4462 12.24 
0.536 2 2 3 0.0 0.0 0.290 0.419 -0.2462 -0.4269 12.23 
0.537 2 2 3 0.0 0.0 0.233 0.290 -0.2868 -0.4181 12.24 
0.538 2 2 3 0.0 0.0 0.218 0.241 -0.2848 -0.3860 12.24 
0.539 2 2 3 0.0 0.0 0.247 0.266 -0.2848 -0.3823 12.23 
0.540 2 2 3 0.0 0.0 0.226 0.306 -0.2374 -0.3823 12.24 
0.541 2 2 3 0.0 0.0 0.214 0.343 -0.2374 -0.3550 12.24 
0.542 2 2 3 0.0 0.0 0.225 0.352 -0.1723 -0.3550 12.24 
0.543 2 2 3 0.0 0.0 0.213 0.357 -0.1723 -0.3346 12.23 
0.544 2 2 3 0.0 0.0 0.201 0.339 -0.1723 -0.3185 12.23 
0.545 2 2 3 0.0 0.0 0.194 0.334 -0.1659 -0.2972 12.24 
0.546 2 2 3 0.0 0.0 0.158 0.260 -0.1659 -0.2972 12.24 
0.547 2 2 3 0.0 0.0 0.147 0.251 -0.1398 -0.2928 12.24 
0.548 2 2 3 0.0 0.0 0.103 0.227 -0.1117 -0.2928 12.25 
0.549 2 2 3 0.0 0.0 0.118 0.235 -0.1117 -0.2731 12.24 
0.550 2 2 3 0.0 0.0 0.120 0.226 -0.1117 -0.2639 12.24 
0.551 2 2 3 0.0 0.0 0.082 0.230 -0.1117 -0.2607 12.24 
0.552 2 2 3 0.0 0.0 0.078 0.233 -0.0936 -0.2607 12.25 
0.553 2 2 3 0.0 0.0 0.058 0.210 -0.0759 -0.2293 12.24 
0.554 2 2 3 0.0 0.0 0.046 0.211 -0.0639 -0.2293 12.24 
0.555 2 2 3 0.0 0.0 0.050 0.172 -0.0550 -0.2181 12.24 
0.556 2 2 3 0.0 0.0 0.031 0.174 -0.0482 -0.2181 12.25 
0.557 2 2 3 0.0 0.0 0.009 0.165 -0.0430 -0.1956 12.24 
0.558 2 2 3 0.0 0.0 0.006 0.178 -0.0390 -0.1956 12.25 
0.559 2 2 3 0.0 0.0 -0.002 0.131 -0.0353 -0.1671 12.24 
0.560 2 2 3 0.0 0.0 0.010 0.096 -0.0325 -0.1671 12.24 
0.561 2 2 3 0.0 0.0 0.031 0.095 -0.0301 -0.1699 12.25 
0.562 2 2 3 0.0 0.0 -0.000 0.117 -0.0281 -0.1699 12.26 
0.563 2 2 3 0.0 0.0 0.007 0.115 -0.0261 -0.1699 12.25 
0.564 2 2 3 0.0 0.0 0.024 0.116 -0.0245 -0.1659 12.23 
0.565 2 2 3 0.0 0.0 0.002 0.108 -0.0229 -0.1659 12.24 
0.566 2 2 3 0.0 0.0 -0.000 0.116 -0.0217 -0.1554 12.24 
0.567 2 2 3 0.0 0.0 0.005 0.106 -0.0205 -0.1374 12.24 
0.568 2 2 3 0.0 0.0 -0.026 0.119 -0.0197 -0.1374 12.23 
0.569 2 2 3 0.0 0.0 -0.018 0.162 -0.0185 -0.1374 12.24 
0.570 2 2 3 0.0 0.0 0.008 0.136 -0.0177 -0.1092 12.24 
0.571 2 2 3 0.0 0.0 -0.007 0.136 -0.0169 -0.1088 12.24 
0.572 2 2 3 0.0 0.0 -0.004 0.119 -0.0165 -0.1088 12.24 
0.573 2 2 3 0.0 0.0 -0.033 0.112 -0.0157 -0.1088 12.24 
0.574 2 2 3 0.0 0.0 -0.025 0.091 -0.0153 -0.1004 12.24 
0.575 2 2 3 0.0 0.0 0.012 0.075 -0.0145 -0.0904 12.24 
0.576 2 2 3 0.0 0.0 -0.014 0.055 -0.0141 -0.0904 12.24 
0.577 2 2 3 0.0 0.0 -0.023 0.030 -0.0137 -0.0904 12.24 
0.578 2 2 3 0.0 0.0 0.016 0.021 -0.0133 -0.0904 12.24 
0.579 2 2 3 0.0 0.0 -0.005 0.025 -0.0125 -0.0880 12.24 
0.580 2 2 3 0.0 0.0 -0.008 0.011 -0.0120 -0.0771 12.24 
0.581 2 2 3 0.0 0.0 0.013 0.012 -0.0120 -0.0771 12.24 
0.582 2 2 3 0.0 0.0 -0.013 0.044 -0.0116 -0.0771 12.24 
0.583 2 2 3 0.0 0.0 -0.001 0.047 -0.0112 -0.0771 12.24 
0.584 2 2 3 0.0 0.0 -0.022 0.053 -0.0108 -0.0771 12.24 
0.585 2 2 3 0.0 0.0 0.023 -0.002 -0.0104 -0.0747 12.22 
0.586 2 2 3 0.0 0.0 -0.015 0.016 -0.0104 -0.0631 12.24 
0.587 2 2 3 0.0 0.0 -0.011 0.021 -0.0100 -0.0562 12.24 
0.588 2 2 3 0.0 0.0 -0.003 0.025 -0.0096 -0.0562 12.25 
0.589 2 2 3 0.0 0.0 -0.003 0.040 -0.0096 -0.0562 12.25 
0.590 2 2 3 0.0 0.0 -0.026 0.044 -0.0092 -0.0562 12.24 
0.591 2 2 3 0.0 0.0 -0.014 0.062 -0.0092 -0.0562 12.24 
0.592 2 2 3 0.0 0.0 0.012 0.047 -0.0088 -0.0562 12.24 
0.593 2 2 3 0.0 0.0 0.001 0.042 -0.0088 -0.0562 12.24 
0.594 2 2 3 0.0 0.0 0.013 0.038 -0.0084 -0.0550 12.24 
0.595 2 2 3 0.0 0.0 0.007 0.066 -0.0084 -0.0486 12.23 
0.596 2 2 3 0.0 0.0 0.006 0.025 -0.0080 -0.0434 12.24 
0.597 2 2 3 0.0 0.0 0.005 0.031 -0.0080 -0.0390 12.24 
0.598 2 2 3 0.0 0.0 0.012 0.029 -0.0076 -0.0353 12.24 
0.599 2 2 3 0.0 0.0 0.003 0.032 -0.0076 -0.0325 12.24 
0.600 2 2 3 0.0 0.0 0.012 0.048 -0.0076 -0.0301 12.25 
0.601 2 2 3 0.0 0.0 0.015 0.032 -0.0072 -0.0281 12.24 
0.602 2 2 3 0.0 0.0 0.043 0.023 -0.0072 -0.0261 12.25 
0.603 2 2 3 0.0 0.0 -0.012 0.015 -0.0072 -0.0245 12.25 
0.604 2 2 3 0.0 0.0 -0.018 0.018 -0.0068 -0.0241 12.24 
0.605 2 2 3 0.0 0.0 -0.003 0.025 -0.0068 -0.0241 12.24 
0.606 2 2 3 0.0 0.0 -0.011 0.013 -0.0068 -0.0241 12.24 
0.607 2 2 3 0.0 0.0 0.001 0.006 -0.0064 -0.0241 12.24 
0.608 2 2 3 0.0 0.0 0.008 0.009 -0.0064 -0.0241 12.24 
0.609 2 2 3 0.0 0.0 -0.012 -0.004 -0.0064 -0.0241 12.24 
0.610 2 2 3 0.0 0.0 -0.007 0.007 -0.0064 -0.0241 12.23 
0.611 2 2 3 0.0 0.0 0.007 0.006 -0.0060 -0.0241 12.24 
0.612 2 2 3 0.0 0.0 -0.029 0.020 -0.0060 -0.0241 12.24 
0.613 2 2 3 0.0 0.0 -0.020 0.025 -0.0060 -0.0241 12.24 
0.614 2 2 3 0.0 0.0 -0.000 -0.006 -0.0060 -0.0241 12.24 
0.615 2 2 3 0.0 0.0 0.006 -0.012 -0.0056 -0.0241 12.24 
0.616 2 2 3 0.0 0.0 0.006 -0.007 -0.0056 -0.0241 12.24 
0.617 2 2 3 0.0 0.0 -0.019 0.006 -0.0056 -0.0241 12.24 
0.618 2 2 3 0.0 0.0 -0.034 0.010 -0.0056 -0.0241 12.24 
0.619 2 2 3 0.0 0.0 -0.008 -0.001 -0.0056 -0.0241 12.25 
0.620 2 2 3 0.0 0.0 -0.011 -0.013 -0.0052 -0.0237 12.24 
0.621 2 2 3 0.0 0.0 -0.030 0.005 -0.0052 -0.0225 12.24 
0.622 2 2 3 0.0 0.0 0.008 0.012 -0.0052 -0.0213 12.25 
0.623 2 2 3 0.0 0.0 0.010 0.022 -0.0052 -0.0201 12.25 
0.624 2 2 3 0.0 0.0 0.014 0.002 -0.0052 -0.0193 12.24 
0.625 2 2 3 0.0 0.0 -0.037 0.009 -0.0048 -0.0181 12.24 
0.626 2 2 3 0.0 0.0 -0.029 0.012 -0.0048 -0.0173 12.24 
0.627 2 2 3 0.0 0.0 -0.018 -0.005 -0.0048 -0.0165 12.24 
0.628 2 2 3 0.0 0.0 0.016 0.025 -0.0048 -0.0161 12.23 
0.629 2 2 3 0.0 0.0 0.001 0.006 -0.0048 -0.0153 12.24 
0.630 2 2 3 0.0 0.0 0.020 0.016 -0.0048 -0.0149 12.24 
0.631 2 2 3 0.0 0.0 0.026 0.024 -0.0048 -0.0141 12.24 
0.632 2 2 3 0.0 0.0 0.039 -0.003 -0.0044 -0.0137 12.24 
0.633 2 2 3 0.0 0.0 0.032 -0.013 -0.0044 -0.0133 12.25 
0.634 2 2 3 0.0 0.0 -0.007 0.006 -0.0044 -0.0129 12.24 
0.635 2 2 3 0.0 0.0 -0.003 0.003 -0.0044 -0.0125 12.24 
0.636 2 2 3 0.0 0.0 0.010 -0.001 -0.0044 -0.0120 12.24 
0.637 2 2 3 0.0 0.0 0.020 0.007 -0.0044 -0.0116 12.25 
0.638 2 2 3 0.0 0.0 -0.003 0.014 -0.0044 -0.0112 12.25 
0.639 2 2 3 0.0 0.0 0.008 -0.002 -0.0040 -0.0108 12.24 
0.640 2 2 3 0.0 0.0 -0.012 -0.001 -0.0040 -0.0108 12.24 
0.641 2 2 3 0.0 0.0 -0.030 -0.010 -0.0040 -0.0104 12.25 
0.642 2 2 3 0.0 0.0 -0.000 0.014 -0.0040 -0.0100 12.25 
0.643 2 2 3 0.0 0.0 0.016 -0.016 -0.0040 -0.0100 12.24 
0.644 2 2 3 0.0 0.0 -0.015 -0.027 -0.0040 -0.0096 12.24 
0.645 2 2 3 0.0 0.0 -0.022 -0.005 -0.0040 -0.0092 12.24 
0.646 2 2 3 0.0 0.0 -0.004 0.019 -0.0040 -0.0092 12.24 
0.647 2 2 3 0.0 0.0 0.008 0.021 -0.0040 -0.0088 12.24 
0.648 2 2 3 0.0 0.0 0.011 0.049 -0.0036 -0.0088 12.24 
0.649 2 2 3 0.0 0.0 -0.001 0.039 -0.0036 -0.0084 12.24 
0.650 2 2 3 0.0 0.0 -0.007 0.025 -0.0036 -0.0084 12.24 
0.651 2 2 3 0.0 0.0 0.003 0.011 -0.0036 -0.0080 12.24 
0.652 2 2 3 0.0 0.0 0.002 -0.003 -0.0036 -0.0080 12.24 
0.653 2 2 3 0.0 0.0 -0.016 0.004 -0.0036 -0.0080 12.24 
0.654 2 2 3 0.0 0.0 -0.000 -0.011 -0.0036 -0.0076 12.24 
0.655 2 2 3 0.0 0.0 -0.026 -0.020 -0.0036 -0.0076 12.24 
0.656 2 2 3 0.0 0.0 -0.037 -0.014 -0.0036 -0.0072 12.24 
0.657 2 2 3 0.0 0.0 -0.000 -0.009 -0.0036 -0.0072 12.24 
0.658 2 2 3 0.0 0.0 0.035 -0.017 -0.0036 -0.0072 12.24 
0.659 2 2 3 0.0 0.0 -0.003 0.018 -0.0032 -0.0068 12.24 
0.660 2 2 3 0.0 0.0 -0.003 -0.004 -0.0032 -0.0068 12.24 
0.661 2 2 3 0.0 0.0 -0.007 0.008 -0.0032 -0.0068 12.24 
0.662 2 2 3 0.0 0.0 0.003 -0.002 -0.0032 -0.0068 12.22 
0.663 2 2 3 0.0 0.0 0.008 -0.005 -0.0032 -0.0064 12.24 
0.664 2 2 3 0.0 0.0 0.024 -0.029 -0.0032 -0.0064 12.25 
0.665 2 2 3 0.0 0.0 0.020 -0.016 -0.0032 -0.0064 12.24 
