%% logfile from robot Haiyan (85)
% Haiyan (85)
%  1    time 0.000 sec
%  2  3  4   (mission 0), state 2, thread 1, line 0
%  5  6 Motor voltage [V] left, right: 1.5 1.5
%  7  8 Motor current left, right [A]: 0.043 0.042
%  9 10 Wheel velocity [m/s] left, right: 0.0000 0.0000
% 11    Battery voltage [V]: 12.26
0.001 2 1 0 1.5 1.5 -0.010 -0.000 0.0000 0.0000 12.25 
0.002 2 1 0 1.5 1.5 0.113 0.106 0.0000 0.0000 12.24 
0.003 2 1 0 1.5 1.5 0.298 0.262 0.0000 0.0000 12.23 
0.004 2 1 0 1.5 1.5 0.426 0.374 0.0000 0.0000 12.23 
0.005 2 1 0 1.5 1.5 0.472 0.437 0.0000 0.0000 12.23 
0.006 2 1 0 1.5 1.5 0.522 0.450 0.0000 0.0000 12.23 
0.007 2 1 0 1.5 1.5 0.546 0.422 0.0000 0.0000 12.23 
0.008 2 1 0 1.5 1.5 0.494 0.394 0.0000 0.0000 12.23 
0.009 2 1 0 1.5 1.5 0.476 0.369 0.0000 0.0000 12.23 
0.010 2 1 0 1.5 1.5 0.457 0.367 0.0000 0.0000 12.22 
0.011 2 1 0 1.5 1.5 0.457 0.364 0.0000 0.0000 12.23 
0.012 2 1 0 1.5 1.5 0.443 0.347 0.0863 0.0000 12.23 
0.013 2 1 0 1.5 1.5 0.454 0.320 0.0863 0.1096 12.23 
0.014 2 1 0 1.5 1.5 0.462 0.319 0.0863 0.1096 12.23 
0.015 2 1 0 1.5 1.5 0.446 0.325 0.1518 0.1598 12.23 
0.016 2 1 0 1.5 1.5 0.444 0.287 0.1518 0.1598 12.23 
0.017 2 1 0 1.5 1.5 0.439 0.303 0.1759 0.1598 12.24 
0.018 2 1 0 1.5 1.5 0.407 0.308 0.1759 0.1639 12.24 
0.019 2 1 0 1.5 1.5 0.376 0.381 0.2193 0.1639 12.23 
0.020 2 1 0 1.5 1.5 0.358 0.419 0.2193 0.2028 12.24 
0.021 2 1 0 1.5 1.5 0.341 0.416 0.2016 0.2028 12.23 
0.022 2 1 0 1.5 1.5 0.349 0.370 0.2494 0.1892 12.23 
0.023 2 1 0 1.5 1.5 0.351 0.287 0.2494 0.1892 12.24 
0.024 2 1 0 1.5 1.5 0.365 0.278 0.2522 0.2321 12.24 
0.025 2 1 0 1.5 1.5 0.378 0.272 0.3040 0.2305 12.23 
0.026 2 1 0 1.5 1.5 0.339 0.244 0.3040 0.2305 12.24 
0.027 2 1 0 1.5 1.5 0.320 0.237 0.2554 0.2494 12.24 
0.028 2 1 0 1.5 1.5 0.319 0.253 0.3064 0.2494 12.24 
0.029 2 1 0 1.5 1.5 0.311 0.261 0.2996 0.2229 12.24 
0.030 2 1 0 1.5 1.5 0.302 0.249 0.2928 0.2747 12.24 
0.031 2 1 0 1.5 1.5 0.294 0.248 0.3490 0.2747 12.24 
0.032 2 1 0 1.5 1.5 0.277 0.241 0.2928 0.2574 12.24 
0.033 2 1 0 1.5 1.5 0.269 0.271 0.3490 0.2928 12.23 
0.034 2 1 0 1.5 1.5 0.255 0.233 0.3185 0.2928 12.24 
0.035 2 1 0 1.5 1.5 0.278 0.228 0.3860 0.2827 12.24 
0.036 2 1 0 1.5 1.5 0.251 0.207 0.3860 0.3088 12.24 
0.037 2 1 0 1.5 1.5 0.264 0.177 0.3374 0.2731 12.24 
0.038 2 1 0 1.5 1.5 0.264 0.189 0.3823 0.2731 12.24 
0.039 2 1 0 1.5 1.5 0.256 0.202 0.3651 0.3185 12.24 
0.040 2 1 0 1.5 1.5 0.228 0.210 0.3896 0.3137 12.24 
0.041 2 1 0 1.5 1.5 0.216 0.165 0.3715 0.3346 12.24 
0.042 2 1 0 1.5 1.5 0.226 0.172 0.3896 0.2996 12.24 
0.043 2 1 0 1.5 1.5 0.239 0.228 0.3936 0.2807 12.24 
0.044 2 1 0 1.5 1.5 0.227 0.206 0.4181 0.3462 12.24 
0.045 2 1 0 1.5 1.5 0.217 0.196 0.3683 0.3185 12.24 
0.046 2 1 0 1.5 1.5 0.232 0.187 0.4016 0.3582 12.24 
0.047 2 1 0 1.5 1.5 0.237 0.147 0.4016 0.3490 12.24 
0.048 2 1 0 1.5 1.5 0.211 0.194 0.4317 0.3550 12.24 
0.049 2 1 0 1.5 1.5 0.189 0.164 0.3936 0.3550 12.24 
0.050 2 1 0 1.5 1.5 0.203 0.143 0.4317 0.3462 12.24 
0.051 2 1 0 1.5 1.5 0.227 0.159 0.4562 0.3651 12.24 
0.052 2 1 0 1.5 1.5 0.207 0.166 0.3823 0.3374 12.24 
0.053 2 1 0 1.5 1.5 0.201 0.203 0.4181 0.3715 12.24 
0.054 2 1 0 1.5 1.5 0.196 0.215 0.4410 0.3213 12.24 
0.055 2 1 0 1.5 1.5 0.177 0.153 0.4667 0.3860 12.24 
0.056 2 1 0 1.5 1.5 0.182 0.142 0.4562 0.3715 12.25 
0.057 2 1 0 1.5 1.5 0.190 0.102 0.4667 0.3787 12.24 
0.058 2 1 0 1.5 1.5 0.198 0.157 0.4896 0.3550 12.24 
0.059 2 1 0 1.5 1.5 0.176 0.134 0.4510 0.3289 12.24 
0.060 2 1 0 1.5 1.5 0.195 0.105 0.4723 0.3936 12.25 
0.061 2 1 0 1.5 1.5 0.192 0.124 0.4956 0.3651 12.24 
0.062 2 1 0 1.5 1.5 0.165 0.143 0.4667 0.3936 12.25 
0.063 2 1 0 1.5 1.5 0.150 0.146 0.4410 0.3462 12.24 
0.064 2 1 0 1.5 1.5 0.169 0.152 0.5020 0.3751 12.24 
0.065 2 1 0 1.5 1.5 0.175 0.138 0.5213 0.3751 12.25 
0.066 2 1 0 1.5 1.5 0.166 0.134 0.4667 0.3896 12.24 
0.067 2 1 0 1.5 1.5 0.172 0.161 0.4956 0.3615 12.24 
0.068 2 1 0 1.5 1.5 0.165 0.139 0.5281 0.3896 12.24 
0.069 2 1 0 1.5 1.5 0.154 0.139 0.5020 0.3936 12.24 
0.070 2 1 0 1.5 1.5 0.152 0.187 0.5149 0.4056 12.24 
0.071 2 1 0 1.5 1.5 0.536 -0.209 0.5354 0.3651 12.24 
0.072 2 1 0 1.5 1.5 0.309 -0.048 0.5020 0.3976 12.24 
0.073 2 1 0 1.5 1.5 0.201 0.074 0.5213 0.3751 12.24 
0.074 2 1 0 1.5 1.5 0.146 0.104 0.5498 0.4016 12.24 
0.075 2 1 0 1.5 1.5 0.115 0.119 0.5149 0.3860 12.24 
0.076 2 1 0 1.5 1.5 0.123 0.096 0.5281 0.4137 12.24 
0.077 2 1 0 1.5 1.5 0.150 0.111 0.5426 0.3896 12.25 
0.078 2 1 0 1.5 1.5 0.134 0.145 0.5149 0.4097 12.24 
0.079 2 1 0 1.5 1.5 0.142 0.192 0.5354 0.3787 12.24 
0.080 2 1 0 1.5 1.5 0.151 0.150 0.5281 0.4097 12.24 
0.081 2 1 0 1.5 1.5 0.128 0.142 0.5354 0.4137 12.24 
0.082 2 1 0 1.5 1.5 0.120 0.104 0.5426 0.4269 12.24 
0.083 2 1 0 1.5 1.5 0.138 0.096 0.5575 0.3823 12.24 
0.084 2 1 0 1.5 1.5 0.139 0.152 0.5213 0.4137 12.24 
0.085 2 1 0 1.5 1.5 0.142 0.144 0.5426 0.4097 12.24 
0.086 2 1 0 1.5 1.5 0.136 0.125 0.5655 0.4317 12.24 
0.087 2 1 0 1.5 1.5 0.114 0.097 0.5354 0.4462 12.24 
0.088 2 1 0 1.5 1.5 0.123 0.104 0.5498 0.3976 12.24 
0.089 2 1 0 1.5 1.5 0.140 0.095 0.5820 0.4269 12.25 
0.090 2 1 0 1.5 1.5 0.127 0.096 0.5281 0.4362 12.24 
0.091 2 1 0 1.5 1.5 0.131 0.103 0.5575 0.4510 12.24 
0.092 2 1 0 1.5 1.5 0.131 0.100 0.5904 0.3787 12.24 
0.093 2 1 0 1.5 1.5 0.100 0.115 0.5735 0.4181 12.24 
0.094 2 1 0 1.5 1.5 0.103 0.119 0.5820 0.4225 12.24 
0.095 2 1 0 1.5 1.5 0.128 0.107 0.5992 0.4462 12.24 
0.096 2 1 0 1.5 1.5 0.126 0.115 0.5735 0.4615 12.24 
0.097 2 1 0 1.5 1.5 0.126 0.079 0.5992 0.4615 12.25 
0.098 2 1 0 1.5 1.5 0.101 0.081 0.5426 0.4723 12.24 
0.099 2 1 0 1.5 1.5 0.104 0.112 0.5575 0.4562 12.25 
0.100 2 1 0 1.5 1.5 0.115 0.120 0.6085 0.4667 12.24 
0.101 2 1 0 1.5 1.5 0.112 0.138 0.5498 0.4362 12.25 
0.102 2 1 0 1.5 1.5 0.124 0.123 0.5735 0.4615 12.25 
0.103 2 1 0 1.5 1.5 0.118 0.077 0.6085 0.4723 12.24 
0.104 2 1 0 1.5 1.5 0.085 0.085 0.5735 0.4016 12.25 
0.105 2 1 0 1.5 1.5 0.094 0.083 0.5575 0.4362 12.25 
0.106 2 1 0 1.5 1.5 0.118 0.104 0.6085 0.4410 12.24 
0.107 2 1 0 1.5 1.5 0.119 0.123 0.5575 0.4562 12.24 
0.108 2 1 0 1.5 1.5 0.109 0.119 0.5655 0.4362 12.24 
0.109 2 1 0 1.5 1.5 0.106 0.105 0.5992 0.4562 12.25 
0.110 2 1 0 1.5 1.5 0.090 0.104 0.5820 0.4510 12.24 
0.111 2 1 0 1.5 1.5 0.087 0.115 0.5575 0.4667 12.25 
0.112 2 1 0 1.5 1.5 0.091 0.143 0.5735 0.4667 12.24 
0.113 2 1 0 1.5 1.5 0.099 0.154 0.5904 0.4615 12.24 
0.114 2 1 0 1.5 1.5 0.119 0.129 0.6085 0.4723 12.24 
0.115 2 1 0 1.5 1.5 0.085 0.126 0.5904 0.4410 12.24 
0.116 2 1 0 1.5 1.5 0.089 0.085 0.5992 0.4667 12.25 
0.117 2 1 0 1.5 1.5 0.101 0.080 0.6177 0.4462 12.24 
0.118 2 1 0 1.5 1.5 0.091 0.096 0.5735 0.4667 12.24 
0.119 2 1 0 1.5 1.5 0.092 0.088 0.5820 0.4779 12.25 
0.120 2 1 0 1.5 1.5 0.093 0.126 0.6085 0.4562 12.24 
0.121 2 1 0 1.5 1.5 0.093 0.206 0.5992 0.4723 12.24 
0.122 2 1 0 1.5 1.5 0.087 0.177 0.6085 0.4562 12.24 
0.123 2 1 0 1.5 1.5 0.093 0.112 0.5735 0.4779 12.24 
0.124 2 1 0 1.5 1.5 0.096 0.096 0.5992 0.4779 12.24 
0.125 2 1 0 1.5 1.5 0.071 0.101 0.6374 0.4562 12.24 
0.126 2 1 0 1.5 1.5 0.061 0.080 0.6177 0.4779 12.24 
0.127 2 1 0 1.5 1.5 0.077 0.096 0.6177 0.4723 12.24 
0.128 2 1 0 1.5 1.5 0.081 0.126 0.6085 0.4836 12.24 
0.129 2 1 0 1.5 1.5 0.081 0.158 0.6085 0.4836 12.24 
0.130 2 1 0 1.5 1.5 0.089 0.096 0.6474 0.4410 12.24 
0.131 2 1 0 1.5 1.5 0.065 0.088 0.5575 0.4836 12.25 
0.132 2 1 0 1.5 1.5 0.055 0.067 0.6474 0.4836 12.24 
0.133 2 1 0 1.5 1.5 0.072 0.068 0.6583 0.4956 12.24 
0.134 2 1 0 1.5 1.5 0.090 0.092 0.6085 0.4510 12.24 
0.135 2 1 0 1.5 1.5 0.101 0.103 0.6085 0.4723 12.25 
0.136 2 1 0 1.5 1.5 0.084 0.103 0.6085 0.4896 12.25 
0.137 2 1 0 1.5 1.5 0.082 0.105 0.6177 0.4896 12.25 
0.138 2 1 0 1.5 1.5 0.081 0.072 0.6374 0.4956 12.25 
0.139 2 1 0 1.5 1.5 0.085 0.064 0.5904 0.4896 12.24 
0.140 2 1 0 1.5 1.5 0.090 0.058 0.5992 0.4779 12.24 
0.141 2 1 0 1.5 1.5 0.074 0.116 0.6374 0.4896 12.24 
0.142 2 1 0 1.5 1.5 0.045 0.142 0.6177 0.4615 12.25 
0.143 2 1 0 1.5 1.5 0.070 0.109 0.5904 0.4836 12.24 
0.144 2 1 0 1.5 1.5 0.081 0.135 0.6085 0.4896 12.25 
0.145 2 1 0 1.5 1.5 0.080 0.111 0.6273 0.4615 12.24 
0.146 2 1 0 1.5 1.5 0.075 0.069 0.6474 0.4836 12.24 
0.147 2 1 0 1.5 1.5 0.069 0.099 0.6177 0.4779 12.24 
0.148 2 1 0 1.5 1.5 0.080 0.106 0.6177 0.4896 12.25 
0.149 2 1 0 1.5 1.5 0.086 0.088 0.5992 0.4667 12.25 
0.150 2 1 0 1.5 1.5 0.093 0.104 0.6177 0.4896 12.25 
0.151 2 1 0 1.5 1.5 0.087 0.081 0.6374 0.4896 12.25 
0.152 2 1 0 1.5 1.5 0.057 0.079 0.6085 0.4667 12.24 
0.153 2 1 0 1.5 1.5 0.055 0.063 0.6273 0.4896 12.24 
0.154 2 1 0 1.5 1.5 0.081 0.074 0.6583 0.4836 12.25 
0.155 2 1 0 1.5 1.5 0.089 0.119 0.6273 0.4956 12.24 
0.156 2 1 0 1.5 1.5 0.087 0.101 0.6374 0.4956 12.24 
0.157 2 1 0 1.5 1.5 0.079 0.140 0.6374 0.4723 12.24 
0.158 2 1 0 1.5 1.5 0.062 0.093 0.6474 0.4896 12.24 
0.159 2 1 0 1.5 1.5 0.065 0.049 0.6691 0.4779 12.25 
0.160 2 1 0 1.5 1.5 0.086 0.047 0.6273 0.5020 12.25 
0.161 2 1 0 1.5 1.5 0.076 0.084 0.6474 0.5020 12.24 
0.162 2 1 0 1.5 1.5 0.044 0.122 0.5820 0.4779 12.25 
0.163 2 1 0 1.5 1.5 0.051 0.101 0.6177 0.5020 12.25 
0.164 2 1 0 1.5 1.5 0.073 0.106 0.6804 0.4956 12.25 
0.165 2 1 0 1.5 1.5 0.072 0.135 0.5992 0.4562 12.24 
0.166 2 1 0 1.5 1.5 0.075 0.149 0.6273 0.5020 12.24 
0.167 2 1 0 1.5 1.5 0.077 0.092 0.6273 0.4896 12.24 
0.168 2 1 0 1.5 1.5 0.063 0.069 0.6374 0.5020 12.25 
0.169 2 1 0 1.5 1.5 0.076 0.073 0.6583 0.4956 12.25 
0.170 2 1 0 1.5 1.5 0.089 0.085 0.6085 0.4779 12.24 
0.171 2 1 0 1.5 1.5 0.086 0.078 0.6177 0.4956 12.24 
0.172 2 1 0 1.5 1.5 0.047 0.102 0.6374 0.4956 12.24 
0.173 2 1 0 1.5 1.5 0.428 -0.303 0.6374 0.5020 12.24 
0.174 2 1 0 1.5 1.5 0.235 -0.054 0.6474 0.4615 12.25 
0.175 2 1 0 1.5 1.5 0.114 0.094 0.6273 0.4723 12.25 
0.176 2 1 0 1.5 1.5 0.111 0.083 0.6273 0.4956 12.25 
0.177 2 1 0 1.5 1.5 0.077 0.066 0.6583 0.4956 12.25 
0.178 2 1 0 1.5 1.5 0.053 0.023 0.6474 0.5020 12.25 
0.179 2 1 0 1.5 1.5 0.067 0.031 0.6374 0.5149 12.25 
0.180 2 1 0 1.5 1.5 0.081 0.071 0.6177 0.4896 12.24 
0.181 2 1 0 1.5 1.5 0.073 0.100 0.6273 0.5020 12.24 
0.182 2 1 0 1.5 1.5 0.051 0.104 0.6583 0.4723 12.25 
0.183 2 1 0 1.5 1.5 0.062 0.076 0.6474 0.5020 12.24 
0.184 2 1 0 1.5 1.5 0.061 0.055 0.6474 0.5081 12.24 
0.185 2 1 0 1.5 1.5 0.070 0.048 0.6085 0.4723 12.24 
0.186 2 1 0 1.5 1.5 0.095 0.047 0.6374 0.4956 12.24 
0.187 2 1 0 1.5 1.5 0.079 0.073 0.6691 0.4896 12.24 
0.188 2 1 0 1.5 1.5 0.048 0.101 0.6474 0.4779 12.24 
0.189 2 1 0 1.5 1.5 0.061 0.105 0.6474 0.5020 12.24 
0.190 2 1 0 1.5 1.5 0.116 0.123 0.6085 0.4956 12.24 
0.191 2 1 0 1.5 1.5 0.104 0.064 0.6273 0.5081 12.24 
0.192 2 1 0 1.5 1.5 0.079 0.036 0.6804 0.4836 12.24 
0.193 2 1 0 1.5 1.5 0.048 0.052 0.6177 0.4956 12.25 
0.194 2 1 0 1.5 1.5 0.067 0.088 0.6691 0.5081 12.24 
0.195 2 1 0 1.5 1.5 0.074 0.106 0.5992 0.4779 12.24 
0.196 2 1 0 1.5 1.5 0.086 0.090 0.6273 0.5020 12.24 
0.197 2 1 0 1.5 1.5 0.089 0.074 0.6691 0.5020 12.24 
0.198 2 1 0 1.5 1.5 0.056 0.062 0.6273 0.4836 12.24 
0.199 2 1 0 1.5 1.5 0.062 0.045 0.6273 0.5081 12.24 
0.200 2 1 0 1.5 1.5 0.080 0.109 0.6177 0.4896 12.24 
0.201 2 1 1 3.0 3.0 0.078 0.179 0.6374 0.4779 12.24 
0.202 2 1 1 3.0 3.0 0.073 0.217 0.6691 0.5081 12.23 
0.203 2 1 1 3.0 3.0 0.178 0.290 0.6273 0.5081 12.22 
0.204 2 1 1 3.0 3.0 0.286 0.299 0.6273 0.5213 12.21 
0.205 2 1 1 3.0 3.0 0.321 0.348 0.6583 0.5281 12.21 
0.206 2 1 1 3.0 3.0 0.359 0.373 0.6804 0.5213 12.21 
0.207 2 1 1 3.0 3.0 0.362 0.380 0.7169 0.5498 12.21 
0.208 2 1 1 3.0 3.0 0.363 0.379 0.7044 0.5735 12.20 
0.209 2 1 1 3.0 3.0 0.385 0.348 0.7434 0.5426 12.21 
0.210 2 1 1 3.0 3.0 0.340 0.319 0.6924 0.5735 12.21 
0.211 2 1 1 3.0 3.0 0.332 0.315 0.7169 0.5904 12.22 
0.212 2 1 1 3.0 3.0 0.320 0.309 0.7169 0.5498 12.21 
0.213 2 1 1 3.0 3.0 0.313 0.305 0.7575 0.5735 12.21 
0.214 2 1 1 3.0 3.0 0.319 0.324 0.7302 0.6085 12.21 
0.215 2 1 1 3.0 3.0 0.312 0.331 0.7723 0.6273 12.22 
0.216 2 1 1 3.0 3.0 0.297 0.328 0.7723 0.6474 12.22 
0.217 2 1 1 3.0 3.0 0.298 0.322 0.7872 0.6177 12.21 
0.218 2 1 1 3.0 3.0 0.291 0.373 0.7434 0.5992 12.21 
0.219 2 1 1 3.0 3.0 0.294 0.328 0.7872 0.6374 12.21 
0.220 2 1 1 3.0 3.0 0.288 0.265 0.7044 0.6474 12.22 
0.221 2 1 1 3.0 3.0 0.279 0.256 0.7872 0.6085 12.22 
0.222 2 1 1 3.0 3.0 0.296 0.234 0.7169 0.6474 12.22 
0.223 2 1 1 3.0 3.0 0.287 0.237 0.7723 0.6374 12.21 
0.224 2 1 1 3.0 3.0 0.290 0.285 0.7872 0.6691 12.21 
0.225 2 1 1 3.0 3.0 0.282 0.320 0.8032 0.6804 12.22 
0.226 2 1 1 3.0 3.0 0.278 0.344 0.7872 0.6924 12.22 
0.227 2 1 1 3.0 3.0 0.262 0.320 0.8193 0.6804 12.22 
0.228 2 1 1 3.0 3.0 0.237 0.301 0.8193 0.6583 12.22 
0.229 2 1 1 3.0 3.0 0.235 0.241 0.8193 0.6691 12.22 
0.230 2 1 1 3.0 3.0 0.238 0.233 0.8366 0.7044 12.22 
0.231 2 1 1 3.0 3.0 0.239 0.232 0.8543 0.7169 12.22 
0.232 2 1 1 3.0 3.0 0.239 0.321 0.8727 0.7302 12.22 
0.233 2 1 1 3.0 3.0 0.237 0.286 0.9125 0.7302 12.22 
0.234 2 1 1 3.0 3.0 0.257 0.226 0.8727 0.7434 12.22 
0.235 2 1 1 3.0 3.0 0.239 0.241 0.8924 0.7044 12.22 
0.236 2 1 1 3.0 3.0 0.232 0.256 0.8924 0.7302 12.22 
0.237 2 1 1 3.0 3.0 0.236 0.279 0.9338 0.7434 12.23 
0.238 2 1 1 3.0 3.0 0.245 0.256 0.9125 0.7302 12.22 
0.239 2 1 1 3.0 3.0 0.230 0.203 0.9338 0.7575 12.23 
0.240 2 1 1 3.0 3.0 0.223 0.210 0.9559 0.7169 12.22 
0.241 2 1 1 3.0 3.0 0.217 0.192 0.8924 0.7434 12.22 
0.242 2 1 1 3.0 3.0 0.208 0.191 0.9559 0.7723 12.23 
0.243 2 1 1 3.0 3.0 0.181 0.201 0.8727 0.8032 12.22 
0.244 2 1 1 3.0 3.0 0.199 0.158 0.8924 0.7872 12.23 
0.245 2 1 1 3.0 3.0 0.204 0.214 0.9125 0.7872 12.22 
0.246 2 1 1 3.0 3.0 0.208 0.250 0.9125 0.7723 12.22 
0.247 2 1 1 3.0 3.0 0.216 0.172 0.9338 0.8032 12.22 
0.248 2 1 1 3.0 3.0 0.218 0.150 0.9559 0.7723 12.23 
0.249 2 1 1 3.0 3.0 0.222 0.173 0.9796 0.7872 12.23 
0.250 2 1 1 3.0 3.0 0.188 0.200 0.9796 0.7872 12.23 
0.251 2 1 1 3.0 3.0 0.196 0.161 0.9796 0.8032 12.23 
0.252 2 1 1 3.0 3.0 0.194 0.156 0.9796 0.7872 12.22 
0.253 2 1 1 3.0 3.0 0.188 0.237 0.9796 0.8032 12.23 
0.254 2 1 1 3.0 3.0 0.180 0.208 1.0041 0.7872 12.22 
0.255 2 1 1 3.0 3.0 0.194 0.222 0.9796 0.7872 12.23 
0.256 2 1 1 3.0 3.0 0.186 0.203 1.0041 0.8032 12.23 
0.257 2 1 1 3.0 3.0 0.169 0.175 1.0041 0.8032 12.23 
0.258 2 1 1 3.0 3.0 0.176 0.232 0.9796 0.8032 12.23 
0.259 2 1 1 3.0 3.0 0.183 0.184 1.0298 0.8366 12.23 
0.260 2 1 1 3.0 3.0 0.146 0.145 1.0298 0.8193 12.23 
0.261 2 1 1 3.0 3.0 0.162 0.191 1.0041 0.8193 12.23 
0.262 2 1 1 3.0 3.0 0.163 0.182 1.0298 0.8543 12.23 
0.263 2 1 1 3.0 3.0 0.154 0.162 1.0298 0.8193 12.23 
0.264 2 1 1 3.0 3.0 0.147 0.178 1.0852 0.8543 12.23 
0.265 2 1 1 3.0 3.0 0.169 0.143 1.0298 0.8193 12.23 
0.266 2 1 1 3.0 3.0 0.139 0.177 1.0298 0.8366 12.23 
0.267 2 1 1 3.0 3.0 0.156 0.138 1.0567 0.8727 12.23 
0.268 2 1 1 3.0 3.0 0.163 0.096 1.0567 0.8543 12.23 
0.269 2 1 1 3.0 3.0 0.151 0.194 1.0298 0.8193 12.23 
0.270 2 1 1 3.0 3.0 0.137 0.192 1.0298 0.8543 12.23 
0.271 2 1 1 3.0 3.0 0.153 0.164 1.0567 0.8193 12.23 
0.272 2 1 1 3.0 3.0 0.162 0.157 1.0852 0.8366 12.23 
0.273 2 1 1 3.0 3.0 0.122 0.147 1.0567 0.8193 12.23 
0.274 2 1 1 3.0 3.0 0.142 0.108 1.0567 0.8543 12.24 
0.275 2 1 1 3.0 3.0 0.152 0.123 1.0852 0.8366 12.23 
0.276 2 1 1 3.0 3.0 0.488 -0.216 1.0567 0.8543 12.23 
0.277 2 1 1 3.0 3.0 0.332 0.016 1.0298 0.8543 12.23 
0.278 2 1 1 3.0 3.0 0.225 0.100 1.0567 0.8366 12.23 
0.279 2 1 1 3.0 3.0 0.153 0.164 1.0852 0.8543 12.23 
0.280 2 1 1 3.0 3.0 0.150 0.147 1.0567 0.8543 12.23 
0.281 2 1 1 3.0 3.0 0.143 0.153 1.0852 0.8543 12.24 
0.282 2 1 1 3.0 3.0 0.131 0.176 1.0567 0.8727 12.23 
0.283 2 1 1 3.0 3.0 0.133 0.145 1.1153 0.8543 12.23 
0.284 2 1 1 3.0 3.0 0.143 0.130 1.0567 0.8543 12.23 
0.285 2 1 1 3.0 3.0 0.146 0.210 1.0567 0.8366 12.23 
0.286 2 1 1 3.0 3.0 0.146 0.142 1.0852 0.8727 12.23 
0.287 2 1 1 3.0 3.0 0.157 0.147 1.0567 0.8193 12.23 
0.288 2 1 1 3.0 3.0 0.129 0.135 1.0567 0.8543 12.24 
0.289 2 1 1 3.0 3.0 0.115 0.088 1.0567 0.8924 12.24 
0.290 2 1 1 3.0 3.0 0.121 0.150 1.0567 0.9338 12.24 
0.291 2 1 1 3.0 3.0 0.140 0.122 1.0852 0.9125 12.24 
0.292 2 1 1 3.0 3.0 0.122 0.110 1.0852 0.8727 12.23 
0.293 2 1 1 3.0 3.0 0.142 0.144 1.0852 0.9125 12.24 
0.294 2 1 1 3.0 3.0 0.128 0.100 1.0852 0.8727 12.24 
0.295 2 1 1 3.0 3.0 0.116 0.096 1.0852 0.8924 12.23 
0.296 2 1 1 3.0 3.0 0.136 0.182 1.0852 0.8924 12.23 
0.297 2 1 1 3.0 3.0 0.142 0.134 1.1153 0.8924 12.24 
0.298 2 1 1 3.0 3.0 0.123 0.146 1.1153 0.9125 12.23 
0.299 2 1 1 3.0 3.0 0.125 0.175 1.1153 0.8543 12.24 
0.300 2 1 1 3.0 3.0 0.119 0.129 0.9559 0.8543 12.24 
0.301 2 1 1 3.0 3.0 0.083 0.157 1.1153 0.8924 12.24 
0.302 2 1 1 3.0 3.0 0.123 0.115 1.1153 0.8924 12.24 
0.303 2 1 1 3.0 3.0 0.138 0.086 1.0567 0.9125 12.24 
0.304 2 1 1 3.0 3.0 0.121 0.121 1.1153 0.9338 12.24 
0.305 2 1 1 3.0 3.0 0.135 0.113 1.1153 0.9338 12.24 
0.306 2 1 1 3.0 3.0 0.130 0.106 1.1153 0.9338 12.24 
0.307 2 1 1 3.0 3.0 0.114 0.155 1.0852 0.9338 12.24 
0.308 2 1 1 3.0 3.0 0.127 0.116 1.0852 0.9559 12.24 
0.309 2 1 1 3.0 3.0 0.147 0.134 1.1153 0.8543 12.24 
0.310 2 1 1 3.0 3.0 0.131 0.089 1.0852 0.9125 12.23 
0.311 2 1 1 3.0 3.0 0.135 0.137 1.0852 0.9338 12.24 
0.312 2 1 1 3.0 3.0 0.138 0.113 1.1153 0.9559 12.24 
0.313 2 1 1 3.0 3.0 0.102 0.094 1.0852 0.8924 12.24 
0.314 2 1 1 3.0 3.0 0.123 0.168 1.0852 0.9559 12.24 
0.315 2 1 1 3.0 3.0 0.120 0.104 1.1474 0.8727 12.23 
0.316 2 1 1 3.0 3.0 0.092 0.055 1.1153 0.8924 12.23 
0.317 2 1 1 3.0 3.0 0.115 0.141 1.1153 0.8924 12.23 
0.318 2 1 1 3.0 3.0 0.118 0.130 1.1812 0.9338 12.24 
0.319 2 1 1 3.0 3.0 0.097 0.065 1.1474 0.9338 12.24 
0.320 2 1 1 3.0 3.0 0.110 0.136 1.0852 0.9559 12.23 
0.321 2 1 1 3.0 3.0 0.120 0.144 1.1474 0.8924 12.24 
0.322 2 1 1 3.0 3.0 0.099 0.105 1.1153 0.8727 12.24 
0.323 2 1 1 3.0 3.0 0.112 0.175 1.1153 0.8924 12.24 
0.324 2 1 1 3.0 3.0 0.112 0.130 1.1474 0.8924 12.23 
0.325 2 1 1 3.0 3.0 0.091 0.084 1.0852 0.9125 12.24 
0.326 2 1 1 3.0 3.0 0.118 0.134 1.1153 0.9125 12.24 
0.327 2 1 1 3.0 3.0 0.136 0.090 1.1474 0.9559 12.23 
0.328 2 1 1 3.0 3.0 0.115 0.134 1.1474 0.9796 12.24 
0.329 2 1 1 3.0 3.0 0.116 0.095 1.1474 0.9559 12.24 
0.330 2 1 1 3.0 3.0 0.108 0.085 1.1474 0.8727 12.23 
0.331 2 1 1 3.0 3.0 0.074 0.140 1.1474 0.8924 12.23 
0.332 2 1 1 3.0 3.0 0.101 0.084 1.1153 0.9338 12.24 
0.333 2 1 1 3.0 3.0 0.102 0.070 1.1474 0.9796 12.24 
0.334 2 1 1 3.0 3.0 0.096 0.100 1.1474 0.9559 12.24 
0.335 2 1 1 3.0 3.0 0.107 0.088 1.1153 0.9559 12.24 
0.336 2 1 1 3.0 3.0 0.093 0.108 1.1153 0.8924 12.24 
0.337 2 1 1 3.0 3.0 0.093 0.107 1.1812 0.9559 12.23 
0.338 2 1 1 3.0 3.0 0.098 0.078 1.1153 0.9559 12.24 
0.339 2 1 1 3.0 3.0 0.112 0.108 1.1153 0.9559 12.24 
0.340 2 1 1 3.0 3.0 0.093 0.069 1.1153 0.9559 12.23 
0.341 2 1 1 3.0 3.0 0.119 0.050 1.1153 0.9796 12.23 
0.342 2 1 1 3.0 3.0 0.101 0.171 1.1153 0.9559 12.23 
0.343 2 1 1 3.0 3.0 0.091 0.134 1.0852 0.9338 12.23 
0.344 2 1 1 3.0 3.0 0.127 0.052 1.1153 0.9338 12.23 
0.345 2 1 1 3.0 3.0 0.119 0.144 1.1153 0.9338 12.23 
0.346 2 1 1 3.0 3.0 0.115 0.143 1.1474 0.9559 12.23 
0.347 2 1 1 3.0 3.0 0.107 0.099 1.1153 0.9338 12.24 
0.348 2 1 1 3.0 3.0 0.098 0.122 1.1153 0.9559 12.24 
0.349 2 1 1 3.0 3.0 0.077 0.132 1.1812 0.9559 12.23 
0.350 2 1 1 3.0 3.0 0.087 0.133 1.1474 0.9559 12.23 
0.351 2 1 1 3.0 3.0 0.083 0.092 1.1812 0.8366 12.24 
0.352 2 1 1 3.0 3.0 0.093 0.077 1.1812 0.8924 12.24 
0.353 2 1 1 3.0 3.0 0.113 0.086 1.1812 0.9338 12.24 
0.354 2 1 1 3.0 3.0 0.085 0.082 1.1153 0.9796 12.24 
0.355 2 1 1 3.0 3.0 0.088 0.085 1.1812 0.9796 12.24 
0.356 2 1 1 3.0 3.0 0.104 0.150 1.1474 0.9796 12.23 
0.357 2 1 1 3.0 3.0 0.109 0.085 1.1474 0.9338 12.24 
0.358 2 1 1 3.0 3.0 0.105 0.062 1.1812 0.9796 12.24 
0.359 2 1 1 3.0 3.0 0.108 0.060 1.1153 0.9559 12.24 
0.360 2 1 1 3.0 3.0 0.084 0.135 1.1153 0.9559 12.25 
0.361 2 1 1 3.0 3.0 0.064 0.135 1.1153 0.9796 12.24 
0.362 2 1 1 3.0 3.0 0.100 0.105 1.1474 0.9796 12.23 
0.363 2 1 1 3.0 3.0 0.086 0.116 1.1812 0.9796 12.24 
0.364 2 1 1 3.0 3.0 0.085 0.093 1.1474 0.8924 12.24 
0.365 2 1 1 3.0 3.0 0.093 0.029 1.1153 0.9559 12.24 
0.366 2 1 1 3.0 3.0 0.080 0.147 1.1474 0.9559 12.24 
0.367 2 1 1 3.0 3.0 0.087 0.142 1.1153 0.9796 12.24 
0.368 2 1 1 3.0 3.0 0.099 0.106 1.1812 0.9796 12.24 
0.369 2 1 1 3.0 3.0 0.086 0.108 1.1474 0.9559 12.24 
0.370 2 1 1 3.0 3.0 0.097 0.100 1.1474 0.9796 12.24 
0.371 2 1 1 3.0 3.0 0.100 0.109 1.1812 0.9559 12.25 
0.372 2 1 1 3.0 3.0 0.058 0.062 1.1812 0.8727 12.24 
0.373 2 1 1 3.0 3.0 0.089 0.103 1.1153 0.9125 12.24 
0.374 2 1 1 3.0 3.0 0.104 0.131 1.1474 0.9559 12.25 
0.375 2 1 1 3.0 3.0 0.084 0.114 1.1153 0.9796 12.24 
0.376 2 1 1 3.0 3.0 0.108 0.084 1.1153 0.9796 12.24 
0.377 2 1 1 3.0 3.0 0.112 0.098 1.1474 0.9796 12.23 
0.378 2 1 1 3.0 3.0 0.426 -0.265 1.0852 0.9559 12.24 
0.379 2 1 1 3.0 3.0 0.307 -0.110 1.1474 0.9796 12.24 
0.380 2 1 1 3.0 3.0 0.161 -0.002 1.1812 0.9796 12.24 
0.381 2 1 1 3.0 3.0 0.103 0.054 1.1474 0.9796 12.24 
0.382 2 1 1 3.0 3.0 0.108 0.139 1.1474 0.9796 12.24 
0.383 2 1 1 3.0 3.0 0.104 0.127 1.1474 0.9338 12.24 
0.384 2 1 1 3.0 3.0 0.078 0.146 1.1474 0.9559 12.23 
0.385 2 1 1 3.0 3.0 0.096 0.128 1.1474 0.9559 12.24 
0.386 2 1 1 3.0 3.0 0.095 0.073 1.1812 0.9559 12.23 
0.387 2 1 1 3.0 3.0 0.094 0.130 1.1812 0.9796 12.24 
0.388 2 1 1 3.0 3.0 0.106 0.088 1.1812 0.9796 12.24 
0.389 2 1 1 3.0 3.0 0.078 0.093 1.1153 0.9796 12.24 
0.390 2 1 1 3.0 3.0 0.072 0.120 1.2169 0.9796 12.24 
0.391 2 1 1 3.0 3.0 0.109 0.098 1.1474 0.9796 12.24 
0.392 2 1 1 3.0 3.0 0.076 0.080 1.1474 0.9796 12.24 
0.393 2 1 1 3.0 3.0 0.081 0.085 1.1812 0.9125 12.23 
0.394 2 1 1 3.0 3.0 0.090 0.073 1.1474 0.9338 12.24 
0.395 2 1 1 3.0 3.0 0.076 0.037 1.1474 0.9796 12.24 
0.396 2 1 1 3.0 3.0 0.085 0.083 1.1474 0.9796 12.24 
0.397 2 1 1 3.0 3.0 0.095 0.115 1.1474 0.9559 12.24 
0.398 2 1 1 3.0 3.0 0.094 0.077 1.1812 0.9796 12.24 
0.399 2 1 1 3.0 3.0 0.085 0.116 1.1474 0.9796 12.24 
0.400 2 1 1 3.0 3.0 0.099 0.085 1.1812 0.9796 12.24 
0.401 2 1 1 3.0 3.0 0.073 0.086 1.1474 0.9796 12.24 
0.402 2 1 1 3.0 3.0 0.076 0.111 1.1153 0.9559 12.24 
0.403 2 1 1 3.0 3.0 0.083 0.104 1.1812 0.9796 12.24 
0.404 2 1 1 3.0 3.0 0.066 0.085 1.1812 0.9559 12.23 
0.405 2 1 1 3.0 3.0 0.081 0.120 1.1474 0.9796 12.23 
0.406 2 1 1 3.0 3.0 0.082 0.077 1.1812 0.9796 12.24 
0.407 2 1 1 3.0 3.0 0.068 0.079 1.1812 0.9796 12.23 
0.408 2 1 1 3.0 3.0 0.065 0.149 1.1474 0.9796 12.24 
0.409 2 1 1 3.0 3.0 0.083 0.078 1.1474 0.9559 12.24 
0.410 2 1 1 3.0 3.0 0.077 0.085 1.1474 0.9559 12.24 
0.411 2 1 1 3.0 3.0 0.087 0.172 1.1474 0.9796 12.24 
0.412 2 1 1 3.0 3.0 0.061 0.166 1.1474 0.9796 12.25 
0.413 2 1 1 3.0 3.0 0.063 0.142 1.1474 1.0041 12.24 
0.414 2 1 1 3.0 3.0 0.100 0.085 1.1474 0.9125 12.24 
0.415 2 1 1 3.0 3.0 0.089 0.054 1.1474 0.9338 12.24 
0.416 2 1 1 3.0 3.0 0.054 0.033 1.1812 0.9559 12.24 
0.417 2 1 1 3.0 3.0 0.085 0.034 1.0567 0.9796 12.23 
0.418 2 1 1 3.0 3.0 0.074 0.066 1.1474 0.9796 12.23 
0.419 2 1 1 3.0 3.0 0.079 0.057 1.1812 0.9796 12.23 
0.420 2 1 1 3.0 3.0 0.096 0.038 1.1474 0.9796 12.24 
0.421 2 1 1 3.0 3.0 0.087 0.133 1.1812 0.9559 12.24 
0.422 2 1 1 3.0 3.0 0.088 0.156 1.1153 0.9796 12.24 
0.423 2 1 1 3.0 3.0 0.089 0.136 1.1812 0.9796 12.24 
0.424 2 1 1 3.0 3.0 0.067 0.158 1.1474 0.9796 12.24 
0.425 2 1 1 3.0 3.0 0.050 0.181 1.1474 0.9796 12.24 
0.426 2 1 1 3.0 3.0 0.083 0.125 1.1812 0.9559 12.24 
0.427 2 1 1 3.0 3.0 0.067 0.077 1.1474 0.9559 12.24 
0.428 2 1 1 3.0 3.0 0.090 0.077 1.1474 0.9559 12.24 
0.429 2 1 1 3.0 3.0 0.098 0.101 1.1812 0.9796 12.24 
0.430 2 1 1 3.0 3.0 0.065 0.165 1.1474 0.9796 12.24 
0.431 2 1 1 3.0 3.0 0.076 0.141 1.1474 0.9796 12.23 
0.432 2 1 1 3.0 3.0 0.076 0.149 1.1812 0.9796 12.24 
0.433 2 1 1 3.0 3.0 0.047 0.065 1.1812 0.9796 12.24 
0.434 2 1 1 3.0 3.0 0.062 0.033 1.1812 0.8924 12.23 
0.435 2 1 1 3.0 3.0 0.052 0.054 1.1812 0.9338 12.24 
0.436 2 1 1 3.0 3.0 0.039 0.077 1.1812 0.9559 12.24 
0.437 2 1 1 3.0 3.0 0.068 0.151 1.1812 0.9796 12.24 
0.438 2 1 1 3.0 3.0 0.074 0.170 1.1812 0.9559 12.25 
0.439 2 1 1 3.0 3.0 0.074 0.133 1.2169 0.9796 12.25 
0.440 2 1 1 3.0 3.0 0.080 0.158 1.1812 0.9559 12.24 
0.441 2 1 1 3.0 3.0 0.083 0.104 1.1474 0.9796 12.25 
0.442 2 1 1 3.0 3.0 0.055 0.104 1.2169 0.9796 12.24 
0.443 2 1 1 3.0 3.0 0.065 0.093 1.1812 0.9796 12.24 
0.444 2 1 1 3.0 3.0 0.065 0.081 1.1812 0.9796 12.24 
0.445 2 1 1 3.0 3.0 0.064 0.092 1.1812 0.9559 12.24 
0.446 2 1 1 3.0 3.0 0.087 0.081 1.1474 0.9559 12.24 
0.447 2 1 1 3.0 3.0 0.056 0.051 1.1474 0.9796 12.24 
0.448 2 1 1 3.0 3.0 0.062 0.096 1.1153 0.9796 12.24 
0.449 2 1 1 3.0 3.0 0.092 0.177 1.1474 0.9796 12.24 
0.450 2 1 1 3.0 3.0 0.082 0.172 1.1474 0.8727 12.24 
0.451 2 1 1 3.0 3.0 0.087 0.174 1.1474 0.9559 12.24 
0.452 2 1 1 3.0 3.0 0.081 0.208 1.1474 0.9796 12.24 
0.453 2 1 1 3.0 3.0 0.054 0.180 1.1474 0.9796 12.24 
0.454 2 1 1 3.0 3.0 0.071 0.187 1.1474 1.0041 12.24 
0.455 2 1 1 3.0 3.0 0.097 0.157 1.1812 0.9796 12.24 
0.456 2 1 1 3.0 3.0 0.084 0.131 1.1812 1.0041 12.23 
0.457 2 1 1 3.0 3.0 0.081 0.045 1.1474 1.0041 12.24 
0.458 2 1 1 3.0 3.0 0.092 0.009 1.2169 0.9796 12.24 
0.459 2 1 1 3.0 3.0 0.060 0.093 1.1812 0.9796 12.23 
0.460 2 1 1 3.0 3.0 0.066 0.148 1.1474 1.0041 12.24 
0.461 2 1 1 3.0 3.0 0.086 0.125 1.1474 0.9559 12.24 
0.462 2 1 1 3.0 3.0 0.078 0.123 1.1474 0.9559 12.24 
0.463 2 1 1 3.0 3.0 0.092 0.122 1.1474 0.9796 12.24 
0.464 2 1 1 3.0 3.0 0.090 0.084 1.1474 1.0041 12.25 
0.465 2 1 1 3.0 3.0 0.068 0.090 1.1153 1.0041 12.24 
0.466 2 1 1 3.0 3.0 0.081 0.119 1.1474 1.0041 12.24 
0.467 2 1 1 3.0 3.0 0.077 0.077 1.1812 0.9338 12.24 
0.468 2 1 1 3.0 3.0 0.063 0.043 1.2169 0.9559 12.24 
0.469 2 1 1 3.0 3.0 0.079 0.056 1.1474 0.9559 12.24 
0.470 2 1 1 3.0 3.0 0.065 0.045 1.1474 0.9796 12.24 
0.471 2 1 1 3.0 3.0 0.055 0.037 1.1812 0.9796 12.24 
0.472 2 1 1 3.0 3.0 0.077 0.093 1.1812 0.9796 12.24 
0.473 2 1 1 3.0 3.0 0.068 0.187 1.1812 0.9796 12.24 
0.474 2 1 1 3.0 3.0 0.066 0.135 1.1812 1.0041 12.24 
0.475 2 1 1 3.0 3.0 0.091 0.151 1.2169 0.8924 12.24 
0.476 2 1 1 3.0 3.0 0.070 0.119 1.1474 0.9338 12.24 
0.477 2 1 1 3.0 3.0 0.070 0.058 1.1474 0.9796 12.24 
0.478 2 1 1 3.0 3.0 0.078 0.016 1.1812 0.9796 12.24 
0.479 2 1 1 3.0 3.0 0.055 0.078 1.1153 0.9559 12.23 
0.480 2 1 1 3.0 3.0 0.389 -0.226 1.1474 0.9796 12.23 
0.481 2 1 1 3.0 3.0 0.302 -0.137 1.1812 0.9559 12.24 
0.482 2 1 1 3.0 3.0 0.138 0.012 1.1153 0.9796 12.24 
0.483 2 1 1 3.0 3.0 0.094 0.104 1.1474 0.9796 12.24 
0.484 2 1 1 3.0 3.0 0.099 0.115 1.1812 0.9796 12.24 
0.485 2 1 1 3.0 3.0 0.073 0.152 1.1812 0.9796 12.23 
0.486 2 1 1 3.0 3.0 0.093 0.148 1.1474 0.9559 12.24 
0.487 2 1 1 3.0 3.0 0.097 0.098 1.1474 0.9559 12.24 
0.488 2 1 1 3.0 3.0 0.085 0.047 1.1474 0.9796 12.24 
0.489 2 1 1 3.0 3.0 0.100 0.101 1.1812 0.9796 12.23 
0.490 2 1 1 3.0 3.0 0.088 0.153 1.2169 0.9796 12.24 
0.491 2 1 1 3.0 3.0 0.071 0.070 1.2169 0.9796 12.24 
0.492 2 1 1 3.0 3.0 0.079 0.046 1.1474 0.9796 12.24 
0.493 2 1 1 3.0 3.0 0.078 0.175 1.1474 1.0041 12.23 
0.494 2 1 1 3.0 3.0 0.075 0.126 1.2169 1.0041 12.24 
0.495 2 1 1 3.0 3.0 0.104 0.066 1.1474 1.0041 12.24 
0.496 2 1 1 3.0 3.0 0.097 0.111 1.1474 0.9338 12.24 
0.497 2 1 1 3.0 3.0 0.098 0.062 1.1812 0.9796 12.24 
0.498 2 1 1 3.0 3.0 0.105 0.091 1.1474 0.9796 12.24 
0.499 2 1 1 3.0 3.0 0.074 0.058 1.1474 0.9796 12.24 
0.500 2 1 1 3.0 3.0 0.066 0.125 1.1153 0.9796 12.24 
0.501 2 1 1 3.0 3.0 0.099 0.111 1.1474 0.8924 12.24 
0.502 2 1 1 3.0 3.0 0.075 0.048 1.1812 1.0041 12.24 
0.503 2 1 1 3.0 3.0 0.077 0.081 1.1812 0.9796 12.24 
0.504 2 1 1 3.0 3.0 0.088 0.074 1.1812 0.9796 12.25 
0.505 2 1 1 3.0 3.0 0.063 0.046 1.1474 0.9796 12.24 
0.506 2 1 1 3.0 3.0 0.085 0.121 1.1474 1.0041 12.23 
0.507 2 1 1 3.0 3.0 0.091 0.144 1.2169 0.9796 12.23 
0.508 2 1 1 3.0 3.0 0.074 0.086 1.1812 0.9559 12.23 
0.509 2 1 1 3.0 3.0 0.093 0.130 1.1812 0.9559 12.24 
0.510 2 1 1 3.0 3.0 0.093 0.080 1.2169 0.9796 12.24 
0.511 2 1 1 3.0 3.0 0.063 0.098 1.2169 0.9796 12.24 
0.512 2 1 1 3.0 3.0 0.080 0.127 1.1474 0.9796 12.24 
0.513 2 1 1 3.0 3.0 0.088 0.098 1.1474 0.9796 12.25 
0.514 2 1 1 3.0 3.0 0.079 0.112 1.1812 0.9559 12.24 
0.515 2 1 1 3.0 3.0 0.087 0.086 1.1474 0.9796 12.24 
0.516 2 1 1 3.0 3.0 0.082 0.052 1.1474 0.9559 12.24 
0.517 2 1 1 3.0 3.0 0.072 0.121 1.1474 0.9796 12.24 
0.518 2 1 1 3.0 3.0 0.097 0.117 1.1474 1.0041 12.24 
0.519 2 1 1 3.0 3.0 0.089 0.044 1.1474 0.9796 12.25 
0.520 2 1 1 3.0 3.0 0.087 0.123 1.1812 0.9559 12.24 
0.521 2 1 1 3.0 3.0 0.093 0.145 1.1474 0.9796 12.24 
0.522 2 1 1 3.0 3.0 0.072 0.072 1.1474 0.9796 12.24 
0.523 2 1 1 3.0 3.0 0.091 0.094 1.0852 0.9796 12.24 
0.524 2 1 1 3.0 3.0 0.107 0.120 1.1474 0.9796 12.24 
0.525 2 1 1 3.0 3.0 0.083 0.061 1.1812 0.9796 12.24 
0.526 2 1 1 3.0 3.0 0.090 0.060 1.1474 1.0041 12.24 
0.527 2 1 1 3.0 3.0 0.095 0.130 1.2169 1.0041 12.24 
0.528 2 1 1 3.0 3.0 0.069 0.085 1.1474 0.9796 12.24 
0.529 2 1 1 3.0 3.0 0.085 0.120 1.1474 1.0041 12.24 
0.530 2 1 1 3.0 3.0 0.102 0.092 1.2169 0.9125 12.24 
0.531 2 1 1 3.0 3.0 0.094 0.073 1.1474 0.9796 12.24 
0.532 2 1 1 3.0 3.0 0.091 0.132 1.1474 0.9796 12.24 
0.533 2 1 1 3.0 3.0 0.081 0.082 1.1812 1.0041 12.24 
0.534 2 1 1 3.0 3.0 0.047 0.085 1.1153 1.0041 12.24 
0.535 2 1 1 3.0 3.0 0.085 0.107 1.1812 0.9796 12.24 
0.536 2 1 1 3.0 3.0 0.099 0.065 1.1474 0.9338 12.24 
0.537 2 1 1 3.0 3.0 0.081 0.119 1.1474 0.9559 12.24 
0.538 2 1 1 3.0 3.0 0.104 0.081 1.1474 0.9796 12.24 
0.539 2 1 1 3.0 3.0 0.081 0.068 1.1474 1.0041 12.24 
0.540 2 1 1 3.0 3.0 0.068 0.110 1.2169 0.9796 12.24 
0.541 2 1 1 3.0 3.0 0.083 0.113 1.1812 0.9796 12.24 
0.542 2 1 1 3.0 3.0 0.094 0.069 1.2169 0.9559 12.24 
0.543 2 1 1 3.0 3.0 0.096 0.082 1.2169 0.9796 12.24 
0.544 2 1 1 3.0 3.0 0.096 0.049 1.1812 0.9796 12.24 
0.545 2 1 1 3.0 3.0 0.066 0.107 1.1474 0.9796 12.24 
0.546 2 1 1 3.0 3.0 0.074 0.120 1.1474 0.9796 12.24 
0.547 2 1 1 3.0 3.0 0.094 0.102 1.1474 0.9559 12.24 
0.548 2 1 1 3.0 3.0 0.090 0.161 1.1474 0.9559 12.24 
0.549 2 1 1 3.0 3.0 0.076 0.084 1.1474 0.9559 12.24 
0.550 2 1 1 3.0 3.0 0.093 0.087 1.1812 0.9796 12.24 
0.551 2 1 1 3.0 3.0 0.055 0.140 1.1812 0.9796 12.24 
0.552 2 1 1 3.0 3.0 0.070 0.074 1.1474 1.0041 12.24 
0.553 2 1 1 3.0 3.0 0.086 0.106 1.1812 0.9796 12.24 
0.554 2 1 1 3.0 3.0 0.066 0.186 1.1474 0.9796 12.24 
0.555 2 1 1 3.0 3.0 0.062 0.176 1.1812 0.9796 12.24 
0.556 2 1 1 3.0 3.0 0.084 0.058 1.1812 1.0041 12.24 
0.557 2 1 1 3.0 3.0 0.074 0.093 1.1474 0.9796 12.24 
0.558 2 1 1 3.0 3.0 0.094 0.106 1.1474 1.0041 12.24 
0.559 2 1 1 3.0 3.0 0.093 0.056 1.1812 1.0041 12.24 
0.560 2 1 1 3.0 3.0 0.090 0.084 1.2169 0.9796 12.24 
0.561 2 1 1 3.0 3.0 0.101 0.085 1.1812 0.9796 12.24 
0.562 2 1 1 3.0 3.0 0.081 0.082 1.1474 1.0041 12.24 
0.563 2 1 1 3.0 3.0 0.064 0.132 1.2169 1.0041 12.24 
0.564 2 1 1 3.0 3.0 0.088 0.117 1.1812 0.9796 12.24 
0.565 2 1 1 3.0 3.0 0.077 0.058 1.1812 0.9796 12.24 
0.566 2 1 1 3.0 3.0 0.067 0.074 1.1812 0.9796 12.24 
0.567 2 1 1 3.0 3.0 0.089 0.112 1.1474 1.0041 12.24 
0.568 2 1 1 3.0 3.0 0.074 0.089 1.1812 1.0041 12.24 
0.569 2 1 1 3.0 3.0 0.073 0.098 1.1812 0.9338 12.24 
0.570 2 1 1 3.0 3.0 0.097 0.086 1.1474 0.9796 12.24 
0.571 2 1 1 3.0 3.0 0.087 0.084 1.1812 0.9559 12.24 
0.572 2 1 1 3.0 3.0 0.094 0.112 1.1812 1.0041 12.24 
0.573 2 1 1 3.0 3.0 0.104 0.062 1.1812 1.0041 12.24 
0.574 2 1 1 3.0 3.0 0.074 0.078 1.1812 1.0041 12.24 
0.575 2 1 1 3.0 3.0 0.070 0.144 1.1474 0.9796 12.25 
0.576 2 1 1 3.0 3.0 0.095 0.100 1.1812 0.9796 12.25 
0.577 2 1 1 3.0 3.0 0.084 0.051 1.1812 0.9559 12.24 
0.578 2 1 1 3.0 3.0 0.131 0.149 1.1812 1.0041 12.24 
0.579 2 1 1 3.0 3.0 0.094 0.073 1.0567 1.0041 12.24 
0.580 2 1 1 3.0 3.0 0.077 0.115 1.2169 0.9796 12.24 
0.581 2 1 1 3.0 3.0 0.077 0.132 1.1812 0.9559 12.24 
0.582 2 1 1 3.0 3.0 0.088 0.087 1.1812 0.9796 12.23 
0.583 2 1 1 3.0 3.0 0.364 -0.245 1.2169 0.9796 12.24 
0.584 2 1 1 3.0 3.0 0.315 -0.114 1.1812 0.9796 12.24 
0.585 2 1 1 3.0 3.0 0.143 0.016 1.1812 0.9796 12.24 
0.586 2 1 1 3.0 3.0 0.085 0.062 1.1812 0.9559 12.24 
0.587 2 1 1 3.0 3.0 0.086 0.123 1.1812 0.9796 12.24 
0.588 2 1 1 3.0 3.0 0.065 0.119 1.1812 0.9559 12.24 
0.589 2 1 1 3.0 3.0 0.086 0.134 1.2169 0.9796 12.24 
0.590 2 1 1 3.0 3.0 0.099 0.107 1.1474 0.9796 12.24 
0.591 2 1 1 3.0 3.0 0.070 0.085 1.1812 0.9796 12.24 
0.592 2 1 1 3.0 3.0 0.075 0.137 1.1812 0.9796 12.24 
0.593 2 1 1 3.0 3.0 0.078 0.077 1.2169 0.9559 12.24 
0.594 2 1 1 3.0 3.0 0.077 0.086 1.1812 0.9559 12.24 
0.595 2 1 1 3.0 3.0 0.071 0.149 1.1812 1.0041 12.24 
0.596 2 1 1 3.0 3.0 0.085 0.086 1.2169 1.0041 12.24 
0.597 2 1 1 3.0 3.0 0.062 0.094 1.1812 0.8924 12.24 
0.598 2 1 1 3.0 3.0 0.073 0.056 1.1474 0.9796 12.23 
0.599 2 1 1 3.0 3.0 0.101 0.082 1.1812 1.0041 12.24 
0.600 2 1 1 3.0 3.0 0.093 0.086 1.1474 1.0298 12.24 
0.601 2 1 1 3.0 3.0 0.097 0.055 1.1474 1.0041 12.24 
0.602 2 1 1 3.0 3.0 0.090 0.108 1.1474 1.0041 12.24 
0.603 2 1 1 3.0 3.0 0.047 0.132 1.1153 0.9796 12.24 
0.604 2 1 1 3.0 3.0 0.073 0.087 1.1474 1.0041 12.24 
0.605 2 1 1 3.0 3.0 0.097 0.081 1.1474 1.0041 12.24 
0.606 2 1 1 3.0 3.0 0.093 0.099 1.1812 1.0041 12.24 
0.607 2 1 1 3.0 3.0 0.088 0.017 1.1474 1.0041 12.24 
0.608 2 1 1 3.0 3.0 0.068 0.110 1.1474 0.9796 12.24 
0.609 2 1 1 3.0 3.0 0.064 0.092 1.1812 0.9796 12.24 
0.610 2 1 1 3.0 3.0 0.099 0.134 1.1474 0.9796 12.24 
0.611 2 1 1 3.0 3.0 0.083 0.126 1.1812 0.9796 12.24 
0.612 2 1 1 3.0 3.0 0.096 0.079 1.1153 0.9796 12.24 
0.613 2 1 1 3.0 3.0 0.100 0.089 1.1812 0.9796 12.24 
0.614 2 1 1 3.0 3.0 0.083 0.105 1.1812 0.9796 12.24 
0.615 2 1 1 3.0 3.0 0.067 0.102 1.1474 0.9796 12.24 
0.616 2 1 1 3.0 3.0 0.077 0.129 1.1812 0.9796 12.24 
0.617 2 1 1 3.0 3.0 0.062 0.159 1.1474 1.0041 12.24 
0.618 2 1 1 3.0 3.0 0.080 0.158 1.1474 0.9338 12.24 
0.619 2 1 1 3.0 3.0 0.075 0.138 1.1812 0.9559 12.24 
0.620 2 1 1 3.0 3.0 0.047 0.072 1.1153 0.9796 12.25 
0.621 2 1 1 3.0 3.0 0.058 0.048 1.1474 0.9796 12.25 
0.622 2 1 1 3.0 3.0 0.063 0.085 1.1812 0.9796 12.24 
0.623 2 1 1 3.0 3.0 0.042 0.051 1.1812 0.9796 12.24 
0.624 2 1 1 3.0 3.0 0.072 0.043 1.1812 0.9796 12.24 
0.625 2 1 1 3.0 3.0 0.077 0.067 1.1474 0.9559 12.24 
0.626 2 1 1 3.0 3.0 0.051 0.078 1.2169 0.9796 12.24 
0.627 2 1 1 3.0 3.0 0.069 0.028 1.1812 0.9559 12.24 
0.628 2 1 1 3.0 3.0 0.085 0.039 1.1812 0.9796 12.24 
0.629 2 1 1 3.0 3.0 0.074 0.094 1.2169 0.9796 12.24 
0.630 2 1 1 3.0 3.0 0.090 0.135 1.2169 0.9796 12.24 
0.631 2 1 1 3.0 3.0 0.066 0.180 1.1474 0.9559 12.24 
0.632 2 1 1 3.0 3.0 0.063 0.158 1.0852 0.9559 12.24 
0.633 2 1 1 3.0 3.0 0.074 0.164 1.1474 1.0041 12.23 
0.634 2 1 1 3.0 3.0 0.059 0.134 1.1474 1.0041 12.24 
0.635 2 1 1 3.0 3.0 0.077 0.111 1.1474 1.0041 12.23 
0.636 2 1 1 3.0 3.0 0.070 0.080 1.1474 0.9796 12.24 
0.637 2 1 1 3.0 3.0 0.068 0.047 1.1474 1.0041 12.25 
0.638 2 1 1 3.0 3.0 0.080 0.066 1.1474 0.9559 12.24 
0.639 2 1 1 3.0 3.0 0.100 0.158 1.1812 1.0041 12.24 
0.640 2 1 1 3.0 3.0 0.085 0.151 1.1474 1.0041 12.25 
0.641 2 1 1 3.0 3.0 0.085 0.100 1.1474 0.9338 12.24 
0.642 2 1 1 3.0 3.0 0.086 0.113 1.1812 0.9559 12.24 
0.643 2 1 1 3.0 3.0 0.058 0.115 1.1474 0.9796 12.25 
0.644 2 1 1 3.0 3.0 0.074 0.090 1.1474 0.9796 12.24 
0.645 2 1 1 3.0 3.0 0.081 0.066 1.1812 1.0041 12.24 
0.646 2 1 1 3.0 3.0 0.060 0.062 1.1812 1.0041 12.24 
0.647 2 1 1 3.0 3.0 0.082 0.059 1.1812 0.9796 12.24 
0.648 2 1 1 3.0 3.0 0.074 0.101 1.1474 1.0041 12.24 
0.649 2 1 1 3.0 3.0 0.049 0.191 1.2169 0.9796 12.24 
0.650 2 1 1 3.0 3.0 0.062 0.219 1.1474 1.0041 12.24 
0.651 2 1 1 3.0 3.0 0.070 0.155 1.1474 1.0041 12.24 
0.652 2 1 1 3.0 3.0 0.066 0.117 1.1812 1.0041 12.24 
0.653 2 1 1 3.0 3.0 0.084 0.084 1.1474 1.0041 12.24 
0.654 2 1 1 3.0 3.0 0.067 0.039 1.1812 0.9796 12.24 
0.655 2 1 1 3.0 3.0 0.066 0.031 1.1812 1.0041 12.23 
0.656 2 1 1 3.0 3.0 0.074 0.055 1.1812 1.0041 12.24 
0.657 2 1 1 3.0 3.0 0.054 0.064 1.1812 1.0041 12.25 
0.658 2 1 1 3.0 3.0 0.060 0.089 1.1812 0.9559 12.24 
0.659 2 1 1 3.0 3.0 0.074 0.062 1.2169 0.9796 12.24 
0.660 2 1 1 3.0 3.0 0.047 0.029 1.1812 1.0041 12.24 
0.661 2 1 1 3.0 3.0 0.060 0.015 1.1474 1.0041 12.23 
0.662 2 1 1 3.0 3.0 0.075 0.039 1.2169 0.9796 12.24 
0.663 2 1 1 3.0 3.0 0.062 0.069 1.2169 0.9796 12.24 
0.664 2 1 1 3.0 3.0 0.062 0.140 1.1812 0.9559 12.24 
0.665 2 1 1 3.0 3.0 0.063 0.158 1.1153 0.9796 12.24 
