%% logfile from robot Kaya (82)
% Kaya (82)
%  1    time 0.000 sec
%  2  3  4   (mission 0), state 2, thread 1, line 0
%  5  6 Motor voltage [V] left, right: 1.2 1.2
%  7  8 Motor current left, right [A]: 0.076 0.028
%  9 10 Wheel velocity [m/s] left, right: 0.0000 0.0000
% 11    Battery voltage [V]: 12.29
0.001 2 1 0 1.2 1.2 -0.038 0.008 0.0000 0.0000 12.28 
0.002 2 1 0 1.2 1.2 0.075 0.038 0.0000 0.0000 12.27 
0.003 2 1 0 1.2 1.2 0.147 0.059 0.0000 0.0000 12.27 
0.004 2 1 0 1.2 1.2 0.181 0.056 0.0000 0.0000 12.26 
0.005 2 1 0 1.2 1.2 0.195 0.053 0.0000 0.0000 12.26 
0.006 2 1 0 1.2 1.2 0.205 0.041 0.0000 0.0000 12.26 
0.007 2 1 0 1.2 1.2 0.238 0.058 0.0000 0.0000 12.26 
0.008 2 1 0 1.2 1.2 0.225 0.056 0.0000 0.0000 12.26 
0.009 2 1 0 1.2 1.2 0.212 0.066 0.0000 0.0000 12.26 
0.010 2 1 0 1.2 1.2 0.205 0.058 0.0000 0.0000 12.26 
0.011 2 1 0 1.2 1.2 0.199 0.055 0.0000 0.0000 12.26 
0.012 2 1 0 1.2 1.2 0.226 0.061 0.0000 0.0000 12.26 
0.013 2 1 0 1.2 1.2 0.201 0.061 0.0000 0.0000 12.27 
0.014 2 1 0 1.2 1.2 0.194 0.067 0.0000 0.0000 12.27 
0.015 2 1 0 1.2 1.2 0.193 0.060 0.0000 0.0000 12.27 
0.016 2 1 0 1.2 1.2 0.204 0.051 0.0000 0.0000 12.26 
0.017 2 1 0 1.2 1.2 0.389 -0.056 0.0000 0.0000 12.25 
0.018 2 1 0 1.2 1.2 0.262 -0.084 0.0000 0.0000 12.26 
0.019 2 1 0 1.2 1.2 0.203 0.011 0.0851 0.0000 12.26 
0.020 2 1 0 1.2 1.2 0.194 0.037 0.0851 0.0000 12.26 
0.021 2 1 0 1.2 1.2 0.173 0.048 0.0851 0.0000 12.26 
0.022 2 1 0 1.2 1.2 0.162 0.047 0.0851 0.0000 12.26 
0.023 2 1 0 1.2 1.2 0.173 0.045 0.1020 0.0000 12.26 
0.024 2 1 0 1.2 1.2 0.159 0.049 0.1020 0.0000 12.26 
0.025 2 1 0 1.2 1.2 0.154 0.061 0.1020 0.0000 12.26 
0.026 2 1 0 1.2 1.2 0.145 0.051 0.1253 0.0000 12.26 
0.027 2 1 0 1.2 1.2 0.122 0.060 0.1253 0.0000 12.26 
0.028 2 1 0 1.2 1.2 0.134 0.057 0.1253 0.0000 12.26 
0.029 2 1 0 1.2 1.2 0.107 0.058 0.1305 0.0000 12.26 
0.030 2 1 0 1.2 1.2 0.142 0.050 0.1305 0.0000 12.26 
0.031 2 1 0 1.2 1.2 0.166 0.052 0.1305 0.0000 12.26 
0.032 2 1 0 1.2 1.2 0.160 0.054 0.1578 0.0000 12.26 
0.033 2 1 0 1.2 1.2 0.154 0.043 0.1578 0.0000 12.26 
0.034 2 1 0 1.2 1.2 0.158 0.044 0.1631 0.0000 12.26 
0.035 2 1 0 1.2 1.2 0.147 0.054 0.1631 0.0000 12.26 
0.036 2 1 0 1.2 1.2 0.144 0.065 0.1631 0.0000 12.26 
0.037 2 1 0 1.2 1.2 0.132 0.060 0.1751 0.0000 12.26 
0.038 2 1 0 1.2 1.2 0.120 0.052 0.1751 0.0000 12.27 
0.039 2 1 0 1.2 1.2 0.141 0.063 0.1514 0.0000 12.26 
0.040 2 1 0 1.2 1.2 0.127 0.054 0.1514 0.0000 12.26 
0.041 2 1 0 1.2 1.2 0.115 0.047 0.1847 0.0000 12.26 
0.042 2 1 0 1.2 1.2 0.135 0.047 0.1847 0.0000 12.25 
0.043 2 1 0 1.2 1.2 0.126 0.052 0.2056 0.0000 12.26 
0.044 2 1 0 1.2 1.2 0.113 0.054 0.2056 0.0000 12.26 
0.045 2 1 0 1.2 1.2 0.092 0.061 0.1976 0.0000 12.26 
0.046 2 1 0 1.2 1.2 0.089 0.060 0.1976 0.0000 12.26 
0.047 2 1 0 1.2 1.2 0.087 0.050 0.1976 0.0000 12.26 
0.048 2 1 0 1.2 1.2 0.097 0.054 0.1671 0.0000 12.26 
0.049 2 1 0 1.2 1.2 0.097 0.049 0.1671 0.0000 12.26 
0.050 2 1 0 1.2 1.2 0.099 0.056 0.2125 0.0000 12.25 
0.051 2 1 0 1.2 1.2 0.152 0.043 0.2125 0.0000 12.26 
0.052 2 1 0 1.2 1.2 0.130 0.047 0.2080 0.0000 12.26 
0.053 2 1 0 1.2 1.2 0.122 0.064 0.2253 0.0000 12.26 
0.054 2 1 0 1.2 1.2 0.115 0.059 0.2253 0.0000 12.26 
0.055 2 1 0 1.2 1.2 0.092 0.058 0.2133 0.0000 12.27 
0.056 2 1 0 1.2 1.2 0.093 0.053 0.2133 0.0000 12.26 
0.057 2 1 0 1.2 1.2 0.077 0.062 0.2305 0.0000 12.26 
0.058 2 1 0 1.2 1.2 0.076 0.046 0.2305 0.0000 12.26 
0.059 2 1 0 1.2 1.2 0.078 0.039 0.2205 0.0000 12.26 
0.060 2 1 0 1.2 1.2 0.074 0.035 0.2205 0.0000 12.26 
0.061 2 1 0 1.2 1.2 0.075 0.056 0.2374 0.0000 12.26 
0.062 2 1 0 1.2 1.2 0.068 0.060 0.2253 0.0000 12.26 
0.063 2 1 0 1.2 1.2 0.081 0.055 0.2253 0.0000 12.26 
0.064 2 1 0 1.2 1.2 0.111 0.056 0.2462 0.0000 12.26 
0.065 2 1 0 1.2 1.2 0.127 0.058 0.2462 0.0000 12.26 
0.066 2 1 0 1.2 1.2 0.119 0.038 0.2434 0.0000 12.26 
0.067 2 1 0 1.2 1.2 0.107 0.054 0.2554 0.0000 12.27 
0.068 2 1 0 1.2 1.2 0.089 0.055 0.2554 0.0000 12.26 
0.069 2 1 0 1.2 1.2 0.071 0.058 0.2229 0.0000 12.26 
0.070 2 1 0 1.2 1.2 0.070 0.062 0.2229 0.0000 12.26 
0.071 2 1 0 1.2 1.2 0.072 0.046 0.2538 0.0000 12.26 
0.072 2 1 0 1.2 1.2 0.078 0.048 0.2590 0.0000 12.27 
0.073 2 1 0 1.2 1.2 0.079 0.051 0.2590 0.0000 12.26 
0.074 2 1 0 1.2 1.2 0.054 0.066 0.2590 0.0000 12.26 
0.075 2 1 0 1.2 1.2 0.028 0.057 0.2374 0.0000 12.26 
0.076 2 1 0 1.2 1.2 0.063 0.054 0.2374 0.0000 12.26 
0.077 2 1 0 1.2 1.2 0.089 0.056 0.2639 0.0000 12.26 
0.078 2 1 0 1.2 1.2 0.097 0.048 0.2554 0.0000 12.27 
0.079 2 1 0 1.2 1.2 0.089 0.050 0.2510 0.0000 12.27 
0.080 2 1 0 1.2 1.2 0.097 0.052 0.2695 0.0000 12.26 
0.081 2 1 0 1.2 1.2 0.070 0.046 0.2695 0.0000 12.26 
0.082 2 1 0 1.2 1.2 0.069 0.050 0.2434 0.0000 12.26 
0.083 2 1 0 1.2 1.2 0.068 0.048 0.2711 0.0000 12.26 
0.084 2 1 0 1.2 1.2 0.060 0.044 0.2711 0.0000 12.26 
0.085 2 1 0 1.2 1.2 0.068 0.050 0.2590 0.0000 12.26 
0.086 2 1 0 1.2 1.2 0.062 0.056 0.2747 0.0000 12.26 
0.087 2 1 0 1.2 1.2 0.046 0.057 0.2747 0.0000 12.26 
0.088 2 1 0 1.2 1.2 0.046 0.057 0.2767 0.0000 12.26 
0.089 2 1 0 1.2 1.2 0.074 0.046 0.2787 0.0000 12.26 
0.090 2 1 0 1.2 1.2 0.093 0.058 0.2767 0.0000 12.27 
0.091 2 1 0 1.2 1.2 0.090 0.057 0.2711 0.0000 12.26 
0.092 2 1 0 1.2 1.2 0.082 0.051 0.2848 0.0000 12.27 
0.093 2 1 0 1.2 1.2 0.064 0.058 0.2787 0.0000 12.26 
0.094 2 1 0 1.2 1.2 0.045 0.058 0.2787 0.0000 12.26 
0.095 2 1 0 1.2 1.2 0.054 0.042 0.2848 0.0000 12.26 
0.096 2 1 0 1.2 1.2 0.030 0.049 0.2607 0.0000 12.26 
0.097 2 1 0 1.2 1.2 0.023 0.046 0.2607 0.0000 12.26 
0.098 2 1 0 1.2 1.2 0.019 0.053 0.2868 0.0000 12.26 
0.099 2 1 0 1.2 1.2 0.029 0.061 0.2747 0.0000 12.27 
0.100 2 1 0 1.2 1.2 0.055 0.051 0.2747 0.0000 12.26 
0.101 2 1 0 1.2 1.2 0.063 0.045 0.2908 0.0000 12.26 
0.102 2 1 0 1.2 1.2 0.081 0.035 0.2787 0.0000 12.26 
0.103 2 1 0 1.2 1.2 0.084 0.054 0.2972 0.0000 12.26 
0.104 2 1 0 1.2 1.2 0.066 0.054 0.2972 0.0000 12.26 
0.105 2 1 0 1.2 1.2 0.053 0.058 0.2767 0.0000 12.26 
0.106 2 1 0 1.2 1.2 0.057 0.056 0.2972 0.0000 12.26 
0.107 2 1 0 1.2 1.2 0.048 0.050 0.2972 0.0000 12.26 
0.108 2 1 0 1.2 1.2 0.037 0.046 0.2807 0.0000 12.27 
0.109 2 1 0 1.2 1.2 0.052 0.057 0.2972 0.0000 12.27 
0.110 2 1 0 1.2 1.2 0.025 0.047 0.2747 0.0000 12.26 
0.111 2 1 0 1.2 1.2 0.054 0.065 0.2747 0.0000 12.26 
0.112 2 1 0 1.2 1.2 0.079 0.075 0.2996 0.0000 12.26 
0.113 2 1 0 1.2 1.2 0.115 0.062 0.2928 0.0000 12.26 
0.114 2 1 0 1.2 1.2 0.120 0.047 0.3040 0.0000 12.26 
0.115 2 1 0 1.2 1.2 0.097 0.055 0.3040 0.0000 12.26 
0.116 2 1 0 1.2 1.2 0.046 0.050 0.2554 0.0000 12.26 
0.117 2 1 0 1.2 1.2 0.053 0.050 0.3016 0.0000 12.25 
0.118 2 1 0 1.2 1.2 0.042 0.042 0.3016 0.0000 12.26 
0.119 2 1 0 1.2 1.2 0.042 0.050 0.3265 0.0000 12.26 
0.120 2 1 0 1.2 1.2 0.236 -0.063 0.3040 0.0000 12.25 
0.121 2 1 0 1.2 1.2 0.116 -0.064 0.2478 0.0000 12.26 
0.122 2 1 0 1.2 1.2 0.058 0.021 0.2478 0.0000 12.26 
0.123 2 1 0 1.2 1.2 0.074 0.051 0.3040 0.0000 12.26 
0.124 2 1 0 1.2 1.2 0.088 0.044 0.2908 0.0000 12.26 
0.125 2 1 0 1.2 1.2 0.075 0.055 0.3113 0.0000 12.26 
0.126 2 1 0 1.2 1.2 0.062 0.051 0.3113 0.0000 12.26 
0.127 2 1 0 1.2 1.2 0.040 0.065 0.2888 0.0000 12.26 
0.128 2 1 0 1.2 1.2 0.067 0.055 0.3088 0.0000 12.26 
0.129 2 1 0 1.2 1.2 0.044 0.043 0.3040 0.0000 12.26 
0.130 2 1 0 1.2 1.2 0.033 0.039 0.2928 0.0000 12.26 
0.131 2 1 0 1.2 1.2 0.044 0.051 0.3088 0.0000 12.26 
0.132 2 1 0 1.2 1.2 0.036 0.086 0.2888 0.0000 12.27 
0.133 2 1 0 1.2 1.2 0.082 0.065 0.2888 0.0000 12.26 
0.134 2 1 0 1.2 1.2 0.088 0.059 0.3137 0.0000 12.26 
0.135 2 1 0 1.2 1.2 0.082 0.052 0.3040 0.0000 12.26 
0.136 2 1 0 1.2 1.2 0.067 0.048 0.3161 0.0000 12.26 
0.137 2 1 0 1.2 1.2 0.065 0.044 0.2888 0.0000 12.27 
0.138 2 1 0 1.2 1.2 0.044 0.036 0.2767 0.0000 12.26 
0.139 2 1 0 1.2 1.2 0.056 0.054 0.3113 0.0000 12.26 
0.140 2 1 0 1.2 1.2 0.051 0.046 0.3185 0.0000 12.26 
0.141 2 1 0 1.2 1.2 0.023 0.044 0.3137 0.0000 12.26 
0.142 2 1 0 1.2 1.2 0.015 0.065 0.3137 0.0000 12.26 
0.143 2 1 0 1.2 1.2 0.001 0.052 0.2848 0.0000 12.26 
0.144 2 1 0 1.2 1.2 0.031 0.063 0.3137 0.0000 12.27 
0.145 2 1 0 1.2 1.2 0.064 0.046 0.2952 0.0000 12.26 
0.146 2 1 0 1.2 1.2 0.063 0.042 0.2952 0.0000 12.26 
0.147 2 1 0 1.2 1.2 0.066 0.054 0.3161 0.0000 12.26 
0.148 2 1 0 1.2 1.2 0.061 0.065 0.2827 0.0000 12.26 
0.149 2 1 0 1.2 1.2 0.071 0.048 0.3137 0.0000 12.26 
0.150 2 1 0 1.2 1.2 0.038 0.044 0.3137 0.0000 12.27 
0.151 2 1 0 1.2 1.2 0.030 0.041 0.2996 0.0000 12.26 
0.152 2 1 0 1.2 1.2 0.029 0.056 0.3137 0.0000 12.27 
0.153 2 1 0 1.2 1.2 0.070 0.054 0.3137 0.0000 12.27 
0.154 2 1 0 1.2 1.2 0.047 0.060 0.3137 0.0000 12.26 
0.155 2 1 0 1.2 1.2 0.070 0.058 0.3185 0.0000 12.27 
0.156 2 1 0 1.2 1.2 0.065 0.043 0.3016 0.0000 12.26 
0.157 2 1 0 1.2 1.2 0.072 0.046 0.3185 0.0000 12.26 
0.158 2 1 0 1.2 1.2 0.059 0.046 0.3113 0.0000 12.26 
0.159 2 1 0 1.2 1.2 0.044 0.045 0.3113 0.0000 12.26 
0.160 2 1 0 1.2 1.2 0.064 0.043 0.3161 0.0000 12.26 
0.161 2 1 0 1.2 1.2 0.045 0.036 0.2868 0.0000 12.26 
0.162 2 1 0 1.2 1.2 -0.006 0.035 0.3161 0.0000 12.26 
0.163 2 1 0 1.2 1.2 0.029 0.047 0.3161 0.0000 12.26 
0.164 2 1 0 1.2 1.2 0.023 0.061 0.3016 0.0000 12.26 
0.165 2 1 0 1.2 1.2 0.041 0.051 0.3185 0.0000 12.25 
0.166 2 1 0 1.2 1.2 0.074 0.035 0.3016 0.0000 12.26 
0.167 2 1 0 1.2 1.2 0.060 0.051 0.3016 0.0000 12.26 
0.168 2 1 0 1.2 1.2 0.048 0.041 0.3213 0.0000 12.26 
0.169 2 1 0 1.2 1.2 0.069 0.050 0.2996 0.0000 12.26 
0.170 2 1 0 1.2 1.2 0.045 0.036 0.3185 0.0000 12.26 
0.171 2 1 0 1.2 1.2 0.041 0.039 0.3016 0.0000 12.26 
0.172 2 1 0 1.2 1.2 0.032 0.050 0.3016 0.0000 12.26 
0.173 2 1 0 1.2 1.2 0.014 0.054 0.3161 0.0000 12.26 
0.174 2 1 0 1.2 1.2 0.031 0.060 0.2952 0.0000 12.26 
0.175 2 1 0 1.2 1.2 0.060 0.046 0.3185 0.0000 12.26 
0.176 2 1 0 1.2 1.2 0.089 0.035 0.3185 0.0000 12.27 
0.177 2 1 0 1.2 1.2 0.088 0.046 0.3088 0.0000 12.26 
0.178 2 1 0 1.2 1.2 0.063 0.045 0.3237 0.0000 12.26 
0.179 2 1 0 1.2 1.2 0.059 0.054 0.2695 0.0000 12.27 
0.180 2 1 0 1.2 1.2 0.040 0.059 0.2695 0.0000 12.26 
0.181 2 1 0 1.2 1.2 0.027 0.048 0.3185 0.0000 12.26 
0.182 2 1 0 1.2 1.2 0.059 0.045 0.3430 0.0000 12.26 
0.183 2 1 0 1.2 1.2 0.024 0.044 0.3185 0.0000 12.26 
0.184 2 1 0 1.2 1.2 0.029 0.052 0.2868 0.0000 12.26 
0.185 2 1 0 1.2 1.2 0.036 0.039 0.2607 0.0000 12.26 
0.186 2 1 0 1.2 1.2 0.072 0.047 0.3161 0.0000 12.26 
0.187 2 1 0 1.2 1.2 0.066 0.040 0.3040 0.0000 12.26 
0.188 2 1 0 1.2 1.2 0.086 0.041 0.3237 0.0000 12.26 
0.189 2 1 0 1.2 1.2 0.072 0.062 0.3237 0.0000 12.27 
0.190 2 1 0 1.2 1.2 0.057 0.046 0.3016 0.0000 12.26 
0.191 2 1 0 1.2 1.2 0.035 0.045 0.3213 0.0000 12.26 
0.192 2 1 0 1.2 1.2 0.032 0.049 0.3016 0.0000 12.26 
0.193 2 1 0 1.2 1.2 0.024 0.048 0.3016 0.0000 12.26 
0.194 2 1 0 1.2 1.2 0.015 0.062 0.3213 0.0000 12.27 
0.195 2 1 0 1.2 1.2 0.037 0.059 0.2996 0.0000 12.26 
0.196 2 1 0 1.2 1.2 0.053 0.043 0.3237 0.0000 12.26 
0.197 2 1 0 1.2 1.2 0.080 0.044 0.3137 0.0000 12.26 
0.198 2 1 0 1.2 1.2 0.074 0.042 0.3137 0.0000 12.26 
0.199 2 1 0 1.2 1.2 0.053 0.056 0.3265 0.0000 12.26 
0.200 2 1 0 1.2 1.2 0.053 0.058 0.2827 0.0000 12.26 
0.201 2 1 1 4.0 4.0 0.036 0.047 0.3237 0.0000 12.26 
0.202 2 1 1 4.0 4.0 0.134 0.111 0.3237 0.0000 12.22 
0.203 2 1 1 4.0 4.0 0.367 0.463 0.3265 0.0000 12.18 
0.204 2 1 1 4.0 4.0 0.517 0.795 0.3402 0.0000 12.16 
0.205 2 1 1 4.0 4.0 0.624 0.997 0.3374 0.0000 12.17 
0.206 2 1 1 4.0 4.0 0.689 0.966 0.3976 0.0000 12.17 
0.207 2 1 1 4.0 4.0 0.790 0.940 0.4016 0.0000 12.15 
0.208 2 1 1 4.0 4.0 0.775 0.949 0.4269 0.0000 12.16 
0.209 2 1 1 4.0 4.0 0.682 0.952 0.4269 0.1297 12.16 
0.210 2 1 1 4.0 4.0 0.645 0.931 0.4723 0.1297 12.15 
0.211 2 1 1 4.0 4.0 0.638 0.873 0.5020 0.2241 12.16 
0.212 2 1 1 4.0 4.0 0.616 0.882 0.5281 0.2554 12.16 
0.213 2 1 1 4.0 4.0 0.625 0.874 0.5498 0.3976 12.17 
0.214 2 1 1 4.0 4.0 0.581 0.830 0.5735 0.3683 12.17 
0.215 2 1 1 4.0 4.0 0.550 0.773 0.6085 0.3237 12.18 
0.216 2 1 1 4.0 4.0 0.518 0.749 0.5904 0.3787 12.18 
0.217 2 1 1 4.0 4.0 0.489 0.772 0.6177 0.4510 12.17 
0.218 2 1 1 4.0 4.0 0.512 0.746 0.6474 0.4016 12.20 
0.219 2 1 1 4.0 4.0 0.561 0.675 0.6691 0.4225 12.18 
0.220 2 1 1 4.0 4.0 0.495 0.678 0.6924 0.4562 12.20 
0.221 2 1 1 4.0 4.0 0.451 0.663 0.7044 0.5213 12.20 
0.222 2 1 1 4.0 4.0 0.642 0.518 0.6924 0.4723 12.18 
0.223 2 1 1 4.0 4.0 0.537 0.477 0.7169 0.5149 12.20 
0.224 2 1 1 4.0 4.0 0.472 0.594 0.6924 0.5904 12.20 
0.225 2 1 1 4.0 4.0 0.429 0.554 0.7575 0.5575 12.20 
0.226 2 1 1 4.0 4.0 0.410 0.567 0.7044 0.5498 12.20 
0.227 2 1 1 4.0 4.0 0.430 0.566 0.7575 0.6177 12.19 
0.228 2 1 1 4.0 4.0 0.451 0.537 0.7723 0.6085 12.20 
0.229 2 1 1 4.0 4.0 0.395 0.527 0.7872 0.6583 12.20 
0.230 2 1 1 4.0 4.0 0.359 0.472 0.8032 0.6085 12.21 
0.231 2 1 1 4.0 4.0 0.373 0.490 0.8193 0.6374 12.20 
0.232 2 1 1 4.0 4.0 0.386 0.461 0.8032 0.6691 12.20 
0.233 2 1 1 4.0 4.0 0.359 0.450 0.8366 0.6691 12.21 
0.234 2 1 1 4.0 4.0 0.325 0.483 0.8543 0.7302 12.21 
0.235 2 1 1 4.0 4.0 0.354 0.453 0.8727 0.6583 12.22 
0.236 2 1 1 4.0 4.0 0.345 0.454 0.8727 0.7575 12.21 
0.237 2 1 1 4.0 4.0 0.325 0.387 0.8924 0.6691 12.21 
0.238 2 1 1 4.0 4.0 0.310 0.400 0.9338 0.7169 12.20 
0.239 2 1 1 4.0 4.0 0.323 0.395 0.9338 0.7044 12.21 
0.240 2 1 1 4.0 4.0 0.306 0.412 0.9338 0.7434 12.21 
0.241 2 1 1 4.0 4.0 0.283 0.367 0.9338 0.7434 12.22 
0.242 2 1 1 4.0 4.0 0.291 0.374 0.9559 0.7723 12.21 
0.243 2 1 1 4.0 4.0 0.312 0.383 0.9559 0.7434 12.22 
0.244 2 1 1 4.0 4.0 0.272 0.405 0.9559 0.7575 12.21 
0.245 2 1 1 4.0 4.0 0.278 0.348 0.9796 0.7723 12.22 
0.246 2 1 1 4.0 4.0 0.309 0.326 1.0041 0.7872 12.22 
0.247 2 1 1 4.0 4.0 0.297 0.373 1.0041 0.7723 12.21 
0.248 2 1 1 4.0 4.0 0.257 0.334 0.9559 0.8032 12.22 
0.249 2 1 1 4.0 4.0 0.287 0.313 0.9796 0.7723 12.22 
0.250 2 1 1 4.0 4.0 0.278 0.337 1.0041 0.8032 12.21 
0.251 2 1 1 4.0 4.0 0.229 0.348 1.0041 0.8193 12.22 
0.252 2 1 1 4.0 4.0 0.249 0.325 1.0298 0.8727 12.22 
0.253 2 1 1 4.0 4.0 0.274 0.330 1.0041 0.8727 12.22 
0.254 2 1 1 4.0 4.0 0.244 0.316 1.0567 0.8543 12.22 
0.255 2 1 1 4.0 4.0 0.227 0.305 1.0567 0.8193 12.22 
0.256 2 1 1 4.0 4.0 0.253 0.305 1.0298 0.9125 12.23 
0.257 2 1 1 4.0 4.0 0.225 0.304 1.0567 0.9125 12.23 
0.258 2 1 1 4.0 4.0 0.228 0.303 1.0852 0.8193 12.23 
0.259 2 1 1 4.0 4.0 0.239 0.300 1.0852 0.8727 12.21 
0.260 2 1 1 4.0 4.0 0.222 0.264 1.0567 0.8366 12.23 
0.261 2 1 1 4.0 4.0 0.196 0.259 1.0852 0.9559 12.22 
0.262 2 1 1 4.0 4.0 0.230 0.260 1.0852 0.8924 12.22 
0.263 2 1 1 4.0 4.0 0.203 0.268 1.0852 0.9796 12.23 
0.264 2 1 1 4.0 4.0 0.185 0.250 1.1153 0.9559 12.23 
0.265 2 1 1 4.0 4.0 0.239 0.275 1.1153 0.9559 12.23 
0.266 2 1 1 4.0 4.0 0.208 0.254 1.1474 0.9338 12.23 
0.267 2 1 1 4.0 4.0 0.178 0.248 1.1153 0.9796 12.23 
0.268 2 1 1 4.0 4.0 0.213 0.242 1.1474 1.0298 12.23 
0.269 2 1 1 4.0 4.0 0.177 0.259 1.1474 0.9796 12.24 
0.270 2 1 1 4.0 4.0 0.176 0.238 1.1474 0.9125 12.23 
0.271 2 1 1 4.0 4.0 0.199 0.221 1.0041 0.9559 12.23 
0.272 2 1 1 4.0 4.0 0.180 0.245 1.1474 1.0041 12.23 
0.273 2 1 1 4.0 4.0 0.149 0.246 1.1474 1.0567 12.23 
0.274 2 1 1 4.0 4.0 0.170 0.203 1.1474 0.9125 12.23 
0.275 2 1 1 4.0 4.0 0.160 0.219 1.1812 0.9559 12.23 
0.276 2 1 1 4.0 4.0 0.170 0.229 1.0852 1.0567 12.24 
0.277 2 1 1 4.0 4.0 0.176 0.216 1.1812 1.0298 12.23 
0.278 2 1 1 4.0 4.0 0.158 0.225 1.1474 0.9125 12.23 
0.279 2 1 1 4.0 4.0 0.141 0.231 1.1812 0.9796 12.23 
0.280 2 1 1 4.0 4.0 0.163 0.201 1.1812 1.0041 12.24 
0.281 2 1 1 4.0 4.0 0.141 0.213 1.1812 1.0852 12.23 
0.282 2 1 1 4.0 4.0 0.177 0.215 1.1812 1.0298 12.23 
0.283 2 1 1 4.0 4.0 0.181 0.217 1.1812 1.0298 12.23 
0.284 2 1 1 4.0 4.0 0.144 0.210 1.1474 1.0852 12.23 
0.285 2 1 1 4.0 4.0 0.166 0.237 1.2169 1.0298 12.23 
0.286 2 1 1 4.0 4.0 0.146 0.198 1.2169 1.0567 12.24 
0.287 2 1 1 4.0 4.0 0.123 0.189 1.2169 1.0567 12.23 
0.288 2 1 1 4.0 4.0 0.179 0.198 1.1812 1.0567 12.21 
0.289 2 1 1 4.0 4.0 0.150 0.184 1.2169 0.8727 12.23 
0.290 2 1 1 4.0 4.0 0.135 0.163 1.1474 1.0567 12.23 
0.291 2 1 1 4.0 4.0 0.158 0.201 1.1812 1.0852 12.23 
0.292 2 1 1 4.0 4.0 0.125 0.182 1.2169 1.0852 12.24 
0.293 2 1 1 4.0 4.0 0.144 0.164 1.2551 1.0567 12.23 
0.294 2 1 1 4.0 4.0 0.155 0.187 1.2551 1.0567 12.23 
0.295 2 1 1 4.0 4.0 0.109 0.178 1.2169 1.1474 12.24 
0.296 2 1 1 4.0 4.0 0.125 0.156 1.2169 1.0852 12.23 
0.297 2 1 1 4.0 4.0 0.116 0.183 1.2551 1.0567 12.24 
0.298 2 1 1 4.0 4.0 0.135 0.167 1.2551 1.1474 12.24 
0.299 2 1 1 4.0 4.0 0.158 0.165 1.2169 1.0852 12.24 
0.300 2 1 1 4.0 4.0 0.135 0.170 1.2551 1.0852 12.24 
0.301 2 1 1 4.0 4.0 0.108 0.178 1.2169 1.1474 12.24 
0.302 2 1 1 4.0 4.0 0.125 0.147 1.2551 1.0852 12.24 
0.303 2 1 1 4.0 4.0 0.098 0.195 1.2551 1.0852 12.24 
0.304 2 1 1 4.0 4.0 0.139 0.172 1.2551 1.1474 12.24 
0.305 2 1 1 4.0 4.0 0.135 0.139 1.2551 1.1153 12.23 
0.306 2 1 1 4.0 4.0 0.098 0.153 1.2551 1.1153 12.24 
0.307 2 1 1 4.0 4.0 0.121 0.160 1.2169 1.0298 12.24 
0.308 2 1 1 4.0 4.0 0.091 0.133 1.2952 1.1153 12.24 
0.309 2 1 1 4.0 4.0 0.122 0.164 1.2952 1.1474 12.24 
0.310 2 1 1 4.0 4.0 0.123 0.141 1.2952 1.1474 12.24 
0.311 2 1 1 4.0 4.0 0.080 0.135 1.2551 1.0852 12.24 
0.312 2 1 1 4.0 4.0 0.116 0.162 1.2952 1.1153 12.24 
0.313 2 1 1 4.0 4.0 0.095 0.154 1.2952 1.1474 12.24 
0.314 2 1 1 4.0 4.0 0.097 0.159 1.2952 1.2169 12.24 
0.315 2 1 1 4.0 4.0 0.145 0.167 1.2551 1.1153 12.24 
0.316 2 1 1 4.0 4.0 0.105 0.138 1.1812 1.1153 12.24 
0.317 2 1 1 4.0 4.0 0.105 0.111 1.2551 1.2169 12.24 
0.318 2 1 1 4.0 4.0 0.105 0.160 1.2952 1.1474 12.24 
0.319 2 1 1 4.0 4.0 0.101 0.149 1.2952 1.1474 12.24 
0.320 2 1 1 4.0 4.0 0.143 0.136 1.2551 1.2169 12.23 
0.321 2 1 1 4.0 4.0 0.111 0.141 1.2952 1.1153 12.24 
0.322 2 1 1 4.0 4.0 0.083 0.128 1.2952 1.1474 12.24 
0.323 2 1 1 4.0 4.0 0.095 0.137 1.2952 1.1153 12.24 
0.324 2 1 1 4.0 4.0 0.246 0.052 1.2952 1.1474 12.23 
0.325 2 1 1 4.0 4.0 0.196 -0.018 1.2952 1.1474 12.24 
0.326 2 1 1 4.0 4.0 0.135 0.099 1.2952 1.1812 12.24 
0.327 2 1 1 4.0 4.0 0.086 0.133 1.2952 1.2169 12.23 
0.328 2 1 1 4.0 4.0 0.092 0.133 1.2952 1.1812 12.24 
0.329 2 1 1 4.0 4.0 0.067 0.153 1.2952 1.1474 12.24 
0.330 2 1 1 4.0 4.0 0.118 0.155 1.2952 1.2169 12.24 
0.331 2 1 1 4.0 4.0 0.105 0.130 1.3386 1.1812 12.24 
0.332 2 1 1 4.0 4.0 0.079 0.128 1.2952 1.0852 12.23 
0.333 2 1 1 4.0 4.0 0.111 0.138 1.2952 1.0567 12.23 
0.334 2 1 1 4.0 4.0 0.074 0.090 1.3386 1.1812 12.24 
0.335 2 1 1 4.0 4.0 0.116 0.135 1.3386 1.1812 12.24 
0.336 2 1 1 4.0 4.0 0.129 0.135 1.2952 1.1812 12.24 
0.337 2 1 1 4.0 4.0 0.078 0.119 1.2952 1.2551 12.24 
0.338 2 1 1 4.0 4.0 0.086 0.141 1.2952 1.0852 12.25 
0.339 2 1 1 4.0 4.0 0.078 0.118 1.2952 1.1812 12.24 
0.340 2 1 1 4.0 4.0 0.093 0.119 1.3386 1.2551 12.24 
0.341 2 1 1 4.0 4.0 0.098 0.116 1.3386 1.1812 12.24 
0.342 2 1 1 4.0 4.0 0.061 0.115 1.2952 1.1812 12.25 
0.343 2 1 1 4.0 4.0 0.089 0.141 1.2952 1.1812 12.24 
0.344 2 1 1 4.0 4.0 0.077 0.126 1.3386 1.2551 12.24 
0.345 2 1 1 4.0 4.0 0.105 0.099 1.3386 1.0852 12.24 
0.346 2 1 1 4.0 4.0 0.119 0.126 1.3386 1.1812 12.24 
0.347 2 1 1 4.0 4.0 0.080 0.122 1.2952 1.2551 12.25 
0.348 2 1 1 4.0 4.0 0.094 0.096 1.3386 1.2169 12.24 
0.349 2 1 1 4.0 4.0 0.082 0.143 1.3386 1.1812 12.24 
0.350 2 1 1 4.0 4.0 0.097 0.119 1.3386 1.1812 12.24 
0.351 2 1 1 4.0 4.0 0.122 0.098 1.3386 1.2551 12.24 
0.352 2 1 1 4.0 4.0 0.078 0.127 1.3386 1.1812 12.24 
0.353 2 1 1 4.0 4.0 0.097 0.126 1.3386 1.2169 12.24 
0.354 2 1 1 4.0 4.0 0.082 0.111 1.3386 1.2551 12.24 
0.355 2 1 1 4.0 4.0 0.068 0.134 1.3386 1.1474 12.25 
0.356 2 1 1 4.0 4.0 0.103 0.095 1.3386 1.1812 12.24 
0.357 2 1 1 4.0 4.0 0.061 0.081 1.3386 1.1812 12.24 
0.358 2 1 1 4.0 4.0 0.090 0.124 1.3386 1.2551 12.24 
0.359 2 1 1 4.0 4.0 0.086 0.082 1.3386 1.1812 12.24 
0.360 2 1 1 4.0 4.0 0.095 0.113 1.3386 1.2169 12.24 
0.361 2 1 1 4.0 4.0 0.142 0.111 1.2952 1.2551 12.24 
0.362 2 1 1 4.0 4.0 0.084 0.076 1.2952 1.1474 12.25 
0.363 2 1 1 4.0 4.0 0.085 0.115 1.2952 1.1812 12.24 
0.364 2 1 1 4.0 4.0 0.086 0.111 1.3386 1.2169 12.24 
0.365 2 1 1 4.0 4.0 0.070 0.103 1.3386 1.2551 12.24 
0.366 2 1 1 4.0 4.0 0.117 0.119 1.2952 1.1812 12.24 
0.367 2 1 1 4.0 4.0 0.080 0.113 1.3386 1.1812 12.24 
0.368 2 1 1 4.0 4.0 0.079 0.111 1.3386 1.1812 12.24 
0.369 2 1 1 4.0 4.0 0.080 0.129 1.3386 1.1812 12.24 
0.370 2 1 1 4.0 4.0 0.075 0.091 1.3386 1.2169 12.24 
0.371 2 1 1 4.0 4.0 0.107 0.105 1.3386 1.1812 12.24 
0.372 2 1 1 4.0 4.0 0.069 0.113 1.3386 1.2169 12.24 
0.373 2 1 1 4.0 4.0 0.066 0.088 1.3386 1.1812 12.24 
0.374 2 1 1 4.0 4.0 0.075 0.118 1.3386 1.2169 12.25 
0.375 2 1 1 4.0 4.0 0.075 0.119 1.3386 1.2952 12.25 
0.376 2 1 1 4.0 4.0 0.133 0.088 1.2952 1.2952 12.24 
0.377 2 1 1 4.0 4.0 0.084 0.148 1.1812 1.2169 12.24 
0.378 2 1 1 4.0 4.0 0.101 0.115 1.3386 1.2169 12.24 
0.379 2 1 1 4.0 4.0 0.084 0.118 1.3386 1.2169 12.24 
0.380 2 1 1 4.0 4.0 0.074 0.126 1.3386 1.1812 12.21 
0.381 2 1 1 4.0 4.0 0.118 0.101 1.2952 1.2169 12.24 
0.382 2 1 1 4.0 4.0 0.092 0.115 1.2551 1.1812 12.24 
0.383 2 1 1 4.0 4.0 0.127 0.099 1.3386 1.2952 12.24 
0.384 2 1 1 4.0 4.0 0.089 0.061 1.3386 1.1812 12.25 
0.385 2 1 1 4.0 4.0 0.077 0.102 1.3386 1.1812 12.24 
0.386 2 1 1 4.0 4.0 0.099 0.108 1.3386 1.2551 12.24 
0.387 2 1 1 4.0 4.0 0.061 0.079 1.3386 1.2169 12.24 
0.388 2 1 1 4.0 4.0 0.074 0.134 1.3386 1.2169 12.25 
0.389 2 1 1 4.0 4.0 0.079 0.126 1.3386 1.2169 12.24 
0.390 2 1 1 4.0 4.0 0.076 0.085 1.3386 1.2952 12.24 
0.391 2 1 1 4.0 4.0 0.124 0.089 1.2952 1.2169 12.24 
0.392 2 1 1 4.0 4.0 0.076 0.081 1.2952 1.2169 12.25 
0.393 2 1 1 4.0 4.0 0.093 0.099 1.3386 1.0567 12.22 
0.394 2 1 1 4.0 4.0 0.064 0.141 1.3386 1.1812 12.24 
0.395 2 1 1 4.0 4.0 0.075 0.090 1.3386 1.2169 12.24 
0.396 2 1 1 4.0 4.0 0.116 0.117 1.2952 1.1812 12.25 
0.397 2 1 1 4.0 4.0 0.069 0.123 1.3386 1.2551 12.25 
0.398 2 1 1 4.0 4.0 0.069 0.088 1.3386 1.2169 12.24 
0.399 2 1 1 4.0 4.0 0.064 0.110 1.3386 1.1812 12.24 
0.400 2 1 1 4.0 4.0 0.060 0.116 1.3848 1.1812 12.25 
0.401 2 1 1 4.0 4.0 0.093 0.096 1.3848 1.2551 12.24 
0.402 2 1 1 4.0 4.0 0.055 0.119 1.3386 1.1812 12.25 
0.403 2 1 1 4.0 4.0 0.072 0.096 1.3386 1.2169 12.25 
0.404 2 1 1 4.0 4.0 0.074 0.103 1.3386 1.2551 12.24 
0.405 2 1 1 4.0 4.0 0.085 0.153 1.3386 1.1812 12.24 
0.406 2 1 1 4.0 4.0 0.120 0.094 1.3386 1.2169 12.25 
0.407 2 1 1 4.0 4.0 0.075 0.114 1.3386 1.2169 12.24 
0.408 2 1 1 4.0 4.0 0.082 0.111 1.3386 1.2952 12.24 
0.409 2 1 1 4.0 4.0 0.056 0.073 1.3386 1.2169 12.25 
0.410 2 1 1 4.0 4.0 0.080 0.150 1.3386 1.2169 12.24 
0.411 2 1 1 4.0 4.0 0.108 0.115 1.3386 1.2551 12.24 
0.412 2 1 1 4.0 4.0 0.057 0.085 1.3386 1.1812 12.24 
0.413 2 1 1 4.0 4.0 0.082 0.130 1.3386 1.2169 12.25 
0.414 2 1 1 4.0 4.0 0.070 0.109 1.3386 1.2551 12.25 
0.415 2 1 1 4.0 4.0 0.072 0.088 1.3848 1.2952 12.25 
0.416 2 1 1 4.0 4.0 0.102 0.098 1.3848 1.2169 12.24 
0.417 2 1 1 4.0 4.0 0.057 0.093 1.3386 1.2169 12.25 
0.418 2 1 1 4.0 4.0 0.082 0.093 1.2952 1.2169 12.25 
0.419 2 1 1 4.0 4.0 0.058 0.117 1.3386 1.2952 12.24 
0.420 2 1 1 4.0 4.0 0.097 0.072 1.3386 1.2169 12.24 
0.421 2 1 1 4.0 4.0 0.117 0.107 1.3386 1.2169 12.24 
0.422 2 1 1 4.0 4.0 0.064 0.104 1.3386 1.2551 12.24 
0.423 2 1 1 4.0 4.0 0.073 0.095 1.3386 1.2169 12.24 
0.424 2 1 1 4.0 4.0 0.053 0.107 1.3386 1.2169 12.24 
0.425 2 1 1 4.0 4.0 0.074 0.106 1.3386 1.2169 12.24 
0.426 2 1 1 4.0 4.0 0.114 0.080 1.3386 1.2952 12.24 
0.427 2 1 1 4.0 4.0 0.228 0.020 1.3386 1.1812 12.24 
0.428 2 1 1 4.0 4.0 0.179 -0.058 1.3386 1.2169 12.24 
0.429 2 1 1 4.0 4.0 0.085 0.052 1.3386 1.0298 12.24 
0.430 2 1 1 4.0 4.0 0.078 0.093 1.3386 1.2551 12.24 
0.431 2 1 1 4.0 4.0 0.092 0.067 1.3386 1.2169 12.24 
0.432 2 1 1 4.0 4.0 0.056 0.115 1.3386 1.1812 12.25 
0.433 2 1 1 4.0 4.0 0.075 0.110 1.3386 1.2952 12.25 
0.434 2 1 1 4.0 4.0 0.048 0.088 1.3386 1.1812 12.25 
0.435 2 1 1 4.0 4.0 0.096 0.107 1.3386 1.1812 12.24 
0.436 2 1 1 4.0 4.0 0.105 0.091 1.3848 1.2169 12.24 
0.437 2 1 1 4.0 4.0 0.056 0.117 1.3386 1.2952 12.24 
0.438 2 1 1 4.0 4.0 0.086 0.153 1.3386 1.1812 12.25 
0.439 2 1 1 4.0 4.0 0.055 0.107 1.3386 1.2169 12.25 
0.440 2 1 1 4.0 4.0 0.099 0.099 1.3848 1.0852 12.24 
0.441 2 1 1 4.0 4.0 0.110 0.127 1.3386 1.2952 12.24 
0.442 2 1 1 4.0 4.0 0.073 0.085 1.3386 1.2169 12.24 
0.443 2 1 1 4.0 4.0 0.080 0.096 1.3386 1.2169 12.24 
0.444 2 1 1 4.0 4.0 0.053 0.090 1.3848 1.2952 12.24 
0.445 2 1 1 4.0 4.0 0.093 0.096 1.3848 1.1474 12.24 
0.446 2 1 1 4.0 4.0 0.086 0.098 1.3386 1.1812 12.25 
0.447 2 1 1 4.0 4.0 0.059 0.115 1.3386 1.2169 12.25 
0.448 2 1 1 4.0 4.0 0.078 0.088 1.3848 1.2952 12.25 
0.449 2 1 1 4.0 4.0 0.051 0.098 1.3848 1.2169 12.25 
0.450 2 1 1 4.0 4.0 0.114 0.055 1.3848 1.2169 12.24 
0.451 2 1 1 4.0 4.0 0.093 0.089 1.3848 1.1474 12.24 
0.452 2 1 1 4.0 4.0 0.063 0.134 1.2551 1.2169 12.25 
0.453 2 1 1 4.0 4.0 0.082 0.092 1.3386 1.2169 12.25 
0.454 2 1 1 4.0 4.0 0.060 0.122 1.3386 1.2169 12.24 
0.455 2 1 1 4.0 4.0 0.110 0.111 1.3386 1.2551 12.24 
0.456 2 1 1 4.0 4.0 0.074 0.077 1.3848 1.2169 12.24 
0.457 2 1 1 4.0 4.0 0.063 0.081 1.3848 1.2169 12.25 
0.458 2 1 1 4.0 4.0 0.086 0.120 1.3848 1.2169 12.25 
0.459 2 1 1 4.0 4.0 0.048 0.085 1.3848 1.2952 12.25 
0.460 2 1 1 4.0 4.0 0.096 0.113 1.3848 1.1153 12.25 
0.461 2 1 1 4.0 4.0 0.069 0.058 1.3848 1.2169 12.25 
0.462 2 1 1 4.0 4.0 0.068 0.090 1.3848 1.2169 12.25 
0.463 2 1 1 4.0 4.0 0.076 0.107 1.3848 1.1812 12.24 
0.464 2 1 1 4.0 4.0 0.056 0.103 1.3848 1.2169 12.24 
0.465 2 1 1 4.0 4.0 0.112 0.107 1.3386 1.1812 12.24 
0.466 2 1 1 4.0 4.0 0.078 0.097 1.4342 1.2952 12.24 
0.467 2 1 1 4.0 4.0 0.070 0.084 1.3386 1.2169 12.24 
0.468 2 1 1 4.0 4.0 0.067 0.103 1.2952 1.2169 12.24 
0.469 2 1 1 4.0 4.0 0.059 0.090 1.3386 1.2169 12.24 
0.470 2 1 1 4.0 4.0 0.102 0.067 1.2952 1.2952 12.24 
0.471 2 1 1 4.0 4.0 0.074 0.097 1.3386 1.1153 12.25 
0.472 2 1 1 4.0 4.0 0.066 0.097 1.3386 1.2169 12.25 
0.473 2 1 1 4.0 4.0 0.093 0.085 1.3386 1.1812 12.25 
0.474 2 1 1 4.0 4.0 0.055 0.096 1.3848 1.2169 12.25 
0.475 2 1 1 4.0 4.0 0.100 0.077 1.3848 1.2169 12.24 
0.476 2 1 1 4.0 4.0 0.055 0.121 1.3386 1.2169 12.24 
0.477 2 1 1 4.0 4.0 0.056 0.121 1.3386 1.2952 12.25 
0.478 2 1 1 4.0 4.0 0.060 0.096 1.3386 1.1812 12.25 
0.479 2 1 1 4.0 4.0 0.071 0.105 1.3848 1.1812 12.24 
0.480 2 1 1 4.0 4.0 0.127 0.102 1.3386 1.2169 12.24 
0.481 2 1 1 4.0 4.0 0.054 0.068 1.2952 1.2952 12.24 
0.482 2 1 1 4.0 4.0 0.075 0.121 1.3386 1.2169 12.24 
0.483 2 1 1 4.0 4.0 0.069 0.089 1.3848 1.2169 12.25 
0.484 2 1 1 4.0 4.0 0.083 0.101 1.2952 1.1812 12.24 
0.485 2 1 1 4.0 4.0 0.101 0.118 1.3848 1.2169 12.24 
0.486 2 1 1 4.0 4.0 0.063 0.083 1.3848 1.2169 12.24 
0.487 2 1 1 4.0 4.0 0.063 0.078 1.3848 1.2169 12.24 
0.488 2 1 1 4.0 4.0 0.051 0.104 1.3848 1.2551 12.24 
0.489 2 1 1 4.0 4.0 0.059 0.072 1.3848 1.2169 12.24 
0.490 2 1 1 4.0 4.0 0.104 0.109 1.3848 1.2169 12.24 
0.491 2 1 1 4.0 4.0 0.053 0.093 1.3386 1.2169 12.24 
0.492 2 1 1 4.0 4.0 0.075 0.087 1.3848 1.2952 12.24 
0.493 2 1 1 4.0 4.0 0.062 0.112 1.3848 1.2169 12.24 
0.494 2 1 1 4.0 4.0 0.084 0.096 1.3848 1.2169 12.24 
0.495 2 1 1 4.0 4.0 0.104 0.105 1.3386 1.2169 12.23 
0.496 2 1 1 4.0 4.0 0.055 0.118 1.3386 1.1812 12.24 
0.497 2 1 1 4.0 4.0 0.076 0.084 1.3848 1.2169 12.25 
0.498 2 1 1 4.0 4.0 0.051 0.082 1.3848 1.1812 12.24 
0.499 2 1 1 4.0 4.0 0.103 0.119 1.3848 1.2952 12.24 
0.500 2 1 1 4.0 4.0 0.082 0.077 1.3848 1.2169 12.24 
0.501 2 1 1 4.0 4.0 0.051 0.122 1.3848 1.2169 12.24 
0.502 2 1 1 4.0 4.0 0.072 0.099 1.3386 1.2551 12.24 
0.503 2 1 1 4.0 4.0 0.062 0.084 1.3386 1.2952 12.24 
0.504 2 1 1 4.0 4.0 0.085 0.101 1.3848 1.2169 12.24 
0.505 2 1 1 4.0 4.0 0.084 0.098 1.3386 1.1812 12.25 
0.506 2 1 1 4.0 4.0 0.048 0.088 1.3848 1.1153 12.24 
0.507 2 1 1 4.0 4.0 0.070 0.119 1.3848 1.2169 12.25 
0.508 2 1 1 4.0 4.0 0.047 0.078 1.3848 1.2169 12.25 
0.509 2 1 1 4.0 4.0 0.108 0.097 1.3848 1.2551 12.24 
0.510 2 1 1 4.0 4.0 0.086 0.119 1.4342 1.2952 12.25 
0.511 2 1 1 4.0 4.0 0.060 0.095 1.3386 1.1812 12.24 
0.512 2 1 1 4.0 4.0 0.071 0.122 1.3848 1.1812 12.24 
0.513 2 1 1 4.0 4.0 0.045 0.110 1.3848 1.2169 12.24 
0.514 2 1 1 4.0 4.0 0.092 0.095 1.3848 1.2952 12.24 
0.515 2 1 1 4.0 4.0 0.082 0.091 1.3848 1.2169 12.24 
0.516 2 1 1 4.0 4.0 0.062 0.092 1.3386 1.2169 12.25 
0.517 2 1 1 4.0 4.0 0.069 0.086 1.3848 1.0852 12.24 
0.518 2 1 1 4.0 4.0 0.044 0.122 1.3848 1.2169 12.24 
0.519 2 1 1 4.0 4.0 0.086 0.093 1.3848 1.2169 12.24 
0.520 2 1 1 4.0 4.0 0.059 0.134 1.3386 1.2169 12.24 
0.521 2 1 1 4.0 4.0 0.055 0.131 1.3848 1.2551 12.24 
0.522 2 1 1 4.0 4.0 0.059 0.092 1.3848 1.2169 12.24 
0.523 2 1 1 4.0 4.0 0.039 0.100 1.3386 1.2169 12.24 
0.524 2 1 1 4.0 4.0 0.099 0.107 1.3386 1.2169 12.24 
0.525 2 1 1 4.0 4.0 0.077 0.117 1.3848 1.2952 12.24 
0.526 2 1 1 4.0 4.0 0.061 0.130 1.3386 1.2169 12.24 
0.527 2 1 1 4.0 4.0 0.063 0.111 1.3848 1.2551 12.24 
0.528 2 1 1 4.0 4.0 0.048 0.108 1.3848 1.1812 12.25 
0.529 2 1 1 4.0 4.0 0.261 0.058 1.3386 1.1812 12.22 
0.530 2 1 1 4.0 4.0 0.168 -0.045 1.3848 1.2169 12.24 
0.531 2 1 1 4.0 4.0 0.091 0.057 1.3848 1.1812 12.25 
0.532 2 1 1 4.0 4.0 0.067 0.095 1.3386 1.2952 12.25 
0.533 2 1 1 4.0 4.0 0.058 0.079 1.3848 1.2169 12.24 
0.534 2 1 1 4.0 4.0 0.078 0.126 1.3848 1.2169 12.24 
0.535 2 1 1 4.0 4.0 0.036 0.100 1.3386 1.2169 12.24 
0.536 2 1 1 4.0 4.0 0.048 0.099 1.3848 1.2952 12.24 
0.537 2 1 1 4.0 4.0 0.051 0.111 1.3848 1.1812 12.24 
0.538 2 1 1 4.0 4.0 0.076 0.104 1.3848 1.2169 12.24 
0.539 2 1 1 4.0 4.0 0.105 0.108 1.3386 1.0852 12.24 
0.540 2 1 1 4.0 4.0 0.053 0.112 1.3386 1.2952 12.25 
0.541 2 1 1 4.0 4.0 0.067 0.088 1.3386 1.2169 12.24 
0.542 2 1 1 4.0 4.0 0.052 0.113 1.3386 1.2551 12.24 
0.543 2 1 1 4.0 4.0 0.061 0.117 1.3386 1.2952 12.24 
0.544 2 1 1 4.0 4.0 0.097 0.084 1.3848 1.1812 12.24 
0.545 2 1 1 4.0 4.0 0.050 0.141 1.3848 1.2169 12.24 
0.546 2 1 1 4.0 4.0 0.067 0.122 1.3848 1.2551 12.24 
0.547 2 1 1 4.0 4.0 0.051 0.101 1.3848 1.2952 12.24 
0.548 2 1 1 4.0 4.0 0.065 0.108 1.3848 1.2169 12.24 
0.549 2 1 1 4.0 4.0 0.093 0.100 1.3848 1.2169 12.25 
0.550 2 1 1 4.0 4.0 0.041 0.097 1.3386 1.0298 12.25 
0.551 2 1 1 4.0 4.0 0.066 0.131 1.3848 1.2952 12.24 
0.552 2 1 1 4.0 4.0 0.048 0.094 1.3848 1.2169 12.25 
0.553 2 1 1 4.0 4.0 0.108 0.114 1.3848 1.2169 12.24 
0.554 2 1 1 4.0 4.0 0.094 0.111 1.3848 1.2551 12.25 
0.555 2 1 1 4.0 4.0 0.048 0.091 1.3386 1.2169 12.25 
0.556 2 1 1 4.0 4.0 0.074 0.100 1.3848 1.2169 12.24 
0.557 2 1 1 4.0 4.0 0.051 0.100 1.3848 1.2169 12.25 
0.558 2 1 1 4.0 4.0 0.083 0.088 1.3848 1.2952 12.24 
0.559 2 1 1 4.0 4.0 0.092 0.124 1.3386 1.2169 12.24 
0.560 2 1 1 4.0 4.0 0.053 0.083 1.3848 1.2551 12.25 
0.561 2 1 1 4.0 4.0 0.097 0.100 1.3386 1.0567 12.24 
0.562 2 1 1 4.0 4.0 0.045 0.124 1.3386 1.2551 12.25 
0.563 2 1 1 4.0 4.0 0.074 0.092 1.3848 1.2169 12.24 
0.564 2 1 1 4.0 4.0 0.076 0.115 1.3386 1.1812 12.24 
0.565 2 1 1 4.0 4.0 0.035 0.127 1.3848 1.2952 12.25 
0.566 2 1 1 4.0 4.0 0.069 0.101 1.3848 1.2169 12.25 
0.567 2 1 1 4.0 4.0 0.037 0.105 1.3848 1.2169 12.24 
0.568 2 1 1 4.0 4.0 0.090 0.103 1.3848 1.2169 12.24 
0.569 2 1 1 4.0 4.0 0.082 0.105 1.4342 1.2952 12.24 
0.570 2 1 1 4.0 4.0 0.044 0.129 1.3386 1.1812 12.24 
0.571 2 1 1 4.0 4.0 0.067 0.094 1.3386 1.2169 12.24 
0.572 2 1 1 4.0 4.0 0.045 0.100 1.3848 1.2169 12.25 
0.573 2 1 1 4.0 4.0 0.090 0.119 1.3848 1.2952 12.25 
0.574 2 1 1 4.0 4.0 0.072 0.082 1.3848 1.2169 12.25 
0.575 2 1 1 4.0 4.0 0.054 0.096 1.3848 1.2169 12.24 
0.576 2 1 1 4.0 4.0 0.069 0.104 1.3848 1.2551 12.24 
0.577 2 1 1 4.0 4.0 0.048 0.094 1.3848 1.1812 12.24 
0.578 2 1 1 4.0 4.0 0.086 0.103 1.3848 1.2169 12.24 
0.579 2 1 1 4.0 4.0 0.070 0.084 1.3848 1.2551 12.24 
0.580 2 1 1 4.0 4.0 0.051 0.088 1.3848 1.2952 12.24 
0.581 2 1 1 4.0 4.0 0.076 0.118 1.3848 1.2169 12.24 
0.582 2 1 1 4.0 4.0 0.052 0.077 1.3848 1.2169 12.24 
0.583 2 1 1 4.0 4.0 0.098 0.081 1.3386 1.2169 12.26 
0.584 2 1 1 4.0 4.0 0.062 0.118 1.3848 1.2952 12.25 
0.585 2 1 1 4.0 4.0 0.056 0.098 1.3386 1.2551 12.24 
0.586 2 1 1 4.0 4.0 0.063 0.108 1.3848 1.2169 12.24 
0.587 2 1 1 4.0 4.0 0.059 0.103 1.3848 1.2551 12.24 
0.588 2 1 1 4.0 4.0 0.104 0.098 1.3386 1.2169 12.24 
0.589 2 1 1 4.0 4.0 0.061 0.119 1.3386 1.2169 12.24 
0.590 2 1 1 4.0 4.0 0.069 0.113 1.3848 1.2169 12.24 
0.591 2 1 1 4.0 4.0 0.059 0.104 1.3386 1.2952 12.25 
0.592 2 1 1 4.0 4.0 0.053 0.135 1.3848 1.2169 12.25 
0.593 2 1 1 4.0 4.0 0.082 0.110 1.3848 1.2551 12.25 
0.594 2 1 1 4.0 4.0 0.041 0.086 1.3848 1.1812 12.25 
0.595 2 1 1 4.0 4.0 0.061 0.103 1.3848 1.2551 12.25 
0.596 2 1 1 4.0 4.0 0.044 0.094 1.3848 1.2169 12.25 
0.597 2 1 1 4.0 4.0 0.067 0.115 1.3848 1.1812 12.24 
0.598 2 1 1 4.0 4.0 0.103 0.110 1.3386 1.0567 12.24 
0.599 2 1 1 4.0 4.0 0.054 0.072 1.3386 1.2169 12.24 
0.600 2 1 1 4.0 4.0 0.067 0.109 1.3848 1.2169 12.24 
0.601 2 1 1 4.0 4.0 0.049 0.100 1.3848 1.2169 12.25 
0.602 2 1 1 4.0 4.0 0.078 0.080 1.3848 1.2952 12.24 
0.603 2 1 1 4.0 4.0 0.105 0.117 1.3386 1.1812 12.24 
0.604 2 1 1 4.0 4.0 0.055 0.107 1.3848 1.2169 12.24 
0.605 2 1 1 4.0 4.0 0.071 0.104 1.3848 1.2169 12.24 
0.606 2 1 1 4.0 4.0 0.059 0.091 1.3848 1.2952 12.24 
0.607 2 1 1 4.0 4.0 0.006 0.086 1.3848 1.2169 12.24 
0.608 2 1 1 4.0 4.0 0.076 0.123 1.2952 1.2551 12.24 
0.609 2 1 1 4.0 4.0 0.036 0.108 1.3848 1.2551 12.25 
0.610 2 1 1 4.0 4.0 0.062 0.067 1.3848 1.1812 12.24 
0.611 2 1 1 4.0 4.0 0.050 0.141 1.3848 1.2169 12.25 
0.612 2 1 1 4.0 4.0 0.101 0.117 1.3848 1.2551 12.24 
0.613 2 1 1 4.0 4.0 0.112 0.112 1.3848 1.2952 12.24 
0.614 2 1 1 4.0 4.0 0.048 0.107 1.3386 1.2169 12.24 
0.615 2 1 1 4.0 4.0 0.081 0.091 1.3386 1.2169 12.24 
0.616 2 1 1 4.0 4.0 0.042 0.100 1.3386 1.2169 12.24 
0.617 2 1 1 4.0 4.0 0.087 0.111 1.3848 1.2952 12.24 
0.618 2 1 1 4.0 4.0 0.080 0.087 1.3386 1.2551 12.24 
0.619 2 1 1 4.0 4.0 0.059 0.115 1.3848 1.2169 12.24 
0.620 2 1 1 4.0 4.0 0.067 0.119 1.3848 1.2169 12.24 
0.621 2 1 1 4.0 4.0 0.044 0.085 1.3848 1.2952 12.25 
0.622 2 1 1 4.0 4.0 0.086 0.133 1.3848 1.2169 12.24 
0.623 2 1 1 4.0 4.0 0.060 0.112 1.3386 1.2169 12.25 
0.624 2 1 1 4.0 4.0 0.046 0.105 1.3848 1.2952 12.24 
0.625 2 1 1 4.0 4.0 0.066 0.119 1.3848 1.2169 12.24 
0.626 2 1 1 4.0 4.0 0.032 0.090 1.3848 1.2551 12.25 
0.627 2 1 1 4.0 4.0 0.097 0.107 1.3386 1.2169 12.24 
0.628 2 1 1 4.0 4.0 0.065 0.121 1.3848 1.2952 12.24 
0.629 2 1 1 4.0 4.0 0.051 0.111 1.3386 1.2169 12.24 
0.630 2 1 1 4.0 4.0 0.065 0.112 1.3848 1.1812 12.25 
0.631 2 1 1 4.0 4.0 0.193 0.046 1.3848 1.2169 12.23 
0.632 2 1 1 4.0 4.0 0.204 -0.060 1.3386 1.2952 12.24 
0.633 2 1 1 4.0 4.0 0.103 0.057 1.3848 1.2169 12.24 
0.634 2 1 1 4.0 4.0 0.061 0.085 1.3848 1.2551 12.25 
0.635 2 1 1 4.0 4.0 0.070 0.112 1.3848 1.2551 12.24 
0.636 2 1 1 4.0 4.0 0.044 0.150 1.3848 1.1812 12.24 
0.637 2 1 1 4.0 4.0 0.079 0.115 1.3848 1.2169 12.25 
0.638 2 1 1 4.0 4.0 0.050 0.100 1.3848 1.2169 12.24 
0.639 2 1 1 4.0 4.0 0.068 0.119 1.3848 1.2952 12.24 
0.640 2 1 1 4.0 4.0 0.063 0.080 1.3848 1.2169 12.24 
0.641 2 1 1 4.0 4.0 0.064 0.124 1.3848 1.2169 12.24 
0.642 2 1 1 4.0 4.0 0.093 0.106 1.3386 1.2551 12.25 
0.643 2 1 1 4.0 4.0 0.069 0.075 1.3386 1.2551 12.24 
0.644 2 1 1 4.0 4.0 0.089 0.119 1.3848 1.2169 12.24 
0.645 2 1 1 4.0 4.0 0.075 0.110 1.3848 1.2551 12.25 
0.646 2 1 1 4.0 4.0 0.067 0.099 1.3848 1.1812 12.25 
0.647 2 1 1 4.0 4.0 0.102 0.088 1.3848 1.2169 12.25 
0.648 2 1 1 4.0 4.0 0.070 0.109 1.3386 1.2169 12.25 
0.649 2 1 1 4.0 4.0 0.065 0.103 1.3848 1.2169 12.24 
0.650 2 1 1 4.0 4.0 0.060 0.126 1.3848 1.2952 12.24 
0.651 2 1 1 4.0 4.0 0.066 0.087 1.3848 1.2169 12.24 
0.652 2 1 1 4.0 4.0 0.093 0.103 1.3848 1.2169 12.24 
0.653 2 1 1 4.0 4.0 0.048 0.108 1.3386 1.2169 12.25 
0.654 2 1 1 4.0 4.0 0.059 0.083 1.3386 1.2952 12.24 
0.655 2 1 1 4.0 4.0 0.048 0.117 1.3386 1.2169 12.25 
0.656 2 1 1 4.0 4.0 0.082 0.087 1.3386 1.2169 12.24 
0.657 2 1 1 4.0 4.0 0.097 0.079 1.3386 1.1474 12.24 
0.658 2 1 1 4.0 4.0 0.051 0.093 1.3386 1.2169 12.25 
0.659 2 1 1 4.0 4.0 0.088 0.104 1.3848 1.2551 12.24 
0.660 2 1 1 4.0 4.0 0.055 0.101 1.3848 1.1812 12.24 
0.661 2 1 1 4.0 4.0 0.099 0.121 1.3848 1.2551 12.24 
0.662 2 1 1 4.0 4.0 0.108 0.088 1.3848 1.2169 12.25 
0.663 2 1 1 4.0 4.0 0.055 0.105 1.3848 1.1812 12.24 
0.664 2 1 1 4.0 4.0 0.086 0.101 1.3386 1.2169 12.24 
0.665 2 1 1 4.0 4.0 0.050 0.084 1.3386 1.2952 12.25 
