%% logfile from robot Leonora (62)
% Leonora (62)
%  1    time 0.000 sec
%  2  3  4   (mission 0), state 2, thread 2, line 0
%  5  6 Motor voltage [V] left, right: 2.0 2.0
%  7  8 Motor current left, right [A]: 0.017 0.015
%  9 10 Wheel velocity [m/s] left, right: -0.0000 0.0000
% 11    Battery voltage [V]: 11.06
0.001 2 2 0 2.0 2.0 0.045 0.002 -0.0000 0.0000 11.05 
0.002 2 2 0 2.0 2.0 0.207 0.164 -0.0000 0.0000 11.05 
0.003 2 2 0 2.0 2.0 0.337 0.354 -0.0000 0.0000 11.04 
0.004 2 2 0 2.0 2.0 0.423 0.427 -0.0000 0.0000 11.04 
0.005 2 2 0 2.0 2.0 0.437 0.441 -0.0000 0.0000 11.03 
0.006 2 2 0 2.0 2.0 0.454 0.475 -0.0000 0.0000 11.03 
0.007 2 2 0 2.0 2.0 0.448 0.465 0.0000 0.0000 11.03 
0.008 2 2 0 2.0 2.0 0.453 0.488 0.0000 0.0000 11.04 
0.009 2 2 0 2.0 2.0 0.445 0.458 0.0000 0.0000 11.04 
0.010 2 2 0 2.0 2.0 0.438 0.330 0.0000 0.0000 11.04 
0.011 2 2 0 2.0 2.0 0.419 0.275 0.0000 0.0000 11.04 
0.012 2 2 0 2.0 2.0 0.414 0.253 0.0932 0.0000 11.04 
0.013 2 2 0 2.0 2.0 0.395 0.256 0.0932 0.0884 11.04 
0.014 2 2 0 2.0 2.0 0.366 0.263 0.1598 0.0884 11.05 
0.015 2 2 0 2.0 2.0 0.342 0.238 0.1598 0.0884 11.05 
0.016 2 2 0 2.0 2.0 0.332 0.291 0.1598 0.0884 11.05 
0.017 2 2 0 2.0 2.0 0.313 0.316 0.1606 0.1008 11.04 
0.018 2 2 0 2.0 2.0 0.315 0.323 0.1606 0.1008 11.05 
0.019 2 2 0 2.0 2.0 0.322 0.363 0.1598 0.1008 11.05 
0.020 2 2 0 2.0 2.0 0.325 0.361 0.1598 0.1317 11.04 
0.021 2 2 0 2.0 2.0 0.322 0.388 0.2048 0.1317 11.04 
0.022 2 2 0 2.0 2.0 0.329 0.363 0.2048 0.1659 11.04 
0.023 2 2 0 2.0 2.0 0.271 0.339 0.2434 0.1659 11.04 
0.024 2 2 0 2.0 2.0 0.255 0.366 0.2193 0.1775 11.05 
0.025 2 2 0 2.0 2.0 0.251 0.343 0.2193 0.1775 11.05 
0.026 2 2 0 2.0 2.0 0.240 0.340 0.2016 0.1775 11.04 
0.027 2 2 0 2.0 2.0 0.227 0.354 0.2016 0.1868 11.05 
0.028 2 2 0 2.0 2.0 0.266 0.341 0.2478 0.2181 11.05 
0.029 2 2 0 2.0 2.0 0.213 0.340 0.2478 0.2181 11.05 
0.030 2 2 0 2.0 2.0 0.219 0.334 0.2574 0.1948 11.05 
0.031 2 2 0 2.0 2.0 0.210 0.290 0.2623 0.1948 11.05 
0.032 2 2 0 2.0 2.0 0.221 0.273 0.2623 0.2390 11.05 
0.033 2 2 0 2.0 2.0 0.231 0.266 0.2888 0.2390 11.05 
0.034 2 2 0 2.0 2.0 0.249 0.261 0.2868 0.2747 11.05 
0.035 2 2 0 2.0 2.0 0.212 0.285 0.2908 0.2574 11.05 
0.036 2 2 0 2.0 2.0 0.225 0.265 0.2908 0.2574 11.04 
0.037 2 2 0 2.0 2.0 0.213 0.255 0.2908 0.2229 11.05 
0.038 2 2 0 2.0 2.0 0.240 0.266 0.2908 0.2675 11.05 
0.039 2 2 0 2.0 2.0 0.243 0.239 0.3064 0.2675 11.05 
0.040 2 2 0 2.0 2.0 0.264 0.222 0.3064 0.3317 11.04 
0.041 2 2 0 2.0 2.0 0.240 0.203 0.3113 0.2972 11.05 
0.042 2 2 0 2.0 2.0 0.233 0.174 0.3161 0.2639 11.05 
0.043 2 2 0 2.0 2.0 0.232 0.160 0.3185 0.2623 11.05 
0.044 2 2 0 2.0 2.0 0.244 0.180 0.3430 0.2996 11.05 
0.045 2 2 0 2.0 2.0 0.273 0.152 0.3430 0.3113 11.05 
0.046 2 2 0 2.0 2.0 0.216 0.174 0.3615 0.3137 11.05 
0.047 2 2 0 2.0 2.0 0.201 0.222 0.3402 0.3137 11.05 
0.048 2 2 0 2.0 2.0 0.180 0.213 0.3237 0.2787 11.05 
0.049 2 2 0 2.0 2.0 0.213 0.213 0.3615 0.3088 11.05 
0.050 2 2 0 2.0 2.0 0.166 0.232 0.3896 0.3265 11.05 
0.051 2 2 0 2.0 2.0 0.156 0.202 0.3582 0.3265 11.05 
0.052 2 2 0 2.0 2.0 0.175 0.194 0.3265 0.3346 11.05 
0.053 2 2 0 2.0 2.0 0.163 0.215 0.3265 0.3823 11.06 
0.054 2 2 0 2.0 2.0 0.159 0.183 0.3976 0.3374 11.05 
0.055 2 2 0 2.0 2.0 0.159 0.197 0.3860 0.3317 11.05 
0.056 2 2 0 2.0 2.0 0.154 0.204 0.3615 0.3490 11.05 
0.057 2 2 0 2.0 2.0 0.168 0.179 0.3265 0.3064 11.05 
0.058 2 2 0 2.0 2.0 0.167 0.165 0.3787 0.2908 11.05 
0.059 2 2 0 2.0 2.0 0.174 0.181 0.4181 0.3402 11.05 
0.060 2 2 0 2.0 2.0 0.176 0.183 0.3787 0.3715 11.05 
0.061 2 2 0 2.0 2.0 0.183 0.161 0.3317 0.3582 11.05 
0.062 2 2 0 2.0 2.0 0.189 0.147 0.3976 0.3088 11.05 
0.063 2 2 0 2.0 2.0 0.187 0.156 0.4016 0.3550 11.05 
0.064 2 2 0 2.0 2.0 0.175 0.139 0.3936 0.4016 11.05 
0.065 2 2 0 2.0 2.0 0.159 0.120 0.4225 0.3651 11.05 
0.066 2 2 0 2.0 2.0 0.152 0.126 0.4181 0.3615 11.05 
0.067 2 2 0 2.0 2.0 0.136 0.136 0.4225 0.3161 11.05 
0.068 2 2 0 2.0 2.0 0.111 0.149 0.4016 0.3582 11.05 
0.069 2 2 0 2.0 2.0 0.125 0.151 0.3715 0.3823 11.05 
0.070 2 2 0 2.0 2.0 0.125 0.107 0.3936 0.3787 11.05 
0.071 2 2 0 2.0 2.0 0.131 0.116 0.4137 0.3374 11.05 
0.072 2 2 0 2.0 2.0 0.125 0.137 0.4137 0.3683 11.05 
0.073 2 2 0 2.0 2.0 0.181 0.145 0.3651 0.3787 11.05 
0.074 2 2 0 2.0 2.0 0.175 0.152 0.3936 0.3860 11.05 
0.075 2 2 0 2.0 2.0 0.190 0.173 0.4410 0.3550 11.05 
0.076 2 2 0 2.0 2.0 0.121 0.166 0.4269 0.3823 11.05 
0.077 2 2 0 2.0 2.0 0.138 0.159 0.3651 0.3823 11.05 
0.078 2 2 0 2.0 2.0 0.163 0.159 0.4362 0.3615 11.05 
0.079 2 2 0 2.0 2.0 0.143 0.141 0.4317 0.3976 11.05 
0.080 2 2 0 2.0 2.0 0.151 0.164 0.3715 0.3823 11.05 
0.081 2 2 0 2.0 2.0 0.125 0.122 0.3976 0.3936 11.05 
0.082 2 2 0 2.0 2.0 0.114 0.089 0.4137 0.3751 11.05 
0.083 2 2 0 2.0 2.0 0.094 0.112 0.4225 0.3896 11.05 
0.084 2 2 0 2.0 2.0 0.090 0.126 0.4410 0.4056 11.05 
0.085 2 2 0 2.0 2.0 0.129 0.135 0.4410 0.3976 11.05 
0.086 2 2 0 2.0 2.0 0.124 0.152 0.4410 0.3823 11.05 
0.087 2 2 0 2.0 2.0 0.113 0.153 0.4410 0.3976 11.05 
0.088 2 2 0 2.0 2.0 0.112 0.170 0.4362 0.3430 11.05 
0.089 2 2 0 2.0 2.0 0.132 0.159 0.4410 0.3715 11.05 
0.090 2 2 0 2.0 2.0 0.152 0.147 0.4462 0.4097 11.05 
0.091 2 2 0 2.0 2.0 0.157 0.146 0.4410 0.4181 11.05 
0.092 2 2 0 2.0 2.0 0.156 0.137 0.4510 0.3522 11.05 
0.093 2 2 0 2.0 2.0 0.156 0.113 0.4667 0.3787 11.05 
0.094 2 2 0 2.0 2.0 0.121 0.124 0.4562 0.4269 11.05 
0.095 2 2 0 2.0 2.0 0.104 0.118 0.4362 0.4269 11.05 
0.096 2 2 0 2.0 2.0 0.116 0.125 0.4462 0.3651 11.05 
0.097 2 2 0 2.0 2.0 0.113 0.112 0.4667 0.3860 11.06 
0.098 2 2 0 2.0 2.0 0.104 0.089 0.4562 0.4056 11.05 
0.099 2 2 0 2.0 2.0 0.107 0.102 0.4016 0.4137 11.05 
0.100 2 2 0 2.0 2.0 0.144 0.123 0.4779 0.3683 11.05 
0.101 2 2 0 2.0 2.0 0.149 0.137 0.4667 0.3896 11.05 
0.102 2 2 0 2.0 2.0 0.127 0.141 0.4016 0.4181 11.05 
0.103 2 2 0 2.0 2.0 0.132 0.155 0.4317 0.4510 11.05 
0.104 2 2 0 2.0 2.0 0.156 0.145 0.4896 0.4362 11.05 
0.105 2 2 0 2.0 2.0 0.121 0.142 0.4723 0.4269 11.05 
0.106 2 2 0 2.0 2.0 0.154 0.148 0.3976 0.4317 11.05 
0.107 2 2 0 2.0 2.0 0.131 0.115 0.4562 0.3651 11.05 
0.108 2 2 0 2.0 2.0 0.098 0.112 0.4615 0.3936 11.05 
0.109 2 2 0 2.0 2.0 0.089 0.107 0.4896 0.4410 11.05 
0.110 2 2 0 2.0 2.0 0.089 0.097 0.4896 0.4462 11.05 
0.111 2 2 0 2.0 2.0 0.090 0.104 0.4723 0.3751 11.05 
0.112 2 2 0 2.0 2.0 0.095 0.126 0.4510 0.4056 11.05 
0.113 2 2 0 2.0 2.0 0.103 0.095 0.4667 0.4462 11.05 
0.114 2 2 0 2.0 2.0 0.093 0.084 0.4836 0.4462 11.05 
0.115 2 2 0 2.0 2.0 0.095 0.113 0.4779 0.3823 11.05 
0.116 2 2 0 2.0 2.0 0.124 0.113 0.4462 0.4362 11.05 
0.117 2 2 0 2.0 2.0 0.120 0.099 0.5149 0.4462 11.05 
0.118 2 2 0 2.0 2.0 0.124 0.099 0.4896 0.4016 11.05 
0.119 2 2 0 2.0 2.0 0.109 0.091 0.4510 0.4225 11.05 
0.120 2 2 0 2.0 2.0 0.109 0.101 0.4723 0.4362 11.05 
0.121 2 2 0 2.0 2.0 0.096 0.106 0.5081 0.4462 11.05 
0.122 2 2 0 2.0 2.0 0.084 0.103 0.4779 0.4317 11.05 
0.123 2 2 0 2.0 2.0 0.068 0.099 0.4723 0.4362 11.05 
0.124 2 2 0 2.0 2.0 0.068 0.117 0.4779 0.4269 11.05 
0.125 2 2 0 2.0 2.0 0.074 0.112 0.4779 0.4410 11.05 
0.126 2 2 0 2.0 2.0 0.086 0.114 0.4896 0.4410 11.05 
0.127 2 2 0 2.0 2.0 0.089 0.080 0.4896 0.4317 11.05 
0.128 2 2 0 2.0 2.0 0.102 0.055 0.4779 0.4510 11.05 
0.129 2 2 0 2.0 2.0 0.104 0.072 0.4723 0.4615 11.05 
0.130 2 2 0 2.0 2.0 0.109 0.092 0.4836 0.4562 11.05 
0.131 2 2 0 2.0 2.0 0.135 0.091 0.4836 0.4410 11.05 
0.132 2 2 0 2.0 2.0 0.154 0.107 0.4836 0.4510 11.05 
0.133 2 2 0 2.0 2.0 0.133 0.130 0.4896 0.3823 11.05 
0.134 2 2 0 2.0 2.0 0.135 0.107 0.5020 0.4097 11.06 
0.135 2 2 0 2.0 2.0 0.102 0.124 0.4896 0.4510 11.05 
0.136 2 2 0 2.0 2.0 0.086 0.132 0.4723 0.4510 11.05 
0.137 2 2 0 2.0 2.0 0.095 0.121 0.4896 0.3787 11.05 
0.138 2 2 0 2.0 2.0 0.091 0.126 0.5020 0.4615 11.05 
0.139 2 2 0 2.0 2.0 0.077 0.106 0.4723 0.4615 11.06 
0.140 2 2 0 2.0 2.0 0.072 0.096 0.4896 0.3976 11.05 
0.141 2 2 0 2.0 2.0 0.090 0.103 0.5281 0.4225 11.05 
0.142 2 2 0 2.0 2.0 0.109 0.103 0.4723 0.4410 11.05 
0.143 2 2 0 2.0 2.0 0.140 0.074 0.4896 0.4510 11.04 
0.144 2 2 0 2.0 2.0 0.114 0.069 0.5426 0.4269 11.05 
0.145 2 2 0 2.0 2.0 0.106 0.084 0.5213 0.4362 11.05 
0.146 2 2 0 2.0 2.0 0.119 0.089 0.4667 0.4562 11.05 
0.147 2 2 0 2.0 2.0 0.127 0.100 0.5020 0.4896 11.05 
0.148 2 2 0 2.0 2.0 0.112 0.111 0.5020 0.4723 11.05 
0.149 2 2 0 2.0 2.0 0.089 0.118 0.5354 0.4615 11.05 
0.150 2 2 0 2.0 2.0 0.080 0.115 0.5281 0.4615 11.05 
0.151 2 2 0 2.0 2.0 0.070 0.104 0.5149 0.3896 11.05 
0.152 2 2 0 2.0 2.0 0.083 0.088 0.4836 0.4181 11.05 
0.153 2 2 0 2.0 2.0 0.094 0.086 0.4956 0.4723 11.05 
0.154 2 2 0 2.0 2.0 0.094 0.106 0.5020 0.3976 11.05 
0.155 2 2 0 2.0 2.0 0.096 0.109 0.4723 0.4269 11.05 
0.156 2 2 0 2.0 2.0 0.096 0.071 0.4896 0.4667 11.05 
0.157 2 2 0 2.0 2.0 0.090 0.091 0.5426 0.4667 11.05 
0.158 2 2 0 2.0 2.0 0.079 0.087 0.4462 0.4362 11.05 
0.159 2 2 0 2.0 2.0 0.091 0.093 0.4956 0.4462 11.05 
0.160 2 2 0 2.0 2.0 0.101 0.091 0.5281 0.4723 11.05 
0.161 2 2 0 2.0 2.0 0.082 0.072 0.5149 0.4510 11.05 
0.162 2 2 0 2.0 2.0 0.065 0.081 0.4667 0.4615 11.05 
0.163 2 2 0 2.0 2.0 0.060 0.111 0.5020 0.4667 11.05 
0.164 2 2 0 2.0 2.0 0.072 0.115 0.4956 0.4779 11.05 
0.165 2 2 0 2.0 2.0 0.080 0.112 0.5149 0.4615 11.05 
0.166 2 2 0 2.0 2.0 0.087 0.109 0.5149 0.4667 11.05 
0.167 2 2 0 2.0 2.0 0.095 0.095 0.5081 0.4723 11.05 
0.168 2 2 0 2.0 2.0 0.098 0.100 0.5020 0.4667 11.05 
0.169 2 2 0 2.0 2.0 0.098 0.103 0.5081 0.4723 11.05 
0.170 2 2 0 2.0 2.0 0.098 0.066 0.5081 0.4615 11.05 
0.171 2 2 0 2.0 2.0 0.102 0.050 0.5020 0.4723 11.05 
0.172 2 2 0 2.0 2.0 0.117 0.065 0.5149 0.4896 11.05 
0.173 2 2 0 2.0 2.0 0.114 0.040 0.5281 0.4667 11.05 
0.174 2 2 0 2.0 2.0 0.085 0.076 0.5020 0.4779 11.05 
0.175 2 2 0 2.0 2.0 0.080 0.120 0.5081 0.3976 11.05 
0.176 2 2 0 2.0 2.0 0.069 0.114 0.5354 0.4317 11.04 
0.177 2 2 0 2.0 2.0 0.073 0.129 0.5213 0.4723 11.04 
0.178 2 2 0 2.0 2.0 0.078 0.139 0.5081 0.4779 11.05 
0.179 2 2 0 2.0 2.0 0.073 0.116 0.5498 0.4016 11.05 
0.180 2 2 0 2.0 2.0 0.074 0.115 0.5281 0.4896 11.05 
0.181 2 2 0 2.0 2.0 0.081 0.116 0.4896 0.4896 11.05 
0.182 2 2 0 2.0 2.0 0.089 0.099 0.5655 0.4510 11.04 
0.183 2 2 0 2.0 2.0 0.079 0.069 0.5354 0.4615 11.05 
0.184 2 2 0 2.0 2.0 0.097 0.049 0.4836 0.4779 11.05 
0.185 2 2 0 2.0 2.0 0.132 0.061 0.5149 0.4779 11.05 
0.186 2 2 0 2.0 2.0 0.109 0.082 0.5149 0.4562 11.05 
0.187 2 2 0 2.0 2.0 0.079 0.119 0.5498 0.4667 11.05 
0.188 2 2 0 2.0 2.0 0.070 0.097 0.5426 0.4779 11.05 
0.189 2 2 0 2.0 2.0 0.063 0.057 0.5281 0.5081 11.05 
0.190 2 2 0 2.0 2.0 0.079 0.113 0.4956 0.4896 11.05 
0.191 2 2 0 2.0 2.0 0.083 0.126 0.5149 0.4779 11.05 
0.192 2 2 0 2.0 2.0 0.076 0.114 0.5281 0.4016 11.05 
0.193 2 2 0 2.0 2.0 0.076 0.120 0.4896 0.4362 11.05 
0.194 2 2 0 2.0 2.0 0.074 0.103 0.5081 0.4896 11.05 
0.195 2 2 0 2.0 2.0 0.065 0.089 0.5426 0.4896 11.05 
0.196 2 2 0 2.0 2.0 0.076 0.103 0.4896 0.4510 11.05 
0.197 2 2 0 2.0 2.0 0.095 0.084 0.5149 0.4956 11.05 
0.198 2 2 0 2.0 2.0 0.079 0.069 0.5354 0.4896 11.05 
0.199 2 2 0 2.0 2.0 0.066 0.078 0.4896 0.4510 11.05 
0.200 2 2 0 2.0 2.0 0.047 0.079 0.5081 0.4615 11.05 
0.201 2 2 1 4.0 4.0 0.038 0.095 0.5213 0.4836 11.05 
0.202 2 2 1 4.0 4.0 0.133 0.125 0.5354 0.4896 11.03 
0.203 2 2 1 4.0 4.0 0.323 0.251 0.5354 0.4723 11.01 
0.204 2 2 1 4.0 4.0 0.400 0.392 0.5354 0.4896 11.01 
0.205 2 2 1 4.0 4.0 0.464 0.502 0.5354 0.5020 11.00 
0.206 2 2 1 4.0 4.0 0.509 0.568 0.5498 0.4956 10.99 
0.207 2 2 1 4.0 4.0 0.553 0.601 0.5575 0.5149 10.99 
0.208 2 2 1 4.0 4.0 0.570 0.569 0.5735 0.5426 10.99 
0.209 2 2 1 4.0 4.0 0.595 0.559 0.5904 0.5498 11.00 
0.210 2 2 1 4.0 4.0 0.498 0.465 0.6177 0.5655 11.00 
0.211 2 2 1 4.0 4.0 0.464 0.458 0.6273 0.5820 11.00 
0.212 2 2 1 4.0 4.0 0.443 0.494 0.6691 0.6085 11.00 
0.213 2 2 1 4.0 4.0 0.454 0.514 0.6273 0.5992 10.99 
0.214 2 2 1 4.0 4.0 0.441 0.506 0.7169 0.5735 11.00 
0.215 2 2 1 4.0 4.0 0.428 0.507 0.6924 0.6583 11.00 
0.216 2 2 1 4.0 4.0 0.441 0.468 0.6691 0.6691 11.00 
0.217 2 2 1 4.0 4.0 0.445 0.445 0.7044 0.6374 11.01 
0.218 2 2 1 4.0 4.0 0.464 0.464 0.6474 0.7044 11.01 
0.219 2 2 1 4.0 4.0 0.475 0.455 0.7044 0.6474 11.01 
0.220 2 2 1 4.0 4.0 0.413 0.392 0.7575 0.6924 11.02 
0.221 2 2 1 4.0 4.0 0.374 0.351 0.7723 0.6691 11.02 
0.222 2 2 1 4.0 4.0 0.355 0.365 0.7169 0.6924 11.02 
0.223 2 2 1 4.0 4.0 0.368 0.372 0.7723 0.7302 11.01 
0.224 2 2 1 4.0 4.0 0.344 0.421 0.7575 0.7434 11.01 
0.225 2 2 1 4.0 4.0 0.356 0.408 0.7575 0.7575 11.01 
0.226 2 2 1 4.0 4.0 0.349 0.400 0.7872 0.7169 11.01 
0.227 2 2 1 4.0 4.0 0.363 0.381 0.7723 0.7723 11.01 
0.228 2 2 1 4.0 4.0 0.313 0.377 0.8032 0.7169 11.01 
0.229 2 2 1 4.0 4.0 0.286 0.373 0.7723 0.7723 11.02 
0.230 2 2 1 4.0 4.0 0.285 0.327 0.7872 0.7302 11.02 
0.231 2 2 1 4.0 4.0 0.311 0.342 0.8193 0.7723 11.02 
0.232 2 2 1 4.0 4.0 0.289 0.332 0.8193 0.7575 11.01 
0.233 2 2 1 4.0 4.0 0.303 0.331 0.8366 0.7872 11.01 
0.234 2 2 1 4.0 4.0 0.323 0.324 0.8366 0.7872 11.01 
0.235 2 2 1 4.0 4.0 0.349 0.335 0.8543 0.7872 11.01 
0.236 2 2 1 4.0 4.0 0.304 0.332 0.8193 0.8032 11.02 
0.237 2 2 1 4.0 4.0 0.287 0.313 0.8727 0.8032 11.02 
0.238 2 2 1 4.0 4.0 0.270 0.305 0.8193 0.8366 11.02 
0.239 2 2 1 4.0 4.0 0.262 0.286 0.8727 0.8193 11.02 
0.240 2 2 1 4.0 4.0 0.281 0.333 0.8193 0.7723 11.02 
0.241 2 2 1 4.0 4.0 0.277 0.312 0.8924 0.8727 11.01 
0.242 2 2 1 4.0 4.0 0.313 0.327 0.8366 0.8193 11.01 
0.243 2 2 1 4.0 4.0 0.301 0.286 0.8727 0.8924 11.02 
0.244 2 2 1 4.0 4.0 0.259 0.301 0.9125 0.8543 11.03 
0.245 2 2 1 4.0 4.0 0.265 0.240 0.8727 0.8924 11.02 
0.246 2 2 1 4.0 4.0 0.258 0.225 0.9125 0.8543 11.02 
0.247 2 2 1 4.0 4.0 0.250 0.244 0.8543 0.9338 11.02 
0.248 2 2 1 4.0 4.0 0.247 0.255 0.9338 0.9338 11.02 
0.249 2 2 1 4.0 4.0 0.243 0.289 0.8924 0.8366 11.02 
0.250 2 2 1 4.0 4.0 0.243 0.279 0.9338 0.9125 11.03 
0.251 2 2 1 4.0 4.0 0.202 0.268 0.8924 0.8543 11.03 
0.252 2 2 1 4.0 4.0 0.199 0.190 0.9559 0.9338 11.03 
0.253 2 2 1 4.0 4.0 0.210 0.184 0.9559 0.8727 11.03 
0.254 2 2 1 4.0 4.0 0.220 0.190 0.9559 0.9338 11.03 
0.255 2 2 1 4.0 4.0 0.223 0.250 0.9559 0.9338 11.03 
0.256 2 2 1 4.0 4.0 0.247 0.270 0.9796 0.9338 11.03 
0.257 2 2 1 4.0 4.0 0.233 0.302 1.0041 0.9338 11.03 
0.258 2 2 1 4.0 4.0 0.205 0.279 1.0041 0.9559 11.03 
0.259 2 2 1 4.0 4.0 0.202 0.234 0.9796 0.9796 11.02 
0.260 2 2 1 4.0 4.0 0.209 0.207 1.0298 0.9796 11.02 
0.261 2 2 1 4.0 4.0 0.213 0.219 1.0041 0.9796 11.02 
0.262 2 2 1 4.0 4.0 0.212 0.209 0.8727 0.9559 11.03 
0.263 2 2 1 4.0 4.0 0.259 0.224 1.0041 0.9338 11.02 
0.264 2 2 1 4.0 4.0 0.213 0.223 1.0298 1.0041 11.02 
0.265 2 2 1 4.0 4.0 0.200 0.235 1.0298 0.9796 11.03 
0.266 2 2 1 4.0 4.0 0.201 0.204 1.0298 1.0041 11.03 
0.267 2 2 1 4.0 4.0 0.208 0.162 1.0041 1.0041 11.03 
0.268 2 2 1 4.0 4.0 0.190 0.190 1.0852 1.0298 11.03 
0.269 2 2 1 4.0 4.0 0.194 0.194 1.0041 1.0298 11.02 
0.270 2 2 1 4.0 4.0 0.192 0.228 1.0567 0.9796 11.03 
0.271 2 2 1 4.0 4.0 0.149 0.220 1.0298 0.9796 11.04 
0.272 2 2 1 4.0 4.0 0.155 0.205 1.0567 1.0298 11.03 
0.273 2 2 1 4.0 4.0 0.165 0.203 1.0567 0.9796 11.03 
0.274 2 2 1 4.0 4.0 0.175 0.162 1.0567 1.0041 11.04 
0.275 2 2 1 4.0 4.0 0.185 0.228 1.0567 0.9796 11.04 
0.276 2 2 1 4.0 4.0 0.214 0.232 1.0852 1.0041 11.03 
0.277 2 2 1 4.0 4.0 0.183 0.232 1.0567 1.0041 11.03 
0.278 2 2 1 4.0 4.0 0.156 0.177 0.9796 1.0041 11.04 
0.279 2 2 1 4.0 4.0 0.165 0.139 1.1153 1.0298 11.04 
0.280 2 2 1 4.0 4.0 0.166 0.155 1.0567 1.0298 11.04 
0.281 2 2 1 4.0 4.0 0.178 0.141 1.1153 0.9796 11.04 
0.282 2 2 1 4.0 4.0 0.205 0.228 1.0567 1.0567 11.04 
0.283 2 2 1 4.0 4.0 0.181 0.228 1.0852 1.0041 11.04 
0.284 2 2 1 4.0 4.0 0.142 0.220 1.1153 1.0567 11.04 
0.285 2 2 1 4.0 4.0 0.162 0.202 1.1153 1.0567 11.04 
0.286 2 2 1 4.0 4.0 0.156 0.156 1.0567 1.0298 11.03 
0.287 2 2 1 4.0 4.0 0.148 0.159 1.1474 1.0567 11.03 
0.288 2 2 1 4.0 4.0 0.167 0.161 1.1153 1.0298 11.03 
0.289 2 2 1 4.0 4.0 0.143 0.197 1.0567 1.0298 11.04 
0.290 2 2 1 4.0 4.0 0.124 0.184 1.0852 1.0852 11.04 
0.291 2 2 1 4.0 4.0 0.125 0.195 1.0852 1.0298 11.04 
0.292 2 2 1 4.0 4.0 0.146 0.203 1.0852 1.0298 11.04 
0.293 2 2 1 4.0 4.0 0.137 0.166 1.0852 1.0567 11.04 
0.294 2 2 1 4.0 4.0 0.178 0.183 1.1474 1.0298 11.03 
0.295 2 2 1 4.0 4.0 0.156 0.192 1.1153 1.0567 11.04 
0.296 2 2 1 4.0 4.0 0.124 0.190 1.1474 1.0567 11.04 
0.297 2 2 1 4.0 4.0 0.132 0.210 1.1812 1.0567 11.04 
0.298 2 2 1 4.0 4.0 0.159 0.183 1.1153 1.0567 11.04 
0.299 2 2 1 4.0 4.0 0.149 0.160 1.1474 1.0852 11.04 
0.300 2 2 1 4.0 4.0 0.175 0.118 1.0852 1.0298 11.03 
0.301 2 2 1 4.0 4.0 0.168 0.174 1.1153 1.0852 11.03 
0.302 2 2 1 4.0 4.0 0.140 0.198 1.1474 1.0567 11.03 
0.303 2 2 1 4.0 4.0 0.157 0.145 1.1474 1.0567 11.03 
0.304 2 2 1 4.0 4.0 0.152 0.129 1.1153 1.0852 11.04 
0.305 2 2 1 4.0 4.0 0.146 0.068 1.1474 1.0567 11.04 
0.306 2 2 1 4.0 4.0 0.167 0.114 1.1474 1.1153 11.03 
0.307 2 2 1 4.0 4.0 0.137 0.181 1.0852 1.1153 11.04 
0.308 2 2 1 4.0 4.0 0.119 0.186 1.1153 1.0567 11.04 
0.309 2 2 1 4.0 4.0 0.117 0.218 1.1153 1.0852 11.04 
0.310 2 2 1 4.0 4.0 0.139 0.162 1.1153 1.1153 11.04 
0.311 2 2 1 4.0 4.0 0.139 0.168 1.1474 1.0852 11.04 
0.312 2 2 1 4.0 4.0 0.177 0.127 1.1474 1.0852 11.03 
0.313 2 2 1 4.0 4.0 0.153 0.150 1.1153 1.0852 11.04 
0.314 2 2 1 4.0 4.0 0.114 0.194 1.1474 1.0852 11.04 
0.315 2 2 1 4.0 4.0 0.125 0.165 1.1812 1.0852 11.04 
0.316 2 2 1 4.0 4.0 0.135 0.195 1.1153 1.0852 11.04 
0.317 2 2 1 4.0 4.0 0.143 0.123 1.1153 1.1153 11.03 
0.318 2 2 1 4.0 4.0 0.171 0.138 1.1474 1.1153 11.04 
0.319 2 2 1 4.0 4.0 0.140 0.167 1.1812 1.1153 11.04 
0.320 2 2 1 4.0 4.0 0.129 0.164 1.1474 1.0567 11.04 
0.321 2 2 1 4.0 4.0 0.130 0.185 1.1812 1.1474 11.04 
0.322 2 2 1 4.0 4.0 0.135 0.148 1.1153 1.1153 11.04 
0.323 2 2 1 4.0 4.0 0.124 0.153 1.1153 1.0852 11.04 
0.324 2 2 1 4.0 4.0 0.144 0.130 1.1812 1.1153 11.04 
0.325 2 2 1 4.0 4.0 0.102 0.128 1.1153 1.1474 11.04 
0.326 2 2 1 4.0 4.0 0.095 0.177 1.1474 1.0852 11.03 
0.327 2 2 1 4.0 4.0 0.121 0.145 1.1474 1.1474 11.04 
0.328 2 2 1 4.0 4.0 0.118 0.164 1.1474 1.1474 11.04 
0.329 2 2 1 4.0 4.0 0.139 0.133 1.1474 1.1153 11.04 
0.330 2 2 1 4.0 4.0 0.133 0.095 1.1153 1.1474 11.04 
0.331 2 2 1 4.0 4.0 0.131 0.129 1.1812 1.1153 11.04 
0.332 2 2 1 4.0 4.0 0.118 0.141 1.1474 1.0852 11.04 
0.333 2 2 1 4.0 4.0 0.141 0.161 1.1474 1.1153 11.04 
0.334 2 2 1 4.0 4.0 0.130 0.164 1.2169 1.1153 11.04 
0.335 2 2 1 4.0 4.0 0.160 0.147 1.1474 1.1474 11.04 
0.336 2 2 1 4.0 4.0 0.126 0.143 1.2169 1.1153 11.04 
0.337 2 2 1 4.0 4.0 0.117 0.137 1.2169 1.1474 11.04 
0.338 2 2 1 4.0 4.0 0.120 0.130 1.2169 1.0852 11.04 
0.339 2 2 1 4.0 4.0 0.129 0.142 1.1474 1.0041 11.04 
0.340 2 2 1 4.0 4.0 0.118 0.128 1.1474 1.1474 11.04 
0.341 2 2 1 4.0 4.0 0.134 0.129 1.1812 1.1153 11.04 
0.342 2 2 1 4.0 4.0 0.105 0.095 1.1474 1.1812 11.03 
0.343 2 2 1 4.0 4.0 0.092 0.163 1.1474 1.1474 11.03 
0.344 2 2 1 4.0 4.0 0.105 0.155 1.1474 1.1153 11.04 
0.345 2 2 1 4.0 4.0 0.121 0.129 1.1474 1.1153 11.04 
0.346 2 2 1 4.0 4.0 0.117 0.154 1.1474 1.1474 11.03 
0.347 2 2 1 4.0 4.0 0.144 0.111 1.1812 1.1153 11.04 
0.348 2 2 1 4.0 4.0 0.147 0.125 1.1812 1.1153 11.04 
0.349 2 2 1 4.0 4.0 0.121 0.128 1.1812 1.1474 11.04 
0.350 2 2 1 4.0 4.0 0.122 0.131 1.0567 1.1153 11.04 
0.351 2 2 1 4.0 4.0 0.129 0.150 1.2169 1.1474 11.04 
0.352 2 2 2 -4.0 -4.0 0.133 0.121 1.1474 1.1474 11.04 
0.353 2 2 2 -4.0 -4.0 -0.145 0.008 1.2169 1.1474 11.01 
0.354 2 2 2 -4.0 -4.0 -0.780 -0.611 1.1812 1.0852 10.95 
0.355 2 2 2 -4.0 -4.0 -1.294 -1.131 1.1153 1.1153 10.93 
0.356 2 2 2 -4.0 -4.0 -1.305 -1.464 1.0298 1.0298 10.88 
0.357 2 2 2 -4.0 -4.0 -1.454 -1.759 1.0567 0.8543 10.88 
0.358 2 2 2 -4.0 -4.0 -1.582 -1.743 0.8727 0.8924 10.89 
0.359 2 2 2 -4.0 -4.0 -1.542 -1.571 0.8193 0.7302 10.90 
0.360 2 2 2 -4.0 -4.0 -1.424 -1.690 0.7575 0.7872 10.89 
0.361 2 2 2 -4.0 -4.0 -1.489 -1.813 0.7575 0.7575 10.89 
0.362 2 2 2 -4.0 -4.0 -1.572 -1.840 0.7044 0.7044 10.90 
0.363 2 2 2 -4.0 -4.0 -1.595 -1.607 0.6691 0.6583 10.91 
0.364 2 2 2 -4.0 -4.0 -1.333 -1.574 0.6085 0.5575 10.90 
0.365 2 2 2 -4.0 -4.0 -1.315 -1.644 0.5735 0.5426 10.91 
0.366 2 2 2 -4.0 -4.0 -1.354 -1.669 0.5498 0.5655 10.90 
0.367 2 2 2 -4.0 -4.0 -1.411 -1.675 0.4896 0.5081 10.89 
0.368 2 2 2 -4.0 -4.0 -1.421 -1.605 0.4562 0.3402 10.91 
0.369 2 2 2 -4.0 -4.0 -1.410 -1.419 0.3430 0.3346 10.93 
0.370 2 2 2 -4.0 -4.0 -1.404 -1.177 0.2972 0.3289 10.94 
0.371 2 2 2 -4.0 -4.0 -1.383 -1.197 0.2972 0.3289 10.94 
0.372 2 2 2 -4.0 -4.0 -1.331 -1.278 0.2333 0.2478 10.92 
0.373 2 2 2 -4.0 -4.0 -1.169 -1.366 0.2333 0.2478 10.92 
0.374 2 2 2 -4.0 -4.0 -1.118 -1.430 0.1542 0.1566 10.94 
0.375 2 2 2 -4.0 -4.0 -1.101 -1.445 0.1125 0.1149 10.93 
0.376 2 2 2 -4.0 -4.0 -1.108 -1.399 0.1125 0.1149 10.94 
0.377 2 2 2 -4.0 -4.0 -1.111 -1.342 0.1125 0.1149 10.94 
0.378 2 2 2 -4.0 -4.0 -1.083 -1.303 0.1125 -0.1333 10.95 
0.379 2 2 2 -4.0 -4.0 -1.063 -1.255 -0.1181 -0.1333 10.95 
0.380 2 2 2 -4.0 -4.0 -1.073 -1.208 -0.1181 -0.1333 10.95 
0.381 2 2 2 -4.0 -4.0 -1.126 -1.160 -0.1181 -0.1309 10.95 
0.382 2 2 2 -4.0 -4.0 -1.021 -1.090 -0.1337 -0.1141 10.96 
0.383 2 2 2 -4.0 -4.0 -0.943 -0.970 -0.1337 -0.1141 10.96 
0.384 2 2 2 -4.0 -4.0 -0.922 -0.876 -0.2181 -0.2181 10.96 
0.385 2 2 2 -4.0 -4.0 -0.918 -0.859 -0.2390 -0.2807 10.97 
0.386 2 2 2 -4.0 -4.0 -0.890 -0.870 -0.2390 -0.2807 10.97 
0.387 2 2 2 -4.0 -4.0 -0.866 -0.810 -0.2711 -0.2848 10.98 
0.388 2 2 2 -4.0 -4.0 -0.844 -0.768 -0.3185 -0.2711 10.99 
0.389 2 2 2 -4.0 -4.0 -0.795 -0.775 -0.3522 -0.3490 10.99 
0.390 2 2 2 -4.0 -4.0 -0.766 -0.779 -0.3936 -0.3860 10.99 
0.391 2 2 2 -4.0 -4.0 -0.735 -0.779 -0.4016 -0.3860 10.99 
0.392 2 2 2 -4.0 -4.0 -0.780 -0.774 -0.4181 -0.3490 10.99 
0.393 2 2 2 -4.0 -4.0 -0.699 -0.757 -0.4362 -0.3896 10.99 
0.394 2 2 2 -4.0 -4.0 -0.620 -0.776 -0.4562 -0.4097 10.99 
0.395 2 2 2 -4.0 -4.0 -0.600 -0.764 -0.4667 -0.4362 11.00 
0.396 2 2 2 -4.0 -4.0 -0.604 -0.664 -0.4836 -0.4836 11.01 
0.397 2 2 2 -4.0 -4.0 -0.590 -0.658 -0.5020 -0.5020 11.00 
0.398 2 2 2 -4.0 -4.0 -0.609 -0.669 -0.4779 -0.5081 11.00 
0.399 2 2 2 -4.0 -4.0 -0.583 -0.621 -0.5655 -0.4896 11.00 
0.400 2 2 2 -4.0 -4.0 -0.566 -0.606 -0.5735 -0.5213 11.00 
0.401 2 2 2 -4.0 -4.0 -0.552 -0.623 -0.5354 -0.5498 11.01 
0.402 2 2 2 -4.0 -4.0 -0.551 -0.550 -0.6374 -0.5213 11.01 
0.403 2 2 2 -4.0 -4.0 -0.545 -0.520 -0.5992 -0.6177 11.01 
0.404 2 2 2 -4.0 -4.0 -0.594 -0.530 -0.6177 -0.6085 11.01 
0.405 2 2 2 -4.0 -4.0 -0.529 -0.512 -0.6691 -0.5904 11.01 
0.406 2 2 2 -4.0 -4.0 -0.492 -0.542 -0.6374 -0.6474 11.01 
0.407 2 2 2 -4.0 -4.0 -0.465 -0.539 -0.6924 -0.5820 11.01 
0.408 2 2 2 -4.0 -4.0 -0.462 -0.477 -0.7434 -0.6273 11.02 
0.409 2 2 2 -4.0 -4.0 -0.462 -0.476 -0.7169 -0.6474 11.01 
0.410 2 2 2 -4.0 -4.0 -0.469 -0.439 -0.7169 -0.6924 11.01 
0.411 2 2 2 -4.0 -4.0 -0.459 -0.423 -0.6804 -0.6691 11.02 
0.412 2 2 2 -4.0 -4.0 -0.449 -0.407 -0.7302 -0.6804 11.02 
0.413 2 2 2 -4.0 -4.0 -0.461 -0.390 -0.7169 -0.6804 11.02 
0.414 2 2 2 -4.0 -4.0 -0.440 -0.402 -0.7575 -0.6924 11.02 
0.415 2 2 2 -4.0 -4.0 -0.402 -0.391 -0.7169 -0.7044 11.02 
0.416 2 2 2 -4.0 -4.0 -0.377 -0.445 -0.7723 -0.7169 11.02 
0.417 2 2 2 -4.0 -4.0 -0.372 -0.441 -0.7575 -0.7169 11.03 
0.418 2 2 2 -4.0 -4.0 -0.366 -0.376 -0.7872 -0.7434 11.03 
0.419 2 2 2 -4.0 -4.0 -0.370 -0.363 -0.7872 -0.6924 11.03 
0.420 2 2 2 -4.0 -4.0 -0.357 -0.329 -0.8032 -0.7575 11.03 
0.421 2 2 2 -4.0 -4.0 -0.357 -0.352 -0.8032 -0.7044 11.03 
0.422 2 2 2 -4.0 -4.0 -0.364 -0.338 -0.8366 -0.7872 11.03 
0.423 2 2 2 -4.0 -4.0 -0.328 -0.338 -0.8727 -0.7169 11.03 
0.424 2 2 2 -4.0 -4.0 -0.305 -0.353 -0.8727 -0.7575 11.02 
0.425 2 2 2 -4.0 -4.0 -0.309 -0.391 -0.8193 -0.8193 11.03 
0.426 2 2 2 -4.0 -4.0 -0.308 -0.341 -0.8727 -0.8193 11.03 
0.427 2 2 2 -4.0 -4.0 -0.315 -0.343 -0.8366 -0.7723 11.04 
0.428 2 2 2 -4.0 -4.0 -0.293 -0.328 -0.8727 -0.8032 11.03 
0.429 2 2 2 -4.0 -4.0 -0.317 -0.360 -0.8924 -0.7575 11.03 
0.430 2 2 2 -4.0 -4.0 -0.302 -0.296 -0.8543 -0.8366 11.03 
0.431 2 2 2 -4.0 -4.0 -0.291 -0.293 -0.8924 -0.7723 11.03 
0.432 2 2 2 -4.0 -4.0 -0.266 -0.293 -0.9338 -0.8366 11.03 
0.433 2 2 2 -4.0 -4.0 -0.277 -0.311 -0.9338 -0.7723 11.03 
0.434 2 2 2 -4.0 -4.0 -0.282 -0.273 -0.8727 -0.8032 11.03 
0.435 2 2 2 -4.0 -4.0 -0.272 -0.274 -0.9338 -0.8366 11.03 
0.436 2 2 2 -4.0 -4.0 -0.264 -0.263 -0.9338 -0.8543 11.03 
0.437 2 2 2 -4.0 -4.0 -0.230 -0.275 -0.9338 -0.8543 11.03 
0.438 2 2 2 -4.0 -4.0 -0.232 -0.257 -0.9559 -0.8727 11.03 
0.439 2 2 2 -4.0 -4.0 -0.240 -0.279 -0.9338 -0.8924 11.03 
0.440 2 2 2 -4.0 -4.0 -0.258 -0.291 -0.9796 -0.8924 11.03 
0.441 2 2 2 -4.0 -4.0 -0.261 -0.307 -0.9796 -0.8543 11.03 
0.442 2 2 2 -4.0 -4.0 -0.237 -0.229 -0.9796 -0.8924 11.03 
0.443 2 2 2 -4.0 -4.0 -0.259 -0.235 -0.9796 -0.8727 11.03 
0.444 2 2 2 -4.0 -4.0 -0.236 -0.231 -1.0041 -0.8366 11.03 
0.445 2 2 2 -4.0 -4.0 -0.215 -0.253 -1.0041 -0.9125 11.04 
0.446 2 2 2 -4.0 -4.0 -0.228 -0.234 -0.9796 -0.8366 11.03 
0.447 2 2 2 -4.0 -4.0 -0.236 -0.267 -0.9796 -0.8727 11.03 
0.448 2 2 2 -4.0 -4.0 -0.232 -0.258 -1.0298 -0.9338 11.04 
0.449 2 2 2 -4.0 -4.0 -0.259 -0.260 -1.0041 -0.9338 11.03 
0.450 2 2 2 -4.0 -4.0 -0.213 -0.240 -1.0298 -0.9338 11.03 
0.451 2 2 2 -4.0 -4.0 -0.203 -0.277 -1.0567 -0.9125 11.04 
0.452 2 2 2 -4.0 -4.0 -0.191 -0.243 -1.0852 -0.9559 11.04 
0.453 2 2 2 -4.0 -4.0 -0.206 -0.228 -1.0852 -0.8727 11.03 
0.454 2 2 2 -4.0 -4.0 -0.201 -0.225 -1.0852 -0.9338 11.03 
0.455 2 2 2 -4.0 -4.0 -0.182 -0.238 -1.0298 -0.8924 11.04 
0.456 2 2 2 -4.0 -4.0 -0.212 -0.228 -1.0852 -0.9338 11.04 
0.457 2 2 2 -4.0 -4.0 -0.199 -0.193 -1.0567 -0.9559 11.04 
0.458 2 2 2 -4.0 -4.0 -0.172 -0.196 -1.0567 -0.9559 11.04 
0.459 2 2 2 -4.0 -4.0 -0.193 -0.206 -1.0852 -0.9559 11.04 
0.460 2 2 2 -4.0 -4.0 -0.215 -0.205 -1.0567 -0.9559 11.04 
0.461 2 2 2 -4.0 -4.0 -0.166 -0.203 -1.0567 -0.9796 11.03 
0.462 2 2 2 -4.0 -4.0 -0.208 -0.239 -1.0567 -0.9796 11.04 
0.463 2 2 2 -4.0 -4.0 -0.193 -0.186 -1.0852 -1.0041 11.03 
0.464 2 2 2 -4.0 -4.0 -0.183 -0.187 -1.0852 -1.0041 11.03 
0.465 2 2 2 -4.0 -4.0 -0.185 -0.183 -1.1153 -0.9559 11.04 
0.466 2 2 2 -4.0 -4.0 -0.214 -0.201 -1.0567 -1.0298 11.04 
0.467 2 2 2 -4.0 -4.0 -0.181 -0.174 -1.1153 -1.0041 11.04 
0.468 2 2 2 -4.0 -4.0 -0.211 -0.215 -1.1153 -1.0041 11.04 
0.469 2 2 2 -4.0 -4.0 -0.198 -0.217 -1.0852 -1.0298 11.04 
0.470 2 2 2 -4.0 -4.0 -0.155 -0.186 -1.1153 -1.0041 11.04 
0.471 2 2 2 -4.0 -4.0 -0.181 -0.203 -1.1474 -1.0298 11.04 
0.472 2 2 2 -4.0 -4.0 -0.171 -0.194 -1.0852 -1.0041 11.04 
0.473 2 2 2 -4.0 -4.0 -0.147 -0.195 -1.0852 -0.8543 11.04 
0.474 2 2 2 -4.0 -4.0 -0.175 -0.196 -1.1474 -1.0567 11.04 
0.475 2 2 2 -4.0 -4.0 -0.146 -0.217 -1.1153 -1.0041 11.04 
0.476 2 2 2 -4.0 -4.0 -0.122 -0.213 -1.1153 -1.0041 11.04 
0.477 2 2 2 -4.0 -4.0 -0.175 -0.166 -1.1474 -1.0298 11.03 
0.478 2 2 2 -4.0 -4.0 -0.173 -0.188 -1.1474 -1.0298 11.04 
0.479 2 2 2 -4.0 -4.0 -0.151 -0.170 -1.1474 -1.0298 11.04 
0.480 2 2 2 -4.0 -4.0 -0.167 -0.179 -1.1474 -1.0298 11.04 
0.481 2 2 2 -4.0 -4.0 -0.124 -0.196 -1.1474 -1.0298 11.04 
0.482 2 2 2 -4.0 -4.0 -0.120 -0.202 -1.0852 -1.0567 11.04 
0.483 2 2 2 -4.0 -4.0 -0.147 -0.179 -1.1812 -1.0041 11.03 
0.484 2 2 2 -4.0 -4.0 -0.172 -0.140 -1.1812 -1.0567 11.04 
0.485 2 2 2 -4.0 -4.0 -0.163 -0.201 -1.1153 -1.0298 11.03 
0.486 2 2 2 -4.0 -4.0 -0.184 -0.155 -1.1474 -1.0298 11.04 
0.487 2 2 2 -4.0 -4.0 -0.144 -0.160 -1.1474 -1.0567 11.04 
0.488 2 2 2 -4.0 -4.0 -0.129 -0.207 -1.2169 -1.0852 11.04 
0.489 2 2 2 -4.0 -4.0 -0.141 -0.175 -1.1474 -1.0041 11.04 
0.490 2 2 2 -4.0 -4.0 -0.130 -0.176 -1.2169 -1.0567 11.04 
0.491 2 2 2 -4.0 -4.0 -0.151 -0.153 -1.1474 -1.0298 11.03 
0.492 2 2 2 -4.0 -4.0 -0.148 -0.165 -1.1812 -1.0852 11.04 
0.493 2 2 2 -4.0 -4.0 -0.125 -0.139 -1.2169 -1.0852 11.04 
0.494 2 2 2 -4.0 -4.0 -0.152 -0.159 -1.2169 -1.0298 11.04 
0.495 2 2 2 -4.0 -4.0 -0.136 -0.147 -1.1812 -1.0567 11.04 
0.496 2 2 2 -4.0 -4.0 -0.130 -0.136 -1.1812 -1.0852 11.04 
0.497 2 2 2 -4.0 -4.0 -0.150 -0.166 -1.1812 -1.0567 11.04 
0.498 2 2 2 -4.0 -4.0 -0.140 -0.137 -1.1812 -1.0567 11.04 
0.499 2 2 2 -4.0 -4.0 -0.119 -0.186 -1.1153 -1.0852 11.04 
0.500 2 2 2 -4.0 -4.0 -0.141 -0.199 -1.1812 -1.0852 11.03 
0.501 2 2 2 -4.0 -4.0 -0.145 -0.182 -1.2169 -1.0852 11.04 
0.502 2 2 2 -4.0 -4.0 -0.146 -0.149 -1.1474 -1.0298 11.04 
0.503 2 2 3 0.0 0.0 -0.165 -0.113 -1.1812 -1.0852 11.04 
0.504 2 2 3 0.0 0.0 0.011 -0.125 -1.1812 -1.1153 11.05 
0.505 2 2 3 0.0 0.0 0.333 0.177 -1.2169 -1.0567 11.05 
0.506 2 2 3 0.0 0.0 0.472 0.472 -1.1474 -1.0567 11.05 
0.507 2 2 3 0.0 0.0 0.634 0.545 -1.2169 -1.0852 11.06 
0.508 2 2 3 0.0 0.0 0.760 0.649 -1.1153 -1.0041 11.05 
0.509 2 2 3 0.0 0.0 0.677 0.764 -0.9559 -1.0041 11.05 
0.510 2 2 3 0.0 0.0 0.715 0.748 -1.0852 -0.8727 11.06 
0.511 2 2 3 0.0 0.0 0.787 0.677 -1.0298 -0.9338 11.06 
0.512 2 2 3 0.0 0.0 0.644 0.714 -1.0041 -0.8193 11.06 
0.513 2 2 3 0.0 0.0 0.635 0.730 -0.9796 -0.8727 11.06 
0.514 2 2 3 0.0 0.0 0.688 0.620 -0.9559 -0.8032 11.05 
0.515 2 2 3 0.0 0.0 0.721 0.613 -0.9125 -0.8032 11.05 
0.516 2 2 3 0.0 0.0 0.584 0.687 -0.8924 -0.8193 11.06 
0.517 2 2 3 0.0 0.0 0.594 0.683 -0.8727 -0.7723 11.05 
0.518 2 2 3 0.0 0.0 0.661 0.586 -0.7723 -0.7434 11.06 
0.519 2 2 3 0.0 0.0 0.616 0.551 -0.7872 -0.7169 11.06 
0.520 2 2 3 0.0 0.0 0.534 0.564 -0.8032 -0.6804 11.06 
0.521 2 2 3 0.0 0.0 0.563 0.588 -0.7302 -0.6924 11.05 
0.522 2 2 3 0.0 0.0 0.608 0.567 -0.7575 -0.6691 11.06 
0.523 2 2 3 0.0 0.0 0.621 0.479 -0.6924 -0.6273 11.06 
0.524 2 2 3 0.0 0.0 0.518 0.454 -0.7044 -0.6583 11.06 
0.525 2 2 3 0.0 0.0 0.483 0.473 -0.6374 -0.5655 11.06 
0.526 2 2 3 0.0 0.0 0.515 0.495 -0.6374 -0.5904 11.06 
0.527 2 2 3 0.0 0.0 0.546 0.478 -0.6374 -0.6177 11.06 
0.528 2 2 3 0.0 0.0 0.546 0.420 -0.6177 -0.5281 11.06 
0.529 2 2 3 0.0 0.0 0.404 0.371 -0.5992 -0.5426 11.06 
0.530 2 2 3 0.0 0.0 0.365 0.382 -0.5904 -0.5820 11.06 
0.531 2 2 3 0.0 0.0 0.384 0.426 -0.5281 -0.4410 11.06 
0.532 2 2 3 0.0 0.0 0.417 0.448 -0.5820 -0.5020 11.06 
0.533 2 2 3 0.0 0.0 0.443 0.443 -0.5498 -0.4896 11.05 
0.534 2 2 3 0.0 0.0 0.437 0.393 -0.4896 -0.4896 11.06 
0.535 2 2 3 0.0 0.0 0.401 0.329 -0.5213 -0.5020 11.06 
0.536 2 2 3 0.0 0.0 0.314 0.334 -0.5020 -0.4779 11.06 
0.537 2 2 3 0.0 0.0 0.323 0.362 -0.4510 -0.4510 11.05 
0.538 2 2 3 0.0 0.0 0.356 0.381 -0.4462 -0.3787 11.06 
0.539 2 2 3 0.0 0.0 0.376 0.373 -0.4562 -0.3976 11.06 
0.540 2 2 3 0.0 0.0 0.381 0.357 -0.4362 -0.4016 11.06 
0.541 2 2 3 0.0 0.0 0.368 0.330 -0.3615 -0.3787 11.05 
0.542 2 2 3 0.0 0.0 0.305 0.271 -0.3751 -0.3715 11.06 
0.543 2 2 3 0.0 0.0 0.239 0.232 -0.3823 -0.3237 11.06 
0.544 2 2 3 0.0 0.0 0.220 0.237 -0.3651 -0.3651 11.06 
0.545 2 2 3 0.0 0.0 0.224 0.243 -0.3317 -0.3860 11.06 
0.546 2 2 3 0.0 0.0 0.254 0.253 -0.3317 -0.3289 11.06 
0.547 2 2 3 0.0 0.0 0.267 0.273 -0.3265 -0.2695 11.05 
0.548 2 2 3 0.0 0.0 0.273 0.274 -0.3113 -0.2695 11.05 
0.549 2 2 3 0.0 0.0 0.271 0.265 -0.3137 -0.3088 11.05 
0.550 2 2 3 0.0 0.0 0.259 0.256 -0.3137 -0.3213 11.06 
0.551 2 2 3 0.0 0.0 0.250 0.228 -0.2787 -0.2767 11.05 
0.552 2 2 3 0.0 0.0 0.245 0.149 -0.2731 -0.2767 11.05 
0.553 2 2 3 0.0 0.0 0.205 0.126 -0.2731 -0.2281 11.05 
0.554 2 2 3 0.0 0.0 0.159 0.152 -0.2623 -0.2281 11.06 
0.555 2 2 3 0.0 0.0 0.137 0.185 -0.2590 -0.2675 11.06 
0.556 2 2 3 0.0 0.0 0.134 0.201 -0.2590 -0.2362 11.06 
0.557 2 2 3 0.0 0.0 0.134 0.198 -0.2522 -0.2362 11.06 
0.558 2 2 3 0.0 0.0 0.148 0.202 -0.2390 -0.2333 11.06 
0.559 2 2 3 0.0 0.0 0.168 0.201 -0.2241 -0.2333 11.06 
0.560 2 2 3 0.0 0.0 0.178 0.196 -0.2125 -0.2305 11.06 
0.561 2 2 3 0.0 0.0 0.183 0.163 -0.2068 -0.2305 11.06 
0.562 2 2 3 0.0 0.0 0.181 0.133 -0.2056 -0.2125 11.06 
0.563 2 2 3 0.0 0.0 0.177 0.137 -0.1920 -0.2125 11.06 
0.564 2 2 3 0.0 0.0 0.162 0.137 -0.1920 -0.1876 11.06 
0.565 2 2 3 0.0 0.0 0.141 0.125 -0.1450 -0.1876 11.06 
0.566 2 2 3 0.0 0.0 0.140 0.101 -0.1450 -0.1892 11.06 
0.567 2 2 3 0.0 0.0 0.137 0.105 -0.1450 -0.1892 11.06 
0.568 2 2 3 0.0 0.0 0.104 0.099 -0.1506 -0.1735 11.06 
0.569 2 2 3 0.0 0.0 0.087 0.092 -0.1506 -0.1735 11.06 
0.570 2 2 3 0.0 0.0 0.077 0.084 -0.1506 -0.1735 11.06 
0.571 2 2 3 0.0 0.0 0.075 0.075 -0.1586 -0.1687 11.06 
0.572 2 2 3 0.0 0.0 0.070 0.089 -0.1586 -0.1687 11.05 
0.573 2 2 3 0.0 0.0 0.079 0.090 -0.1382 -0.1450 11.06 
0.574 2 2 3 0.0 0.0 0.086 0.098 -0.1329 -0.1406 11.05 
0.575 2 2 3 0.0 0.0 0.089 0.097 -0.1329 -0.1406 11.05 
0.576 2 2 3 0.0 0.0 0.091 0.088 -0.1329 -0.1374 11.06 
0.577 2 2 3 0.0 0.0 0.092 0.093 -0.1032 -0.1345 11.06 
0.578 2 2 3 0.0 0.0 0.091 0.094 -0.0944 -0.1345 11.05 
0.579 2 2 3 0.0 0.0 0.093 0.088 -0.0944 -0.1345 11.05 
0.580 2 2 3 0.0 0.0 0.093 0.073 -0.0944 -0.1153 11.05 
0.581 2 2 3 0.0 0.0 0.081 0.061 -0.0944 -0.1153 11.05 
0.582 2 2 3 0.0 0.0 0.086 0.064 -0.0863 -0.1153 11.05 
0.583 2 2 3 0.0 0.0 0.078 0.067 -0.0823 -0.1153 11.06 
0.584 2 2 3 0.0 0.0 0.069 0.070 -0.0823 -0.1125 11.05 
0.585 2 2 3 0.0 0.0 0.065 0.058 -0.0823 -0.1125 11.06 
0.586 2 2 3 0.0 0.0 0.064 0.054 -0.0823 -0.1125 11.06 
0.587 2 2 3 0.0 0.0 0.054 0.054 -0.0823 -0.1032 11.06 
0.588 2 2 3 0.0 0.0 0.049 0.056 -0.0695 -0.1004 11.06 
0.589 2 2 3 0.0 0.0 0.045 0.073 -0.0687 -0.1004 11.06 
0.590 2 2 3 0.0 0.0 0.044 0.056 -0.0687 -0.1004 11.06 
0.591 2 2 3 0.0 0.0 0.037 0.040 -0.0687 -0.1004 11.06 
0.592 2 2 3 0.0 0.0 0.036 0.035 -0.0687 -0.0843 11.06 
0.593 2 2 3 0.0 0.0 0.036 0.031 -0.0687 -0.0843 11.06 
0.594 2 2 3 0.0 0.0 0.033 0.034 -0.0671 -0.0843 11.06 
0.595 2 2 3 0.0 0.0 0.025 0.031 -0.0574 -0.0843 11.06 
0.596 2 2 3 0.0 0.0 0.026 0.034 -0.0502 -0.0843 11.06 
0.597 2 2 3 0.0 0.0 0.023 0.031 -0.0446 -0.0775 11.05 
0.598 2 2 3 0.0 0.0 0.022 0.029 -0.0402 -0.0651 11.06 
0.599 2 2 3 0.0 0.0 0.019 0.027 -0.0365 -0.0578 11.06 
0.600 2 2 3 0.0 0.0 0.019 0.019 -0.0333 -0.0578 11.06 
0.601 2 2 3 0.0 0.0 0.018 0.023 -0.0309 -0.0578 11.06 
0.602 2 2 3 0.0 0.0 0.021 0.019 -0.0309 -0.0578 11.06 
0.603 2 2 3 0.0 0.0 0.020 0.023 -0.0309 -0.0578 11.06 
0.604 2 2 3 0.0 0.0 0.015 0.023 -0.0309 -0.0578 11.06 
0.605 2 2 3 0.0 0.0 0.008 0.028 -0.0309 -0.0578 11.06 
0.606 2 2 3 0.0 0.0 0.009 0.030 -0.0309 -0.0550 11.06 
0.607 2 2 3 0.0 0.0 0.008 0.037 -0.0309 -0.0486 11.06 
0.608 2 2 3 0.0 0.0 0.007 0.030 -0.0309 -0.0434 11.06 
0.609 2 2 3 0.0 0.0 0.007 0.026 -0.0309 -0.0390 11.06 
0.610 2 2 3 0.0 0.0 0.008 0.024 -0.0309 -0.0353 11.06 
0.611 2 2 3 0.0 0.0 0.006 0.020 -0.0309 -0.0325 11.06 
0.612 2 2 3 0.0 0.0 0.010 0.017 -0.0309 -0.0301 11.06 
0.613 2 2 3 0.0 0.0 0.003 0.012 -0.0309 -0.0281 11.06 
0.614 2 2 3 0.0 0.0 0.005 0.009 -0.0305 -0.0261 11.06 
0.615 2 2 3 0.0 0.0 0.011 0.008 -0.0281 -0.0253 11.06 
0.616 2 2 3 0.0 0.0 0.007 0.002 -0.0265 -0.0253 11.06 
0.617 2 2 3 0.0 0.0 0.004 -0.000 -0.0249 -0.0253 11.06 
0.618 2 2 3 0.0 0.0 0.007 0.002 -0.0233 -0.0253 11.06 
0.619 2 2 3 0.0 0.0 0.006 -0.004 -0.0221 -0.0253 11.06 
0.620 2 2 3 0.0 0.0 0.000 -0.000 -0.0209 -0.0253 11.06 
0.621 2 2 3 0.0 0.0 -0.002 -0.001 -0.0197 -0.0253 11.06 
0.622 2 2 3 0.0 0.0 -0.000 -0.002 -0.0189 -0.0253 11.06 
0.623 2 2 3 0.0 0.0 -0.004 -0.002 -0.0181 -0.0253 11.06 
0.624 2 2 3 0.0 0.0 -0.000 0.000 -0.0173 -0.0253 11.05 
0.625 2 2 3 0.0 0.0 0.001 0.006 -0.0165 -0.0253 11.06 
0.626 2 2 3 0.0 0.0 -0.002 0.003 -0.0157 -0.0253 11.06 
0.627 2 2 3 0.0 0.0 -0.006 0.002 -0.0153 -0.0253 11.06 
0.628 2 2 3 0.0 0.0 -0.008 0.008 -0.0145 0.0317 11.06 
0.629 2 2 3 0.0 0.0 -0.006 0.001 -0.0141 0.0317 11.06 
0.630 2 2 3 0.0 0.0 0.001 0.001 -0.0137 0.0317 11.06 
0.631 2 2 3 0.0 0.0 0.001 0.011 -0.0133 0.0317 11.06 
0.632 2 2 3 0.0 0.0 0.002 0.006 -0.0129 0.0317 11.05 
0.633 2 2 3 0.0 0.0 0.004 0.004 -0.0125 0.0317 11.05 
0.634 2 2 3 0.0 0.0 0.007 0.005 -0.0120 0.0317 11.05 
0.635 2 2 3 0.0 0.0 -0.000 0.008 -0.0116 0.0317 11.06 
0.636 2 2 3 0.0 0.0 -0.000 0.007 -0.0112 0.0317 11.06 
0.637 2 2 3 0.0 0.0 0.001 0.007 -0.0108 0.0317 11.06 
0.638 2 2 3 0.0 0.0 0.003 -0.001 -0.0104 0.0317 11.06 
0.639 2 2 3 0.0 0.0 -0.005 0.003 -0.0104 0.0317 11.06 
0.640 2 2 3 0.0 0.0 -0.002 -0.003 -0.0100 0.0309 11.06 
0.641 2 2 3 0.0 0.0 0.002 -0.004 -0.0096 0.0289 11.06 
0.642 2 2 3 0.0 0.0 0.002 -0.004 -0.0096 0.0269 11.06 
0.643 2 2 3 0.0 0.0 -0.004 -0.004 -0.0092 0.0249 11.06 
0.644 2 2 3 0.0 0.0 0.001 0.005 -0.0092 0.0237 11.06 
0.645 2 2 3 0.0 0.0 0.003 0.011 -0.0088 0.0221 11.06 
0.646 2 2 3 0.0 0.0 -0.003 0.004 -0.0088 0.0209 11.06 
0.647 2 2 3 0.0 0.0 -0.006 -0.000 -0.0084 0.0201 11.06 
0.648 2 2 3 0.0 0.0 -0.008 0.008 -0.0084 0.0189 11.06 
0.649 2 2 3 0.0 0.0 -0.004 0.008 -0.0080 0.0181 11.06 
0.650 2 2 3 0.0 0.0 -0.004 0.003 -0.0080 0.0173 11.06 
0.651 2 2 3 0.0 0.0 -0.004 0.000 -0.0076 0.0165 11.06 
0.652 2 2 3 0.0 0.0 -0.004 0.002 -0.0076 0.0161 11.06 
0.653 2 2 3 0.0 0.0 -0.000 -0.001 -0.0076 0.0153 11.06 
0.654 2 2 3 0.0 0.0 -0.001 0.005 -0.0072 0.0149 11.06 
0.655 2 2 3 0.0 0.0 0.019 -0.004 -0.0072 0.0141 11.05 
0.656 2 2 3 0.0 0.0 0.015 -0.028 -0.0072 0.0137 11.05 
0.657 2 2 3 0.0 0.0 0.002 -0.019 -0.0068 0.0133 11.06 
0.658 2 2 3 0.0 0.0 -0.002 0.001 -0.0068 0.0129 11.05 
0.659 2 2 3 0.0 0.0 -0.001 0.004 -0.0068 0.0125 11.06 
0.660 2 2 3 0.0 0.0 -0.008 0.004 -0.0064 0.0120 11.06 
0.661 2 2 3 0.0 0.0 -0.006 0.009 -0.0064 0.0116 11.06 
0.662 2 2 3 0.0 0.0 -0.006 0.005 -0.0064 0.0112 11.06 
0.663 2 2 3 0.0 0.0 -0.007 0.009 -0.0064 0.0108 11.06 
0.664 2 2 3 0.0 0.0 -0.004 0.014 -0.0060 0.0108 11.06 
0.665 2 2 3 0.0 0.0 -0.001 0.007 -0.0060 0.0104 11.06 
