%% logfile from robot Naja (39)
% Naja (39)
%  1    time 0.000 sec
%  2  3  4   (mission 0), state 2, thread 2, line 0
%  5  6 Motor voltage [V] left, right: 2.0 2.0
%  7  8 Motor current left, right [A]: 0.080 0.082
%  9 10 Wheel velocity [m/s] left, right: -0.0000 -0.0000
% 11    Battery voltage [V]: 12.32
0.001 2 2 0 2.0 2.0 0.104 0.025 -0.0000 -0.0000 12.31 
0.002 2 2 0 2.0 2.0 0.272 0.230 -0.0000 -0.0000 12.31 
0.003 2 2 0 2.0 2.0 0.358 0.412 -0.0000 -0.0000 12.31 
0.004 2 2 0 2.0 2.0 0.397 0.493 -0.0000 -0.0000 12.30 
0.005 2 2 0 2.0 2.0 0.426 0.536 0.0000 -0.0000 12.30 
0.006 2 2 0 2.0 2.0 0.429 0.544 0.0000 -0.0000 12.30 
0.007 2 2 0 2.0 2.0 0.428 0.542 0.0000 0.0000 12.29 
0.008 2 2 0 2.0 2.0 0.426 0.529 0.0000 0.0000 12.30 
0.009 2 2 0 2.0 2.0 0.445 0.517 0.0000 0.0000 12.30 
0.010 2 2 0 2.0 2.0 0.419 0.499 0.0755 0.0000 12.30 
0.011 2 2 0 2.0 2.0 0.397 0.496 0.0755 0.1181 12.30 
0.012 2 2 0 2.0 2.0 0.408 0.485 0.0755 0.1181 12.30 
0.013 2 2 0 2.0 2.0 0.346 0.455 0.0755 0.1704 12.30 
0.014 2 2 0 2.0 2.0 0.358 0.465 0.1229 0.1704 12.30 
0.015 2 2 0 2.0 2.0 0.362 0.454 0.1229 0.1939 12.30 
0.016 2 2 0 2.0 2.0 0.310 0.394 0.1229 0.1939 12.28 
0.017 2 2 0 2.0 2.0 0.256 0.356 0.1347 0.2122 12.28 
0.018 2 2 0 2.0 2.0 0.260 0.375 0.1347 0.2122 12.30 
0.019 2 2 0 2.0 2.0 0.302 0.391 0.1639 0.2166 12.31 
0.020 2 2 0 2.0 2.0 0.321 0.386 0.1639 0.2166 12.30 
0.021 2 2 0 2.0 2.0 0.345 0.377 0.1696 0.2487 12.30 
0.022 2 2 0 2.0 2.0 0.349 0.366 0.1696 0.2564 12.29 
0.023 2 2 0 2.0 2.0 0.357 0.358 0.1968 0.2564 12.30 
0.024 2 2 0 2.0 2.0 0.336 0.352 0.1968 0.2775 12.31 
0.025 2 2 0 2.0 2.0 0.340 0.329 0.1968 0.2836 12.31 
0.026 2 2 0 2.0 2.0 0.361 0.333 0.1911 0.3095 12.30 
0.027 2 2 0 2.0 2.0 0.328 0.308 0.2442 0.3095 12.30 
0.028 2 2 0 2.0 2.0 0.272 0.326 0.2442 0.3120 12.28 
0.029 2 2 0 2.0 2.0 0.264 0.295 0.2548 0.3217 12.29 
0.030 2 2 0 2.0 2.0 0.283 0.288 0.2580 0.3047 12.30 
0.031 2 2 0 2.0 2.0 0.264 0.280 0.2580 0.3465 12.30 
0.032 2 2 0 2.0 2.0 0.224 0.291 0.2600 0.3465 12.30 
0.033 2 2 0 2.0 2.0 0.228 0.288 0.2795 0.3753 12.30 
0.034 2 2 0 2.0 2.0 0.166 0.287 0.2795 0.3558 12.30 
0.035 2 2 0 2.0 2.0 0.138 0.277 0.2738 0.3245 12.31 
0.036 2 2 0 2.0 2.0 0.125 0.258 0.2775 0.3789 12.30 
0.037 2 2 0 2.0 2.0 0.154 0.269 0.2775 0.4016 12.30 
0.038 2 2 0 2.0 2.0 0.180 0.254 0.2414 0.3826 12.31 
0.039 2 2 0 2.0 2.0 0.221 0.256 0.2957 0.3436 12.31 
0.040 2 2 0 2.0 2.0 0.253 0.261 0.2957 0.4016 12.30 
0.041 2 2 0 2.0 2.0 0.253 0.250 0.3168 0.4016 12.31 
0.042 2 2 0 2.0 2.0 0.206 0.231 0.3095 0.4057 12.31 
0.043 2 2 0 2.0 2.0 0.204 0.238 0.2702 0.4138 12.31 
0.044 2 2 0 2.0 2.0 0.160 0.221 0.2702 0.4223 12.30 
0.045 2 2 0 2.0 2.0 0.200 0.242 0.3217 0.4361 12.29 
0.046 2 2 0 2.0 2.0 0.209 0.219 0.3408 0.4312 12.28 
0.047 2 2 0 2.0 2.0 0.218 0.224 0.3245 0.4016 12.29 
0.048 2 2 0 2.0 2.0 0.199 0.204 0.3120 0.4179 12.30 
0.049 2 2 0 2.0 2.0 0.192 0.193 0.2982 0.4268 12.30 
0.050 2 2 0 2.0 2.0 0.181 0.190 0.3436 0.4361 12.30 
0.051 2 2 0 2.0 2.0 0.156 0.192 0.3298 0.4406 12.30 
0.052 2 2 0 2.0 2.0 0.202 0.190 0.3436 0.4507 12.30 
0.053 2 2 0 2.0 2.0 0.179 0.185 0.3351 0.4507 12.30 
0.054 2 2 0 2.0 2.0 0.174 0.207 0.3351 0.4507 12.29 
0.055 2 2 0 2.0 2.0 0.177 0.194 0.3558 0.4609 12.29 
0.056 2 2 0 2.0 2.0 0.179 0.188 0.3351 0.4609 12.28 
0.057 2 2 0 2.0 2.0 0.180 0.192 0.3525 0.4661 12.30 
0.058 2 2 0 2.0 2.0 0.179 0.174 0.3298 0.4661 12.30 
0.059 2 2 0 2.0 2.0 0.191 0.173 0.3720 0.4771 12.30 
0.060 2 2 0 2.0 2.0 0.207 0.169 0.3558 0.4771 12.30 
0.061 2 2 0 2.0 2.0 0.191 0.173 0.3753 0.4771 12.30 
0.062 2 2 0 2.0 2.0 0.176 0.182 0.3688 0.4884 12.31 
0.063 2 2 0 2.0 2.0 0.150 0.181 0.3465 0.4828 12.30 
0.064 2 2 0 2.0 2.0 0.146 0.161 0.3862 0.4884 12.30 
0.065 2 2 0 2.0 2.0 0.163 0.160 0.3558 0.4945 12.30 
0.066 2 2 0 2.0 2.0 0.172 0.159 0.3826 0.5006 12.31 
0.067 2 2 0 2.0 2.0 0.179 0.144 0.3651 0.5006 12.29 
0.068 2 2 0 2.0 2.0 0.182 0.163 0.4016 0.4884 12.30 
0.069 2 2 0 2.0 2.0 0.199 0.172 0.3862 0.4945 12.30 
0.070 2 2 0 2.0 2.0 0.200 0.148 0.4016 0.5006 12.31 
0.071 2 2 0 2.0 2.0 0.161 0.162 0.3789 0.5006 12.31 
0.072 2 2 0 2.0 2.0 0.123 0.151 0.3976 0.5071 12.30 
0.073 2 2 0 2.0 2.0 0.101 0.150 0.3862 0.5071 12.31 
0.074 2 2 0 2.0 2.0 0.094 0.169 0.4016 0.4945 12.29 
0.075 2 2 0 2.0 2.0 0.059 0.154 0.3651 0.5132 12.30 
0.076 2 2 0 2.0 2.0 0.079 0.135 0.3862 0.5335 12.34 
0.077 2 2 0 2.0 2.0 0.117 0.147 0.3720 0.5006 12.30 
0.078 2 2 0 2.0 2.0 0.138 0.138 0.4016 0.5201 12.30 
0.079 2 2 0 2.0 2.0 0.149 0.155 0.3862 0.5408 12.33 
0.080 2 2 0 2.0 2.0 0.126 0.156 0.4016 0.5335 12.31 
0.081 2 2 0 2.0 2.0 0.138 0.145 0.3862 0.5201 12.30 
0.082 2 2 0 2.0 2.0 0.161 0.132 0.3976 0.5335 12.31 
0.083 2 2 0 2.0 2.0 0.176 0.135 0.3651 0.5335 12.30 
0.084 2 2 0 2.0 2.0 0.189 0.131 0.3935 0.5481 12.28 
0.085 2 2 0 2.0 2.0 0.174 0.123 0.4138 0.5631 12.29 
0.086 2 2 0 2.0 2.0 0.179 0.133 0.4179 0.5554 12.28 
0.087 2 2 0 2.0 2.0 0.156 0.126 0.4179 0.5481 12.29 
0.088 2 2 0 2.0 2.0 0.138 0.120 0.4268 0.5481 12.29 
0.089 2 2 0 2.0 2.0 0.095 0.117 0.4268 0.5481 12.30 
0.090 2 2 0 2.0 2.0 0.091 0.115 0.4268 0.5554 12.29 
0.091 2 2 0 2.0 2.0 0.095 0.128 0.3651 0.5481 12.31 
0.092 2 2 0 2.0 2.0 0.104 0.117 0.3976 0.5481 12.31 
0.093 2 2 0 2.0 2.0 0.144 0.117 0.4223 0.5554 12.31 
0.094 2 2 0 2.0 2.0 0.150 0.116 0.4312 0.5554 12.29 
0.095 2 2 0 2.0 2.0 0.119 0.108 0.3720 0.5631 12.29 
0.096 2 2 0 2.0 2.0 0.095 0.101 0.4057 0.5631 12.30 
0.097 2 2 0 2.0 2.0 0.109 0.134 0.4361 0.5631 12.31 
0.098 2 2 0 2.0 2.0 0.123 0.142 0.4361 0.5554 12.28 
0.099 2 2 0 2.0 2.0 0.129 0.125 0.3935 0.5631 12.29 
0.100 2 2 0 2.0 2.0 0.095 0.113 0.4223 0.5554 12.29 
0.101 2 2 0 2.0 2.0 0.116 0.112 0.4223 0.5481 12.29 
0.102 2 2 0 2.0 2.0 0.132 0.107 0.4312 0.5631 12.29 
0.103 2 2 0 2.0 2.0 0.117 0.113 0.4406 0.5712 12.29 
0.104 2 2 0 2.0 2.0 0.123 0.127 0.4361 0.5554 12.29 
0.105 2 2 0 2.0 2.0 0.123 0.128 0.4406 0.5712 12.31 
0.106 2 2 0 2.0 2.0 0.112 0.114 0.4268 0.5712 12.31 
0.107 2 2 0 2.0 2.0 0.112 0.131 0.4406 0.5631 12.31 
0.108 2 2 0 2.0 2.0 0.142 0.120 0.4361 0.5712 12.31 
0.109 2 2 0 2.0 2.0 0.135 0.116 0.4406 0.5712 12.29 
0.110 2 2 0 2.0 2.0 0.136 0.127 0.4268 0.5554 12.29 
0.111 2 2 0 2.0 2.0 0.119 0.109 0.4454 0.5964 12.30 
0.112 2 2 0 2.0 2.0 0.106 0.091 0.4312 0.5878 12.30 
0.113 2 2 0 2.0 2.0 0.113 0.102 0.4406 0.5554 12.30 
0.114 2 2 0 2.0 2.0 0.138 0.120 0.4361 0.5964 12.28 
0.115 2 2 0 2.0 2.0 0.140 0.112 0.4507 0.5878 12.30 
0.116 2 2 0 2.0 2.0 0.154 0.116 0.4556 0.5712 12.28 
0.117 2 2 0 2.0 2.0 0.126 0.116 0.4454 0.5793 12.32 
0.118 2 2 0 2.0 2.0 0.104 0.101 0.4556 0.5878 12.32 
0.119 2 2 0 2.0 2.0 0.058 0.089 0.4454 0.5878 12.30 
0.120 2 2 0 2.0 2.0 0.057 0.109 0.4507 0.5964 12.30 
0.121 2 2 0 2.0 2.0 0.034 0.109 0.4312 0.5712 12.32 
0.122 2 2 0 2.0 2.0 0.071 0.116 0.4454 0.5878 12.29 
0.123 2 2 0 2.0 2.0 0.120 0.088 0.4312 0.5878 12.30 
0.124 2 2 0 2.0 2.0 0.131 0.093 0.4406 0.5878 12.31 
0.125 2 2 0 2.0 2.0 0.125 0.096 0.4361 0.5793 12.30 
0.126 2 2 0 2.0 2.0 0.120 0.071 0.4507 0.5878 12.28 
0.127 2 2 0 2.0 2.0 0.127 0.107 0.4507 0.5878 12.28 
0.128 2 2 0 2.0 2.0 0.144 0.076 0.4016 0.5878 12.30 
0.129 2 2 0 2.0 2.0 0.156 0.086 0.4312 0.5878 12.31 
0.130 2 2 0 2.0 2.0 0.157 0.075 0.4507 0.5964 12.28 
0.131 2 2 0 2.0 2.0 0.165 0.104 0.4609 0.5878 12.30 
0.132 2 2 0 2.0 2.0 0.129 0.097 0.4609 0.5878 12.29 
0.133 2 2 0 2.0 2.0 0.093 0.086 0.4714 0.5964 12.30 
0.134 2 2 0 2.0 2.0 0.080 0.090 0.4661 0.5964 12.30 
0.135 2 2 0 2.0 2.0 0.073 0.085 0.4223 0.5793 12.30 
0.136 2 2 0 2.0 2.0 0.089 0.094 0.4361 0.5878 12.33 
0.137 2 2 0 2.0 2.0 0.105 0.105 0.4661 0.5878 12.32 
0.138 2 2 0 2.0 2.0 0.117 0.101 0.4714 0.5793 12.31 
0.139 2 2 0 2.0 2.0 0.089 0.083 0.4057 0.5878 12.31 
0.140 2 2 0 2.0 2.0 0.083 0.085 0.4406 0.5964 12.30 
0.141 2 2 0 2.0 2.0 0.095 0.073 0.4714 0.6053 12.28 
0.142 2 2 0 2.0 2.0 0.117 0.101 0.4406 0.5964 12.29 
0.143 2 2 0 2.0 2.0 0.119 0.120 0.4661 0.5712 12.31 
0.144 2 2 0 2.0 2.0 0.081 0.094 0.4609 0.5964 12.31 
0.145 2 2 0 2.0 2.0 0.128 0.070 0.4661 0.6146 12.31 
0.146 2 2 0 2.0 2.0 0.119 0.089 0.4661 0.5793 12.33 
0.147 2 2 0 2.0 2.0 0.115 0.085 0.4714 0.6239 12.32 
0.148 2 2 0 2.0 2.0 0.124 0.094 0.4661 0.6146 12.31 
0.149 2 2 0 2.0 2.0 0.123 0.100 0.4556 0.5712 12.32 
0.150 2 2 0 2.0 2.0 0.115 0.093 0.4714 0.6053 12.31 
0.151 2 2 0 2.0 2.0 0.122 0.071 0.4661 0.6053 12.28 
0.152 2 2 0 2.0 2.0 0.128 0.088 0.4771 0.6146 12.30 
0.153 2 2 0 2.0 2.0 0.126 0.101 0.4609 0.6239 12.30 
0.154 2 2 0 2.0 2.0 0.094 0.098 0.4771 0.5964 12.30 
0.155 2 2 0 2.0 2.0 0.093 0.094 0.4609 0.6053 12.29 
0.156 2 2 0 2.0 2.0 0.114 0.078 0.4556 0.6053 12.31 
0.157 2 2 0 2.0 2.0 0.129 0.067 0.4714 0.6053 12.32 
0.158 2 2 0 2.0 2.0 0.146 0.063 0.4714 0.5964 12.31 
0.159 2 2 0 2.0 2.0 0.157 0.099 0.4771 0.5964 12.31 
0.160 2 2 0 2.0 2.0 0.112 0.086 0.4661 0.6053 12.32 
0.161 2 2 0 2.0 2.0 0.074 0.072 0.4828 0.6053 12.32 
0.162 2 2 0 2.0 2.0 0.056 0.077 0.4714 0.6053 12.31 
0.163 2 2 0 2.0 2.0 0.056 0.067 0.4556 0.6146 12.32 
0.164 2 2 0 2.0 2.0 0.053 0.073 0.4714 0.6053 12.30 
0.165 2 2 0 2.0 2.0 0.100 0.093 0.4556 0.5964 12.29 
0.166 2 2 0 2.0 2.0 0.123 0.077 0.4661 0.5964 12.30 
0.167 2 2 0 2.0 2.0 0.103 0.067 0.4609 0.6053 12.28 
0.168 2 2 0 2.0 2.0 0.097 0.079 0.4771 0.6053 12.30 
0.169 2 2 0 2.0 2.0 0.112 0.079 0.4661 0.6053 12.31 
0.170 2 2 0 2.0 2.0 0.153 0.089 0.4454 0.5964 12.31 
0.171 2 2 0 2.0 2.0 0.136 0.093 0.4661 0.6053 12.31 
0.172 2 2 0 2.0 2.0 0.139 0.078 0.4828 0.6053 12.31 
0.173 2 2 0 2.0 2.0 0.165 0.067 0.4884 0.6053 12.32 
0.174 2 2 0 2.0 2.0 0.115 0.099 0.4828 0.6053 12.31 
0.175 2 2 0 2.0 2.0 0.061 0.104 0.4884 0.6053 12.31 
0.176 2 2 0 2.0 2.0 0.063 0.097 0.4884 0.5878 12.31 
0.177 2 2 0 2.0 2.0 0.089 0.074 0.4507 0.6337 12.31 
0.178 2 2 0 2.0 2.0 0.061 0.059 0.4714 0.5964 12.31 
0.179 2 2 0 2.0 2.0 0.097 0.073 0.4945 0.6053 12.31 
0.180 2 2 0 2.0 2.0 0.116 0.090 0.4945 0.6239 12.31 
0.181 2 2 0 2.0 2.0 0.046 0.101 0.4771 0.5793 12.31 
0.182 2 2 0 2.0 2.0 0.031 0.097 0.5006 0.6053 12.31 
0.183 2 2 0 2.0 2.0 0.079 0.074 0.4945 0.6146 12.31 
0.184 2 2 0 2.0 2.0 0.102 0.091 0.4661 0.6239 12.31 
0.185 2 2 0 2.0 2.0 0.080 0.098 0.4828 0.6438 12.32 
0.186 2 2 0 2.0 2.0 0.106 0.092 0.4714 0.5878 12.32 
0.187 2 2 0 2.0 2.0 0.113 0.100 0.4771 0.6146 12.32 
0.188 2 2 0 2.0 2.0 0.094 0.090 0.4884 0.6146 12.32 
0.189 2 2 0 2.0 2.0 0.104 0.075 0.4771 0.6146 12.32 
0.190 2 2 0 2.0 2.0 0.102 0.075 0.4828 0.6053 12.32 
0.191 2 2 0 2.0 2.0 0.093 0.084 0.4661 0.6146 12.31 
0.192 2 2 0 2.0 2.0 0.139 0.073 0.4828 0.6146 12.31 
0.193 2 2 0 2.0 2.0 0.163 0.093 0.4884 0.6146 12.31 
0.194 2 2 0 2.0 2.0 0.119 0.097 0.4714 0.6146 12.32 
0.195 2 2 0 2.0 2.0 0.086 0.074 0.4884 0.6239 12.32 
0.196 2 2 0 2.0 2.0 0.113 0.089 0.4714 0.6239 12.32 
0.197 2 2 0 2.0 2.0 0.100 0.101 0.4828 0.6146 12.32 
0.198 2 2 0 2.0 2.0 0.112 0.071 0.4884 0.6146 12.33 
0.199 2 2 0 2.0 2.0 0.123 0.062 0.4884 0.6146 12.32 
0.200 2 2 0 2.0 2.0 0.149 0.057 0.4945 0.6146 12.31 
0.201 2 2 1 4.0 4.0 0.090 0.064 0.4828 0.6146 12.31 
0.202 2 2 1 4.0 4.0 0.176 0.131 0.4945 0.6053 12.31 
0.203 2 2 1 4.0 4.0 0.318 0.321 0.4945 0.6239 12.28 
0.204 2 2 1 4.0 4.0 0.451 0.439 0.4771 0.6337 12.27 
0.205 2 2 1 4.0 4.0 0.508 0.532 0.5071 0.6438 12.27 
0.206 2 2 1 4.0 4.0 0.568 0.554 0.5006 0.6649 12.27 
0.207 2 2 1 4.0 4.0 0.480 0.522 0.5266 0.6540 12.28 
0.208 2 2 1 4.0 4.0 0.484 0.514 0.5554 0.6872 12.28 
0.209 2 2 1 4.0 4.0 0.519 0.495 0.5481 0.7241 12.28 
0.210 2 2 1 4.0 4.0 0.545 0.512 0.5408 0.7116 12.27 
0.211 2 2 1 4.0 4.0 0.568 0.539 0.5793 0.7375 12.28 
0.212 2 2 1 4.0 4.0 0.572 0.472 0.6146 0.6994 12.28 
0.213 2 2 1 4.0 4.0 0.457 0.462 0.6146 0.7509 12.28 
0.214 2 2 1 4.0 4.0 0.439 0.482 0.6337 0.7801 12.29 
0.215 2 2 1 4.0 4.0 0.426 0.504 0.6438 0.8114 12.29 
0.216 2 2 1 4.0 4.0 0.436 0.455 0.6438 0.7801 12.29 
0.217 2 2 1 4.0 4.0 0.434 0.444 0.6872 0.8114 12.30 
0.218 2 2 1 4.0 4.0 0.376 0.450 0.6438 0.8114 12.30 
0.219 2 2 1 4.0 4.0 0.378 0.445 0.7116 0.8114 12.27 
0.220 2 2 1 4.0 4.0 0.388 0.428 0.6759 0.8276 12.28 
0.221 2 2 1 4.0 4.0 0.404 0.386 0.6994 0.8450 12.29 
0.222 2 2 1 4.0 4.0 0.402 0.375 0.7116 0.8629 12.29 
0.223 2 2 1 4.0 4.0 0.357 0.400 0.7375 0.8815 12.29 
0.224 2 2 1 4.0 4.0 0.363 0.374 0.7375 0.8815 12.29 
0.225 2 2 1 4.0 4.0 0.384 0.372 0.7509 0.8815 12.28 
0.226 2 2 1 4.0 4.0 0.415 0.351 0.7651 0.9014 12.29 
0.227 2 2 1 4.0 4.0 0.366 0.349 0.7375 0.9014 12.29 
0.228 2 2 1 4.0 4.0 0.358 0.337 0.7509 0.9217 12.30 
0.229 2 2 1 4.0 4.0 0.362 0.337 0.7651 0.9217 12.30 
0.230 2 2 1 4.0 4.0 0.396 0.339 0.7951 0.9432 12.30 
0.231 2 2 1 4.0 4.0 0.336 0.333 0.7951 0.9432 12.29 
0.232 2 2 1 4.0 4.0 0.304 0.314 0.7951 0.9655 12.29 
0.233 2 2 1 4.0 4.0 0.287 0.315 0.7801 0.9655 12.29 
0.234 2 2 1 4.0 4.0 0.332 0.339 0.7801 0.9895 12.29 
0.235 2 2 1 4.0 4.0 0.283 0.312 0.7951 0.9655 12.29 
0.236 2 2 1 4.0 4.0 0.282 0.295 0.8114 0.9895 12.29 
0.237 2 2 1 4.0 4.0 0.338 0.322 0.7801 1.0142 12.28 
0.238 2 2 1 4.0 4.0 0.372 0.295 0.8276 0.9895 12.29 
0.239 2 2 1 4.0 4.0 0.326 0.287 0.8450 0.9895 12.29 
0.240 2 2 1 4.0 4.0 0.301 0.291 0.8629 0.9895 12.28 
0.241 2 2 1 4.0 4.0 0.272 0.283 0.8114 0.9895 12.30 
0.242 2 2 1 4.0 4.0 0.304 0.275 0.8815 1.0142 12.30 
0.243 2 2 1 4.0 4.0 0.278 0.272 0.8450 1.0142 12.29 
0.244 2 2 1 4.0 4.0 0.275 0.264 0.8815 1.0142 12.29 
0.245 2 2 1 4.0 4.0 0.278 0.262 0.8629 1.0402 12.30 
0.246 2 2 1 4.0 4.0 0.288 0.223 0.8815 1.0402 12.30 
0.247 2 2 1 4.0 4.0 0.276 0.260 0.9014 1.0673 12.30 
0.248 2 2 1 4.0 4.0 0.269 0.242 0.9014 1.0673 12.31 
0.249 2 2 1 4.0 4.0 0.280 0.227 0.9217 1.0673 12.30 
0.250 2 2 1 4.0 4.0 0.290 0.249 0.9217 1.0402 12.30 
0.251 2 2 1 4.0 4.0 0.270 0.249 0.9217 1.0673 12.30 
0.252 2 2 1 4.0 4.0 0.279 0.216 0.9432 1.0673 12.30 
0.253 2 2 1 4.0 4.0 0.328 0.219 0.9432 1.0961 12.30 
0.254 2 2 1 4.0 4.0 0.238 0.225 0.9655 1.0673 12.31 
0.255 2 2 1 4.0 4.0 0.199 0.215 0.9655 1.0673 12.31 
0.256 2 2 1 4.0 4.0 0.189 0.228 0.9432 1.1266 12.30 
0.257 2 2 1 4.0 4.0 0.207 0.236 0.9655 1.0961 12.30 
0.258 2 2 1 4.0 4.0 0.224 0.224 0.9655 1.0961 12.30 
0.259 2 2 1 4.0 4.0 0.234 0.227 0.9432 1.0961 12.30 
0.260 2 2 1 4.0 4.0 0.287 0.218 0.9655 1.0961 12.30 
0.261 2 2 1 4.0 4.0 0.232 0.212 0.9895 1.0961 12.30 
0.262 2 2 1 4.0 4.0 0.222 0.202 0.9014 1.1266 12.30 
0.263 2 2 1 4.0 4.0 0.239 0.192 0.9895 1.1266 12.30 
0.264 2 2 1 4.0 4.0 0.233 0.184 0.9655 1.1266 12.30 
0.265 2 2 1 4.0 4.0 0.210 0.204 1.0142 1.1266 12.30 
0.266 2 2 1 4.0 4.0 0.213 0.207 1.0142 1.1266 12.29 
0.267 2 2 1 4.0 4.0 0.212 0.191 0.9895 1.0961 12.30 
0.268 2 2 1 4.0 4.0 0.203 0.208 1.0142 1.1266 12.30 
0.269 2 2 1 4.0 4.0 0.194 0.184 0.9895 1.1590 12.30 
0.270 2 2 1 4.0 4.0 0.225 0.177 1.0142 1.1590 12.30 
0.271 2 2 1 4.0 4.0 0.200 0.185 1.0142 1.1266 12.30 
0.272 2 2 1 4.0 4.0 0.217 0.178 1.0142 1.1266 12.30 
0.273 2 2 1 4.0 4.0 0.225 0.171 1.0402 1.1590 12.30 
0.274 2 2 1 4.0 4.0 0.218 0.198 1.0402 1.1931 12.30 
0.275 2 2 1 4.0 4.0 0.169 0.197 1.0402 1.1266 12.30 
0.276 2 2 1 4.0 4.0 0.154 0.175 1.0402 1.1590 12.30 
0.277 2 2 1 4.0 4.0 0.181 0.185 1.0402 1.1590 12.30 
0.278 2 2 1 4.0 4.0 0.167 0.171 1.0402 1.1590 12.30 
0.279 2 2 1 4.0 4.0 0.192 0.152 1.0402 1.1590 12.30 
0.280 2 2 1 4.0 4.0 0.237 0.177 1.0402 1.1590 12.30 
0.281 2 2 1 4.0 4.0 0.193 0.161 1.0673 1.1590 12.31 
0.282 2 2 1 4.0 4.0 0.160 0.163 1.0142 1.1590 12.29 
0.283 2 2 1 4.0 4.0 0.181 0.154 1.0673 1.1590 12.28 
0.284 2 2 1 4.0 4.0 0.172 0.163 1.0402 1.1590 12.30 
0.285 2 2 1 4.0 4.0 0.165 0.174 1.0402 1.1590 12.31 
0.286 2 2 1 4.0 4.0 0.159 0.170 1.0673 1.1590 12.31 
0.287 2 2 1 4.0 4.0 0.190 0.166 1.0673 1.1931 12.31 
0.288 2 2 1 4.0 4.0 0.176 0.161 1.0673 1.1931 12.30 
0.289 2 2 1 4.0 4.0 0.187 0.165 1.0673 1.1590 12.30 
0.290 2 2 1 4.0 4.0 0.180 0.154 1.0673 1.1931 12.31 
0.291 2 2 1 4.0 4.0 0.190 0.162 1.0673 1.2292 12.30 
0.292 2 2 1 4.0 4.0 0.199 0.162 1.0673 1.2292 12.30 
0.293 2 2 1 4.0 4.0 0.212 0.153 1.0673 1.2292 12.30 
0.294 2 2 1 4.0 4.0 0.160 0.173 1.0961 1.1931 12.30 
0.295 2 2 1 4.0 4.0 0.117 0.158 1.0673 1.1931 12.30 
0.296 2 2 1 4.0 4.0 0.145 0.139 1.0673 1.1931 12.31 
0.297 2 2 1 4.0 4.0 0.118 0.137 1.0961 1.1931 12.29 
0.298 2 2 1 4.0 4.0 0.141 0.130 1.0961 1.1931 12.30 
0.299 2 2 1 4.0 4.0 0.193 0.124 1.0961 1.1931 12.30 
0.300 2 2 1 4.0 4.0 0.155 0.151 1.0961 1.1931 12.31 
0.301 2 2 1 4.0 4.0 0.146 0.149 1.0673 1.1931 12.30 
0.302 2 2 1 4.0 4.0 0.157 0.135 1.1266 1.1931 12.30 
0.303 2 2 1 4.0 4.0 0.134 0.147 1.1266 1.1931 12.28 
0.304 2 2 1 4.0 4.0 0.147 0.131 1.0961 1.1931 12.31 
0.305 2 2 1 4.0 4.0 0.169 0.147 1.0961 1.2292 12.30 
0.306 2 2 1 4.0 4.0 0.143 0.141 1.0961 1.1931 12.30 
0.307 2 2 1 4.0 4.0 0.138 0.135 1.0961 1.2292 12.30 
0.308 2 2 1 4.0 4.0 0.172 0.135 1.0961 1.2678 12.30 
0.309 2 2 1 4.0 4.0 0.171 0.143 1.0961 1.2292 12.30 
0.310 2 2 1 4.0 4.0 0.165 0.137 1.0961 1.2292 12.31 
0.311 2 2 1 4.0 4.0 0.176 0.130 1.1266 1.2292 12.30 
0.312 2 2 1 4.0 4.0 0.156 0.131 1.1266 1.2292 12.30 
0.313 2 2 1 4.0 4.0 0.106 0.124 1.0961 1.2292 12.30 
0.314 2 2 1 4.0 4.0 0.131 0.138 1.0961 1.2292 12.30 
0.315 2 2 1 4.0 4.0 0.126 0.124 1.0961 1.2292 12.30 
0.316 2 2 1 4.0 4.0 0.108 0.136 1.0402 1.2292 12.31 
0.317 2 2 1 4.0 4.0 0.150 0.133 1.0961 1.1931 12.30 
0.318 2 2 1 4.0 4.0 0.177 0.129 1.1266 1.2292 12.31 
0.319 2 2 1 4.0 4.0 0.144 0.139 1.0673 1.2292 12.30 
0.320 2 2 1 4.0 4.0 0.161 0.138 1.1590 1.2678 12.30 
0.321 2 2 1 4.0 4.0 0.167 0.112 1.1266 1.2292 12.31 
0.322 2 2 1 4.0 4.0 0.145 0.127 1.0961 1.1931 12.30 
0.323 2 2 1 4.0 4.0 0.133 0.113 1.1266 1.2292 12.30 
0.324 2 2 1 4.0 4.0 0.132 0.124 1.1266 1.2678 12.30 
0.325 2 2 1 4.0 4.0 0.121 0.131 1.0961 1.2292 12.30 
0.326 2 2 1 4.0 4.0 0.140 0.128 1.1266 1.2292 12.31 
0.327 2 2 1 4.0 4.0 0.146 0.131 1.1266 1.2292 12.30 
0.328 2 2 1 4.0 4.0 0.131 0.115 1.0961 1.2292 12.31 
0.329 2 2 1 4.0 4.0 0.176 0.111 1.1266 1.2292 12.30 
0.330 2 2 1 4.0 4.0 0.149 0.109 1.1266 1.2292 12.31 
0.331 2 2 1 4.0 4.0 0.111 0.110 1.1266 1.2292 12.30 
0.332 2 2 1 4.0 4.0 0.110 0.120 1.0961 1.2292 12.33 
0.333 2 2 1 4.0 4.0 0.123 0.127 1.1266 1.2292 12.29 
0.334 2 2 1 4.0 4.0 0.097 0.121 1.1266 1.2292 12.30 
0.335 2 2 1 4.0 4.0 0.132 0.124 1.1266 1.2292 12.28 
0.336 2 2 1 4.0 4.0 0.146 0.123 1.1266 1.2678 12.29 
0.337 2 2 1 4.0 4.0 0.119 0.105 1.1266 1.2292 12.30 
0.338 2 2 1 4.0 4.0 0.146 0.102 1.1590 1.2678 12.30 
0.339 2 2 1 4.0 4.0 0.138 0.119 1.1266 1.2292 12.31 
0.340 2 2 1 4.0 4.0 0.111 0.104 1.0673 1.2678 12.30 
0.341 2 2 1 4.0 4.0 0.125 0.123 1.1266 1.2678 12.30 
0.342 2 2 1 4.0 4.0 0.137 0.130 1.1266 1.2678 12.30 
0.343 2 2 1 4.0 4.0 0.130 0.101 1.1266 1.2678 12.30 
0.344 2 2 1 4.0 4.0 0.141 0.128 1.1590 1.2678 12.30 
0.345 2 2 1 4.0 4.0 0.161 0.106 1.1590 1.2678 12.28 
0.346 2 2 1 4.0 4.0 0.157 0.111 1.1266 1.2678 12.30 
0.347 2 2 1 4.0 4.0 0.161 0.112 1.1590 1.2678 12.30 
0.348 2 2 1 4.0 4.0 0.141 0.090 1.1590 1.2678 12.30 
0.349 2 2 1 4.0 4.0 0.085 0.109 1.1266 1.2678 12.29 
0.350 2 2 1 4.0 4.0 0.097 0.123 1.1266 1.2678 12.30 
0.351 2 2 1 4.0 4.0 0.085 0.098 1.1590 1.2678 12.29 
0.352 2 2 2 -4.0 -4.0 0.097 0.120 1.1266 1.2678 12.30 
0.353 2 2 2 -4.0 -4.0 -0.288 -0.052 1.1590 1.2678 12.26 
0.354 2 2 2 -4.0 -4.0 -0.826 -0.801 1.1590 1.2678 12.21 
0.355 2 2 2 -4.0 -4.0 -1.336 -1.234 1.0961 1.2292 12.15 
0.356 2 2 2 -4.0 -4.0 -1.631 -1.657 1.0961 1.1931 12.14 
0.357 2 2 2 -4.0 -4.0 -1.393 -1.932 0.9217 1.1266 12.14 
0.358 2 2 2 -4.0 -4.0 -1.488 -1.729 0.9217 1.0673 12.13 
0.359 2 2 2 -4.0 -4.0 -1.604 -1.842 0.8450 0.9655 12.13 
0.360 2 2 2 -4.0 -4.0 -1.649 -1.949 0.7951 0.8114 12.14 
0.361 2 2 2 -4.0 -4.0 -1.414 -1.802 0.7509 0.8450 12.16 
0.362 2 2 2 -4.0 -4.0 -1.464 -1.686 0.6872 0.7801 12.14 
0.363 2 2 2 -4.0 -4.0 -1.536 -1.763 0.6649 0.7116 12.15 
0.364 2 2 2 -4.0 -4.0 -1.605 -1.834 0.5793 0.6649 12.14 
0.365 2 2 2 -4.0 -4.0 -1.602 -1.842 0.5266 0.5964 12.14 
0.366 2 2 2 -4.0 -4.0 -1.508 -1.622 0.4945 0.5554 12.15 
0.367 2 2 2 -4.0 -4.0 -1.259 -1.491 0.3789 0.5132 12.17 
0.368 2 2 2 -4.0 -4.0 -1.283 -1.552 0.3753 0.4828 12.16 
0.369 2 2 2 -4.0 -4.0 -1.316 -1.594 0.3351 0.3753 12.16 
0.370 2 2 2 -4.0 -4.0 -1.347 -1.599 0.2897 0.3270 12.15 
0.371 2 2 2 -4.0 -4.0 -1.349 -1.587 0.2288 0.3071 12.15 
0.372 2 2 2 -4.0 -4.0 -1.328 -1.548 0.2288 0.2276 12.15 
0.373 2 2 2 -4.0 -4.0 -1.313 -1.515 0.1988 0.2276 12.16 
0.374 2 2 2 -4.0 -4.0 -1.257 -1.462 0.1331 0.1590 12.14 
0.375 2 2 2 -4.0 -4.0 -1.265 -1.405 0.1002 0.1144 12.17 
0.376 2 2 2 -4.0 -4.0 -1.205 -1.371 0.0803 0.0892 12.16 
0.377 2 2 2 -4.0 -4.0 -1.147 -1.347 0.0669 0.0730 12.16 
0.378 2 2 2 -4.0 -4.0 -1.140 -1.291 0.0576 0.0617 12.17 
0.379 2 2 2 -4.0 -4.0 -1.120 -1.262 -0.0503 0.0535 12.17 
0.380 2 2 2 -4.0 -4.0 -1.059 -1.198 -0.0503 0.0475 12.19 
0.381 2 2 2 -4.0 -4.0 -1.006 -1.158 -0.2077 -0.0454 12.19 
0.382 2 2 2 -4.0 -4.0 -0.939 -1.127 -0.2077 -0.0454 12.20 
0.383 2 2 2 -4.0 -4.0 -0.903 -1.106 -0.2458 -0.1996 12.20 
0.384 2 2 2 -4.0 -4.0 -0.858 -1.062 -0.3193 -0.2633 12.20 
0.385 2 2 2 -4.0 -4.0 -0.868 -1.007 -0.3193 -0.2633 12.19 
0.386 2 2 2 -4.0 -4.0 -0.730 -0.957 -0.3095 -0.3047 12.23 
0.387 2 2 2 -4.0 -4.0 -0.746 -0.894 -0.3720 -0.3497 12.23 
0.388 2 2 2 -4.0 -4.0 -0.753 -0.858 -0.3688 -0.3688 12.22 
0.389 2 2 2 -4.0 -4.0 -0.755 -0.762 -0.3976 -0.3935 12.22 
0.390 2 2 2 -4.0 -4.0 -0.728 -0.747 -0.4016 -0.4057 12.21 
0.391 2 2 2 -4.0 -4.0 -0.620 -0.789 -0.4312 -0.4223 12.23 
0.392 2 2 2 -4.0 -4.0 -0.535 -0.793 -0.4771 -0.4361 12.22 
0.393 2 2 2 -4.0 -4.0 -0.496 -0.779 -0.4828 -0.4507 12.24 
0.394 2 2 2 -4.0 -4.0 -0.542 -0.762 -0.5006 -0.4945 12.24 
0.395 2 2 2 -4.0 -4.0 -0.584 -0.742 -0.5006 -0.5006 12.24 
0.396 2 2 2 -4.0 -4.0 -0.588 -0.675 -0.5132 -0.5201 12.24 
0.397 2 2 2 -4.0 -4.0 -0.566 -0.629 -0.5481 -0.5481 12.24 
0.398 2 2 2 -4.0 -4.0 -0.535 -0.643 -0.5964 -0.5631 12.24 
0.399 2 2 2 -4.0 -4.0 -0.541 -0.637 -0.5481 -0.5878 12.25 
0.400 2 2 2 -4.0 -4.0 -0.492 -0.637 -0.6053 -0.6053 12.24 
0.401 2 2 2 -4.0 -4.0 -0.484 -0.644 -0.6337 -0.6146 12.04 
0.402 2 2 2 -4.0 -4.0 -0.493 -0.572 -0.6146 -0.6438 12.21 
0.403 2 2 2 -4.0 -4.0 -0.476 -0.592 -0.6239 -0.6649 12.24 
0.404 2 2 2 -4.0 -4.0 -0.442 -0.587 -0.6540 -0.6872 12.24 
0.405 2 2 2 -4.0 -4.0 -0.450 -0.566 -0.6872 -0.6872 12.25 
0.406 2 2 2 -4.0 -4.0 -0.463 -0.539 -0.6994 -0.6759 12.24 
0.407 2 2 2 -4.0 -4.0 -0.473 -0.486 -0.6872 -0.7241 12.26 
0.408 2 2 2 -4.0 -4.0 -0.390 -0.493 -0.7116 -0.6872 12.26 
0.409 2 2 2 -4.0 -4.0 -0.360 -0.487 -0.6994 -0.7509 12.26 
0.410 2 2 2 -4.0 -4.0 -0.371 -0.492 -0.6994 -0.7241 12.26 
0.411 2 2 2 -4.0 -4.0 -0.373 -0.451 -0.6994 -0.7509 12.26 
0.412 2 2 2 -4.0 -4.0 -0.336 -0.445 -0.7241 -0.7651 12.26 
0.413 2 2 2 -4.0 -4.0 -0.303 -0.440 -0.7375 -0.7801 12.26 
0.414 2 2 2 -4.0 -4.0 -0.305 -0.446 -0.7651 -0.7801 12.26 
0.415 2 2 2 -4.0 -4.0 -0.383 -0.409 -0.7801 -0.7951 12.27 
0.416 2 2 2 -4.0 -4.0 -0.386 -0.411 -0.7801 -0.7951 12.26 
0.417 2 2 2 -4.0 -4.0 -0.383 -0.430 -0.7801 -0.8114 12.26 
0.418 2 2 2 -4.0 -4.0 -0.362 -0.398 -0.7951 -0.8276 12.27 
0.419 2 2 2 -4.0 -4.0 -0.366 -0.373 -0.8114 -0.8450 12.26 
0.420 2 2 2 -4.0 -4.0 -0.367 -0.381 -0.8114 -0.8629 12.27 
0.421 2 2 2 -4.0 -4.0 -0.323 -0.385 -0.8276 -0.8629 12.28 
0.422 2 2 2 -4.0 -4.0 -0.312 -0.388 -0.8450 -0.8815 12.27 
0.423 2 2 2 -4.0 -4.0 -0.340 -0.357 -0.8450 -0.8815 12.26 
0.424 2 2 2 -4.0 -4.0 -0.342 -0.354 -0.8276 -0.8815 12.28 
0.425 2 2 2 -4.0 -4.0 -0.321 -0.359 -0.8629 -0.9014 12.26 
0.426 2 2 2 -4.0 -4.0 -0.295 -0.363 -0.8276 -0.9014 12.27 
0.427 2 2 2 -4.0 -4.0 -0.301 -0.332 -0.7509 -0.9217 12.26 
0.428 2 2 2 -4.0 -4.0 -0.295 -0.329 -0.8450 -0.9432 12.27 
0.429 2 2 2 -4.0 -4.0 -0.275 -0.349 -0.8629 -0.9217 12.28 
0.430 2 2 2 -4.0 -4.0 -0.299 -0.323 -0.9014 -0.9432 12.27 
0.431 2 2 2 -4.0 -4.0 -0.320 -0.310 -0.8629 -0.9217 12.27 
0.432 2 2 2 -4.0 -4.0 -0.284 -0.314 -0.8815 -0.9432 12.28 
0.433 2 2 2 -4.0 -4.0 -0.249 -0.305 -0.9217 -0.9432 12.28 
0.434 2 2 2 -4.0 -4.0 -0.231 -0.291 -0.9217 -0.9655 12.28 
0.435 2 2 2 -4.0 -4.0 -0.211 -0.291 -0.9217 -0.9655 12.28 
0.436 2 2 2 -4.0 -4.0 -0.215 -0.290 -0.9432 -0.9895 12.28 
0.437 2 2 2 -4.0 -4.0 -0.241 -0.272 -0.9432 -0.9895 12.26 
0.438 2 2 2 -4.0 -4.0 -0.253 -0.270 -0.9432 -0.9895 12.27 
0.439 2 2 2 -4.0 -4.0 -0.257 -0.264 -0.9432 -0.9895 12.28 
0.440 2 2 2 -4.0 -4.0 -0.259 -0.256 -0.9432 -0.9895 12.28 
0.441 2 2 2 -4.0 -4.0 -0.282 -0.268 -0.9895 -0.9895 12.27 
0.442 2 2 2 -4.0 -4.0 -0.265 -0.269 -0.9895 -0.9895 12.27 
0.443 2 2 2 -4.0 -4.0 -0.228 -0.273 -0.9895 -1.0142 12.28 
0.444 2 2 2 -4.0 -4.0 -0.239 -0.266 -0.9895 -1.0142 12.28 
0.445 2 2 2 -4.0 -4.0 -0.246 -0.252 -0.9895 -1.0142 12.28 
0.446 2 2 2 -4.0 -4.0 -0.208 -0.253 -1.0142 -1.0142 12.29 
0.447 2 2 2 -4.0 -4.0 -0.253 -0.247 -0.9895 -1.0402 12.29 
0.448 2 2 2 -4.0 -4.0 -0.251 -0.249 -1.0142 -1.0673 12.29 
0.449 2 2 2 -4.0 -4.0 -0.219 -0.239 -0.9895 -1.0402 12.29 
0.450 2 2 2 -4.0 -4.0 -0.197 -0.246 -1.0142 -1.0673 12.28 
0.451 2 2 2 -4.0 -4.0 -0.225 -0.237 -1.0402 -1.0402 12.30 
0.452 2 2 2 -4.0 -4.0 -0.225 -0.215 -1.0402 -1.0673 12.28 
0.453 2 2 2 -4.0 -4.0 -0.200 -0.221 -0.9895 -1.0673 12.29 
0.454 2 2 2 -4.0 -4.0 -0.206 -0.228 -1.0142 -1.0673 12.29 
0.455 2 2 2 -4.0 -4.0 -0.171 -0.199 -1.0142 -1.0673 12.29 
0.456 2 2 2 -4.0 -4.0 -0.143 -0.203 -1.0673 -1.0673 12.28 
0.457 2 2 2 -4.0 -4.0 -0.144 -0.202 -1.0402 -1.0673 12.31 
0.458 2 2 2 -4.0 -4.0 -0.188 -0.181 -1.0402 -1.0673 12.29 
0.459 2 2 2 -4.0 -4.0 -0.210 -0.191 -1.0142 -1.0673 12.29 
0.460 2 2 2 -4.0 -4.0 -0.229 -0.211 -1.0402 -1.0961 12.29 
0.461 2 2 2 -4.0 -4.0 -0.238 -0.206 -1.0673 -1.0961 12.30 
0.462 2 2 2 -4.0 -4.0 -0.186 -0.205 -1.0673 -1.0961 12.29 
0.463 2 2 2 -4.0 -4.0 -0.179 -0.199 -1.0673 -1.0961 12.29 
0.464 2 2 2 -4.0 -4.0 -0.204 -0.184 -1.0961 -1.0961 12.29 
0.465 2 2 2 -4.0 -4.0 -0.196 -0.204 -1.0673 -1.0961 12.28 
0.466 2 2 2 -4.0 -4.0 -0.223 -0.207 -1.0402 -1.1266 12.29 
0.467 2 2 2 -4.0 -4.0 -0.187 -0.201 -1.0961 -1.1266 12.30 
0.468 2 2 2 -4.0 -4.0 -0.162 -0.198 -1.0673 -1.0961 12.29 
0.469 2 2 2 -4.0 -4.0 -0.167 -0.202 -1.0961 -1.0961 12.28 
0.470 2 2 2 -4.0 -4.0 -0.181 -0.185 -1.0961 -1.1266 12.28 
0.471 2 2 2 -4.0 -4.0 -0.189 -0.173 -1.0961 -1.1266 12.28 
0.472 2 2 2 -4.0 -4.0 -0.146 -0.160 -1.0961 -1.1266 12.29 
0.473 2 2 2 -4.0 -4.0 -0.165 -0.168 -1.0673 -1.1266 12.30 
0.474 2 2 2 -4.0 -4.0 -0.133 -0.173 -1.0673 -1.1266 12.29 
0.475 2 2 2 -4.0 -4.0 -0.126 -0.165 -1.0961 -1.1266 12.29 
0.476 2 2 2 -4.0 -4.0 -0.137 -0.157 -1.0961 -1.1266 12.30 
0.477 2 2 2 -4.0 -4.0 -0.156 -0.142 -1.0961 -1.1266 12.29 
0.478 2 2 2 -4.0 -4.0 -0.165 -0.154 -1.0961 -1.1266 12.29 
0.479 2 2 2 -4.0 -4.0 -0.188 -0.152 -1.0673 -1.1266 12.29 
0.480 2 2 2 -4.0 -4.0 -0.177 -0.154 -1.0961 -1.1266 12.29 
0.481 2 2 2 -4.0 -4.0 -0.126 -0.165 -1.1266 -1.1266 12.29 
0.482 2 2 2 -4.0 -4.0 -0.174 -0.142 -1.1266 -1.0961 12.29 
0.483 2 2 2 -4.0 -4.0 -0.197 -0.155 -1.0961 -1.1590 12.29 
0.484 2 2 2 -4.0 -4.0 -0.150 -0.172 -1.1590 -1.1931 12.29 
0.485 2 2 2 -4.0 -4.0 -0.142 -0.142 -1.1266 -1.1590 12.29 
0.486 2 2 2 -4.0 -4.0 -0.165 -0.147 -1.0961 -1.1931 12.29 
0.487 2 2 2 -4.0 -4.0 -0.173 -0.171 -1.1266 -1.1590 12.30 
0.488 2 2 2 -4.0 -4.0 -0.175 -0.148 -1.1266 -1.1931 12.29 
0.489 2 2 2 -4.0 -4.0 -0.191 -0.162 -1.1266 -1.1931 12.29 
0.490 2 2 2 -4.0 -4.0 -0.135 -0.158 -1.1266 -1.1931 12.31 
0.491 2 2 2 -4.0 -4.0 -0.158 -0.149 -1.1266 -1.1931 12.30 
0.492 2 2 2 -4.0 -4.0 -0.150 -0.154 -1.0961 -1.1931 12.30 
0.493 2 2 2 -4.0 -4.0 -0.104 -0.131 -1.1266 -1.1931 12.30 
0.494 2 2 2 -4.0 -4.0 -0.103 -0.126 -1.1266 -1.1931 12.31 
0.495 2 2 2 -4.0 -4.0 -0.126 -0.137 -1.1266 -1.1931 12.30 
0.496 2 2 2 -4.0 -4.0 -0.143 -0.144 -1.1266 -1.1931 12.30 
0.497 2 2 2 -4.0 -4.0 -0.164 -0.154 -1.1266 -1.1590 12.29 
0.498 2 2 2 -4.0 -4.0 -0.117 -0.148 -1.1266 -1.1931 12.30 
0.499 2 2 2 -4.0 -4.0 -0.076 -0.134 -1.1590 -1.1931 12.31 
0.500 2 2 2 -4.0 -4.0 -0.169 -0.136 -1.1590 -1.2292 12.30 
0.501 2 2 2 -4.0 -4.0 -0.192 -0.135 -1.1266 -1.2292 12.30 
0.502 2 2 2 -4.0 -4.0 -0.151 -0.116 -1.1590 -1.1931 12.30 
0.503 2 2 3 0.0 0.0 -0.154 -0.153 -1.1590 -1.2292 12.30 
0.504 2 2 3 0.0 0.0 0.078 -0.059 -1.1266 -1.1931 12.31 
0.505 2 2 3 0.0 0.0 0.401 0.345 -1.1590 -1.1931 12.31 
0.506 2 2 3 0.0 0.0 0.476 0.536 -1.1266 -1.1931 12.31 
0.507 2 2 3 0.0 0.0 0.660 0.720 -1.0673 -1.1590 12.32 
0.508 2 2 3 0.0 0.0 0.743 0.892 -1.0673 -1.1266 12.31 
0.509 2 2 3 0.0 0.0 0.623 0.833 -1.0402 -1.0961 12.33 
0.510 2 2 3 0.0 0.0 0.641 0.816 -0.9895 -1.0673 12.33 
0.511 2 2 3 0.0 0.0 0.675 0.898 -0.9655 -1.0402 12.32 
0.512 2 2 3 0.0 0.0 0.551 0.803 -0.9432 -0.9895 12.31 
0.513 2 2 3 0.0 0.0 0.534 0.736 -0.9217 -0.9895 12.31 
0.514 2 2 3 0.0 0.0 0.633 0.805 -0.9217 -0.9655 12.31 
0.515 2 2 3 0.0 0.0 0.694 0.864 -0.8815 -0.9217 12.31 
0.516 2 2 3 0.0 0.0 0.591 0.738 -0.8450 -0.8629 12.31 
0.517 2 2 3 0.0 0.0 0.569 0.687 -0.8450 -0.8450 12.32 
0.518 2 2 3 0.0 0.0 0.625 0.748 -0.7951 -0.8114 12.31 
0.519 2 2 3 0.0 0.0 0.598 0.794 -0.7801 -0.7509 12.31 
0.520 2 2 3 0.0 0.0 0.486 0.660 -0.7651 -0.7651 12.31 
0.521 2 2 3 0.0 0.0 0.487 0.591 -0.7375 -0.7375 12.31 
0.522 2 2 3 0.0 0.0 0.538 0.644 -0.6872 -0.7116 12.31 
0.523 2 2 3 0.0 0.0 0.587 0.687 -0.6994 -0.6872 12.31 
0.524 2 2 3 0.0 0.0 0.561 0.705 -0.6994 -0.6337 12.31 
0.525 2 2 3 0.0 0.0 0.454 0.537 -0.6438 -0.6438 12.32 
0.526 2 2 3 0.0 0.0 0.419 0.517 -0.6540 -0.6337 12.31 
0.527 2 2 3 0.0 0.0 0.459 0.564 -0.5266 -0.5793 12.31 
0.528 2 2 3 0.0 0.0 0.482 0.607 -0.5964 -0.5964 12.32 
0.529 2 2 3 0.0 0.0 0.469 0.607 -0.5793 -0.5408 12.32 
0.530 2 2 3 0.0 0.0 0.354 0.587 -0.5631 -0.5201 12.31 
0.531 2 2 3 0.0 0.0 0.317 0.423 -0.5631 -0.5132 12.31 
0.532 2 2 3 0.0 0.0 0.362 0.416 -0.5554 -0.5071 12.31 
0.533 2 2 3 0.0 0.0 0.412 0.451 -0.4945 -0.4884 12.32 
0.534 2 2 3 0.0 0.0 0.441 0.474 -0.5006 -0.4714 12.32 
0.535 2 2 3 0.0 0.0 0.433 0.485 -0.4714 -0.4507 12.32 
0.536 2 2 3 0.0 0.0 0.355 0.478 -0.4771 -0.4361 12.31 
0.537 2 2 3 0.0 0.0 0.313 0.446 -0.4507 -0.3862 12.31 
0.538 2 2 3 0.0 0.0 0.268 0.353 -0.4507 -0.3899 12.32 
0.539 2 2 3 0.0 0.0 0.275 0.307 -0.3976 -0.3826 12.29 
0.540 2 2 3 0.0 0.0 0.279 0.330 -0.4179 -0.3720 12.30 
0.541 2 2 3 0.0 0.0 0.273 0.352 -0.3651 -0.3379 12.31 
0.542 2 2 3 0.0 0.0 0.257 0.369 -0.3976 -0.3298 12.32 
0.543 2 2 3 0.0 0.0 0.216 0.375 -0.3619 -0.3298 12.31 
0.544 2 2 3 0.0 0.0 0.230 0.360 -0.3862 -0.3047 12.32 
0.545 2 2 3 0.0 0.0 0.167 0.327 -0.3379 -0.2937 12.32 
0.546 2 2 3 0.0 0.0 0.126 0.312 -0.3586 -0.2759 12.32 
0.547 2 2 3 0.0 0.0 0.157 0.287 -0.3586 -0.2722 12.32 
0.548 2 2 3 0.0 0.0 0.211 0.203 -0.3323 -0.2633 12.32 
0.549 2 2 3 0.0 0.0 0.234 0.194 -0.3465 -0.2633 12.32 
0.550 2 2 3 0.0 0.0 0.252 0.200 -0.2957 -0.2600 12.32 
0.551 2 2 3 0.0 0.0 0.268 0.213 -0.2957 -0.2398 12.32 
0.552 2 2 3 0.0 0.0 0.270 0.230 -0.3047 -0.2398 12.32 
0.553 2 2 3 0.0 0.0 0.250 0.225 -0.2633 -0.2203 12.31 
0.554 2 2 3 0.0 0.0 0.207 0.236 -0.2633 -0.2203 12.31 
0.555 2 2 3 0.0 0.0 0.173 0.242 -0.2815 -0.1959 12.31 
0.556 2 2 3 0.0 0.0 0.165 0.223 -0.2369 -0.1959 12.31 
0.557 2 2 3 0.0 0.0 0.129 0.215 -0.2369 -0.1785 12.31 
0.558 2 2 3 0.0 0.0 0.148 0.201 -0.2519 -0.1777 12.31 
0.559 2 2 3 0.0 0.0 0.161 0.188 -0.2487 -0.1777 12.31 
0.560 2 2 3 0.0 0.0 0.153 0.172 -0.2276 -0.1590 12.32 
0.561 2 2 3 0.0 0.0 0.166 0.162 -0.2304 -0.1590 12.32 
0.562 2 2 3 0.0 0.0 0.171 0.142 -0.2304 -0.1590 12.32 
0.563 2 2 3 0.0 0.0 0.173 0.140 -0.1939 -0.1347 12.32 
0.564 2 2 3 0.0 0.0 0.173 0.132 -0.1850 -0.1347 12.32 
0.565 2 2 3 0.0 0.0 0.148 0.129 -0.1850 -0.1347 12.32 
0.566 2 2 3 0.0 0.0 0.128 0.109 -0.1866 -0.1254 12.32 
0.567 2 2 3 0.0 0.0 0.107 0.097 -0.1866 -0.1254 12.32 
0.568 2 2 3 0.0 0.0 0.092 0.100 -0.1615 -0.1254 12.31 
0.569 2 2 3 0.0 0.0 0.089 0.085 -0.1615 -0.1254 12.32 
0.570 2 2 3 0.0 0.0 0.089 0.078 -0.1615 -0.1079 12.32 
0.571 2 2 3 0.0 0.0 0.093 0.078 -0.1647 -0.1079 12.32 
0.572 2 2 3 0.0 0.0 0.089 0.110 -0.1647 -0.1079 12.31 
0.573 2 2 3 0.0 0.0 0.079 0.079 -0.1469 -0.1079 12.31 
0.574 2 2 3 0.0 0.0 0.071 0.079 -0.1420 -0.0909 12.31 
0.575 2 2 3 0.0 0.0 0.071 0.080 -0.1420 -0.0905 12.32 
0.576 2 2 3 0.0 0.0 0.075 0.082 -0.1404 -0.0905 12.31 
0.577 2 2 3 0.0 0.0 0.075 0.073 -0.1404 -0.0905 12.31 
0.578 2 2 3 0.0 0.0 0.074 0.078 -0.1404 -0.0905 12.31 
0.579 2 2 3 0.0 0.0 0.084 0.086 -0.1343 -0.0811 12.32 
0.580 2 2 3 0.0 0.0 0.088 0.072 -0.1156 -0.0677 12.31 
0.581 2 2 3 0.0 0.0 0.081 0.068 -0.1156 -0.0604 12.31 
0.582 2 2 3 0.0 0.0 0.085 0.059 -0.1156 -0.0604 12.31 
0.583 2 2 3 0.0 0.0 0.073 0.059 -0.1152 -0.0604 12.32 
0.584 2 2 3 0.0 0.0 0.064 0.058 -0.1026 -0.0604 12.31 
0.585 2 2 3 0.0 0.0 0.069 0.066 -0.1026 -0.0604 12.31 
0.586 2 2 3 0.0 0.0 0.061 0.045 -0.1026 -0.0604 12.31 
0.587 2 2 3 0.0 0.0 0.067 0.047 -0.1026 -0.0604 12.31 
0.588 2 2 3 0.0 0.0 0.061 0.061 -0.0884 -0.0552 12.32 
0.589 2 2 3 0.0 0.0 0.061 0.041 -0.0726 -0.0487 12.31 
0.590 2 2 3 0.0 0.0 0.060 0.036 -0.0629 -0.0434 12.31 
0.591 2 2 3 0.0 0.0 0.051 0.025 -0.0629 -0.0394 12.32 
0.592 2 2 3 0.0 0.0 0.048 0.024 -0.0629 -0.0357 12.32 
0.593 2 2 3 0.0 0.0 0.051 0.010 -0.0629 -0.0329 12.32 
0.594 2 2 3 0.0 0.0 0.045 0.010 -0.0629 -0.0304 12.31 
0.595 2 2 3 0.0 0.0 0.039 0.005 -0.0629 -0.0280 12.32 
0.596 2 2 3 0.0 0.0 0.025 0.003 -0.0629 -0.0264 12.32 
0.597 2 2 3 0.0 0.0 0.034 0.012 -0.0568 -0.0247 12.32 
0.598 2 2 3 0.0 0.0 0.025 0.026 -0.0495 -0.0231 12.32 
0.599 2 2 3 0.0 0.0 0.030 0.011 -0.0442 -0.0219 12.32 
0.600 2 2 3 0.0 0.0 0.018 0.004 -0.0398 -0.0207 12.32 
0.601 2 2 3 0.0 0.0 0.013 0.002 -0.0369 -0.0199 12.32 
0.602 2 2 3 0.0 0.0 0.011 0.009 -0.0369 -0.0187 12.32 
0.603 2 2 3 0.0 0.0 0.013 0.004 -0.0369 -0.0178 12.32 
0.604 2 2 3 0.0 0.0 0.010 0.006 -0.0369 -0.0170 12.30 
0.605 2 2 3 0.0 0.0 0.014 0.002 -0.0369 -0.0166 12.32 
0.606 2 2 3 0.0 0.0 0.014 0.004 -0.0369 -0.0158 12.31 
0.607 2 2 3 0.0 0.0 0.012 0.002 -0.0369 -0.0154 12.32 
0.608 2 2 3 0.0 0.0 0.005 -0.005 -0.0369 -0.0146 12.32 
0.609 2 2 3 0.0 0.0 0.007 0.001 -0.0369 -0.0142 12.32 
0.610 2 2 3 0.0 0.0 0.009 0.003 -0.0369 -0.0138 12.32 
0.611 2 2 3 0.0 0.0 0.006 0.002 -0.0369 -0.0134 12.32 
0.612 2 2 3 0.0 0.0 0.009 0.000 -0.0361 -0.0126 12.30 
0.613 2 2 3 0.0 0.0 0.009 0.006 -0.0329 -0.0122 12.31 
0.614 2 2 3 0.0 0.0 0.001 -0.002 -0.0304 -0.0122 12.31 
0.615 2 2 3 0.0 0.0 0.002 0.003 -0.0284 -0.0118 12.32 
0.616 2 2 3 0.0 0.0 0.007 0.007 -0.0264 -0.0114 12.31 
0.617 2 2 3 0.0 0.0 0.014 -0.010 -0.0247 -0.0110 12.32 
0.618 2 2 3 0.0 0.0 0.002 -0.006 -0.0235 -0.0105 12.32 
0.619 2 2 3 0.0 0.0 0.002 0.000 -0.0219 -0.0105 12.32 
0.620 2 2 3 0.0 0.0 0.002 -0.005 -0.0211 -0.0101 12.31 
0.621 2 2 3 0.0 0.0 -0.002 0.008 -0.0199 -0.0097 12.32 
0.622 2 2 3 0.0 0.0 -0.004 -0.006 -0.0191 -0.0097 12.31 
0.623 2 2 3 0.0 0.0 -0.003 0.000 -0.0183 -0.0093 12.32 
0.624 2 2 3 0.0 0.0 0.004 0.006 -0.0174 -0.0093 12.32 
0.625 2 2 3 0.0 0.0 -0.006 -0.001 -0.0166 -0.0089 12.32 
0.626 2 2 3 0.0 0.0 0.002 0.002 -0.0158 -0.0089 12.32 
0.627 2 2 3 0.0 0.0 0.002 0.005 -0.0154 -0.0085 12.32 
0.628 2 2 3 0.0 0.0 -0.002 0.011 -0.0146 -0.0085 12.31 
0.629 2 2 3 0.0 0.0 0.001 0.003 -0.0142 -0.0081 12.32 
0.630 2 2 3 0.0 0.0 0.003 0.001 -0.0138 -0.0081 12.32 
0.631 2 2 3 0.0 0.0 0.005 0.000 -0.0134 -0.0077 12.32 
0.632 2 2 3 0.0 0.0 -0.002 0.003 -0.0130 -0.0077 12.32 
0.633 2 2 3 0.0 0.0 0.002 0.004 -0.0126 -0.0077 12.32 
0.634 2 2 3 0.0 0.0 -0.004 -0.002 -0.0122 -0.0073 12.33 
0.635 2 2 3 0.0 0.0 -0.003 0.003 -0.0118 -0.0073 12.32 
0.636 2 2 3 0.0 0.0 -0.006 0.001 -0.0114 -0.0073 12.32 
0.637 2 2 3 0.0 0.0 -0.002 -0.007 -0.0110 -0.0069 12.31 
0.638 2 2 3 0.0 0.0 0.005 -0.002 -0.0105 -0.0069 12.32 
0.639 2 2 3 0.0 0.0 0.002 -0.003 -0.0105 -0.0069 12.32 
0.640 2 2 3 0.0 0.0 -0.002 -0.001 -0.0101 -0.0065 12.32 
0.641 2 2 3 0.0 0.0 0.002 -0.002 -0.0097 -0.0065 12.31 
0.642 2 2 3 0.0 0.0 -0.003 -0.005 -0.0097 -0.0065 12.30 
0.643 2 2 3 0.0 0.0 0.001 0.011 -0.0093 -0.0065 12.30 
0.644 2 2 3 0.0 0.0 -0.003 0.012 -0.0093 -0.0061 12.31 
0.645 2 2 3 0.0 0.0 0.001 -0.001 -0.0089 -0.0061 12.32 
0.646 2 2 3 0.0 0.0 -0.005 0.003 -0.0089 -0.0061 12.31 
0.647 2 2 3 0.0 0.0 -0.007 0.005 -0.0085 -0.0061 12.29 
0.648 2 2 3 0.0 0.0 -0.000 0.006 -0.0085 -0.0057 12.31 
0.649 2 2 3 0.0 0.0 -0.003 -0.002 -0.0081 -0.0057 12.31 
0.650 2 2 3 0.0 0.0 -0.002 -0.002 -0.0081 -0.0057 12.31 
0.651 2 2 3 0.0 0.0 0.001 0.005 -0.0077 -0.0057 12.31 
0.652 2 2 3 0.0 0.0 -0.000 0.002 -0.0077 -0.0057 12.31 
0.653 2 2 3 0.0 0.0 -0.001 0.002 -0.0077 -0.0053 12.32 
0.654 2 2 3 0.0 0.0 -0.002 0.002 -0.0073 -0.0053 12.32 
0.655 2 2 3 0.0 0.0 0.007 0.010 -0.0073 -0.0053 12.32 
0.656 2 2 3 0.0 0.0 0.009 -0.002 -0.0073 -0.0053 12.32 
0.657 2 2 3 0.0 0.0 0.003 0.010 -0.0069 -0.0053 12.31 
0.658 2 2 3 0.0 0.0 0.001 0.005 -0.0069 -0.0049 12.32 
0.659 2 2 3 0.0 0.0 -0.004 -0.009 -0.0069 -0.0049 12.31 
0.660 2 2 3 0.0 0.0 0.005 0.000 -0.0065 -0.0049 12.31 
0.661 2 2 3 0.0 0.0 0.002 -0.002 -0.0065 -0.0049 12.32 
0.662 2 2 3 0.0 0.0 0.005 -0.005 -0.0065 -0.0049 12.32 
0.663 2 2 3 0.0 0.0 -0.001 0.000 -0.0065 -0.0049 12.31 
0.664 2 2 3 0.0 0.0 0.001 -0.009 -0.0061 -0.0049 12.32 
0.665 2 2 3 0.0 0.0 -0.004 -0.003 -0.0061 -0.0045 12.32 
