%% logfile from robot Dicte (53)
% Dicte (53)
%  1    time 0.000 sec
%  2  3  4   (mission 0), state 2, thread 2, line 0
%  5  6 Motor voltage [V] left, right: 2.0 2.0
%  7  8 Motor current left, right [A]: -0.026 -0.027
%  9 10 Wheel velocity [m/s] left, right: 0.0000 0.0000
% 11    Battery voltage [V]: 12.58
0.001 2 2 0 2.0 2.0 0.022 0.030 0.0000 0.0000 12.57 
0.002 2 2 0 2.0 2.0 0.163 0.189 0.0000 0.0000 12.56 
0.003 2 2 0 2.0 2.0 0.309 0.350 0.0000 0.0000 12.56 
0.004 2 2 0 2.0 2.0 0.402 0.416 0.0000 0.0000 12.56 
0.005 2 2 0 2.0 2.0 0.439 0.448 0.0000 0.0000 12.56 
0.006 2 2 0 2.0 2.0 0.452 0.477 0.0000 0.0000 12.56 
0.007 2 2 0 2.0 2.0 0.459 0.493 0.0000 0.0000 12.56 
0.008 2 2 0 2.0 2.0 0.443 0.514 0.0000 0.0000 12.56 
0.009 2 2 0 2.0 2.0 0.432 0.550 0.0000 0.0000 12.56 
0.010 2 2 0 2.0 2.0 0.421 0.504 0.0000 0.0000 12.56 
0.011 2 2 0 2.0 2.0 0.401 0.459 0.1269 0.0000 12.56 
0.012 2 2 0 2.0 2.0 0.405 0.453 0.1269 0.0876 12.56 
0.013 2 2 0 2.0 2.0 0.388 0.463 0.1743 0.0876 12.56 
0.014 2 2 0 2.0 2.0 0.391 0.463 0.1743 0.0876 12.56 
0.015 2 2 0 2.0 2.0 0.401 0.448 0.1743 0.1265 12.56 
0.016 2 2 0 2.0 2.0 0.367 0.462 0.1743 0.1265 12.56 
0.017 2 2 0 2.0 2.0 0.341 0.431 0.1743 0.1707 12.56 
0.018 2 2 0 2.0 2.0 0.322 0.380 0.1751 0.1707 12.56 
0.019 2 2 0 2.0 2.0 0.328 0.345 0.1751 0.1775 12.56 
0.020 2 2 0 2.0 2.0 0.341 0.364 0.2008 0.1775 12.56 
0.021 2 2 0 2.0 2.0 0.337 0.371 0.2008 0.2169 12.55 
0.022 2 2 0 2.0 2.0 0.318 0.393 0.2100 0.2169 12.56 
0.023 2 2 0 2.0 2.0 0.319 0.369 0.2402 0.2181 12.56 
0.024 2 2 0 2.0 2.0 0.315 0.360 0.2402 0.2181 12.56 
0.025 2 2 0 2.0 2.0 0.308 0.364 0.2574 0.2623 12.56 
0.026 2 2 0 2.0 2.0 0.306 0.360 0.2675 0.2402 12.56 
0.027 2 2 0 2.0 2.0 0.303 0.300 0.2675 0.2402 12.56 
0.028 2 2 0 2.0 2.0 0.296 0.288 0.2607 0.2848 12.56 
0.029 2 2 0 2.0 2.0 0.313 0.296 0.2908 0.2767 12.56 
0.030 2 2 0 2.0 2.0 0.305 0.316 0.2908 0.3088 12.55 
0.031 2 2 0 2.0 2.0 0.292 0.302 0.2952 0.3088 12.56 
0.032 2 2 0 2.0 2.0 0.282 0.303 0.2996 0.2848 12.56 
0.033 2 2 0 2.0 2.0 0.275 0.318 0.2807 0.3185 12.56 
0.034 2 2 0 2.0 2.0 0.261 0.274 0.2807 0.3161 12.56 
0.035 2 2 0 2.0 2.0 0.253 0.296 0.3185 0.3161 12.56 
0.036 2 2 0 2.0 2.0 0.253 0.297 0.3265 0.3462 12.56 
0.037 2 2 0 2.0 2.0 0.246 0.263 0.3346 0.3040 12.57 
0.038 2 2 0 2.0 2.0 0.242 0.221 0.3040 0.3582 12.57 
0.039 2 2 0 2.0 2.0 0.258 0.245 0.2996 0.3522 12.57 
0.040 2 2 0 2.0 2.0 0.244 0.255 0.3490 0.3751 12.57 
0.041 2 2 0 2.0 2.0 0.232 0.270 0.3522 0.3088 12.57 
0.042 2 2 0 2.0 2.0 0.227 0.269 0.3490 0.3088 12.57 
0.043 2 2 0 2.0 2.0 0.223 0.235 0.3213 0.3751 12.56 
0.044 2 2 0 2.0 2.0 0.217 0.178 0.3651 0.3751 12.57 
0.045 2 2 0 2.0 2.0 0.204 0.174 0.3823 0.3936 12.56 
0.046 2 2 0 2.0 2.0 0.211 0.171 0.3715 0.3237 12.56 
0.047 2 2 0 2.0 2.0 0.223 0.190 0.3715 0.3936 12.56 
0.048 2 2 0 2.0 2.0 0.228 0.204 0.3374 0.3582 12.57 
0.049 2 2 0 2.0 2.0 0.235 0.189 0.3860 0.3860 12.56 
0.050 2 2 0 2.0 2.0 0.221 0.192 0.3683 0.3823 12.56 
0.051 2 2 0 2.0 2.0 0.208 0.181 0.3896 0.3976 12.56 
0.052 2 2 0 2.0 2.0 0.192 0.193 0.3522 0.4016 12.56 
0.053 2 2 0 2.0 2.0 0.185 0.203 0.4016 0.4181 12.56 
0.054 2 2 0 2.0 2.0 0.185 0.223 0.3936 0.3823 12.55 
0.055 2 2 0 2.0 2.0 0.189 0.216 0.4016 0.4056 12.56 
0.056 2 2 0 2.0 2.0 0.187 0.212 0.3896 0.3462 12.56 
0.057 2 2 0 2.0 2.0 0.185 0.200 0.4056 0.3896 12.56 
0.058 2 2 0 2.0 2.0 0.181 0.195 0.3896 0.4016 12.56 
0.059 2 2 0 2.0 2.0 0.190 0.181 0.4056 0.4225 12.56 
0.060 2 2 0 2.0 2.0 0.179 0.191 0.3976 0.3976 12.56 
0.061 2 2 0 2.0 2.0 0.166 0.202 0.4137 0.4269 12.56 
0.062 2 2 0 2.0 2.0 0.169 0.213 0.4317 0.4181 12.57 
0.063 2 2 0 2.0 2.0 0.186 0.209 0.4317 0.4362 12.57 
0.064 2 2 0 2.0 2.0 0.201 0.199 0.4016 0.4510 12.57 
0.065 2 2 0 2.0 2.0 0.194 0.190 0.4362 0.3976 12.56 
0.066 2 2 0 2.0 2.0 0.181 0.174 0.4362 0.4317 12.56 
0.067 2 2 0 2.0 2.0 0.173 0.174 0.4269 0.4462 12.56 
0.068 2 2 0 2.0 2.0 0.169 0.188 0.4362 0.4615 12.57 
0.069 2 2 0 2.0 2.0 0.162 0.189 0.4016 0.4462 12.57 
0.070 2 2 0 2.0 2.0 0.168 0.145 0.4225 0.4615 12.57 
0.071 2 2 0 2.0 2.0 0.169 0.134 0.4462 0.4723 12.57 
0.072 2 2 0 2.0 2.0 0.173 0.121 0.4510 0.4615 12.57 
0.073 2 2 0 2.0 2.0 0.158 0.155 0.4410 0.4779 12.56 
0.074 2 2 0 2.0 2.0 0.164 0.148 0.4510 0.4667 12.57 
0.075 2 2 0 2.0 2.0 0.158 0.174 0.4410 0.4836 12.57 
0.076 2 2 0 2.0 2.0 0.142 0.173 0.4615 0.4667 12.56 
0.077 2 2 0 2.0 2.0 0.140 0.146 0.4615 0.4779 12.56 
0.078 2 2 0 2.0 2.0 0.154 0.135 0.4462 0.4896 12.56 
0.079 2 2 0 2.0 2.0 0.177 0.140 0.4615 0.4723 12.57 
0.080 2 2 0 2.0 2.0 0.165 0.140 0.4667 0.4896 12.57 
0.081 2 2 0 2.0 2.0 0.162 0.137 0.4667 0.4836 12.56 
0.082 2 2 0 2.0 2.0 0.154 0.160 0.4462 0.4723 12.56 
0.083 2 2 0 2.0 2.0 0.143 0.170 0.4667 0.4896 12.57 
0.084 2 2 0 2.0 2.0 0.134 0.160 0.4723 0.4956 12.57 
0.085 2 2 0 2.0 2.0 0.143 0.149 0.4462 0.5081 12.57 
0.086 2 2 0 2.0 2.0 0.156 0.116 0.4667 0.4667 12.56 
0.087 2 2 0 2.0 2.0 0.158 0.130 0.4779 0.5020 12.57 
0.088 2 2 0 2.0 2.0 0.154 0.139 0.4836 0.5149 12.56 
0.089 2 2 0 2.0 2.0 0.135 0.142 0.4723 0.4723 12.56 
0.090 2 2 0 2.0 2.0 0.124 0.127 0.4896 0.4956 12.56 
0.091 2 2 0 2.0 2.0 0.133 0.101 0.4896 0.5081 12.56 
0.092 2 2 0 2.0 2.0 0.142 0.093 0.4562 0.5020 12.56 
0.093 2 2 0 2.0 2.0 0.162 0.093 0.4723 0.5149 12.57 
0.094 2 2 0 2.0 2.0 0.162 0.124 0.4723 0.5281 12.56 
0.095 2 2 0 2.0 2.0 0.156 0.175 0.4562 0.5020 12.56 
0.096 2 2 0 2.0 2.0 0.136 0.131 0.4779 0.5149 12.56 
0.097 2 2 0 2.0 2.0 0.122 0.094 0.4779 0.4667 12.56 
0.098 2 2 0 2.0 2.0 0.127 0.089 0.4836 0.5081 12.56 
0.099 2 2 0 2.0 2.0 0.136 0.118 0.4723 0.5213 12.56 
0.100 2 2 0 2.0 2.0 0.143 0.081 0.4667 0.5020 12.57 
0.101 2 2 0 2.0 2.0 0.146 0.142 0.4779 0.5281 12.56 
0.102 2 2 0 2.0 2.0 0.143 0.158 0.4667 0.5281 12.56 
0.103 2 2 0 2.0 2.0 0.133 0.139 0.4779 0.5213 12.55 
0.104 2 2 0 2.0 2.0 0.126 0.119 0.4956 0.5354 12.56 
0.105 2 2 0 2.0 2.0 0.131 0.109 0.4779 0.4956 12.56 
0.106 2 2 0 2.0 2.0 0.159 0.091 0.4896 0.5281 12.56 
0.107 2 2 0 2.0 2.0 0.159 0.109 0.5020 0.5426 12.56 
0.108 2 2 0 2.0 2.0 0.141 0.128 0.5020 0.5149 12.56 
0.109 2 2 0 2.0 2.0 0.127 0.136 0.4896 0.5213 12.57 
0.110 2 2 0 2.0 2.0 0.126 0.138 0.4779 0.5426 12.56 
0.111 2 2 0 2.0 2.0 0.120 0.121 0.4896 0.5213 12.56 
0.112 2 2 0 2.0 2.0 0.125 0.106 0.5149 0.5213 12.57 
0.113 2 2 0 2.0 2.0 0.135 0.108 0.5149 0.5426 12.56 
0.114 2 2 0 2.0 2.0 0.133 0.131 0.5020 0.5149 12.56 
0.115 2 2 0 2.0 2.0 0.127 0.119 0.4956 0.5354 12.56 
0.116 2 2 0 2.0 2.0 0.116 0.114 0.5081 0.5498 12.57 
0.117 2 2 0 2.0 2.0 0.112 0.108 0.5149 0.5354 12.57 
0.118 2 2 0 2.0 2.0 0.115 0.086 0.4956 0.5426 12.57 
0.119 2 2 0 2.0 2.0 0.135 0.090 0.5081 0.5575 12.56 
0.120 2 2 0 2.0 2.0 0.129 0.125 0.5149 0.5281 12.57 
0.121 2 2 0 2.0 2.0 0.125 0.143 0.5149 0.5498 12.57 
0.122 2 2 0 2.0 2.0 0.120 0.136 0.5020 0.5655 12.56 
0.123 2 2 0 2.0 2.0 0.114 0.117 0.5081 0.5149 12.57 
0.124 2 2 0 2.0 2.0 0.105 0.094 0.5081 0.5498 12.56 
0.125 2 2 0 2.0 2.0 0.121 0.102 0.4779 0.5655 12.55 
0.126 2 2 0 2.0 2.0 0.135 0.104 0.5081 0.5081 12.56 
0.127 2 2 0 2.0 2.0 0.136 0.112 0.5149 0.5213 12.56 
0.128 2 2 0 2.0 2.0 0.120 0.100 0.4896 0.5498 12.56 
0.129 2 2 0 2.0 2.0 0.116 0.080 0.5020 0.5354 12.57 
0.130 2 2 0 2.0 2.0 0.118 0.075 0.5149 0.5426 12.57 
0.131 2 2 0 2.0 2.0 0.124 0.086 0.4836 0.5655 12.57 
0.132 2 2 0 2.0 2.0 0.143 0.115 0.4956 0.5354 12.56 
0.133 2 2 0 2.0 2.0 0.143 0.124 0.4896 0.4510 12.55 
0.134 2 2 0 2.0 2.0 0.144 0.117 0.4956 0.5354 12.56 
0.135 2 2 0 2.0 2.0 0.128 0.101 0.4896 0.5354 12.56 
0.136 2 2 0 2.0 2.0 0.111 0.079 0.4956 0.5354 12.55 
0.137 2 2 0 2.0 2.0 0.114 0.084 0.5020 0.5575 12.56 
0.138 2 2 0 2.0 2.0 0.116 0.094 0.4956 0.5426 12.56 
0.139 2 2 0 2.0 2.0 0.131 0.110 0.4956 0.5498 12.56 
0.140 2 2 0 2.0 2.0 0.128 0.106 0.5020 0.5655 12.57 
0.141 2 2 0 2.0 2.0 0.129 0.086 0.4896 0.5281 12.57 
0.142 2 2 0 2.0 2.0 0.125 0.071 0.5020 0.5575 12.57 
0.143 2 2 0 2.0 2.0 0.113 0.079 0.5213 0.5735 12.57 
0.144 2 2 0 2.0 2.0 0.120 0.105 0.5020 0.5575 12.56 
0.145 2 2 0 2.0 2.0 0.139 0.118 0.5149 0.5498 12.57 
0.146 2 2 0 2.0 2.0 0.129 0.124 0.5281 0.5655 12.58 
0.147 2 2 0 2.0 2.0 0.120 0.116 0.5081 0.5655 12.57 
0.148 2 2 0 2.0 2.0 0.099 0.108 0.5213 0.5426 12.57 
0.149 2 2 0 2.0 2.0 0.119 0.114 0.4956 0.5655 12.57 
0.150 2 2 0 2.0 2.0 0.116 0.119 0.5281 0.5575 12.57 
0.151 2 2 0 2.0 2.0 0.114 0.115 0.5281 0.5575 12.57 
0.152 2 2 0 2.0 2.0 0.114 0.105 0.5149 0.5498 12.56 
0.153 2 2 0 2.0 2.0 0.109 0.085 0.5213 0.5655 12.57 
0.154 2 2 0 2.0 2.0 0.096 0.075 0.5213 0.5575 12.57 
0.155 2 2 0 2.0 2.0 0.097 0.095 0.5281 0.5426 12.57 
0.156 2 2 0 2.0 2.0 0.106 0.115 0.5281 0.5655 12.57 
0.157 2 2 0 2.0 2.0 0.123 0.111 0.5213 0.5820 12.57 
0.158 2 2 0 2.0 2.0 0.147 0.109 0.5281 0.5281 12.57 
0.159 2 2 0 2.0 2.0 0.138 0.089 0.5281 0.5575 12.57 
0.160 2 2 0 2.0 2.0 0.122 0.090 0.5081 0.5820 12.57 
0.161 2 2 0 2.0 2.0 0.106 0.094 0.5213 0.5281 12.57 
0.162 2 2 0 2.0 2.0 0.102 0.091 0.5213 0.5575 12.56 
0.163 2 2 0 2.0 2.0 0.119 0.090 0.4836 0.5655 12.57 
0.164 2 2 0 2.0 2.0 0.143 0.083 0.4956 0.5575 12.58 
0.165 2 2 0 2.0 2.0 0.146 0.083 0.5149 0.5655 12.57 
0.166 2 2 0 2.0 2.0 0.126 0.083 0.4836 0.5735 12.57 
0.167 2 2 0 2.0 2.0 0.105 0.097 0.5020 0.5426 12.57 
0.168 2 2 0 2.0 2.0 0.108 0.113 0.5213 0.4615 12.57 
0.169 2 2 0 2.0 2.0 0.124 0.092 0.4836 0.5426 12.57 
0.170 2 2 0 2.0 2.0 0.147 0.073 0.5020 0.5498 12.57 
0.171 2 2 0 2.0 2.0 0.139 0.078 0.5020 0.5426 12.57 
0.172 2 2 0 2.0 2.0 0.134 0.088 0.5081 0.5655 12.58 
0.173 2 2 0 2.0 2.0 0.120 0.104 0.5020 0.5498 12.57 
0.174 2 2 0 2.0 2.0 0.128 0.109 0.5081 0.5575 12.57 
0.175 2 2 0 2.0 2.0 0.139 0.098 0.5149 0.5735 12.57 
0.176 2 2 0 2.0 2.0 0.134 0.094 0.5081 0.5575 12.57 
0.177 2 2 0 2.0 2.0 0.132 0.083 0.5081 0.5655 12.57 
0.178 2 2 0 2.0 2.0 0.128 0.102 0.5149 0.5820 12.57 
0.179 2 2 0 2.0 2.0 0.091 0.121 0.5081 0.5735 12.57 
0.180 2 2 0 2.0 2.0 0.082 0.118 0.5354 0.5655 12.57 
0.181 2 2 0 2.0 2.0 0.100 0.109 0.5354 0.5575 12.57 
0.182 2 2 0 2.0 2.0 0.117 0.096 0.5149 0.5655 12.57 
0.183 2 2 0 2.0 2.0 0.158 0.086 0.5281 0.5498 12.57 
0.184 2 2 0 2.0 2.0 0.143 0.113 0.5354 0.5426 12.57 
0.185 2 2 0 2.0 2.0 0.116 0.120 0.5213 0.5655 12.57 
0.186 2 2 0 2.0 2.0 0.067 0.106 0.5281 0.5735 12.57 
0.187 2 2 0 2.0 2.0 0.092 0.087 0.5213 0.5498 12.57 
0.188 2 2 0 2.0 2.0 0.124 0.082 0.5426 0.5655 12.57 
0.189 2 2 0 2.0 2.0 0.147 0.085 0.5426 0.5735 12.57 
0.190 2 2 0 2.0 2.0 0.134 0.107 0.5281 0.5426 12.57 
0.191 2 2 0 2.0 2.0 0.124 0.127 0.5213 0.5575 12.57 
0.192 2 2 0 2.0 2.0 0.087 0.117 0.5281 0.5735 12.57 
0.193 2 2 0 2.0 2.0 0.092 0.091 0.5426 0.5213 12.57 
0.194 2 2 0 2.0 2.0 0.114 0.078 0.5213 0.5575 12.57 
0.195 2 2 0 2.0 2.0 0.128 0.087 0.5281 0.5735 12.57 
0.196 2 2 0 2.0 2.0 0.123 0.103 0.5354 0.5149 12.57 
0.197 2 2 0 2.0 2.0 0.116 0.109 0.5081 0.5213 12.57 
0.198 2 2 0 2.0 2.0 0.105 0.109 0.5213 0.5498 12.57 
0.199 2 2 0 2.0 2.0 0.104 0.093 0.5281 0.5426 12.57 
0.200 2 2 0 2.0 2.0 0.109 0.083 0.4956 0.5575 12.57 
0.201 2 2 1 4.0 4.0 0.126 0.095 0.5149 0.5655 12.57 
0.202 2 2 1 4.0 4.0 0.165 0.164 0.5281 0.5426 12.56 
0.203 2 2 1 4.0 4.0 0.318 0.330 0.5149 0.5020 12.54 
0.204 2 2 1 4.0 4.0 0.437 0.471 0.5281 0.5498 12.53 
0.205 2 2 1 4.0 4.0 0.508 0.527 0.5575 0.5904 12.53 
0.206 2 2 1 4.0 4.0 0.551 0.562 0.5354 0.5820 12.53 
0.207 2 2 1 4.0 4.0 0.613 0.592 0.5655 0.6085 12.52 
0.208 2 2 1 4.0 4.0 0.576 0.579 0.5655 0.6273 12.53 
0.209 2 2 1 4.0 4.0 0.546 0.569 0.5655 0.6374 12.53 
0.210 2 2 1 4.0 4.0 0.537 0.569 0.5992 0.5992 12.54 
0.211 2 2 1 4.0 4.0 0.540 0.550 0.6374 0.6583 12.53 
0.212 2 2 1 4.0 4.0 0.546 0.559 0.6583 0.6374 12.54 
0.213 2 2 1 4.0 4.0 0.506 0.537 0.6474 0.6924 12.53 
0.214 2 2 1 4.0 4.0 0.512 0.537 0.6583 0.7169 12.54 
0.215 2 2 1 4.0 4.0 0.504 0.526 0.7044 0.7169 12.54 
0.216 2 2 1 4.0 4.0 0.508 0.501 0.6924 0.7434 12.54 
0.217 2 2 1 4.0 4.0 0.533 0.509 0.7044 0.7169 12.54 
0.218 2 2 1 4.0 4.0 0.468 0.474 0.7302 0.7575 12.55 
0.219 2 2 1 4.0 4.0 0.447 0.458 0.7302 0.7575 12.54 
0.220 2 2 1 4.0 4.0 0.435 0.425 0.7302 0.7872 12.55 
0.221 2 2 1 4.0 4.0 0.459 0.416 0.7723 0.7723 12.55 
0.222 2 2 1 4.0 4.0 0.422 0.428 0.7575 0.8032 12.56 
0.223 2 2 1 4.0 4.0 0.405 0.424 0.7575 0.7575 12.56 
0.224 2 2 1 4.0 4.0 0.393 0.402 0.7872 0.8032 12.55 
0.225 2 2 1 4.0 4.0 0.415 0.409 0.7723 0.7723 12.54 
0.226 2 2 1 4.0 4.0 0.401 0.387 0.8032 0.7872 12.54 
0.227 2 2 1 4.0 4.0 0.377 0.377 0.7723 0.8193 12.55 
0.228 2 2 1 4.0 4.0 0.371 0.372 0.8032 0.8366 12.55 
0.229 2 2 1 4.0 4.0 0.371 0.380 0.7575 0.8543 12.55 
0.230 2 2 1 4.0 4.0 0.377 0.381 0.7872 0.8032 12.54 
0.231 2 2 1 4.0 4.0 0.371 0.368 0.7723 0.8366 12.55 
0.232 2 2 1 4.0 4.0 0.364 0.356 0.8193 0.8727 12.55 
0.233 2 2 1 4.0 4.0 0.371 0.344 0.7872 0.8924 12.55 
0.234 2 2 1 4.0 4.0 0.377 0.325 0.8193 0.9125 12.55 
0.235 2 2 1 4.0 4.0 0.354 0.327 0.8032 0.8727 12.56 
0.236 2 2 1 4.0 4.0 0.337 0.326 0.8366 0.8924 12.56 
0.237 2 2 1 4.0 4.0 0.329 0.318 0.8727 0.9125 12.54 
0.238 2 2 1 4.0 4.0 0.315 0.336 0.8924 0.9338 12.56 
0.239 2 2 1 4.0 4.0 0.308 0.330 0.8924 0.9559 12.56 
0.240 2 2 1 4.0 4.0 0.325 0.309 0.9125 0.9559 12.55 
0.241 2 2 1 4.0 4.0 0.340 0.296 0.9125 0.9796 12.55 
0.242 2 2 1 4.0 4.0 0.325 0.280 0.9338 0.9796 12.56 
0.243 2 2 1 4.0 4.0 0.301 0.282 0.9125 0.9796 12.56 
0.244 2 2 1 4.0 4.0 0.290 0.280 0.9338 1.0041 12.56 
0.245 2 2 1 4.0 4.0 0.297 0.277 0.9559 0.9796 12.56 
0.246 2 2 1 4.0 4.0 0.266 0.270 0.9559 1.0041 12.56 
0.247 2 2 1 4.0 4.0 0.265 0.254 0.9796 0.9796 12.56 
0.248 2 2 1 4.0 4.0 0.292 0.246 0.9559 1.0041 12.56 
0.249 2 2 1 4.0 4.0 0.272 0.245 0.9338 1.0567 12.56 
0.250 2 2 1 4.0 4.0 0.263 0.262 0.9559 1.0298 12.55 
0.251 2 2 1 4.0 4.0 0.272 0.262 0.9338 1.0041 12.56 
0.252 2 2 1 4.0 4.0 0.292 0.255 0.9559 1.0041 12.54 
0.253 2 2 1 4.0 4.0 0.282 0.268 0.9559 1.0041 12.56 
0.254 2 2 1 4.0 4.0 0.248 0.244 0.9796 1.0567 12.56 
0.255 2 2 1 4.0 4.0 0.281 0.223 0.9559 1.0567 12.56 
0.256 2 2 1 4.0 4.0 0.276 0.235 0.9338 1.0298 12.56 
0.257 2 2 1 4.0 4.0 0.244 0.252 0.9559 1.0567 12.56 
0.258 2 2 1 4.0 4.0 0.247 0.257 0.9796 1.0852 12.56 
0.259 2 2 1 4.0 4.0 0.244 0.253 0.9796 1.0041 12.56 
0.260 2 2 1 4.0 4.0 0.246 0.241 0.9796 1.0852 12.56 
0.261 2 2 1 4.0 4.0 0.247 0.212 0.9796 1.0852 12.56 
0.262 2 2 1 4.0 4.0 0.264 0.198 1.0041 1.1153 12.56 
0.263 2 2 1 4.0 4.0 0.238 0.212 1.0041 1.0852 12.56 
0.264 2 2 1 4.0 4.0 0.207 0.215 1.0041 1.0567 12.56 
0.265 2 2 1 4.0 4.0 0.245 0.198 1.0298 1.0852 12.56 
0.266 2 2 1 4.0 4.0 0.242 0.215 1.0298 0.9796 12.56 
0.267 2 2 1 4.0 4.0 0.243 0.198 1.0298 1.0852 12.56 
0.268 2 2 1 4.0 4.0 0.261 0.175 1.0041 1.1153 12.56 
0.269 2 2 1 4.0 4.0 0.264 0.214 1.0041 1.0298 12.57 
0.270 2 2 1 4.0 4.0 0.232 0.220 1.0298 1.0852 12.57 
0.271 2 2 1 4.0 4.0 0.226 0.203 1.0041 1.1153 12.57 
0.272 2 2 1 4.0 4.0 0.237 0.208 1.0298 1.1153 12.56 
0.273 2 2 1 4.0 4.0 0.223 0.198 1.0567 1.1153 12.56 
0.274 2 2 1 4.0 4.0 0.217 0.168 1.0298 1.1474 12.57 
0.275 2 2 1 4.0 4.0 0.218 0.189 1.0298 1.1153 12.56 
0.276 2 2 1 4.0 4.0 0.199 0.215 1.0298 1.1153 12.57 
0.277 2 2 1 4.0 4.0 0.199 0.196 1.0298 1.1474 12.57 
0.278 2 2 1 4.0 4.0 0.204 0.195 1.0298 1.0852 12.57 
0.279 2 2 1 4.0 4.0 0.204 0.188 1.0298 1.1474 12.57 
0.280 2 2 1 4.0 4.0 0.206 0.143 1.0567 1.1812 12.56 
0.281 2 2 1 4.0 4.0 0.219 0.160 1.0567 1.1474 12.56 
0.282 2 2 1 4.0 4.0 0.207 0.197 1.0567 1.1153 12.57 
0.283 2 2 1 4.0 4.0 0.194 0.178 1.0298 1.1812 12.56 
0.284 2 2 1 4.0 4.0 0.207 0.182 1.0567 1.1153 12.57 
0.285 2 2 1 4.0 4.0 0.201 0.172 1.0567 1.1474 12.57 
0.286 2 2 1 4.0 4.0 0.196 0.158 1.0852 1.1474 12.57 
0.287 2 2 1 4.0 4.0 0.200 0.181 1.0567 1.0852 12.57 
0.288 2 2 1 4.0 4.0 0.208 0.179 1.0567 1.1474 12.57 
0.289 2 2 1 4.0 4.0 0.216 0.179 1.0567 1.1474 12.55 
0.290 2 2 1 4.0 4.0 0.215 0.189 1.0567 1.1474 12.56 
0.291 2 2 1 4.0 4.0 0.232 0.164 1.0852 1.1474 12.56 
0.292 2 2 1 4.0 4.0 0.205 0.160 1.0852 1.1474 12.56 
0.293 2 2 1 4.0 4.0 0.193 0.175 1.0567 1.1474 12.56 
0.294 2 2 1 4.0 4.0 0.216 0.193 1.0852 1.1812 12.56 
0.295 2 2 1 4.0 4.0 0.168 0.193 1.0567 1.1474 12.57 
0.296 2 2 1 4.0 4.0 0.184 0.187 1.0852 1.1812 12.56 
0.297 2 2 1 4.0 4.0 0.190 0.167 1.0852 1.1812 12.56 
0.298 2 2 1 4.0 4.0 0.193 0.162 1.0852 1.1812 12.56 
0.299 2 2 1 4.0 4.0 0.201 0.181 1.0852 1.1812 12.56 
0.300 2 2 1 4.0 4.0 0.202 0.181 1.1153 1.1812 12.56 
0.301 2 2 1 4.0 4.0 0.167 0.173 1.1153 1.1474 12.57 
0.302 2 2 1 4.0 4.0 0.177 0.162 1.1153 1.1153 12.57 
0.303 2 2 1 4.0 4.0 0.228 0.136 1.1153 1.1812 12.56 
0.304 2 2 1 4.0 4.0 0.228 0.158 1.1153 1.1812 12.56 
0.305 2 2 1 4.0 4.0 0.215 0.157 1.0852 1.1474 12.57 
0.306 2 2 1 4.0 4.0 0.216 0.139 1.1153 1.1812 12.56 
0.307 2 2 1 4.0 4.0 0.192 0.154 1.1153 1.1474 12.56 
0.308 2 2 1 4.0 4.0 0.178 0.156 1.0852 1.1474 12.56 
0.309 2 2 1 4.0 4.0 0.191 0.152 1.1153 1.1812 12.56 
0.310 2 2 1 4.0 4.0 0.184 0.174 1.0852 1.1812 12.56 
0.311 2 2 1 4.0 4.0 0.175 0.155 1.0852 1.2169 12.56 
0.312 2 2 1 4.0 4.0 0.185 0.117 1.1153 1.1812 12.57 
0.313 2 2 1 4.0 4.0 0.176 0.130 1.0852 1.2169 12.57 
0.314 2 2 1 4.0 4.0 0.166 0.123 1.0852 1.1474 12.57 
0.315 2 2 1 4.0 4.0 0.177 0.133 1.1153 1.1812 12.56 
0.316 2 2 1 4.0 4.0 0.173 0.172 1.1153 1.2169 12.57 
0.317 2 2 1 4.0 4.0 0.190 0.147 1.1153 1.2169 12.56 
0.318 2 2 1 4.0 4.0 0.191 0.130 1.1153 1.2169 12.56 
0.319 2 2 1 4.0 4.0 0.152 0.136 1.1153 1.2169 12.56 
0.320 2 2 1 4.0 4.0 0.140 0.119 1.1474 1.2551 12.56 
0.321 2 2 1 4.0 4.0 0.143 0.134 1.1474 1.0567 12.56 
0.322 2 2 1 4.0 4.0 0.143 0.153 1.1474 1.1812 12.56 
0.323 2 2 1 4.0 4.0 0.158 0.124 1.1153 1.2169 12.57 
0.324 2 2 1 4.0 4.0 0.188 0.145 1.1153 1.2169 12.56 
0.325 2 2 1 4.0 4.0 0.195 0.114 1.1153 1.1812 12.56 
0.326 2 2 1 4.0 4.0 0.180 0.111 1.0852 1.1812 12.56 
0.327 2 2 1 4.0 4.0 0.157 0.153 1.1153 1.2551 12.56 
0.328 2 2 1 4.0 4.0 0.168 0.129 1.1153 1.2169 12.56 
0.329 2 2 1 4.0 4.0 0.203 0.142 1.0852 1.2169 12.57 
0.330 2 2 1 4.0 4.0 0.218 0.147 1.0852 1.2169 12.56 
0.331 2 2 1 4.0 4.0 0.198 0.131 1.0852 1.2169 12.57 
0.332 2 2 1 4.0 4.0 0.169 0.134 1.1153 1.2169 12.56 
0.333 2 2 1 4.0 4.0 0.161 0.140 1.1153 1.1812 12.56 
0.334 2 2 1 4.0 4.0 0.163 0.109 1.1474 1.2169 12.56 
0.335 2 2 1 4.0 4.0 0.159 0.117 1.1153 1.1812 12.56 
0.336 2 2 1 4.0 4.0 0.173 0.126 1.1474 1.2169 12.56 
0.337 2 2 1 4.0 4.0 0.162 0.100 1.1153 1.2169 12.56 
0.338 2 2 1 4.0 4.0 0.162 0.127 1.1474 1.1474 12.57 
0.339 2 2 1 4.0 4.0 0.173 0.102 1.1474 1.2169 12.57 
0.340 2 2 1 4.0 4.0 0.154 0.107 1.1812 1.2169 12.57 
0.341 2 2 1 4.0 4.0 0.163 0.137 1.1474 1.2551 12.57 
0.342 2 2 1 4.0 4.0 0.201 0.133 1.0852 1.2169 12.57 
0.343 2 2 1 4.0 4.0 0.173 0.133 1.1153 1.2169 12.56 
0.344 2 2 1 4.0 4.0 0.173 0.151 1.1153 1.2169 12.56 
0.345 2 2 1 4.0 4.0 0.165 0.130 1.0041 1.2551 12.56 
0.346 2 2 1 4.0 4.0 0.174 0.132 1.1474 1.2551 12.56 
0.347 2 2 1 4.0 4.0 0.154 0.117 1.1153 1.2551 12.56 
0.348 2 2 1 4.0 4.0 0.173 0.088 1.0298 1.2169 12.56 
0.349 2 2 1 4.0 4.0 0.159 0.139 1.1153 1.2551 12.57 
0.350 2 2 1 4.0 4.0 0.176 0.140 1.1153 1.2169 12.56 
0.351 2 2 1 4.0 4.0 0.185 0.143 1.0567 1.1812 12.56 
0.352 2 2 2 -4.0 -4.0 0.169 0.132 1.1474 1.2169 12.56 
0.353 2 2 2 -4.0 -4.0 0.019 -0.055 1.1153 1.2169 12.53 
0.354 2 2 2 -4.0 -4.0 -0.538 -0.723 1.0852 1.1812 12.49 
0.355 2 2 2 -4.0 -4.0 -1.115 -1.257 1.0567 1.1474 12.46 
0.356 2 2 2 -4.0 -4.0 -1.476 -1.684 1.0298 1.1153 12.44 
0.357 2 2 2 -4.0 -4.0 -1.506 -1.884 0.9796 1.0298 12.43 
0.358 2 2 2 -4.0 -4.0 -1.481 -1.796 0.9338 1.0041 12.41 
0.359 2 2 2 -4.0 -4.0 -1.569 -1.850 0.8366 0.8924 12.40 
0.360 2 2 2 -4.0 -4.0 -1.633 -1.926 0.7302 0.8924 12.42 
0.361 2 2 2 -4.0 -4.0 -1.555 -1.850 0.7169 0.7872 12.43 
0.362 2 2 2 -4.0 -4.0 -1.448 -1.783 0.6085 0.7434 12.42 
0.363 2 2 2 -4.0 -4.0 -1.481 -1.830 0.5904 0.6804 12.41 
0.364 2 2 2 -4.0 -4.0 -1.527 -1.878 0.5498 0.5575 12.41 
0.365 2 2 2 -4.0 -4.0 -1.548 -1.837 0.5020 0.5735 12.41 
0.366 2 2 2 -4.0 -4.0 -1.561 -1.798 0.3490 0.5020 12.43 
0.367 2 2 2 -4.0 -4.0 -1.579 -1.545 0.3402 0.4723 12.43 
0.368 2 2 2 -4.0 -4.0 -1.364 -1.530 0.2972 0.3976 12.45 
0.369 2 2 2 -4.0 -4.0 -1.264 -1.591 0.2807 0.3683 12.46 
0.370 2 2 2 -4.0 -4.0 -1.245 -1.600 0.2088 0.3016 12.45 
0.371 2 2 2 -4.0 -4.0 -1.235 -1.587 0.2028 0.2623 12.43 
0.372 2 2 2 -4.0 -4.0 -1.223 -1.554 0.2028 0.2217 12.45 
0.373 2 2 2 -4.0 -4.0 -1.191 -1.519 0.1366 0.1831 12.45 
0.374 2 2 2 -4.0 -4.0 -1.169 -1.465 0.1016 0.1831 12.46 
0.375 2 2 2 -4.0 -4.0 -1.135 -1.401 0.0811 0.1538 12.46 
0.376 2 2 2 -4.0 -4.0 -1.106 -1.368 0.0675 0.1112 12.46 
0.377 2 2 2 -4.0 -4.0 -1.080 -1.323 0.0578 0.0868 12.46 
0.378 2 2 2 -4.0 -4.0 -1.046 -1.290 -0.0546 0.0711 12.47 
0.379 2 2 2 -4.0 -4.0 -1.011 -1.258 -0.0546 -0.0683 12.46 
0.380 2 2 2 -4.0 -4.0 -0.997 -1.213 -0.1912 -0.0683 12.47 
0.381 2 2 2 -4.0 -4.0 -0.975 -1.181 -0.1912 -0.1731 12.48 
0.382 2 2 2 -4.0 -4.0 -1.002 -1.124 -0.2462 -0.1731 12.47 
0.383 2 2 2 -4.0 -4.0 -0.952 -1.069 -0.2908 -0.2265 12.48 
0.384 2 2 2 -4.0 -4.0 -0.831 -1.015 -0.2767 -0.2972 12.49 
0.385 2 2 2 -4.0 -4.0 -0.786 -0.987 -0.2767 -0.3237 12.48 
0.386 2 2 2 -4.0 -4.0 -0.786 -0.960 -0.3582 -0.3237 12.49 
0.387 2 2 2 -4.0 -4.0 -0.779 -0.876 -0.3751 -0.3615 12.50 
0.388 2 2 2 -4.0 -4.0 -0.761 -0.826 -0.3976 -0.3462 12.50 
0.389 2 2 2 -4.0 -4.0 -0.761 -0.853 -0.4269 -0.3751 12.50 
0.390 2 2 2 -4.0 -4.0 -0.751 -0.853 -0.4510 -0.3936 12.50 
0.391 2 2 2 -4.0 -4.0 -0.701 -0.815 -0.4779 -0.4181 12.51 
0.392 2 2 2 -4.0 -4.0 -0.656 -0.777 -0.4723 -0.4615 12.50 
0.393 2 2 2 -4.0 -4.0 -0.641 -0.779 -0.5149 -0.4723 12.51 
0.394 2 2 2 -4.0 -4.0 -0.626 -0.798 -0.5354 -0.5020 12.51 
0.395 2 2 2 -4.0 -4.0 -0.618 -0.753 -0.5281 -0.5281 12.51 
0.396 2 2 2 -4.0 -4.0 -0.622 -0.679 -0.5575 -0.5426 12.50 
0.397 2 2 2 -4.0 -4.0 -0.595 -0.658 -0.5904 -0.5575 12.51 
0.398 2 2 2 -4.0 -4.0 -0.553 -0.638 -0.6177 -0.5735 12.52 
0.399 2 2 2 -4.0 -4.0 -0.532 -0.651 -0.5992 -0.5735 12.51 
0.400 2 2 2 -4.0 -4.0 -0.518 -0.674 -0.6177 -0.5904 12.52 
0.401 2 2 2 -4.0 -4.0 -0.529 -0.610 -0.6691 -0.6177 12.51 
0.402 2 2 2 -4.0 -4.0 -0.512 -0.588 -0.6804 -0.6273 12.53 
0.403 2 2 2 -4.0 -4.0 -0.489 -0.552 -0.6804 -0.6374 12.52 
0.404 2 2 2 -4.0 -4.0 -0.473 -0.563 -0.7169 -0.6085 12.52 
0.405 2 2 2 -4.0 -4.0 -0.457 -0.568 -0.7044 -0.6474 12.52 
0.406 2 2 2 -4.0 -4.0 -0.479 -0.524 -0.6804 -0.6924 12.52 
0.407 2 2 2 -4.0 -4.0 -0.469 -0.507 -0.6924 -0.7169 12.53 
0.408 2 2 2 -4.0 -4.0 -0.421 -0.489 -0.7302 -0.7434 12.53 
0.409 2 2 2 -4.0 -4.0 -0.409 -0.496 -0.7044 -0.7434 12.53 
0.410 2 2 2 -4.0 -4.0 -0.411 -0.490 -0.7434 -0.7302 12.53 
0.411 2 2 2 -4.0 -4.0 -0.405 -0.458 -0.7723 -0.7434 12.53 
0.412 2 2 2 -4.0 -4.0 -0.398 -0.431 -0.7575 -0.7044 12.53 
0.413 2 2 2 -4.0 -4.0 -0.386 -0.443 -0.7872 -0.7575 12.53 
0.414 2 2 2 -4.0 -4.0 -0.378 -0.480 -0.7723 -0.7434 12.54 
0.415 2 2 2 -4.0 -4.0 -0.413 -0.432 -0.8032 -0.7723 12.53 
0.416 2 2 2 -4.0 -4.0 -0.372 -0.413 -0.7872 -0.7723 12.54 
0.417 2 2 2 -4.0 -4.0 -0.355 -0.397 -0.8193 -0.8032 12.54 
0.418 2 2 2 -4.0 -4.0 -0.350 -0.404 -0.8032 -0.7872 12.53 
0.419 2 2 2 -4.0 -4.0 -0.349 -0.393 -0.8366 -0.8032 12.54 
0.420 2 2 2 -4.0 -4.0 -0.353 -0.359 -0.8366 -0.8032 12.54 
0.421 2 2 2 -4.0 -4.0 -0.334 -0.357 -0.8727 -0.8193 12.54 
0.422 2 2 2 -4.0 -4.0 -0.335 -0.406 -0.8924 -0.8193 12.54 
0.423 2 2 2 -4.0 -4.0 -0.333 -0.356 -0.9125 -0.8543 12.54 
0.424 2 2 2 -4.0 -4.0 -0.320 -0.340 -0.8543 -0.8543 12.54 
0.425 2 2 2 -4.0 -4.0 -0.306 -0.357 -0.8727 -0.8727 12.53 
0.426 2 2 2 -4.0 -4.0 -0.316 -0.360 -0.9338 -0.8924 12.54 
0.427 2 2 2 -4.0 -4.0 -0.311 -0.323 -0.9125 -0.8924 12.54 
0.428 2 2 2 -4.0 -4.0 -0.307 -0.307 -0.9338 -0.9125 12.54 
0.429 2 2 2 -4.0 -4.0 -0.304 -0.350 -0.9125 -0.8543 12.54 
0.430 2 2 2 -4.0 -4.0 -0.319 -0.340 -0.8727 -0.8924 12.54 
0.431 2 2 2 -4.0 -4.0 -0.291 -0.327 -0.9338 -0.9125 12.55 
0.432 2 2 2 -4.0 -4.0 -0.275 -0.326 -0.9125 -0.9125 12.55 
0.433 2 2 2 -4.0 -4.0 -0.296 -0.314 -0.9338 -0.8727 12.55 
0.434 2 2 2 -4.0 -4.0 -0.273 -0.297 -0.9338 -0.9338 12.54 
0.435 2 2 2 -4.0 -4.0 -0.273 -0.275 -0.9796 -0.9338 12.54 
0.436 2 2 2 -4.0 -4.0 -0.257 -0.307 -0.9559 -0.9559 12.55 
0.437 2 2 2 -4.0 -4.0 -0.283 -0.307 -0.8727 -0.9559 12.55 
0.438 2 2 2 -4.0 -4.0 -0.268 -0.267 -0.9796 -0.9796 12.56 
0.439 2 2 2 -4.0 -4.0 -0.245 -0.279 -0.9796 -1.0041 12.55 
0.440 2 2 2 -4.0 -4.0 -0.268 -0.277 -1.0041 -1.0041 12.54 
0.441 2 2 2 -4.0 -4.0 -0.265 -0.273 -0.9796 -0.9796 12.54 
0.442 2 2 2 -4.0 -4.0 -0.250 -0.254 -1.0041 -1.0041 12.56 
0.443 2 2 2 -4.0 -4.0 -0.242 -0.293 -1.0041 -0.9796 12.55 
0.444 2 2 2 -4.0 -4.0 -0.254 -0.273 -1.0298 -1.0041 12.55 
0.445 2 2 2 -4.0 -4.0 -0.235 -0.233 -1.0041 -1.0041 12.55 
0.446 2 2 2 -4.0 -4.0 -0.230 -0.254 -1.0298 -1.0298 12.55 
0.447 2 2 2 -4.0 -4.0 -0.241 -0.253 -1.0298 -1.0041 12.55 
0.448 2 2 2 -4.0 -4.0 -0.241 -0.231 -1.0567 -1.0298 12.55 
0.449 2 2 2 -4.0 -4.0 -0.235 -0.238 -1.0298 -1.0041 12.55 
0.450 2 2 2 -4.0 -4.0 -0.247 -0.245 -1.0298 -1.0298 12.54 
0.451 2 2 2 -4.0 -4.0 -0.232 -0.230 -1.0298 -1.0298 12.54 
0.452 2 2 2 -4.0 -4.0 -0.203 -0.221 -1.0041 -1.0298 12.55 
0.453 2 2 2 -4.0 -4.0 -0.209 -0.224 -1.0298 -1.0298 12.55 
0.454 2 2 2 -4.0 -4.0 -0.229 -0.210 -1.0298 -1.0567 12.55 
0.455 2 2 2 -4.0 -4.0 -0.218 -0.221 -1.0298 -1.0567 12.55 
0.456 2 2 2 -4.0 -4.0 -0.226 -0.259 -1.0298 -1.0298 12.55 
0.457 2 2 2 -4.0 -4.0 -0.233 -0.246 -1.0298 -1.0567 12.55 
0.458 2 2 2 -4.0 -4.0 -0.214 -0.212 -1.0567 -1.0567 12.55 
0.459 2 2 2 -4.0 -4.0 -0.210 -0.218 -1.0567 -1.0298 12.55 
0.460 2 2 2 -4.0 -4.0 -0.225 -0.207 -1.0298 -1.0298 12.55 
0.461 2 2 2 -4.0 -4.0 -0.227 -0.214 -1.0567 -1.0852 12.55 
0.462 2 2 2 -4.0 -4.0 -0.212 -0.229 -1.0567 -1.0567 12.55 
0.463 2 2 2 -4.0 -4.0 -0.207 -0.230 -1.0852 -1.0567 12.55 
0.464 2 2 2 -4.0 -4.0 -0.202 -0.199 -1.0567 -1.0567 12.55 
0.465 2 2 2 -4.0 -4.0 -0.181 -0.210 -1.0567 -1.0852 12.55 
0.466 2 2 2 -4.0 -4.0 -0.195 -0.210 -1.0567 -1.0852 12.55 
0.467 2 2 2 -4.0 -4.0 -0.213 -0.195 -1.0852 -1.0852 12.56 
0.468 2 2 2 -4.0 -4.0 -0.199 -0.186 -1.0852 -1.0852 12.56 
0.469 2 2 2 -4.0 -4.0 -0.214 -0.198 -1.0567 -1.0852 12.56 
0.470 2 2 2 -4.0 -4.0 -0.197 -0.183 -1.0852 -1.0852 12.56 
0.471 2 2 2 -4.0 -4.0 -0.172 -0.177 -1.0852 -1.1153 12.56 
0.472 2 2 2 -4.0 -4.0 -0.175 -0.176 -1.0852 -1.0852 12.56 
0.473 2 2 2 -4.0 -4.0 -0.194 -0.176 -1.1153 -1.0567 12.57 
0.474 2 2 2 -4.0 -4.0 -0.176 -0.169 -1.0852 -1.1153 12.56 
0.475 2 2 2 -4.0 -4.0 -0.198 -0.194 -1.1153 -1.1153 12.55 
0.476 2 2 2 -4.0 -4.0 -0.199 -0.175 -1.0852 -1.1153 12.56 
0.477 2 2 2 -4.0 -4.0 -0.181 -0.166 -1.0852 -1.1153 12.56 
0.478 2 2 2 -4.0 -4.0 -0.183 -0.184 -1.1153 -1.1153 12.56 
0.479 2 2 2 -4.0 -4.0 -0.202 -0.167 -1.1153 -1.1153 12.55 
0.480 2 2 2 -4.0 -4.0 -0.189 -0.187 -1.1153 -1.1153 12.55 
0.481 2 2 2 -4.0 -4.0 -0.183 -0.215 -1.1474 -1.1153 12.55 
0.482 2 2 2 -4.0 -4.0 -0.188 -0.191 -1.1153 -1.0852 12.55 
0.483 2 2 2 -4.0 -4.0 -0.172 -0.184 -1.1153 -1.1153 12.56 
0.484 2 2 2 -4.0 -4.0 -0.163 -0.190 -1.1153 -1.0852 12.55 
0.485 2 2 2 -4.0 -4.0 -0.182 -0.172 -1.1153 -1.1153 12.56 
0.486 2 2 2 -4.0 -4.0 -0.178 -0.149 -1.1153 -1.1153 12.55 
0.487 2 2 2 -4.0 -4.0 -0.188 -0.172 -1.0852 -1.1153 12.55 
0.488 2 2 2 -4.0 -4.0 -0.175 -0.160 -1.1153 -1.1153 12.56 
0.489 2 2 2 -4.0 -4.0 -0.161 -0.156 -1.1153 -1.1153 12.56 
0.490 2 2 2 -4.0 -4.0 -0.161 -0.176 -1.0852 -1.1153 12.56 
0.491 2 2 2 -4.0 -4.0 -0.169 -0.155 -1.1474 -1.1153 12.56 
0.492 2 2 2 -4.0 -4.0 -0.158 -0.159 -1.1153 -1.1474 12.55 
0.493 2 2 2 -4.0 -4.0 -0.184 -0.174 -0.9796 -1.1474 12.56 
0.494 2 2 2 -4.0 -4.0 -0.176 -0.148 -1.1153 -1.1474 12.56 
0.495 2 2 2 -4.0 -4.0 -0.161 -0.140 -1.0852 -1.1474 12.56 
0.496 2 2 2 -4.0 -4.0 -0.174 -0.158 -1.0852 -1.1153 12.56 
0.497 2 2 2 -4.0 -4.0 -0.179 -0.147 -1.1153 -1.1812 12.56 
0.498 2 2 2 -4.0 -4.0 -0.158 -0.163 -1.1153 -1.1474 12.56 
0.499 2 2 2 -4.0 -4.0 -0.182 -0.174 -1.1474 -1.1474 12.56 
0.500 2 2 2 -4.0 -4.0 -0.176 -0.142 -1.1153 -1.1474 12.56 
0.501 2 2 2 -4.0 -4.0 -0.156 -0.153 -1.1153 -1.1474 12.55 
0.502 2 2 2 -4.0 -4.0 -0.173 -0.158 -1.0852 -1.1153 12.56 
0.503 2 2 3 0.0 0.0 -0.181 -0.128 -1.1474 -1.1812 12.55 
0.504 2 2 3 0.0 0.0 -0.099 -0.069 -1.1153 -1.1153 12.57 
0.505 2 2 3 0.0 0.0 0.191 0.257 -1.0852 -1.1474 12.57 
0.506 2 2 3 0.0 0.0 0.452 0.614 -1.1153 -1.1474 12.57 
0.507 2 2 3 0.0 0.0 0.675 0.845 -1.0567 -1.0567 12.57 
0.508 2 2 3 0.0 0.0 0.725 0.800 -1.0041 -1.0852 12.57 
0.509 2 2 3 0.0 0.0 0.705 0.837 -1.1153 -1.0298 12.58 
0.510 2 2 3 0.0 0.0 0.769 0.898 -1.0298 -1.0298 12.57 
0.511 2 2 3 0.0 0.0 0.812 0.852 -0.9796 -0.9796 12.58 
0.512 2 2 3 0.0 0.0 0.740 0.811 -0.8543 -0.9338 12.57 
0.513 2 2 3 0.0 0.0 0.725 0.862 -0.8727 -0.9125 12.57 
0.514 2 2 3 0.0 0.0 0.762 0.843 -0.8366 -0.8543 12.58 
0.515 2 2 3 0.0 0.0 0.778 0.744 -0.8193 -0.8193 12.58 
0.516 2 2 3 0.0 0.0 0.650 0.736 -0.7575 -0.7872 12.58 
0.517 2 2 3 0.0 0.0 0.641 0.770 -0.7723 -0.7723 12.58 
0.518 2 2 3 0.0 0.0 0.664 0.789 -0.7169 -0.6924 12.58 
0.519 2 2 3 0.0 0.0 0.678 0.685 -0.6804 -0.7434 12.58 
0.520 2 2 3 0.0 0.0 0.599 0.659 -0.6804 -0.7302 12.58 
0.521 2 2 3 0.0 0.0 0.541 0.683 -0.6691 -0.6804 12.57 
0.522 2 2 3 0.0 0.0 0.561 0.706 -0.6085 -0.6474 12.57 
0.523 2 2 3 0.0 0.0 0.583 0.671 -0.5820 -0.6177 12.58 
0.524 2 2 3 0.0 0.0 0.592 0.566 -0.5820 -0.6273 12.58 
0.525 2 2 3 0.0 0.0 0.547 0.554 -0.5575 -0.5820 12.59 
0.526 2 2 3 0.0 0.0 0.443 0.558 -0.5149 -0.5655 12.58 
0.527 2 2 3 0.0 0.0 0.433 0.560 -0.5149 -0.5655 12.58 
0.528 2 2 3 0.0 0.0 0.450 0.550 -0.5081 -0.4836 12.58 
0.529 2 2 3 0.0 0.0 0.466 0.487 -0.5020 -0.4896 12.57 
0.530 2 2 3 0.0 0.0 0.474 0.428 -0.4667 -0.4896 12.57 
0.531 2 2 3 0.0 0.0 0.459 0.430 -0.4269 -0.4723 12.57 
0.532 2 2 3 0.0 0.0 0.424 0.474 -0.3936 -0.4667 12.58 
0.533 2 2 3 0.0 0.0 0.358 0.485 -0.4097 -0.4462 12.57 
0.534 2 2 3 0.0 0.0 0.325 0.470 -0.3683 -0.4410 12.57 
0.535 2 2 3 0.0 0.0 0.334 0.455 -0.3860 -0.3787 12.57 
0.536 2 2 3 0.0 0.0 0.343 0.432 -0.3490 -0.3896 12.57 
0.537 2 2 3 0.0 0.0 0.350 0.356 -0.3462 -0.3161 12.58 
0.538 2 2 3 0.0 0.0 0.353 0.317 -0.2787 -0.3715 12.58 
0.539 2 2 3 0.0 0.0 0.342 0.320 -0.2787 -0.3715 12.58 
0.540 2 2 3 0.0 0.0 0.324 0.334 -0.2952 -0.3522 12.58 
0.541 2 2 3 0.0 0.0 0.302 0.345 -0.2574 -0.3317 12.58 
0.542 2 2 3 0.0 0.0 0.261 0.330 -0.2574 -0.2639 12.57 
0.543 2 2 3 0.0 0.0 0.243 0.294 -0.2590 -0.2639 12.58 
0.544 2 2 3 0.0 0.0 0.215 0.283 -0.2478 -0.2972 12.59 
0.545 2 2 3 0.0 0.0 0.206 0.279 -0.2088 -0.2731 12.58 
0.546 2 2 3 0.0 0.0 0.207 0.261 -0.2088 -0.2731 12.58 
0.547 2 2 3 0.0 0.0 0.203 0.235 -0.2181 -0.2607 12.58 
0.548 2 2 3 0.0 0.0 0.205 0.222 -0.2157 -0.2181 12.59 
0.549 2 2 3 0.0 0.0 0.207 0.203 -0.1988 -0.2181 12.58 
0.550 2 2 3 0.0 0.0 0.204 0.191 -0.1988 -0.2305 12.58 
0.551 2 2 3 0.0 0.0 0.193 0.188 -0.1735 -0.2305 12.58 
0.552 2 2 3 0.0 0.0 0.175 0.199 -0.1735 -0.1996 12.58 
0.553 2 2 3 0.0 0.0 0.162 0.208 -0.1586 -0.1996 12.58 
0.554 2 2 3 0.0 0.0 0.154 0.213 -0.1329 -0.1856 12.58 
0.555 2 2 3 0.0 0.0 0.148 0.208 -0.1329 -0.1856 12.58 
0.556 2 2 3 0.0 0.0 0.143 0.191 -0.1329 -0.1856 12.58 
0.557 2 2 3 0.0 0.0 0.135 0.181 -0.1414 -0.1498 12.58 
0.558 2 2 3 0.0 0.0 0.124 0.175 -0.1414 -0.1498 12.58 
0.559 2 2 3 0.0 0.0 0.112 0.169 -0.1414 -0.1498 12.58 
0.560 2 2 3 0.0 0.0 0.107 0.160 -0.1213 -0.1422 12.58 
0.561 2 2 3 0.0 0.0 0.101 0.147 -0.1213 -0.1422 12.58 
0.562 2 2 3 0.0 0.0 0.098 0.130 -0.1213 -0.1422 12.58 
0.563 2 2 3 0.0 0.0 0.089 0.119 -0.1193 -0.1165 12.57 
0.564 2 2 3 0.0 0.0 0.086 0.113 -0.1052 -0.1165 12.57 
0.565 2 2 3 0.0 0.0 0.078 0.101 -0.1052 -0.1165 12.58 
0.566 2 2 3 0.0 0.0 0.084 0.093 -0.1052 -0.1165 12.57 
0.567 2 2 3 0.0 0.0 0.078 0.091 -0.1052 -0.1024 12.58 
0.568 2 2 3 0.0 0.0 0.075 0.084 -0.0880 -0.1024 12.58 
0.569 2 2 3 0.0 0.0 0.071 0.069 -0.0723 -0.1024 12.58 
0.570 2 2 3 0.0 0.0 0.068 0.067 -0.0667 -0.1024 12.58 
0.571 2 2 3 0.0 0.0 0.063 0.069 -0.0667 -0.0944 12.58 
0.572 2 2 3 0.0 0.0 0.059 0.057 -0.0667 -0.0763 12.58 
0.573 2 2 3 0.0 0.0 0.052 0.058 -0.0667 -0.0739 12.58 
0.574 2 2 3 0.0 0.0 0.048 0.050 -0.0667 -0.0739 12.58 
0.575 2 2 3 0.0 0.0 0.047 0.041 -0.0667 -0.0739 12.58 
0.576 2 2 3 0.0 0.0 0.046 0.037 -0.0590 -0.0739 12.58 
0.577 2 2 3 0.0 0.0 0.036 0.042 -0.0530 -0.0739 12.58 
0.578 2 2 3 0.0 0.0 0.034 0.046 -0.0470 -0.0691 12.58 
0.579 2 2 3 0.0 0.0 0.026 0.041 -0.0418 -0.0586 12.58 
0.580 2 2 3 0.0 0.0 0.025 0.039 -0.0378 -0.0514 12.58 
0.581 2 2 3 0.0 0.0 0.026 0.034 -0.0345 -0.0498 12.58 
0.582 2 2 3 0.0 0.0 0.014 0.024 -0.0317 -0.0498 12.58 
0.583 2 2 3 0.0 0.0 0.008 0.025 -0.0293 -0.0498 12.58 
0.584 2 2 3 0.0 0.0 0.010 0.020 -0.0273 -0.0498 12.58 
0.585 2 2 3 0.0 0.0 0.006 0.018 -0.0257 -0.0498 12.58 
0.586 2 2 3 0.0 0.0 0.002 0.018 -0.0241 -0.0498 12.58 
0.587 2 2 3 0.0 0.0 0.002 0.009 -0.0229 -0.0498 12.57 
0.588 2 2 3 0.0 0.0 -0.002 0.004 -0.0213 -0.0498 12.58 
0.589 2 2 3 0.0 0.0 -0.002 0.006 -0.0205 -0.0454 12.57 
0.590 2 2 3 0.0 0.0 -0.002 0.003 -0.0193 -0.0410 12.58 
0.591 2 2 3 0.0 0.0 -0.002 -0.001 -0.0185 -0.0369 12.57 
0.592 2 2 3 0.0 0.0 -0.006 0.003 -0.0177 -0.0337 12.57 
0.593 2 2 3 0.0 0.0 0.002 0.001 -0.0169 -0.0313 12.58 
0.594 2 2 3 0.0 0.0 0.002 -0.001 -0.0161 -0.0289 12.58 
0.595 2 2 3 0.0 0.0 0.002 -0.002 -0.0157 -0.0269 12.58 
0.596 2 2 3 0.0 0.0 -0.005 0.003 -0.0149 -0.0253 12.58 
0.597 2 2 3 0.0 0.0 -0.004 -0.004 -0.0145 -0.0237 12.58 
0.598 2 2 3 0.0 0.0 0.002 -0.001 -0.0141 -0.0225 12.59 
0.599 2 2 3 0.0 0.0 -0.005 -0.010 -0.0133 -0.0213 12.58 
0.600 2 2 3 0.0 0.0 -0.002 -0.010 -0.0129 -0.0201 12.58 
0.601 2 2 3 0.0 0.0 0.000 -0.017 -0.0125 -0.0193 12.58 
0.602 2 2 3 0.0 0.0 -0.001 -0.017 -0.0120 -0.0181 12.58 
0.603 2 2 3 0.0 0.0 -0.001 -0.006 -0.0116 -0.0173 12.59 
0.604 2 2 3 0.0 0.0 -0.005 -0.012 -0.0112 -0.0169 12.58 
0.605 2 2 3 0.0 0.0 0.001 -0.015 -0.0112 -0.0161 12.58 
0.606 2 2 3 0.0 0.0 0.001 -0.018 -0.0108 -0.0153 12.58 
0.607 2 2 3 0.0 0.0 0.002 -0.009 -0.0104 -0.0149 12.59 
0.608 2 2 3 0.0 0.0 -0.002 -0.013 -0.0100 -0.0141 12.58 
0.609 2 2 3 0.0 0.0 0.001 -0.008 -0.0100 -0.0137 12.58 
0.610 2 2 3 0.0 0.0 -0.002 -0.008 -0.0096 -0.0133 12.58 
0.611 2 2 3 0.0 0.0 -0.001 -0.008 -0.0096 -0.0129 12.58 
0.612 2 2 3 0.0 0.0 0.006 -0.005 -0.0092 -0.0125 12.58 
0.613 2 2 3 0.0 0.0 0.009 -0.005 -0.0088 -0.0120 12.58 
0.614 2 2 3 0.0 0.0 0.002 0.008 -0.0088 -0.0116 12.58 
0.615 2 2 3 0.0 0.0 0.002 0.008 -0.0084 -0.0112 12.57 
0.616 2 2 3 0.0 0.0 -0.004 0.010 -0.0084 -0.0108 12.57 
0.617 2 2 3 0.0 0.0 0.012 0.004 -0.0084 -0.0108 12.58 
0.618 2 2 3 0.0 0.0 0.006 0.005 -0.0080 -0.0104 12.58 
0.619 2 2 3 0.0 0.0 0.004 0.003 -0.0080 -0.0100 12.57 
0.620 2 2 3 0.0 0.0 0.005 0.005 -0.0076 -0.0100 12.58 
0.621 2 2 3 0.0 0.0 0.004 0.007 -0.0076 -0.0096 12.57 
0.622 2 2 3 0.0 0.0 -0.002 0.008 -0.0076 -0.0092 12.58 
0.623 2 2 3 0.0 0.0 0.004 -0.001 -0.0072 -0.0092 12.58 
0.624 2 2 3 0.0 0.0 0.007 0.000 -0.0072 -0.0088 12.58 
0.625 2 2 3 0.0 0.0 0.000 0.006 -0.0072 -0.0088 12.58 
0.626 2 2 3 0.0 0.0 -0.004 0.004 -0.0068 -0.0084 12.58 
0.627 2 2 3 0.0 0.0 0.000 0.004 -0.0068 -0.0084 12.58 
0.628 2 2 3 0.0 0.0 -0.003 -0.001 -0.0068 -0.0080 12.58 
0.629 2 2 3 0.0 0.0 -0.006 -0.002 -0.0064 -0.0080 12.58 
0.630 2 2 3 0.0 0.0 -0.006 -0.005 -0.0064 -0.0080 12.58 
0.631 2 2 3 0.0 0.0 -0.005 -0.008 -0.0064 -0.0076 12.58 
0.632 2 2 3 0.0 0.0 -0.002 -0.009 -0.0060 -0.0076 12.58 
0.633 2 2 3 0.0 0.0 -0.009 -0.002 -0.0060 -0.0072 12.58 
0.634 2 2 3 0.0 0.0 0.000 -0.003 -0.0060 -0.0072 12.58 
0.635 2 2 3 0.0 0.0 0.000 -0.006 -0.0060 -0.0072 12.58 
0.636 2 2 3 0.0 0.0 -0.007 -0.002 -0.0060 -0.0068 12.58 
0.637 2 2 3 0.0 0.0 -0.002 -0.005 -0.0056 -0.0068 12.58 
0.638 2 2 3 0.0 0.0 -0.002 -0.003 -0.0056 -0.0068 12.58 
0.639 2 2 3 0.0 0.0 0.000 0.002 -0.0056 -0.0068 12.58 
0.640 2 2 3 0.0 0.0 -0.002 0.003 -0.0056 -0.0064 12.58 
0.641 2 2 3 0.0 0.0 0.003 -0.002 -0.0052 -0.0064 12.58 
0.642 2 2 3 0.0 0.0 0.004 0.006 -0.0052 -0.0064 12.58 
0.643 2 2 3 0.0 0.0 0.009 0.005 -0.0052 -0.0060 12.58 
0.644 2 2 3 0.0 0.0 0.009 0.005 -0.0052 -0.0060 12.58 
0.645 2 2 3 0.0 0.0 0.007 0.006 -0.0052 -0.0060 12.57 
0.646 2 2 3 0.0 0.0 0.035 -0.021 -0.0052 -0.0060 12.58 
0.647 2 2 3 0.0 0.0 0.017 -0.012 -0.0048 -0.0056 12.57 
0.648 2 2 3 0.0 0.0 0.008 0.002 -0.0048 -0.0056 12.58 
0.649 2 2 3 0.0 0.0 0.005 0.003 -0.0048 -0.0056 12.58 
0.650 2 2 3 0.0 0.0 0.009 0.003 -0.0048 -0.0056 12.58 
0.651 2 2 3 0.0 0.0 0.011 -0.001 -0.0048 -0.0056 12.58 
0.652 2 2 3 0.0 0.0 0.003 -0.005 -0.0048 -0.0052 12.58 
0.653 2 2 3 0.0 0.0 0.000 0.001 -0.0044 -0.0052 12.58 
0.654 2 2 3 0.0 0.0 0.003 0.000 -0.0044 -0.0052 12.58 
0.655 2 2 3 0.0 0.0 0.003 0.009 -0.0044 -0.0052 12.58 
0.656 2 2 3 0.0 0.0 -0.007 0.003 -0.0044 -0.0052 12.58 
0.657 2 2 3 0.0 0.0 -0.009 -0.007 -0.0044 -0.0052 12.58 
0.658 2 2 3 0.0 0.0 -0.010 0.001 -0.0044 -0.0048 12.58 
0.659 2 2 3 0.0 0.0 -0.009 -0.010 -0.0044 -0.0048 12.58 
0.660 2 2 3 0.0 0.0 -0.009 -0.007 -0.0044 -0.0048 12.58 
0.661 2 2 3 0.0 0.0 -0.011 -0.007 -0.0040 -0.0048 12.58 
0.662 2 2 3 0.0 0.0 -0.012 -0.013 -0.0040 -0.0048 12.58 
0.663 2 2 3 0.0 0.0 0.000 -0.009 -0.0040 -0.0048 12.58 
0.664 2 2 3 0.0 0.0 -0.003 -0.010 -0.0040 -0.0044 12.58 
0.665 2 2 3 0.0 0.0 0.000 -0.008 -0.0040 -0.0044 12.58 
