%% logfile from robot Dagmar (61)
% Dagmar (61)
%  1    time 0.000 sec
%  2  3  4   (mission 0), state 2, thread 2, line 0
%  5  6 Motor voltage [V] left, right: 2.0 2.0
%  7  8 Motor current left, right [A]: 0.016 0.009
%  9 10 Wheel velocity [m/s] left, right: -0.0000 -0.0000
% 11    Battery voltage [V]: 12.45
0.001 2 2 0 2.0 2.0 0.051 -0.003 -0.0000 -0.0000 12.46 
0.002 2 2 0 2.0 2.0 0.207 0.152 -0.0000 -0.0000 12.44 
0.003 2 2 0 2.0 2.0 0.321 0.289 -0.0000 -0.0000 12.43 
0.004 2 2 0 2.0 2.0 0.340 0.383 -0.0000 -0.0000 12.44 
0.005 2 2 0 2.0 2.0 0.383 0.433 -0.0000 -0.0000 12.43 
0.006 2 2 0 2.0 2.0 0.391 0.432 -0.0000 -0.0000 12.43 
0.007 2 2 0 2.0 2.0 0.372 0.439 -0.0000 -0.0000 12.44 
0.008 2 2 0 2.0 2.0 0.366 0.435 -0.0000 -0.0000 12.44 
0.009 2 2 0 2.0 2.0 0.367 0.409 0.0000 0.0000 12.44 
0.010 2 2 0 2.0 2.0 0.350 0.387 0.0000 0.0000 12.43 
0.011 2 2 0 2.0 2.0 0.346 0.383 0.0000 0.0000 12.44 
0.012 2 2 0 2.0 2.0 0.354 0.368 0.0000 0.0000 12.44 
0.013 2 2 0 2.0 2.0 0.352 0.361 0.0940 0.0976 12.44 
0.014 2 2 0 2.0 2.0 0.344 0.360 0.0940 0.0976 12.44 
0.015 2 2 0 2.0 2.0 0.317 0.337 0.0940 0.1498 12.44 
0.016 2 2 0 2.0 2.0 0.282 0.334 0.1378 0.1498 12.44 
0.017 2 2 0 2.0 2.0 0.306 0.337 0.1378 0.1498 12.43 
0.018 2 2 0 2.0 2.0 0.304 0.351 0.1639 0.1839 12.44 
0.019 2 2 0 2.0 2.0 0.278 0.373 0.1639 0.2088 12.44 
0.020 2 2 0 2.0 2.0 0.273 0.399 0.2241 0.2088 12.43 
0.021 2 2 0 2.0 2.0 0.315 0.364 0.2241 0.1948 12.42 
0.022 2 2 0 2.0 2.0 0.294 0.318 0.1715 0.1839 12.43 
0.023 2 2 0 2.0 2.0 0.310 0.307 0.1715 0.2265 12.43 
0.024 2 2 0 2.0 2.0 0.279 0.281 0.2157 0.2265 12.42 
0.025 2 2 0 2.0 2.0 0.264 0.273 0.2157 0.2345 12.43 
0.026 2 2 0 2.0 2.0 0.241 0.286 0.2402 0.2345 12.41 
0.027 2 2 0 2.0 2.0 0.245 0.267 0.2868 0.2659 12.41 
0.028 2 2 0 2.0 2.0 0.228 0.250 0.2868 0.2321 12.42 
0.029 2 2 0 2.0 2.0 0.207 0.251 0.1956 0.2321 12.41 
0.030 2 2 0 2.0 2.0 0.241 0.236 0.1956 0.2659 12.42 
0.031 2 2 0 2.0 2.0 0.218 0.249 0.2554 0.2767 12.43 
0.032 2 2 0 2.0 2.0 0.206 0.273 0.3161 0.2767 12.42 
0.033 2 2 0 2.0 2.0 0.219 0.284 0.3317 0.3113 12.42 
0.034 2 2 0 2.0 2.0 0.213 0.296 0.3289 0.2711 12.41 
0.035 2 2 0 2.0 2.0 0.191 0.319 0.2345 0.3016 12.44 
0.036 2 2 0 2.0 2.0 0.214 0.262 0.2787 0.3016 12.44 
0.037 2 2 0 2.0 2.0 0.212 0.236 0.2787 0.3137 12.43 
0.038 2 2 0 2.0 2.0 0.226 0.233 0.2908 0.3430 12.44 
0.039 2 2 0 2.0 2.0 0.218 0.205 0.3582 0.2848 12.44 
0.040 2 2 0 2.0 2.0 0.186 0.205 0.2888 0.3289 12.44 
0.041 2 2 0 2.0 2.0 0.174 0.220 0.2888 0.3289 12.44 
0.042 2 2 0 2.0 2.0 0.171 0.223 0.3113 0.3237 12.44 
0.043 2 2 0 2.0 2.0 0.163 0.247 0.3213 0.3582 12.44 
0.044 2 2 0 2.0 2.0 0.171 0.263 0.3896 0.3064 12.44 
0.045 2 2 0 2.0 2.0 0.203 0.236 0.3016 0.3462 12.43 
0.046 2 2 0 2.0 2.0 0.188 0.216 0.3317 0.3462 12.44 
0.047 2 2 0 2.0 2.0 0.206 0.217 0.3317 0.3462 12.44 
0.048 2 2 0 2.0 2.0 0.220 0.188 0.3317 0.3860 12.43 
0.049 2 2 0 2.0 2.0 0.185 0.178 0.3651 0.3237 12.44 
0.050 2 2 0 2.0 2.0 0.188 0.176 0.3237 0.3615 12.43 
0.051 2 2 0 2.0 2.0 0.199 0.163 0.3522 0.3936 12.43 
0.052 2 2 0 2.0 2.0 0.178 0.205 0.3346 0.4016 12.43 
0.053 2 2 0 2.0 2.0 0.188 0.260 0.3787 0.3374 12.41 
0.054 2 2 0 2.0 2.0 0.196 0.231 0.3462 0.3823 12.42 
0.055 2 2 0 2.0 2.0 0.166 0.198 0.3715 0.3860 12.42 
0.056 2 2 0 2.0 2.0 0.160 0.187 0.3683 0.4056 12.40 
0.057 2 2 0 2.0 2.0 0.177 0.174 0.4056 0.3823 12.41 
0.058 2 2 0 2.0 2.0 0.148 0.164 0.3651 0.3936 12.43 
0.059 2 2 0 2.0 2.0 0.140 0.164 0.3651 0.3715 12.41 
0.060 2 2 0 2.0 2.0 0.140 0.188 0.3823 0.4016 12.41 
0.061 2 2 0 2.0 2.0 0.135 0.197 0.4225 0.3936 12.43 
0.062 2 2 0 2.0 2.0 0.135 0.211 0.3715 0.4016 12.41 
0.063 2 2 0 2.0 2.0 0.155 0.180 0.3462 0.3615 12.42 
0.064 2 2 0 2.0 2.0 0.145 0.159 0.4016 0.3976 12.43 
0.065 2 2 0 2.0 2.0 0.135 0.172 0.4225 0.3823 12.43 
0.066 2 2 0 2.0 2.0 0.145 0.143 0.3936 0.4016 12.41 
0.067 2 2 0 2.0 2.0 0.116 0.144 0.3683 0.4225 12.41 
0.068 2 2 0 2.0 2.0 0.111 0.181 0.3860 0.4410 12.42 
0.069 2 2 0 2.0 2.0 0.144 0.186 0.4462 0.4225 12.41 
0.070 2 2 0 2.0 2.0 0.137 0.195 0.3522 0.4225 12.43 
0.071 2 2 0 2.0 2.0 0.133 0.185 0.3823 0.4181 12.44 
0.072 2 2 0 2.0 2.0 0.148 0.163 0.4016 0.4362 12.44 
0.073 2 2 0 2.0 2.0 0.130 0.149 0.4510 0.3715 12.44 
0.074 2 2 0 2.0 2.0 0.120 0.162 0.3896 0.3976 12.44 
0.075 2 2 0 2.0 2.0 0.125 0.156 0.4016 0.4269 12.43 
0.076 2 2 0 2.0 2.0 0.138 0.181 0.4097 0.4097 12.42 
0.077 2 2 0 2.0 2.0 0.124 0.186 0.4562 0.4097 12.41 
0.078 2 2 0 2.0 2.0 0.146 0.154 0.3651 0.4269 12.41 
0.079 2 2 0 2.0 2.0 0.153 0.145 0.3976 0.4510 12.43 
0.080 2 2 0 2.0 2.0 0.135 0.143 0.4269 0.4269 12.43 
0.081 2 2 0 2.0 2.0 0.120 0.125 0.4462 0.4410 12.41 
0.082 2 2 0 2.0 2.0 0.106 0.129 0.3462 0.4510 12.41 
0.083 2 2 0 2.0 2.0 0.105 0.159 0.4410 0.4723 12.40 
0.084 2 2 0 2.0 2.0 0.124 0.173 0.4836 0.4462 12.42 
0.085 2 2 0 2.0 2.0 0.121 0.156 0.3751 0.4615 12.41 
0.086 2 2 0 2.0 2.0 0.114 0.151 0.4056 0.4836 12.43 
0.087 2 2 0 2.0 2.0 0.127 0.115 0.4269 0.4462 12.42 
0.088 2 2 0 2.0 2.0 0.196 0.061 0.4779 0.4562 12.41 
0.089 2 2 0 2.0 2.0 0.130 0.091 0.4510 0.4615 12.42 
0.090 2 2 0 2.0 2.0 0.093 0.148 0.4510 0.4896 12.43 
0.091 2 2 0 2.0 2.0 0.082 0.158 0.4956 0.4562 12.43 
0.092 2 2 0 2.0 2.0 0.089 0.159 0.4562 0.4723 12.44 
0.093 2 2 0 2.0 2.0 0.127 0.126 0.4615 0.4956 12.44 
0.094 2 2 0 2.0 2.0 0.128 0.109 0.4615 0.4562 12.44 
0.095 2 2 0 2.0 2.0 0.128 0.111 0.5020 0.4615 12.44 
0.096 2 2 0 2.0 2.0 0.127 0.118 0.4723 0.4779 12.43 
0.097 2 2 0 2.0 2.0 0.109 0.150 0.4562 0.4510 12.41 
0.098 2 2 0 2.0 2.0 0.105 0.194 0.5020 0.4667 12.43 
0.099 2 2 0 2.0 2.0 0.120 0.147 0.4723 0.4723 12.44 
0.100 2 2 0 2.0 2.0 0.122 0.130 0.4723 0.4956 12.44 
0.101 2 2 0 2.0 2.0 0.108 0.126 0.5149 0.4836 12.44 
0.102 2 2 0 2.0 2.0 0.115 0.109 0.4836 0.4836 12.43 
0.103 2 2 0 2.0 2.0 0.086 0.125 0.4836 0.4956 12.44 
0.104 2 2 0 2.0 2.0 0.087 0.160 0.4779 0.4896 12.43 
0.105 2 2 0 2.0 2.0 0.121 0.145 0.5213 0.4896 12.43 
0.106 2 2 0 2.0 2.0 0.099 0.133 0.4723 0.4615 12.40 
0.107 2 2 0 2.0 2.0 0.096 0.134 0.4667 0.4956 12.40 
0.108 2 2 0 2.0 2.0 0.100 0.102 0.5213 0.4836 12.41 
0.109 2 2 0 2.0 2.0 0.085 0.094 0.4779 0.5081 12.40 
0.110 2 2 0 2.0 2.0 0.071 0.129 0.4779 0.5281 12.42 
0.111 2 2 0 2.0 2.0 0.099 0.147 0.5354 0.5020 12.41 
0.112 2 2 0 2.0 2.0 0.097 0.148 0.4667 0.4956 12.41 
0.113 2 2 0 2.0 2.0 0.095 0.150 0.4723 0.5213 12.42 
0.114 2 2 0 2.0 2.0 0.117 0.117 0.4779 0.4723 12.41 
0.115 2 2 0 2.0 2.0 0.097 0.102 0.5281 0.4896 12.41 
0.116 2 2 0 2.0 2.0 0.083 0.131 0.4836 0.5281 12.42 
0.117 2 2 0 2.0 2.0 0.094 0.142 0.4779 0.4779 12.43 
0.118 2 2 0 2.0 2.0 0.082 0.129 0.5281 0.4896 12.43 
0.119 2 2 0 2.0 2.0 0.100 0.122 0.4667 0.4956 12.41 
0.120 2 2 0 2.0 2.0 0.135 0.101 0.4779 0.4779 12.42 
0.121 2 2 0 2.0 2.0 0.093 0.089 0.5426 0.4956 12.42 
0.122 2 2 0 2.0 2.0 0.097 0.101 0.3860 0.5020 12.41 
0.123 2 2 0 2.0 2.0 0.096 0.113 0.4317 0.5213 12.42 
0.124 2 2 0 2.0 2.0 0.084 0.141 0.5426 0.4896 12.43 
0.125 2 2 0 2.0 2.0 0.085 0.139 0.4779 0.5081 12.41 
0.126 2 2 0 2.0 2.0 0.108 0.106 0.4896 0.5281 12.41 
0.127 2 2 0 2.0 2.0 0.108 0.084 0.4956 0.4836 12.42 
0.128 2 2 0 2.0 2.0 0.081 0.109 0.4956 0.4956 12.43 
0.129 2 2 0 2.0 2.0 0.087 0.122 0.5081 0.5281 12.42 
0.130 2 2 0 2.0 2.0 0.058 0.132 0.5081 0.4956 12.42 
0.131 2 2 0 2.0 2.0 0.070 0.147 0.5498 0.5020 12.43 
0.132 2 2 0 2.0 2.0 0.106 0.115 0.5081 0.5354 12.43 
0.133 2 2 0 2.0 2.0 0.112 0.095 0.5081 0.4956 12.43 
0.134 2 2 0 2.0 2.0 0.112 0.094 0.5575 0.5081 12.43 
0.135 2 2 0 2.0 2.0 0.106 0.083 0.5149 0.5281 12.44 
0.136 2 2 0 2.0 2.0 0.091 0.123 0.4956 0.4956 12.44 
0.137 2 2 0 2.0 2.0 0.093 0.144 0.5498 0.5081 12.44 
0.138 2 2 0 2.0 2.0 0.116 0.109 0.5213 0.5149 12.44 
0.139 2 2 0 2.0 2.0 0.093 0.092 0.5149 0.5213 12.43 
0.140 2 2 0 2.0 2.0 0.082 0.102 0.5655 0.5281 12.43 
0.141 2 2 0 2.0 2.0 0.082 0.088 0.5281 0.5081 12.43 
0.142 2 2 0 2.0 2.0 0.076 0.116 0.5149 0.5426 12.44 
0.143 2 2 0 2.0 2.0 0.063 0.142 0.5655 0.5281 12.44 
0.144 2 2 0 2.0 2.0 0.107 0.118 0.5081 0.4956 12.43 
0.145 2 2 0 2.0 2.0 0.097 0.102 0.5149 0.5354 12.43 
0.146 2 2 0 2.0 2.0 0.081 0.096 0.5575 0.5149 12.43 
0.147 2 2 0 2.0 2.0 0.083 0.079 0.5081 0.5426 12.43 
0.148 2 2 0 2.0 2.0 0.066 0.100 0.5149 0.5575 12.44 
0.149 2 2 0 2.0 2.0 0.070 0.144 0.5655 0.5354 12.42 
0.150 2 2 0 2.0 2.0 0.089 0.132 0.4956 0.5281 12.41 
0.151 2 2 0 2.0 2.0 0.084 0.113 0.5081 0.5498 12.43 
0.152 2 2 0 2.0 2.0 0.093 0.099 0.5735 0.5020 12.43 
0.153 2 2 0 2.0 2.0 0.094 0.088 0.5281 0.5426 12.41 
0.154 2 2 0 2.0 2.0 0.067 0.105 0.5213 0.5575 12.41 
0.155 2 2 0 2.0 2.0 0.063 0.132 0.5655 0.5081 12.42 
0.156 2 2 0 2.0 2.0 0.094 0.107 0.5020 0.5281 12.42 
0.157 2 2 0 2.0 2.0 0.092 0.091 0.5149 0.5498 12.43 
0.158 2 2 0 2.0 2.0 0.072 0.083 0.5281 0.5149 12.42 
0.159 2 2 0 2.0 2.0 0.082 0.075 0.4137 0.5354 12.41 
0.160 2 2 0 2.0 2.0 0.062 0.097 0.4956 0.5575 12.42 
0.161 2 2 0 2.0 2.0 0.070 0.134 0.5426 0.5213 12.41 
0.162 2 2 0 2.0 2.0 0.085 0.121 0.4615 0.5354 12.41 
0.163 2 2 0 2.0 2.0 0.082 0.097 0.5081 0.5575 12.42 
0.164 2 2 0 2.0 2.0 0.073 0.095 0.5149 0.5081 12.43 
0.165 2 2 0 2.0 2.0 0.089 0.082 0.5426 0.5213 12.41 
0.166 2 2 0 2.0 2.0 0.066 0.105 0.5281 0.5498 12.42 
0.167 2 2 0 2.0 2.0 0.082 0.125 0.5213 0.5149 12.43 
0.168 2 2 0 2.0 2.0 0.093 0.111 0.5575 0.5281 12.43 
0.169 2 2 0 2.0 2.0 0.084 0.094 0.5281 0.5575 12.42 
0.170 2 2 0 2.0 2.0 0.092 0.088 0.5213 0.5149 12.41 
0.171 2 2 0 2.0 2.0 0.101 0.071 0.5655 0.5281 12.43 
0.172 2 2 0 2.0 2.0 0.082 0.083 0.5281 0.5655 12.43 
0.173 2 2 0 2.0 2.0 0.075 0.135 0.5081 0.5149 12.44 
0.174 2 2 0 2.0 2.0 0.111 0.125 0.5655 0.5281 12.44 
0.175 2 2 0 2.0 2.0 0.109 0.100 0.5354 0.5575 12.43 
0.176 2 2 0 2.0 2.0 0.088 0.096 0.5281 0.5426 12.43 
0.177 2 2 0 2.0 2.0 0.092 0.069 0.5820 0.5354 12.43 
0.178 2 2 0 2.0 2.0 0.063 0.084 0.5426 0.5498 12.42 
0.179 2 2 0 2.0 2.0 0.047 0.127 0.5281 0.5426 12.42 
0.180 2 2 0 2.0 2.0 0.083 0.121 0.5498 0.5281 12.41 
0.181 2 2 0 2.0 2.0 0.085 0.102 0.5281 0.5426 12.40 
0.182 2 2 0 2.0 2.0 0.082 0.095 0.5149 0.5213 12.41 
0.183 2 2 0 2.0 2.0 0.085 0.075 0.5735 0.5281 12.40 
0.184 2 2 0 2.0 2.0 0.058 0.085 0.5354 0.5655 12.42 
0.185 2 2 0 2.0 2.0 0.063 0.134 0.5281 0.5426 12.44 
0.186 2 2 0 2.0 2.0 0.085 0.129 0.5498 0.5354 12.44 
0.187 2 2 0 2.0 2.0 0.084 0.113 0.5281 0.5575 12.43 
0.188 2 2 0 2.0 2.0 0.081 0.101 0.5281 0.5081 12.41 
0.189 2 2 0 2.0 2.0 0.086 0.080 0.5498 0.5281 12.43 
0.190 2 2 0 2.0 2.0 0.147 0.043 0.5426 0.5655 12.42 
0.191 2 2 0 2.0 2.0 0.108 0.076 0.5354 0.5149 12.43 
0.192 2 2 0 2.0 2.0 0.088 0.096 0.5081 0.5281 12.41 
0.193 2 2 0 2.0 2.0 0.096 0.098 0.5281 0.5655 12.41 
0.194 2 2 0 2.0 2.0 0.082 0.093 0.5426 0.5281 12.43 
0.195 2 2 0 2.0 2.0 0.079 0.074 0.4836 0.5426 12.43 
0.196 2 2 0 2.0 2.0 0.065 0.077 0.5149 0.5655 12.43 
0.197 2 2 0 2.0 2.0 0.054 0.130 0.5655 0.5281 12.43 
0.198 2 2 0 2.0 2.0 0.084 0.118 0.4723 0.5426 12.43 
0.199 2 2 0 2.0 2.0 0.090 0.098 0.5281 0.5735 12.43 
0.200 2 2 0 2.0 2.0 0.078 0.090 0.5354 0.5213 12.43 
0.201 2 2 1 4.0 4.0 0.081 0.085 0.5498 0.5354 12.40 
0.202 2 2 1 4.0 4.0 0.133 0.117 0.5426 0.5655 12.42 
0.203 2 2 1 4.0 4.0 0.257 0.311 0.5426 0.5354 12.42 
0.204 2 2 1 4.0 4.0 0.379 0.406 0.5498 0.5575 12.42 
0.205 2 2 1 4.0 4.0 0.405 0.445 0.5575 0.5904 12.43 
0.206 2 2 1 4.0 4.0 0.419 0.471 0.6177 0.5820 12.42 
0.207 2 2 1 4.0 4.0 0.463 0.475 0.5820 0.6177 12.42 
0.208 2 2 1 4.0 4.0 0.462 0.501 0.5655 0.5992 12.42 
0.209 2 2 1 4.0 4.0 0.464 0.551 0.6474 0.6177 12.41 
0.210 2 2 1 4.0 4.0 0.437 0.495 0.6273 0.6583 12.42 
0.211 2 2 1 4.0 4.0 0.413 0.456 0.6177 0.6583 12.42 
0.212 2 2 1 4.0 4.0 0.383 0.437 0.6583 0.6474 12.42 
0.213 2 2 1 4.0 4.0 0.390 0.487 0.6583 0.6804 12.42 
0.214 2 2 1 4.0 4.0 0.380 0.468 0.7044 0.6583 12.42 
0.215 2 2 1 4.0 4.0 0.363 0.440 0.6691 0.7169 12.41 
0.216 2 2 1 4.0 4.0 0.370 0.412 0.7044 0.7044 12.42 
0.217 2 2 1 4.0 4.0 0.363 0.399 0.6691 0.7723 12.42 
0.218 2 2 1 4.0 4.0 0.354 0.461 0.6924 0.7434 12.41 
0.219 2 2 1 4.0 4.0 0.375 0.433 0.6583 0.7723 12.41 
0.220 2 2 1 4.0 4.0 0.335 0.397 0.7044 0.7044 12.42 
0.221 2 2 1 4.0 4.0 0.316 0.396 0.7169 0.7723 12.41 
0.222 2 2 1 4.0 4.0 0.350 0.428 0.7302 0.7302 12.41 
0.223 2 2 1 4.0 4.0 0.333 0.399 0.7169 0.7723 12.42 
0.224 2 2 1 4.0 4.0 0.321 0.351 0.7302 0.7575 12.42 
0.225 2 2 1 4.0 4.0 0.320 0.325 0.8032 0.8032 12.42 
0.226 2 2 1 4.0 4.0 0.303 0.366 0.7434 0.7723 12.42 
0.227 2 2 1 4.0 4.0 0.296 0.377 0.8366 0.8032 12.43 
0.228 2 2 1 4.0 4.0 0.320 0.314 0.7723 0.7872 12.42 
0.229 2 2 1 4.0 4.0 0.320 0.322 0.8366 0.8193 12.41 
0.230 2 2 1 4.0 4.0 0.268 0.389 0.8193 0.8032 12.42 
0.231 2 2 1 4.0 4.0 0.279 0.349 0.8193 0.8543 12.41 
0.232 2 2 1 4.0 4.0 0.270 0.315 0.8193 0.8193 12.43 
0.233 2 2 1 4.0 4.0 0.260 0.315 0.8366 0.8727 12.43 
0.234 2 2 1 4.0 4.0 0.284 0.341 0.8032 0.8366 12.42 
0.235 2 2 1 4.0 4.0 0.291 0.322 0.8193 0.8727 12.43 
0.236 2 2 1 4.0 4.0 0.298 0.289 0.8366 0.8727 12.42 
0.237 2 2 1 4.0 4.0 0.282 0.309 0.8366 0.8924 12.43 
0.238 2 2 1 4.0 4.0 0.283 0.292 0.8543 0.8032 12.42 
0.239 2 2 1 4.0 4.0 0.264 0.311 0.8193 0.8727 12.43 
0.240 2 2 1 4.0 4.0 0.264 0.252 0.8727 0.9125 12.43 
0.241 2 2 1 4.0 4.0 0.272 0.263 0.8543 0.9338 12.42 
0.242 2 2 1 4.0 4.0 0.247 0.314 0.9125 0.9559 12.43 
0.243 2 2 1 4.0 4.0 0.242 0.273 0.8366 0.8924 12.44 
0.244 2 2 1 4.0 4.0 0.244 0.258 0.9125 0.9338 12.42 
0.245 2 2 1 4.0 4.0 0.214 0.287 0.8924 0.9338 12.43 
0.246 2 2 1 4.0 4.0 0.249 0.259 0.8543 0.9338 12.42 
0.247 2 2 1 4.0 4.0 0.241 0.227 0.8924 0.9559 12.43 
0.248 2 2 1 4.0 4.0 0.205 0.281 0.8193 0.9559 12.43 
0.249 2 2 1 4.0 4.0 0.226 0.277 0.9559 0.9796 12.43 
0.250 2 2 1 4.0 4.0 0.204 0.235 0.8924 0.9559 12.43 
0.251 2 2 1 4.0 4.0 0.223 0.268 0.9559 0.8924 12.42 
0.252 2 2 1 4.0 4.0 0.219 0.284 0.9559 0.9559 12.42 
0.253 2 2 1 4.0 4.0 0.210 0.250 0.9796 0.9559 12.43 
0.254 2 2 1 4.0 4.0 0.193 0.234 1.0298 1.0041 12.43 
0.255 2 2 1 4.0 4.0 0.207 0.259 1.0041 0.9796 12.43 
0.256 2 2 1 4.0 4.0 0.234 0.238 1.0298 1.0041 12.42 
0.257 2 2 1 4.0 4.0 0.209 0.222 1.0041 1.0041 12.42 
0.258 2 2 1 4.0 4.0 0.200 0.239 1.0298 1.0041 12.42 
0.259 2 2 1 4.0 4.0 0.181 0.222 1.0567 1.0298 12.43 
0.260 2 2 1 4.0 4.0 0.182 0.215 1.0041 1.0041 12.42 
0.261 2 2 1 4.0 4.0 0.204 0.222 0.9338 1.0298 12.43 
0.262 2 2 1 4.0 4.0 0.194 0.228 0.9796 1.0567 12.43 
0.263 2 2 1 4.0 4.0 0.193 0.195 0.9125 1.0298 12.42 
0.264 2 2 1 4.0 4.0 0.200 0.204 1.0041 0.9559 12.43 
0.265 2 2 1 4.0 4.0 0.174 0.236 0.9796 1.0298 12.42 
0.266 2 2 1 4.0 4.0 0.165 0.220 0.9125 1.0298 12.43 
0.267 2 2 1 4.0 4.0 0.202 0.167 1.0041 1.0852 12.42 
0.268 2 2 1 4.0 4.0 0.189 0.212 0.8924 1.0567 12.42 
0.269 2 2 1 4.0 4.0 0.161 0.207 1.0298 1.0567 12.42 
0.270 2 2 1 4.0 4.0 0.212 0.180 0.9796 1.0852 12.41 
0.271 2 2 1 4.0 4.0 0.173 0.216 1.0298 1.0567 12.42 
0.272 2 2 1 4.0 4.0 0.144 0.204 1.0298 1.0567 12.42 
0.273 2 2 1 4.0 4.0 0.177 0.163 1.0567 1.1153 12.43 
0.274 2 2 1 4.0 4.0 0.178 0.202 1.0852 1.0567 12.44 
0.275 2 2 1 4.0 4.0 0.192 0.183 1.0567 1.0852 12.43 
0.276 2 2 1 4.0 4.0 0.200 0.171 1.0567 1.1153 12.44 
0.277 2 2 1 4.0 4.0 0.183 0.181 1.1153 1.1153 12.44 
0.278 2 2 1 4.0 4.0 0.143 0.179 1.0567 1.0852 12.43 
0.279 2 2 1 4.0 4.0 0.164 0.151 1.0567 1.1153 12.43 
0.280 2 2 1 4.0 4.0 0.173 0.190 1.0852 1.1153 12.43 
0.281 2 2 1 4.0 4.0 0.139 0.206 1.0298 1.0852 12.43 
0.282 2 2 1 4.0 4.0 0.162 0.171 1.0567 1.1153 12.44 
0.283 2 2 1 4.0 4.0 0.148 0.187 1.1153 1.0852 12.44 
0.284 2 2 1 4.0 4.0 0.138 0.206 1.0852 1.0852 12.43 
0.285 2 2 1 4.0 4.0 0.151 0.172 1.0852 1.0852 12.43 
0.286 2 2 1 4.0 4.0 0.161 0.189 1.1153 1.0852 12.43 
0.287 2 2 1 4.0 4.0 0.129 0.212 1.0298 1.1153 12.43 
0.288 2 2 1 4.0 4.0 0.158 0.159 1.0852 1.1153 12.43 
0.289 2 2 1 4.0 4.0 0.167 0.160 1.0852 1.1153 12.42 
0.290 2 2 1 4.0 4.0 0.169 0.187 1.1153 1.1153 12.43 
0.291 2 2 1 4.0 4.0 0.182 0.158 0.9559 1.1474 12.43 
0.292 2 2 1 4.0 4.0 0.247 0.134 1.1153 1.1153 12.43 
0.293 2 2 1 4.0 4.0 0.172 0.132 1.1153 1.1474 12.44 
0.294 2 2 1 4.0 4.0 0.174 0.143 1.0852 1.1474 12.43 
0.295 2 2 1 4.0 4.0 0.169 0.145 1.1153 1.1474 12.43 
0.296 2 2 1 4.0 4.0 0.136 0.164 1.1153 1.1153 12.43 
0.297 2 2 1 4.0 4.0 0.159 0.137 1.0852 1.1812 12.42 
0.298 2 2 1 4.0 4.0 0.150 0.188 1.0567 1.1474 12.43 
0.299 2 2 1 4.0 4.0 0.130 0.186 1.0852 1.1153 12.43 
0.300 2 2 1 4.0 4.0 0.155 0.131 1.1474 1.1812 12.43 
0.301 2 2 1 4.0 4.0 0.150 0.159 1.0852 1.1153 12.43 
0.302 2 2 1 4.0 4.0 0.142 0.162 1.1153 1.1153 12.42 
0.303 2 2 1 4.0 4.0 0.138 0.152 1.1812 1.1474 12.43 
0.304 2 2 1 4.0 4.0 0.144 0.170 1.1153 1.1153 12.43 
0.305 2 2 1 4.0 4.0 0.115 0.162 1.0852 1.1153 12.44 
0.306 2 2 1 4.0 4.0 0.127 0.151 1.1474 1.1474 12.43 
0.307 2 2 1 4.0 4.0 0.137 0.147 1.1153 1.1474 12.43 
0.308 2 2 1 4.0 4.0 0.106 0.166 1.1474 1.1474 12.44 
0.309 2 2 1 4.0 4.0 0.124 0.127 1.1474 1.0041 12.41 
0.310 2 2 1 4.0 4.0 0.132 0.173 1.1474 1.1474 12.43 
0.311 2 2 1 4.0 4.0 0.120 0.166 1.1474 1.1812 12.44 
0.312 2 2 1 4.0 4.0 0.143 0.136 1.1474 1.1812 12.43 
0.313 2 2 1 4.0 4.0 0.139 0.148 1.1812 1.1812 12.43 
0.314 2 2 1 4.0 4.0 0.108 0.149 1.1474 1.1474 12.44 
0.315 2 2 1 4.0 4.0 0.130 0.151 1.1474 1.1812 12.43 
0.316 2 2 1 4.0 4.0 0.144 0.159 1.1812 1.2169 12.44 
0.317 2 2 1 4.0 4.0 0.113 0.144 1.1474 1.1812 12.44 
0.318 2 2 1 4.0 4.0 0.144 0.164 1.1153 1.1474 12.43 
0.319 2 2 1 4.0 4.0 0.116 0.174 1.1812 1.1812 12.42 
0.320 2 2 1 4.0 4.0 0.089 0.130 1.1474 1.1474 12.43 
0.321 2 2 1 4.0 4.0 0.137 0.157 1.1153 1.1474 12.44 
0.322 2 2 1 4.0 4.0 0.132 0.155 1.1812 1.1153 12.44 
0.323 2 2 1 4.0 4.0 0.104 0.124 1.1474 1.1153 12.43 
0.324 2 2 1 4.0 4.0 0.142 0.144 1.1474 1.1153 12.43 
0.325 2 2 1 4.0 4.0 0.140 0.142 1.1812 1.1153 12.44 
0.326 2 2 1 4.0 4.0 0.103 0.113 1.1474 1.1812 12.44 
0.327 2 2 1 4.0 4.0 0.124 0.161 1.1474 1.1474 12.43 
0.328 2 2 1 4.0 4.0 0.148 0.147 1.1812 1.1812 12.42 
0.329 2 2 1 4.0 4.0 0.126 0.159 1.1812 1.1812 12.43 
0.330 2 2 1 4.0 4.0 0.134 0.157 1.1474 1.1474 12.43 
0.331 2 2 1 4.0 4.0 0.131 0.125 1.1812 1.1474 12.43 
0.332 2 2 1 4.0 4.0 0.106 0.115 1.2169 1.1812 12.43 
0.333 2 2 1 4.0 4.0 0.127 0.156 1.0567 1.1812 12.43 
0.334 2 2 1 4.0 4.0 0.137 0.115 1.1474 1.1474 12.43 
0.335 2 2 1 4.0 4.0 0.113 0.157 1.2169 1.1474 12.44 
0.336 2 2 1 4.0 4.0 0.129 0.155 1.1474 1.1812 12.43 
0.337 2 2 1 4.0 4.0 0.116 0.117 1.1812 1.1812 12.44 
0.338 2 2 1 4.0 4.0 0.103 0.142 1.0852 1.1812 12.43 
0.339 2 2 1 4.0 4.0 0.136 0.155 1.1812 1.2169 12.43 
0.340 2 2 1 4.0 4.0 0.100 0.101 1.1153 1.1812 12.43 
0.341 2 2 1 4.0 4.0 0.093 0.143 1.1812 1.1812 12.43 
0.342 2 2 1 4.0 4.0 0.119 0.164 1.2551 1.1812 12.44 
0.343 2 2 1 4.0 4.0 0.100 0.109 1.1812 1.2551 12.44 
0.344 2 2 1 4.0 4.0 0.108 0.153 1.2169 1.1812 12.42 
0.345 2 2 1 4.0 4.0 0.126 0.142 1.2169 1.1812 12.43 
0.346 2 2 1 4.0 4.0 0.116 0.119 1.1474 1.1812 12.43 
0.347 2 2 1 4.0 4.0 0.110 0.160 1.1812 1.1474 12.43 
0.348 2 2 1 4.0 4.0 0.120 0.121 1.2169 1.1474 12.44 
0.349 2 2 1 4.0 4.0 0.097 0.117 1.2169 1.1812 12.43 
0.350 2 2 1 4.0 4.0 0.108 0.175 1.1812 1.2169 12.42 
0.351 2 2 1 4.0 4.0 0.108 0.135 1.1812 1.1812 12.43 
0.352 2 2 2 -4.0 -4.0 0.122 0.137 1.2551 1.1812 12.43 
0.353 2 2 2 -4.0 -4.0 -0.196 0.057 1.1812 1.2169 12.41 
0.354 2 2 2 -4.0 -4.0 -0.805 -0.540 1.1812 1.1812 12.39 
0.355 2 2 2 -4.0 -4.0 -1.246 -0.836 1.1812 1.0852 12.36 
0.356 2 2 2 -4.0 -4.0 -1.360 -0.910 1.0567 1.1153 12.37 
0.357 2 2 2 -4.0 -4.0 -1.395 -0.929 0.8727 1.0298 12.36 
0.358 2 2 2 -4.0 -4.0 -1.493 -0.933 0.9338 0.8193 12.36 
0.359 2 2 2 -4.0 -4.0 -1.440 -0.934 0.8032 0.8193 12.37 
0.360 2 2 2 -4.0 -4.0 -1.294 -0.934 0.7872 0.7723 12.36 
0.361 2 2 2 -4.0 -4.0 -1.366 -0.934 0.7575 0.7434 12.37 
0.362 2 2 2 -4.0 -4.0 -1.430 -0.934 0.6924 0.7434 12.37 
0.363 2 2 2 -4.0 -4.0 -1.439 -0.934 0.7169 0.6474 12.37 
0.364 2 2 2 -4.0 -4.0 -1.432 -0.934 0.5820 0.5992 12.37 
0.365 2 2 2 -4.0 -4.0 -1.268 -0.934 0.5426 0.5904 12.36 
0.366 2 2 2 -4.0 -4.0 -1.256 -0.934 0.5575 0.5281 12.37 
0.367 2 2 2 -4.0 -4.0 -1.268 -0.934 0.4723 0.4779 12.37 
0.368 2 2 2 -4.0 -4.0 -1.272 -0.934 0.3751 0.3522 12.36 
0.369 2 2 2 -4.0 -4.0 -1.254 -0.934 0.2848 0.3522 12.36 
0.370 2 2 2 -4.0 -4.0 -1.210 -0.934 0.2848 0.2767 12.37 
0.371 2 2 2 -4.0 -4.0 -1.174 -0.934 0.2996 0.2639 12.38 
0.372 2 2 2 -4.0 -4.0 -1.154 -0.934 0.2281 0.2080 12.38 
0.373 2 2 2 -4.0 -4.0 -1.131 -0.934 0.1663 0.1920 12.39 
0.374 2 2 2 -4.0 -4.0 -1.120 -0.934 0.1663 0.1920 12.38 
0.375 2 2 2 -4.0 -4.0 -1.028 -0.934 0.1663 0.1406 12.38 
0.376 2 2 2 -4.0 -4.0 -0.999 -0.934 0.1197 0.1044 12.39 
0.377 2 2 2 -4.0 -4.0 -1.010 -0.934 0.0920 0.0827 12.40 
0.378 2 2 2 -4.0 -4.0 -0.970 -0.934 0.0747 0.0687 12.40 
0.379 2 2 2 -4.0 -4.0 -0.998 -0.934 0.0631 0.0586 12.39 
0.380 2 2 2 -4.0 -4.0 -0.946 -0.934 0.0546 -0.0538 12.39 
0.381 2 2 2 -4.0 -4.0 -0.858 -0.934 -0.0502 -0.0538 12.40 
0.382 2 2 2 -4.0 -4.0 -0.847 -0.934 -0.0502 -0.1743 12.39 
0.383 2 2 2 -4.0 -4.0 -0.841 -0.934 -0.0502 -0.1743 12.39 
0.384 2 2 2 -4.0 -4.0 -0.800 -0.934 -0.1462 -0.2229 12.39 
0.385 2 2 2 -4.0 -4.0 -0.792 -0.934 -0.2522 -0.2229 12.39 
0.386 2 2 2 -4.0 -4.0 -0.775 -0.934 -0.2522 -0.2888 12.39 
0.387 2 2 2 -4.0 -4.0 -0.748 -0.840 -0.2374 -0.2787 12.40 
0.388 2 2 2 -4.0 -4.0 -0.736 -0.774 -0.2374 -0.3289 12.40 
0.389 2 2 2 -4.0 -4.0 -0.728 -0.754 -0.2787 -0.3374 12.40 
0.390 2 2 2 -4.0 -4.0 -0.707 -0.734 -0.2996 -0.3715 12.40 
0.391 2 2 2 -4.0 -4.0 -0.691 -0.708 -0.3490 -0.3860 12.40 
0.392 2 2 2 -4.0 -4.0 -0.709 -0.724 -0.3715 -0.3976 12.40 
0.393 2 2 2 -4.0 -4.0 -0.607 -0.782 -0.3896 -0.3860 12.40 
0.394 2 2 2 -4.0 -4.0 -0.597 -0.754 -0.3715 -0.4269 12.40 
0.395 2 2 2 -4.0 -4.0 -0.514 -0.718 -0.4317 -0.4562 12.40 
0.396 2 2 2 -4.0 -4.0 -0.525 -0.682 -0.4362 -0.4667 12.40 
0.397 2 2 2 -4.0 -4.0 -0.542 -0.607 -0.4410 -0.4562 12.41 
0.398 2 2 2 -4.0 -4.0 -0.546 -0.583 -0.4956 -0.5149 12.41 
0.399 2 2 2 -4.0 -4.0 -0.563 -0.580 -0.4956 -0.5281 12.41 
0.400 2 2 2 -4.0 -4.0 -0.497 -0.621 -0.4956 -0.5149 12.41 
0.401 2 2 2 -4.0 -4.0 -0.455 -0.591 -0.5426 -0.5655 12.41 
0.402 2 2 2 -4.0 -4.0 -0.464 -0.526 -0.5904 -0.5820 12.42 
0.403 2 2 2 -4.0 -4.0 -0.465 -0.474 -0.5655 -0.5992 12.42 
0.404 2 2 2 -4.0 -4.0 -0.466 -0.456 -0.5820 -0.6085 12.41 
0.405 2 2 2 -4.0 -4.0 -0.455 -0.522 -0.5992 -0.5820 12.41 
0.406 2 2 2 -4.0 -4.0 -0.420 -0.526 -0.5575 -0.6273 12.42 
0.407 2 2 2 -4.0 -4.0 -0.389 -0.476 -0.6374 -0.6374 12.42 
0.408 2 2 2 -4.0 -4.0 -0.397 -0.437 -0.6177 -0.6085 12.42 
0.409 2 2 2 -4.0 -4.0 -0.375 -0.419 -0.6924 -0.6583 12.43 
0.410 2 2 2 -4.0 -4.0 -0.395 -0.452 -0.6804 -0.6273 12.42 
0.411 2 2 2 -4.0 -4.0 -0.348 -0.484 -0.6177 -0.6804 12.42 
0.412 2 2 2 -4.0 -4.0 -0.362 -0.442 -0.6691 -0.7044 12.42 
0.413 2 2 2 -4.0 -4.0 -0.359 -0.421 -0.6804 -0.7044 12.42 
0.414 2 2 2 -4.0 -4.0 -0.340 -0.428 -0.7044 -0.7169 12.42 
0.415 2 2 2 -4.0 -4.0 -0.340 -0.493 -0.6924 -0.7575 12.42 
0.416 2 2 2 -4.0 -4.0 -0.329 -0.442 -0.7044 -0.7872 12.43 
0.417 2 2 2 -4.0 -4.0 -0.340 -0.395 -0.7044 -0.7302 12.43 
0.418 2 2 2 -4.0 -4.0 -0.333 -0.345 -0.7169 -0.7169 12.42 
0.419 2 2 2 -4.0 -4.0 -0.336 -0.366 -0.7575 -0.7434 12.42 
0.420 2 2 2 -4.0 -4.0 -0.325 -0.408 -0.7434 -0.7434 12.42 
0.421 2 2 2 -4.0 -4.0 -0.311 -0.362 -0.7575 -0.7434 12.42 
0.422 2 2 2 -4.0 -4.0 -0.306 -0.350 -0.7575 -0.7723 12.43 
0.423 2 2 2 -4.0 -4.0 -0.321 -0.374 -0.8032 -0.7302 12.42 
0.424 2 2 2 -4.0 -4.0 -0.304 -0.395 -0.7723 -0.7872 12.42 
0.425 2 2 2 -4.0 -4.0 -0.297 -0.364 -0.8193 -0.7575 12.42 
0.426 2 2 2 -4.0 -4.0 -0.276 -0.337 -0.7872 -0.8032 12.42 
0.427 2 2 2 -4.0 -4.0 -0.287 -0.358 -0.8366 -0.7723 12.42 
0.428 2 2 2 -4.0 -4.0 -0.273 -0.387 -0.7575 -0.8193 12.42 
0.429 2 2 2 -4.0 -4.0 -0.256 -0.320 -0.8543 -0.7872 12.43 
0.430 2 2 2 -4.0 -4.0 -0.264 -0.293 -0.7434 -0.8366 12.43 
0.431 2 2 2 -4.0 -4.0 -0.263 -0.315 -0.8193 -0.8032 12.42 
0.432 2 2 2 -4.0 -4.0 -0.261 -0.315 -0.7723 -0.8543 12.42 
0.433 2 2 2 -4.0 -4.0 -0.233 -0.286 -0.8193 -0.8366 12.43 
0.434 2 2 2 -4.0 -4.0 -0.249 -0.271 -0.8727 -0.8727 12.43 
0.435 2 2 2 -4.0 -4.0 -0.234 -0.308 -0.8727 -0.8543 12.42 
0.436 2 2 2 -4.0 -4.0 -0.233 -0.324 -0.8543 -0.8924 12.42 
0.437 2 2 2 -4.0 -4.0 -0.233 -0.297 -0.8727 -0.8543 12.44 
0.438 2 2 2 -4.0 -4.0 -0.245 -0.303 -0.8924 -0.8727 12.43 
0.439 2 2 2 -4.0 -4.0 -0.231 -0.337 -0.8924 -0.8924 12.44 
0.440 2 2 2 -4.0 -4.0 -0.233 -0.299 -0.8924 -0.8366 12.44 
0.441 2 2 2 -4.0 -4.0 -0.205 -0.258 -0.8924 -0.8543 12.44 
0.442 2 2 2 -4.0 -4.0 -0.215 -0.268 -0.9338 -0.8727 12.43 
0.443 2 2 2 -4.0 -4.0 -0.202 -0.309 -0.9796 -0.8924 12.43 
0.444 2 2 2 -4.0 -4.0 -0.211 -0.278 -0.9559 -0.9338 12.43 
0.445 2 2 2 -4.0 -4.0 -0.193 -0.248 -0.9796 -0.9338 12.43 
0.446 2 2 2 -4.0 -4.0 -0.209 -0.300 -0.9559 -0.9125 12.43 
0.447 2 2 2 -4.0 -4.0 -0.193 -0.282 -1.0041 -0.9338 12.44 
0.448 2 2 2 -4.0 -4.0 -0.205 -0.250 -1.0298 -0.9559 12.43 
0.449 2 2 2 -4.0 -4.0 -0.209 -0.259 -1.0041 -0.9338 12.43 
0.450 2 2 2 -4.0 -4.0 -0.198 -0.276 -0.9559 -0.9796 12.43 
0.451 2 2 2 -4.0 -4.0 -0.186 -0.244 -0.8727 -0.9796 12.43 
0.452 2 2 2 -4.0 -4.0 -0.190 -0.216 -0.9559 -0.9796 12.43 
0.453 2 2 2 -4.0 -4.0 -0.182 -0.256 -0.9796 -0.9796 12.43 
0.454 2 2 2 -4.0 -4.0 -0.179 -0.242 -0.9796 -0.9559 12.43 
0.455 2 2 2 -4.0 -4.0 -0.169 -0.200 -1.0298 -0.9796 12.43 
0.456 2 2 2 -4.0 -4.0 -0.173 -0.277 -0.8924 -0.9796 12.43 
0.457 2 2 2 -4.0 -4.0 -0.195 -0.257 -0.9559 -1.0041 12.43 
0.458 2 2 2 -4.0 -4.0 -0.179 -0.233 -0.9338 -0.9796 12.43 
0.459 2 2 2 -4.0 -4.0 -0.189 -0.263 -0.9559 -0.9796 12.42 
0.460 2 2 2 -4.0 -4.0 -0.193 -0.271 -0.9796 -1.0298 12.43 
0.461 2 2 2 -4.0 -4.0 -0.165 -0.221 -0.9796 -1.0298 12.44 
0.462 2 2 2 -4.0 -4.0 -0.171 -0.211 -1.0298 -1.0041 12.42 
0.463 2 2 2 -4.0 -4.0 -0.190 -0.250 -1.0852 -1.0041 12.42 
0.464 2 2 2 -4.0 -4.0 -0.164 -0.218 -1.0567 -1.0041 12.44 
0.465 2 2 2 -4.0 -4.0 -0.174 -0.201 -1.0567 -1.0298 12.43 
0.466 2 2 2 -4.0 -4.0 -0.164 -0.248 -1.0298 -1.0298 12.43 
0.467 2 2 2 -4.0 -4.0 -0.166 -0.240 -1.0567 -1.0298 12.43 
0.468 2 2 2 -4.0 -4.0 -0.158 -0.206 -1.0852 -1.0567 12.44 
0.469 2 2 2 -4.0 -4.0 -0.158 -0.221 -1.0298 -1.0567 12.43 
0.470 2 2 2 -4.0 -4.0 -0.154 -0.231 -1.1153 -1.0567 12.43 
0.471 2 2 2 -4.0 -4.0 -0.139 -0.172 -1.0852 -1.0567 12.44 
0.472 2 2 2 -4.0 -4.0 -0.154 -0.197 -0.9796 -1.0298 12.44 
0.473 2 2 2 -4.0 -4.0 -0.146 -0.205 -1.0852 -1.0567 12.43 
0.474 2 2 2 -4.0 -4.0 -0.127 -0.183 -1.1153 -1.0567 12.44 
0.475 2 2 2 -4.0 -4.0 -0.147 -0.188 -1.1153 -1.0298 12.43 
0.476 2 2 2 -4.0 -4.0 -0.162 -0.214 -1.1153 -1.0852 12.42 
0.477 2 2 2 -4.0 -4.0 -0.139 -0.204 -1.1474 -1.0852 12.43 
0.478 2 2 2 -4.0 -4.0 -0.129 -0.218 -1.1153 -1.0567 12.42 
0.479 2 2 2 -4.0 -4.0 -0.133 -0.245 -1.0852 -1.1153 12.43 
0.480 2 2 2 -4.0 -4.0 -0.135 -0.210 -1.0852 -1.1153 12.42 
0.481 2 2 2 -4.0 -4.0 -0.150 -0.171 -1.0852 -1.0852 12.43 
0.482 2 2 2 -4.0 -4.0 -0.157 -0.205 -0.9796 -1.0852 12.43 
0.483 2 2 2 -4.0 -4.0 -0.154 -0.186 -1.0567 -1.1153 12.43 
0.484 2 2 2 -4.0 -4.0 -0.143 -0.178 -1.1153 -1.0298 12.43 
0.485 2 2 2 -4.0 -4.0 -0.161 -0.202 -1.1474 -1.1153 12.43 
0.486 2 2 2 -4.0 -4.0 -0.145 -0.188 -1.0852 -1.1153 12.43 
0.487 2 2 2 -4.0 -4.0 -0.147 -0.175 -1.1153 -1.1153 12.43 
0.488 2 2 2 -4.0 -4.0 -0.141 -0.195 -1.1153 -1.1153 12.43 
0.489 2 2 2 -4.0 -4.0 -0.131 -0.137 -1.0567 -1.1153 12.43 
0.490 2 2 2 -4.0 -4.0 -0.124 -0.139 -1.1153 -1.1153 12.43 
0.491 2 2 2 -4.0 -4.0 -0.114 -0.172 -1.1153 -1.1153 12.44 
0.492 2 2 2 -4.0 -4.0 -0.116 -0.167 -1.0852 -1.1153 12.43 
0.493 2 2 2 -4.0 -4.0 -0.120 -0.129 -1.1474 -1.1153 12.43 
0.494 2 2 2 -4.0 -4.0 -0.131 -0.172 -1.1474 -1.1474 12.43 
0.495 2 2 2 -4.0 -4.0 -0.104 -0.178 -1.1153 -1.1153 12.44 
0.496 2 2 2 -4.0 -4.0 -0.122 -0.183 -1.1153 -1.1153 12.43 
0.497 2 2 2 -4.0 -4.0 -0.051 -0.244 -1.1474 -1.1812 12.43 
0.498 2 2 2 -4.0 -4.0 -0.085 -0.235 -1.1153 -1.1812 12.43 
0.499 2 2 2 -4.0 -4.0 -0.105 -0.161 -1.1474 -1.1153 12.43 
0.500 2 2 2 -4.0 -4.0 -0.129 -0.184 -1.1474 -1.1153 12.43 
0.501 2 2 2 -4.0 -4.0 -0.121 -0.161 -1.1153 -1.1474 12.43 
0.502 2 2 2 -4.0 -4.0 -0.131 -0.141 -1.1474 -0.9559 12.43 
0.503 2 2 3 0.0 0.0 -0.134 -0.176 -1.1812 -1.1812 12.43 
0.504 2 2 3 0.0 0.0 0.051 -0.130 -1.2169 -1.1812 12.44 
0.505 2 2 3 0.0 0.0 0.310 0.173 -1.1474 -1.1474 12.44 
0.506 2 2 3 0.0 0.0 0.474 0.451 -1.1812 -1.1474 12.44 
0.507 2 2 3 0.0 0.0 0.646 0.598 -1.1153 -1.1153 12.44 
0.508 2 2 3 0.0 0.0 0.654 0.714 -1.0852 -1.0852 12.44 
0.509 2 2 3 0.0 0.0 0.612 0.752 -1.0567 -1.0567 12.45 
0.510 2 2 3 0.0 0.0 0.694 0.713 -1.0041 -0.9796 12.45 
0.511 2 2 3 0.0 0.0 0.750 0.725 -1.0298 -0.9796 12.45 
0.512 2 2 3 0.0 0.0 0.606 0.770 -0.9125 -0.8366 12.44 
0.513 2 2 3 0.0 0.0 0.632 0.718 -0.9125 -0.8924 12.45 
0.514 2 2 3 0.0 0.0 0.686 0.672 -0.8924 -0.8366 12.45 
0.515 2 2 3 0.0 0.0 0.612 0.714 -0.8366 -0.8193 12.45 
0.516 2 2 3 0.0 0.0 0.561 0.739 -0.8193 -0.8032 12.44 
0.517 2 2 3 0.0 0.0 0.592 0.612 -0.7872 -0.7872 12.45 
0.518 2 2 3 0.0 0.0 0.622 0.622 -0.7872 -0.7302 12.45 
0.519 2 2 3 0.0 0.0 0.614 0.642 -0.7169 -0.6924 12.45 
0.520 2 2 3 0.0 0.0 0.503 0.623 -0.7169 -0.6804 12.45 
0.521 2 2 3 0.0 0.0 0.492 0.627 -0.6924 -0.7044 12.45 
0.522 2 2 3 0.0 0.0 0.544 0.549 -0.6583 -0.6583 12.45 
0.523 2 2 3 0.0 0.0 0.565 0.532 -0.7044 -0.6583 12.45 
0.524 2 2 3 0.0 0.0 0.447 0.558 -0.6474 -0.6273 12.45 
0.525 2 2 3 0.0 0.0 0.424 0.551 -0.6583 -0.6085 12.45 
0.526 2 2 3 0.0 0.0 0.447 0.495 -0.6177 -0.5820 12.45 
0.527 2 2 3 0.0 0.0 0.476 0.462 -0.5992 -0.5820 12.45 
0.528 2 2 3 0.0 0.0 0.503 0.453 -0.6085 -0.5426 12.45 
0.529 2 2 3 0.0 0.0 0.474 0.449 -0.5655 -0.5281 12.45 
0.530 2 2 3 0.0 0.0 0.354 0.467 -0.5354 -0.5020 12.45 
0.531 2 2 3 0.0 0.0 0.333 0.456 -0.5213 -0.4896 12.45 
0.532 2 2 3 0.0 0.0 0.345 0.421 -0.5426 -0.4462 12.45 
0.533 2 2 3 0.0 0.0 0.344 0.402 -0.4956 -0.4667 12.45 
0.534 2 2 3 0.0 0.0 0.371 0.355 -0.3522 -0.4462 12.45 
0.535 2 2 3 0.0 0.0 0.371 0.330 -0.4181 -0.4362 12.45 
0.536 2 2 3 0.0 0.0 0.329 0.334 -0.4269 -0.3582 12.45 
0.537 2 2 3 0.0 0.0 0.268 0.328 -0.3976 -0.3896 12.45 
0.538 2 2 3 0.0 0.0 0.257 0.314 -0.3317 -0.3787 12.45 
0.539 2 2 3 0.0 0.0 0.248 0.327 -0.3860 -0.3683 12.45 
0.540 2 2 3 0.0 0.0 0.274 0.319 -0.3522 -0.3185 12.45 
0.541 2 2 3 0.0 0.0 0.305 0.277 -0.3462 -0.3651 12.45 
0.542 2 2 3 0.0 0.0 0.302 0.269 -0.3402 -0.3430 12.45 
0.543 2 2 3 0.0 0.0 0.308 0.268 -0.3161 -0.3289 12.45 
0.544 2 2 3 0.0 0.0 0.282 0.250 -0.3936 -0.3064 12.45 
0.545 2 2 3 0.0 0.0 0.242 0.254 -0.3161 -0.2639 12.45 
0.546 2 2 3 0.0 0.0 0.215 0.249 -0.2928 -0.2639 12.45 
0.547 2 2 3 0.0 0.0 0.194 0.231 -0.2928 -0.2952 12.45 
0.548 2 2 3 0.0 0.0 0.174 0.237 -0.2418 -0.2554 12.45 
0.549 2 2 3 0.0 0.0 0.202 0.212 -0.3237 -0.2554 12.45 
0.550 2 2 3 0.0 0.0 0.219 0.179 -0.2972 -0.2446 12.45 
0.551 2 2 3 0.0 0.0 0.208 0.178 -0.2522 -0.2446 12.45 
0.552 2 2 3 0.0 0.0 0.211 0.186 -0.2321 -0.2008 12.45 
0.553 2 2 3 0.0 0.0 0.209 0.179 -0.2321 -0.2008 12.45 
0.554 2 2 3 0.0 0.0 0.184 0.173 -0.1988 -0.2333 12.46 
0.555 2 2 3 0.0 0.0 0.197 0.168 -0.1988 -0.2193 12.45 
0.556 2 2 3 0.0 0.0 0.185 0.140 -0.2446 -0.2133 12.45 
0.557 2 2 3 0.0 0.0 0.159 0.151 -0.2446 -0.2056 12.45 
0.558 2 2 3 0.0 0.0 0.165 0.156 -0.1807 -0.1884 12.45 
0.559 2 2 3 0.0 0.0 0.150 0.157 -0.1807 -0.1884 12.45 
0.560 2 2 3 0.0 0.0 0.093 0.169 -0.1807 -0.1498 12.45 
0.561 2 2 3 0.0 0.0 0.100 0.161 -0.1775 -0.1498 12.45 
0.562 2 2 3 0.0 0.0 0.107 0.140 -0.1775 -0.1498 12.45 
0.563 2 2 3 0.0 0.0 0.093 0.154 -0.1454 -0.1631 12.45 
0.564 2 2 3 0.0 0.0 0.121 0.151 -0.1454 -0.1631 12.45 
0.565 2 2 3 0.0 0.0 0.127 0.132 -0.1454 -0.1498 12.44 
0.566 2 2 3 0.0 0.0 0.111 0.132 -0.1731 -0.1293 12.45 
0.567 2 2 3 0.0 0.0 0.114 0.121 -0.1731 -0.1293 12.45 
0.568 2 2 3 0.0 0.0 0.117 0.106 -0.1426 -0.1293 12.45 
0.569 2 2 3 0.0 0.0 0.098 0.117 -0.1209 -0.1197 12.46 
0.570 2 2 3 0.0 0.0 0.105 0.111 -0.1209 -0.1197 12.45 
0.571 2 2 3 0.0 0.0 0.103 0.093 -0.1209 -0.1197 12.45 
0.572 2 2 3 0.0 0.0 0.087 0.102 -0.1149 -0.1197 12.45 
0.573 2 2 3 0.0 0.0 0.096 0.098 -0.0984 -0.0976 12.45 
0.574 2 2 3 0.0 0.0 0.089 0.084 -0.0984 -0.0976 12.45 
0.575 2 2 3 0.0 0.0 0.063 0.096 -0.0984 -0.0976 12.45 
0.576 2 2 3 0.0 0.0 0.077 0.085 -0.0984 -0.0976 12.45 
0.577 2 2 3 0.0 0.0 0.070 0.064 -0.0908 -0.0972 12.44 
0.578 2 2 3 0.0 0.0 0.051 0.065 -0.0739 -0.0884 12.45 
0.579 2 2 3 0.0 0.0 0.061 0.056 -0.0727 -0.0884 12.45 
0.580 2 2 3 0.0 0.0 0.062 0.027 -0.0727 -0.0884 12.45 
0.581 2 2 3 0.0 0.0 0.038 0.037 -0.0727 -0.0884 12.45 
0.582 2 2 3 0.0 0.0 0.050 0.048 -0.0727 -0.0872 12.45 
0.583 2 2 3 0.0 0.0 0.052 0.030 -0.0727 -0.0715 12.45 
0.584 2 2 3 0.0 0.0 0.040 0.047 -0.0679 -0.0606 12.45 
0.585 2 2 3 0.0 0.0 0.047 0.041 -0.0659 -0.0606 12.45 
0.586 2 2 3 0.0 0.0 0.049 0.021 -0.0659 -0.0606 12.45 
0.587 2 2 3 0.0 0.0 0.036 0.031 -0.0659 -0.0606 12.45 
0.588 2 2 3 0.0 0.0 0.040 0.021 -0.0659 -0.0606 12.45 
0.589 2 2 3 0.0 0.0 0.032 0.008 -0.0659 -0.0606 12.45 
0.590 2 2 3 0.0 0.0 0.018 0.028 -0.0659 -0.0606 12.45 
0.591 2 2 3 0.0 0.0 0.024 0.029 -0.0586 -0.0574 12.45 
0.592 2 2 3 0.0 0.0 0.032 0.014 -0.0510 -0.0502 12.45 
0.593 2 2 3 0.0 0.0 0.015 0.019 -0.0454 -0.0446 12.45 
0.594 2 2 3 0.0 0.0 0.025 0.022 -0.0410 -0.0402 12.45 
0.595 2 2 3 0.0 0.0 0.027 0.003 -0.0410 -0.0361 12.45 
0.596 2 2 3 0.0 0.0 0.013 0.013 -0.0410 -0.0333 12.45 
0.597 2 2 3 0.0 0.0 0.031 0.022 -0.0410 -0.0305 12.45 
0.598 2 2 3 0.0 0.0 0.034 0.012 -0.0410 -0.0285 12.45 
0.599 2 2 3 0.0 0.0 0.021 0.013 -0.0410 -0.0265 12.45 
0.600 2 2 3 0.0 0.0 0.101 -0.024 -0.0410 -0.0249 12.44 
0.601 2 2 3 0.0 0.0 0.059 -0.049 -0.0410 -0.0233 12.45 
0.602 2 2 3 0.0 0.0 0.021 -0.005 -0.0410 -0.0221 12.45 
0.603 2 2 3 0.0 0.0 0.022 0.003 -0.0410 -0.0209 12.45 
0.604 2 2 3 0.0 0.0 0.021 -0.006 -0.0398 -0.0201 12.44 
0.605 2 2 3 0.0 0.0 0.009 0.009 -0.0361 -0.0189 12.45 
0.606 2 2 3 0.0 0.0 0.022 0.007 -0.0329 -0.0181 12.44 
0.607 2 2 3 0.0 0.0 0.022 -0.006 -0.0305 -0.0173 12.45 
0.608 2 2 3 0.0 0.0 0.006 0.011 -0.0297 -0.0165 12.45 
0.609 2 2 3 0.0 0.0 0.017 0.013 -0.0297 -0.0161 12.45 
0.610 2 2 3 0.0 0.0 0.022 -0.002 -0.0297 -0.0153 12.45 
0.611 2 2 3 0.0 0.0 0.005 0.009 -0.0297 -0.0149 12.44 
0.612 2 2 3 0.0 0.0 0.009 0.004 -0.0297 -0.0141 12.44 
0.613 2 2 3 0.0 0.0 0.009 -0.005 -0.0297 -0.0137 12.44 
0.614 2 2 3 0.0 0.0 0.002 0.007 -0.0297 -0.0133 12.45 
0.615 2 2 3 0.0 0.0 0.012 0.001 -0.0297 -0.0129 12.46 
0.616 2 2 3 0.0 0.0 0.009 -0.006 -0.0297 -0.0125 12.45 
0.617 2 2 3 0.0 0.0 -0.010 0.008 -0.0297 -0.0120 12.45 
0.618 2 2 3 0.0 0.0 0.004 0.002 -0.0297 -0.0116 12.45 
0.619 2 2 3 0.0 0.0 0.008 -0.015 -0.0297 -0.0112 12.45 
0.620 2 2 3 0.0 0.0 -0.001 -0.002 -0.0297 -0.0108 12.45 
0.621 2 2 3 0.0 0.0 0.005 0.004 -0.0289 -0.0108 12.45 
0.622 2 2 3 0.0 0.0 -0.003 -0.009 -0.0269 -0.0104 12.44 
0.623 2 2 3 0.0 0.0 -0.015 0.011 -0.0253 -0.0100 12.44 
0.624 2 2 3 0.0 0.0 0.001 0.008 -0.0237 -0.0100 12.45 
0.625 2 2 3 0.0 0.0 0.001 0.005 -0.0225 -0.0096 12.45 
0.626 2 2 3 0.0 0.0 -0.015 0.006 -0.0213 -0.0092 12.45 
0.627 2 2 3 0.0 0.0 -0.000 0.007 -0.0201 -0.0092 12.45 
0.628 2 2 3 0.0 0.0 0.004 -0.005 -0.0193 -0.0088 12.45 
0.629 2 2 3 0.0 0.0 -0.015 0.007 -0.0185 -0.0088 12.45 
0.630 2 2 3 0.0 0.0 -0.002 -0.001 -0.0177 -0.0084 12.45 
0.631 2 2 3 0.0 0.0 -0.000 -0.008 -0.0169 -0.0084 12.44 
0.632 2 2 3 0.0 0.0 -0.013 0.009 -0.0161 -0.0080 12.45 
0.633 2 2 3 0.0 0.0 -0.001 0.005 -0.0153 -0.0080 12.45 
0.634 2 2 3 0.0 0.0 0.002 -0.007 -0.0149 -0.0080 12.45 
0.635 2 2 3 0.0 0.0 -0.016 0.003 -0.0145 -0.0076 12.45 
0.636 2 2 3 0.0 0.0 -0.004 0.004 -0.0137 -0.0076 12.45 
0.637 2 2 3 0.0 0.0 0.002 -0.009 -0.0133 -0.0072 12.46 
0.638 2 2 3 0.0 0.0 -0.009 0.002 -0.0129 -0.0072 12.45 
0.639 2 2 3 0.0 0.0 -0.001 0.005 -0.0125 -0.0072 12.45 
0.640 2 2 3 0.0 0.0 0.001 -0.007 -0.0120 -0.0068 12.45 
0.641 2 2 3 0.0 0.0 -0.012 0.006 -0.0116 -0.0068 12.46 
0.642 2 2 3 0.0 0.0 -0.002 0.012 -0.0112 -0.0068 12.45 
0.643 2 2 3 0.0 0.0 -0.002 -0.008 -0.0112 -0.0064 12.45 
0.644 2 2 3 0.0 0.0 -0.010 -0.001 -0.0108 -0.0064 12.46 
0.645 2 2 3 0.0 0.0 -0.001 0.003 -0.0104 -0.0064 12.45 
0.646 2 2 3 0.0 0.0 0.006 -0.012 -0.0100 -0.0064 12.45 
0.647 2 2 3 0.0 0.0 -0.011 0.001 -0.0100 -0.0060 12.45 
0.648 2 2 3 0.0 0.0 -0.003 0.006 -0.0096 -0.0060 12.45 
0.649 2 2 3 0.0 0.0 0.001 -0.010 -0.0092 -0.0060 12.45 
0.650 2 2 3 0.0 0.0 -0.016 0.007 -0.0092 -0.0060 12.45 
0.651 2 2 3 0.0 0.0 -0.008 0.003 -0.0088 -0.0056 12.45 
0.652 2 2 3 0.0 0.0 0.007 0.000 -0.0088 -0.0056 12.45 
0.653 2 2 3 0.0 0.0 -0.009 0.005 -0.0084 -0.0056 12.45 
0.654 2 2 3 0.0 0.0 -0.002 0.011 -0.0084 -0.0056 12.45 
0.655 2 2 3 0.0 0.0 0.014 -0.008 -0.0080 -0.0056 12.46 
0.656 2 2 3 0.0 0.0 -0.010 0.001 -0.0080 -0.0052 12.45 
0.657 2 2 3 0.0 0.0 -0.000 0.003 -0.0080 -0.0052 12.45 
0.658 2 2 3 0.0 0.0 0.006 -0.009 -0.0076 -0.0052 12.45 
0.659 2 2 3 0.0 0.0 -0.013 -0.001 -0.0076 -0.0052 12.46 
0.660 2 2 3 0.0 0.0 -0.002 0.008 -0.0072 -0.0052 12.46 
0.661 2 2 3 0.0 0.0 0.007 -0.008 -0.0072 -0.0048 12.46 
0.662 2 2 3 0.0 0.0 -0.012 0.000 -0.0072 -0.0048 12.46 
0.663 2 2 3 0.0 0.0 -0.007 0.010 -0.0068 -0.0048 12.45 
0.664 2 2 3 0.0 0.0 0.001 -0.005 -0.0068 -0.0048 12.45 
0.665 2 2 3 0.0 0.0 -0.013 0.011 -0.0068 -0.0048 12.45 
