%% logfile from robot Emilie (25)
% Emilie (25)
%  1    time 0.000 sec
%  2  3  4   (mission 0), state 2, thread 2, line 0
%  5  6 Motor voltage [V] left, right: 2.0 2.0
%  7  8 Motor current left, right [A]: 0.027 0.024
%  9 10 Wheel velocity [m/s] left, right: -0.0000 -0.0000
% 11    Battery voltage [V]: 11.16
0.001 2 2 0 2.0 2.0 0.041 0.032 -0.0000 -0.0000 11.13 
0.002 2 2 0 2.0 2.0 0.200 0.121 -0.0000 -0.0000 11.12 
0.003 2 2 0 2.0 2.0 0.368 0.329 -0.0000 -0.0000 11.10 
0.004 2 2 0 2.0 2.0 0.469 0.494 -0.0000 -0.0000 11.10 
0.005 2 2 0 2.0 2.0 0.508 0.586 -0.0000 -0.0000 11.10 
0.006 2 2 0 2.0 2.0 0.519 0.567 -0.0000 -0.0000 11.10 
0.007 2 2 0 2.0 2.0 0.534 0.579 -0.0000 -0.0000 11.08 
0.008 2 2 0 2.0 2.0 0.538 0.614 -0.0000 -0.0000 11.09 
0.009 2 2 0 2.0 2.0 0.510 0.610 0.0000 0.0000 11.08 
0.010 2 2 0 2.0 2.0 0.486 0.612 0.0000 0.0000 11.07 
0.011 2 2 0 2.0 2.0 0.491 0.603 0.0000 0.0000 11.08 
0.012 2 2 0 2.0 2.0 0.477 0.583 0.1382 0.1390 11.07 
0.013 2 2 0 2.0 2.0 0.458 0.590 0.1382 0.1390 11.06 
0.014 2 2 0 2.0 2.0 0.441 0.554 0.1968 0.1815 11.06 
0.015 2 2 0 2.0 2.0 0.443 0.617 0.1968 0.1815 11.08 
0.016 2 2 0 2.0 2.0 0.440 0.493 0.1948 0.1839 11.09 
0.017 2 2 0 2.0 2.0 0.401 0.486 0.1948 0.1839 11.08 
0.018 2 2 0 2.0 2.0 0.343 0.482 0.2229 0.2510 11.08 
0.019 2 2 0 2.0 2.0 0.359 0.481 0.2229 0.2478 11.08 
0.020 2 2 0 2.0 2.0 0.367 0.497 0.2253 0.2478 11.08 
0.021 2 2 0 2.0 2.0 0.352 0.441 0.2807 0.2639 11.07 
0.022 2 2 0 2.0 2.0 0.329 0.441 0.2711 0.2590 11.07 
0.023 2 2 0 2.0 2.0 0.325 0.452 0.2659 0.2590 11.09 
0.024 2 2 0 2.0 2.0 0.344 0.414 0.2807 0.3213 11.11 
0.025 2 2 0 2.0 2.0 0.337 0.390 0.2908 0.3185 11.08 
0.026 2 2 0 2.0 2.0 0.318 0.422 0.2908 0.3237 11.08 
0.027 2 2 0 2.0 2.0 0.298 0.396 0.3374 0.3040 11.07 
0.028 2 2 0 2.0 2.0 0.326 0.397 0.3137 0.3040 11.09 
0.029 2 2 0 2.0 2.0 0.311 0.310 0.3265 0.3615 11.09 
0.030 2 2 0 2.0 2.0 0.268 0.384 0.3346 0.3213 11.08 
0.031 2 2 0 2.0 2.0 0.263 0.393 0.3787 0.3490 11.11 
0.032 2 2 0 2.0 2.0 0.272 0.354 0.3346 0.3237 11.08 
0.033 2 2 0 2.0 2.0 0.266 0.347 0.3346 0.3936 11.09 
0.034 2 2 0 2.0 2.0 0.249 0.339 0.3615 0.3582 11.09 
0.035 2 2 0 2.0 2.0 0.217 0.343 0.3615 0.3860 11.10 
0.036 2 2 0 2.0 2.0 0.244 0.365 0.3896 0.3787 11.08 
0.037 2 2 0 2.0 2.0 0.240 0.348 0.3823 0.4016 11.09 
0.038 2 2 0 2.0 2.0 0.213 0.328 0.3896 0.3683 11.09 
0.039 2 2 0 2.0 2.0 0.200 0.357 0.3823 0.3896 11.09 
0.040 2 2 0 2.0 2.0 0.199 0.355 0.4056 0.3860 11.05 
0.041 2 2 0 2.0 2.0 0.203 0.337 0.3936 0.4181 11.10 
0.042 2 2 0 2.0 2.0 0.188 0.323 0.4016 0.4225 11.10 
0.043 2 2 0 2.0 2.0 0.168 0.285 0.4097 0.4269 11.09 
0.044 2 2 0 2.0 2.0 0.173 0.312 0.4317 0.4016 11.07 
0.045 2 2 0 2.0 2.0 0.200 0.318 0.4225 0.4410 11.09 
0.046 2 2 0 2.0 2.0 0.196 0.294 0.4181 0.4362 11.08 
0.047 2 2 0 2.0 2.0 0.184 0.308 0.4225 0.4462 11.08 
0.048 2 2 0 2.0 2.0 0.164 0.256 0.4462 0.4362 11.09 
0.049 2 2 0 2.0 2.0 0.188 0.263 0.4362 0.4615 11.10 
0.050 2 2 0 2.0 2.0 0.183 0.271 0.3823 0.3823 11.09 
0.051 2 2 0 2.0 2.0 0.177 0.282 0.4269 0.4462 11.11 
0.052 2 2 0 2.0 2.0 0.165 0.271 0.4462 0.4779 11.13 
0.053 2 2 0 2.0 2.0 0.158 0.248 0.4462 0.4462 11.11 
0.054 2 2 0 2.0 2.0 0.159 0.285 0.4016 0.4615 11.10 
0.055 2 2 0 2.0 2.0 0.150 0.266 0.4462 0.4510 11.11 
0.056 2 2 0 2.0 2.0 0.126 0.266 0.4562 0.4836 11.11 
0.057 2 2 0 2.0 2.0 0.119 0.257 0.4615 0.4836 11.12 
0.058 2 2 0 2.0 2.0 0.128 0.259 0.4956 0.4667 11.11 
0.059 2 2 0 2.0 2.0 0.146 0.214 0.4896 0.4956 11.09 
0.060 2 2 0 2.0 2.0 0.128 0.254 0.4836 0.4896 11.06 
0.061 2 2 0 2.0 2.0 0.117 0.262 0.4956 0.4956 11.11 
0.062 2 2 0 2.0 2.0 0.121 0.229 0.4896 0.5020 11.11 
0.063 2 2 0 2.0 2.0 0.117 0.228 0.4896 0.5020 11.11 
0.064 2 2 0 2.0 2.0 0.120 0.225 0.4836 0.5020 11.09 
0.065 2 2 0 2.0 2.0 0.119 0.247 0.5020 0.4723 11.09 
0.066 2 2 0 2.0 2.0 0.119 0.223 0.4956 0.5149 11.10 
0.067 2 2 0 2.0 2.0 0.138 0.228 0.4779 0.5149 11.12 
0.068 2 2 0 2.0 2.0 0.135 0.221 0.5149 0.4896 11.11 
0.069 2 2 0 2.0 2.0 0.117 0.238 0.5020 0.5281 11.11 
0.070 2 2 0 2.0 2.0 0.086 0.230 0.5020 0.5281 11.10 
0.071 2 2 0 2.0 2.0 0.100 0.187 0.5281 0.5020 11.10 
0.072 2 2 0 2.0 2.0 0.118 0.223 0.5149 0.5354 11.10 
0.073 2 2 0 2.0 2.0 0.131 0.218 0.5081 0.5213 11.09 
0.074 2 2 0 2.0 2.0 0.110 0.198 0.5354 0.4956 11.11 
0.075 2 2 0 2.0 2.0 0.089 0.205 0.5081 0.5354 11.13 
0.076 2 2 0 2.0 2.0 0.096 0.182 0.5149 0.5281 11.13 
0.077 2 2 0 2.0 2.0 0.102 0.183 0.5354 0.5213 11.10 
0.078 2 2 0 2.0 2.0 0.111 0.215 0.5149 0.5498 11.10 
0.079 2 2 0 2.0 2.0 0.090 0.194 0.5149 0.5281 11.10 
0.080 2 2 0 2.0 2.0 0.109 0.197 0.5354 0.5149 11.09 
0.081 2 2 0 2.0 2.0 0.091 0.209 0.5213 0.5498 11.13 
0.082 2 2 0 2.0 2.0 0.088 0.143 0.5213 0.5426 11.11 
0.083 2 2 0 2.0 2.0 0.066 0.209 0.5213 0.5149 11.10 
0.084 2 2 0 2.0 2.0 0.071 0.225 0.5281 0.5498 11.14 
0.085 2 2 0 2.0 2.0 0.090 0.189 0.5213 0.5281 11.11 
0.086 2 2 0 2.0 2.0 0.108 0.179 0.5020 0.5213 11.10 
0.087 2 2 0 2.0 2.0 0.089 0.186 0.5575 0.5498 11.15 
0.088 2 2 0 2.0 2.0 0.057 0.187 0.5426 0.5020 11.14 
0.089 2 2 0 2.0 2.0 0.070 0.178 0.4956 0.5426 11.12 
0.090 2 2 0 2.0 2.0 0.085 0.176 0.5426 0.5735 11.11 
0.091 2 2 0 2.0 2.0 0.096 0.216 0.5354 0.5281 11.10 
0.092 2 2 0 2.0 2.0 0.075 0.199 0.5020 0.5213 11.10 
0.093 2 2 0 2.0 2.0 0.065 0.175 0.5354 0.5575 11.10 
0.094 2 2 0 2.0 2.0 0.074 0.172 0.5281 0.5498 11.10 
0.095 2 2 0 2.0 2.0 0.068 0.188 0.5354 0.5281 11.14 
0.096 2 2 0 2.0 2.0 0.077 0.166 0.5498 0.5655 11.13 
0.097 2 2 0 2.0 2.0 0.078 0.187 0.5426 0.5575 11.11 
0.098 2 2 0 2.0 2.0 0.085 0.202 0.5149 0.5281 11.13 
0.099 2 2 0 2.0 2.0 0.082 0.163 0.5426 0.5655 11.12 
0.100 2 2 0 2.0 2.0 0.070 0.144 0.5354 0.5655 11.15 
0.101 2 2 0 2.0 2.0 0.056 0.171 0.5354 0.5213 11.11 
0.102 2 2 0 2.0 2.0 0.053 0.181 0.5354 0.5655 11.11 
0.103 2 2 0 2.0 2.0 0.096 0.206 0.5354 0.5655 11.07 
0.104 2 2 0 2.0 2.0 0.101 0.211 0.5213 0.5426 11.09 
0.105 2 2 0 2.0 2.0 0.086 0.171 0.5426 0.5820 11.11 
0.106 2 2 0 2.0 2.0 0.049 0.162 0.5426 0.5735 11.07 
0.107 2 2 0 2.0 2.0 0.056 0.184 0.5426 0.5498 11.09 
0.108 2 2 0 2.0 2.0 0.071 0.191 0.5575 0.5575 11.14 
0.109 2 2 0 2.0 2.0 0.099 0.156 0.5498 0.5655 11.11 
0.110 2 2 0 2.0 2.0 0.078 0.174 0.5426 0.5735 11.12 
0.111 2 2 0 2.0 2.0 0.068 0.164 0.5354 0.5575 11.11 
0.112 2 2 0 2.0 2.0 0.070 0.154 0.5426 0.5655 11.10 
0.113 2 2 0 2.0 2.0 0.070 0.155 0.5655 0.5904 11.11 
0.114 2 2 0 2.0 2.0 0.052 0.161 0.5498 0.5498 11.13 
0.115 2 2 0 2.0 2.0 0.057 0.172 0.5498 0.5575 11.13 
0.116 2 2 0 2.0 2.0 0.068 0.140 0.5735 0.5904 11.12 
0.117 2 2 0 2.0 2.0 0.069 0.126 0.5498 0.5820 11.11 
0.118 2 2 0 2.0 2.0 0.051 0.146 0.5498 0.5498 11.10 
0.119 2 2 0 2.0 2.0 0.045 0.139 0.5735 0.5820 11.10 
0.120 2 2 0 2.0 2.0 0.058 0.176 0.5575 0.5735 11.11 
0.121 2 2 0 2.0 2.0 0.076 0.167 0.5575 0.5575 11.10 
0.122 2 2 0 2.0 2.0 0.082 0.151 0.5655 0.5904 11.11 
0.123 2 2 0 2.0 2.0 0.064 0.144 0.5820 0.5575 11.11 
0.124 2 2 0 2.0 2.0 0.040 0.203 0.5213 0.5820 11.11 
0.125 2 2 0 2.0 2.0 0.068 0.170 0.5655 0.5575 11.11 
0.126 2 2 0 2.0 2.0 0.078 0.156 0.5735 0.5655 11.11 
0.127 2 2 0 2.0 2.0 0.063 0.187 0.5281 0.5498 11.12 
0.128 2 2 0 2.0 2.0 0.051 0.142 0.5655 0.5735 11.14 
0.129 2 2 0 2.0 2.0 0.039 0.149 0.5498 0.5735 11.11 
0.130 2 2 0 2.0 2.0 0.034 0.156 0.5575 0.5904 11.11 
0.131 2 2 0 2.0 2.0 0.035 0.154 0.5904 0.5735 11.14 
0.132 2 2 0 2.0 2.0 0.043 0.156 0.5655 0.5735 11.11 
0.133 2 2 0 2.0 2.0 0.051 0.150 0.5354 0.5820 11.09 
0.134 2 2 0 2.0 2.0 0.059 0.136 0.5655 0.5735 11.10 
0.135 2 2 0 2.0 2.0 0.059 0.201 0.5575 0.5426 11.09 
0.136 2 2 0 2.0 2.0 0.039 0.209 0.5575 0.5820 11.10 
0.137 2 2 0 2.0 2.0 0.044 0.190 0.5575 0.5820 11.10 
0.138 2 2 0 2.0 2.0 0.074 0.188 0.5575 0.5575 11.11 
0.139 2 2 0 2.0 2.0 0.091 0.145 0.5426 0.5904 11.11 
0.140 2 2 0 2.0 2.0 0.070 0.114 0.5575 0.5904 11.11 
0.141 2 2 0 2.0 2.0 0.047 0.120 0.5575 0.5575 11.13 
0.142 2 2 0 2.0 2.0 0.028 0.170 0.5904 0.5655 11.11 
0.143 2 2 0 2.0 2.0 0.062 0.137 0.5655 0.5735 11.10 
0.144 2 2 0 2.0 2.0 0.077 0.152 0.5655 0.5498 11.11 
0.145 2 2 0 2.0 2.0 0.065 0.152 0.5820 0.5735 11.11 
0.146 2 2 0 2.0 2.0 0.041 0.111 0.5575 0.5820 11.12 
0.147 2 2 0 2.0 2.0 0.040 0.142 0.5498 0.5992 11.10 
0.148 2 2 0 2.0 2.0 0.051 0.188 0.5820 0.5655 11.10 
0.149 2 2 0 2.0 2.0 0.063 0.159 0.5655 0.5575 11.09 
0.150 2 2 0 2.0 2.0 0.060 0.110 0.5575 0.5992 11.11 
0.151 2 2 0 2.0 2.0 0.048 0.139 0.5820 0.5904 11.10 
0.152 2 2 0 2.0 2.0 0.050 0.151 0.5575 0.5575 11.12 
0.153 2 2 0 2.0 2.0 0.049 0.144 0.5575 0.5992 11.11 
0.154 2 2 0 2.0 2.0 0.046 0.160 0.5820 0.5820 11.10 
0.155 2 2 0 2.0 2.0 0.049 0.149 0.5575 0.5655 11.10 
0.156 2 2 0 2.0 2.0 0.076 0.152 0.5354 0.5020 11.12 
0.157 2 2 0 2.0 2.0 0.076 0.116 0.5904 0.5655 11.15 
0.158 2 2 0 2.0 2.0 0.057 0.138 0.5735 0.6177 11.11 
0.159 2 2 0 2.0 2.0 0.035 0.185 0.5281 0.5655 11.11 
0.160 2 2 0 2.0 2.0 0.049 0.196 0.5735 0.5820 11.10 
0.161 2 2 0 2.0 2.0 0.068 0.150 0.5655 0.5992 11.11 
0.162 2 2 0 2.0 2.0 0.076 0.141 0.5281 0.5820 11.10 
0.163 2 2 0 2.0 2.0 0.051 0.159 0.5655 0.5575 11.07 
0.164 2 2 0 2.0 2.0 0.035 0.192 0.5575 0.5992 11.10 
0.165 2 2 0 2.0 2.0 0.034 0.181 0.5904 0.5820 11.10 
0.166 2 2 0 2.0 2.0 0.051 0.190 0.5820 0.5575 11.12 
0.167 2 2 0 2.0 2.0 0.060 0.153 0.5735 0.5992 11.12 
0.168 2 2 0 2.0 2.0 0.052 0.150 0.5820 0.5904 11.11 
0.169 2 2 0 2.0 2.0 0.041 0.175 0.5655 0.5498 11.13 
0.170 2 2 0 2.0 2.0 0.044 0.160 0.5575 0.5904 11.11 
0.171 2 2 0 2.0 2.0 0.050 0.130 0.5904 0.5904 11.11 
0.172 2 2 0 2.0 2.0 0.054 0.116 0.5575 0.5992 11.11 
0.173 2 2 0 2.0 2.0 0.059 0.131 0.5426 0.5992 11.11 
0.174 2 2 0 2.0 2.0 0.070 0.135 0.5820 0.5820 11.10 
0.175 2 2 0 2.0 2.0 0.059 0.142 0.5655 0.5992 11.11 
0.176 2 2 0 2.0 2.0 0.047 0.140 0.5655 0.5735 11.15 
0.177 2 2 0 2.0 2.0 0.036 0.142 0.5655 0.5575 11.15 
0.178 2 2 0 2.0 2.0 0.072 0.119 0.5735 0.5904 11.11 
0.179 2 2 0 2.0 2.0 0.070 0.121 0.5655 0.5820 11.12 
0.180 2 2 0 2.0 2.0 0.062 0.160 0.5575 0.5735 11.11 
0.181 2 2 0 2.0 2.0 0.032 0.149 0.5655 0.5354 11.11 
0.182 2 2 0 2.0 2.0 0.031 0.171 0.5904 0.5820 11.10 
0.183 2 2 0 2.0 2.0 0.061 0.139 0.5735 0.5575 11.10 
0.184 2 2 0 2.0 2.0 0.077 0.125 0.5735 0.5904 11.11 
0.185 2 2 0 2.0 2.0 0.062 0.130 0.5820 0.5904 11.12 
0.186 2 2 0 2.0 2.0 0.028 0.101 0.5655 0.5992 11.12 
0.187 2 2 0 2.0 2.0 0.032 0.156 0.5655 0.5820 11.12 
0.188 2 2 0 2.0 2.0 0.042 0.171 0.5904 0.5655 11.10 
0.189 2 2 0 2.0 2.0 0.061 0.143 0.5735 0.5992 11.10 
0.190 2 2 0 2.0 2.0 0.055 0.123 0.5426 0.5426 11.10 
0.191 2 2 0 2.0 2.0 0.052 0.188 0.5735 0.5820 11.09 
0.192 2 2 0 2.0 2.0 0.051 0.169 0.5735 0.6085 11.11 
0.193 2 2 0 2.0 2.0 0.052 0.189 0.5281 0.5820 11.11 
0.194 2 2 0 2.0 2.0 0.051 0.154 0.5655 0.5575 11.11 
0.195 2 2 0 2.0 2.0 0.056 0.130 0.5655 0.5904 11.12 
0.196 2 2 0 2.0 2.0 0.070 0.132 0.5281 0.5904 11.11 
0.197 2 2 0 2.0 2.0 0.057 0.164 0.5575 0.5655 11.11 
0.198 2 2 0 2.0 2.0 0.039 0.158 0.5575 0.5820 11.11 
0.199 2 2 0 2.0 2.0 0.025 0.167 0.5575 0.5904 11.11 
0.200 2 2 0 2.0 2.0 0.037 0.145 0.5820 0.5904 11.11 
0.201 2 2 1 4.0 4.0 0.070 0.140 0.5735 0.5820 11.15 
0.202 2 2 1 4.0 4.0 0.126 0.064 0.5820 0.5498 11.12 
0.203 2 2 1 4.0 4.0 0.300 0.179 0.5735 0.5992 11.11 
0.204 2 2 1 4.0 4.0 0.447 0.310 0.5735 0.6085 11.08 
0.205 2 2 1 4.0 4.0 0.533 0.394 0.6177 0.5904 11.09 
0.206 2 2 1 4.0 4.0 0.537 0.437 0.5992 0.6583 11.09 
0.207 2 2 1 4.0 4.0 0.517 0.511 0.6085 0.6691 11.09 
0.208 2 2 1 4.0 4.0 0.523 0.502 0.6474 0.6924 11.09 
0.209 2 2 1 4.0 4.0 0.545 0.436 0.6583 0.6804 11.08 
0.210 2 2 1 4.0 4.0 0.544 0.440 0.7169 0.7044 11.08 
0.211 2 2 1 4.0 4.0 0.573 0.373 0.7044 0.7044 11.09 
0.212 2 2 1 4.0 4.0 0.515 0.441 0.7434 0.7169 11.09 
0.213 2 2 1 4.0 4.0 0.491 0.393 0.7169 0.7169 11.09 
0.214 2 2 1 4.0 4.0 0.480 0.389 0.7169 0.7302 11.09 
0.215 2 2 1 4.0 4.0 0.500 0.341 0.7434 0.7723 11.09 
0.216 2 2 1 4.0 4.0 0.449 0.384 0.7434 0.7575 11.09 
0.217 2 2 1 4.0 4.0 0.423 0.233 0.7723 0.7723 11.10 
0.218 2 2 1 4.0 4.0 0.414 0.221 0.7872 0.7723 11.11 
0.219 2 2 1 4.0 4.0 0.450 0.269 0.8032 0.7575 11.09 
0.220 2 2 1 4.0 4.0 0.406 0.328 0.7872 0.8032 11.10 
0.221 2 2 1 4.0 4.0 0.409 0.326 0.8366 0.8032 11.13 
0.222 2 2 1 4.0 4.0 0.392 0.311 0.7872 0.8032 11.11 
0.223 2 2 1 4.0 4.0 0.398 0.134 0.8366 0.8543 11.11 
0.224 2 2 1 4.0 4.0 0.346 0.183 0.8032 0.8366 11.11 
0.225 2 2 1 4.0 4.0 0.352 0.354 0.8366 0.8924 11.13 
0.226 2 2 1 4.0 4.0 0.337 0.254 0.8924 0.9125 11.11 
0.227 2 2 1 4.0 4.0 0.352 0.254 0.8924 0.9125 11.10 
0.228 2 2 1 4.0 4.0 0.338 0.247 0.8727 0.8924 11.10 
0.229 2 2 1 4.0 4.0 0.348 0.253 0.8727 0.8924 11.10 
0.230 2 2 1 4.0 4.0 0.332 0.189 0.8924 0.9559 11.12 
0.231 2 2 1 4.0 4.0 0.345 0.127 0.8924 0.9338 11.11 
0.232 2 2 1 4.0 4.0 0.295 0.164 0.9125 0.9796 11.11 
0.233 2 2 1 4.0 4.0 0.312 0.177 0.9125 0.9796 11.12 
0.234 2 2 1 4.0 4.0 0.323 0.188 0.9338 0.9796 11.11 
0.235 2 2 1 4.0 4.0 0.307 0.191 0.9559 0.9796 11.11 
0.236 2 2 1 4.0 4.0 0.270 0.110 0.9559 0.9559 11.11 
0.237 2 2 1 4.0 4.0 0.273 0.128 0.9796 1.0041 11.12 
0.238 2 2 1 4.0 4.0 0.273 0.151 0.9796 1.0041 11.12 
0.239 2 2 1 4.0 4.0 0.253 0.147 1.0041 1.0041 11.11 
0.240 2 2 1 4.0 4.0 0.230 0.157 1.0298 0.9796 11.14 
0.241 2 2 1 4.0 4.0 0.264 0.196 1.0298 1.0298 11.12 
0.242 2 2 1 4.0 4.0 0.234 0.152 1.0567 1.0298 11.12 
0.243 2 2 1 4.0 4.0 0.235 0.062 1.0041 1.0298 11.12 
0.244 2 2 1 4.0 4.0 0.213 0.127 1.0298 1.0041 11.12 
0.245 2 2 1 4.0 4.0 0.192 0.107 1.0298 1.0298 11.12 
0.246 2 2 1 4.0 4.0 0.192 0.128 1.0298 1.0567 11.12 
0.247 2 2 1 4.0 4.0 0.206 0.137 1.0567 0.9796 11.12 
0.248 2 2 1 4.0 4.0 0.203 0.143 1.0567 1.0852 11.11 
0.249 2 2 1 4.0 4.0 0.191 0.085 1.0567 1.0852 11.12 
0.250 2 2 1 4.0 4.0 0.226 0.073 1.0567 1.0852 11.11 
0.251 2 2 1 4.0 4.0 0.218 0.087 1.0852 1.0852 11.12 
0.252 2 2 1 4.0 4.0 0.200 0.117 1.0852 1.0852 11.12 
0.253 2 2 1 4.0 4.0 0.171 0.084 1.0852 1.1153 11.13 
0.254 2 2 1 4.0 4.0 0.173 0.076 1.1153 1.1153 11.12 
0.255 2 2 1 4.0 4.0 0.173 0.007 1.0852 1.1153 11.12 
0.256 2 2 1 4.0 4.0 0.203 0.038 1.0852 1.0852 11.13 
0.257 2 2 1 4.0 4.0 0.196 0.043 1.0852 1.1153 11.12 
0.258 2 2 1 4.0 4.0 0.165 0.107 1.0852 1.1474 11.12 
0.259 2 2 1 4.0 4.0 0.165 0.088 1.1153 1.1474 11.12 
0.260 2 2 1 4.0 4.0 0.167 0.078 1.0852 1.1474 11.12 
0.261 2 2 1 4.0 4.0 0.168 0.100 1.1474 1.1474 11.13 
0.262 2 2 1 4.0 4.0 0.174 0.053 1.1153 1.1153 11.13 
0.263 2 2 1 4.0 4.0 0.174 -0.081 1.0852 1.1474 11.13 
0.264 2 2 1 4.0 4.0 0.169 0.046 1.1153 1.1474 11.13 
0.265 2 2 1 4.0 4.0 0.157 -0.038 1.1474 1.1153 11.13 
0.266 2 2 1 4.0 4.0 0.139 -0.018 1.1153 1.1474 11.13 
0.267 2 2 1 4.0 4.0 0.159 0.052 1.1474 1.1474 11.14 
0.268 2 2 1 4.0 4.0 0.165 0.069 1.1474 1.1153 11.13 
0.269 2 2 1 4.0 4.0 0.167 0.036 1.1153 1.1474 11.13 
0.270 2 2 1 4.0 4.0 0.155 0.023 1.1474 1.1474 11.17 
0.271 2 2 1 4.0 4.0 0.148 0.080 1.1474 1.1812 11.14 
0.272 2 2 1 4.0 4.0 0.186 0.054 1.1812 1.1474 11.12 
0.273 2 2 1 4.0 4.0 0.152 0.012 1.1474 1.1812 11.13 
0.274 2 2 1 4.0 4.0 0.129 0.030 1.1474 1.1812 11.13 
0.275 2 2 1 4.0 4.0 0.087 -0.098 1.1812 1.1474 11.12 
0.276 2 2 1 4.0 4.0 0.124 -0.012 1.1474 1.1474 11.13 
0.277 2 2 1 4.0 4.0 0.145 0.016 1.1812 1.0852 11.13 
0.278 2 2 1 4.0 4.0 0.129 0.053 1.1812 1.1474 11.13 
0.279 2 2 1 4.0 4.0 0.130 -0.012 1.1474 1.1812 11.14 
0.280 2 2 1 4.0 4.0 0.137 0.007 1.1812 1.1812 11.14 
0.281 2 2 1 4.0 4.0 0.138 0.040 1.1812 1.1812 11.17 
0.282 2 2 1 4.0 4.0 0.084 0.032 1.2169 1.1474 11.14 
0.283 2 2 1 4.0 4.0 0.096 0.038 1.2169 1.1812 11.14 
0.284 2 2 1 4.0 4.0 0.105 0.057 1.1812 1.2169 11.14 
0.285 2 2 1 4.0 4.0 0.112 0.027 1.2169 1.1812 11.14 
0.286 2 2 1 4.0 4.0 0.121 0.005 1.1812 1.2169 11.14 
0.287 2 2 1 4.0 4.0 0.126 0.004 1.2169 1.2169 11.14 
0.288 2 2 1 4.0 4.0 0.057 0.030 1.1812 1.2551 11.14 
0.289 2 2 1 4.0 4.0 0.112 0.014 1.2169 1.1812 11.12 
0.290 2 2 1 4.0 4.0 0.123 0.004 1.1812 1.2169 11.13 
0.291 2 2 1 4.0 4.0 0.050 0.008 1.2169 1.2169 11.14 
0.292 2 2 1 4.0 4.0 0.105 0.018 1.2551 1.2169 11.14 
0.293 2 2 1 4.0 4.0 0.086 0.006 1.2169 1.2169 11.14 
0.294 2 2 1 4.0 4.0 0.116 -0.100 1.2169 1.2169 11.13 
0.295 2 2 1 4.0 4.0 0.091 -0.014 1.2169 1.2551 11.14 
0.296 2 2 1 4.0 4.0 0.077 0.013 1.1812 1.2169 11.14 
0.297 2 2 1 4.0 4.0 0.101 0.002 1.2169 1.2551 11.13 
0.298 2 2 1 4.0 4.0 0.110 -0.104 1.2169 1.2551 11.14 
0.299 2 2 1 4.0 4.0 0.067 0.050 1.2551 1.2551 11.13 
0.300 2 2 1 4.0 4.0 0.093 0.031 1.1812 1.2169 11.13 
0.301 2 2 1 4.0 4.0 0.055 -0.015 1.2169 1.2551 11.13 
0.302 2 2 1 4.0 4.0 0.097 -0.046 1.0852 1.2169 11.13 
0.303 2 2 1 4.0 4.0 0.135 -0.004 1.1812 1.2169 11.13 
0.304 2 2 1 4.0 4.0 0.105 -0.121 1.1812 1.2169 11.13 
0.305 2 2 1 4.0 4.0 0.106 -0.179 1.2169 1.2169 11.13 
0.306 2 2 1 4.0 4.0 0.072 -0.030 1.2551 1.2169 11.14 
0.307 2 2 1 4.0 4.0 0.079 -0.016 1.2169 1.2169 11.13 
0.308 2 2 1 4.0 4.0 0.101 -0.102 1.2169 1.1153 11.14 
0.309 2 2 1 4.0 4.0 0.108 -0.152 1.2169 1.2169 11.13 
0.310 2 2 1 4.0 4.0 0.082 -0.040 1.2551 1.2551 11.14 
0.311 2 2 1 4.0 4.0 0.104 0.014 1.2169 1.1812 11.14 
0.312 2 2 1 4.0 4.0 0.108 -0.025 1.2551 1.2169 11.14 
0.313 2 2 1 4.0 4.0 0.080 -0.152 1.2551 1.2169 11.14 
0.314 2 2 1 4.0 4.0 0.105 -0.042 1.2169 1.2169 11.14 
0.315 2 2 1 4.0 4.0 0.092 0.008 1.2551 1.1812 11.13 
0.316 2 2 1 4.0 4.0 0.073 -0.020 1.2952 1.2169 11.14 
0.317 2 2 1 4.0 4.0 0.083 -0.040 1.2551 1.2551 11.17 
0.318 2 2 1 4.0 4.0 0.087 0.012 1.2551 1.2551 11.12 
0.319 2 2 1 4.0 4.0 0.185 0.008 1.2169 1.1812 11.14 
0.320 2 2 1 4.0 4.0 0.080 -0.018 1.2169 1.2169 11.14 
0.321 2 2 1 4.0 4.0 0.078 -0.040 1.2551 1.2169 11.14 
0.322 2 2 1 4.0 4.0 0.031 0.004 1.2169 1.2169 11.14 
0.323 2 2 1 4.0 4.0 0.091 -0.015 1.2169 1.2169 11.13 
0.324 2 2 1 4.0 4.0 0.036 -0.030 1.2551 1.2551 11.14 
0.325 2 2 1 4.0 4.0 0.096 -0.055 1.2551 1.2169 11.14 
0.326 2 2 1 4.0 4.0 0.081 -0.110 1.2169 1.2952 11.14 
0.327 2 2 1 4.0 4.0 0.076 -0.038 1.2169 1.2169 11.14 
0.328 2 2 1 4.0 4.0 0.068 -0.061 1.2169 1.2551 11.15 
0.329 2 2 1 4.0 4.0 0.098 -0.040 1.1812 1.2551 11.14 
0.330 2 2 1 4.0 4.0 0.090 -0.011 1.2169 1.2551 11.13 
0.331 2 2 1 4.0 4.0 0.086 -0.014 1.2169 1.2169 11.13 
0.332 2 2 1 4.0 4.0 0.069 -0.026 1.2551 1.2551 11.13 
0.333 2 2 1 4.0 4.0 0.078 0.000 1.2169 1.2551 11.14 
0.334 2 2 1 4.0 4.0 0.093 0.007 1.2169 1.2551 11.14 
0.335 2 2 1 4.0 4.0 0.081 -0.029 1.2551 1.2169 11.14 
0.336 2 2 1 4.0 4.0 0.088 -0.062 1.1812 1.2551 11.13 
0.337 2 2 1 4.0 4.0 0.088 -0.022 1.2169 1.2551 11.14 
0.338 2 2 1 4.0 4.0 0.096 -0.084 1.2169 1.2551 11.14 
0.339 2 2 1 4.0 4.0 0.054 -0.054 1.2551 1.2169 11.14 
0.340 2 2 1 4.0 4.0 -0.006 -0.070 1.2169 1.2551 11.15 
0.341 2 2 1 4.0 4.0 0.154 -0.037 1.2551 1.2169 11.14 
0.342 2 2 1 4.0 4.0 0.101 -0.006 1.2551 1.2952 11.13 
0.343 2 2 1 4.0 4.0 0.075 -0.022 1.2952 1.2169 11.14 
0.344 2 2 1 4.0 4.0 0.070 -0.141 1.2169 1.2551 11.14 
0.345 2 2 1 4.0 4.0 0.068 -0.043 1.2551 1.2551 11.14 
0.346 2 2 1 4.0 4.0 0.070 -0.122 1.2551 1.2551 11.14 
0.347 2 2 1 4.0 4.0 0.078 -0.052 1.2551 1.2169 11.14 
0.348 2 2 1 4.0 4.0 0.074 -0.021 1.2551 1.2551 11.14 
0.349 2 2 1 4.0 4.0 0.061 -0.019 1.2551 1.2551 11.14 
0.350 2 2 1 4.0 4.0 0.087 -0.017 1.1812 1.2551 11.14 
0.351 2 2 1 4.0 4.0 0.065 -0.042 1.2551 1.2169 11.14 
0.352 2 2 2 -4.0 -4.0 0.097 -0.179 1.2551 1.2551 11.18 
0.353 2 2 2 -4.0 -4.0 -0.188 -0.118 1.2169 1.2551 11.15 
0.354 2 2 2 -4.0 -4.0 -0.880 -0.726 1.2551 1.2551 11.01 
0.355 2 2 2 -4.0 -4.0 -1.355 -1.517 1.1474 1.1474 11.01 
0.356 2 2 2 -4.0 -4.0 -1.555 -1.856 1.1153 1.1474 10.99 
0.357 2 2 2 -4.0 -4.0 -1.745 -1.912 1.0567 1.1153 10.97 
0.358 2 2 2 -4.0 -4.0 -1.696 -1.957 1.0041 1.0041 10.96 
0.359 2 2 2 -4.0 -4.0 -1.604 -1.975 0.9796 0.9796 10.99 
0.360 2 2 2 -4.0 -4.0 -1.710 -1.962 0.9125 0.8727 10.99 
0.361 2 2 2 -4.0 -4.0 -1.765 -1.975 0.8366 0.8366 10.95 
0.362 2 2 2 -4.0 -4.0 -1.835 -1.951 0.7169 0.7434 10.97 
0.363 2 2 2 -4.0 -4.0 -1.584 -1.974 0.6474 0.6804 10.95 
0.364 2 2 2 -4.0 -4.0 -1.569 -1.979 0.6474 0.6474 10.94 
0.365 2 2 2 -4.0 -4.0 -1.607 -1.932 0.5820 0.6085 10.93 
0.366 2 2 2 -4.0 -4.0 -1.618 -1.941 0.4956 0.5354 10.93 
0.367 2 2 2 -4.0 -4.0 -1.628 -1.952 0.4836 0.4410 10.91 
0.368 2 2 2 -4.0 -4.0 -1.673 -1.963 0.3936 0.4317 10.96 
0.369 2 2 2 -4.0 -4.0 -1.489 -1.931 0.3213 0.3715 10.99 
0.370 2 2 2 -4.0 -4.0 -1.330 -1.949 0.2848 0.2731 10.96 
0.371 2 2 2 -4.0 -4.0 -1.333 -1.852 0.2229 0.2731 11.00 
0.372 2 2 2 -4.0 -4.0 -1.307 -1.779 0.2229 0.2607 10.97 
0.373 2 2 2 -4.0 -4.0 -1.316 -1.838 0.1671 0.2181 11.00 
0.374 2 2 2 -4.0 -4.0 -1.304 -1.767 0.1671 0.1490 11.00 
0.375 2 2 2 -4.0 -4.0 -1.337 -1.700 0.1671 0.1490 11.01 
0.376 2 2 2 -4.0 -4.0 -1.276 -1.655 0.1245 0.1490 11.01 
0.377 2 2 2 -4.0 -4.0 -1.220 -1.646 0.0948 0.1273 10.99 
0.378 2 2 2 -4.0 -4.0 -1.183 -1.622 -0.0807 0.0964 10.98 
0.379 2 2 2 -4.0 -4.0 -1.136 -1.669 -0.0807 -0.0916 11.00 
0.380 2 2 2 -4.0 -4.0 -1.106 -1.642 -0.1799 -0.0916 11.01 
0.381 2 2 2 -4.0 -4.0 -1.120 -1.519 -0.1799 -0.1542 11.03 
0.382 2 2 2 -4.0 -4.0 -1.062 -1.445 -0.1799 -0.1542 11.00 
0.383 2 2 2 -4.0 -4.0 -1.071 -1.454 -0.1948 -0.2362 11.03 
0.384 2 2 2 -4.0 -4.0 -0.991 -1.462 -0.2695 -0.2362 11.04 
0.385 2 2 2 -4.0 -4.0 -0.926 -1.319 -0.3237 -0.2402 11.02 
0.386 2 2 2 -4.0 -4.0 -0.929 -1.216 -0.3751 -0.2996 11.05 
0.387 2 2 2 -4.0 -4.0 -0.911 -1.194 -0.3462 -0.3317 11.03 
0.388 2 2 2 -4.0 -4.0 -0.907 -1.160 -0.3265 -0.3896 11.05 
0.389 2 2 2 -4.0 -4.0 -0.842 -1.152 -0.4137 -0.3615 11.07 
0.390 2 2 2 -4.0 -4.0 -0.865 -1.214 -0.4510 -0.3896 11.06 
0.391 2 2 2 -4.0 -4.0 -0.894 -1.257 -0.4462 -0.4137 11.05 
0.392 2 2 2 -4.0 -4.0 -0.788 -1.133 -0.4667 -0.4562 11.06 
0.393 2 2 2 -4.0 -4.0 -0.792 -0.971 -0.5213 -0.4562 11.07 
0.394 2 2 2 -4.0 -4.0 -0.733 -0.939 -0.5281 -0.5020 11.05 
0.395 2 2 2 -4.0 -4.0 -0.711 -0.928 -0.5426 -0.5354 11.07 
0.396 2 2 2 -4.0 -4.0 -0.707 -0.973 -0.5904 -0.5354 11.07 
0.397 2 2 2 -4.0 -4.0 -0.701 -0.974 -0.5904 -0.5426 11.07 
0.398 2 2 2 -4.0 -4.0 -0.602 -0.944 -0.5992 -0.5904 11.06 
0.399 2 2 2 -4.0 -4.0 -0.600 -0.902 -0.6374 -0.6273 11.06 
0.400 2 2 2 -4.0 -4.0 -0.594 -0.809 -0.6374 -0.5904 11.07 
0.401 2 2 2 -4.0 -4.0 -0.614 -0.813 -0.6804 -0.6374 11.08 
0.402 2 2 2 -4.0 -4.0 -0.638 -0.924 -0.6804 -0.6474 11.08 
0.403 2 2 2 -4.0 -4.0 -0.581 -0.764 -0.6804 -0.6804 11.06 
0.404 2 2 2 -4.0 -4.0 -0.538 -0.766 -0.7169 -0.6691 11.07 
0.405 2 2 2 -4.0 -4.0 -0.523 -0.840 -0.7169 -0.7302 11.08 
0.406 2 2 2 -4.0 -4.0 -0.527 -0.886 -0.7302 -0.7169 11.09 
0.407 2 2 2 -4.0 -4.0 -0.480 -0.893 -0.7434 -0.7044 11.08 
0.408 2 2 2 -4.0 -4.0 -0.452 -0.725 -0.7575 -0.7434 11.08 
0.409 2 2 2 -4.0 -4.0 -0.473 -0.672 -0.7723 -0.7575 11.09 
0.410 2 2 2 -4.0 -4.0 -0.467 -0.643 -0.8193 -0.7575 11.09 
0.411 2 2 2 -4.0 -4.0 -0.448 -0.750 -0.7872 -0.7872 11.09 
0.412 2 2 2 -4.0 -4.0 -0.407 -0.629 -0.8366 -0.7872 11.11 
0.413 2 2 2 -4.0 -4.0 -0.394 -0.612 -0.8366 -0.8193 11.10 
0.414 2 2 2 -4.0 -4.0 -0.436 -0.551 -0.8193 -0.8193 11.11 
0.415 2 2 2 -4.0 -4.0 -0.418 -0.680 -0.8543 -0.8543 11.10 
0.416 2 2 2 -4.0 -4.0 -0.413 -0.646 -0.8193 -0.8193 11.11 
0.417 2 2 2 -4.0 -4.0 -0.391 -0.671 -0.8727 -0.8727 11.10 
0.418 2 2 2 -4.0 -4.0 -0.432 -0.555 -0.8543 -0.8727 11.13 
0.419 2 2 2 -4.0 -4.0 -0.416 -0.585 -0.8727 -0.9125 11.12 
0.420 2 2 2 -4.0 -4.0 -0.390 -0.525 -0.8924 -0.8924 11.12 
0.421 2 2 2 -4.0 -4.0 -0.377 -0.388 -0.9125 -0.9338 11.10 
0.422 2 2 2 -4.0 -4.0 -0.371 -0.508 -0.9125 -0.9125 11.10 
0.423 2 2 2 -4.0 -4.0 -0.374 -0.489 -0.9338 -0.9559 11.11 
0.424 2 2 2 -4.0 -4.0 -0.353 -0.492 -0.9338 -0.9338 11.10 
0.425 2 2 2 -4.0 -4.0 -0.356 -0.485 -0.9559 -0.9559 11.10 
0.426 2 2 2 -4.0 -4.0 -0.348 -0.482 -0.9796 -0.9796 11.11 
0.427 2 2 2 -4.0 -4.0 -0.328 -0.484 -0.9796 -0.9559 11.11 
0.428 2 2 2 -4.0 -4.0 -0.320 -0.424 -1.0041 -0.9796 11.11 
0.429 2 2 2 -4.0 -4.0 -0.272 -0.482 -0.9559 -0.9796 11.12 
0.430 2 2 2 -4.0 -4.0 -0.294 -0.450 -1.0041 -1.0041 11.11 
0.431 2 2 2 -4.0 -4.0 -0.299 -0.419 -1.0298 -1.0298 11.11 
0.432 2 2 2 -4.0 -4.0 -0.311 -0.451 -1.0041 -0.9796 11.11 
0.433 2 2 2 -4.0 -4.0 -0.265 -0.456 -1.0298 -1.0041 11.12 
0.434 2 2 2 -4.0 -4.0 -0.254 -0.445 -1.0298 -1.0298 11.12 
0.435 2 2 2 -4.0 -4.0 -0.290 -0.418 -1.0298 -1.0298 11.12 
0.436 2 2 2 -4.0 -4.0 -0.292 -0.417 -1.0852 -1.0567 11.12 
0.437 2 2 2 -4.0 -4.0 -0.264 -0.452 -1.0567 -1.0298 11.15 
0.438 2 2 2 -4.0 -4.0 -0.272 -0.363 -1.0567 -1.0298 11.12 
0.439 2 2 2 -4.0 -4.0 -0.276 -0.356 -1.0852 -1.0567 11.12 
0.440 2 2 2 -4.0 -4.0 -0.264 -0.376 -1.0852 -1.0298 11.12 
0.441 2 2 2 -4.0 -4.0 -0.263 -0.362 -1.0852 -1.0567 11.12 
0.442 2 2 2 -4.0 -4.0 -0.250 -0.465 -1.0852 -1.0567 11.12 
0.443 2 2 2 -4.0 -4.0 -0.229 -0.407 -1.1153 -1.0852 11.12 
0.444 2 2 2 -4.0 -4.0 -0.262 -0.379 -1.1153 -1.0852 11.12 
0.445 2 2 2 -4.0 -4.0 -0.254 -0.376 -1.0852 -1.0852 11.11 
0.446 2 2 2 -4.0 -4.0 -0.243 -0.347 -1.1153 -1.0852 11.12 
0.447 2 2 2 -4.0 -4.0 -0.242 -0.327 -1.0298 -1.1153 11.12 
0.448 2 2 2 -4.0 -4.0 -0.253 -0.357 -1.0567 -1.0852 11.12 
0.449 2 2 2 -4.0 -4.0 -0.227 -0.338 -1.0852 -1.1153 11.12 
0.450 2 2 2 -4.0 -4.0 -0.238 -0.446 -1.1153 -1.1153 11.12 
0.451 2 2 2 -4.0 -4.0 -0.249 -0.480 -1.0852 -1.1474 11.13 
0.452 2 2 2 -4.0 -4.0 -0.245 -0.347 -1.1153 -1.1153 11.13 
0.453 2 2 2 -4.0 -4.0 -0.231 -0.286 -1.0041 -1.1474 11.13 
0.454 2 2 2 -4.0 -4.0 -0.227 -0.296 -1.1474 -1.1474 11.13 
0.455 2 2 2 -4.0 -4.0 -0.204 -0.345 -1.1153 -1.1153 11.16 
0.456 2 2 2 -4.0 -4.0 -0.193 -0.305 -1.1474 -1.1153 11.13 
0.457 2 2 2 -4.0 -4.0 -0.244 -0.378 -1.1474 -1.1474 11.12 
0.458 2 2 2 -4.0 -4.0 -0.213 -0.350 -1.1812 -1.1153 11.12 
0.459 2 2 2 -4.0 -4.0 -0.196 -0.323 -1.1474 -1.1153 11.11 
0.460 2 2 2 -4.0 -4.0 -0.216 -0.298 -1.1812 -1.1474 11.12 
0.461 2 2 2 -4.0 -4.0 -0.177 -0.321 -1.1474 -1.1153 11.13 
0.462 2 2 2 -4.0 -4.0 -0.216 -0.415 -1.1474 -1.1474 11.14 
0.463 2 2 2 -4.0 -4.0 -0.224 -0.427 -1.1812 -1.1812 11.13 
0.464 2 2 2 -4.0 -4.0 -0.183 -0.428 -1.1474 -1.1474 11.13 
0.465 2 2 2 -4.0 -4.0 -0.175 -0.322 -1.1153 -1.1474 11.13 
0.466 2 2 2 -4.0 -4.0 -0.179 -0.262 -1.1474 -1.1474 11.17 
0.467 2 2 2 -4.0 -4.0 -0.185 -0.362 -1.1474 -1.1812 11.14 
0.468 2 2 2 -4.0 -4.0 -0.214 -0.406 -1.1474 -1.1812 11.14 
0.469 2 2 2 -4.0 -4.0 -0.194 -0.288 -1.1812 -1.1812 11.17 
0.470 2 2 2 -4.0 -4.0 -0.169 -0.243 -1.1812 -1.2551 11.14 
0.471 2 2 2 -4.0 -4.0 -0.238 -0.263 -1.1474 -1.2169 11.13 
0.472 2 2 2 -4.0 -4.0 -0.211 -0.243 -1.1474 -1.1812 11.13 
0.473 2 2 2 -4.0 -4.0 -0.180 -0.259 -1.2169 -1.2169 11.13 
0.474 2 2 2 -4.0 -4.0 -0.177 -0.226 -1.1812 -1.1812 11.13 
0.475 2 2 2 -4.0 -4.0 -0.194 -0.399 -1.2169 -1.1812 11.13 
0.476 2 2 2 -4.0 -4.0 -0.161 -0.282 -1.2169 -1.1812 11.17 
0.477 2 2 2 -4.0 -4.0 -0.176 -0.221 -1.1812 -1.1812 11.15 
0.478 2 2 2 -4.0 -4.0 -0.186 -0.373 -1.2169 -1.0298 11.13 
0.479 2 2 2 -4.0 -4.0 -0.171 -0.285 -1.2169 -1.1812 11.14 
0.480 2 2 2 -4.0 -4.0 -0.175 -0.228 -1.2169 -1.2169 11.13 
0.481 2 2 2 -4.0 -4.0 -0.184 -0.259 -1.2169 -1.1812 11.13 
0.482 2 2 2 -4.0 -4.0 -0.162 -0.273 -1.2169 -1.1812 11.14 
0.483 2 2 2 -4.0 -4.0 -0.151 -0.232 -1.2169 -1.1812 11.14 
0.484 2 2 2 -4.0 -4.0 -0.147 -0.270 -1.2169 -1.2169 11.14 
0.485 2 2 2 -4.0 -4.0 -0.183 -0.287 -1.2169 -1.1812 11.14 
0.486 2 2 2 -4.0 -4.0 -0.154 -0.230 -1.2551 -1.1812 11.17 
0.487 2 2 2 -4.0 -4.0 -0.136 -0.220 -1.2551 -1.2551 11.15 
0.488 2 2 2 -4.0 -4.0 -0.131 -0.258 -1.2169 -1.2169 11.14 
0.489 2 2 2 -4.0 -4.0 -0.188 -0.272 -1.1812 -1.1812 11.13 
0.490 2 2 2 -4.0 -4.0 -0.158 -0.243 -1.2551 -1.1812 11.17 
0.491 2 2 2 -4.0 -4.0 -0.232 -0.245 -1.2169 -1.2169 11.14 
0.492 2 2 2 -4.0 -4.0 -0.175 -0.198 -1.2551 -1.1812 11.12 
0.493 2 2 2 -4.0 -4.0 -0.123 -0.225 -1.2551 -1.1812 11.17 
0.494 2 2 2 -4.0 -4.0 -0.150 -0.209 -1.2551 -1.2169 11.14 
0.495 2 2 2 -4.0 -4.0 -0.154 -0.366 -1.2169 -1.1812 11.13 
0.496 2 2 2 -4.0 -4.0 -0.160 -0.278 -1.2551 -1.2169 11.13 
0.497 2 2 2 -4.0 -4.0 -0.144 -0.255 -1.2551 -1.2169 11.13 
0.498 2 2 2 -4.0 -4.0 -0.129 -0.248 -1.2169 -1.2551 11.13 
0.499 2 2 2 -4.0 -4.0 -0.174 -0.220 -1.2169 -1.2169 11.13 
0.500 2 2 2 -4.0 -4.0 -0.164 -0.342 -1.2169 -1.2551 11.16 
0.501 2 2 2 -4.0 -4.0 -0.142 -0.232 -1.2551 -1.2551 11.15 
0.502 2 2 2 -4.0 -4.0 -0.207 -0.213 -1.2169 -1.2551 11.14 
0.503 2 2 3 0.0 0.0 -0.152 -0.220 -1.2551 -1.2551 11.13 
0.504 2 2 3 0.0 0.0 0.021 -0.108 -1.2169 -1.2551 11.14 
0.505 2 2 3 0.0 0.0 0.291 0.259 -1.2169 -1.0567 11.15 
0.506 2 2 3 0.0 0.0 0.586 0.538 -1.1812 -1.2169 11.15 
0.507 2 2 3 0.0 0.0 0.774 0.774 -1.1812 -1.1812 11.15 
0.508 2 2 3 0.0 0.0 0.736 0.938 -1.1474 -1.1474 11.15 
0.509 2 2 3 0.0 0.0 0.800 0.848 -1.1153 -1.1474 11.15 
0.510 2 2 3 0.0 0.0 0.867 0.910 -1.0567 -1.0852 11.16 
0.511 2 2 3 0.0 0.0 0.728 1.004 -1.0041 -1.0567 11.15 
0.512 2 2 3 0.0 0.0 0.732 0.896 -1.0041 -0.9796 11.16 
0.513 2 2 3 0.0 0.0 0.795 0.851 -0.9796 -0.9796 11.16 
0.514 2 2 3 0.0 0.0 0.763 0.920 -0.9338 -0.9559 11.16 
0.515 2 2 3 0.0 0.0 0.688 0.850 -0.9338 -0.8727 11.16 
0.516 2 2 3 0.0 0.0 0.721 0.757 -0.8924 -0.8727 11.16 
0.517 2 2 3 0.0 0.0 0.759 0.816 -0.8543 -0.8366 11.15 
0.518 2 2 3 0.0 0.0 0.683 0.864 -0.7723 -0.7872 11.16 
0.519 2 2 3 0.0 0.0 0.599 0.769 -0.7723 -0.7872 11.16 
0.520 2 2 3 0.0 0.0 0.622 0.680 -0.7302 -0.7575 11.15 
0.521 2 2 3 0.0 0.0 0.658 0.694 -0.7044 -0.7169 11.16 
0.522 2 2 3 0.0 0.0 0.655 0.741 -0.6691 -0.6924 11.15 
0.523 2 2 3 0.0 0.0 0.544 0.721 -0.6583 -0.7044 11.16 
0.524 2 2 3 0.0 0.0 0.524 0.575 -0.6691 -0.6583 11.16 
0.525 2 2 3 0.0 0.0 0.544 0.589 -0.6177 -0.6691 11.16 
0.526 2 2 3 0.0 0.0 0.572 0.642 -0.5992 -0.6177 11.16 
0.527 2 2 3 0.0 0.0 0.563 0.685 -0.5820 -0.5992 11.16 
0.528 2 2 3 0.0 0.0 0.476 0.685 -0.5426 -0.5992 11.16 
0.529 2 2 3 0.0 0.0 0.429 0.589 -0.5498 -0.5354 11.16 
0.530 2 2 3 0.0 0.0 0.442 0.499 -0.5575 -0.5354 11.16 
0.531 2 2 3 0.0 0.0 0.454 0.496 -0.4896 -0.5354 11.16 
0.532 2 2 3 0.0 0.0 0.467 0.522 -0.4956 -0.4896 11.18 
0.533 2 2 3 0.0 0.0 0.459 0.544 -0.4956 -0.4779 11.17 
0.534 2 2 3 0.0 0.0 0.430 0.554 -0.3976 -0.4723 11.16 
0.535 2 2 3 0.0 0.0 0.362 0.494 -0.4056 -0.4779 11.16 
0.536 2 2 3 0.0 0.0 0.337 0.398 -0.3936 -0.4016 11.16 
0.537 2 2 3 0.0 0.0 0.351 0.388 -0.4097 -0.4097 11.16 
0.538 2 2 3 0.0 0.0 0.356 0.412 -0.3683 -0.4016 11.16 
0.539 2 2 3 0.0 0.0 0.361 0.423 -0.3490 -0.4097 11.16 
0.540 2 2 3 0.0 0.0 0.363 0.444 -0.3490 -0.3462 11.16 
0.541 2 2 3 0.0 0.0 0.353 0.427 -0.3289 -0.3402 11.16 
0.542 2 2 3 0.0 0.0 0.333 0.424 -0.3490 -0.2928 11.16 
0.543 2 2 3 0.0 0.0 0.310 0.405 -0.2972 -0.2928 11.16 
0.544 2 2 3 0.0 0.0 0.261 0.354 -0.2908 -0.3317 11.16 
0.545 2 2 3 0.0 0.0 0.221 0.287 -0.2908 -0.3161 11.16 
0.546 2 2 3 0.0 0.0 0.228 0.256 -0.2711 -0.2807 11.18 
0.547 2 2 3 0.0 0.0 0.234 0.257 -0.2848 -0.2807 11.16 
0.548 2 2 3 0.0 0.0 0.234 0.252 -0.2848 -0.2265 11.16 
0.549 2 2 3 0.0 0.0 0.252 0.268 -0.2321 -0.2265 11.16 
0.550 2 2 3 0.0 0.0 0.238 0.275 -0.2321 -0.2574 11.16 
0.551 2 2 3 0.0 0.0 0.225 0.266 -0.2193 -0.2229 11.16 
0.552 2 2 3 0.0 0.0 0.214 0.266 -0.2193 -0.2205 11.16 
0.553 2 2 3 0.0 0.0 0.201 0.249 -0.1831 -0.2080 11.17 
0.554 2 2 3 0.0 0.0 0.194 0.226 -0.1831 -0.2080 11.16 
0.555 2 2 3 0.0 0.0 0.173 0.228 -0.1928 -0.1956 11.16 
0.556 2 2 3 0.0 0.0 0.162 0.223 -0.1928 -0.1876 11.16 
0.557 2 2 3 0.0 0.0 0.158 0.212 -0.1751 -0.1876 11.16 
0.558 2 2 3 0.0 0.0 0.150 0.190 -0.1562 -0.1892 11.16 
0.559 2 2 3 0.0 0.0 0.116 0.154 -0.1562 -0.1892 11.16 
0.560 2 2 3 0.0 0.0 0.101 0.145 -0.1470 -0.1490 11.16 
0.561 2 2 3 0.0 0.0 0.105 0.152 -0.1450 -0.1490 11.16 
0.562 2 2 3 0.0 0.0 0.106 0.140 -0.1450 -0.1490 11.16 
0.563 2 2 3 0.0 0.0 0.113 0.149 -0.1353 -0.1394 11.16 
0.564 2 2 3 0.0 0.0 0.115 0.136 -0.1253 -0.1394 11.15 
0.565 2 2 3 0.0 0.0 0.107 0.152 -0.1253 -0.1394 11.16 
0.566 2 2 3 0.0 0.0 0.099 0.146 -0.1253 -0.1245 11.16 
0.567 2 2 3 0.0 0.0 0.101 0.145 -0.1177 -0.1181 11.16 
0.568 2 2 3 0.0 0.0 0.093 0.142 -0.1177 -0.1181 11.16 
0.569 2 2 3 0.0 0.0 0.088 0.133 -0.1177 -0.1181 11.16 
0.570 2 2 3 0.0 0.0 0.079 0.112 -0.1177 -0.1048 11.16 
0.571 2 2 3 0.0 0.0 0.078 0.120 -0.0920 -0.0996 11.16 
0.572 2 2 3 0.0 0.0 0.075 0.111 -0.0811 -0.0996 11.16 
0.573 2 2 3 0.0 0.0 0.074 0.101 -0.0811 -0.0996 11.16 
0.574 2 2 3 0.0 0.0 0.061 0.096 -0.0811 -0.0996 11.16 
0.575 2 2 3 0.0 0.0 0.056 0.075 -0.0811 -0.0835 11.16 
0.576 2 2 3 0.0 0.0 0.060 0.077 -0.0811 -0.0691 11.16 
0.577 2 2 3 0.0 0.0 0.057 0.074 -0.0739 -0.0623 11.16 
0.578 2 2 3 0.0 0.0 0.066 0.060 -0.0627 -0.0623 11.15 
0.579 2 2 3 0.0 0.0 0.052 0.052 -0.0542 -0.0623 11.16 
0.580 2 2 3 0.0 0.0 0.048 0.065 -0.0502 -0.0623 11.16 
0.581 2 2 3 0.0 0.0 0.039 0.034 -0.0502 -0.0623 11.15 
0.582 2 2 3 0.0 0.0 0.031 0.047 -0.0502 -0.0623 11.16 
0.583 2 2 3 0.0 0.0 0.027 0.053 -0.0502 -0.0623 11.16 
0.584 2 2 3 0.0 0.0 0.025 0.049 -0.0502 -0.0546 11.16 
0.585 2 2 3 0.0 0.0 0.022 0.049 -0.0502 -0.0478 11.16 
0.586 2 2 3 0.0 0.0 0.018 0.045 -0.0502 -0.0426 11.16 
0.587 2 2 3 0.0 0.0 0.014 0.045 -0.0502 -0.0386 11.16 
0.588 2 2 3 0.0 0.0 0.011 0.046 -0.0474 -0.0353 11.16 
0.589 2 2 3 0.0 0.0 0.008 0.023 -0.0426 -0.0353 11.16 
0.590 2 2 3 0.0 0.0 0.006 0.016 -0.0382 -0.0353 11.16 
0.591 2 2 3 0.0 0.0 0.003 0.028 -0.0349 -0.0353 11.16 
0.592 2 2 3 0.0 0.0 0.008 0.031 -0.0321 -0.0353 11.16 
0.593 2 2 3 0.0 0.0 0.002 0.029 -0.0297 -0.0353 11.16 
0.594 2 2 3 0.0 0.0 0.002 0.019 -0.0277 -0.0353 11.16 
0.595 2 2 3 0.0 0.0 -0.006 0.017 -0.0257 -0.0353 11.16 
0.596 2 2 3 0.0 0.0 -0.006 0.028 -0.0241 -0.0353 11.16 
0.597 2 2 3 0.0 0.0 -0.009 0.020 -0.0229 -0.0353 11.16 
0.598 2 2 3 0.0 0.0 -0.017 0.020 -0.0217 -0.0353 11.16 
0.599 2 2 3 0.0 0.0 -0.006 0.013 -0.0205 -0.0353 11.16 
0.600 2 2 3 0.0 0.0 -0.007 -0.003 -0.0193 -0.0333 11.16 
0.601 2 2 3 0.0 0.0 -0.006 -0.005 -0.0185 -0.0305 11.16 
0.602 2 2 3 0.0 0.0 -0.006 0.012 -0.0177 -0.0285 11.16 
0.603 2 2 3 0.0 0.0 -0.010 0.015 -0.0169 -0.0265 11.16 
0.604 2 2 3 0.0 0.0 -0.010 0.014 -0.0161 -0.0249 11.16 
0.605 2 2 3 0.0 0.0 -0.012 -0.005 -0.0157 -0.0233 11.16 
0.606 2 2 3 0.0 0.0 -0.009 0.001 -0.0149 -0.0221 11.16 
0.607 2 2 3 0.0 0.0 -0.006 0.005 -0.0145 -0.0209 11.16 
0.608 2 2 3 0.0 0.0 -0.010 0.008 -0.0141 -0.0197 11.16 
0.609 2 2 3 0.0 0.0 -0.012 0.002 -0.0133 -0.0189 11.16 
0.610 2 2 3 0.0 0.0 -0.010 0.006 -0.0129 -0.0181 11.16 
0.611 2 2 3 0.0 0.0 -0.006 0.005 -0.0125 -0.0173 11.16 
0.612 2 2 3 0.0 0.0 -0.007 0.004 -0.0120 -0.0165 11.16 
0.613 2 2 3 0.0 0.0 -0.008 -0.022 -0.0116 -0.0157 11.16 
0.614 2 2 3 0.0 0.0 -0.010 -0.008 -0.0116 -0.0153 11.16 
0.615 2 2 3 0.0 0.0 -0.016 -0.001 -0.0112 -0.0149 11.16 
0.616 2 2 3 0.0 0.0 -0.007 0.004 -0.0108 -0.0141 11.16 
0.617 2 2 3 0.0 0.0 -0.013 -0.008 -0.0104 -0.0137 11.16 
0.618 2 2 3 0.0 0.0 -0.005 -0.004 -0.0104 -0.0133 11.16 
0.619 2 2 3 0.0 0.0 -0.007 -0.001 -0.0100 -0.0129 11.16 
0.620 2 2 3 0.0 0.0 -0.012 0.005 -0.0096 -0.0125 11.16 
0.621 2 2 3 0.0 0.0 -0.001 0.010 -0.0096 -0.0120 11.16 
0.622 2 2 3 0.0 0.0 -0.006 0.008 -0.0092 -0.0116 11.16 
0.623 2 2 3 0.0 0.0 -0.010 0.007 -0.0092 -0.0112 11.16 
0.624 2 2 3 0.0 0.0 -0.013 0.005 -0.0088 -0.0108 11.16 
0.625 2 2 3 0.0 0.0 -0.016 -0.016 -0.0088 -0.0108 11.16 
0.626 2 2 3 0.0 0.0 -0.014 0.004 -0.0084 -0.0104 11.16 
0.627 2 2 3 0.0 0.0 -0.008 -0.002 -0.0084 -0.0100 11.16 
0.628 2 2 3 0.0 0.0 -0.014 0.003 -0.0080 -0.0096 11.16 
0.629 2 2 3 0.0 0.0 -0.011 0.005 -0.0080 -0.0096 11.16 
0.630 2 2 3 0.0 0.0 -0.009 0.001 -0.0076 -0.0092 11.16 
0.631 2 2 3 0.0 0.0 -0.013 -0.011 -0.0076 -0.0092 11.16 
0.632 2 2 3 0.0 0.0 -0.004 -0.020 -0.0076 -0.0088 11.16 
0.633 2 2 3 0.0 0.0 -0.007 -0.011 -0.0072 -0.0088 11.16 
0.634 2 2 3 0.0 0.0 -0.005 -0.001 -0.0072 -0.0084 11.16 
0.635 2 2 3 0.0 0.0 -0.009 0.000 -0.0072 -0.0084 11.16 
0.636 2 2 3 0.0 0.0 -0.009 0.008 -0.0068 -0.0080 11.16 
0.637 2 2 3 0.0 0.0 -0.009 0.003 -0.0068 -0.0080 11.16 
0.638 2 2 3 0.0 0.0 -0.006 0.005 -0.0068 -0.0076 11.16 
0.639 2 2 3 0.0 0.0 -0.009 0.002 -0.0064 -0.0076 11.16 
0.640 2 2 3 0.0 0.0 -0.005 -0.002 -0.0064 -0.0076 11.16 
0.641 2 2 3 0.0 0.0 -0.016 0.000 -0.0064 -0.0072 11.16 
0.642 2 2 3 0.0 0.0 -0.013 0.004 -0.0064 -0.0072 11.16 
0.643 2 2 3 0.0 0.0 -0.010 -0.002 -0.0060 -0.0072 11.16 
0.644 2 2 3 0.0 0.0 -0.013 0.000 -0.0060 -0.0068 11.15 
0.645 2 2 3 0.0 0.0 -0.007 0.004 -0.0060 -0.0068 11.16 
0.646 2 2 3 0.0 0.0 -0.012 0.004 -0.0060 -0.0068 11.16 
0.647 2 2 3 0.0 0.0 -0.015 0.007 -0.0056 -0.0064 11.16 
0.648 2 2 3 0.0 0.0 -0.006 0.007 -0.0056 -0.0064 11.16 
0.649 2 2 3 0.0 0.0 -0.009 0.005 -0.0056 -0.0064 11.16 
0.650 2 2 3 0.0 0.0 -0.011 0.008 -0.0056 -0.0064 11.16 
0.651 2 2 3 0.0 0.0 -0.009 0.004 -0.0052 -0.0060 11.16 
0.652 2 2 3 0.0 0.0 -0.010 0.000 -0.0052 -0.0060 11.16 
0.653 2 2 3 0.0 0.0 -0.010 -0.006 -0.0052 -0.0060 11.16 
0.654 2 2 3 0.0 0.0 -0.009 0.000 -0.0052 -0.0060 11.16 
0.655 2 2 3 0.0 0.0 -0.013 -0.004 -0.0052 -0.0056 11.16 
0.656 2 2 3 0.0 0.0 -0.003 -0.015 -0.0052 -0.0056 11.16 
0.657 2 2 3 0.0 0.0 -0.006 -0.026 -0.0048 -0.0056 11.16 
0.658 2 2 3 0.0 0.0 -0.013 -0.016 -0.0048 -0.0056 11.16 
0.659 2 2 3 0.0 0.0 -0.006 -0.011 -0.0048 -0.0056 11.17 
0.660 2 2 3 0.0 0.0 -0.017 -0.011 -0.0048 -0.0052 11.16 
0.661 2 2 3 0.0 0.0 -0.016 -0.019 -0.0048 -0.0052 11.16 
0.662 2 2 3 0.0 0.0 -0.013 -0.002 -0.0048 -0.0052 11.16 
0.663 2 2 3 0.0 0.0 -0.014 0.001 -0.0044 -0.0052 11.16 
0.664 2 2 3 0.0 0.0 -0.009 -0.011 -0.0044 -0.0052 11.16 
0.665 2 2 3 0.0 0.0 -0.013 -0.016 -0.0044 -0.0048 11.16 
