%% logfile from robot Tania (62)
% Tania (62)
%  1    time 0.000 sec
%  2  3  4   (mission 0), state 2, thread 19, line 0
%  5  6 Motor voltage [V] left, right: 1.2 1.2
%  7  8 Motor current left, right [A]: -0.001 -0.003
%  9 10 Wheel velocity [m/s] left, right: -0.0000 -0.0000
% 11    Battery voltage [V]: 12.22
0.001 2 19 0 1.2 1.2 0.020 -0.011 -0.0000 -0.0000 12.22 
0.002 2 19 0 1.2 1.2 0.113 0.110 -0.0000 -0.0000 12.21 
0.003 2 19 0 1.2 1.2 0.208 0.259 -0.0000 -0.0000 12.21 
0.004 2 19 0 1.2 1.2 0.231 0.341 -0.0000 -0.0000 12.21 
0.005 2 19 0 1.2 1.2 0.276 0.377 -0.0000 -0.0000 12.21 
0.006 2 19 0 1.2 1.2 0.302 0.344 -0.0000 -0.0000 12.18 
0.007 2 19 0 1.2 1.2 0.301 0.414 -0.0000 -0.0000 12.15 
0.008 2 19 0 1.2 1.2 0.309 0.421 -0.0000 0.0000 12.18 
0.009 2 19 0 1.2 1.2 0.303 0.370 -0.0000 0.0000 12.16 
0.010 2 19 0 1.2 1.2 0.305 0.401 0.0000 0.0000 12.18 
0.011 2 19 0 1.2 1.2 0.289 0.368 0.0000 0.0000 12.16 
0.012 2 19 0 1.2 1.2 0.285 0.359 0.0000 0.0000 12.19 
0.013 2 19 0 1.2 1.2 0.274 0.341 0.0000 0.0715 12.20 
0.014 2 19 0 1.2 1.2 0.257 0.271 0.0000 0.0715 12.21 
0.015 2 19 0 1.2 1.2 0.292 0.304 0.0847 0.0715 12.19 
0.016 2 19 0 1.2 1.2 0.240 0.292 0.0847 0.0715 12.20 
0.017 2 19 0 1.2 1.2 0.213 0.269 0.0847 0.1064 12.19 
0.018 2 19 0 1.2 1.2 0.236 0.281 0.0847 0.1064 12.18 
0.019 2 19 0 1.2 1.2 0.207 0.278 0.1108 0.1064 12.18 
0.020 2 19 0 1.2 1.2 0.208 0.257 0.1108 0.1249 12.17 
0.021 2 19 0 1.2 1.2 0.197 0.268 0.1108 0.1249 12.19 
0.022 2 19 0 1.2 1.2 0.185 0.267 0.1337 0.1249 12.20 
0.023 2 19 0 1.2 1.2 0.183 0.198 0.1337 0.1486 12.20 
0.024 2 19 0 1.2 1.2 0.185 0.160 0.1956 0.1486 12.17 
0.025 2 19 0 1.2 1.2 0.175 0.232 0.1956 0.1486 12.20 
0.026 2 19 0 1.2 1.2 0.170 0.248 0.1735 0.1586 12.18 
0.027 2 19 0 1.2 1.2 0.163 0.239 0.1735 0.1586 12.19 
0.028 2 19 0 1.2 1.2 0.162 0.216 0.1767 0.1799 12.18 
0.029 2 19 0 1.2 1.2 0.140 0.225 0.1767 0.1799 12.20 
0.030 2 19 0 1.2 1.2 0.154 0.237 0.1767 0.1723 12.21 
0.031 2 19 0 1.2 1.2 0.169 0.257 0.1823 0.1723 12.19 
0.032 2 19 0 1.2 1.2 0.168 0.242 0.2522 0.2088 12.20 
0.033 2 19 0 1.2 1.2 0.169 0.246 0.2522 0.2088 12.17 
0.034 2 19 0 1.2 1.2 0.147 0.216 0.1731 0.2008 12.20 
0.035 2 19 0 1.2 1.2 0.129 0.156 0.1731 0.2008 12.19 
0.036 2 19 0 1.2 1.2 0.118 0.146 0.2088 0.2193 12.18 
0.037 2 19 0 1.2 1.2 0.103 0.151 0.2088 0.2193 12.20 
0.038 2 19 0 1.2 1.2 0.098 0.150 0.2193 0.1976 12.20 
0.039 2 19 0 1.2 1.2 0.101 0.134 0.2193 0.1976 12.18 
0.040 2 19 0 1.2 1.2 0.099 0.121 0.2827 0.2265 12.20 
0.041 2 19 0 1.2 1.2 0.082 0.125 0.2229 0.2321 12.21 
0.042 2 19 0 1.2 1.2 0.107 0.136 0.2229 0.2321 12.20 
0.043 2 19 0 1.2 1.2 0.097 0.136 0.2321 0.2333 12.21 
0.044 2 19 0 1.2 1.2 0.125 0.135 0.2321 0.2333 12.19 
0.045 2 19 0 1.2 1.2 0.140 0.151 0.2253 0.2048 12.20 
0.046 2 19 0 1.2 1.2 0.123 0.152 0.3113 0.2048 12.20 
0.047 2 19 0 1.2 1.2 0.115 0.166 0.3040 0.2478 12.21 
0.048 2 19 0 1.2 1.2 0.109 0.101 0.2590 0.2362 12.17 
0.049 2 19 0 1.2 1.2 0.096 0.185 0.2494 0.2362 12.20 
0.050 2 19 0 1.2 1.2 0.076 0.174 0.2494 0.2510 12.20 
0.051 2 19 0 1.2 1.2 0.073 0.142 0.2205 0.2510 12.20 
0.052 2 19 0 1.2 1.2 0.067 0.040 0.3237 0.2305 12.21 
0.053 2 19 0 1.2 1.2 0.076 0.100 0.3237 0.2522 12.20 
0.054 2 19 0 1.2 1.2 0.067 0.045 0.2711 0.2522 12.21 
0.055 2 19 0 1.2 1.2 0.067 0.097 0.2623 0.2402 12.19 
0.056 2 19 0 1.2 1.2 0.073 0.090 0.2623 0.2402 12.20 
0.057 2 19 0 1.2 1.2 0.076 0.115 0.2434 0.2554 12.20 
0.058 2 19 0 1.2 1.2 0.093 0.140 0.3402 0.2390 12.19 
0.059 2 19 0 1.2 1.2 0.087 0.136 0.3185 0.2390 12.20 
0.060 2 19 0 1.2 1.2 0.073 0.144 0.2675 0.2623 12.20 
0.061 2 19 0 1.2 1.2 0.061 0.142 0.2711 0.2494 12.19 
0.062 2 19 0 1.2 1.2 0.053 0.155 0.2711 0.2494 12.20 
0.063 2 19 0 1.2 1.2 0.054 0.142 0.2607 0.2639 12.18 
0.064 2 19 0 1.2 1.2 0.030 0.123 0.3430 0.2623 12.20 
0.065 2 19 0 1.2 1.2 0.031 0.132 0.2659 0.2133 12.20 
0.066 2 19 0 1.2 1.2 0.054 0.129 0.2659 0.2659 12.20 
0.067 2 19 0 1.2 1.2 0.055 0.117 0.2807 0.2659 12.18 
0.068 2 19 0 1.2 1.2 0.066 0.099 0.2538 0.2848 12.20 
0.069 2 19 0 1.2 1.2 0.086 0.109 0.2538 0.2695 12.21 
0.070 2 19 0 1.2 1.2 0.060 0.132 0.3550 0.2695 12.21 
0.071 2 19 0 1.2 1.2 0.056 0.052 0.2952 0.2293 12.21 
0.072 2 19 0 1.2 1.2 0.057 0.107 0.2848 0.2767 12.21 
0.073 2 19 0 1.2 1.2 0.009 0.145 0.2848 0.2767 12.21 
0.074 2 19 0 1.2 1.2 0.013 0.167 0.2639 0.2711 12.20 
0.075 2 19 0 1.2 1.2 0.016 0.151 0.3582 0.2787 12.21 
0.076 2 19 0 1.2 1.2 0.031 0.047 0.2952 0.2787 12.19 
0.077 2 19 0 1.2 1.2 -0.011 0.086 0.2952 0.2538 12.21 
0.078 2 19 0 1.2 1.2 0.019 0.109 0.2888 0.2827 12.21 
0.079 2 19 0 1.2 1.2 0.026 0.113 0.2574 0.2827 12.20 
0.080 2 19 0 1.2 1.2 0.080 0.111 0.3715 0.2659 12.21 
0.081 2 19 0 1.2 1.2 0.058 0.122 0.3582 0.2868 12.21 
0.082 2 19 0 1.2 1.2 0.048 0.133 0.3064 0.2868 12.21 
0.083 2 19 0 1.2 1.2 0.004 0.151 0.2908 0.2675 12.21 
0.084 2 19 0 1.2 1.2 0.028 0.170 0.2807 0.2952 12.20 
0.085 2 19 0 1.2 1.2 0.019 0.165 0.2494 0.2952 12.21 
0.086 2 19 0 1.2 1.2 0.025 0.163 0.3715 0.2747 12.19 
0.087 2 19 0 1.2 1.2 0.029 0.123 0.3265 0.3016 12.20 
0.088 2 19 0 1.2 1.2 0.033 0.098 0.2928 0.2767 12.18 
0.089 2 19 0 1.2 1.2 0.055 -0.060 0.2928 0.2767 12.19 
0.090 2 19 0 1.2 1.2 0.066 0.051 0.2446 0.2972 12.20 
0.091 2 19 0 1.2 1.2 0.080 0.078 0.3787 0.2639 12.21 
0.092 2 19 0 1.2 1.2 0.064 0.081 0.3016 0.2639 12.19 
0.093 2 19 0 1.2 1.2 0.033 0.048 0.3016 0.2972 12.21 
0.094 2 19 0 1.2 1.2 0.041 0.093 0.2928 0.2868 12.20 
0.095 2 19 0 1.2 1.2 0.035 0.108 0.2952 0.3040 12.20 
0.096 2 19 0 1.2 1.2 0.008 0.134 0.3896 0.3040 12.21 
0.097 2 19 0 1.2 1.2 0.028 0.161 0.3161 0.2848 12.20 
0.098 2 19 0 1.2 1.2 0.018 0.151 0.3161 0.3040 12.21 
0.099 2 19 0 1.2 1.2 0.021 0.122 0.2952 0.2972 12.21 
0.100 2 19 0 1.2 1.2 0.053 0.103 0.2848 0.2972 12.21 
0.101 2 19 0 1.2 1.2 0.057 0.087 0.3823 0.3064 12.20 
0.102 2 19 0 1.2 1.2 0.066 0.099 0.3185 0.2908 12.19 
0.103 2 19 0 1.2 1.2 0.061 0.084 0.2538 0.3040 12.20 
0.104 2 19 0 1.2 1.2 0.035 0.091 0.2972 0.3040 12.19 
0.105 2 19 0 1.2 1.2 0.031 0.109 0.3016 0.2731 12.21 
0.106 2 19 0 1.2 1.2 0.005 0.141 0.3016 0.3137 12.21 
0.107 2 19 0 1.2 1.2 -0.001 0.135 0.3860 0.3016 12.21 
0.108 2 19 0 1.2 1.2 -0.005 0.113 0.2952 0.2928 12.21 
0.109 2 19 0 1.2 1.2 -0.018 0.098 0.2996 0.3137 12.21 
0.110 2 19 0 1.2 1.2 0.033 0.096 0.2996 0.2747 12.20 
0.111 2 19 0 1.2 1.2 0.069 0.066 0.2827 0.2747 12.20 
0.112 2 19 0 1.2 1.2 0.027 0.050 0.3896 0.3137 12.21 
0.113 2 19 0 1.2 1.2 0.017 0.067 0.3161 0.3088 12.21 
0.114 2 19 0 1.2 1.2 0.026 0.075 0.3040 0.3137 12.21 
0.115 2 19 0 1.2 1.2 0.018 0.071 0.3040 0.2952 12.21 
0.116 2 19 0 1.2 1.2 0.019 0.087 0.2659 0.2675 12.21 
0.117 2 19 0 1.2 1.2 0.022 0.112 0.3860 0.3161 12.21 
0.118 2 19 0 1.2 1.2 -0.018 0.139 0.3213 0.2972 12.20 
0.119 2 19 0 1.2 1.2 0.035 0.095 0.3064 0.2972 12.17 
0.120 2 19 0 1.2 1.2 0.047 0.088 0.3064 0.3161 12.20 
0.121 2 19 0 1.2 1.2 0.046 0.094 0.2827 0.2868 12.20 
0.122 2 19 0 1.2 1.2 0.036 0.077 0.3896 0.3137 12.21 
0.123 2 19 0 1.2 1.2 0.013 0.063 0.3064 0.3113 12.20 
0.124 2 19 0 1.2 1.2 0.027 0.074 0.3088 0.2928 12.21 
0.125 2 19 0 1.2 1.2 0.004 -0.076 0.3088 0.3137 12.21 
0.126 2 19 0 1.2 1.2 0.008 0.050 0.2928 0.2848 12.19 
0.127 2 19 0 1.2 1.2 0.019 0.094 0.3860 0.2848 12.20 
0.128 2 19 0 1.2 1.2 -0.004 0.127 0.2952 0.3137 12.20 
0.129 2 19 0 1.2 1.2 0.021 0.110 0.2952 0.2972 12.21 
0.130 2 19 0 1.2 1.2 0.014 0.109 0.3088 0.3137 12.18 
0.131 2 19 0 1.2 1.2 0.044 0.100 0.2807 0.3016 12.19 
0.132 2 19 0 1.2 1.2 0.023 0.082 0.3896 0.2478 12.21 
0.133 2 19 0 1.2 1.2 0.024 0.083 0.3213 0.3113 12.21 
0.134 2 19 0 1.2 1.2 0.004 0.082 0.3161 0.3317 12.21 
0.135 2 19 0 1.2 1.2 0.014 0.063 0.3088 0.3317 12.21 
0.136 2 19 0 1.2 1.2 -0.005 0.080 0.2868 0.3064 12.20 
0.137 2 19 0 1.2 1.2 -0.030 0.105 0.3896 0.2607 12.20 
0.138 2 19 0 1.2 1.2 -0.023 0.110 0.3161 0.3161 12.18 
0.139 2 19 0 1.2 1.2 0.004 0.118 0.3161 0.3161 12.20 
0.140 2 19 0 1.2 1.2 -0.008 0.133 0.3088 0.3040 12.20 
0.141 2 19 0 1.2 1.2 0.032 0.141 0.2767 0.3137 12.18 
0.142 2 19 0 1.2 1.2 0.059 0.095 0.3936 0.2848 12.18 
0.143 2 19 0 1.2 1.2 0.033 0.068 0.3265 0.2848 12.19 
0.144 2 19 0 1.2 1.2 0.041 0.081 0.3161 0.3137 12.20 
0.145 2 19 0 1.2 1.2 -0.007 0.081 0.3113 0.2928 12.20 
0.146 2 19 0 1.2 1.2 -0.075 0.084 0.2623 0.3185 12.19 
0.147 2 19 0 1.2 1.2 -0.031 0.075 0.3936 0.3185 12.20 
0.148 2 19 0 1.2 1.2 0.000 0.122 0.3430 0.2908 12.20 
0.149 2 19 0 1.2 1.2 -0.027 0.157 0.3185 0.3213 12.20 
0.150 2 19 0 1.2 1.2 0.008 0.151 0.3088 0.3016 12.20 
0.151 2 19 1 4.0 4.0 0.045 0.121 0.2554 0.3016 12.18 
0.152 2 19 1 4.0 4.0 0.126 0.155 0.3976 0.3185 12.14 
0.153 2 19 1 4.0 4.0 0.444 0.334 0.3237 0.3016 12.09 
0.154 2 19 1 4.0 4.0 0.636 0.598 0.3237 0.3462 12.03 
0.155 2 19 1 4.0 4.0 0.751 0.754 0.3346 0.3289 12.00 
0.156 2 19 1 4.0 4.0 0.791 0.836 0.4317 0.3651 12.05 
0.157 2 19 1 4.0 4.0 0.817 1.000 0.4410 0.3860 12.06 
0.158 2 19 1 4.0 4.0 0.834 0.967 0.4410 0.4181 12.02 
0.159 2 19 1 4.0 4.0 0.841 0.979 0.4410 0.4269 12.05 
0.160 2 19 1 4.0 4.0 0.815 0.893 0.5149 0.4615 12.08 
0.161 2 19 1 4.0 4.0 0.730 0.816 0.4667 0.5081 12.07 
0.162 2 19 1 4.0 4.0 0.706 0.880 0.5149 0.5149 12.07 
0.163 2 19 1 4.0 4.0 0.688 0.831 0.5992 0.5426 12.07 
0.164 2 19 1 4.0 4.0 0.676 0.821 0.5820 0.5655 12.05 
0.165 2 19 1 4.0 4.0 0.729 0.800 0.6583 0.5735 12.06 
0.166 2 19 1 4.0 4.0 0.609 0.721 0.6583 0.5904 12.09 
0.167 2 19 1 4.0 4.0 0.602 0.667 0.5992 0.6273 12.08 
0.168 2 19 1 4.0 4.0 0.603 0.714 0.6474 0.6691 12.08 
0.169 2 19 1 4.0 4.0 0.597 0.632 0.6804 0.6691 12.06 
0.170 2 19 1 4.0 4.0 0.619 0.649 0.7044 0.6691 12.06 
0.171 2 19 1 4.0 4.0 0.552 0.611 0.7169 0.6804 12.07 
0.172 2 19 1 4.0 4.0 0.526 0.524 0.7575 0.7044 12.08 
0.173 2 19 1 4.0 4.0 0.525 0.552 0.7434 0.7302 12.08 
0.174 2 19 1 4.0 4.0 0.540 0.577 0.7723 0.7434 12.09 
0.175 2 19 1 4.0 4.0 0.522 0.644 0.7872 0.7723 12.10 
0.176 2 19 1 4.0 4.0 0.477 0.569 0.8032 0.7575 12.09 
0.177 2 19 1 4.0 4.0 0.448 0.505 0.8193 0.8032 12.07 
0.178 2 19 1 4.0 4.0 0.507 0.494 0.8366 0.7723 12.09 
0.179 2 19 1 4.0 4.0 0.443 0.553 0.8543 0.8032 12.08 
0.180 2 19 1 4.0 4.0 0.423 0.501 0.8366 0.8032 12.08 
0.181 2 19 1 4.0 4.0 0.373 0.448 0.8727 0.8193 12.10 
0.182 2 19 1 4.0 4.0 0.407 0.487 0.8543 0.8366 12.08 
0.183 2 19 1 4.0 4.0 0.365 0.471 0.8727 0.8366 12.12 
0.184 2 19 1 4.0 4.0 0.365 0.439 0.9559 0.8193 12.12 
0.185 2 19 1 4.0 4.0 0.403 0.330 0.9125 0.8727 12.11 
0.186 2 19 1 4.0 4.0 0.378 0.444 0.8543 0.8924 12.11 
0.187 2 19 1 4.0 4.0 0.282 0.438 0.9559 0.9338 12.14 
0.188 2 19 1 4.0 4.0 0.312 0.412 0.9559 0.9559 12.10 
0.189 2 19 1 4.0 4.0 0.346 0.432 1.0041 0.9559 12.11 
0.190 2 19 1 4.0 4.0 0.347 0.495 0.8193 0.9559 12.10 
0.191 2 19 1 4.0 4.0 0.281 0.398 0.9796 0.9559 12.13 
0.192 2 19 1 4.0 4.0 0.326 0.322 1.0041 0.9559 12.12 
0.193 2 19 1 4.0 4.0 0.315 0.360 1.0041 0.9796 12.10 
0.194 2 19 1 4.0 4.0 0.282 0.215 0.9796 1.0041 12.13 
0.195 2 19 1 4.0 4.0 0.301 0.263 0.9796 1.0041 12.12 
0.196 2 19 1 4.0 4.0 0.291 0.337 1.0298 1.0041 12.12 
0.197 2 19 1 4.0 4.0 0.251 0.331 1.0567 0.9559 12.15 
0.198 2 19 1 4.0 4.0 0.262 0.307 1.0041 1.0041 12.12 
0.199 2 19 1 4.0 4.0 0.287 0.304 1.0852 1.0041 12.13 
0.200 2 19 1 4.0 4.0 0.248 0.350 1.0852 1.0298 12.12 
0.201 2 19 1 4.0 4.0 0.228 0.312 1.0852 1.0298 12.10 
0.202 2 19 1 4.0 4.0 0.258 0.438 1.0852 1.0298 12.12 
0.203 2 19 1 4.0 4.0 0.235 0.387 1.0567 1.0567 12.13 
0.204 2 19 1 4.0 4.0 0.243 0.326 1.1153 1.0567 12.13 
0.205 2 19 1 4.0 4.0 0.225 0.285 1.0852 1.0567 12.15 
0.206 2 19 1 4.0 4.0 0.207 0.311 1.0852 1.0567 12.13 
0.207 2 19 1 4.0 4.0 0.184 0.302 1.1153 1.0852 12.11 
0.208 2 19 1 4.0 4.0 0.183 0.306 1.1474 1.0567 12.14 
0.209 2 19 1 4.0 4.0 0.175 0.319 1.0852 1.0852 12.15 
0.210 2 19 1 4.0 4.0 0.205 0.293 1.1474 1.0852 12.14 
0.211 2 19 1 4.0 4.0 0.236 0.211 1.1474 1.0567 12.13 
0.212 2 19 1 4.0 4.0 0.171 0.237 1.1812 1.0852 12.13 
0.213 2 19 1 4.0 4.0 0.168 0.261 1.1474 1.1153 12.14 
0.214 2 19 1 4.0 4.0 0.250 0.217 1.1812 1.1153 12.14 
0.215 2 19 1 4.0 4.0 0.194 0.232 1.1812 1.1153 12.13 
0.216 2 19 1 4.0 4.0 0.177 0.265 1.0852 1.0852 12.13 
0.217 2 19 1 4.0 4.0 0.207 0.234 1.1812 1.1153 12.13 
0.218 2 19 1 4.0 4.0 0.177 0.251 1.1812 1.1153 12.14 
0.219 2 19 1 4.0 4.0 0.186 0.224 1.0852 1.1474 12.16 
0.220 2 19 1 4.0 4.0 0.158 0.062 1.1474 1.1474 12.17 
0.221 2 19 1 4.0 4.0 0.202 0.232 1.2169 1.1153 12.14 
0.222 2 19 1 4.0 4.0 0.169 0.258 1.1474 1.1153 12.11 
0.223 2 19 1 4.0 4.0 0.183 0.218 1.1474 1.1153 12.13 
0.224 2 19 1 4.0 4.0 0.137 0.227 1.2169 1.1474 12.14 
0.225 2 19 1 4.0 4.0 0.162 0.252 1.2169 1.1812 12.14 
0.226 2 19 1 4.0 4.0 0.194 0.205 1.0852 1.1474 12.12 
0.227 2 19 1 4.0 4.0 0.158 0.260 1.2169 1.1812 12.13 
0.228 2 19 1 4.0 4.0 0.168 0.211 1.2169 1.1812 12.14 
0.229 2 19 1 4.0 4.0 0.164 0.168 1.1812 1.1474 12.15 
0.230 2 19 1 4.0 4.0 0.130 0.203 1.2169 1.1812 12.14 
0.231 2 19 1 4.0 4.0 0.157 0.186 1.2551 1.1812 12.14 
0.232 2 19 1 4.0 4.0 0.142 0.185 1.2551 1.1812 12.13 
0.233 2 19 1 4.0 4.0 0.152 0.227 1.0298 1.0852 12.13 
0.234 2 19 1 4.0 4.0 0.164 0.193 1.2169 1.1812 12.15 
0.235 2 19 1 4.0 4.0 0.148 0.136 1.2169 1.1812 12.15 
0.236 2 19 1 4.0 4.0 0.136 0.189 1.1474 1.1812 12.15 
0.237 2 19 1 4.0 4.0 0.180 0.151 1.2169 1.2169 12.15 
0.238 2 19 1 4.0 4.0 0.141 0.180 1.2551 1.1812 12.13 
0.239 2 19 1 4.0 4.0 0.149 0.221 1.2551 1.1812 12.11 
0.240 2 19 1 4.0 4.0 0.145 0.207 1.1812 1.1812 12.15 
0.241 2 19 1 4.0 4.0 0.095 0.262 1.2169 1.1812 12.15 
0.242 2 19 1 4.0 4.0 0.131 0.090 1.2551 1.2169 12.15 
0.243 2 19 1 4.0 4.0 0.137 0.166 1.2551 1.1812 12.11 
0.244 2 19 1 4.0 4.0 0.130 0.212 1.0852 1.2169 12.11 
0.245 2 19 1 4.0 4.0 0.165 0.180 1.2551 1.2169 12.13 
0.246 2 19 1 4.0 4.0 0.111 0.141 1.1153 1.2169 12.15 
0.247 2 19 1 4.0 4.0 0.129 0.206 1.2169 1.2169 12.14 
0.248 2 19 1 4.0 4.0 0.149 0.188 1.2551 1.2169 12.16 
0.249 2 19 1 4.0 4.0 0.105 0.152 1.2952 1.2169 12.16 
0.250 2 19 1 4.0 4.0 0.152 0.176 1.2551 1.1474 12.15 
0.251 2 19 1 4.0 4.0 0.123 0.136 1.1812 1.2551 12.16 
0.252 2 19 1 4.0 4.0 0.110 0.157 1.2551 1.2169 12.15 
0.253 2 19 1 4.0 4.0 0.141 0.007 1.2551 1.2169 12.16 
0.254 2 19 1 4.0 4.0 0.127 0.129 1.2952 1.2169 12.16 
0.255 2 19 1 4.0 4.0 0.146 0.157 1.2169 1.2169 12.14 
0.256 2 19 1 4.0 4.0 0.134 0.170 1.2169 1.2169 12.16 
0.257 2 19 1 4.0 4.0 0.113 0.148 1.2551 1.2169 12.16 
0.258 2 19 1 4.0 4.0 0.118 0.169 1.2952 1.2551 12.15 
0.259 2 19 1 4.0 4.0 0.133 0.151 1.2169 1.2169 12.14 
0.260 2 19 1 4.0 4.0 0.057 0.155 1.2551 1.2169 12.16 
0.261 2 19 1 4.0 4.0 0.099 0.176 1.2952 1.2169 12.16 
0.262 2 19 1 4.0 4.0 0.115 0.134 1.2952 1.2551 12.16 
0.263 2 19 1 4.0 4.0 0.089 0.108 1.2169 1.2169 12.14 
0.264 2 19 1 4.0 4.0 0.131 0.163 1.2551 1.2551 12.15 
0.265 2 19 1 4.0 4.0 0.100 0.113 1.2952 1.2551 12.16 
0.266 2 19 1 4.0 4.0 0.122 0.009 1.2952 1.2551 12.15 
0.267 2 19 1 4.0 4.0 0.133 0.136 1.2169 1.2551 12.15 
0.268 2 19 1 4.0 4.0 0.111 0.122 1.2952 1.2551 12.15 
0.269 2 19 1 4.0 4.0 0.144 0.173 1.2952 1.2169 12.15 
0.270 2 19 1 4.0 4.0 0.103 0.139 1.2952 1.2551 12.15 
0.271 2 19 1 4.0 4.0 0.095 0.147 1.2169 1.2169 12.14 
0.272 2 19 1 4.0 4.0 0.113 0.198 1.2169 1.2551 12.17 
0.273 2 19 1 4.0 4.0 0.088 0.107 1.2952 1.2169 12.16 
0.274 2 19 1 4.0 4.0 0.103 0.140 1.2952 1.2169 12.14 
0.275 2 19 1 4.0 4.0 0.114 0.184 1.2169 1.2551 12.15 
0.276 2 19 1 4.0 4.0 0.098 0.165 1.2551 1.2169 12.16 
0.277 2 19 1 4.0 4.0 0.118 0.151 1.2952 1.2551 12.16 
0.278 2 19 1 4.0 4.0 0.102 0.152 1.3386 1.2551 12.17 
0.279 2 19 1 4.0 4.0 0.088 0.109 1.2169 1.2169 12.15 
0.280 2 19 1 4.0 4.0 0.107 0.120 1.2952 1.2169 12.17 
0.281 2 19 1 4.0 4.0 0.100 0.098 1.3386 1.2551 12.16 
0.282 2 19 1 4.0 4.0 0.092 0.121 1.2952 1.2551 12.14 
0.283 2 19 1 4.0 4.0 0.103 0.170 1.2169 1.2169 12.16 
0.284 2 19 1 4.0 4.0 0.092 0.087 1.2952 1.2169 12.17 
0.285 2 19 1 4.0 4.0 0.119 0.156 1.2952 1.2551 12.15 
0.286 2 19 1 4.0 4.0 0.122 0.157 1.2952 1.2551 12.16 
0.287 2 19 1 4.0 4.0 0.102 0.091 1.2551 1.2551 12.16 
0.288 2 19 1 4.0 4.0 0.085 0.148 1.2551 1.2551 12.15 
0.289 2 19 1 4.0 4.0 0.075 0.128 1.2952 1.2551 12.18 
0.290 2 19 1 4.0 4.0 0.088 0.399 1.2952 1.2551 12.18 
0.291 2 19 1 4.0 4.0 0.111 0.360 1.2169 1.2551 12.12 
0.292 2 19 1 4.0 4.0 0.083 0.184 1.2952 1.2169 12.15 
0.293 2 19 1 4.0 4.0 0.127 0.164 1.2952 1.2551 12.14 
0.294 2 19 1 4.0 4.0 0.081 0.441 1.2952 1.2551 12.16 
0.295 2 19 1 4.0 4.0 0.081 0.190 1.2169 1.2551 12.15 
0.296 2 19 1 4.0 4.0 0.120 0.175 1.2952 1.2551 12.16 
0.297 2 19 1 4.0 4.0 0.089 0.118 1.3386 1.2551 12.17 
0.298 2 19 1 4.0 4.0 0.122 0.117 1.3386 1.2551 12.14 
0.299 2 19 1 4.0 4.0 0.098 0.140 1.2169 1.2551 12.17 
0.300 2 19 1 4.0 4.0 0.088 0.097 1.2952 1.2551 12.17 
0.301 2 19 1 4.0 4.0 0.126 0.117 1.2952 1.2551 12.14 
0.302 2 19 2 -4.0 -4.0 0.093 0.145 1.3386 1.2551 12.15 
0.303 2 19 2 -4.0 -4.0 -0.178 -0.014 1.2952 1.2551 12.07 
0.304 2 19 2 -4.0 -4.0 -0.850 -0.670 1.2169 1.2551 11.99 
0.305 2 19 2 -4.0 -4.0 -1.402 -1.408 1.2169 1.2169 11.93 
0.306 2 19 2 -4.0 -4.0 -1.712 -1.829 1.1812 1.1812 11.82 
0.307 2 19 2 -4.0 -4.0 -1.582 -1.968 1.1153 1.0852 11.92 
0.308 2 19 2 -4.0 -4.0 -1.730 -1.982 1.0567 1.0298 11.83 
0.309 2 19 2 -4.0 -4.0 -1.835 -2.022 0.8727 0.8924 11.87 
0.310 2 19 2 -4.0 -4.0 -1.710 -2.044 0.8543 0.8366 11.93 
0.311 2 19 2 -4.0 -4.0 -1.653 -1.933 0.7434 0.7575 11.95 
0.312 2 19 2 -4.0 -4.0 -1.620 -1.813 0.6691 0.7302 11.95 
0.313 2 19 2 -4.0 -4.0 -1.636 -1.925 0.6583 0.6924 11.94 
0.314 2 19 2 -4.0 -4.0 -1.717 -1.868 0.5820 0.5904 11.85 
0.315 2 19 2 -4.0 -4.0 -1.574 -1.823 0.5655 0.5426 11.95 
0.316 2 19 2 -4.0 -4.0 -1.486 -1.762 0.5020 0.5213 11.97 
0.317 2 19 2 -4.0 -4.0 -1.502 -1.589 0.3651 0.4615 11.96 
0.318 2 19 2 -4.0 -4.0 -1.433 -1.621 0.3896 0.4016 11.97 
0.319 2 19 2 -4.0 -4.0 -1.464 -1.659 0.3430 0.3113 11.96 
0.320 2 19 2 -4.0 -4.0 -1.401 -1.596 0.2695 0.3113 11.99 
0.321 2 19 2 -4.0 -4.0 -1.375 -1.625 0.2390 0.2510 11.92 
0.322 2 19 2 -4.0 -4.0 -1.368 -1.700 0.1498 0.2510 11.90 
0.323 2 19 2 -4.0 -4.0 -1.240 -1.781 0.1498 0.1562 11.97 
0.324 2 19 2 -4.0 -4.0 -1.184 -1.781 0.1498 0.1125 11.95 
0.325 2 19 2 -4.0 -4.0 -1.193 -1.697 0.1337 0.1024 11.97 
0.326 2 19 2 -4.0 -4.0 -1.192 -1.673 0.1004 0.1024 11.97 
0.327 2 19 2 -4.0 -4.0 -1.143 -1.624 -0.0819 -0.1731 11.97 
0.328 2 19 2 -4.0 -4.0 -1.144 -1.608 -0.0819 -0.1731 11.99 
0.329 2 19 2 -4.0 -4.0 -1.094 -1.716 -0.0819 -0.1723 12.02 
0.330 2 19 2 -4.0 -4.0 -1.059 -1.461 -0.1643 -0.1213 12.02 
0.331 2 19 2 -4.0 -4.0 -0.997 -1.236 -0.1643 -0.1213 12.03 
0.332 2 19 2 -4.0 -4.0 -1.008 -1.150 -0.2418 -0.2205 12.03 
0.333 2 19 2 -4.0 -4.0 -0.944 -1.127 -0.3683 -0.2205 12.05 
0.334 2 19 2 -4.0 -4.0 -0.944 -1.050 -0.3040 -0.2659 12.05 
0.335 2 19 2 -4.0 -4.0 -0.881 -1.049 -0.3787 -0.3237 12.00 
0.336 2 19 2 -4.0 -4.0 -0.943 -1.004 -0.3936 -0.3346 11.99 
0.337 2 19 2 -4.0 -4.0 -0.814 -1.068 -0.4562 -0.3936 12.00 
0.338 2 19 2 -4.0 -4.0 -0.764 -0.986 -0.3936 -0.4016 12.05 
0.339 2 19 2 -4.0 -4.0 -0.753 -0.817 -0.4462 -0.4225 12.03 
0.340 2 19 2 -4.0 -4.0 -0.700 -0.938 -0.5281 -0.3976 12.05 
0.341 2 19 2 -4.0 -4.0 -0.719 -0.906 -0.5081 -0.4362 12.06 
0.342 2 19 2 -4.0 -4.0 -0.710 -0.868 -0.5426 -0.4723 12.07 
0.343 2 19 2 -4.0 -4.0 -0.699 -0.803 -0.6273 -0.5020 12.07 
0.344 2 19 2 -4.0 -4.0 -0.623 -0.800 -0.5904 -0.5354 12.08 
0.345 2 19 2 -4.0 -4.0 -0.611 -0.839 -0.6924 -0.5735 12.04 
0.346 2 19 2 -4.0 -4.0 -0.613 -0.810 -0.6177 -0.5575 12.07 
0.347 2 19 2 -4.0 -4.0 -0.632 -0.720 -0.6583 -0.5904 12.07 
0.348 2 19 2 -4.0 -4.0 -0.597 -0.695 -0.6583 -0.6177 12.08 
0.349 2 19 2 -4.0 -4.0 -0.544 -0.640 -0.6804 -0.6583 12.09 
0.350 2 19 2 -4.0 -4.0 -0.497 -0.652 -0.7302 -0.6583 12.07 
0.351 2 19 2 -4.0 -4.0 -0.525 -0.659 -0.7302 -0.6804 12.10 
0.352 2 19 2 -4.0 -4.0 -0.503 -0.656 -0.7302 -0.6804 12.11 
0.353 2 19 2 -4.0 -4.0 -0.473 -0.637 -0.7302 -0.7044 12.11 
0.354 2 19 2 -4.0 -4.0 -0.464 -0.601 -0.8193 -0.7302 12.11 
0.355 2 19 2 -4.0 -4.0 -0.437 -0.602 -0.7872 -0.7434 12.07 
0.356 2 19 2 -4.0 -4.0 -0.465 -0.545 -0.8543 -0.7575 12.08 
0.357 2 19 2 -4.0 -4.0 -0.408 -0.541 -0.7723 -0.7723 12.10 
0.358 2 19 2 -4.0 -4.0 -0.395 -0.519 -0.8543 -0.7872 12.10 
0.359 2 19 2 -4.0 -4.0 -0.399 -0.541 -0.7872 -0.8032 12.09 
0.360 2 19 2 -4.0 -4.0 -0.410 -0.552 -0.8727 -0.7723 12.09 
0.361 2 19 2 -4.0 -4.0 -0.375 -0.514 -0.8193 -0.8193 12.09 
0.362 2 19 2 -4.0 -4.0 -0.395 -0.461 -0.8032 -0.7872 12.10 
0.363 2 19 2 -4.0 -4.0 -0.363 -0.524 -0.8727 -0.8366 12.07 
0.364 2 19 2 -4.0 -4.0 -0.357 -0.511 -0.8543 -0.8366 12.08 
0.365 2 19 2 -4.0 -4.0 -0.319 -0.430 -0.8727 -0.8543 12.10 
0.366 2 19 2 -4.0 -4.0 -0.318 -0.408 -0.9125 -0.8727 12.08 
0.367 2 19 2 -4.0 -4.0 -0.327 -0.454 -0.9796 -0.8543 12.08 
0.368 2 19 2 -4.0 -4.0 -0.328 -0.464 -0.9559 -0.8924 12.08 
0.369 2 19 2 -4.0 -4.0 -0.283 -0.433 -0.9125 -0.9125 12.11 
0.370 2 19 2 -4.0 -4.0 -0.330 -0.434 -0.9559 -0.9338 12.12 
0.371 2 19 2 -4.0 -4.0 -0.298 -0.434 -1.0041 -0.9559 12.10 
0.372 2 19 2 -4.0 -4.0 -0.308 -0.374 -1.0567 -0.9796 12.13 
0.373 2 19 2 -4.0 -4.0 -0.246 -0.375 -0.9559 -0.9796 12.12 
0.374 2 19 2 -4.0 -4.0 -0.297 -0.380 -0.9559 -0.9796 12.12 
0.375 2 19 2 -4.0 -4.0 -0.255 -0.366 -1.0567 -0.9559 12.10 
0.376 2 19 2 -4.0 -4.0 -0.253 -0.326 -1.0298 -1.0041 12.13 
0.377 2 19 2 -4.0 -4.0 -0.266 -0.362 -0.8543 -1.0041 12.12 
0.378 2 19 2 -4.0 -4.0 -0.273 -0.378 -1.0041 -1.0041 12.12 
0.379 2 19 2 -4.0 -4.0 -0.228 -0.332 -1.0041 -1.0298 12.14 
0.380 2 19 2 -4.0 -4.0 -0.253 -0.045 -1.0852 -1.0298 12.08 
0.381 2 19 2 -4.0 -4.0 -0.216 -0.315 -1.0298 -1.0298 12.13 
0.382 2 19 2 -4.0 -4.0 -0.224 -0.309 -1.0567 -1.0041 12.13 
0.383 2 19 2 -4.0 -4.0 -0.232 -0.276 -1.1153 -1.0298 12.13 
0.384 2 19 2 -4.0 -4.0 -0.255 -0.378 -1.0567 -1.0567 12.14 
0.385 2 19 2 -4.0 -4.0 -0.183 -0.253 -1.0852 -1.0852 12.13 
0.386 2 19 2 -4.0 -4.0 -0.258 -0.263 -1.1474 -1.0852 12.14 
0.387 2 19 2 -4.0 -4.0 -0.202 -0.321 -1.1153 -1.0567 12.13 
0.388 2 19 2 -4.0 -4.0 -0.189 -0.321 -1.1153 -1.0852 12.15 
0.389 2 19 2 -4.0 -4.0 -0.216 -0.250 -1.1812 -1.0298 12.14 
0.390 2 19 2 -4.0 -4.0 -0.195 -0.239 -1.1153 -1.0852 12.13 
0.391 2 19 2 -4.0 -4.0 -0.174 -0.233 -1.1474 -1.1153 12.12 
0.392 2 19 2 -4.0 -4.0 -0.167 -0.051 -1.1474 -1.1153 12.13 
0.393 2 19 2 -4.0 -4.0 -0.208 -0.225 -1.1153 -1.1153 12.13 
0.394 2 19 2 -4.0 -4.0 -0.163 -0.239 -1.1474 -1.1153 12.14 
0.395 2 19 2 -4.0 -4.0 -0.219 -0.201 -0.8924 -1.1153 12.15 
0.396 2 19 2 -4.0 -4.0 -0.181 -0.254 -1.2169 -1.1153 12.15 
0.397 2 19 2 -4.0 -4.0 -0.175 -0.237 -1.1474 -1.1153 12.13 
0.398 2 19 2 -4.0 -4.0 -0.155 -0.226 -1.1474 -1.1474 12.15 
0.399 2 19 2 -4.0 -4.0 -0.182 -0.276 -1.2169 -1.1153 12.15 
0.400 2 19 2 -4.0 -4.0 -0.181 -0.264 -1.1812 -1.1474 12.14 
0.401 2 19 2 -4.0 -4.0 -0.193 -0.229 -1.1812 -1.1153 12.12 
0.402 2 19 2 -4.0 -4.0 -0.152 -0.264 -1.2169 -1.1474 12.15 
0.403 2 19 2 -4.0 -4.0 -0.146 -0.236 -1.1812 -1.1474 12.15 
0.404 2 19 2 -4.0 -4.0 -0.177 -0.189 -1.1812 -1.1474 12.14 
0.405 2 19 2 -4.0 -4.0 -0.140 -0.059 -1.1812 -1.1474 12.16 
0.406 2 19 2 -4.0 -4.0 -0.168 -0.216 -1.2551 -1.1474 12.15 
0.407 2 19 2 -4.0 -4.0 -0.171 -0.175 -1.2169 -1.1474 12.14 
0.408 2 19 2 -4.0 -4.0 -0.152 -0.184 -1.2169 -1.1474 12.13 
0.409 2 19 2 -4.0 -4.0 -0.150 -0.190 -1.2169 -1.1812 12.13 
0.410 2 19 2 -4.0 -4.0 -0.187 -0.166 -1.1812 -1.1812 12.15 
0.411 2 19 2 -4.0 -4.0 -0.140 -0.237 -1.2169 -1.0567 12.14 
0.412 2 19 2 -4.0 -4.0 -0.161 -0.187 -1.1812 -1.1812 12.17 
0.413 2 19 2 -4.0 -4.0 -0.148 -0.161 -1.2952 -1.1812 12.14 
0.414 2 19 2 -4.0 -4.0 -0.112 -0.144 -1.2169 -1.1812 12.15 
0.415 2 19 2 -4.0 -4.0 -0.175 -0.163 -1.2169 -1.1812 12.13 
0.416 2 19 2 -4.0 -4.0 -0.140 -0.193 -1.1153 -1.1474 12.15 
0.417 2 19 2 -4.0 -4.0 -0.148 -0.218 -1.2952 -1.2169 12.15 
0.418 2 19 2 -4.0 -4.0 -0.153 -0.180 -1.2169 -1.1812 12.14 
0.419 2 19 2 -4.0 -4.0 -0.130 -0.195 -1.2169 -1.1812 12.14 
0.420 2 19 2 -4.0 -4.0 -0.132 -0.168 -1.2952 -1.2169 12.15 
0.421 2 19 2 -4.0 -4.0 -0.145 -0.157 -1.2169 -1.2169 12.16 
0.422 2 19 2 -4.0 -4.0 -0.107 -0.214 -1.2169 -1.1812 12.16 
0.423 2 19 2 -4.0 -4.0 -0.155 -0.190 -1.2551 -1.2169 12.15 
0.424 2 19 2 -4.0 -4.0 -0.118 -0.227 -1.2952 -1.2169 12.14 
0.425 2 19 2 -4.0 -4.0 -0.108 -0.177 -1.1812 -1.1812 12.16 
0.426 2 19 2 -4.0 -4.0 -0.118 -0.143 -1.2169 -1.2169 12.15 
0.427 2 19 2 -4.0 -4.0 -0.091 -0.271 -1.2551 -1.2169 12.14 
0.428 2 19 2 -4.0 -4.0 -0.123 -0.229 -1.3386 -1.1812 12.13 
0.429 2 19 2 -4.0 -4.0 -0.133 -0.152 -1.2551 -1.2169 12.14 
0.430 2 19 2 -4.0 -4.0 -0.095 -0.126 -1.2551 -1.2169 12.14 
0.431 2 19 2 -4.0 -4.0 -0.110 -0.132 -1.2551 -1.2169 12.13 
0.432 2 19 2 -4.0 -4.0 -0.133 -0.119 -1.3386 -1.2169 12.13 
0.433 2 19 2 -4.0 -4.0 -0.105 -0.172 -1.2551 -1.2169 12.14 
0.434 2 19 2 -4.0 -4.0 -0.152 -0.077 -1.2551 -1.1812 12.11 
0.435 2 19 2 -4.0 -4.0 -0.110 -0.111 -1.2551 -1.2169 12.13 
0.436 2 19 2 -4.0 -4.0 -0.105 -0.210 -1.3386 -1.2169 12.14 
0.437 2 19 2 -4.0 -4.0 -0.144 -0.113 -1.2551 -1.2169 12.16 
0.438 2 19 2 -4.0 -4.0 -0.105 -0.151 -1.2551 -1.1153 12.14 
0.439 2 19 2 -4.0 -4.0 -0.142 -0.169 -1.3386 -1.2551 12.13 
0.440 2 19 2 -4.0 -4.0 -0.114 -0.153 -1.2952 -1.2169 12.14 
0.441 2 19 2 -4.0 -4.0 -0.079 -0.165 -1.1474 -1.2169 12.16 
0.442 2 19 2 -4.0 -4.0 -0.125 -0.134 -1.2169 -1.2551 12.14 
0.443 2 19 2 -4.0 -4.0 -0.118 -0.139 -1.2551 -1.2551 12.14 
0.444 2 19 2 -4.0 -4.0 -0.123 -0.166 -1.3386 -1.2551 12.16 
0.445 2 19 2 -4.0 -4.0 -0.127 -0.158 -1.2169 -1.2551 12.17 
0.446 2 19 2 -4.0 -4.0 -0.069 -0.117 -1.2551 -1.2551 12.17 
0.447 2 19 2 -4.0 -4.0 -0.114 -0.133 -1.0567 -1.2551 12.16 
0.448 2 19 2 -4.0 -4.0 -0.137 -0.130 -1.3386 -1.2551 12.16 
0.449 2 19 2 -4.0 -4.0 -0.105 -0.175 -1.2952 -1.2169 12.16 
0.450 2 19 2 -4.0 -4.0 -0.152 -0.190 -1.2551 -1.2551 12.15 
0.451 2 19 2 -4.0 -4.0 -0.093 -0.122 -1.2551 -1.2551 12.13 
0.452 2 19 2 -4.0 -4.0 -0.117 -0.170 -1.3386 -1.2551 12.14 
0.453 2 19 2 -4.0 -4.0 -0.103 -0.107 -1.2551 -1.2551 12.15 
0.454 2 19 2 -4.0 -4.0 -0.097 -0.125 -1.2551 -1.2551 12.14 
0.455 2 19 2 -4.0 -4.0 -0.075 -0.160 -1.2551 -1.2551 12.16 
0.456 2 19 2 -4.0 -4.0 -0.095 -0.126 -1.3386 -1.2551 12.16 
0.457 2 19 2 -4.0 -4.0 -0.106 -0.116 -1.2169 -1.2551 12.15 
0.458 2 19 2 -4.0 -4.0 -0.104 -0.096 -1.2551 -1.2551 12.17 
0.459 2 19 2 -4.0 -4.0 -0.097 -0.093 -1.2952 -1.2551 12.17 
0.460 2 19 2 -4.0 -4.0 -0.083 -0.161 -1.3386 -1.2551 12.17 
0.461 2 19 2 -4.0 -4.0 -0.115 -0.139 -1.2551 -1.2551 12.15 
0.462 2 19 2 -4.0 -4.0 -0.053 -0.100 -1.2551 -1.2551 12.15 
0.463 2 19 2 -4.0 -4.0 -0.128 -0.145 -1.2551 -1.2551 12.12 
0.464 2 19 2 -4.0 -4.0 -0.099 -0.116 -1.3386 -1.2551 12.13 
0.465 2 19 2 -4.0 -4.0 -0.156 -0.155 -1.2551 -1.2551 12.15 
0.466 2 19 2 -4.0 -4.0 -0.139 -0.172 -1.2551 -1.2952 12.14 
0.467 2 19 2 -4.0 -4.0 -0.091 -0.136 -1.2551 -1.2551 12.13 
0.468 2 19 2 -4.0 -4.0 -0.101 0.146 -1.3386 -1.2551 12.17 
0.469 2 19 2 -4.0 -4.0 -0.088 -0.033 -1.2551 -1.2551 12.17 
0.470 2 19 2 -4.0 -4.0 -0.087 -0.100 -1.2551 -1.2551 12.14 
0.471 2 19 2 -4.0 -4.0 -0.103 -0.140 -1.2952 -1.2551 12.15 
0.472 2 19 2 -4.0 -4.0 -0.102 -0.105 -1.3848 -1.2551 12.14 
0.473 2 19 2 -4.0 -4.0 -0.063 -0.115 -1.2551 -1.2551 12.14 
0.474 2 19 2 -4.0 -4.0 -0.132 -0.087 -1.2551 -1.2952 12.16 
0.475 2 19 2 -4.0 -4.0 -0.095 -0.111 -1.2952 -1.2952 12.15 
0.476 2 19 2 -4.0 -4.0 -0.113 -0.180 -1.1153 -1.2551 12.16 
0.477 2 19 2 -4.0 -4.0 -0.081 -0.161 -1.3848 -1.2551 12.18 
0.478 2 19 2 -4.0 -4.0 -0.053 -0.125 -1.2551 -1.2952 12.15 
0.479 2 19 2 -4.0 -4.0 -0.125 -0.109 -1.2551 -1.2952 12.16 
0.480 2 19 2 -4.0 -4.0 -0.128 -0.154 -1.2551 -1.2952 12.15 
0.481 2 19 2 -4.0 -4.0 -0.143 -0.171 -1.3386 -1.2551 12.17 
0.482 2 19 2 -4.0 -4.0 -0.105 -0.122 -1.2169 -1.2169 12.16 
0.483 2 19 2 -4.0 -4.0 -0.095 -0.090 -1.2551 -1.2551 12.16 
0.484 2 19 2 -4.0 -4.0 -0.097 -0.107 -1.2551 -1.2551 12.17 
0.485 2 19 2 -4.0 -4.0 -0.099 -0.107 -1.3386 -1.2952 12.17 
0.486 2 19 2 -4.0 -4.0 -0.089 -0.173 -1.2551 -1.2551 12.14 
0.487 2 19 2 -4.0 -4.0 -0.093 -0.171 -1.2952 -1.2551 12.15 
0.488 2 19 2 -4.0 -4.0 -0.104 -0.220 -1.3386 -1.2551 12.18 
0.489 2 19 2 -4.0 -4.0 -0.106 -0.141 -1.3386 -1.2551 12.15 
0.490 2 19 2 -4.0 -4.0 -0.096 -0.083 -1.2952 -1.2952 12.15 
0.491 2 19 2 -4.0 -4.0 -0.088 -0.105 -1.2952 -1.2952 12.14 
0.492 2 19 2 -4.0 -4.0 -0.109 -0.127 -1.2551 -1.2551 12.14 
0.493 2 19 2 -4.0 -4.0 -0.095 -0.107 -1.2551 -1.2952 12.14 
0.494 2 19 2 -4.0 -4.0 -0.109 -0.107 -1.2551 -1.2952 12.16 
0.495 2 19 2 -4.0 -4.0 -0.120 -0.123 -1.2551 -1.2952 12.15 
0.496 2 19 2 -4.0 -4.0 -0.084 -0.113 -1.2551 -1.2952 12.15 
0.497 2 19 2 -4.0 -4.0 -0.087 -0.131 -1.2952 -1.2952 12.13 
0.498 2 19 2 -4.0 -4.0 -0.096 -0.108 -1.3386 -1.2551 12.17 
0.499 2 19 2 -4.0 -4.0 -0.042 -0.148 -1.2952 -1.2551 12.15 
0.500 2 19 2 -4.0 -4.0 -0.095 -0.115 -1.2952 -1.2952 12.16 
0.501 2 19 2 -4.0 -4.0 -0.085 -0.088 -1.2952 -1.2952 12.17 
0.502 2 19 2 -4.0 -4.0 -0.095 -0.133 -1.3848 -1.2952 12.14 
0.503 2 19 3 0.0 0.0 -0.106 -0.115 -1.2551 -1.2551 12.12 
0.504 2 19 3 0.0 0.0 0.104 -0.072 -1.2952 -1.2952 12.19 
0.505 2 19 3 0.0 0.0 0.364 0.244 -1.2551 -1.2551 12.21 
0.506 2 19 3 0.0 0.0 0.647 0.605 -1.3386 -1.2551 12.21 
0.507 2 19 3 0.0 0.0 0.860 0.734 -1.2551 -1.2169 12.22 
0.508 2 19 3 0.0 0.0 0.852 0.789 -1.1474 -1.1812 12.22 
0.509 2 19 3 0.0 0.0 0.874 0.906 -1.0852 -1.1812 12.22 
0.510 2 19 3 0.0 0.0 0.942 0.933 -1.1153 -1.1153 12.22 
0.511 2 19 3 0.0 0.0 0.807 0.853 -1.0852 -1.0852 12.22 
0.512 2 19 3 0.0 0.0 0.826 0.894 -1.1153 -1.0567 12.22 
0.513 2 19 3 0.0 0.0 0.879 0.787 -1.0298 -1.0298 12.21 
0.514 2 19 3 0.0 0.0 0.774 0.752 -0.9125 -1.0041 12.22 
0.515 2 19 3 0.0 0.0 0.741 0.814 -0.8543 -0.8727 12.22 
0.516 2 19 3 0.0 0.0 0.787 0.881 -0.8366 -0.8924 12.22 
0.517 2 19 3 0.0 0.0 0.817 0.873 -0.8193 -0.8924 12.22 
0.518 2 19 3 0.0 0.0 0.694 0.768 -0.7723 -0.8543 12.22 
0.519 2 19 3 0.0 0.0 0.662 0.752 -0.7872 -0.8193 12.22 
0.520 2 19 3 0.0 0.0 0.700 0.649 -0.7044 -0.8032 12.21 
0.521 2 19 3 0.0 0.0 0.708 0.569 -0.7044 -0.7434 12.21 
0.522 2 19 3 0.0 0.0 0.653 0.606 -0.7434 -0.7575 12.22 
0.523 2 19 3 0.0 0.0 0.581 0.663 -0.6691 -0.7169 12.22 
0.524 2 19 3 0.0 0.0 0.601 0.690 -0.7169 -0.7044 12.22 
0.525 2 19 3 0.0 0.0 0.620 0.655 -0.6583 -0.6924 12.22 
0.526 2 19 3 0.0 0.0 0.615 0.554 -0.5575 -0.6583 12.21 
0.527 2 19 3 0.0 0.0 0.487 0.567 -0.6177 -0.6374 12.22 
0.528 2 19 3 0.0 0.0 0.470 0.596 -0.5498 -0.6273 12.20 
0.529 2 19 3 0.0 0.0 0.489 0.608 -0.5426 -0.6177 12.21 
0.530 2 19 3 0.0 0.0 0.510 0.532 -0.5992 -0.5820 12.21 
0.531 2 19 3 0.0 0.0 0.507 0.459 -0.5281 -0.5655 12.22 
0.532 2 19 3 0.0 0.0 0.501 0.460 -0.4956 -0.5575 12.22 
0.533 2 19 3 0.0 0.0 0.480 0.488 -0.5149 -0.5149 12.22 
0.534 2 19 3 0.0 0.0 0.411 0.506 -0.3860 -0.4956 12.21 
0.535 2 19 3 0.0 0.0 0.380 0.498 -0.3462 -0.4956 12.22 
0.536 2 19 3 0.0 0.0 0.390 0.474 -0.3751 -0.4667 12.21 
0.537 2 19 3 0.0 0.0 0.400 0.414 -0.4362 -0.4667 12.21 
0.538 2 19 3 0.0 0.0 0.403 0.364 -0.3615 -0.4410 12.21 
0.539 2 19 3 0.0 0.0 0.390 0.373 -0.2996 -0.4362 12.22 
0.540 2 19 3 0.0 0.0 0.378 0.394 -0.3346 -0.3896 12.21 
0.541 2 19 3 0.0 0.0 0.354 0.398 -0.3289 -0.3976 12.21 
0.542 2 19 3 0.0 0.0 0.287 0.387 -0.3896 -0.3462 12.22 
0.543 2 19 3 0.0 0.0 0.257 0.364 -0.3040 -0.3651 12.22 
0.544 2 19 3 0.0 0.0 0.252 0.273 -0.2554 -0.3402 12.23 
0.545 2 19 3 0.0 0.0 0.263 0.242 -0.2767 -0.3402 12.22 
0.546 2 19 3 0.0 0.0 0.273 0.260 -0.2767 -0.3430 12.21 
0.547 2 19 3 0.0 0.0 0.264 0.279 -0.2554 -0.2747 12.21 
0.548 2 19 3 0.0 0.0 0.269 0.288 -0.2996 -0.3088 12.21 
0.549 2 19 3 0.0 0.0 0.259 0.295 -0.2888 -0.3088 12.21 
0.550 2 19 3 0.0 0.0 0.246 0.303 -0.1988 -0.3137 12.21 
0.551 2 19 3 0.0 0.0 0.228 0.297 -0.1988 -0.2747 12.22 
0.552 2 19 3 0.0 0.0 0.213 0.290 -0.1996 -0.2747 12.22 
0.553 2 19 3 0.0 0.0 0.204 0.281 -0.1996 -0.2056 12.22 
0.554 2 19 3 0.0 0.0 0.189 0.268 -0.1847 -0.2056 12.22 
0.555 2 19 3 0.0 0.0 0.181 0.247 -0.1847 -0.2321 12.22 
0.556 2 19 3 0.0 0.0 0.147 0.224 -0.2113 -0.2265 12.22 
0.557 2 19 3 0.0 0.0 0.140 0.210 -0.2113 -0.2068 12.22 
0.558 2 19 3 0.0 0.0 0.133 0.189 -0.1751 -0.2068 12.22 
0.559 2 19 3 0.0 0.0 0.137 0.176 -0.1333 -0.2056 12.22 
0.560 2 19 3 0.0 0.0 0.139 0.171 -0.1333 -0.2056 12.21 
0.561 2 19 3 0.0 0.0 0.134 0.158 -0.1333 -0.1759 12.22 
0.562 2 19 3 0.0 0.0 0.126 0.153 -0.1261 -0.1759 12.21 
0.563 2 19 3 0.0 0.0 0.124 0.151 -0.1261 -0.1707 12.21 
0.564 2 19 3 0.0 0.0 0.112 0.146 -0.1261 -0.1707 12.22 
0.565 2 19 3 0.0 0.0 0.111 0.135 -0.1261 -0.1707 12.22 
0.566 2 19 3 0.0 0.0 0.105 0.128 -0.0976 -0.1434 12.23 
0.567 2 19 3 0.0 0.0 0.103 0.122 -0.0892 -0.1434 12.22 
0.568 2 19 3 0.0 0.0 0.097 0.115 -0.0892 -0.1434 12.21 
0.569 2 19 3 0.0 0.0 0.093 0.126 -0.0892 -0.1345 12.22 
0.570 2 19 3 0.0 0.0 0.084 0.128 -0.0892 -0.1345 12.22 
0.571 2 19 3 0.0 0.0 0.072 0.119 -0.0868 -0.1345 12.22 
0.572 2 19 3 0.0 0.0 0.070 0.107 -0.0859 -0.1157 12.22 
0.573 2 19 3 0.0 0.0 0.065 0.099 -0.0859 -0.1100 12.22 
0.574 2 19 3 0.0 0.0 0.053 0.100 -0.0859 -0.1100 12.22 
0.575 2 19 3 0.0 0.0 0.049 0.109 -0.0859 -0.1100 12.21 
0.576 2 19 3 0.0 0.0 0.055 0.090 -0.0811 -0.1064 12.21 
0.577 2 19 3 0.0 0.0 0.043 0.076 -0.0675 -0.1064 12.22 
0.578 2 19 3 0.0 0.0 0.030 0.057 -0.0574 -0.1064 12.22 
0.579 2 19 3 0.0 0.0 0.038 0.058 -0.0502 -0.1064 12.21 
0.580 2 19 3 0.0 0.0 0.036 0.056 -0.0446 -0.0984 12.22 
0.581 2 19 3 0.0 0.0 0.032 0.059 -0.0402 -0.0952 12.22 
0.582 2 19 3 0.0 0.0 0.028 0.068 -0.0365 -0.0952 12.21 
0.583 2 19 3 0.0 0.0 0.028 0.064 -0.0333 -0.0952 12.22 
0.584 2 19 3 0.0 0.0 0.022 0.065 -0.0333 -0.0952 12.21 
0.585 2 19 3 0.0 0.0 0.023 0.079 -0.0333 -0.0823 12.22 
0.586 2 19 3 0.0 0.0 0.021 0.069 -0.0333 -0.0803 12.23 
0.587 2 19 3 0.0 0.0 0.023 0.067 -0.0333 -0.0803 12.22 
0.588 2 19 3 0.0 0.0 0.020 0.064 -0.0333 -0.0803 12.22 
0.589 2 19 3 0.0 0.0 0.012 0.061 -0.0333 -0.0803 12.21 
0.590 2 19 3 0.0 0.0 0.009 0.049 -0.0333 -0.0803 12.21 
0.591 2 19 3 0.0 0.0 0.011 0.043 -0.0333 -0.0683 12.22 
0.592 2 19 3 0.0 0.0 0.008 0.035 -0.0333 -0.0582 12.22 
0.593 2 19 3 0.0 0.0 0.008 0.033 -0.0333 -0.0510 12.22 
0.594 2 19 3 0.0 0.0 0.004 0.032 -0.0333 -0.0450 12.22 
0.595 2 19 3 0.0 0.0 0.002 0.029 -0.0333 -0.0406 12.22 
0.596 2 19 3 0.0 0.0 0.000 0.019 -0.0305 -0.0365 12.22 
0.597 2 19 3 0.0 0.0 0.008 0.028 -0.0285 -0.0337 12.21 
0.598 2 19 3 0.0 0.0 0.003 0.028 -0.0265 -0.0309 12.21 
0.599 2 19 3 0.0 0.0 0.009 0.016 -0.0249 -0.0289 12.21 
0.600 2 19 3 0.0 0.0 0.003 0.011 -0.0233 -0.0269 12.21 
0.601 2 19 3 0.0 0.0 -0.001 0.013 -0.0221 -0.0253 12.21 
0.602 2 19 3 0.0 0.0 -0.003 0.005 -0.0209 -0.0237 12.22 
0.603 2 19 3 0.0 0.0 -0.014 -0.001 -0.0197 -0.0221 12.22 
0.604 2 19 3 0.0 0.0 -0.011 -0.005 -0.0189 -0.0209 12.22 
0.605 2 19 3 0.0 0.0 -0.004 -0.011 -0.0181 -0.0201 12.21 
0.606 2 19 3 0.0 0.0 -0.004 -0.014 -0.0173 -0.0189 12.22 
0.607 2 19 3 0.0 0.0 -0.002 -0.008 -0.0165 -0.0181 12.21 
0.608 2 19 3 0.0 0.0 0.000 -0.005 -0.0157 -0.0173 12.21 
0.609 2 19 3 0.0 0.0 -0.005 0.006 -0.0153 -0.0165 12.22 
0.610 2 19 3 0.0 0.0 -0.001 0.000 -0.0149 -0.0161 12.21 
0.611 2 19 3 0.0 0.0 -0.004 0.004 -0.0141 -0.0153 12.22 
0.612 2 19 3 0.0 0.0 -0.003 -0.009 -0.0137 -0.0149 12.22 
0.613 2 19 3 0.0 0.0 -0.009 -0.008 -0.0133 -0.0141 12.22 
0.614 2 19 3 0.0 0.0 -0.007 -0.014 -0.0129 -0.0137 12.22 
0.615 2 19 3 0.0 0.0 -0.006 -0.011 -0.0125 -0.0133 12.22 
0.616 2 19 3 0.0 0.0 -0.006 -0.006 -0.0120 -0.0129 12.21 
0.617 2 19 3 0.0 0.0 -0.006 -0.012 -0.0116 -0.0125 12.21 
0.618 2 19 3 0.0 0.0 -0.011 -0.012 -0.0112 -0.0120 12.21 
0.619 2 19 3 0.0 0.0 0.001 -0.014 -0.0108 -0.0116 12.22 
0.620 2 19 3 0.0 0.0 -0.006 -0.018 -0.0108 -0.0112 12.22 
0.621 2 19 3 0.0 0.0 -0.007 -0.012 -0.0104 -0.0108 12.22 
0.622 2 19 3 0.0 0.0 -0.003 -0.012 -0.0100 -0.0108 12.22 
0.623 2 19 3 0.0 0.0 -0.000 -0.009 -0.0096 -0.0104 12.22 
0.624 2 19 3 0.0 0.0 0.000 -0.009 -0.0096 -0.0100 12.21 
0.625 2 19 3 0.0 0.0 -0.004 -0.005 -0.0092 -0.0100 12.22 
0.626 2 19 3 0.0 0.0 -0.000 -0.004 -0.0092 -0.0096 12.22 
0.627 2 19 3 0.0 0.0 -0.004 -0.007 -0.0088 -0.0092 12.22 
0.628 2 19 3 0.0 0.0 0.000 -0.010 -0.0088 -0.0092 12.21 
0.629 2 19 3 0.0 0.0 -0.006 -0.008 -0.0084 -0.0088 12.22 
0.630 2 19 3 0.0 0.0 -0.005 0.003 -0.0084 -0.0088 12.21 
0.631 2 19 3 0.0 0.0 0.011 -0.020 -0.0080 -0.0084 12.19 
0.632 2 19 3 0.0 0.0 -0.001 -0.011 -0.0080 -0.0084 12.21 
0.633 2 19 3 0.0 0.0 -0.011 -0.005 -0.0076 -0.0080 12.22 
0.634 2 19 3 0.0 0.0 -0.003 -0.011 -0.0076 -0.0080 12.22 
0.635 2 19 3 0.0 0.0 0.006 -0.011 -0.0076 -0.0080 12.21 
0.636 2 19 3 0.0 0.0 -0.006 -0.009 -0.0072 -0.0076 12.22 
0.637 2 19 3 0.0 0.0 0.002 -0.009 -0.0072 -0.0076 12.22 
0.638 2 19 3 0.0 0.0 -0.004 -0.009 -0.0072 -0.0072 12.22 
0.639 2 19 3 0.0 0.0 -0.006 -0.015 -0.0068 -0.0072 12.22 
0.640 2 19 3 0.0 0.0 -0.004 -0.015 -0.0068 0.0072 12.22 
0.641 2 19 3 0.0 0.0 -0.007 -0.007 -0.0068 0.0072 12.23 
0.642 2 19 3 0.0 0.0 -0.006 -0.008 -0.0064 0.0072 12.21 
0.643 2 19 3 0.0 0.0 -0.004 -0.012 -0.0064 0.0072 12.23 
0.644 2 19 3 0.0 0.0 -0.002 -0.007 -0.0064 0.0072 12.23 
0.645 2 19 3 0.0 0.0 -0.009 -0.014 -0.0064 0.0072 12.22 
0.646 2 19 3 0.0 0.0 -0.005 -0.009 -0.0060 0.0072 12.22 
0.647 2 19 3 0.0 0.0 -0.003 -0.012 -0.0060 0.0072 12.22 
0.648 2 19 3 0.0 0.0 0.006 -0.004 -0.0060 0.0072 12.21 
0.649 2 19 3 0.0 0.0 -0.004 0.001 -0.0060 0.0072 12.21 
0.650 2 19 3 0.0 0.0 -0.009 0.004 -0.0056 0.0072 12.21 
0.651 2 19 3 0.0 0.0 -0.006 -0.003 -0.0056 0.0072 12.22 
0.652 2 19 3 0.0 0.0 -0.005 -0.003 -0.0056 0.0072 12.21 
0.653 2 19 3 0.0 0.0 -0.004 -0.005 -0.0056 0.0072 12.22 
0.654 2 19 3 0.0 0.0 -0.008 -0.003 -0.0056 0.0072 12.22 
0.655 2 19 3 0.0 0.0 -0.004 -0.010 -0.0052 0.0072 12.21 
0.656 2 19 3 0.0 0.0 -0.012 -0.006 -0.0052 0.0072 12.21 
0.657 2 19 3 0.0 0.0 -0.013 -0.005 -0.0052 0.0072 12.21 
0.658 2 19 3 0.0 0.0 -0.009 0.000 -0.0052 0.0072 12.21 
0.659 2 19 3 0.0 0.0 -0.007 -0.001 -0.0052 0.0072 12.21 
0.660 2 19 3 0.0 0.0 -0.007 0.003 -0.0048 0.0072 12.21 
0.661 2 19 3 0.0 0.0 -0.000 -0.005 -0.0048 0.0072 12.22 
0.662 2 19 3 0.0 0.0 -0.003 -0.023 -0.0048 0.0072 12.22 
0.663 2 19 3 0.0 0.0 -0.004 -0.002 -0.0048 0.0072 12.22 
0.664 2 19 3 0.0 0.0 -0.011 0.007 -0.0048 0.0072 12.22 
0.665 2 19 3 0.0 0.0 -0.011 0.010 -0.0048 0.0072 12.22 
