%% logfile from robot Haiyan (85)
% Haiyan (85)
%  1    time 0.000 sec
%  2  3  4   (mission 0), state 2, thread 1, line 0
%  5  6 Motor voltage [V] left, right: 1.2 1.2
%  7  8 Motor current left, right [A]: 0.032 0.011
%  9 10 Wheel velocity [m/s] left, right: 0.0000 0.0000
% 11    Battery voltage [V]: 12.27
0.001 2 1 0 1.2 1.2 -0.011 0.021 0.0000 0.0000 12.26 
0.002 2 1 0 1.2 1.2 0.076 0.028 0.0000 0.0000 12.25 
0.003 2 1 0 1.2 1.2 0.164 0.027 0.0000 0.0000 12.26 
0.004 2 1 0 1.2 1.2 0.209 0.027 0.0000 0.0000 12.26 
0.005 2 1 0 1.2 1.2 0.243 0.021 0.0000 0.0000 12.26 
0.006 2 1 0 1.2 1.2 0.240 0.016 0.0000 0.0000 12.26 
0.007 2 1 0 1.2 1.2 0.230 0.027 0.0000 0.0000 12.26 
0.008 2 1 0 1.2 1.2 0.230 0.029 0.0000 0.0000 12.26 
0.009 2 1 0 1.2 1.2 0.225 0.032 0.0000 0.0000 12.26 
0.010 2 1 0 1.2 1.2 0.220 0.030 0.0000 0.0000 12.26 
0.011 2 1 0 1.2 1.2 0.212 0.029 0.0000 0.0000 12.26 
0.012 2 1 0 1.2 1.2 0.191 0.027 0.0000 0.0000 12.26 
0.013 2 1 0 1.2 1.2 0.183 0.036 0.0000 0.0000 12.26 
0.014 2 1 0 1.2 1.2 0.192 0.031 0.0000 0.0000 12.25 
0.015 2 1 0 1.2 1.2 0.201 0.041 0.0000 0.0000 12.25 
0.016 2 1 0 1.2 1.2 0.191 0.033 0.0000 0.0000 12.25 
0.017 2 1 0 1.2 1.2 0.189 0.034 0.0000 0.0000 12.25 
0.018 2 1 0 1.2 1.2 0.188 0.028 0.0651 0.0000 12.26 
0.019 2 1 0 1.2 1.2 0.190 0.027 0.0651 0.0000 12.26 
0.020 2 1 0 1.2 1.2 0.190 0.030 0.0651 0.0000 12.26 
0.021 2 1 0 1.2 1.2 0.188 0.028 0.0651 0.0000 12.26 
0.022 2 1 0 1.2 1.2 0.186 0.028 0.0976 0.0000 12.26 
0.023 2 1 0 1.2 1.2 0.194 0.019 0.0976 0.0000 12.25 
0.024 2 1 0 1.2 1.2 0.193 0.018 0.0976 0.0000 12.26 
0.025 2 1 0 1.2 1.2 0.183 0.020 0.0976 0.0000 12.26 
0.026 2 1 0 1.2 1.2 0.179 0.024 0.1096 0.0000 12.26 
0.027 2 1 0 1.2 1.2 0.169 0.024 0.1096 0.0000 12.26 
0.028 2 1 0 1.2 1.2 0.156 0.016 0.1096 0.0000 12.26 
0.029 2 1 0 1.2 1.2 0.150 0.031 0.1406 0.0000 12.26 
0.030 2 1 0 1.2 1.2 0.147 0.020 0.1406 0.0000 12.25 
0.031 2 1 0 1.2 1.2 0.143 0.025 0.1406 0.0000 12.26 
0.032 2 1 0 1.2 1.2 0.147 0.022 0.1353 0.0000 12.26 
0.033 2 1 0 1.2 1.2 0.148 0.019 0.1353 0.0000 12.26 
0.034 2 1 0 1.2 1.2 0.147 0.020 0.1663 0.0000 12.26 
0.035 2 1 0 1.2 1.2 0.156 0.013 0.1663 0.0000 12.27 
0.036 2 1 0 1.2 1.2 0.160 0.017 0.1759 0.0000 12.26 
0.037 2 1 0 1.2 1.2 0.153 0.031 0.1759 0.0000 12.26 
0.038 2 1 0 1.2 1.2 0.144 0.015 0.1948 0.0000 12.26 
0.039 2 1 0 1.2 1.2 0.122 0.034 0.1948 0.0000 12.25 
0.040 2 1 0 1.2 1.2 0.122 0.032 0.1948 0.0000 12.26 
0.041 2 1 0 1.2 1.2 0.126 0.042 0.1611 0.0000 12.25 
0.042 2 1 0 1.2 1.2 0.129 0.020 0.1611 0.0000 12.26 
0.043 2 1 0 1.2 1.2 0.134 0.019 0.1948 0.0000 12.25 
0.044 2 1 0 1.2 1.2 0.136 0.009 0.1948 0.0000 12.26 
0.045 2 1 0 1.2 1.2 0.127 0.006 0.1996 0.0000 12.26 
0.046 2 1 0 1.2 1.2 0.107 0.013 0.1996 0.0000 12.26 
0.047 2 1 0 1.2 1.2 0.095 0.028 0.2181 0.0000 12.26 
0.048 2 1 0 1.2 1.2 0.097 0.037 0.2181 0.0000 12.26 
0.049 2 1 0 1.2 1.2 0.094 0.036 0.2008 0.0000 12.26 
0.050 2 1 0 1.2 1.2 0.107 0.028 0.2008 0.0000 12.25 
0.051 2 1 0 1.2 1.2 0.111 0.024 0.2205 0.0000 12.26 
0.052 2 1 0 1.2 1.2 0.122 0.026 0.2241 0.0000 12.26 
0.053 2 1 0 1.2 1.2 0.110 0.019 0.2241 0.0000 12.26 
0.054 2 1 0 1.2 1.2 0.089 0.018 0.2478 0.0000 12.26 
0.055 2 1 0 1.2 1.2 0.083 0.037 0.2478 0.0000 12.26 
0.056 2 1 0 1.2 1.2 0.089 0.038 0.2028 0.0000 12.26 
0.057 2 1 0 1.2 1.2 0.088 0.039 0.2028 0.0000 12.26 
0.058 2 1 0 1.2 1.2 0.099 0.035 0.2362 0.0000 12.26 
0.059 2 1 0 1.2 1.2 0.082 0.024 0.2478 0.0000 12.26 
0.060 2 1 0 1.2 1.2 0.076 0.029 0.2478 0.0000 12.27 
0.061 2 1 0 1.2 1.2 0.072 0.026 0.2510 0.0000 12.26 
0.062 2 1 0 1.2 1.2 0.072 0.034 0.2510 0.0000 12.26 
0.063 2 1 0 1.2 1.2 0.070 0.033 0.1920 0.0000 12.26 
0.064 2 1 0 1.2 1.2 0.072 0.032 0.1920 0.0000 12.26 
0.065 2 1 0 1.2 1.2 0.082 0.009 0.2478 0.0000 12.26 
0.066 2 1 0 1.2 1.2 0.096 0.011 0.2827 0.0000 12.26 
0.067 2 1 0 1.2 1.2 0.088 0.022 0.2827 0.0000 12.26 
0.068 2 1 0 1.2 1.2 0.071 0.039 0.2731 0.0000 12.26 
0.069 2 1 0 1.2 1.2 0.061 0.038 0.2113 0.0000 12.26 
0.070 2 1 0 1.2 1.2 0.085 0.039 0.2080 0.0000 12.26 
0.071 2 1 0 1.2 1.2 0.486 -0.242 0.2554 0.0000 12.26 
0.072 2 1 0 1.2 1.2 0.244 -0.224 0.2554 0.0000 12.25 
0.073 2 1 0 1.2 1.2 0.132 -0.054 0.2446 0.0000 12.26 
0.074 2 1 0 1.2 1.2 0.086 0.012 0.2747 0.0000 12.26 
0.075 2 1 0 1.2 1.2 0.059 0.037 0.2747 0.0000 12.26 
0.076 2 1 0 1.2 1.2 0.059 0.034 0.2321 0.0000 12.25 
0.077 2 1 0 1.2 1.2 0.068 0.030 0.2623 0.0000 12.26 
0.078 2 1 0 1.2 1.2 0.087 0.023 0.2623 0.0000 12.26 
0.079 2 1 0 1.2 1.2 0.076 0.013 0.2494 0.0000 12.26 
0.080 2 1 0 1.2 1.2 0.088 0.023 0.2868 0.0000 12.26 
0.081 2 1 0 1.2 1.2 0.080 0.032 0.2868 0.0000 12.26 
0.082 2 1 0 1.2 1.2 0.080 0.039 0.2362 0.0000 12.26 
0.083 2 1 0 1.2 1.2 0.071 0.031 0.2362 0.0000 12.26 
0.084 2 1 0 1.2 1.2 0.077 0.016 0.2747 0.0000 12.26 
0.085 2 1 0 1.2 1.2 0.069 0.017 0.2538 0.0000 12.26 
0.086 2 1 0 1.2 1.2 0.062 0.027 0.2538 0.0000 12.26 
0.087 2 1 0 1.2 1.2 0.053 0.034 0.2928 0.0000 12.27 
0.088 2 1 0 1.2 1.2 0.051 0.049 0.2462 0.0000 12.26 
0.089 2 1 0 1.2 1.2 0.060 0.030 0.2462 0.0000 12.27 
0.090 2 1 0 1.2 1.2 0.075 0.012 0.2848 0.0000 12.26 
0.091 2 1 0 1.2 1.2 0.072 0.001 0.2554 0.0000 12.26 
0.092 2 1 0 1.2 1.2 0.068 0.018 0.3064 0.0000 12.26 
0.093 2 1 0 1.2 1.2 0.049 0.017 0.3064 0.0000 12.26 
0.094 2 1 0 1.2 1.2 0.050 0.024 0.2659 0.0000 12.26 
0.095 2 1 0 1.2 1.2 0.065 0.028 0.2928 0.0000 12.26 
0.096 2 1 0 1.2 1.2 0.072 0.021 0.2928 0.0000 12.26 
0.097 2 1 0 1.2 1.2 0.057 0.020 0.2711 0.0000 12.26 
0.098 2 1 0 1.2 1.2 0.044 0.016 0.3064 0.0000 12.26 
0.099 2 1 0 1.2 1.2 0.034 0.025 0.3016 0.0000 12.26 
0.100 2 1 0 1.2 1.2 0.046 0.027 0.2711 0.0000 12.26 
0.101 2 1 0 1.2 1.2 0.058 0.033 0.2928 0.0000 12.26 
0.102 2 1 0 1.2 1.2 0.073 0.023 0.2731 0.0000 12.26 
0.103 2 1 0 1.2 1.2 0.071 0.025 0.2731 0.0000 12.25 
0.104 2 1 0 1.2 1.2 0.055 0.038 0.3064 0.0000 12.26 
0.105 2 1 0 1.2 1.2 0.047 0.040 0.2538 0.0000 12.26 
0.106 2 1 0 1.2 1.2 0.049 0.035 0.2538 0.0000 12.26 
0.107 2 1 0 1.2 1.2 0.068 0.025 0.2928 0.0000 12.26 
0.108 2 1 0 1.2 1.2 0.050 0.010 0.2695 0.0000 12.26 
0.109 2 1 0 1.2 1.2 0.041 0.019 0.2695 0.0000 12.26 
0.110 2 1 0 1.2 1.2 0.042 0.023 0.3088 0.0000 12.26 
0.111 2 1 0 1.2 1.2 0.046 0.033 0.2675 0.0000 12.26 
0.112 2 1 0 1.2 1.2 0.044 0.034 0.2996 0.0000 12.26 
0.113 2 1 0 1.2 1.2 0.061 0.005 0.2996 0.0000 12.26 
0.114 2 1 0 1.2 1.2 0.077 0.008 0.2952 0.0000 12.26 
0.115 2 1 0 1.2 1.2 0.049 0.027 0.3161 0.0000 12.25 
0.116 2 1 0 1.2 1.2 0.053 0.063 0.2695 0.0000 12.25 
0.117 2 1 0 1.2 1.2 0.063 0.046 0.2590 0.0000 12.26 
0.118 2 1 0 1.2 1.2 0.061 0.045 0.3040 0.0000 12.26 
0.119 2 1 0 1.2 1.2 0.055 0.021 0.3016 0.0000 12.26 
0.120 2 1 0 1.2 1.2 0.052 0.021 0.3213 0.0000 12.27 
0.121 2 1 0 1.2 1.2 0.034 0.031 0.3213 0.0000 12.26 
0.122 2 1 0 1.2 1.2 0.045 0.024 0.2888 0.0000 12.26 
0.123 2 1 0 1.2 1.2 0.061 0.007 0.3088 0.0000 12.26 
0.124 2 1 0 1.2 1.2 0.069 -0.013 0.3040 0.0000 12.26 
0.125 2 1 0 1.2 1.2 0.058 -0.003 0.3040 0.0000 12.26 
0.126 2 1 0 1.2 1.2 0.043 0.012 0.3289 0.0000 12.25 
0.127 2 1 0 1.2 1.2 0.051 0.024 0.2675 0.0000 12.26 
0.128 2 1 0 1.2 1.2 0.050 0.026 0.3113 0.0000 12.26 
0.129 2 1 0 1.2 1.2 0.050 0.032 0.3113 0.0000 12.26 
0.130 2 1 0 1.2 1.2 0.053 0.036 0.3185 0.0000 12.26 
0.131 2 1 0 1.2 1.2 0.043 0.028 0.3213 0.0000 12.25 
0.132 2 1 0 1.2 1.2 0.035 0.029 0.2659 0.0000 12.26 
0.133 2 1 0 1.2 1.2 0.056 0.022 0.2418 0.0000 12.26 
0.134 2 1 0 1.2 1.2 0.068 0.011 0.3064 0.0000 12.27 
0.135 2 1 0 1.2 1.2 0.069 0.003 0.3430 0.0000 12.26 
0.136 2 1 0 1.2 1.2 0.062 0.011 0.3265 0.0000 12.26 
0.137 2 1 0 1.2 1.2 0.050 0.015 0.3265 0.0000 12.26 
0.138 2 1 0 1.2 1.2 0.068 0.010 0.2510 0.0000 12.26 
0.139 2 1 0 1.2 1.2 0.080 0.015 0.3088 0.0000 12.26 
0.140 2 1 0 1.2 1.2 0.071 0.010 0.3088 0.0000 12.26 
0.141 2 1 0 1.2 1.2 0.070 0.010 0.2928 0.0000 12.27 
0.142 2 1 0 1.2 1.2 0.051 0.016 0.3265 0.0000 12.26 
0.143 2 1 0 1.2 1.2 0.042 0.023 0.2767 0.0000 12.26 
0.144 2 1 0 1.2 1.2 0.050 0.037 0.2767 0.0000 12.26 
0.145 2 1 0 1.2 1.2 0.058 0.020 0.3113 0.0000 12.26 
0.146 2 1 0 1.2 1.2 0.076 0.024 0.2888 0.0000 12.25 
0.147 2 1 0 1.2 1.2 0.069 0.026 0.3346 0.0000 12.26 
0.148 2 1 0 1.2 1.2 0.061 0.035 0.3064 0.0000 12.26 
0.149 2 1 0 1.2 1.2 0.069 0.029 0.2731 0.0000 12.26 
0.150 2 1 0 1.2 1.2 0.067 0.009 0.3137 0.0000 12.26 
0.151 2 1 0 1.2 1.2 0.057 -0.001 0.2908 0.0000 12.26 
0.152 2 1 0 1.2 1.2 0.042 0.002 0.2908 0.0000 12.26 
0.153 2 1 0 1.2 1.2 0.035 0.013 0.3317 0.0000 12.27 
0.154 2 1 0 1.2 1.2 0.033 0.013 0.2787 0.0000 12.26 
0.155 2 1 0 1.2 1.2 0.039 0.011 0.3161 0.0000 12.26 
0.156 2 1 0 1.2 1.2 0.057 0.005 0.3161 0.0000 12.26 
0.157 2 1 0 1.2 1.2 0.061 0.010 0.2848 0.0000 12.26 
0.158 2 1 0 1.2 1.2 0.038 0.017 0.3402 0.0000 12.27 
0.159 2 1 0 1.2 1.2 0.053 0.031 0.2928 0.0000 12.26 
0.160 2 1 0 1.2 1.2 0.062 0.022 0.3213 0.0000 12.26 
0.161 2 1 0 1.2 1.2 0.060 0.004 0.3213 0.0000 12.26 
0.162 2 1 0 1.2 1.2 0.053 0.006 0.2972 0.0000 12.26 
0.163 2 1 0 1.2 1.2 0.037 0.016 0.3374 0.0000 12.25 
0.164 2 1 0 1.2 1.2 0.034 0.025 0.2972 0.0000 12.26 
0.165 2 1 0 1.2 1.2 0.045 0.028 0.2972 0.0000 12.26 
0.166 2 1 0 1.2 1.2 0.064 0.012 0.3185 0.0000 12.26 
0.167 2 1 0 1.2 1.2 0.056 0.013 0.3040 0.0000 12.26 
0.168 2 1 0 1.2 1.2 0.063 0.005 0.3374 0.0000 12.26 
0.169 2 1 0 1.2 1.2 0.058 0.008 0.2888 0.0000 12.26 
0.170 2 1 0 1.2 1.2 0.056 0.012 0.2827 0.0000 12.26 
0.171 2 1 0 1.2 1.2 0.053 0.014 0.3213 0.0000 12.26 
0.172 2 1 0 1.2 1.2 0.051 0.008 0.2928 0.0000 12.26 
0.173 2 1 0 1.2 1.2 0.474 -0.254 0.3317 0.0000 12.25 
0.174 2 1 0 1.2 1.2 0.197 -0.268 0.3317 0.0000 12.25 
0.175 2 1 0 1.2 1.2 0.075 -0.065 0.2868 0.0000 12.26 
0.176 2 1 0 1.2 1.2 0.056 0.001 0.3185 0.0000 12.26 
0.177 2 1 0 1.2 1.2 0.064 0.006 0.3161 0.0000 12.26 
0.178 2 1 0 1.2 1.2 0.065 0.015 0.3402 0.0000 12.26 
0.179 2 1 0 1.2 1.2 0.061 0.019 0.3402 0.0000 12.26 
0.180 2 1 0 1.2 1.2 0.057 0.035 0.2747 0.0000 12.26 
0.181 2 1 0 1.2 1.2 0.074 0.021 0.3185 0.0000 12.26 
0.182 2 1 0 1.2 1.2 0.067 0.010 0.3161 0.0000 12.26 
0.183 2 1 0 1.2 1.2 0.057 0.010 0.3161 0.0000 12.26 
0.184 2 1 0 1.2 1.2 0.046 0.017 0.3346 0.0000 12.26 
0.185 2 1 0 1.2 1.2 0.040 0.024 0.2972 0.0000 12.26 
0.186 2 1 0 1.2 1.2 0.035 0.020 0.3185 0.0000 12.26 
0.187 2 1 0 1.2 1.2 0.061 0.010 0.3185 0.0000 12.26 
0.188 2 1 0 1.2 1.2 0.076 0.017 0.3113 0.0000 12.26 
0.189 2 1 0 1.2 1.2 0.052 0.017 0.3374 0.0000 12.26 
0.190 2 1 0 1.2 1.2 0.051 0.032 0.2767 0.0000 12.26 
0.191 2 1 0 1.2 1.2 0.053 0.025 0.3185 0.0000 12.26 
0.192 2 1 0 1.2 1.2 0.057 0.017 0.3185 0.0000 12.26 
0.193 2 1 0 1.2 1.2 0.050 0.006 0.3317 0.0000 12.26 
0.194 2 1 0 1.2 1.2 0.043 0.021 0.3346 0.0000 12.26 
0.195 2 1 0 1.2 1.2 0.038 0.027 0.2494 0.0000 12.27 
0.196 2 1 0 1.2 1.2 0.050 0.018 0.2494 0.0000 12.26 
0.197 2 1 0 1.2 1.2 0.060 0.012 0.3213 0.0000 12.26 
0.198 2 1 0 1.2 1.2 0.061 0.012 0.3550 0.0000 12.26 
0.199 2 1 0 1.2 1.2 0.048 0.012 0.3402 0.0000 12.26 
0.200 2 1 0 1.2 1.2 0.053 0.019 0.2747 0.0000 12.26 
0.201 2 1 1 4.0 4.0 0.058 0.021 0.2639 0.0000 12.27 
0.202 2 1 1 4.0 4.0 0.152 0.047 0.3185 0.0000 12.22 
0.203 2 1 1 4.0 4.0 0.402 0.388 0.3137 0.0000 12.17 
0.204 2 1 1 4.0 4.0 0.586 0.726 0.3651 0.0000 12.14 
0.205 2 1 1 4.0 4.0 0.681 0.887 0.3402 0.0000 12.13 
0.206 2 1 1 4.0 4.0 0.727 0.855 0.3715 0.0000 12.14 
0.207 2 1 1 4.0 4.0 0.761 0.819 0.4016 0.0000 12.14 
0.208 2 1 1 4.0 4.0 0.749 0.845 0.4362 0.0000 12.14 
0.209 2 1 1 4.0 4.0 0.654 0.816 0.4269 0.0000 12.15 
0.210 2 1 1 4.0 4.0 0.677 0.796 0.4562 0.1590 12.15 
0.211 2 1 1 4.0 4.0 0.687 0.747 0.4615 0.1590 12.16 
0.212 2 1 1 4.0 4.0 0.675 0.735 0.4836 0.2100 12.16 
0.213 2 1 1 4.0 4.0 0.660 0.687 0.5149 0.2554 12.16 
0.214 2 1 1 4.0 4.0 0.659 0.712 0.5081 0.2554 12.16 
0.215 2 1 1 4.0 4.0 0.547 0.729 0.5498 0.2293 12.17 
0.216 2 1 1 4.0 4.0 0.558 0.667 0.5735 0.3137 12.17 
0.217 2 1 1 4.0 4.0 0.580 0.651 0.6177 0.3137 12.16 
0.218 2 1 1 4.0 4.0 0.555 0.681 0.6085 0.3137 12.17 
0.219 2 1 1 4.0 4.0 0.557 0.608 0.6273 0.3651 12.17 
0.220 2 1 1 4.0 4.0 0.518 0.524 0.6583 0.3289 12.18 
0.221 2 1 1 4.0 4.0 0.505 0.551 0.6474 0.3651 12.18 
0.222 2 1 1 4.0 4.0 0.518 0.507 0.6804 0.3751 12.18 
0.223 2 1 1 4.0 4.0 0.499 0.498 0.6583 0.3976 12.17 
0.224 2 1 1 4.0 4.0 0.502 0.530 0.7044 0.3823 12.17 
0.225 2 1 1 4.0 4.0 0.460 0.559 0.6804 0.4225 12.18 
0.226 2 1 1 4.0 4.0 0.475 0.565 0.7434 0.4317 12.18 
0.227 2 1 1 4.0 4.0 0.446 0.567 0.7434 0.4362 12.18 
0.228 2 1 1 4.0 4.0 0.445 0.535 0.7723 0.4723 12.19 
0.229 2 1 1 4.0 4.0 0.424 0.492 0.7872 0.4562 12.19 
0.230 2 1 1 4.0 4.0 0.394 0.471 0.7723 0.4896 12.20 
0.231 2 1 1 4.0 4.0 0.393 0.510 0.8032 0.4779 12.20 
0.232 2 1 1 4.0 4.0 0.410 0.549 0.7434 0.5020 12.19 
0.233 2 1 1 4.0 4.0 0.383 0.423 0.8193 0.5354 12.19 
0.234 2 1 1 4.0 4.0 0.377 0.412 0.7723 0.5149 12.19 
0.235 2 1 1 4.0 4.0 0.384 0.400 0.8193 0.5575 12.19 
0.236 2 1 1 4.0 4.0 0.384 0.404 0.8193 0.5735 12.20 
0.237 2 1 1 4.0 4.0 0.372 0.457 0.8543 0.5820 12.19 
0.238 2 1 1 4.0 4.0 0.355 0.484 0.8193 0.5735 12.20 
0.239 2 1 1 4.0 4.0 0.339 0.463 0.7872 0.5992 12.20 
0.240 2 1 1 4.0 4.0 0.342 0.440 0.8193 0.6273 12.20 
0.241 2 1 1 4.0 4.0 0.315 0.408 0.8543 0.6273 12.21 
0.242 2 1 1 4.0 4.0 0.329 0.402 0.8727 0.6374 12.21 
0.243 2 1 1 4.0 4.0 0.332 0.382 0.9125 0.5904 12.20 
0.244 2 1 1 4.0 4.0 0.330 0.372 0.9559 0.6273 12.20 
0.245 2 1 1 4.0 4.0 0.299 0.351 0.9559 0.6583 12.21 
0.246 2 1 1 4.0 4.0 0.286 0.397 0.9559 0.6804 12.21 
0.247 2 1 1 4.0 4.0 0.298 0.391 0.9559 0.6804 12.21 
0.248 2 1 1 4.0 4.0 0.298 0.328 0.9559 0.6691 12.21 
0.249 2 1 1 4.0 4.0 0.285 0.403 0.9559 0.6474 12.21 
0.250 2 1 1 4.0 4.0 0.294 0.385 0.9796 0.6924 12.21 
0.251 2 1 1 4.0 4.0 0.301 0.316 1.0041 0.7169 12.21 
0.252 2 1 1 4.0 4.0 0.287 0.340 0.9796 0.7169 12.21 
0.253 2 1 1 4.0 4.0 0.270 0.351 0.8924 0.7302 12.21 
0.254 2 1 1 4.0 4.0 0.271 0.323 0.9559 0.6924 12.21 
0.255 2 1 1 4.0 4.0 0.262 0.337 0.9338 0.7169 12.21 
0.256 2 1 1 4.0 4.0 0.261 0.286 0.9796 0.7044 12.21 
0.257 2 1 1 4.0 4.0 0.260 0.257 1.0041 0.7302 12.21 
0.258 2 1 1 4.0 4.0 0.250 0.290 0.9559 0.6924 12.21 
0.259 2 1 1 4.0 4.0 0.247 0.327 1.0041 0.7434 12.21 
0.260 2 1 1 4.0 4.0 0.216 0.252 1.0041 0.7434 12.21 
0.261 2 1 1 4.0 4.0 0.236 0.287 1.0298 0.7575 12.21 
0.262 2 1 1 4.0 4.0 0.250 0.235 1.0298 0.7723 12.22 
0.263 2 1 1 4.0 4.0 0.228 0.234 1.0567 0.7575 12.22 
0.264 2 1 1 4.0 4.0 0.228 0.288 1.0567 0.7872 12.22 
0.265 2 1 1 4.0 4.0 0.208 0.297 1.0567 0.7723 12.21 
0.266 2 1 1 4.0 4.0 0.196 0.264 1.0567 0.7723 12.22 
0.267 2 1 1 4.0 4.0 0.202 0.273 1.0852 0.7872 12.22 
0.268 2 1 1 4.0 4.0 0.208 0.264 1.0852 0.7723 12.22 
0.269 2 1 1 4.0 4.0 0.204 0.231 1.1153 0.8032 12.22 
0.270 2 1 1 4.0 4.0 0.218 0.229 1.1153 0.7434 12.21 
0.271 2 1 1 4.0 4.0 0.194 0.225 1.0852 0.7723 12.21 
0.272 2 1 1 4.0 4.0 0.193 0.248 1.1153 0.8366 12.22 
0.273 2 1 1 4.0 4.0 0.194 0.221 1.1153 0.8543 12.22 
0.274 2 1 1 4.0 4.0 0.194 0.210 1.0852 0.8366 12.22 
0.275 2 1 1 4.0 4.0 0.629 -0.052 1.1153 0.8032 12.21 
0.276 2 1 1 4.0 4.0 0.385 -0.048 1.0852 0.8193 12.22 
0.277 2 1 1 4.0 4.0 0.241 0.151 1.0852 0.8032 12.22 
0.278 2 1 1 4.0 4.0 0.209 0.216 1.1153 0.8193 12.22 
0.279 2 1 1 4.0 4.0 0.193 0.240 1.0567 0.8193 12.21 
0.280 2 1 1 4.0 4.0 0.191 0.218 1.0852 0.8193 12.22 
0.281 2 1 1 4.0 4.0 0.194 0.206 1.1474 0.8193 12.22 
0.282 2 1 1 4.0 4.0 0.198 0.210 1.1153 0.8366 12.22 
0.283 2 1 1 4.0 4.0 0.185 0.195 1.1153 0.8193 12.22 
0.284 2 1 1 4.0 4.0 0.173 0.206 1.1474 0.8193 12.22 
0.285 2 1 1 4.0 4.0 0.173 0.189 1.1153 0.8366 12.23 
0.286 2 1 1 4.0 4.0 0.168 0.156 1.1153 0.8543 12.23 
0.287 2 1 1 4.0 4.0 0.172 0.187 1.1812 0.8543 12.23 
0.288 2 1 1 4.0 4.0 0.161 0.184 1.1812 0.8727 12.22 
0.289 2 1 1 4.0 4.0 0.160 0.159 1.1474 0.8543 12.23 
0.290 2 1 1 4.0 4.0 0.145 0.193 1.1474 0.8727 12.23 
0.291 2 1 1 4.0 4.0 0.156 0.197 1.2169 0.8366 12.23 
0.292 2 1 1 4.0 4.0 0.153 0.179 1.1474 0.8727 12.22 
0.293 2 1 1 4.0 4.0 0.164 0.167 1.1474 0.8193 12.23 
0.294 2 1 1 4.0 4.0 0.160 0.157 1.1812 0.8543 12.23 
0.295 2 1 1 4.0 4.0 0.187 0.144 1.1474 0.9125 12.22 
0.296 2 1 1 4.0 4.0 0.136 0.180 1.1474 0.9338 12.23 
0.297 2 1 1 4.0 4.0 0.141 0.176 1.1474 0.9338 12.22 
0.298 2 1 1 4.0 4.0 0.139 0.180 1.1812 0.8924 12.22 
0.299 2 1 1 4.0 4.0 0.133 0.201 1.1812 0.8543 12.23 
0.300 2 1 1 4.0 4.0 0.150 0.184 1.1812 0.8924 12.25 
0.301 2 1 1 4.0 4.0 0.145 0.179 1.2169 0.8543 12.24 
0.302 2 1 1 4.0 4.0 0.154 0.135 1.1812 0.8924 12.24 
0.303 2 1 1 4.0 4.0 0.152 0.124 1.1812 0.8924 12.23 
0.304 2 1 1 4.0 4.0 0.143 0.133 1.2169 0.9338 12.22 
0.305 2 1 1 4.0 4.0 0.153 0.165 1.2169 0.8924 12.23 
0.306 2 1 1 4.0 4.0 0.153 0.197 1.1812 0.8727 12.23 
0.307 2 1 1 4.0 4.0 0.126 0.172 1.1474 0.9125 12.23 
0.308 2 1 1 4.0 4.0 0.135 0.152 1.2551 0.9125 12.22 
0.309 2 1 1 4.0 4.0 0.138 0.167 1.1812 0.9125 12.23 
0.310 2 1 1 4.0 4.0 0.128 0.139 1.1812 0.8727 12.23 
0.311 2 1 1 4.0 4.0 0.171 0.157 1.2169 0.8924 12.23 
0.312 2 1 1 4.0 4.0 0.144 0.189 1.1812 0.9125 12.23 
0.313 2 1 1 4.0 4.0 0.136 0.169 1.1812 0.8727 12.23 
0.314 2 1 1 4.0 4.0 0.126 0.122 1.1812 0.9338 12.23 
0.315 2 1 1 4.0 4.0 0.144 0.115 1.1812 0.8924 12.23 
0.316 2 1 1 4.0 4.0 0.124 0.152 1.2169 0.9338 12.24 
0.317 2 1 1 4.0 4.0 0.113 0.153 1.2169 0.9559 12.23 
0.318 2 1 1 4.0 4.0 0.115 0.130 1.2551 0.9559 12.22 
0.319 2 1 1 4.0 4.0 0.113 0.189 1.2551 0.9338 12.22 
0.320 2 1 1 4.0 4.0 0.116 0.132 1.2169 0.9559 12.23 
0.321 2 1 1 4.0 4.0 0.112 0.138 1.2551 0.9559 12.23 
0.322 2 1 1 4.0 4.0 0.129 0.116 1.2952 0.9796 12.23 
0.323 2 1 1 4.0 4.0 0.126 0.126 1.2551 0.9796 12.23 
0.324 2 1 1 4.0 4.0 0.109 0.122 1.2551 0.9559 12.24 
0.325 2 1 1 4.0 4.0 0.111 0.134 1.2169 0.9796 12.24 
0.326 2 1 1 4.0 4.0 0.122 0.119 1.2551 0.9559 12.23 
0.327 2 1 1 4.0 4.0 0.132 0.178 1.2169 0.9559 12.23 
0.328 2 1 1 4.0 4.0 0.129 0.169 1.2169 0.9796 12.23 
0.329 2 1 1 4.0 4.0 0.103 0.113 1.2169 0.9796 12.23 
0.330 2 1 1 4.0 4.0 0.132 0.105 1.2551 0.9796 12.23 
0.331 2 1 1 4.0 4.0 0.128 0.133 1.1812 0.9559 12.23 
0.332 2 1 1 4.0 4.0 0.135 0.146 1.2551 0.9559 12.23 
0.333 2 1 1 4.0 4.0 0.129 0.185 1.2551 0.9796 12.23 
0.334 2 1 1 4.0 4.0 0.154 0.152 1.2169 0.9796 12.23 
0.335 2 1 1 4.0 4.0 0.130 0.171 1.2169 1.0041 12.23 
0.336 2 1 1 4.0 4.0 0.133 0.157 1.2169 0.9125 12.23 
0.337 2 1 1 4.0 4.0 0.145 0.147 1.2551 0.9338 12.23 
0.338 2 1 1 4.0 4.0 0.127 0.126 1.2551 0.9559 12.23 
0.339 2 1 1 4.0 4.0 0.127 0.101 1.2551 0.9559 12.23 
0.340 2 1 1 4.0 4.0 0.100 0.132 1.2169 0.9796 12.23 
0.341 2 1 1 4.0 4.0 0.116 0.122 1.2952 1.0041 12.23 
0.342 2 1 1 4.0 4.0 0.151 0.103 1.2169 0.9796 12.23 
0.343 2 1 1 4.0 4.0 0.119 0.111 1.2169 0.9796 12.23 
0.344 2 1 1 4.0 4.0 0.128 0.114 1.2169 0.9796 12.23 
0.345 2 1 1 4.0 4.0 0.110 0.120 1.2551 0.9796 12.23 
0.346 2 1 1 4.0 4.0 0.125 0.113 1.1812 1.0041 12.23 
0.347 2 1 1 4.0 4.0 0.138 0.144 1.2169 1.0041 12.23 
0.348 2 1 1 4.0 4.0 0.125 0.126 1.2551 1.0041 12.23 
0.349 2 1 1 4.0 4.0 0.145 0.094 1.2952 0.9796 12.23 
0.350 2 1 1 4.0 4.0 0.141 0.087 1.2169 0.9796 12.23 
0.351 2 1 1 4.0 4.0 0.119 0.115 1.2551 1.0041 12.24 
0.352 2 1 1 4.0 4.0 0.115 0.136 1.2551 1.0041 12.23 
0.353 2 1 1 4.0 4.0 0.113 0.158 1.2952 1.0041 12.23 
0.354 2 1 1 4.0 4.0 0.111 0.165 1.2952 0.8727 12.23 
0.355 2 1 1 4.0 4.0 0.104 0.152 1.2551 1.0041 12.23 
0.356 2 1 1 4.0 4.0 0.100 0.105 1.2169 0.9559 12.23 
0.357 2 1 1 4.0 4.0 0.100 0.141 1.3386 1.0041 12.24 
0.358 2 1 1 4.0 4.0 0.117 0.113 1.2551 1.0298 12.23 
0.359 2 1 1 4.0 4.0 0.115 0.088 1.2551 1.0041 12.23 
0.360 2 1 1 4.0 4.0 0.133 0.073 1.2551 0.9796 12.23 
0.361 2 1 1 4.0 4.0 0.112 0.093 1.2952 1.0041 12.24 
0.362 2 1 1 4.0 4.0 0.106 0.104 1.2169 0.9796 12.24 
0.363 2 1 1 4.0 4.0 0.114 0.098 1.2551 0.9796 12.23 
0.364 2 1 1 4.0 4.0 0.103 0.083 1.2551 0.9796 12.24 
0.365 2 1 1 4.0 4.0 0.101 0.142 1.2952 0.9559 12.23 
0.366 2 1 1 4.0 4.0 0.129 0.134 1.2551 0.9796 12.24 
0.367 2 1 1 4.0 4.0 0.104 0.194 1.2551 0.9796 12.24 
0.368 2 1 1 4.0 4.0 0.114 0.156 1.2551 1.0041 12.23 
0.369 2 1 1 4.0 4.0 0.126 0.167 1.2952 1.0041 12.23 
0.370 2 1 1 4.0 4.0 0.109 0.182 1.2952 1.0041 12.24 
0.371 2 1 1 4.0 4.0 0.110 0.157 1.2551 1.0041 12.24 
0.372 2 1 1 4.0 4.0 0.079 0.122 1.2551 0.9796 12.24 
0.373 2 1 1 4.0 4.0 0.088 0.139 1.3386 1.0041 12.23 
0.374 2 1 1 4.0 4.0 0.119 0.163 1.2551 1.0298 12.23 
0.375 2 1 1 4.0 4.0 0.099 0.142 1.2551 1.0041 12.23 
0.376 2 1 1 4.0 4.0 0.118 0.073 1.2551 0.9796 12.24 
0.377 2 1 1 4.0 4.0 0.107 0.090 1.2952 0.9796 12.24 
0.378 2 1 1 4.0 4.0 0.501 -0.134 1.2169 1.0298 12.23 
0.379 2 1 1 4.0 4.0 0.287 -0.194 1.2551 1.0298 12.24 
0.380 2 1 1 4.0 4.0 0.153 0.042 1.2952 0.9796 12.24 
0.381 2 1 1 4.0 4.0 0.118 0.144 1.3386 1.0041 12.24 
0.382 2 1 1 4.0 4.0 0.095 0.116 1.2551 0.9796 12.24 
0.383 2 1 1 4.0 4.0 0.080 0.136 1.2551 1.0298 12.23 
0.384 2 1 1 4.0 4.0 0.099 0.118 1.2551 1.0298 12.24 
0.385 2 1 1 4.0 4.0 0.084 0.081 1.2952 1.0041 12.24 
0.386 2 1 1 4.0 4.0 0.110 0.080 1.2952 1.0298 12.24 
0.387 2 1 1 4.0 4.0 0.105 0.085 1.2952 1.0298 12.24 
0.388 2 1 1 4.0 4.0 0.079 0.123 1.2551 1.0298 12.24 
0.389 2 1 1 4.0 4.0 0.107 0.132 1.2551 1.0298 12.24 
0.390 2 1 1 4.0 4.0 0.123 0.129 1.2952 1.0041 12.24 
0.391 2 1 1 4.0 4.0 0.107 0.099 1.2551 1.0298 12.24 
0.392 2 1 1 4.0 4.0 0.111 0.091 1.2551 1.0041 12.23 
0.393 2 1 1 4.0 4.0 0.096 0.096 1.2551 1.0041 12.24 
0.394 2 1 1 4.0 4.0 0.113 0.125 1.2952 1.0298 12.23 
0.395 2 1 1 4.0 4.0 0.111 0.104 1.2952 1.0041 12.23 
0.396 2 1 1 4.0 4.0 0.095 0.098 1.2952 0.9796 12.23 
0.397 2 1 1 4.0 4.0 0.109 0.119 1.2952 0.9796 12.24 
0.398 2 1 1 4.0 4.0 0.105 0.085 1.2952 1.0298 12.24 
0.399 2 1 1 4.0 4.0 0.089 0.094 1.2551 1.0298 12.24 
0.400 2 1 1 4.0 4.0 0.105 0.079 1.2952 1.0041 12.24 
0.401 2 1 1 4.0 4.0 0.099 0.106 1.3386 1.0298 12.24 
0.402 2 1 1 4.0 4.0 0.101 0.077 1.2169 1.0041 12.24 
0.403 2 1 1 4.0 4.0 0.100 0.112 1.3386 1.0298 12.23 
0.404 2 1 1 4.0 4.0 0.088 0.120 1.3386 0.9796 12.24 
0.405 2 1 1 4.0 4.0 0.089 0.070 1.2551 0.9796 12.23 
0.406 2 1 1 4.0 4.0 0.096 0.069 1.2551 1.0041 12.24 
0.407 2 1 1 4.0 4.0 0.102 0.103 1.2952 1.0041 12.24 
0.408 2 1 1 4.0 4.0 0.130 0.093 1.2551 1.0041 12.24 
0.409 2 1 1 4.0 4.0 0.113 0.111 1.2551 1.0041 12.24 
0.410 2 1 1 4.0 4.0 0.107 0.147 1.2551 0.9796 12.24 
0.411 2 1 1 4.0 4.0 0.124 0.112 1.2952 1.0041 12.23 
0.412 2 1 1 4.0 4.0 0.114 0.111 1.2952 1.0298 12.24 
0.413 2 1 1 4.0 4.0 0.107 0.109 1.2952 1.0298 12.23 
0.414 2 1 1 4.0 4.0 0.096 0.107 1.2551 1.0041 12.24 
0.415 2 1 1 4.0 4.0 0.086 0.079 1.2952 1.0298 12.24 
0.416 2 1 1 4.0 4.0 0.120 0.057 1.2952 1.0041 12.24 
0.417 2 1 1 4.0 4.0 0.108 0.104 1.2952 1.0298 12.24 
0.418 2 1 1 4.0 4.0 0.106 0.088 1.2952 1.0041 12.23 
0.419 2 1 1 4.0 4.0 0.081 0.058 1.2551 1.0298 12.23 
0.420 2 1 1 4.0 4.0 0.084 0.069 1.3386 1.0041 12.24 
0.421 2 1 1 4.0 4.0 0.122 0.099 1.2551 1.0567 12.24 
0.422 2 1 1 4.0 4.0 0.106 0.088 1.2952 1.0298 12.24 
0.423 2 1 1 4.0 4.0 0.118 0.119 1.2551 1.0041 12.24 
0.424 2 1 1 4.0 4.0 0.110 0.108 1.2952 1.0298 12.24 
0.425 2 1 1 4.0 4.0 0.084 0.093 1.2551 1.0298 12.24 
0.426 2 1 1 4.0 4.0 0.092 0.088 1.2952 1.0567 12.23 
0.427 2 1 1 4.0 4.0 0.080 0.117 1.2952 0.9125 12.24 
0.428 2 1 1 4.0 4.0 0.089 0.102 1.3386 1.0041 12.24 
0.429 2 1 1 4.0 4.0 0.110 0.097 1.2952 1.0041 12.24 
0.430 2 1 1 4.0 4.0 0.079 0.097 1.2952 1.0298 12.24 
0.431 2 1 1 4.0 4.0 0.098 0.085 1.2952 1.0298 12.24 
0.432 2 1 1 4.0 4.0 0.110 0.087 1.3386 1.0041 12.24 
0.433 2 1 1 4.0 4.0 0.107 0.122 1.3386 1.0298 12.24 
0.434 2 1 1 4.0 4.0 0.094 0.077 1.2952 1.0041 12.24 
0.435 2 1 1 4.0 4.0 0.071 0.067 1.2952 1.0567 12.24 
0.436 2 1 1 4.0 4.0 0.082 0.089 1.2551 1.0298 12.24 
0.437 2 1 1 4.0 4.0 0.092 0.103 1.3386 1.0298 12.24 
0.438 2 1 1 4.0 4.0 0.094 0.079 1.2551 1.0298 12.23 
0.439 2 1 1 4.0 4.0 0.118 0.041 1.2551 1.0567 12.23 
0.440 2 1 1 4.0 4.0 0.096 0.113 1.2551 1.0298 12.23 
0.441 2 1 1 4.0 4.0 0.069 0.092 1.2952 1.0041 12.23 
0.442 2 1 1 4.0 4.0 0.097 0.157 1.2952 1.0298 12.23 
0.443 2 1 1 4.0 4.0 0.095 0.172 1.2952 1.0041 12.23 
0.444 2 1 1 4.0 4.0 0.100 0.122 1.2952 1.0298 12.24 
0.445 2 1 1 4.0 4.0 0.088 0.149 1.3386 1.0298 12.24 
0.446 2 1 1 4.0 4.0 0.086 0.130 1.2952 1.0041 12.23 
0.447 2 1 1 4.0 4.0 0.120 0.117 1.2551 1.0041 12.23 
0.448 2 1 1 4.0 4.0 0.080 0.098 1.3386 1.0298 12.24 
0.449 2 1 1 4.0 4.0 0.088 0.045 1.2952 1.0298 12.24 
0.450 2 1 1 4.0 4.0 0.074 0.069 1.3386 1.0298 12.24 
0.451 2 1 1 4.0 4.0 0.066 0.081 1.3386 1.0041 12.23 
0.452 2 1 1 4.0 4.0 0.090 0.118 1.2952 1.0041 12.23 
0.453 2 1 1 4.0 4.0 0.100 0.117 1.2952 1.0567 12.24 
0.454 2 1 1 4.0 4.0 0.104 0.058 1.3386 1.0567 12.24 
0.455 2 1 1 4.0 4.0 0.118 0.064 1.2952 1.0041 12.24 
0.456 2 1 1 4.0 4.0 0.075 0.096 1.2952 1.0298 12.24 
0.457 2 1 1 4.0 4.0 0.093 0.108 1.2952 1.0567 12.24 
0.458 2 1 1 4.0 4.0 0.096 0.076 1.3386 1.0567 12.24 
0.459 2 1 1 4.0 4.0 0.108 0.112 1.3386 1.0041 12.24 
0.460 2 1 1 4.0 4.0 0.095 0.140 1.1812 1.0298 12.24 
0.461 2 1 1 4.0 4.0 0.069 0.171 1.2952 1.0298 12.24 
0.462 2 1 1 4.0 4.0 0.089 0.151 1.2952 1.0298 12.24 
0.463 2 1 1 4.0 4.0 0.118 0.153 1.3386 1.0041 12.24 
0.464 2 1 1 4.0 4.0 0.087 0.165 1.3386 1.0041 12.24 
0.465 2 1 1 4.0 4.0 0.118 0.172 1.2952 1.0298 12.24 
0.466 2 1 1 4.0 4.0 0.084 0.192 1.2551 1.0298 12.24 
0.467 2 1 1 4.0 4.0 0.086 0.157 1.3386 1.0298 12.24 
0.468 2 1 1 4.0 4.0 0.110 0.121 1.2952 1.0041 12.24 
0.469 2 1 1 4.0 4.0 0.092 0.085 1.2952 1.0041 12.24 
0.470 2 1 1 4.0 4.0 0.111 0.089 1.2952 1.0567 12.24 
0.471 2 1 1 4.0 4.0 0.084 0.149 1.2551 1.0298 12.24 
0.472 2 1 1 4.0 4.0 0.077 0.132 1.2952 1.0041 12.24 
0.473 2 1 1 4.0 4.0 0.099 0.127 1.2952 1.0298 12.23 
0.474 2 1 1 4.0 4.0 0.082 0.130 1.3386 1.0298 12.24 
0.475 2 1 1 4.0 4.0 0.099 0.086 1.2952 1.0298 12.24 
0.476 2 1 1 4.0 4.0 0.103 0.074 1.2952 1.0298 12.24 
0.477 2 1 1 4.0 4.0 0.077 0.069 1.2952 1.0298 12.23 
0.478 2 1 1 4.0 4.0 0.094 0.094 1.2952 1.0298 12.23 
0.479 2 1 1 4.0 4.0 0.078 0.107 1.3386 1.0567 12.24 
0.480 2 1 1 4.0 4.0 0.487 -0.148 1.1812 1.0567 12.23 
0.481 2 1 1 4.0 4.0 0.279 -0.239 1.3386 1.0298 12.23 
0.482 2 1 1 4.0 4.0 0.125 -0.029 1.3386 1.0298 12.24 
0.483 2 1 1 4.0 4.0 0.108 0.032 1.2952 1.0298 12.23 
0.484 2 1 1 4.0 4.0 0.080 0.025 1.2952 1.0298 12.23 
0.485 2 1 1 4.0 4.0 0.097 0.047 1.3386 0.8924 12.24 
0.486 2 1 1 4.0 4.0 0.095 0.087 1.2551 1.0041 12.24 
0.487 2 1 1 4.0 4.0 0.070 0.083 1.2952 1.0041 12.24 
0.488 2 1 1 4.0 4.0 0.080 0.079 1.2952 1.0298 12.24 
0.489 2 1 1 4.0 4.0 0.099 0.101 1.3386 1.0298 12.24 
0.490 2 1 1 4.0 4.0 0.094 0.107 1.2952 1.0041 12.24 
0.491 2 1 1 4.0 4.0 0.090 0.123 1.2952 1.0298 12.24 
0.492 2 1 1 4.0 4.0 0.071 0.173 1.2952 1.0567 12.24 
0.493 2 1 1 4.0 4.0 0.077 0.154 1.2952 1.0298 12.23 
0.494 2 1 1 4.0 4.0 0.088 0.088 1.3386 1.0041 12.24 
0.495 2 1 1 4.0 4.0 0.085 0.123 1.3386 1.0298 12.24 
0.496 2 1 1 4.0 4.0 0.104 0.104 1.2952 1.0567 12.23 
0.497 2 1 1 4.0 4.0 0.089 0.085 1.2551 1.0567 12.24 
0.498 2 1 1 4.0 4.0 0.078 0.084 1.3848 1.0041 12.23 
0.499 2 1 1 4.0 4.0 0.107 0.145 1.2952 1.0298 12.23 
0.500 2 1 1 4.0 4.0 0.096 0.165 1.2952 1.0041 12.24 
0.501 2 1 1 4.0 4.0 0.107 0.119 1.2952 1.0298 12.24 
0.502 2 1 1 4.0 4.0 0.091 0.085 1.2952 1.0298 12.24 
0.503 2 1 1 4.0 4.0 0.080 0.075 1.2551 1.0041 12.24 
0.504 2 1 1 4.0 4.0 0.095 0.074 1.1812 1.0298 12.23 
0.505 2 1 1 4.0 4.0 0.071 0.121 1.2952 1.0298 12.24 
0.506 2 1 1 4.0 4.0 0.091 0.120 1.2952 1.0298 12.23 
0.507 2 1 1 4.0 4.0 0.097 0.121 1.2952 0.9559 12.24 
0.508 2 1 1 4.0 4.0 0.065 0.081 1.2952 1.0041 12.24 
0.509 2 1 1 4.0 4.0 0.088 0.066 1.2952 1.0298 12.24 
0.510 2 1 1 4.0 4.0 0.088 0.062 1.3386 1.0298 12.23 
0.511 2 1 1 4.0 4.0 0.091 0.046 1.3386 1.0298 12.24 
0.512 2 1 1 4.0 4.0 0.103 0.035 1.3386 1.0298 12.23 
0.513 2 1 1 4.0 4.0 0.067 0.023 1.3386 1.0298 12.24 
0.514 2 1 1 4.0 4.0 0.099 0.055 1.2952 1.0298 12.23 
0.515 2 1 1 4.0 4.0 0.076 0.123 1.2952 1.0298 12.23 
0.516 2 1 1 4.0 4.0 0.080 0.105 1.3386 1.0298 12.24 
0.517 2 1 1 4.0 4.0 0.083 0.082 1.2551 1.0298 12.23 
0.518 2 1 1 4.0 4.0 0.064 0.116 1.2551 1.0298 12.24 
0.519 2 1 1 4.0 4.0 0.059 0.115 1.2952 1.0567 12.23 
0.520 2 1 1 4.0 4.0 0.079 0.130 1.3386 1.0298 12.24 
0.521 2 1 1 4.0 4.0 0.078 0.144 1.2952 1.0041 12.24 
0.522 2 1 1 4.0 4.0 0.084 0.102 1.2952 1.0298 12.24 
0.523 2 1 1 4.0 4.0 0.070 0.092 1.2952 1.0298 12.24 
0.524 2 1 1 4.0 4.0 0.076 0.075 1.1812 0.9559 12.24 
0.525 2 1 1 4.0 4.0 0.090 0.124 1.3386 1.0041 12.23 
0.526 2 1 1 4.0 4.0 0.070 0.081 1.3386 1.0041 12.23 
0.527 2 1 1 4.0 4.0 0.088 0.134 1.2952 1.0298 12.23 
0.528 2 1 1 4.0 4.0 0.077 0.067 1.2551 1.0298 12.24 
0.529 2 1 1 4.0 4.0 0.056 0.126 1.3848 1.0041 12.23 
0.530 2 1 1 4.0 4.0 0.080 0.109 1.2952 1.0041 12.24 
0.531 2 1 1 4.0 4.0 0.076 0.109 1.2952 1.0567 12.23 
0.532 2 1 1 4.0 4.0 0.091 0.130 1.2952 1.0298 12.24 
0.533 2 1 1 4.0 4.0 0.076 0.091 1.2952 0.8924 12.24 
0.534 2 1 1 4.0 4.0 0.068 0.106 1.2551 1.0041 12.24 
0.535 2 1 1 4.0 4.0 0.084 0.131 1.2169 1.0567 12.24 
0.536 2 1 1 4.0 4.0 0.071 0.119 1.3386 1.0567 12.24 
0.537 2 1 1 4.0 4.0 0.096 0.073 1.2952 1.0041 12.23 
0.538 2 1 1 4.0 4.0 0.089 0.096 1.2952 1.0298 12.24 
0.539 2 1 1 4.0 4.0 0.069 0.090 1.2952 1.0041 12.24 
0.540 2 1 1 4.0 4.0 0.076 0.153 1.2952 1.0298 12.24 
0.541 2 1 1 4.0 4.0 0.084 0.128 1.3386 1.0298 12.24 
0.542 2 1 1 4.0 4.0 0.082 0.110 1.3386 1.0041 12.23 
0.543 2 1 1 4.0 4.0 0.080 0.058 1.2952 1.0298 12.23 
0.544 2 1 1 4.0 4.0 0.065 0.111 1.2952 1.0298 12.23 
0.545 2 1 1 4.0 4.0 0.076 0.131 1.2551 1.0298 12.23 
0.546 2 1 1 4.0 4.0 0.089 0.122 1.2952 1.0298 12.24 
0.547 2 1 1 4.0 4.0 0.086 0.118 1.3386 1.0041 12.24 
0.548 2 1 1 4.0 4.0 0.103 0.119 1.2952 1.0298 12.23 
0.549 2 1 1 4.0 4.0 0.071 0.143 1.2952 1.0298 12.16 
0.550 2 1 1 4.0 4.0 0.091 0.124 1.2952 1.0298 12.22 
0.551 2 1 1 4.0 4.0 0.108 0.145 1.3386 1.0041 12.23 
0.552 2 1 1 4.0 4.0 0.081 0.112 1.2952 1.0298 12.24 
0.553 2 1 1 4.0 4.0 0.092 0.134 1.2952 1.0298 12.24 
0.554 2 1 1 4.0 4.0 0.072 0.133 1.2952 1.0567 12.24 
0.555 2 1 1 4.0 4.0 0.076 0.137 1.3386 1.0567 12.23 
0.556 2 1 1 4.0 4.0 0.099 0.113 1.3386 1.0298 12.24 
0.557 2 1 1 4.0 4.0 0.080 0.108 1.3386 1.0567 12.23 
0.558 2 1 1 4.0 4.0 0.077 0.128 1.2952 1.0567 12.23 
0.559 2 1 1 4.0 4.0 0.072 0.137 1.2551 1.0041 12.24 
0.560 2 1 1 4.0 4.0 0.064 0.147 1.3848 1.0298 12.24 
0.561 2 1 1 4.0 4.0 0.100 0.132 1.2952 1.0298 12.23 
0.562 2 1 1 4.0 4.0 0.091 0.097 1.2952 1.0298 12.24 
0.563 2 1 1 4.0 4.0 0.076 0.058 1.2952 1.0567 12.23 
0.564 2 1 1 4.0 4.0 0.092 0.146 1.2952 1.0298 12.23 
0.565 2 1 1 4.0 4.0 0.065 0.126 1.2551 1.0298 12.24 
0.566 2 1 1 4.0 4.0 0.094 0.119 1.2952 1.0567 12.24 
0.567 2 1 1 4.0 4.0 0.077 0.126 1.3386 1.0567 12.24 
0.568 2 1 1 4.0 4.0 0.092 0.088 1.2952 0.9125 12.24 
0.569 2 1 1 4.0 4.0 0.078 0.138 1.3386 1.0041 12.24 
0.570 2 1 1 4.0 4.0 0.068 0.174 1.2952 1.0298 12.23 
0.571 2 1 1 4.0 4.0 0.084 0.154 1.2952 1.0298 12.23 
0.572 2 1 1 4.0 4.0 0.082 0.136 1.3386 1.0298 12.24 
0.573 2 1 1 4.0 4.0 0.074 0.096 1.3848 1.0041 12.23 
0.574 2 1 1 4.0 4.0 0.080 0.100 1.3386 1.0298 12.24 
0.575 2 1 1 4.0 4.0 0.068 0.114 1.2952 1.0852 12.25 
0.576 2 1 1 4.0 4.0 0.085 0.129 1.2952 1.0567 12.23 
0.577 2 1 1 4.0 4.0 0.075 0.148 1.2952 1.0567 12.24 
0.578 2 1 1 4.0 4.0 0.088 0.137 1.3386 1.0041 12.24 
0.579 2 1 1 4.0 4.0 0.122 0.112 1.2952 1.0298 12.24 
0.580 2 1 1 4.0 4.0 0.084 0.120 1.2952 1.0298 12.24 
0.581 2 1 1 4.0 4.0 0.091 0.080 1.2952 1.0567 12.24 
0.582 2 1 1 4.0 4.0 0.504 -0.157 1.3386 1.0298 12.23 
0.583 2 1 1 4.0 4.0 0.253 -0.199 1.2952 1.0041 12.23 
0.584 2 1 1 4.0 4.0 0.140 0.046 1.2952 1.0298 12.24 
0.585 2 1 1 4.0 4.0 0.059 0.086 1.2952 1.0298 12.24 
0.586 2 1 1 4.0 4.0 0.075 0.073 1.1812 1.0041 12.24 
0.587 2 1 1 4.0 4.0 0.094 0.118 1.3386 1.0298 12.23 
0.588 2 1 1 4.0 4.0 0.088 0.089 1.3386 1.0567 12.24 
0.589 2 1 1 4.0 4.0 0.095 0.112 1.2952 1.0567 12.24 
0.590 2 1 1 4.0 4.0 0.081 0.104 1.2551 0.9338 12.24 
0.591 2 1 1 4.0 4.0 0.051 0.136 1.3848 1.0567 12.24 
0.592 2 1 1 4.0 4.0 0.109 0.085 1.2952 1.0041 12.24 
0.593 2 1 1 4.0 4.0 0.090 0.104 1.2952 1.0298 12.24 
0.594 2 1 1 4.0 4.0 0.080 0.139 1.2952 1.0298 12.24 
0.595 2 1 1 4.0 4.0 0.083 0.103 1.2169 1.0567 12.24 
0.596 2 1 1 4.0 4.0 0.058 0.100 1.2952 1.0298 12.24 
0.597 2 1 1 4.0 4.0 0.076 0.134 1.2952 1.0567 12.24 
0.598 2 1 1 4.0 4.0 0.082 0.132 1.3386 1.0298 12.24 
0.599 2 1 1 4.0 4.0 0.089 0.126 1.2952 1.0298 12.24 
0.600 2 1 1 4.0 4.0 0.076 0.075 1.2952 1.0298 12.24 
0.601 2 1 1 4.0 4.0 0.063 0.075 1.2952 1.0567 12.24 
0.602 2 1 1 4.0 4.0 0.096 0.087 1.2952 1.0567 12.24 
0.603 2 1 1 4.0 4.0 0.088 0.146 1.3386 1.0298 12.24 
0.604 2 1 1 4.0 4.0 0.096 0.180 1.3386 1.0298 12.24 
0.605 2 1 1 4.0 4.0 0.083 0.077 1.3386 1.0567 12.24 
0.606 2 1 1 4.0 4.0 0.073 0.111 1.3386 1.0567 12.24 
0.607 2 1 1 4.0 4.0 0.084 0.111 1.2952 0.8727 12.23 
0.608 2 1 1 4.0 4.0 0.086 0.081 1.2952 1.0041 12.23 
0.609 2 1 1 4.0 4.0 0.082 0.158 1.3386 1.0298 12.23 
0.610 2 1 1 4.0 4.0 0.108 0.147 1.2551 1.0298 12.24 
0.611 2 1 1 4.0 4.0 0.076 0.130 1.2952 1.0567 12.24 
0.612 2 1 1 4.0 4.0 0.078 0.149 1.2952 1.0041 12.24 
0.613 2 1 1 4.0 4.0 0.087 0.131 1.3386 1.0298 12.24 
0.614 2 1 1 4.0 4.0 0.078 0.079 1.2952 1.0567 12.23 
0.615 2 1 1 4.0 4.0 0.075 0.093 1.2952 1.0298 12.23 
0.616 2 1 1 4.0 4.0 0.050 0.115 1.2952 1.0298 12.23 
0.617 2 1 1 4.0 4.0 0.059 0.095 1.2952 1.0041 12.23 
0.618 2 1 1 4.0 4.0 0.073 0.110 1.3386 1.0298 12.24 
0.619 2 1 1 4.0 4.0 0.072 0.097 1.3386 1.0567 12.24 
0.620 2 1 1 4.0 4.0 0.090 0.121 1.3386 1.0567 12.24 
0.621 2 1 1 4.0 4.0 0.076 0.059 1.2952 1.0298 12.24 
0.622 2 1 1 4.0 4.0 0.069 0.125 1.3386 1.0298 12.24 
0.623 2 1 1 4.0 4.0 0.100 0.107 1.2952 1.0567 12.24 
0.624 2 1 1 4.0 4.0 0.090 0.096 1.2551 1.0567 12.24 
0.625 2 1 1 4.0 4.0 0.082 0.115 1.2952 1.0298 12.24 
0.626 2 1 1 4.0 4.0 0.073 0.119 1.2952 1.0567 12.24 
0.627 2 1 1 4.0 4.0 0.069 0.078 1.2952 1.0567 12.24 
0.628 2 1 1 4.0 4.0 0.094 0.088 1.2952 1.0567 12.24 
0.629 2 1 1 4.0 4.0 0.088 0.134 1.3386 1.0298 12.24 
0.630 2 1 1 4.0 4.0 0.088 0.095 1.2952 1.0567 12.24 
0.631 2 1 1 4.0 4.0 0.087 0.076 1.3386 1.0298 12.24 
0.632 2 1 1 4.0 4.0 0.071 0.134 1.2952 1.0298 12.23 
0.633 2 1 1 4.0 4.0 0.108 0.110 1.2952 1.0298 12.24 
0.634 2 1 1 4.0 4.0 0.080 0.103 1.3386 1.0298 12.24 
0.635 2 1 1 4.0 4.0 0.086 0.117 1.1153 1.0041 12.23 
0.636 2 1 1 4.0 4.0 0.079 0.126 1.3386 1.0298 12.23 
0.637 2 1 1 4.0 4.0 0.064 0.115 1.3386 1.0041 12.24 
0.638 2 1 1 4.0 4.0 0.097 0.153 1.2952 1.0041 12.23 
0.639 2 1 1 4.0 4.0 0.088 0.119 1.2952 1.0298 12.24 
0.640 2 1 1 4.0 4.0 0.095 0.106 1.3386 1.0298 12.24 
0.641 2 1 1 4.0 4.0 0.100 0.101 1.2551 1.0298 12.24 
0.642 2 1 1 4.0 4.0 0.076 0.120 1.2952 1.0298 12.24 
0.643 2 1 1 4.0 4.0 0.096 0.069 1.2952 1.0041 12.23 
0.644 2 1 1 4.0 4.0 0.118 0.091 1.3386 1.0041 12.24 
0.645 2 1 1 4.0 4.0 0.095 0.070 1.2952 1.0298 12.23 
0.646 2 1 1 4.0 4.0 0.100 0.092 1.2952 1.0567 12.24 
0.647 2 1 1 4.0 4.0 0.080 0.134 1.2952 1.0298 12.24 
0.648 2 1 1 4.0 4.0 0.083 0.100 1.2952 1.0567 12.23 
0.649 2 1 1 4.0 4.0 0.107 0.086 1.3848 1.0298 12.23 
0.650 2 1 1 4.0 4.0 0.110 0.057 1.3386 1.0567 12.24 
0.651 2 1 1 4.0 4.0 0.105 0.074 1.2952 1.0041 12.24 
0.652 2 1 1 4.0 4.0 0.069 0.066 1.2551 1.0567 12.24 
0.653 2 1 1 4.0 4.0 0.072 0.098 1.3386 1.0567 12.24 
0.654 2 1 1 4.0 4.0 0.090 0.091 1.2952 1.0298 12.24 
0.655 2 1 1 4.0 4.0 0.066 0.107 1.2551 1.0298 12.23 
0.656 2 1 1 4.0 4.0 0.089 0.111 1.2551 1.0041 12.23 
0.657 2 1 1 4.0 4.0 0.089 0.111 1.2551 1.0041 12.23 
0.658 2 1 1 4.0 4.0 0.084 0.088 1.2551 1.0298 12.24 
0.659 2 1 1 4.0 4.0 0.110 0.091 1.2551 1.0298 12.24 
0.660 2 1 1 4.0 4.0 0.101 0.072 1.2952 1.0298 12.24 
0.661 2 1 1 4.0 4.0 0.107 0.096 1.2551 1.0041 12.23 
0.662 2 1 1 4.0 4.0 0.093 0.078 1.2952 1.0298 12.24 
0.663 2 1 1 4.0 4.0 0.085 0.104 1.2952 1.0298 12.24 
0.664 2 1 1 4.0 4.0 0.114 0.092 1.2952 1.0041 12.24 
0.665 2 1 1 4.0 4.0 0.093 0.115 1.2952 1.0298 12.24 
