%% logfile from robot Julie (34)
% Julie (34)
%  1    time 0.000 sec
%  2  3  4   (mission 0), state 2, thread 2, line 0
%  5  6 Motor voltage [V] left, right: 1.6 1.6
%  7  8 Motor current left, right [A]: -0.058 -0.063
%  9 10 Wheel velocity [m/s] left, right: -0.0000 -0.0000
% 11    Battery voltage [V]: 12.43
0.001 2 2 0 1.6 1.6 0.118 0.061 -0.0000 -0.0000 12.43 
0.002 2 2 0 1.6 1.6 0.262 0.203 -0.0000 -0.0000 12.42 
0.003 2 2 0 1.6 1.6 0.310 0.319 -0.0000 -0.0000 12.42 
0.004 2 2 0 1.6 1.6 0.342 0.443 -0.0000 -0.0000 12.42 
0.005 2 2 0 1.6 1.6 0.347 0.406 -0.0000 -0.0000 12.42 
0.006 2 2 0 1.6 1.6 0.366 0.424 0.0000 -0.0000 12.42 
0.007 2 2 0 1.6 1.6 0.341 0.423 0.0000 -0.0000 12.42 
0.008 2 2 0 1.6 1.6 0.337 0.384 0.0000 -0.0000 12.42 
0.009 2 2 0 1.6 1.6 0.335 0.437 0.0000 0.0000 12.42 
0.010 2 2 0 1.6 1.6 0.295 0.378 0.0000 0.0000 12.42 
0.011 2 2 0 1.6 1.6 0.276 0.425 0.0783 0.0000 12.42 
0.012 2 2 0 1.6 1.6 0.260 0.362 0.0783 0.1217 12.42 
0.013 2 2 0 1.6 1.6 0.142 0.356 0.0783 0.1217 12.42 
0.014 2 2 0 1.6 1.6 0.149 0.345 0.1117 0.1217 12.42 
0.015 2 2 0 1.6 1.6 0.196 0.320 0.1117 0.1623 12.42 
0.016 2 2 0 1.6 1.6 0.218 0.301 0.1117 0.1623 12.42 
0.017 2 2 0 1.6 1.6 0.260 0.307 0.1382 0.1815 12.42 
0.018 2 2 0 1.6 1.6 0.252 0.397 0.1382 0.1815 12.42 
0.019 2 2 0 1.6 1.6 0.263 0.282 0.1382 0.1996 12.42 
0.020 2 2 0 1.6 1.6 0.247 0.252 0.1687 0.1996 12.42 
0.021 2 2 0 1.6 1.6 0.188 0.234 0.1687 0.2080 12.42 
0.022 2 2 0 1.6 1.6 0.207 0.233 0.1767 0.2080 12.42 
0.023 2 2 0 1.6 1.6 0.203 0.308 0.1767 0.2100 12.42 
0.024 2 2 0 1.6 1.6 0.229 0.259 0.1643 0.2293 12.42 
0.025 2 2 0 1.6 1.6 0.217 0.285 0.1643 0.2293 12.41 
0.026 2 2 0 1.6 1.6 0.219 0.219 0.1643 0.2345 12.42 
0.027 2 2 0 1.6 1.6 0.241 0.199 0.1876 0.2345 12.42 
0.028 2 2 0 1.6 1.6 0.222 0.200 0.1876 0.2510 12.42 
0.029 2 2 0 1.6 1.6 0.224 0.203 0.1956 0.2554 12.42 
0.030 2 2 0 1.6 1.6 0.218 0.282 0.1956 0.2554 12.42 
0.031 2 2 0 1.6 1.6 0.182 0.239 0.2068 0.2787 12.42 
0.032 2 2 0 1.6 1.6 0.201 0.266 0.2100 0.2908 12.42 
0.033 2 2 0 1.6 1.6 0.187 0.195 0.2100 0.2868 12.41 
0.034 2 2 0 1.6 1.6 0.171 0.175 0.2265 0.2868 12.41 
0.035 2 2 0 1.6 1.6 0.183 0.185 0.2265 0.2675 12.42 
0.036 2 2 0 1.6 1.6 0.187 0.172 0.2241 0.2996 12.42 
0.037 2 2 0 1.6 1.6 0.171 0.271 0.2241 0.2996 12.42 
0.038 2 2 0 1.6 1.6 0.134 0.185 0.2418 0.3137 12.42 
0.039 2 2 0 1.6 1.6 0.120 0.243 0.2446 0.3064 12.42 
0.040 2 2 0 1.6 1.6 0.159 0.187 0.2446 0.2787 12.42 
0.041 2 2 0 1.6 1.6 0.186 0.187 0.2446 0.2787 12.42 
0.042 2 2 0 1.6 1.6 0.203 0.180 0.2446 0.3265 12.41 
0.043 2 2 0 1.6 1.6 0.182 0.180 0.2145 0.3522 12.42 
0.044 2 2 0 1.6 1.6 0.185 0.180 0.2538 0.3289 12.42 
0.045 2 2 0 1.6 1.6 0.162 0.179 0.2538 0.2868 12.42 
0.046 2 2 0 1.6 1.6 0.129 0.244 0.2494 0.2868 12.42 
0.047 2 2 0 1.6 1.6 0.153 0.175 0.2711 0.3402 12.42 
0.048 2 2 0 1.6 1.6 0.171 0.227 0.2711 0.3896 12.42 
0.049 2 2 0 1.6 1.6 0.197 0.152 0.2908 0.3430 12.41 
0.050 2 2 0 1.6 1.6 0.162 0.161 0.2868 0.2952 12.42 
0.051 2 2 0 1.6 1.6 0.160 0.173 0.2868 0.3615 12.42 
0.052 2 2 0 1.6 1.6 0.160 0.198 0.2952 0.3550 12.41 
0.053 2 2 0 1.6 1.6 0.147 0.138 0.2908 0.3683 12.42 
0.054 2 2 0 1.6 1.6 0.151 0.114 0.2787 0.3896 12.41 
0.055 2 2 0 1.6 1.6 0.153 0.100 0.2787 0.3860 12.41 
0.056 2 2 0 1.6 1.6 0.161 0.123 0.2908 0.3683 12.42 
0.057 2 2 0 1.6 1.6 0.128 0.136 0.2623 0.3787 12.42 
0.058 2 2 0 1.6 1.6 0.145 0.132 0.2623 0.3683 12.42 
0.059 2 2 0 1.6 1.6 0.147 0.189 0.2996 0.3346 12.42 
0.060 2 2 0 1.6 1.6 0.153 0.147 0.3265 0.3823 12.42 
0.061 2 2 0 1.6 1.6 0.134 0.202 0.3064 0.4016 12.42 
0.062 2 2 0 1.6 1.6 0.130 0.128 0.3064 0.3823 12.42 
0.063 2 2 0 1.6 1.6 0.138 0.106 0.2747 0.3430 12.42 
0.064 2 2 0 1.6 1.6 0.136 0.092 0.3088 0.3896 12.41 
0.065 2 2 0 1.6 1.6 0.149 0.120 0.3137 0.4181 12.42 
0.066 2 2 0 1.6 1.6 0.153 0.149 0.3137 0.3896 12.42 
0.067 2 2 0 1.6 1.6 0.098 0.141 0.3113 0.3490 12.42 
0.068 2 2 0 1.6 1.6 0.107 0.198 0.2952 0.3751 12.42 
0.069 2 2 0 1.6 1.6 0.118 0.189 0.3185 0.4097 12.42 
0.070 2 2 0 1.6 1.6 0.146 0.165 0.3289 0.4016 12.42 
0.071 2 2 0 1.6 1.6 0.134 0.120 0.3289 0.3582 12.42 
0.072 2 2 0 1.6 1.6 0.135 0.111 0.3265 0.3823 12.42 
0.073 2 2 0 1.6 1.6 0.138 0.062 0.3088 0.4016 12.42 
0.074 2 2 0 1.6 1.6 0.125 0.088 0.3265 0.4056 12.42 
0.075 2 2 0 1.6 1.6 0.122 0.080 0.3289 0.4181 12.42 
0.076 2 2 0 1.6 1.6 0.149 0.104 0.3289 0.4181 12.42 
0.077 2 2 0 1.6 1.6 0.153 0.129 0.3265 0.4181 12.42 
0.078 2 2 0 1.6 1.6 0.127 0.080 0.3040 0.4181 12.42 
0.079 2 2 0 1.6 1.6 0.139 0.118 0.3317 0.4016 12.42 
0.080 2 2 0 1.6 1.6 0.155 0.099 0.3289 0.4097 12.42 
0.081 2 2 0 1.6 1.6 0.164 0.115 0.3289 0.4097 12.42 
0.082 2 2 0 1.6 1.6 0.123 0.081 0.3374 0.4137 12.42 
0.083 2 2 0 1.6 1.6 0.093 0.130 0.3265 0.4097 12.41 
0.084 2 2 0 1.6 1.6 0.059 0.101 0.3374 0.4181 12.42 
0.085 2 2 0 1.6 1.6 0.058 0.138 0.3265 0.4225 12.42 
0.086 2 2 0 1.6 1.6 0.066 0.100 0.3317 0.4225 12.41 
0.087 2 2 0 1.6 1.6 0.065 0.124 0.3317 0.3936 12.42 
0.088 2 2 0 1.6 1.6 0.101 0.066 0.3161 0.4097 12.42 
0.089 2 2 0 1.6 1.6 0.107 0.063 0.3346 0.4269 12.42 
0.090 2 2 0 1.6 1.6 0.133 0.074 0.3550 0.4225 12.43 
0.091 2 2 0 1.6 1.6 0.127 0.085 0.3402 0.3787 12.42 
0.092 2 2 0 1.6 1.6 0.091 0.133 0.3113 0.4056 12.42 
0.093 2 2 0 1.6 1.6 0.111 0.093 0.3088 0.4317 12.42 
0.094 2 2 0 1.6 1.6 0.129 0.121 0.3402 0.4016 12.42 
0.095 2 2 0 1.6 1.6 0.145 0.085 0.3374 0.3683 12.42 
0.096 2 2 0 1.6 1.6 0.133 0.096 0.3402 0.4410 12.42 
0.097 2 2 0 1.6 1.6 0.094 0.073 0.3346 0.4317 12.42 
0.098 2 2 0 1.6 1.6 0.111 0.089 0.3430 0.3651 12.41 
0.099 2 2 0 1.6 1.6 0.100 0.115 0.3430 0.3976 12.42 
0.100 2 2 0 1.6 1.6 0.111 0.144 0.3289 0.4137 12.42 
0.101 2 2 0 1.6 1.6 0.092 0.134 0.3490 0.4269 12.42 
0.102 2 2 0 1.6 1.6 0.078 0.119 0.3490 0.4462 12.41 
0.103 2 2 0 1.6 1.6 0.082 0.136 0.3462 0.4410 12.42 
0.104 2 2 0 1.6 1.6 0.096 0.066 0.2952 0.4462 12.41 
0.105 2 2 0 1.6 1.6 0.114 0.104 0.2952 0.4410 12.42 
0.106 2 2 0 1.6 1.6 0.125 0.083 0.3430 0.3896 12.42 
0.107 2 2 0 1.6 1.6 0.118 0.126 0.3237 0.4137 12.42 
0.108 2 2 0 1.6 1.6 0.114 0.108 0.3490 0.4410 12.42 
0.109 2 2 0 1.6 1.6 0.142 0.085 0.3651 0.3936 12.42 
0.110 2 2 0 1.6 1.6 0.118 0.062 0.3550 0.4181 12.41 
0.111 2 2 0 1.6 1.6 0.118 0.067 0.3683 0.4615 12.41 
0.112 2 2 0 1.6 1.6 0.118 0.061 0.3550 0.4510 12.42 
0.113 2 2 0 1.6 1.6 0.100 0.092 0.3550 0.3936 12.42 
0.114 2 2 0 1.6 1.6 0.063 0.108 0.3402 0.4225 12.42 
0.115 2 2 0 1.6 1.6 0.058 0.138 0.3522 0.4615 12.42 
0.116 2 2 0 1.6 1.6 0.097 0.125 0.3161 0.4510 12.41 
0.117 2 2 0 1.6 1.6 0.117 0.087 0.3550 0.4016 12.42 
0.118 2 2 0 1.6 1.6 0.094 0.100 0.3823 0.4225 12.41 
0.119 2 2 0 1.6 1.6 0.106 0.081 0.3582 0.4410 12.41 
0.120 2 2 0 1.6 1.6 0.096 0.093 0.3550 0.4562 12.42 
0.121 2 2 0 1.6 1.6 0.136 0.073 0.3185 0.4510 12.42 
0.122 2 2 0 1.6 1.6 0.096 0.127 0.3582 0.4510 12.42 
0.123 2 2 0 1.6 1.6 0.100 0.103 0.3615 0.4510 12.43 
0.124 2 2 0 1.6 1.6 0.103 0.114 0.3582 0.4462 12.42 
0.125 2 2 0 1.6 1.6 0.069 0.071 0.3346 0.4462 12.41 
0.126 2 2 0 1.6 1.6 0.095 0.101 0.3615 0.4410 12.42 
0.127 2 2 0 1.6 1.6 0.111 0.063 0.3683 0.4410 12.42 
0.128 2 2 0 1.6 1.6 0.117 0.090 0.3651 0.4510 12.42 
0.129 2 2 0 1.6 1.6 0.113 0.095 0.3651 0.4562 12.42 
0.130 2 2 0 1.6 1.6 0.108 0.094 0.3462 0.4562 12.42 
0.131 2 2 0 1.6 1.6 0.098 0.043 0.3651 0.4362 12.42 
0.132 2 2 0 1.6 1.6 0.137 0.043 0.3651 0.4462 12.41 
0.133 2 2 0 1.6 1.6 0.115 0.021 0.3615 0.4615 12.41 
0.134 2 2 0 1.6 1.6 0.101 0.045 0.3374 0.4562 12.42 
0.135 2 2 0 1.6 1.6 0.111 0.053 0.3615 0.4016 12.41 
0.136 2 2 0 1.6 1.6 0.157 0.067 0.3582 0.4562 12.42 
0.137 2 2 0 1.6 1.6 0.147 0.104 0.3715 0.4510 12.41 
0.138 2 2 0 1.6 1.6 0.105 0.092 0.3715 0.3896 12.42 
0.139 2 2 0 1.6 1.6 0.061 0.096 0.3550 0.4225 12.42 
0.140 2 2 0 1.6 1.6 0.058 0.056 0.3651 0.4667 12.42 
0.141 2 2 0 1.6 1.6 0.062 0.077 0.3522 0.4615 12.42 
0.142 2 2 0 1.6 1.6 0.060 0.058 0.3615 0.3823 12.42 
0.143 2 2 0 1.6 1.6 0.047 0.114 0.3374 0.4181 12.40 
0.144 2 2 0 1.6 1.6 0.087 0.121 0.3615 0.4317 12.41 
0.145 2 2 0 1.6 1.6 0.085 0.087 0.3751 0.4723 12.42 
0.146 2 2 0 1.6 1.6 0.111 0.087 0.3651 0.4667 12.41 
0.147 2 2 0 1.6 1.6 0.108 0.039 0.3651 0.4667 12.41 
0.148 2 2 0 1.6 1.6 0.086 0.081 0.3265 0.4615 12.40 
0.149 2 2 0 1.6 1.6 0.111 0.067 0.3615 0.4362 12.41 
0.150 2 2 0 1.6 1.6 0.112 0.083 0.3582 0.4510 12.41 
0.151 2 2 1 4.0 4.0 0.117 0.100 0.3582 0.4667 12.41 
0.152 2 2 1 4.0 4.0 0.262 0.150 0.3522 0.4615 12.40 
0.153 2 2 1 4.0 4.0 0.484 0.353 0.3715 0.4562 12.36 
0.154 2 2 1 4.0 4.0 0.586 0.503 0.3651 0.5020 12.36 
0.155 2 2 1 4.0 4.0 0.632 0.634 0.3860 0.5020 12.36 
0.156 2 2 1 4.0 4.0 0.564 0.671 0.4016 0.4779 12.36 
0.157 2 2 1 4.0 4.0 0.590 0.735 0.4181 0.5575 12.34 
0.158 2 2 1 4.0 4.0 0.656 0.651 0.3860 0.5575 12.35 
0.159 2 2 1 4.0 4.0 0.644 0.598 0.4225 0.5655 12.35 
0.160 2 2 1 4.0 4.0 0.658 0.596 0.4410 0.5820 12.35 
0.161 2 2 1 4.0 4.0 0.656 0.596 0.5081 0.6273 12.36 
0.162 2 2 1 4.0 4.0 0.695 0.611 0.5213 0.6374 12.35 
0.163 2 2 1 4.0 4.0 0.575 0.538 0.5426 0.6474 12.37 
0.164 2 2 1 4.0 4.0 0.570 0.500 0.5498 0.6583 12.35 
0.165 2 2 1 4.0 4.0 0.515 0.467 0.5655 0.6583 12.36 
0.166 2 2 1 4.0 4.0 0.528 0.475 0.5426 0.6804 12.36 
0.167 2 2 1 4.0 4.0 0.527 0.525 0.6177 0.7169 12.36 
0.168 2 2 1 4.0 4.0 0.504 0.488 0.5992 0.7169 12.36 
0.169 2 2 1 4.0 4.0 0.466 0.419 0.6177 0.7169 12.37 
0.170 2 2 1 4.0 4.0 0.454 0.427 0.6474 0.7434 12.35 
0.171 2 2 1 4.0 4.0 0.472 0.435 0.6374 0.7434 12.36 
0.172 2 2 1 4.0 4.0 0.486 0.447 0.6691 0.7723 12.37 
0.173 2 2 1 4.0 4.0 0.427 0.385 0.6691 0.7575 12.38 
0.174 2 2 1 4.0 4.0 0.436 0.392 0.6924 0.8032 12.37 
0.175 2 2 1 4.0 4.0 0.433 0.392 0.7044 0.7723 12.37 
0.176 2 2 1 4.0 4.0 0.437 0.379 0.7044 0.8032 12.37 
0.177 2 2 1 4.0 4.0 0.483 0.355 0.7169 0.8366 12.37 
0.178 2 2 1 4.0 4.0 0.365 0.346 0.7169 0.8543 12.38 
0.179 2 2 1 4.0 4.0 0.323 0.377 0.7302 0.8193 12.38 
0.180 2 2 1 4.0 4.0 0.339 0.336 0.7302 0.8543 12.38 
0.181 2 2 1 4.0 4.0 0.382 0.362 0.7723 0.8366 12.38 
0.182 2 2 1 4.0 4.0 0.343 0.327 0.7302 0.8727 12.38 
0.183 2 2 1 4.0 4.0 0.371 0.384 0.7723 0.8924 12.38 
0.184 2 2 1 4.0 4.0 0.392 0.357 0.7723 0.8543 12.38 
0.185 2 2 1 4.0 4.0 0.373 0.328 0.7575 0.8924 12.38 
0.186 2 2 1 4.0 4.0 0.343 0.313 0.7872 0.9338 12.38 
0.187 2 2 1 4.0 4.0 0.305 0.300 0.8032 0.9338 12.38 
0.188 2 2 1 4.0 4.0 0.335 0.293 0.7723 0.9338 12.38 
0.189 2 2 1 4.0 4.0 0.353 0.267 0.7872 0.9338 12.38 
0.190 2 2 1 4.0 4.0 0.385 0.301 0.8193 0.9559 12.38 
0.191 2 2 1 4.0 4.0 0.347 0.297 0.8366 0.9338 12.39 
0.192 2 2 1 4.0 4.0 0.320 0.271 0.8193 0.9796 12.39 
0.193 2 2 1 4.0 4.0 0.303 0.244 0.8543 0.9559 12.39 
0.194 2 2 1 4.0 4.0 0.320 0.270 0.8032 0.9796 12.38 
0.195 2 2 1 4.0 4.0 0.289 0.237 0.8366 0.9796 12.38 
0.196 2 2 1 4.0 4.0 0.266 0.237 0.8543 0.8924 12.39 
0.197 2 2 1 4.0 4.0 0.297 0.268 0.8727 0.9796 12.39 
0.198 2 2 1 4.0 4.0 0.288 0.292 0.8727 1.0298 12.38 
0.199 2 2 1 4.0 4.0 0.300 0.206 0.8924 1.0298 12.39 
0.200 2 2 1 4.0 4.0 0.244 0.263 0.8727 1.0041 12.40 
0.201 2 2 1 4.0 4.0 0.316 0.236 0.8924 1.0041 12.39 
0.202 2 2 1 4.0 4.0 0.227 0.243 0.8924 1.0567 12.37 
0.203 2 2 1 4.0 4.0 0.249 0.238 0.8924 1.0298 12.39 
0.204 2 2 1 4.0 4.0 0.208 0.251 0.9125 1.0567 12.39 
0.205 2 2 1 4.0 4.0 0.286 0.233 0.9125 1.0298 12.40 
0.206 2 2 1 4.0 4.0 0.274 0.194 0.9125 1.0567 12.40 
0.207 2 2 1 4.0 4.0 0.275 0.204 0.9125 1.0567 12.40 
0.208 2 2 1 4.0 4.0 0.255 0.201 0.9125 1.0567 12.39 
0.209 2 2 1 4.0 4.0 0.249 0.215 0.9338 1.0567 12.39 
0.210 2 2 1 4.0 4.0 0.233 0.233 0.8727 1.0567 12.39 
0.211 2 2 1 4.0 4.0 0.270 0.232 0.8924 1.0567 12.40 
0.212 2 2 1 4.0 4.0 0.253 0.185 0.9125 1.0298 12.39 
0.213 2 2 1 4.0 4.0 0.288 0.199 0.9338 1.0852 12.39 
0.214 2 2 1 4.0 4.0 0.217 0.178 0.9338 1.0567 12.39 
0.215 2 2 1 4.0 4.0 0.275 0.153 0.9559 1.1153 12.39 
0.216 2 2 1 4.0 4.0 0.222 0.229 0.9338 1.0567 12.39 
0.217 2 2 1 4.0 4.0 0.229 0.172 0.9559 1.0852 12.39 
0.218 2 2 1 4.0 4.0 0.222 0.194 0.9559 1.0852 12.39 
0.219 2 2 1 4.0 4.0 0.282 0.187 0.9559 1.1153 12.39 
0.220 2 2 1 4.0 4.0 0.228 0.209 0.9796 1.0852 12.40 
0.221 2 2 1 4.0 4.0 0.230 0.161 0.9559 1.1153 12.40 
0.222 2 2 1 4.0 4.0 0.271 0.179 0.9559 1.1153 12.40 
0.223 2 2 1 4.0 4.0 0.226 0.206 0.9796 1.0852 12.40 
0.224 2 2 1 4.0 4.0 0.184 0.129 0.9796 1.1153 12.40 
0.225 2 2 1 4.0 4.0 0.230 0.216 1.0041 1.1474 12.38 
0.226 2 2 1 4.0 4.0 0.217 0.133 0.9796 1.1474 12.40 
0.227 2 2 1 4.0 4.0 0.267 0.168 0.9796 1.1474 12.39 
0.228 2 2 1 4.0 4.0 0.203 0.179 0.9796 1.1474 12.40 
0.229 2 2 1 4.0 4.0 0.226 0.214 0.9796 1.1153 12.39 
0.230 2 2 1 4.0 4.0 0.187 0.168 0.9796 1.1153 12.40 
0.231 2 2 1 4.0 4.0 0.228 0.143 0.9559 1.1474 12.41 
0.232 2 2 1 4.0 4.0 0.240 0.157 1.0041 1.1153 12.38 
0.233 2 2 1 4.0 4.0 0.262 0.104 1.0041 0.9559 12.40 
0.234 2 2 1 4.0 4.0 0.206 0.174 1.0041 1.1153 12.40 
0.235 2 2 1 4.0 4.0 0.241 0.116 0.9796 1.1474 12.41 
0.236 2 2 1 4.0 4.0 0.213 0.149 0.9796 1.1153 12.39 
0.237 2 2 1 4.0 4.0 0.221 0.148 1.0041 1.1474 12.39 
0.238 2 2 1 4.0 4.0 0.184 0.200 1.0041 1.1474 12.38 
0.239 2 2 1 4.0 4.0 0.268 0.149 1.0298 1.1474 12.39 
0.240 2 2 1 4.0 4.0 0.214 0.211 1.0298 1.1812 12.40 
0.241 2 2 1 4.0 4.0 0.231 0.180 1.0041 1.1474 12.40 
0.242 2 2 1 4.0 4.0 0.252 0.101 1.0041 1.1153 12.40 
0.243 2 2 1 4.0 4.0 0.244 0.150 1.0041 1.1812 12.40 
0.244 2 2 1 4.0 4.0 0.165 0.104 1.0041 1.1812 12.41 
0.245 2 2 1 4.0 4.0 0.220 0.146 1.0298 1.1812 12.40 
0.246 2 2 1 4.0 4.0 0.215 0.144 1.0041 1.1474 12.40 
0.247 2 2 1 4.0 4.0 0.225 0.150 1.0041 1.1812 12.40 
0.248 2 2 1 4.0 4.0 0.174 0.059 1.0041 1.1474 12.41 
0.249 2 2 1 4.0 4.0 0.206 0.117 1.0298 1.1474 12.41 
0.250 2 2 1 4.0 4.0 0.162 0.098 0.9796 1.1812 12.41 
0.251 2 2 1 4.0 4.0 0.203 0.140 1.0298 1.1474 12.40 
0.252 2 2 1 4.0 4.0 0.205 0.154 1.0298 1.1812 12.39 
0.253 2 2 1 4.0 4.0 0.218 0.131 1.0298 1.1812 12.40 
0.254 2 2 1 4.0 4.0 0.159 0.156 1.0041 1.1812 12.41 
0.255 2 2 1 4.0 4.0 0.206 0.146 1.0298 1.1474 12.40 
0.256 2 2 1 4.0 4.0 0.176 0.163 1.0298 1.1812 12.39 
0.257 2 2 1 4.0 4.0 0.180 0.168 1.0298 1.2169 12.41 
0.258 2 2 1 4.0 4.0 0.199 0.184 1.0298 1.1812 12.41 
0.259 2 2 1 4.0 4.0 0.217 0.071 1.0298 1.2169 12.39 
0.260 2 2 1 4.0 4.0 0.159 0.156 1.0298 1.2169 12.40 
0.261 2 2 1 4.0 4.0 0.209 0.088 1.0298 1.2169 12.39 
0.262 2 2 1 4.0 4.0 0.169 0.149 1.0298 1.2169 12.40 
0.263 2 2 1 4.0 4.0 0.143 0.160 1.0298 1.1474 12.40 
0.264 2 2 1 4.0 4.0 0.119 0.154 1.0298 1.2169 12.41 
0.265 2 2 1 4.0 4.0 0.194 0.122 1.0298 1.1812 12.40 
0.266 2 2 1 4.0 4.0 0.202 0.121 1.0298 1.1812 12.40 
0.267 2 2 1 4.0 4.0 0.165 0.119 1.0298 1.2169 12.39 
0.268 2 2 1 4.0 4.0 0.169 0.109 1.0298 1.1812 12.39 
0.269 2 2 1 4.0 4.0 0.192 0.139 1.0041 1.2169 12.41 
0.270 2 2 1 4.0 4.0 0.179 0.094 1.0298 1.2169 12.40 
0.271 2 2 1 4.0 4.0 0.252 0.145 1.0567 1.2169 12.39 
0.272 2 2 1 4.0 4.0 0.195 0.068 1.0567 1.1812 12.40 
0.273 2 2 1 4.0 4.0 0.157 0.161 1.0298 1.1812 12.40 
0.274 2 2 1 4.0 4.0 0.199 0.166 1.0852 1.2169 12.40 
0.275 2 2 1 4.0 4.0 0.150 0.187 1.0567 1.1812 12.41 
0.276 2 2 1 4.0 4.0 0.153 0.104 1.0567 1.2169 12.41 
0.277 2 2 1 4.0 4.0 0.191 0.164 1.0567 1.2169 12.41 
0.278 2 2 1 4.0 4.0 0.210 0.100 1.0567 1.2169 12.41 
0.279 2 2 1 4.0 4.0 0.176 0.123 1.0567 1.2169 12.41 
0.280 2 2 1 4.0 4.0 0.225 0.138 1.0567 1.2169 12.40 
0.281 2 2 1 4.0 4.0 0.180 0.098 1.0567 1.2169 12.39 
0.282 2 2 1 4.0 4.0 0.212 0.113 1.0567 1.2169 12.40 
0.283 2 2 1 4.0 4.0 0.164 0.130 1.0567 1.1812 12.41 
0.284 2 2 1 4.0 4.0 0.239 0.116 1.0298 1.1474 12.40 
0.285 2 2 1 4.0 4.0 0.183 0.135 1.0567 1.1812 12.41 
0.286 2 2 1 4.0 4.0 0.203 0.100 1.0567 1.2169 12.39 
0.287 2 2 1 4.0 4.0 0.157 0.086 1.0852 1.1812 12.41 
0.288 2 2 1 4.0 4.0 0.187 0.146 1.0298 1.2169 12.40 
0.289 2 2 1 4.0 4.0 0.165 0.083 1.0567 1.2551 12.39 
0.290 2 2 1 4.0 4.0 0.213 0.112 1.0567 1.2169 12.40 
0.291 2 2 1 4.0 4.0 0.166 0.136 1.0567 1.2169 12.41 
0.292 2 2 1 4.0 4.0 0.169 0.099 1.0567 1.2169 12.39 
0.293 2 2 1 4.0 4.0 0.180 0.090 1.0852 1.2551 12.41 
0.294 2 2 1 4.0 4.0 0.166 0.158 1.0567 1.2551 12.41 
0.295 2 2 1 4.0 4.0 0.149 0.089 1.0567 1.2169 12.40 
0.296 2 2 1 4.0 4.0 0.190 0.165 1.0567 1.1812 12.40 
0.297 2 2 1 4.0 4.0 0.194 0.089 1.0567 1.2169 12.41 
0.298 2 2 1 4.0 4.0 0.161 0.116 1.0567 1.1812 12.40 
0.299 2 2 1 4.0 4.0 0.222 0.073 1.0567 1.2169 12.40 
0.300 2 2 1 4.0 4.0 0.149 0.137 1.0567 1.2551 12.41 
0.301 2 2 1 4.0 4.0 0.191 0.098 1.0567 1.1812 12.41 
0.302 2 2 2 -4.0 -4.0 0.187 0.137 1.0852 1.2169 12.41 
0.303 2 2 2 -4.0 -4.0 -0.379 -0.143 1.0567 1.2169 12.37 
0.304 2 2 2 -4.0 -4.0 -1.074 -0.919 1.0041 1.1812 12.33 
0.305 2 2 2 -4.0 -4.0 -1.470 -1.328 1.0298 1.1474 12.29 
0.306 2 2 2 -4.0 -4.0 -1.383 -1.634 1.0041 1.1474 12.27 
0.307 2 2 2 -4.0 -4.0 -1.565 -1.874 0.8366 1.0567 12.25 
0.308 2 2 2 -4.0 -4.0 -1.735 -1.676 0.7872 0.8543 12.26 
0.309 2 2 2 -4.0 -4.0 -1.768 -1.691 0.7434 0.8924 12.27 
0.310 2 2 2 -4.0 -4.0 -1.548 -1.859 0.7044 0.8366 12.27 
0.311 2 2 2 -4.0 -4.0 -1.482 -1.882 0.6374 0.7872 12.28 
0.312 2 2 2 -4.0 -4.0 -1.492 -1.695 0.5820 0.7044 12.28 
0.313 2 2 2 -4.0 -4.0 -1.554 -1.583 0.5426 0.6374 12.29 
0.314 2 2 2 -4.0 -4.0 -1.555 -1.665 0.4016 0.5735 12.28 
0.315 2 2 2 -4.0 -4.0 -1.460 -1.719 0.3860 0.5354 12.29 
0.316 2 2 2 -4.0 -4.0 -1.428 -1.745 0.3462 0.4779 12.30 
0.317 2 2 2 -4.0 -4.0 -1.425 -1.659 0.2747 0.3860 12.27 
0.318 2 2 2 -4.0 -4.0 -1.338 -1.623 0.2590 0.3346 12.29 
0.319 2 2 2 -4.0 -4.0 -1.272 -1.449 0.2100 0.3346 12.32 
0.320 2 2 2 -4.0 -4.0 -1.251 -1.345 0.1434 0.2695 12.32 
0.321 2 2 2 -4.0 -4.0 -1.186 -1.287 0.1434 0.2345 12.29 
0.322 2 2 2 -4.0 -4.0 -1.198 -1.358 0.1434 0.1651 12.31 
0.323 2 2 2 -4.0 -4.0 -1.156 -1.327 0.1289 0.1651 12.31 
0.324 2 2 2 -4.0 -4.0 -1.136 -1.349 0.0976 0.1651 12.32 
0.325 2 2 2 -4.0 -4.0 -1.140 -1.273 -0.0843 0.1221 12.32 
0.326 2 2 2 -4.0 -4.0 -1.077 -1.260 -0.0843 0.0936 12.33 
0.327 2 2 2 -4.0 -4.0 -1.072 -1.180 -0.0843 -0.0799 12.31 
0.328 2 2 2 -4.0 -4.0 -0.875 -1.220 -0.1390 -0.0799 12.33 
0.329 2 2 2 -4.0 -4.0 -0.824 -1.099 -0.1390 -0.0799 12.34 
0.330 2 2 2 -4.0 -4.0 -0.821 -1.089 -0.2265 -0.1611 12.35 
0.331 2 2 2 -4.0 -4.0 -0.779 -0.912 -0.2695 -0.2418 12.35 
0.332 2 2 2 -4.0 -4.0 -0.795 -0.929 -0.2695 -0.2418 12.34 
0.333 2 2 2 -4.0 -4.0 -0.762 -0.894 -0.2972 -0.2908 12.33 
0.334 2 2 2 -4.0 -4.0 -0.754 -0.958 -0.2888 -0.3088 12.34 
0.335 2 2 2 -4.0 -4.0 -0.742 -0.876 -0.3683 -0.3402 12.35 
0.336 2 2 2 -4.0 -4.0 -0.748 -0.869 -0.3651 -0.3715 12.35 
0.337 2 2 2 -4.0 -4.0 -0.761 -0.819 -0.3936 -0.3896 12.35 
0.338 2 2 2 -4.0 -4.0 -0.665 -0.756 -0.4137 -0.4097 12.36 
0.339 2 2 2 -4.0 -4.0 -0.710 -0.770 -0.4410 -0.4362 12.34 
0.340 2 2 2 -4.0 -4.0 -0.667 -0.809 -0.4562 -0.4562 12.34 
0.341 2 2 2 -4.0 -4.0 -0.652 -0.820 -0.4779 -0.4836 12.36 
0.342 2 2 2 -4.0 -4.0 -0.596 -0.706 -0.5020 -0.5354 12.37 
0.343 2 2 2 -4.0 -4.0 -0.576 -0.679 -0.4779 -0.5426 12.37 
0.344 2 2 2 -4.0 -4.0 -0.597 -0.632 -0.5213 -0.5655 12.37 
0.345 2 2 2 -4.0 -4.0 -0.493 -0.587 -0.5655 -0.5575 12.37 
0.346 2 2 2 -4.0 -4.0 -0.474 -0.585 -0.5575 -0.6374 12.38 
0.347 2 2 2 -4.0 -4.0 -0.469 -0.555 -0.5820 -0.6273 12.38 
0.348 2 2 2 -4.0 -4.0 -0.479 -0.607 -0.6085 -0.6177 12.38 
0.349 2 2 2 -4.0 -4.0 -0.478 -0.524 -0.6273 -0.6804 12.38 
0.350 2 2 2 -4.0 -4.0 -0.453 -0.579 -0.5992 -0.6474 12.39 
0.351 2 2 2 -4.0 -4.0 -0.436 -0.543 -0.6474 -0.7044 12.38 
0.352 2 2 2 -4.0 -4.0 -0.468 -0.545 -0.6474 -0.6804 12.37 
0.353 2 2 2 -4.0 -4.0 -0.425 -0.490 -0.6691 -0.6924 12.38 
0.354 2 2 2 -4.0 -4.0 -0.457 -0.462 -0.6924 -0.7302 12.38 
0.355 2 2 2 -4.0 -4.0 -0.406 -0.474 -0.7044 -0.7575 12.39 
0.356 2 2 2 -4.0 -4.0 -0.411 -0.440 -0.7169 -0.7575 12.39 
0.357 2 2 2 -4.0 -4.0 -0.390 -0.441 -0.6924 -0.7434 12.38 
0.358 2 2 2 -4.0 -4.0 -0.398 -0.410 -0.7302 -0.7872 12.38 
0.359 2 2 2 -4.0 -4.0 -0.440 -0.433 -0.7169 -0.7723 12.37 
0.360 2 2 2 -4.0 -4.0 -0.342 -0.418 -0.7575 -0.8193 12.38 
0.361 2 2 2 -4.0 -4.0 -0.316 -0.407 -0.7434 -0.8032 12.39 
0.362 2 2 2 -4.0 -4.0 -0.335 -0.361 -0.7723 -0.8366 12.39 
0.363 2 2 2 -4.0 -4.0 -0.299 -0.315 -0.7434 -0.8366 12.39 
0.364 2 2 2 -4.0 -4.0 -0.338 -0.362 -0.7872 -0.8543 12.39 
0.365 2 2 2 -4.0 -4.0 -0.320 -0.378 -0.7169 -0.8727 12.39 
0.366 2 2 2 -4.0 -4.0 -0.292 -0.356 -0.7723 -0.8727 12.39 
0.367 2 2 2 -4.0 -4.0 -0.350 -0.405 -0.7872 -0.8924 12.39 
0.368 2 2 2 -4.0 -4.0 -0.347 -0.364 -0.8366 -0.9125 12.39 
0.369 2 2 2 -4.0 -4.0 -0.362 -0.347 -0.8032 -0.9125 12.40 
0.370 2 2 2 -4.0 -4.0 -0.322 -0.281 -0.7723 -0.8924 12.40 
0.371 2 2 2 -4.0 -4.0 -0.335 -0.302 -0.8193 -0.9338 12.39 
0.372 2 2 2 -4.0 -4.0 -0.242 -0.313 -0.8193 -0.9125 12.39 
0.373 2 2 2 -4.0 -4.0 -0.279 -0.285 -0.8366 -0.8924 12.38 
0.374 2 2 2 -4.0 -4.0 -0.262 -0.267 -0.8543 -0.9559 12.40 
0.375 2 2 2 -4.0 -4.0 -0.278 -0.291 -0.8193 -0.9338 12.39 
0.376 2 2 2 -4.0 -4.0 -0.303 -0.261 -0.8543 -0.9559 12.40 
0.377 2 2 2 -4.0 -4.0 -0.283 -0.277 -0.8727 -1.0041 12.40 
0.378 2 2 2 -4.0 -4.0 -0.253 -0.277 -0.9125 -1.0041 12.39 
0.379 2 2 2 -4.0 -4.0 -0.269 -0.291 -0.9125 -1.0298 12.39 
0.380 2 2 2 -4.0 -4.0 -0.254 -0.217 -0.9125 -1.0041 12.39 
0.381 2 2 2 -4.0 -4.0 -0.253 -0.264 -0.9125 -1.0298 12.40 
0.382 2 2 2 -4.0 -4.0 -0.270 -0.274 -0.9125 -1.0041 12.40 
0.383 2 2 2 -4.0 -4.0 -0.228 -0.215 -0.9338 -1.0298 12.39 
0.384 2 2 2 -4.0 -4.0 -0.204 -0.222 -0.9125 -1.0298 12.39 
0.385 2 2 2 -4.0 -4.0 -0.233 -0.253 -0.9338 -1.0298 12.39 
0.386 2 2 2 -4.0 -4.0 -0.227 -0.248 -0.9338 -1.0298 12.39 
0.387 2 2 2 -4.0 -4.0 -0.243 -0.242 -0.9559 -1.0298 12.40 
0.388 2 2 2 -4.0 -4.0 -0.221 -0.263 -0.9559 -1.0567 12.40 
0.389 2 2 2 -4.0 -4.0 -0.267 -0.226 -0.9559 -1.0567 12.40 
0.390 2 2 2 -4.0 -4.0 -0.264 -0.229 -0.9796 -1.0298 12.40 
0.391 2 2 2 -4.0 -4.0 -0.269 -0.246 -0.9559 -1.0567 12.41 
0.392 2 2 2 -4.0 -4.0 -0.224 -0.261 -0.9338 -1.1153 12.40 
0.393 2 2 2 -4.0 -4.0 -0.220 -0.199 -0.9796 -1.0852 12.40 
0.394 2 2 2 -4.0 -4.0 -0.204 -0.274 -0.9796 -1.0852 12.40 
0.395 2 2 2 -4.0 -4.0 -0.189 -0.172 -0.9796 -1.1153 12.41 
0.396 2 2 2 -4.0 -4.0 -0.215 -0.204 -0.9559 -1.1474 12.40 
0.397 2 2 2 -4.0 -4.0 -0.244 -0.201 -0.9796 -1.0852 12.40 
0.398 2 2 2 -4.0 -4.0 -0.203 -0.218 -0.9796 -1.1153 12.40 
0.399 2 2 2 -4.0 -4.0 -0.206 -0.155 -1.0041 -1.0852 12.40 
0.400 2 2 2 -4.0 -4.0 -0.225 -0.241 -1.0041 -1.0852 12.40 
0.401 2 2 2 -4.0 -4.0 -0.205 -0.176 -0.9796 -1.1153 12.40 
0.402 2 2 2 -4.0 -4.0 -0.185 -0.215 -1.0041 -1.1153 12.40 
0.403 2 2 2 -4.0 -4.0 -0.200 -0.193 -0.9796 -1.1153 12.40 
0.404 2 2 2 -4.0 -4.0 -0.192 -0.191 -1.0041 -1.1153 12.40 
0.405 2 2 2 -4.0 -4.0 -0.151 -0.140 -1.0041 -1.1153 12.39 
0.406 2 2 2 -4.0 -4.0 -0.178 -0.180 -1.0041 -1.1474 12.40 
0.407 2 2 2 -4.0 -4.0 -0.169 -0.173 -1.0298 -1.1474 12.40 
0.408 2 2 2 -4.0 -4.0 -0.170 -0.155 -1.0041 -1.1153 12.40 
0.409 2 2 2 -4.0 -4.0 -0.188 -0.184 -1.0298 -1.1153 12.40 
0.410 2 2 2 -4.0 -4.0 -0.227 -0.162 -1.0298 -1.1812 12.39 
0.411 2 2 2 -4.0 -4.0 -0.201 -0.182 -1.0298 -1.1812 12.40 
0.412 2 2 2 -4.0 -4.0 -0.183 -0.192 -0.9796 -1.1474 12.40 
0.413 2 2 2 -4.0 -4.0 -0.141 -0.170 -1.0298 -1.1812 12.40 
0.414 2 2 2 -4.0 -4.0 -0.191 -0.164 -1.0298 -1.2169 12.40 
0.415 2 2 2 -4.0 -4.0 -0.141 -0.202 -1.0298 -1.1474 12.40 
0.416 2 2 2 -4.0 -4.0 -0.198 -0.147 -1.0041 -1.1474 12.40 
0.417 2 2 2 -4.0 -4.0 -0.176 -0.233 -1.0298 -1.1812 12.40 
0.418 2 2 2 -4.0 -4.0 -0.197 -0.179 -1.0298 -1.1474 12.40 
0.419 2 2 2 -4.0 -4.0 -0.151 -0.155 -1.0298 -1.1812 12.41 
0.420 2 2 2 -4.0 -4.0 -0.225 -0.135 -1.0298 -1.1812 12.40 
0.421 2 2 2 -4.0 -4.0 -0.177 -0.152 -1.0567 -1.1812 12.40 
0.422 2 2 2 -4.0 -4.0 -0.209 -0.089 -1.0567 -1.1812 12.40 
0.423 2 2 2 -4.0 -4.0 -0.173 -0.205 -1.0567 -1.1812 12.40 
0.424 2 2 2 -4.0 -4.0 -0.156 -0.134 -1.0298 -1.2169 12.40 
0.425 2 2 2 -4.0 -4.0 -0.159 -0.114 -1.0567 -1.1812 12.40 
0.426 2 2 2 -4.0 -4.0 -0.148 -0.137 -1.0567 -1.1812 12.40 
0.427 2 2 2 -4.0 -4.0 -0.170 -0.136 -1.0298 -1.2169 12.40 
0.428 2 2 2 -4.0 -4.0 -0.120 -0.156 -1.0298 -1.2169 12.40 
0.429 2 2 2 -4.0 -4.0 -0.227 -0.181 -1.0567 -1.1812 12.40 
0.430 2 2 2 -4.0 -4.0 -0.163 -0.139 -1.0567 -1.2169 12.40 
0.431 2 2 2 -4.0 -4.0 -0.188 -0.142 -1.0298 -1.2551 12.39 
0.432 2 2 2 -4.0 -4.0 -0.151 -0.178 -1.0852 -1.2169 12.41 
0.433 2 2 2 -4.0 -4.0 -0.186 -0.121 -1.0567 -1.2169 12.40 
0.434 2 2 2 -4.0 -4.0 -0.084 -0.203 -1.0567 -1.2551 12.40 
0.435 2 2 2 -4.0 -4.0 -0.209 -0.150 -1.0298 -1.2169 12.39 
0.436 2 2 2 -4.0 -4.0 -0.189 -0.126 -1.0852 -1.2169 12.39 
0.437 2 2 2 -4.0 -4.0 -0.170 -0.132 -1.0567 -1.2169 12.39 
0.438 2 2 2 -4.0 -4.0 -0.145 -0.192 -1.0567 -1.2169 12.40 
0.439 2 2 2 -4.0 -4.0 -0.194 -0.116 -1.0852 -1.2169 12.40 
0.440 2 2 2 -4.0 -4.0 -0.129 -0.211 -1.0852 -1.2551 12.40 
0.441 2 2 2 -4.0 -4.0 -0.178 -0.098 -1.0567 -1.2551 12.40 
0.442 2 2 2 -4.0 -4.0 -0.144 -0.148 -1.0852 -1.2551 12.39 
0.443 2 2 2 -4.0 -4.0 -0.168 -0.151 -1.0852 -1.2169 12.40 
0.444 2 2 2 -4.0 -4.0 -0.155 -0.097 -1.0852 -1.2169 12.40 
0.445 2 2 2 -4.0 -4.0 -0.154 -0.162 -1.0852 -1.2551 12.40 
0.446 2 2 2 -4.0 -4.0 -0.116 -0.158 -1.0852 -1.2551 12.40 
0.447 2 2 2 -4.0 -4.0 -0.159 -0.173 -1.0852 -1.2952 12.40 
0.448 2 2 2 -4.0 -4.0 -0.182 -0.152 -1.0852 -1.2169 12.39 
0.449 2 2 2 -4.0 -4.0 -0.166 -0.189 -1.0567 -1.2551 12.39 
0.450 2 2 2 -4.0 -4.0 -0.151 -0.112 -1.0567 -1.2551 12.38 
0.451 2 2 2 -4.0 -4.0 -0.145 -0.155 -1.0298 -1.2169 12.40 
0.452 2 2 2 -4.0 -4.0 -0.191 -0.090 -1.0852 -1.2551 12.40 
0.453 2 2 3 0.0 0.0 -0.113 -0.135 -1.0852 -1.2551 12.39 
0.454 2 2 3 0.0 0.0 0.125 -0.040 -1.0852 -1.2551 12.41 
0.455 2 2 3 0.0 0.0 0.465 0.410 -1.0567 -1.2551 12.42 
0.456 2 2 3 0.0 0.0 0.696 0.617 -1.0567 -1.2169 12.42 
0.457 2 2 3 0.0 0.0 0.564 0.795 -1.0298 -1.2169 12.42 
0.458 2 2 3 0.0 0.0 0.656 0.971 -1.0041 -1.1153 12.42 
0.459 2 2 3 0.0 0.0 0.748 0.861 -0.9796 -1.1474 12.41 
0.460 2 2 3 0.0 0.0 0.777 0.861 -0.9338 -1.1153 12.42 
0.461 2 2 3 0.0 0.0 0.598 0.940 -0.9125 -1.0567 12.42 
0.462 2 2 3 0.0 0.0 0.629 0.810 -0.8543 -0.9559 12.41 
0.463 2 2 3 0.0 0.0 0.706 0.787 -0.8366 -0.9559 12.42 
0.464 2 2 3 0.0 0.0 0.609 0.866 -0.7575 -0.9338 12.42 
0.465 2 2 3 0.0 0.0 0.511 0.909 -0.7723 -0.9338 12.42 
0.466 2 2 3 0.0 0.0 0.544 0.739 -0.7434 -0.8924 12.42 
0.467 2 2 3 0.0 0.0 0.588 0.720 -0.7169 -0.7872 12.42 
0.468 2 2 3 0.0 0.0 0.616 0.773 -0.6924 -0.7872 12.42 
0.469 2 2 3 0.0 0.0 0.446 0.804 -0.6804 -0.7169 12.42 
0.470 2 2 3 0.0 0.0 0.443 0.660 -0.6691 -0.7302 12.42 
0.471 2 2 3 0.0 0.0 0.514 0.638 -0.6273 -0.6804 12.42 
0.472 2 2 3 0.0 0.0 0.556 0.670 -0.6177 -0.6924 12.42 
0.473 2 2 3 0.0 0.0 0.563 0.713 -0.5498 -0.6691 12.42 
0.474 2 2 3 0.0 0.0 0.446 0.618 -0.5575 -0.6177 12.43 
0.475 2 2 3 0.0 0.0 0.324 0.463 -0.5575 -0.6177 12.43 
0.476 2 2 3 0.0 0.0 0.339 0.492 -0.5281 -0.5820 12.42 
0.477 2 2 3 0.0 0.0 0.377 0.542 -0.5081 -0.5655 12.42 
0.478 2 2 3 0.0 0.0 0.406 0.581 -0.5020 -0.5498 12.42 
0.479 2 2 3 0.0 0.0 0.389 0.587 -0.4836 -0.5149 12.42 
0.480 2 2 3 0.0 0.0 0.382 0.573 -0.4723 -0.4956 12.42 
0.481 2 2 3 0.0 0.0 0.274 0.448 -0.3896 -0.4896 12.42 
0.482 2 2 3 0.0 0.0 0.279 0.423 -0.4137 -0.4667 12.42 
0.483 2 2 3 0.0 0.0 0.277 0.446 -0.4225 -0.4723 12.42 
0.484 2 2 3 0.0 0.0 0.327 0.450 -0.4181 -0.4410 12.41 
0.485 2 2 3 0.0 0.0 0.328 0.473 -0.3582 -0.4225 12.42 
0.486 2 2 3 0.0 0.0 0.340 0.470 -0.3715 -0.3787 12.42 
0.487 2 2 3 0.0 0.0 0.322 0.435 -0.3317 -0.3265 12.42 
0.488 2 2 3 0.0 0.0 0.302 0.420 -0.3374 -0.3346 12.42 
0.489 2 2 3 0.0 0.0 0.230 0.285 -0.3374 -0.3787 12.42 
0.490 2 2 3 0.0 0.0 0.184 0.280 -0.2996 -0.3787 12.43 
0.491 2 2 3 0.0 0.0 0.196 0.278 -0.3113 -0.3161 12.42 
0.492 2 2 3 0.0 0.0 0.197 0.282 -0.2848 -0.2731 12.42 
0.493 2 2 3 0.0 0.0 0.191 0.323 -0.2848 -0.2731 12.43 
0.494 2 2 3 0.0 0.0 0.210 0.312 -0.2827 -0.2711 12.42 
0.495 2 2 3 0.0 0.0 0.219 0.313 -0.2538 -0.3113 12.42 
0.496 2 2 3 0.0 0.0 0.209 0.302 -0.2390 -0.2590 12.42 
0.497 2 2 3 0.0 0.0 0.195 0.298 -0.2462 -0.2390 12.42 
0.498 2 2 3 0.0 0.0 0.216 0.272 -0.2462 -0.2145 12.42 
0.499 2 2 3 0.0 0.0 0.178 0.242 -0.2253 -0.1976 12.42 
0.500 2 2 3 0.0 0.0 0.184 0.216 -0.2253 -0.1976 12.42 
0.501 2 2 3 0.0 0.0 0.176 0.183 -0.2169 -0.1968 12.42 
0.502 2 2 3 0.0 0.0 0.170 0.163 -0.2169 -0.1968 12.42 
0.503 2 2 3 0.0 0.0 0.153 0.186 -0.1856 -0.2028 12.42 
0.504 2 2 3 0.0 0.0 0.105 0.177 -0.1856 -0.2028 12.42 
0.505 2 2 3 0.0 0.0 0.077 0.178 -0.1920 -0.1687 12.42 
0.506 2 2 3 0.0 0.0 0.072 0.179 -0.1920 -0.1687 12.43 
0.507 2 2 3 0.0 0.0 0.094 0.176 -0.1723 -0.1643 12.42 
0.508 2 2 3 0.0 0.0 0.099 0.180 -0.1723 -0.1309 12.42 
0.509 2 2 3 0.0 0.0 0.097 0.168 -0.1723 -0.1309 12.42 
0.510 2 2 3 0.0 0.0 0.104 0.141 -0.1550 -0.1309 12.42 
0.511 2 2 3 0.0 0.0 0.109 0.155 -0.1550 -0.1185 12.42 
0.512 2 2 3 0.0 0.0 0.117 0.148 -0.1550 -0.1133 12.42 
0.513 2 2 3 0.0 0.0 0.104 0.128 -0.1177 -0.1133 12.42 
0.514 2 2 3 0.0 0.0 0.095 0.123 -0.1177 -0.1133 12.42 
0.515 2 2 3 0.0 0.0 0.107 0.116 -0.1177 -0.1044 12.43 
0.516 2 2 3 0.0 0.0 0.092 0.115 -0.1177 -0.0932 12.43 
0.517 2 2 3 0.0 0.0 0.077 0.091 -0.1048 -0.0932 12.42 
0.518 2 2 3 0.0 0.0 0.074 0.099 -0.1048 -0.0932 12.42 
0.519 2 2 3 0.0 0.0 0.066 0.098 -0.1048 -0.0932 12.42 
0.520 2 2 3 0.0 0.0 0.052 0.086 -0.1048 -0.0884 12.41 
0.521 2 2 3 0.0 0.0 0.041 0.094 -0.0944 -0.0723 12.42 
0.522 2 2 3 0.0 0.0 0.037 0.083 -0.0819 -0.0614 12.43 
0.523 2 2 3 0.0 0.0 0.024 0.072 -0.0819 -0.0586 12.43 
0.524 2 2 3 0.0 0.0 0.047 0.058 -0.0819 -0.0586 12.43 
0.525 2 2 3 0.0 0.0 0.056 0.048 -0.0819 -0.0586 12.42 
0.526 2 2 3 0.0 0.0 0.045 0.047 -0.0819 -0.0586 12.42 
0.527 2 2 3 0.0 0.0 0.058 0.053 -0.0751 -0.0586 12.43 
0.528 2 2 3 0.0 0.0 0.072 0.041 -0.0691 -0.0586 12.43 
0.529 2 2 3 0.0 0.0 0.062 0.038 -0.0691 -0.0586 12.42 
0.530 2 2 3 0.0 0.0 0.055 0.033 -0.0691 -0.0522 12.42 
0.531 2 2 3 0.0 0.0 0.063 0.043 -0.0691 -0.0462 12.42 
0.532 2 2 3 0.0 0.0 0.057 0.035 -0.0691 -0.0422 12.42 
0.533 2 2 3 0.0 0.0 0.035 0.043 -0.0691 -0.0422 12.42 
0.534 2 2 3 0.0 0.0 0.046 0.050 -0.0614 -0.0422 12.42 
0.535 2 2 3 0.0 0.0 0.038 0.034 -0.0530 -0.0422 12.42 
0.536 2 2 3 0.0 0.0 0.031 0.026 -0.0490 -0.0422 12.42 
0.537 2 2 3 0.0 0.0 0.046 0.047 -0.0490 -0.0422 12.42 
0.538 2 2 3 0.0 0.0 0.033 0.029 -0.0490 -0.0422 12.42 
0.539 2 2 3 0.0 0.0 0.053 0.046 -0.0490 -0.0422 12.42 
0.540 2 2 3 0.0 0.0 0.039 0.054 -0.0490 -0.0422 12.43 
0.541 2 2 3 0.0 0.0 0.029 0.040 -0.0490 -0.0422 12.42 
0.542 2 2 3 0.0 0.0 0.015 0.046 -0.0490 -0.0390 12.41 
0.543 2 2 3 0.0 0.0 0.015 0.035 -0.0490 -0.0353 12.42 
0.544 2 2 3 0.0 0.0 0.036 0.036 -0.0478 -0.0341 12.42 
0.545 2 2 3 0.0 0.0 0.042 0.041 -0.0426 -0.0341 12.41 
0.546 2 2 3 0.0 0.0 0.020 0.037 -0.0390 -0.0341 12.42 
0.547 2 2 3 0.0 0.0 0.033 0.030 -0.0390 -0.0341 12.42 
0.548 2 2 3 0.0 0.0 0.014 0.013 -0.0390 -0.0341 12.42 
0.549 2 2 3 0.0 0.0 0.001 0.026 -0.0390 -0.0341 12.42 
0.550 2 2 3 0.0 0.0 -0.003 0.043 -0.0390 -0.0341 12.42 
0.551 2 2 3 0.0 0.0 -0.000 0.024 -0.0390 -0.0341 12.42 
0.552 2 2 3 0.0 0.0 0.013 0.039 -0.0390 -0.0341 12.42 
0.553 2 2 3 0.0 0.0 0.002 0.008 -0.0390 -0.0341 12.42 
0.554 2 2 3 0.0 0.0 0.008 0.011 -0.0390 -0.0341 12.42 
0.555 2 2 3 0.0 0.0 -0.001 0.013 -0.0390 -0.0341 12.43 
0.556 2 2 3 0.0 0.0 0.006 0.012 -0.0390 -0.0317 12.42 
0.557 2 2 3 0.0 0.0 -0.002 0.012 -0.0361 -0.0293 12.43 
0.558 2 2 3 0.0 0.0 -0.005 0.031 -0.0329 -0.0285 12.42 
0.559 2 2 3 0.0 0.0 -0.009 0.005 -0.0305 -0.0285 12.42 
0.560 2 2 3 0.0 0.0 0.006 0.020 -0.0281 -0.0285 12.42 
0.561 2 2 3 0.0 0.0 0.007 0.005 -0.0265 -0.0285 12.42 
0.562 2 2 3 0.0 0.0 -0.000 0.005 -0.0249 -0.0285 12.42 
0.563 2 2 3 0.0 0.0 -0.003 -0.001 -0.0233 -0.0285 12.42 
0.564 2 2 3 0.0 0.0 0.005 0.008 -0.0221 -0.0285 12.42 
0.565 2 2 3 0.0 0.0 -0.000 0.004 -0.0209 -0.0285 12.42 
0.566 2 2 3 0.0 0.0 0.002 0.007 -0.0197 -0.0285 12.42 
0.567 2 2 3 0.0 0.0 0.004 0.011 -0.0189 -0.0285 12.42 
0.568 2 2 3 0.0 0.0 0.005 -0.004 -0.0181 -0.0285 12.43 
0.569 2 2 3 0.0 0.0 0.006 0.001 -0.0173 -0.0285 12.42 
0.570 2 2 3 0.0 0.0 -0.006 -0.002 0.0165 -0.0285 12.42 
0.571 2 2 3 0.0 0.0 -0.007 -0.003 0.0165 -0.0285 12.42 
0.572 2 2 3 0.0 0.0 0.003 -0.011 0.0165 -0.0273 12.42 
0.573 2 2 3 0.0 0.0 0.012 -0.000 0.0165 -0.0257 12.42 
0.574 2 2 3 0.0 0.0 -0.010 -0.009 0.0165 -0.0241 12.42 
0.575 2 2 3 0.0 0.0 -0.008 0.001 0.0165 0.0241 12.42 
0.576 2 2 3 0.0 0.0 0.005 -0.007 0.0165 0.0241 12.42 
0.577 2 2 3 0.0 0.0 0.007 -0.002 0.0165 0.0241 12.43 
0.578 2 2 3 0.0 0.0 0.009 0.007 0.0165 0.0241 12.42 
0.579 2 2 3 0.0 0.0 -0.010 0.005 0.0165 0.0241 12.42 
0.580 2 2 3 0.0 0.0 -0.002 0.001 0.0165 0.0241 12.42 
0.581 2 2 3 0.0 0.0 -0.007 -0.014 0.0165 0.0241 12.42 
0.582 2 2 3 0.0 0.0 0.006 -0.002 0.0165 0.0241 12.42 
0.583 2 2 3 0.0 0.0 -0.004 0.002 0.0165 0.0241 12.42 
0.584 2 2 3 0.0 0.0 -0.002 -0.004 0.0165 0.0241 12.42 
0.585 2 2 3 0.0 0.0 0.005 -0.007 0.0165 0.0241 12.43 
0.586 2 2 3 0.0 0.0 0.005 -0.000 0.0165 0.0241 12.43 
0.587 2 2 3 0.0 0.0 0.006 -0.017 0.0165 0.0241 12.43 
0.588 2 2 3 0.0 0.0 0.005 -0.005 0.0165 0.0241 12.42 
0.589 2 2 3 0.0 0.0 -0.013 0.014 0.0165 0.0241 12.42 
0.590 2 2 3 0.0 0.0 0.001 0.006 0.0165 0.0241 12.42 
0.591 2 2 3 0.0 0.0 -0.000 0.008 0.0165 0.0237 12.42 
0.592 2 2 3 0.0 0.0 0.003 0.008 0.0165 0.0221 12.42 
0.593 2 2 3 0.0 0.0 -0.007 -0.003 0.0165 0.0209 12.42 
0.594 2 2 3 0.0 0.0 0.008 -0.000 0.0165 0.0201 12.42 
0.595 2 2 3 0.0 0.0 0.009 0.005 0.0157 0.0189 12.42 
0.596 2 2 3 0.0 0.0 0.014 0.015 0.0153 0.0181 12.42 
0.597 2 2 3 0.0 0.0 0.010 0.009 0.0145 0.0173 12.42 
0.598 2 2 3 0.0 0.0 0.001 0.005 0.0141 0.0165 12.43 
0.599 2 2 3 0.0 0.0 -0.004 0.002 0.0137 0.0161 12.42 
0.600 2 2 3 0.0 0.0 0.005 0.003 0.0133 0.0153 12.42 
0.601 2 2 3 0.0 0.0 -0.010 0.005 0.0129 0.0149 12.42 
0.602 2 2 3 0.0 0.0 -0.006 -0.010 0.0125 0.0141 12.42 
0.603 2 2 3 0.0 0.0 -0.010 0.007 0.0120 0.0137 12.43 
0.604 2 2 3 0.0 0.0 0.015 0.010 0.0116 0.0133 12.42 
0.605 2 2 3 0.0 0.0 0.016 -0.004 0.0112 0.0129 12.42 
0.606 2 2 3 0.0 0.0 -0.007 0.026 0.0108 0.0125 12.42 
0.607 2 2 3 0.0 0.0 -0.013 0.015 0.0104 0.0120 12.42 
0.608 2 2 3 0.0 0.0 0.004 0.024 0.0104 0.0116 12.42 
0.609 2 2 3 0.0 0.0 0.010 0.012 0.0100 0.0112 12.42 
0.610 2 2 3 0.0 0.0 -0.009 0.008 0.0096 0.0108 12.42 
0.611 2 2 3 0.0 0.0 0.007 -0.001 0.0096 0.0108 12.43 
0.612 2 2 3 0.0 0.0 0.005 -0.010 0.0092 0.0104 12.42 
0.613 2 2 3 0.0 0.0 -0.018 -0.000 0.0092 0.0100 12.42 
0.614 2 2 3 0.0 0.0 -0.018 0.004 0.0088 0.0100 12.42 
0.615 2 2 3 0.0 0.0 -0.003 -0.008 0.0088 0.0096 12.42 
0.616 2 2 3 0.0 0.0 0.006 0.004 0.0084 0.0092 12.42 
0.617 2 2 3 0.0 0.0 0.004 -0.000 0.0084 0.0092 12.43 
0.618 2 2 3 0.0 0.0 0.005 0.005 0.0080 0.0088 12.42 
0.619 2 2 3 0.0 0.0 0.010 0.007 0.0080 0.0088 12.43 
0.620 2 2 3 0.0 0.0 0.007 0.003 0.0076 0.0084 12.42 
0.621 2 2 3 0.0 0.0 -0.002 0.005 0.0076 0.0084 12.43 
0.622 2 2 3 0.0 0.0 -0.004 0.001 0.0076 0.0080 12.43 
0.623 2 2 3 0.0 0.0 -0.003 0.004 0.0072 0.0080 12.43 
0.624 2 2 3 0.0 0.0 0.009 0.003 0.0072 0.0080 12.42 
0.625 2 2 3 0.0 0.0 -0.010 0.010 0.0072 0.0076 12.43 
0.626 2 2 3 0.0 0.0 0.009 -0.002 0.0068 0.0076 12.43 
0.627 2 2 3 0.0 0.0 0.016 -0.018 0.0068 0.0072 12.42 
0.628 2 2 3 0.0 0.0 0.004 -0.007 0.0068 0.0072 12.42 
0.629 2 2 3 0.0 0.0 0.001 0.005 0.0064 0.0072 12.42 
0.630 2 2 3 0.0 0.0 0.008 0.017 0.0064 0.0068 12.42 
0.631 2 2 3 0.0 0.0 0.012 0.016 0.0064 0.0068 12.42 
0.632 2 2 3 0.0 0.0 0.009 0.012 0.0064 0.0068 12.43 
0.633 2 2 3 0.0 0.0 0.014 0.036 0.0060 0.0064 12.42 
0.634 2 2 3 0.0 0.0 -0.009 0.012 0.0060 0.0064 12.42 
0.635 2 2 3 0.0 0.0 -0.018 0.009 0.0060 0.0064 12.42 
0.636 2 2 3 0.0 0.0 -0.013 -0.009 0.0060 0.0064 12.42 
0.637 2 2 3 0.0 0.0 0.002 0.001 0.0056 0.0060 12.43 
0.638 2 2 3 0.0 0.0 -0.007 0.001 0.0056 0.0060 12.43 
0.639 2 2 3 0.0 0.0 -0.002 -0.007 0.0056 0.0060 12.43 
0.640 2 2 3 0.0 0.0 -0.012 0.010 0.0056 0.0060 12.43 
0.641 2 2 3 0.0 0.0 0.003 -0.003 0.0056 0.0056 12.42 
0.642 2 2 3 0.0 0.0 -0.000 0.019 0.0052 0.0056 12.42 
0.643 2 2 3 0.0 0.0 -0.007 0.012 0.0052 0.0056 12.43 
0.644 2 2 3 0.0 0.0 0.001 0.010 0.0052 0.0056 12.42 
0.645 2 2 3 0.0 0.0 -0.004 0.012 0.0052 0.0056 12.43 
0.646 2 2 3 0.0 0.0 0.009 -0.003 0.0052 0.0052 12.42 
0.647 2 2 3 0.0 0.0 0.002 0.001 0.0048 0.0052 12.41 
0.648 2 2 3 0.0 0.0 0.012 0.008 0.0048 0.0052 12.42 
0.649 2 2 3 0.0 0.0 0.006 0.006 0.0048 0.0052 12.42 
0.650 2 2 3 0.0 0.0 0.016 -0.003 0.0048 0.0052 12.42 
0.651 2 2 3 0.0 0.0 0.018 -0.018 0.0048 0.0052 12.43 
0.652 2 2 3 0.0 0.0 0.001 0.006 0.0048 0.0048 12.42 
0.653 2 2 3 0.0 0.0 -0.009 0.006 0.0048 0.0048 12.43 
0.654 2 2 3 0.0 0.0 -0.003 -0.003 0.0044 0.0048 12.43 
0.655 2 2 3 0.0 0.0 -0.010 0.002 0.0044 0.0048 12.42 
0.656 2 2 3 0.0 0.0 0.012 -0.005 0.0044 0.0048 12.42 
0.657 2 2 3 0.0 0.0 0.006 0.011 0.0044 0.0048 12.42 
0.658 2 2 3 0.0 0.0 0.005 0.015 0.0044 0.0044 12.42 
0.659 2 2 3 0.0 0.0 0.013 0.002 0.0044 0.0044 12.42 
0.660 2 2 3 0.0 0.0 0.010 -0.007 0.0044 0.0044 12.42 
0.661 2 2 3 0.0 0.0 -0.003 -0.003 0.0040 0.0044 12.42 
0.662 2 2 3 0.0 0.0 0.002 -0.012 0.0040 0.0044 12.42 
0.663 2 2 3 0.0 0.0 -0.003 0.003 0.0040 0.0044 12.42 
0.664 2 2 3 0.0 0.0 -0.009 -0.002 0.0040 0.0044 12.42 
0.665 2 2 3 0.0 0.0 -0.003 -0.007 0.0040 0.0044 12.42 
