%% logfile from robot Emma (1)
% Emma (1)
%  1    time 0.000 sec
%  2  3  4   (mission 0), state 2, thread 2, line 0
%  5  6 Motor voltage [V] left, right: 2.0 2.0
%  7  8 Motor current left, right [A]: 0.090 0.094
%  9 10 Wheel velocity [m/s] left, right: -0.0000 -0.0000
% 11    Battery voltage [V]: 11.01
0.001 2 2 0 2.0 2.0 0.005 -0.009 -0.0000 -0.0000 11.01 
0.002 2 2 0 2.0 2.0 0.184 0.124 -0.0000 0.0000 11.00 
0.003 2 2 0 2.0 2.0 0.357 0.280 -0.0000 0.0000 11.01 
0.004 2 2 0 2.0 2.0 0.469 0.385 -0.0000 0.0000 11.01 
0.005 2 2 0 2.0 2.0 0.531 0.423 0.0000 0.0000 11.01 
0.006 2 2 0 2.0 2.0 0.549 0.429 0.0000 0.0000 11.00 
0.007 2 2 0 2.0 2.0 0.570 0.444 0.0000 0.0000 11.00 
0.008 2 2 0 2.0 2.0 0.574 0.474 0.0000 0.0000 11.00 
0.009 2 2 0 2.0 2.0 0.583 0.478 0.0000 0.0000 11.00 
0.010 2 2 0 2.0 2.0 0.570 0.434 0.0743 0.0000 11.00 
0.011 2 2 0 2.0 2.0 0.529 0.412 0.0743 0.0486 11.00 
0.012 2 2 0 2.0 2.0 0.472 0.439 0.0743 0.0486 11.00 
0.013 2 2 0 2.0 2.0 0.468 0.433 0.1309 0.0486 11.00 
0.014 2 2 0 2.0 2.0 0.450 0.427 0.1309 0.0486 11.01 
0.015 2 2 0 2.0 2.0 0.430 0.425 0.1309 0.0988 11.00 
0.016 2 2 0 2.0 2.0 0.429 0.421 0.1574 0.0988 11.00 
0.017 2 2 0 2.0 2.0 0.414 0.397 0.1574 0.0988 11.00 
0.018 2 2 0 2.0 2.0 0.405 0.374 0.1912 0.1341 11.00 
0.019 2 2 0 2.0 2.0 0.398 0.379 0.1912 0.1341 11.00 
0.020 2 2 0 2.0 2.0 0.382 0.372 0.2113 0.1502 11.00 
0.021 2 2 0 2.0 2.0 0.367 0.355 0.2113 0.1502 11.00 
0.022 2 2 0 2.0 2.0 0.364 0.333 0.2293 0.1502 11.01 
0.023 2 2 0 2.0 2.0 0.376 0.331 0.2434 0.1815 11.00 
0.024 2 2 0 2.0 2.0 0.370 0.330 0.2434 0.1815 11.00 
0.025 2 2 0 2.0 2.0 0.362 0.315 0.2659 0.1968 11.00 
0.026 2 2 0 2.0 2.0 0.357 0.301 0.2767 0.2217 11.00 
0.027 2 2 0 2.0 2.0 0.345 0.312 0.2767 0.2217 11.00 
0.028 2 2 0 2.0 2.0 0.325 0.320 0.2868 0.2169 11.00 
0.029 2 2 0 2.0 2.0 0.336 0.319 0.2908 0.2169 11.00 
0.030 2 2 0 2.0 2.0 0.334 0.288 0.3113 0.2494 11.00 
0.031 2 2 0 2.0 2.0 0.325 0.258 0.3113 0.2510 11.01 
0.032 2 2 0 2.0 2.0 0.316 0.260 0.3161 0.2510 11.00 
0.033 2 2 0 2.0 2.0 0.308 0.258 0.3237 0.2639 11.00 
0.034 2 2 0 2.0 2.0 0.318 0.231 0.3213 0.2574 11.00 
0.035 2 2 0 2.0 2.0 0.328 0.236 0.3430 0.2434 11.00 
0.036 2 2 0 2.0 2.0 0.349 0.247 0.3651 0.2787 11.00 
0.037 2 2 0 2.0 2.0 0.317 0.256 0.3550 0.2767 11.00 
0.038 2 2 0 2.0 2.0 0.295 0.241 0.3550 0.2767 11.00 
0.039 2 2 0 2.0 2.0 0.275 0.259 0.3430 0.3064 11.00 
0.040 2 2 0 2.0 2.0 0.271 0.262 0.3715 0.2908 11.01 
0.041 2 2 0 2.0 2.0 0.244 0.259 0.3715 0.3185 11.01 
0.042 2 2 0 2.0 2.0 0.242 0.242 0.3823 0.3185 11.01 
0.043 2 2 0 2.0 2.0 0.233 0.248 0.3976 0.3040 11.00 
0.044 2 2 0 2.0 2.0 0.256 0.224 0.3896 0.3237 11.01 
0.045 2 2 0 2.0 2.0 0.245 0.236 0.4056 0.3016 11.00 
0.046 2 2 0 2.0 2.0 0.240 0.227 0.3976 0.3016 11.01 
0.047 2 2 0 2.0 2.0 0.248 0.217 0.4056 0.3289 11.00 
0.048 2 2 0 2.0 2.0 0.242 0.187 0.4056 0.3137 11.00 
0.049 2 2 0 2.0 2.0 0.227 0.197 0.3751 0.3462 11.00 
0.050 2 2 0 2.0 2.0 0.237 0.200 0.3976 0.3289 11.01 
0.051 2 2 0 2.0 2.0 0.232 0.216 0.4225 0.3522 11.00 
0.052 2 2 0 2.0 2.0 0.248 0.182 0.4269 0.3462 11.00 
0.053 2 2 0 2.0 2.0 0.269 0.159 0.4269 0.3185 11.00 
0.054 2 2 0 2.0 2.0 0.243 0.187 0.4462 0.3651 11.00 
0.055 2 2 0 2.0 2.0 0.222 0.186 0.4462 0.3490 11.00 
0.056 2 2 0 2.0 2.0 0.204 0.192 0.4462 0.3683 11.00 
0.057 2 2 0 2.0 2.0 0.199 0.174 0.4462 0.3237 11.00 
0.058 2 2 0 2.0 2.0 0.215 0.171 0.4462 0.3787 11.00 
0.059 2 2 0 2.0 2.0 0.215 0.169 0.4562 0.3374 11.00 
0.060 2 2 0 2.0 2.0 0.203 0.197 0.4667 0.3823 11.00 
0.061 2 2 0 2.0 2.0 0.206 0.197 0.4667 0.3976 11.00 
0.062 2 2 0 2.0 2.0 0.211 0.184 0.4667 0.3976 11.00 
0.063 2 2 0 2.0 2.0 0.201 0.163 0.4562 0.3936 11.00 
0.064 2 2 0 2.0 2.0 0.203 0.140 0.4562 0.3715 11.01 
0.065 2 2 0 2.0 2.0 0.198 0.128 0.4615 0.3896 11.01 
0.066 2 2 0 2.0 2.0 0.223 0.135 0.4667 0.3860 11.00 
0.067 2 2 0 2.0 2.0 0.218 0.144 0.4615 0.3976 11.00 
0.068 2 2 0 2.0 2.0 0.194 0.169 0.4615 0.3317 11.00 
0.069 2 2 0 2.0 2.0 0.187 0.162 0.4723 0.4016 11.00 
0.070 2 2 0 2.0 2.0 0.182 0.164 0.4723 0.4056 11.00 
0.071 2 2 0 2.0 2.0 0.163 0.156 0.4779 0.4097 11.00 
0.072 2 2 0 2.0 2.0 0.169 0.137 0.4779 0.3787 11.00 
0.073 2 2 0 2.0 2.0 0.179 0.127 0.4896 0.3936 11.00 
0.074 2 2 0 2.0 2.0 0.188 0.139 0.4896 0.4016 11.01 
0.075 2 2 0 2.0 2.0 0.177 0.143 0.4896 0.4097 11.01 
0.076 2 2 0 2.0 2.0 0.184 0.151 0.4956 0.4016 11.01 
0.077 2 2 0 2.0 2.0 0.174 0.147 0.5020 0.4097 11.01 
0.078 2 2 0 2.0 2.0 0.165 0.151 0.4956 0.4016 11.01 
0.079 2 2 0 2.0 2.0 0.176 0.129 0.5020 0.4137 11.00 
0.080 2 2 0 2.0 2.0 0.186 0.136 0.5149 0.4097 11.00 
0.081 2 2 0 2.0 2.0 0.171 0.124 0.5020 0.4181 11.01 
0.082 2 2 0 2.0 2.0 0.153 0.140 0.5149 0.4181 11.01 
0.083 2 2 0 2.0 2.0 0.149 0.136 0.5081 0.4269 11.00 
0.084 2 2 0 2.0 2.0 0.142 0.162 0.5149 0.4181 11.01 
0.085 2 2 0 2.0 2.0 0.158 0.141 0.5354 0.4225 11.01 
0.086 2 2 0 2.0 2.0 0.169 0.147 0.5498 0.4317 11.01 
0.087 2 2 0 2.0 2.0 0.180 0.132 0.5354 0.3936 11.01 
0.088 2 2 0 2.0 2.0 0.180 0.133 0.5354 0.4137 11.00 
0.089 2 2 0 2.0 2.0 0.158 0.103 0.5081 0.4137 11.01 
0.090 2 2 0 2.0 2.0 0.157 0.103 0.5213 0.4317 11.01 
0.091 2 2 0 2.0 2.0 0.158 0.125 0.5426 0.4225 11.01 
0.092 2 2 0 2.0 2.0 0.188 0.129 0.5354 0.4317 11.01 
0.093 2 2 0 2.0 2.0 0.173 0.154 0.5354 0.4269 11.01 
0.094 2 2 0 2.0 2.0 0.150 0.154 0.5426 0.4362 11.01 
0.095 2 2 0 2.0 2.0 0.144 0.155 0.5281 0.4269 11.01 
0.096 2 2 0 2.0 2.0 0.138 0.136 0.5281 0.4362 11.00 
0.097 2 2 0 2.0 2.0 0.142 0.128 0.5213 0.4269 11.00 
0.098 2 2 0 2.0 2.0 0.155 0.122 0.5354 0.4410 11.00 
0.099 2 2 0 2.0 2.0 0.166 0.149 0.5281 0.4410 11.00 
0.100 2 2 0 2.0 2.0 0.168 0.133 0.5281 0.4225 11.00 
0.101 2 2 0 2.0 2.0 0.164 0.128 0.5281 0.4410 11.00 
0.102 2 2 0 2.0 2.0 0.156 0.110 0.5281 0.4410 11.00 
0.103 2 2 0 2.0 2.0 0.150 0.100 0.5281 0.4462 11.01 
0.104 2 2 0 2.0 2.0 0.180 0.094 0.5281 0.4016 11.00 
0.105 2 2 0 2.0 2.0 0.169 0.113 0.5354 0.4317 11.01 
0.106 2 2 0 2.0 2.0 0.151 0.130 0.5281 0.4225 11.01 
0.107 2 2 0 2.0 2.0 0.136 0.136 0.5354 0.4410 11.00 
0.108 2 2 0 2.0 2.0 0.120 0.141 0.5426 0.4615 11.00 
0.109 2 2 0 2.0 2.0 0.134 0.127 0.5426 0.4362 11.00 
0.110 2 2 0 2.0 2.0 0.149 0.093 0.5498 0.4562 11.01 
0.111 2 2 0 2.0 2.0 0.145 0.098 0.5498 0.4510 11.00 
0.112 2 2 0 2.0 2.0 0.149 0.106 0.5498 0.4562 11.01 
0.113 2 2 0 2.0 2.0 0.127 0.104 0.5498 0.3823 11.01 
0.114 2 2 0 2.0 2.0 0.128 0.117 0.5498 0.4225 11.01 
0.115 2 2 0 2.0 2.0 0.127 0.109 0.5498 0.4462 11.01 
0.116 2 2 0 2.0 2.0 0.154 0.104 0.5655 0.4615 11.01 
0.117 2 2 0 2.0 2.0 0.164 0.117 0.5655 0.4462 11.01 
0.118 2 2 0 2.0 2.0 0.135 0.095 0.5575 0.4562 11.00 
0.119 2 2 0 2.0 2.0 0.117 0.095 0.5575 0.4667 11.01 
0.120 2 2 0 2.0 2.0 0.108 0.106 0.5735 0.4562 11.01 
0.121 2 2 0 2.0 2.0 0.118 0.124 0.5735 0.4667 11.01 
0.122 2 2 0 2.0 2.0 0.125 0.129 0.5904 0.4562 11.01 
0.123 2 2 0 2.0 2.0 0.134 0.123 0.5735 0.4667 11.01 
0.124 2 2 0 2.0 2.0 0.127 0.093 0.5735 0.4615 11.01 
0.125 2 2 0 2.0 2.0 0.105 0.083 0.5426 0.4667 11.01 
0.126 2 2 0 2.0 2.0 0.116 0.071 0.5735 0.4723 11.01 
0.127 2 2 0 2.0 2.0 0.151 0.097 0.5735 0.4562 11.01 
0.128 2 2 0 2.0 2.0 0.171 0.089 0.5655 0.4667 11.00 
0.129 2 2 0 2.0 2.0 0.155 0.111 0.5820 0.4667 11.00 
0.130 2 2 0 2.0 2.0 0.138 0.109 0.5735 0.4723 11.00 
0.131 2 2 0 2.0 2.0 0.128 0.094 0.5655 0.4510 11.00 
0.132 2 2 0 2.0 2.0 0.131 0.077 0.5575 0.4562 11.01 
0.133 2 2 0 2.0 2.0 0.142 0.069 0.5735 0.4667 11.00 
0.134 2 2 0 2.0 2.0 0.156 0.093 0.5655 0.4615 11.00 
0.135 2 2 0 2.0 2.0 0.144 0.102 0.5575 0.4723 11.00 
0.136 2 2 0 2.0 2.0 0.121 0.109 0.5498 0.4667 11.01 
0.137 2 2 0 2.0 2.0 0.115 0.095 0.5575 0.4779 11.01 
0.138 2 2 0 2.0 2.0 0.120 0.086 0.5655 0.4667 11.00 
0.139 2 2 0 2.0 2.0 0.152 0.071 0.5498 0.4510 11.00 
0.140 2 2 0 2.0 2.0 0.140 0.090 0.5575 0.4667 11.01 
0.141 2 2 0 2.0 2.0 0.131 0.102 0.5575 0.4562 11.01 
0.142 2 2 0 2.0 2.0 0.111 0.105 0.5575 0.4667 11.01 
0.143 2 2 0 2.0 2.0 0.107 0.107 0.5575 0.4462 11.00 
0.144 2 2 0 2.0 2.0 0.123 0.104 0.5575 0.4615 11.00 
0.145 2 2 0 2.0 2.0 0.134 0.090 0.5655 0.4667 11.00 
0.146 2 2 0 2.0 2.0 0.147 0.071 0.5655 0.4410 11.00 
0.147 2 2 0 2.0 2.0 0.136 0.087 0.5655 0.4615 11.01 
0.148 2 2 0 2.0 2.0 0.121 0.093 0.5655 0.4462 11.01 
0.149 2 2 0 2.0 2.0 0.112 0.106 0.5575 0.4615 11.01 
0.150 2 2 0 2.0 2.0 0.146 0.099 0.5655 0.4779 11.01 
0.151 2 2 0 2.0 2.0 0.164 0.098 0.5735 0.4836 11.00 
0.152 2 2 0 2.0 2.0 0.138 0.097 0.5575 0.4779 11.00 
0.153 2 2 0 2.0 2.0 0.125 0.098 0.5655 0.4723 11.01 
0.154 2 2 0 2.0 2.0 0.107 0.091 0.5735 0.4779 11.01 
0.155 2 2 0 2.0 2.0 0.117 0.102 0.5904 0.3976 11.01 
0.156 2 2 0 2.0 2.0 0.134 0.109 0.5992 0.4362 11.00 
0.157 2 2 0 2.0 2.0 0.142 0.113 0.5904 0.4615 11.00 
0.158 2 2 0 2.0 2.0 0.140 0.080 0.5904 0.4667 11.00 
0.159 2 2 0 2.0 2.0 0.119 0.069 0.5575 0.4723 11.01 
0.160 2 2 0 2.0 2.0 0.110 0.061 0.5904 0.4723 11.00 
0.161 2 2 0 2.0 2.0 0.131 0.056 0.5820 0.4836 11.00 
0.162 2 2 0 2.0 2.0 0.160 0.087 0.5820 0.4723 11.00 
0.163 2 2 0 2.0 2.0 0.136 0.103 0.5992 0.4615 11.00 
0.164 2 2 0 2.0 2.0 0.116 0.106 0.5904 0.4836 11.00 
0.165 2 2 0 2.0 2.0 0.108 0.092 0.5820 0.4779 11.00 
0.166 2 2 0 2.0 2.0 0.113 0.074 0.5735 0.4836 11.01 
0.167 2 2 0 2.0 2.0 0.130 0.081 0.5904 0.4779 11.00 
0.168 2 2 0 2.0 2.0 0.142 0.090 0.5820 0.4836 11.00 
0.169 2 2 0 2.0 2.0 0.142 0.107 0.5820 0.4836 11.01 
0.170 2 2 0 2.0 2.0 0.127 0.109 0.5735 0.4836 11.01 
0.171 2 2 0 2.0 2.0 0.113 0.106 0.5820 0.4896 11.00 
0.172 2 2 0 2.0 2.0 0.117 0.076 0.5820 0.4667 11.00 
0.173 2 2 0 2.0 2.0 0.127 0.068 0.5735 0.4779 11.01 
0.174 2 2 0 2.0 2.0 0.150 0.076 0.5655 0.4896 11.01 
0.175 2 2 0 2.0 2.0 0.123 0.084 0.5820 0.4779 11.01 
0.176 2 2 0 2.0 2.0 0.111 0.098 0.5820 0.4836 11.01 
0.177 2 2 0 2.0 2.0 0.113 0.100 0.5735 0.4779 11.00 
0.178 2 2 0 2.0 2.0 0.125 0.093 0.5735 0.4896 11.01 
0.179 2 2 0 2.0 2.0 0.142 0.090 0.5735 0.4779 11.00 
0.180 2 2 0 2.0 2.0 0.142 0.092 0.5735 0.4667 11.01 
0.181 2 2 0 2.0 2.0 0.125 0.079 0.5735 0.4836 11.01 
0.182 2 2 0 2.0 2.0 0.116 0.083 0.5735 0.4779 11.00 
0.183 2 2 0 2.0 2.0 0.116 0.093 0.5735 0.4836 11.00 
0.184 2 2 0 2.0 2.0 0.147 0.087 0.5820 0.4615 11.01 
0.185 2 2 0 2.0 2.0 0.128 0.067 0.5820 0.4779 11.01 
0.186 2 2 0 2.0 2.0 0.126 0.067 0.5735 0.4836 11.00 
0.187 2 2 0 2.0 2.0 0.113 0.076 0.5655 0.4562 11.00 
0.188 2 2 0 2.0 2.0 0.103 0.071 0.5992 0.4779 11.00 
0.189 2 2 0 2.0 2.0 0.108 0.090 0.5904 0.4615 11.00 
0.190 2 2 0 2.0 2.0 0.120 0.100 0.5904 0.4779 11.00 
0.191 2 2 0 2.0 2.0 0.142 0.105 0.5904 0.4956 11.01 
0.192 2 2 0 2.0 2.0 0.124 0.075 0.5575 0.4779 11.01 
0.193 2 2 0 2.0 2.0 0.119 0.079 0.5735 0.4836 11.01 
0.194 2 2 0 2.0 2.0 0.107 0.039 0.5992 0.4779 11.01 
0.195 2 2 0 2.0 2.0 0.146 0.067 0.5820 0.4896 11.01 
0.196 2 2 0 2.0 2.0 0.137 0.099 0.5820 0.3976 11.00 
0.197 2 2 0 2.0 2.0 0.126 0.104 0.5992 0.4667 11.00 
0.198 2 2 0 2.0 2.0 0.099 0.113 0.5904 0.4836 11.01 
0.199 2 2 0 2.0 2.0 0.107 0.089 0.5820 0.4723 11.01 
0.200 2 2 0 2.0 2.0 0.107 0.072 0.5820 0.4779 11.01 
0.201 2 2 1 4.0 4.0 0.133 0.080 0.5904 0.4779 11.01 
0.202 2 2 1 4.0 4.0 0.217 0.127 0.5904 0.4779 11.00 
0.203 2 2 1 4.0 4.0 0.383 0.321 0.5904 0.4896 10.99 
0.204 2 2 1 4.0 4.0 0.513 0.431 0.5992 0.4836 10.98 
0.205 2 2 1 4.0 4.0 0.578 0.516 0.6177 0.5020 10.98 
0.206 2 2 1 4.0 4.0 0.648 0.555 0.6177 0.5281 10.98 
0.207 2 2 1 4.0 4.0 0.587 0.593 0.6374 0.5354 10.98 
0.208 2 2 1 4.0 4.0 0.576 0.634 0.6583 0.5575 10.98 
0.209 2 2 1 4.0 4.0 0.569 0.656 0.6804 0.5735 10.98 
0.210 2 2 1 4.0 4.0 0.591 0.549 0.6924 0.5820 10.98 
0.211 2 2 1 4.0 4.0 0.564 0.518 0.7044 0.5820 10.98 
0.212 2 2 1 4.0 4.0 0.545 0.531 0.7044 0.5992 10.98 
0.213 2 2 1 4.0 4.0 0.547 0.528 0.7169 0.6273 10.98 
0.214 2 2 1 4.0 4.0 0.549 0.536 0.7169 0.6474 10.98 
0.215 2 2 1 4.0 4.0 0.582 0.491 0.7575 0.6474 10.98 
0.216 2 2 1 4.0 4.0 0.545 0.497 0.7434 0.6583 10.98 
0.217 2 2 1 4.0 4.0 0.504 0.499 0.7575 0.6583 10.98 
0.218 2 2 1 4.0 4.0 0.488 0.485 0.7872 0.6924 10.98 
0.219 2 2 1 4.0 4.0 0.498 0.486 0.8193 0.6924 10.97 
0.220 2 2 1 4.0 4.0 0.446 0.428 0.8193 0.7044 10.98 
0.221 2 2 1 4.0 4.0 0.447 0.406 0.7872 0.7044 10.97 
0.222 2 2 1 4.0 4.0 0.452 0.404 0.8366 0.6924 10.98 
0.223 2 2 1 4.0 4.0 0.485 0.401 0.8366 0.7169 10.98 
0.224 2 2 1 4.0 4.0 0.449 0.394 0.8543 0.7723 10.98 
0.225 2 2 1 4.0 4.0 0.438 0.385 0.8543 0.7723 10.98 
0.226 2 2 1 4.0 4.0 0.426 0.390 0.8543 0.7723 10.98 
0.227 2 2 1 4.0 4.0 0.412 0.375 0.8727 0.6691 10.98 
0.228 2 2 1 4.0 4.0 0.403 0.371 0.8924 0.7723 10.98 
0.229 2 2 1 4.0 4.0 0.386 0.354 0.8924 0.7723 10.99 
0.230 2 2 1 4.0 4.0 0.403 0.329 0.8924 0.7872 10.99 
0.231 2 2 1 4.0 4.0 0.399 0.315 0.8924 0.8032 10.99 
0.232 2 2 1 4.0 4.0 0.386 0.359 0.9125 0.8032 10.99 
0.233 2 2 1 4.0 4.0 0.367 0.339 0.9125 0.8193 10.99 
0.234 2 2 1 4.0 4.0 0.374 0.327 0.9125 0.8366 10.99 
0.235 2 2 1 4.0 4.0 0.361 0.330 0.9338 0.8366 10.99 
0.236 2 2 1 4.0 4.0 0.361 0.336 0.9338 0.8543 10.99 
0.237 2 2 1 4.0 4.0 0.355 0.311 0.9559 0.8366 10.99 
0.238 2 2 1 4.0 4.0 0.378 0.312 0.9796 0.8543 10.99 
0.239 2 2 1 4.0 4.0 0.344 0.322 0.9796 0.8727 10.99 
0.240 2 2 1 4.0 4.0 0.327 0.326 1.0041 0.9125 10.99 
0.241 2 2 1 4.0 4.0 0.321 0.321 1.0298 0.9125 10.99 
0.242 2 2 1 4.0 4.0 0.331 0.320 1.0298 0.9125 10.99 
0.243 2 2 1 4.0 4.0 0.325 0.323 1.0041 0.9338 10.99 
0.244 2 2 1 4.0 4.0 0.346 0.286 1.0041 0.8924 10.99 
0.245 2 2 1 4.0 4.0 0.336 0.248 1.0298 0.8543 10.99 
0.246 2 2 1 4.0 4.0 0.320 0.273 0.9796 0.9125 10.99 
0.247 2 2 1 4.0 4.0 0.318 0.286 1.0298 0.9338 10.99 
0.248 2 2 1 4.0 4.0 0.313 0.287 1.0298 0.9559 10.99 
0.249 2 2 1 4.0 4.0 0.307 0.270 1.0298 0.9559 10.99 
0.250 2 2 1 4.0 4.0 0.308 0.278 1.0298 0.8924 10.99 
0.251 2 2 1 4.0 4.0 0.317 0.264 1.0298 0.9338 10.99 
0.252 2 2 1 4.0 4.0 0.298 0.257 1.0298 0.9338 10.99 
0.253 2 2 1 4.0 4.0 0.283 0.245 1.0298 0.9796 10.99 
0.254 2 2 1 4.0 4.0 0.289 0.255 1.0298 0.9796 11.00 
0.255 2 2 1 4.0 4.0 0.286 0.241 1.0298 0.9796 10.99 
0.256 2 2 1 4.0 4.0 0.276 0.216 1.0298 1.0041 10.99 
0.257 2 2 1 4.0 4.0 0.313 0.230 1.0567 0.9796 10.99 
0.258 2 2 1 4.0 4.0 0.293 0.235 1.0567 0.9796 10.99 
0.259 2 2 1 4.0 4.0 0.278 0.224 1.0567 0.9796 11.00 
0.260 2 2 1 4.0 4.0 0.269 0.221 1.1153 1.0041 10.99 
0.261 2 2 1 4.0 4.0 0.271 0.222 1.0567 1.0041 10.99 
0.262 2 2 1 4.0 4.0 0.267 0.208 1.0852 1.0041 10.99 
0.263 2 2 1 4.0 4.0 0.274 0.198 1.1153 1.0041 11.00 
0.264 2 2 1 4.0 4.0 0.286 0.214 1.1153 0.9796 10.99 
0.265 2 2 1 4.0 4.0 0.265 0.208 1.1153 1.0298 11.00 
0.266 2 2 1 4.0 4.0 0.274 0.185 1.1153 1.0298 10.99 
0.267 2 2 1 4.0 4.0 0.271 0.212 1.1153 1.0567 11.00 
0.268 2 2 1 4.0 4.0 0.251 0.199 1.1153 1.0567 10.99 
0.269 2 2 1 4.0 4.0 0.268 0.188 1.0298 1.0567 10.99 
0.270 2 2 1 4.0 4.0 0.264 0.185 1.1153 1.0298 10.99 
0.271 2 2 1 4.0 4.0 0.238 0.206 1.1153 1.0298 10.99 
0.272 2 2 1 4.0 4.0 0.242 0.187 1.1153 1.0298 11.00 
0.273 2 2 1 4.0 4.0 0.245 0.197 1.1153 1.0567 11.00 
0.274 2 2 1 4.0 4.0 0.261 0.210 1.1153 1.0567 11.00 
0.275 2 2 1 4.0 4.0 0.271 0.196 1.1153 1.0567 11.00 
0.276 2 2 1 4.0 4.0 0.261 0.201 1.1153 1.0567 11.01 
0.277 2 2 1 4.0 4.0 0.239 0.226 1.1153 1.0567 10.99 
0.278 2 2 1 4.0 4.0 0.238 0.190 1.1812 1.0567 11.01 
0.279 2 2 1 4.0 4.0 0.232 0.174 1.1474 1.0852 11.00 
0.280 2 2 1 4.0 4.0 0.231 0.194 1.1474 1.0852 11.00 
0.281 2 2 1 4.0 4.0 0.264 0.183 1.1474 1.0852 11.00 
0.282 2 2 1 4.0 4.0 0.259 0.179 1.1474 1.0852 11.00 
0.283 2 2 1 4.0 4.0 0.237 0.189 1.1474 1.0567 11.00 
0.284 2 2 1 4.0 4.0 0.231 0.170 1.1474 1.0852 11.00 
0.285 2 2 1 4.0 4.0 0.255 0.159 1.1474 1.0852 11.00 
0.286 2 2 1 4.0 4.0 0.230 0.175 1.1474 1.0852 11.00 
0.287 2 2 1 4.0 4.0 0.263 0.173 1.1153 1.1153 10.99 
0.288 2 2 1 4.0 4.0 0.241 0.171 1.1153 1.1153 10.99 
0.289 2 2 1 4.0 4.0 0.225 0.163 1.1153 1.0852 11.00 
0.290 2 2 1 4.0 4.0 0.237 0.167 1.1153 1.0852 11.00 
0.291 2 2 1 4.0 4.0 0.227 0.144 1.1153 1.1153 10.99 
0.292 2 2 1 4.0 4.0 0.221 0.139 1.1153 1.1153 10.99 
0.293 2 2 1 4.0 4.0 0.243 0.142 1.1474 1.1153 10.99 
0.294 2 2 1 4.0 4.0 0.232 0.151 1.1474 1.1153 11.00 
0.295 2 2 1 4.0 4.0 0.216 0.169 1.1812 1.0567 11.00 
0.296 2 2 1 4.0 4.0 0.221 0.164 1.1812 1.0567 11.00 
0.297 2 2 1 4.0 4.0 0.224 0.144 1.1474 1.1153 11.00 
0.298 2 2 1 4.0 4.0 0.218 0.147 1.1812 1.1153 10.99 
0.299 2 2 1 4.0 4.0 0.245 0.155 1.1812 1.0852 10.99 
0.300 2 2 1 4.0 4.0 0.218 0.154 1.1812 1.0852 11.00 
0.301 2 2 1 4.0 4.0 0.226 0.167 1.1812 1.0852 11.00 
0.302 2 2 1 4.0 4.0 0.223 0.169 1.1812 1.0852 11.00 
0.303 2 2 1 4.0 4.0 0.217 0.141 1.1812 1.0567 11.00 
0.304 2 2 1 4.0 4.0 0.211 0.138 1.1812 1.0852 10.99 
0.305 2 2 1 4.0 4.0 0.226 0.152 1.1474 1.1153 11.00 
0.306 2 2 1 4.0 4.0 0.196 0.140 1.1474 1.1153 11.00 
0.307 2 2 1 4.0 4.0 0.208 0.162 1.1474 1.0852 10.99 
0.308 2 2 1 4.0 4.0 0.215 0.155 1.1474 1.1153 10.99 
0.309 2 2 1 4.0 4.0 0.207 0.127 1.1474 1.1153 11.00 
0.310 2 2 1 4.0 4.0 0.249 0.129 1.1474 1.1153 11.00 
0.311 2 2 1 4.0 4.0 0.233 0.156 1.1474 1.1153 11.00 
0.312 2 2 1 4.0 4.0 0.212 0.147 1.1812 1.1474 11.00 
0.313 2 2 1 4.0 4.0 0.222 0.137 1.1812 1.1153 11.00 
0.314 2 2 1 4.0 4.0 0.218 0.143 1.1812 1.1153 11.00 
0.315 2 2 1 4.0 4.0 0.215 0.128 1.1812 1.1153 11.00 
0.316 2 2 1 4.0 4.0 0.247 0.118 1.1812 1.1474 10.99 
0.317 2 2 1 4.0 4.0 0.220 0.134 1.2169 1.1474 11.00 
0.318 2 2 1 4.0 4.0 0.206 0.129 1.2169 1.1474 11.00 
0.319 2 2 1 4.0 4.0 0.216 0.145 1.2169 1.0041 11.00 
0.320 2 2 1 4.0 4.0 0.211 0.145 1.2169 1.1474 11.00 
0.321 2 2 1 4.0 4.0 0.211 0.095 1.2169 1.1474 11.00 
0.322 2 2 1 4.0 4.0 0.226 0.112 1.2169 1.1474 10.99 
0.323 2 2 1 4.0 4.0 0.192 0.142 1.2169 1.1474 11.00 
0.324 2 2 1 4.0 4.0 0.197 0.118 1.2169 1.1474 11.00 
0.325 2 2 1 4.0 4.0 0.191 0.127 1.1812 1.1153 11.00 
0.326 2 2 1 4.0 4.0 0.201 0.133 1.2169 1.1153 11.00 
0.327 2 2 1 4.0 4.0 0.216 0.114 1.2169 1.1153 11.00 
0.328 2 2 1 4.0 4.0 0.221 0.139 1.1812 1.1153 11.00 
0.329 2 2 1 4.0 4.0 0.200 0.150 1.2169 1.1474 10.99 
0.330 2 2 1 4.0 4.0 0.223 0.108 1.2169 1.1474 11.00 
0.331 2 2 1 4.0 4.0 0.212 0.139 1.0567 1.1153 11.00 
0.332 2 2 1 4.0 4.0 0.218 0.129 1.2169 1.1153 11.00 
0.333 2 2 1 4.0 4.0 0.245 0.094 1.2169 1.1474 11.00 
0.334 2 2 1 4.0 4.0 0.230 0.117 1.2169 1.1474 10.99 
0.335 2 2 1 4.0 4.0 0.214 0.143 1.2169 1.1474 10.99 
0.336 2 2 1 4.0 4.0 0.212 0.141 1.2169 1.1474 11.00 
0.337 2 2 1 4.0 4.0 0.211 0.123 1.2169 1.1153 11.00 
0.338 2 2 1 4.0 4.0 0.216 0.108 1.1474 1.1474 11.00 
0.339 2 2 1 4.0 4.0 0.223 0.097 1.2169 1.1153 11.00 
0.340 2 2 1 4.0 4.0 0.194 0.127 1.2169 1.1474 11.00 
0.341 2 2 1 4.0 4.0 0.196 0.136 1.2169 1.1474 10.99 
0.342 2 2 1 4.0 4.0 0.212 0.115 1.2169 1.1153 11.00 
0.343 2 2 1 4.0 4.0 0.198 0.125 1.2169 1.1474 10.99 
0.344 2 2 1 4.0 4.0 0.221 0.110 1.2169 1.1474 11.00 
0.345 2 2 1 4.0 4.0 0.196 0.117 1.2169 1.1474 10.99 
0.346 2 2 1 4.0 4.0 0.182 0.141 1.2169 1.1474 11.00 
0.347 2 2 1 4.0 4.0 0.191 0.127 1.2551 1.1474 10.99 
0.348 2 2 1 4.0 4.0 0.196 0.123 1.2169 1.1474 11.00 
0.349 2 2 1 4.0 4.0 0.189 0.104 1.2551 1.0852 11.00 
0.350 2 2 1 4.0 4.0 0.213 0.098 1.2551 1.1474 11.00 
0.351 2 2 1 4.0 4.0 0.193 0.106 1.2551 1.1474 11.00 
0.352 2 2 2 -4.0 -4.0 0.182 0.132 1.2551 1.1812 10.99 
0.353 2 2 2 -4.0 -4.0 -0.091 0.035 1.2551 1.1812 10.99 
0.354 2 2 2 -4.0 -4.0 -0.811 -0.626 1.2169 1.1812 10.96 
0.355 2 2 2 -4.0 -4.0 -1.376 -1.092 1.1474 1.1153 10.93 
0.356 2 2 2 -4.0 -4.0 -1.428 -1.592 1.0852 1.0567 10.92 
0.357 2 2 2 -4.0 -4.0 -1.596 -1.865 1.0298 1.0041 10.90 
0.358 2 2 2 -4.0 -4.0 -1.748 -1.786 0.9796 0.9559 10.91 
0.359 2 2 2 -4.0 -4.0 -1.611 -1.742 0.9338 0.8366 10.92 
0.360 2 2 2 -4.0 -4.0 -1.550 -1.865 0.8366 0.7872 10.91 
0.361 2 2 2 -4.0 -4.0 -1.638 -1.933 0.7723 0.6474 10.90 
0.362 2 2 2 -4.0 -4.0 -1.664 -1.751 0.6804 0.6474 10.89 
0.363 2 2 2 -4.0 -4.0 -1.693 -1.620 0.6583 0.6374 10.90 
0.364 2 2 2 -4.0 -4.0 -1.436 -1.701 0.5820 0.5820 10.90 
0.365 2 2 2 -4.0 -4.0 -1.433 -1.799 0.5281 0.5020 10.91 
0.366 2 2 2 -4.0 -4.0 -1.462 -1.812 0.4779 0.4410 10.91 
0.367 2 2 2 -4.0 -4.0 -1.484 -1.758 0.3823 0.4362 10.91 
0.368 2 2 2 -4.0 -4.0 -1.474 -1.698 0.3582 0.3185 10.91 
0.369 2 2 2 -4.0 -4.0 -1.439 -1.660 0.3402 0.2574 10.92 
0.370 2 2 2 -4.0 -4.0 -1.394 -1.609 0.2731 0.2574 10.92 
0.371 2 2 2 -4.0 -4.0 -1.415 -1.415 0.2731 0.1900 10.92 
0.372 2 2 2 -4.0 -4.0 -1.242 -1.406 0.2068 0.1502 10.92 
0.373 2 2 2 -4.0 -4.0 -1.148 -1.446 0.2068 0.1502 10.93 
0.374 2 2 2 -4.0 -4.0 -1.132 -1.444 0.1586 0.1502 10.93 
0.375 2 2 2 -4.0 -4.0 -1.126 -1.399 0.1137 0.1165 10.94 
0.376 2 2 2 -4.0 -4.0 -1.113 -1.374 0.0884 0.0904 10.94 
0.377 2 2 2 -4.0 -4.0 -1.101 -1.333 0.0723 0.0735 10.94 
0.378 2 2 2 -4.0 -4.0 -1.079 -1.303 0.0614 -0.0715 10.94 
0.379 2 2 2 -4.0 -4.0 -1.056 -1.276 0.0530 -0.0715 10.94 
0.380 2 2 2 -4.0 -4.0 -1.045 -1.252 0.0470 -0.1566 10.93 
0.381 2 2 2 -4.0 -4.0 -1.091 -1.253 -0.0442 -0.1566 10.94 
0.382 2 2 2 -4.0 -4.0 -1.080 -1.114 -0.0442 -0.2241 10.93 
0.383 2 2 2 -4.0 -4.0 -0.900 -1.049 -0.1847 -0.2241 10.94 
0.384 2 2 2 -4.0 -4.0 -0.850 -1.026 -0.1847 -0.2659 10.95 
0.385 2 2 2 -4.0 -4.0 -0.843 -1.006 -0.2229 -0.3137 10.95 
0.386 2 2 2 -4.0 -4.0 -0.828 -0.979 -0.2747 -0.3430 10.95 
0.387 2 2 2 -4.0 -4.0 -0.805 -0.963 -0.2747 -0.3751 10.96 
0.388 2 2 2 -4.0 -4.0 -0.774 -0.950 -0.2972 -0.3936 10.96 
0.389 2 2 2 -4.0 -4.0 -0.754 -0.938 -0.3237 -0.4181 10.95 
0.390 2 2 2 -4.0 -4.0 -0.769 -0.917 -0.3615 -0.4462 10.95 
0.391 2 2 2 -4.0 -4.0 -0.740 -0.836 -0.3651 -0.4615 10.95 
0.392 2 2 2 -4.0 -4.0 -0.767 -0.795 -0.4016 -0.4723 10.96 
0.393 2 2 2 -4.0 -4.0 -0.762 -0.781 -0.4181 -0.4896 10.96 
0.394 2 2 2 -4.0 -4.0 -0.675 -0.758 -0.4317 -0.5149 10.96 
0.395 2 2 2 -4.0 -4.0 -0.649 -0.741 -0.4362 -0.5498 10.96 
0.396 2 2 2 -4.0 -4.0 -0.619 -0.726 -0.4510 -0.5820 10.96 
0.397 2 2 2 -4.0 -4.0 -0.618 -0.667 -0.4723 -0.5735 10.97 
0.398 2 2 2 -4.0 -4.0 -0.609 -0.647 -0.5020 -0.5992 10.96 
0.399 2 2 2 -4.0 -4.0 -0.649 -0.685 -0.5149 -0.6085 10.97 
0.400 2 2 2 -4.0 -4.0 -0.551 -0.629 -0.5281 -0.6273 10.97 
0.401 2 2 2 -4.0 -4.0 -0.519 -0.617 -0.5498 -0.6374 10.97 
0.402 2 2 2 -4.0 -4.0 -0.510 -0.575 -0.5575 -0.6583 10.98 
0.403 2 2 2 -4.0 -4.0 -0.489 -0.579 -0.5904 -0.6924 10.97 
0.404 2 2 2 -4.0 -4.0 -0.523 -0.582 -0.5904 -0.7044 10.97 
0.405 2 2 2 -4.0 -4.0 -0.513 -0.568 -0.5992 -0.7169 10.98 
0.406 2 2 2 -4.0 -4.0 -0.477 -0.559 -0.6177 -0.7302 10.98 
0.407 2 2 2 -4.0 -4.0 -0.478 -0.507 -0.6374 -0.7302 10.98 
0.408 2 2 2 -4.0 -4.0 -0.447 -0.515 -0.6374 -0.7434 10.98 
0.409 2 2 2 -4.0 -4.0 -0.471 -0.507 -0.6583 -0.7302 10.98 
0.410 2 2 2 -4.0 -4.0 -0.460 -0.528 -0.6804 -0.7723 10.98 
0.411 2 2 2 -4.0 -4.0 -0.422 -0.465 -0.6804 -0.7723 10.98 
0.412 2 2 2 -4.0 -4.0 -0.395 -0.454 -0.6924 -0.7872 10.98 
0.413 2 2 2 -4.0 -4.0 -0.391 -0.461 -0.7044 -0.8032 10.98 
0.414 2 2 2 -4.0 -4.0 -0.412 -0.460 -0.7302 -0.8193 10.98 
0.415 2 2 2 -4.0 -4.0 -0.389 -0.431 -0.7302 -0.8366 10.98 
0.416 2 2 2 -4.0 -4.0 -0.395 -0.446 -0.7434 -0.8543 10.98 
0.417 2 2 2 -4.0 -4.0 -0.370 -0.428 -0.7044 -0.8727 10.99 
0.418 2 2 2 -4.0 -4.0 -0.382 -0.422 -0.7575 -0.8924 10.99 
0.419 2 2 2 -4.0 -4.0 -0.365 -0.392 -0.7723 -0.8366 10.98 
0.420 2 2 2 -4.0 -4.0 -0.346 -0.382 -0.7872 -0.8727 10.97 
0.421 2 2 2 -4.0 -4.0 -0.343 -0.369 -0.7723 -0.8924 10.97 
0.422 2 2 2 -4.0 -4.0 -0.334 -0.370 -0.7575 -0.9125 10.98 
0.423 2 2 2 -4.0 -4.0 -0.375 -0.396 -0.7872 -0.9125 10.98 
0.424 2 2 2 -4.0 -4.0 -0.364 -0.374 -0.7723 -0.9338 10.99 
0.425 2 2 2 -4.0 -4.0 -0.322 -0.362 -0.8032 -0.9338 10.98 
0.426 2 2 2 -4.0 -4.0 -0.329 -0.328 -0.8032 -0.9559 10.99 
0.427 2 2 2 -4.0 -4.0 -0.341 -0.327 -0.8193 -0.9559 10.99 
0.428 2 2 2 -4.0 -4.0 -0.310 -0.308 -0.8193 -0.9796 10.99 
0.429 2 2 2 -4.0 -4.0 -0.302 -0.319 -0.8193 -0.9796 10.99 
0.430 2 2 2 -4.0 -4.0 -0.290 -0.323 -0.8366 -0.9796 10.99 
0.431 2 2 2 -4.0 -4.0 -0.314 -0.311 -0.8193 -0.9796 10.99 
0.432 2 2 2 -4.0 -4.0 -0.307 -0.294 -0.8543 -1.0041 10.99 
0.433 2 2 2 -4.0 -4.0 -0.294 -0.282 -0.8543 -1.0041 10.99 
0.434 2 2 2 -4.0 -4.0 -0.301 -0.286 -0.8727 -1.0041 10.98 
0.435 2 2 2 -4.0 -4.0 -0.292 -0.297 -0.8924 -1.0041 10.99 
0.436 2 2 2 -4.0 -4.0 -0.271 -0.283 -0.8924 -1.0298 10.99 
0.437 2 2 2 -4.0 -4.0 -0.271 -0.282 -0.8924 -1.0298 10.99 
0.438 2 2 2 -4.0 -4.0 -0.292 -0.282 -0.9125 -1.0567 10.99 
0.439 2 2 2 -4.0 -4.0 -0.275 -0.273 -0.9125 -1.0041 10.99 
0.440 2 2 2 -4.0 -4.0 -0.265 -0.260 -0.8543 -1.0298 10.99 
0.441 2 2 2 -4.0 -4.0 -0.248 -0.261 -0.9125 -1.0567 10.99 
0.442 2 2 2 -4.0 -4.0 -0.275 -0.294 -0.9338 -1.0567 10.99 
0.443 2 2 2 -4.0 -4.0 -0.234 -0.281 -0.9559 -1.0298 10.99 
0.444 2 2 2 -4.0 -4.0 -0.229 -0.259 -0.9559 -1.0567 10.99 
0.445 2 2 2 -4.0 -4.0 -0.259 -0.258 -0.9338 -1.0567 10.99 
0.446 2 2 2 -4.0 -4.0 -0.257 -0.272 -0.9338 -1.0567 10.99 
0.447 2 2 2 -4.0 -4.0 -0.251 -0.259 -0.9338 -1.0852 10.99 
0.448 2 2 2 -4.0 -4.0 -0.250 -0.255 -0.9125 -1.0852 10.99 
0.449 2 2 2 -4.0 -4.0 -0.282 -0.249 -0.9338 -1.0852 10.99 
0.450 2 2 2 -4.0 -4.0 -0.249 -0.226 -0.9338 -1.0852 10.98 
0.451 2 2 2 -4.0 -4.0 -0.225 -0.238 -0.9338 -1.1153 10.99 
0.452 2 2 2 -4.0 -4.0 -0.238 -0.235 -0.9338 -1.1153 10.99 
0.453 2 2 2 -4.0 -4.0 -0.255 -0.233 -0.9338 -1.1153 10.99 
0.454 2 2 2 -4.0 -4.0 -0.234 -0.234 -0.9559 -1.1153 10.99 
0.455 2 2 2 -4.0 -4.0 -0.235 -0.221 -0.9559 -1.1474 10.99 
0.456 2 2 2 -4.0 -4.0 -0.253 -0.216 -0.9796 -1.1474 10.99 
0.457 2 2 2 -4.0 -4.0 -0.216 -0.201 -0.9796 -1.0298 10.99 
0.458 2 2 2 -4.0 -4.0 -0.189 -0.203 -0.9796 -1.1153 11.00 
0.459 2 2 2 -4.0 -4.0 -0.227 -0.209 -1.0041 -1.1474 10.99 
0.460 2 2 2 -4.0 -4.0 -0.230 -0.206 -1.0298 -1.1474 10.99 
0.461 2 2 2 -4.0 -4.0 -0.213 -0.219 -1.0041 -1.1153 10.99 
0.462 2 2 2 -4.0 -4.0 -0.211 -0.210 -1.0041 -1.1474 10.99 
0.463 2 2 2 -4.0 -4.0 -0.204 -0.195 -1.0298 -1.1474 10.99 
0.464 2 2 2 -4.0 -4.0 -0.204 -0.210 -1.0298 -1.1474 10.99 
0.465 2 2 2 -4.0 -4.0 -0.194 -0.190 -1.0041 -1.1474 10.99 
0.466 2 2 2 -4.0 -4.0 -0.229 -0.224 -1.0041 -1.1474 10.99 
0.467 2 2 2 -4.0 -4.0 -0.218 -0.187 -1.0041 -1.1812 10.99 
0.468 2 2 2 -4.0 -4.0 -0.204 -0.182 -1.0041 -1.1812 10.99 
0.469 2 2 2 -4.0 -4.0 -0.232 -0.173 -1.0041 -1.1812 11.00 
0.470 2 2 2 -4.0 -4.0 -0.215 -0.166 -1.0041 -1.1812 10.99 
0.471 2 2 2 -4.0 -4.0 -0.211 -0.148 -1.0041 -1.1812 10.99 
0.472 2 2 2 -4.0 -4.0 -0.206 -0.189 -1.0041 -1.1812 10.98 
0.473 2 2 2 -4.0 -4.0 -0.236 -0.174 -1.0041 -1.1812 10.99 
0.474 2 2 2 -4.0 -4.0 -0.215 -0.154 -1.0041 -1.2169 10.99 
0.475 2 2 2 -4.0 -4.0 -0.206 -0.151 -1.0041 -1.1812 10.99 
0.476 2 2 2 -4.0 -4.0 -0.211 -0.149 -1.0298 -1.1812 11.00 
0.477 2 2 2 -4.0 -4.0 -0.197 -0.153 -0.9796 -1.2169 10.99 
0.478 2 2 2 -4.0 -4.0 -0.176 -0.161 -1.0298 -1.1812 11.00 
0.479 2 2 2 -4.0 -4.0 -0.196 -0.153 -1.0298 -1.1812 11.00 
0.480 2 2 2 -4.0 -4.0 -0.205 -0.147 -1.0567 -1.1812 11.00 
0.481 2 2 2 -4.0 -4.0 -0.190 -0.152 -1.0298 -1.2169 11.00 
0.482 2 2 2 -4.0 -4.0 -0.186 -0.143 -1.0298 -1.2169 10.99 
0.483 2 2 2 -4.0 -4.0 -0.193 -0.156 -1.0567 -1.2169 10.99 
0.484 2 2 2 -4.0 -4.0 -0.179 -0.151 -1.0567 -1.2169 10.99 
0.485 2 2 2 -4.0 -4.0 -0.170 -0.145 -1.0298 -1.2169 11.00 
0.486 2 2 2 -4.0 -4.0 -0.194 -0.155 -1.0298 -1.2169 10.99 
0.487 2 2 2 -4.0 -4.0 -0.169 -0.153 -1.0298 -1.2169 10.99 
0.488 2 2 2 -4.0 -4.0 -0.177 -0.167 -1.0298 -1.2169 11.00 
0.489 2 2 2 -4.0 -4.0 -0.191 -0.183 -1.0298 -1.2169 11.00 
0.490 2 2 2 -4.0 -4.0 -0.184 -0.142 -1.0298 -1.2169 11.00 
0.491 2 2 2 -4.0 -4.0 -0.182 -0.145 -1.0041 -1.1812 11.00 
0.492 2 2 2 -4.0 -4.0 -0.198 -0.152 -1.0298 -1.2169 10.99 
0.493 2 2 2 -4.0 -4.0 -0.193 -0.149 -1.0298 -1.2551 10.99 
0.494 2 2 2 -4.0 -4.0 -0.171 -0.161 -1.0298 -1.2169 10.99 
0.495 2 2 2 -4.0 -4.0 -0.205 -0.142 -1.0298 -1.2169 11.00 
0.496 2 2 2 -4.0 -4.0 -0.191 -0.139 -1.0298 -1.2169 11.00 
0.497 2 2 2 -4.0 -4.0 -0.160 -0.163 -1.0298 -1.2169 10.99 
0.498 2 2 2 -4.0 -4.0 -0.170 -0.130 -1.0567 -1.2551 11.00 
0.499 2 2 2 -4.0 -4.0 -0.189 -0.126 -1.0852 -1.2551 10.99 
0.500 2 2 2 -4.0 -4.0 -0.170 -0.144 -1.0567 -1.2551 11.00 
0.501 2 2 2 -4.0 -4.0 -0.170 -0.126 -1.0567 -1.2551 10.99 
0.502 2 2 2 -4.0 -4.0 -0.162 -0.131 -1.0852 -1.2551 11.00 
0.503 2 2 3 0.0 0.0 -0.171 -0.147 -1.0567 -1.2551 11.00 
0.504 2 2 3 0.0 0.0 -0.003 -0.082 -1.0567 -1.2551 11.00 
0.505 2 2 3 0.0 0.0 0.285 0.239 -1.0567 -1.2551 11.00 
0.506 2 2 3 0.0 0.0 0.542 0.619 -1.0298 -1.2551 11.01 
0.507 2 2 3 0.0 0.0 0.723 0.874 -1.0041 -1.1812 11.01 
0.508 2 2 3 0.0 0.0 0.747 0.862 -0.9559 -1.1812 11.01 
0.509 2 2 3 0.0 0.0 0.715 0.963 -0.9338 -1.1474 11.00 
0.510 2 2 3 0.0 0.0 0.769 0.973 -0.9125 -1.0852 11.01 
0.511 2 2 3 0.0 0.0 0.812 0.896 -0.8543 -1.0298 11.01 
0.512 2 2 3 0.0 0.0 0.720 0.961 -0.8032 -1.0298 11.01 
0.513 2 2 3 0.0 0.0 0.675 0.983 -0.7872 -0.9796 11.01 
0.514 2 2 3 0.0 0.0 0.732 0.813 -0.7575 -0.9796 11.00 
0.515 2 2 3 0.0 0.0 0.750 0.812 -0.7434 -0.9559 11.01 
0.516 2 2 3 0.0 0.0 0.737 0.901 -0.7169 -0.9338 11.01 
0.517 2 2 3 0.0 0.0 0.612 0.894 -0.7044 -0.8924 11.01 
0.518 2 2 3 0.0 0.0 0.612 0.745 -0.6583 -0.8543 11.01 
0.519 2 2 3 0.0 0.0 0.641 0.771 -0.6474 -0.8032 11.01 
0.520 2 2 3 0.0 0.0 0.640 0.836 -0.6177 -0.7723 11.01 
0.521 2 2 3 0.0 0.0 0.563 0.866 -0.5992 -0.7434 11.01 
0.522 2 2 3 0.0 0.0 0.493 0.665 -0.5735 -0.7044 11.01 
0.523 2 2 3 0.0 0.0 0.491 0.638 -0.5575 -0.6924 11.00 
0.524 2 2 3 0.0 0.0 0.508 0.665 -0.5354 -0.6583 11.01 
0.525 2 2 3 0.0 0.0 0.516 0.683 -0.4896 -0.6474 11.01 
0.526 2 2 3 0.0 0.0 0.509 0.624 -0.4836 -0.6085 11.01 
0.527 2 2 3 0.0 0.0 0.477 0.538 -0.4723 -0.5904 11.01 
0.528 2 2 3 0.0 0.0 0.422 0.542 -0.4615 -0.5735 11.01 
0.529 2 2 3 0.0 0.0 0.362 0.558 -0.4410 -0.5575 11.01 
0.530 2 2 3 0.0 0.0 0.376 0.587 -0.4362 -0.5281 11.01 
0.531 2 2 3 0.0 0.0 0.391 0.598 -0.3860 -0.5213 11.01 
0.532 2 2 3 0.0 0.0 0.399 0.581 -0.3651 -0.5020 11.01 
0.533 2 2 3 0.0 0.0 0.407 0.466 -0.3582 -0.3896 11.01 
0.534 2 2 3 0.0 0.0 0.390 0.446 -0.3462 -0.4181 11.01 
0.535 2 2 3 0.0 0.0 0.365 0.472 -0.3064 -0.4225 11.01 
0.536 2 2 3 0.0 0.0 0.334 0.493 -0.3040 -0.4181 11.01 
0.537 2 2 3 0.0 0.0 0.323 0.497 -0.3040 -0.3751 11.00 
0.538 2 2 3 0.0 0.0 0.271 0.469 -0.2972 -0.3787 11.01 
0.539 2 2 3 0.0 0.0 0.259 0.426 -0.2747 -0.3751 11.01 
0.540 2 2 3 0.0 0.0 0.262 0.380 -0.2747 -0.3751 11.01 
0.541 2 2 3 0.0 0.0 0.277 0.307 -0.2402 -0.3430 11.01 
0.542 2 2 3 0.0 0.0 0.263 0.296 -0.2345 -0.3064 11.01 
0.543 2 2 3 0.0 0.0 0.258 0.319 -0.2305 -0.3213 11.01 
0.544 2 2 3 0.0 0.0 0.250 0.336 -0.2088 -0.3137 11.01 
0.545 2 2 3 0.0 0.0 0.242 0.342 -0.2088 -0.2675 11.01 
0.546 2 2 3 0.0 0.0 0.228 0.349 -0.1956 -0.2731 11.01 
0.547 2 2 3 0.0 0.0 0.213 0.345 -0.1900 -0.2731 11.01 
0.548 2 2 3 0.0 0.0 0.187 0.333 -0.1900 -0.2510 11.01 
0.549 2 2 3 0.0 0.0 0.175 0.322 -0.1659 -0.2374 11.01 
0.550 2 2 3 0.0 0.0 0.162 0.301 -0.1659 -0.2374 11.01 
0.551 2 2 3 0.0 0.0 0.154 0.270 -0.1590 -0.1996 11.01 
0.552 2 2 3 0.0 0.0 0.148 0.239 -0.1526 -0.1976 11.01 
0.553 2 2 3 0.0 0.0 0.129 0.190 -0.1526 -0.1976 11.01 
0.554 2 2 3 0.0 0.0 0.119 0.178 -0.1390 -0.2008 11.01 
0.555 2 2 3 0.0 0.0 0.105 0.184 -0.1349 -0.2008 11.01 
0.556 2 2 3 0.0 0.0 0.112 0.189 -0.1349 -0.1799 11.01 
0.557 2 2 3 0.0 0.0 0.112 0.189 -0.1349 -0.1799 11.01 
0.558 2 2 3 0.0 0.0 0.112 0.187 -0.1181 -0.1671 11.01 
0.559 2 2 3 0.0 0.0 0.110 0.175 -0.1181 -0.1671 11.02 
0.560 2 2 3 0.0 0.0 0.109 0.182 -0.1181 -0.1671 11.01 
0.561 2 2 3 0.0 0.0 0.094 0.183 -0.1141 -0.1366 11.01 
0.562 2 2 3 0.0 0.0 0.093 0.175 -0.0888 -0.1366 11.01 
0.563 2 2 3 0.0 0.0 0.086 0.170 -0.0888 -0.1366 11.01 
0.564 2 2 3 0.0 0.0 0.083 0.153 -0.0888 -0.1189 11.01 
0.565 2 2 3 0.0 0.0 0.078 0.145 -0.0888 -0.1189 11.01 
0.566 2 2 3 0.0 0.0 0.068 0.135 -0.0888 -0.1189 11.01 
0.567 2 2 3 0.0 0.0 0.069 0.130 -0.0803 -0.1189 11.01 
0.568 2 2 3 0.0 0.0 0.062 0.121 -0.0667 -0.0992 11.01 
0.569 2 2 3 0.0 0.0 0.060 0.117 -0.0574 -0.0892 11.01 
0.570 2 2 3 0.0 0.0 0.055 0.111 -0.0574 -0.0892 11.01 
0.571 2 2 3 0.0 0.0 0.053 0.103 -0.0574 -0.0892 11.01 
0.572 2 2 3 0.0 0.0 0.043 0.100 -0.0574 -0.0892 11.01 
0.573 2 2 3 0.0 0.0 0.039 0.089 -0.0574 -0.0884 11.01 
0.574 2 2 3 0.0 0.0 0.036 0.080 -0.0574 -0.0743 11.01 
0.575 2 2 3 0.0 0.0 0.031 0.083 -0.0574 -0.0743 11.01 
0.576 2 2 3 0.0 0.0 0.030 0.068 -0.0570 -0.0743 11.01 
0.577 2 2 3 0.0 0.0 0.029 0.057 -0.0498 -0.0743 11.01 
0.578 2 2 3 0.0 0.0 0.025 0.049 -0.0442 -0.0743 11.01 
0.579 2 2 3 0.0 0.0 0.024 0.050 -0.0398 -0.0743 11.01 
0.580 2 2 3 0.0 0.0 0.025 0.050 -0.0361 -0.0651 11.01 
0.581 2 2 3 0.0 0.0 0.022 0.042 -0.0333 -0.0562 11.01 
0.582 2 2 3 0.0 0.0 0.012 0.040 -0.0305 -0.0554 11.01 
0.583 2 2 3 0.0 0.0 0.013 0.037 -0.0285 -0.0554 11.00 
0.584 2 2 3 0.0 0.0 0.017 0.037 -0.0265 -0.0554 11.01 
0.585 2 2 3 0.0 0.0 0.005 0.037 -0.0249 -0.0554 11.01 
0.586 2 2 3 0.0 0.0 0.009 0.035 -0.0233 -0.0554 11.01 
0.587 2 2 3 0.0 0.0 0.004 0.034 -0.0221 -0.0554 11.01 
0.588 2 2 3 0.0 0.0 0.005 0.029 -0.0209 -0.0554 11.01 
0.589 2 2 3 0.0 0.0 0.005 0.022 -0.0197 -0.0502 11.01 
0.590 2 2 3 0.0 0.0 0.005 0.019 -0.0189 -0.0446 11.01 
0.591 2 2 3 0.0 0.0 0.006 0.022 -0.0181 -0.0402 11.01 
0.592 2 2 3 0.0 0.0 0.005 0.024 -0.0173 -0.0365 11.01 
0.593 2 2 3 0.0 0.0 -0.003 0.016 -0.0165 -0.0333 11.01 
0.594 2 2 3 0.0 0.0 -0.000 0.022 -0.0157 -0.0309 11.01 
0.595 2 2 3 0.0 0.0 -0.002 0.010 -0.0153 -0.0285 11.01 
0.596 2 2 3 0.0 0.0 -0.005 0.018 -0.0145 -0.0265 11.01 
0.597 2 2 3 0.0 0.0 -0.006 0.018 -0.0141 -0.0249 11.01 
0.598 2 2 3 0.0 0.0 -0.007 0.018 -0.0137 -0.0237 11.01 
0.599 2 2 3 0.0 0.0 -0.006 0.012 -0.0133 -0.0221 11.01 
0.600 2 2 3 0.0 0.0 -0.002 0.008 -0.0129 -0.0209 11.01 
0.601 2 2 3 0.0 0.0 -0.002 0.007 -0.0125 -0.0201 11.01 
0.602 2 2 3 0.0 0.0 0.008 0.009 -0.0120 -0.0189 11.01 
0.603 2 2 3 0.0 0.0 0.006 -0.004 -0.0116 -0.0181 11.01 
0.604 2 2 3 0.0 0.0 0.006 -0.001 -0.0112 -0.0173 11.01 
0.605 2 2 3 0.0 0.0 -0.000 -0.001 -0.0108 -0.0165 11.01 
0.606 2 2 3 0.0 0.0 0.005 0.003 -0.0104 -0.0161 11.01 
0.607 2 2 3 0.0 0.0 0.005 0.006 -0.0104 -0.0153 11.01 
0.608 2 2 3 0.0 0.0 0.002 0.000 -0.0100 -0.0149 11.01 
0.609 2 2 3 0.0 0.0 0.007 -0.002 -0.0096 -0.0141 11.01 
0.610 2 2 3 0.0 0.0 0.008 0.000 -0.0096 -0.0137 11.01 
0.611 2 2 3 0.0 0.0 0.005 -0.006 -0.0092 -0.0133 11.01 
0.612 2 2 3 0.0 0.0 0.006 -0.012 -0.0092 -0.0129 11.01 
0.613 2 2 3 0.0 0.0 -0.001 -0.017 -0.0088 -0.0125 11.00 
0.614 2 2 3 0.0 0.0 -0.002 -0.004 -0.0088 -0.0120 11.00 
0.615 2 2 3 0.0 0.0 -0.002 0.007 -0.0084 -0.0116 11.01 
0.616 2 2 3 0.0 0.0 -0.005 -0.016 -0.0084 -0.0112 11.01 
0.617 2 2 3 0.0 0.0 -0.002 -0.017 -0.0080 -0.0108 11.01 
0.618 2 2 3 0.0 0.0 0.005 -0.017 -0.0080 -0.0108 11.01 
0.619 2 2 3 0.0 0.0 0.006 -0.009 -0.0076 -0.0104 11.01 
0.620 2 2 3 0.0 0.0 0.002 -0.009 -0.0076 -0.0100 11.01 
0.621 2 2 3 0.0 0.0 0.002 -0.017 -0.0076 -0.0100 11.01 
0.622 2 2 3 0.0 0.0 0.006 -0.012 -0.0072 -0.0096 11.00 
0.623 2 2 3 0.0 0.0 0.009 -0.006 -0.0072 -0.0092 11.00 
0.624 2 2 3 0.0 0.0 0.010 -0.012 -0.0072 -0.0092 11.01 
0.625 2 2 3 0.0 0.0 0.004 -0.008 -0.0068 -0.0088 11.01 
0.626 2 2 3 0.0 0.0 -0.000 -0.005 -0.0068 -0.0088 11.01 
0.627 2 2 3 0.0 0.0 -0.001 -0.003 -0.0068 -0.0084 11.01 
0.628 2 2 3 0.0 0.0 0.004 -0.003 -0.0064 -0.0084 11.01 
0.629 2 2 3 0.0 0.0 0.009 -0.001 -0.0064 -0.0080 11.01 
0.630 2 2 3 0.0 0.0 0.008 -0.003 -0.0064 -0.0080 11.01 
0.631 2 2 3 0.0 0.0 0.003 -0.002 -0.0064 -0.0080 11.01 
0.632 2 2 3 0.0 0.0 0.005 -0.003 -0.0060 -0.0076 11.02 
0.633 2 2 3 0.0 0.0 0.004 -0.009 -0.0060 -0.0076 11.01 
0.634 2 2 3 0.0 0.0 0.009 -0.005 -0.0060 -0.0072 11.01 
0.635 2 2 3 0.0 0.0 0.011 0.000 -0.0060 -0.0072 11.00 
0.636 2 2 3 0.0 0.0 0.005 -0.001 -0.0056 -0.0072 11.01 
0.637 2 2 3 0.0 0.0 0.011 -0.001 -0.0056 -0.0068 11.00 
0.638 2 2 3 0.0 0.0 0.009 -0.001 -0.0056 -0.0068 11.00 
0.639 2 2 3 0.0 0.0 0.008 -0.003 -0.0056 -0.0068 11.01 
0.640 2 2 3 0.0 0.0 0.002 -0.001 -0.0056 -0.0064 11.01 
0.641 2 2 3 0.0 0.0 0.004 -0.002 -0.0052 -0.0064 11.01 
0.642 2 2 3 0.0 0.0 0.001 -0.004 -0.0052 -0.0064 11.01 
0.643 2 2 3 0.0 0.0 0.003 -0.002 -0.0052 -0.0064 11.01 
0.644 2 2 3 0.0 0.0 0.004 -0.002 -0.0052 -0.0060 11.01 
0.645 2 2 3 0.0 0.0 0.007 -0.003 -0.0052 -0.0060 11.01 
0.646 2 2 3 0.0 0.0 0.009 0.000 -0.0048 -0.0060 11.01 
0.647 2 2 3 0.0 0.0 0.002 -0.007 -0.0048 -0.0060 11.01 
0.648 2 2 3 0.0 0.0 -0.002 0.007 -0.0048 -0.0056 11.01 
0.649 2 2 3 0.0 0.0 -0.000 -0.009 -0.0048 -0.0056 11.01 
0.650 2 2 3 0.0 0.0 0.008 0.006 -0.0048 -0.0056 11.01 
0.651 2 2 3 0.0 0.0 0.008 0.006 -0.0048 -0.0056 11.01 
0.652 2 2 3 0.0 0.0 0.003 0.007 -0.0048 -0.0056 11.01 
0.653 2 2 3 0.0 0.0 0.004 0.008 -0.0044 -0.0052 11.01 
0.654 2 2 3 0.0 0.0 0.001 0.003 -0.0044 -0.0052 11.01 
0.655 2 2 3 0.0 0.0 0.002 -0.009 -0.0044 -0.0052 11.01 
0.656 2 2 3 0.0 0.0 0.004 0.002 -0.0044 -0.0052 11.01 
0.657 2 2 3 0.0 0.0 0.002 -0.001 -0.0044 -0.0052 11.01 
0.658 2 2 3 0.0 0.0 0.001 0.003 -0.0044 -0.0048 11.01 
0.659 2 2 3 0.0 0.0 0.006 -0.009 -0.0044 -0.0048 11.01 
0.660 2 2 3 0.0 0.0 0.011 -0.004 -0.0040 -0.0048 11.01 
0.661 2 2 3 0.0 0.0 0.008 0.004 -0.0040 -0.0048 11.01 
0.662 2 2 3 0.0 0.0 -0.005 0.000 -0.0040 -0.0048 11.01 
0.663 2 2 3 0.0 0.0 0.003 -0.002 -0.0040 -0.0048 11.01 
0.664 2 2 3 0.0 0.0 -0.002 -0.001 -0.0040 -0.0048 11.01 
0.665 2 2 3 0.0 0.0 0.001 -0.001 -0.0040 -0.0044 11.00 
