%% logfile from robot Augusta (59)
% Augusta (59)
%  1    time 0.000 sec
%  2  3  4   (mission 0), state 2, thread 2, line 0
%  5  6 Motor voltage [V] left, right: 2.0 2.0
%  7  8 Motor current left, right [A]: 0.034 0.043
%  9 10 Wheel velocity [m/s] left, right: 0.0000 -0.0000
% 11    Battery voltage [V]: 11.89
0.001 2 2 0 2.0 2.0 0.017 -0.007 0.0000 -0.0000 11.89 
0.002 2 2 0 2.0 2.0 0.163 0.167 0.0000 -0.0000 11.88 
0.003 2 2 0 2.0 2.0 0.327 0.338 0.0000 -0.0000 11.87 
0.004 2 2 0 2.0 2.0 0.424 0.368 0.0000 -0.0000 11.86 
0.005 2 2 0 2.0 2.0 0.465 0.395 0.0000 -0.0000 11.87 
0.006 2 2 0 2.0 2.0 0.493 0.429 0.0000 -0.0000 11.85 
0.007 2 2 0 2.0 2.0 0.514 0.383 0.0000 -0.0000 11.86 
0.008 2 2 0 2.0 2.0 0.538 0.425 0.0000 0.0000 11.85 
0.009 2 2 0 2.0 2.0 0.543 0.383 0.0000 0.0000 11.86 
0.010 2 2 0 2.0 2.0 0.537 0.357 0.0000 0.0000 11.85 
0.011 2 2 0 2.0 2.0 0.516 0.392 0.0000 0.0000 11.86 
0.012 2 2 0 2.0 2.0 0.441 0.409 0.1004 0.0843 11.86 
0.013 2 2 0 2.0 2.0 0.429 0.406 0.1004 0.0843 11.87 
0.014 2 2 0 2.0 2.0 0.421 0.379 0.1004 0.0843 11.86 
0.015 2 2 0 2.0 2.0 0.409 0.338 0.1390 0.0843 11.86 
0.016 2 2 0 2.0 2.0 0.396 0.348 0.1390 0.1181 11.85 
0.017 2 2 0 2.0 2.0 0.381 0.308 0.1715 0.1181 11.85 
0.018 2 2 0 2.0 2.0 0.389 0.308 0.1715 0.1181 11.85 
0.019 2 2 0 2.0 2.0 0.379 0.292 0.2418 0.1434 11.86 
0.020 2 2 0 2.0 2.0 0.365 0.342 0.2418 0.1434 11.86 
0.021 2 2 0 2.0 2.0 0.352 0.260 0.1815 0.1699 11.86 
0.022 2 2 0 2.0 2.0 0.352 0.269 0.1815 0.1699 11.86 
0.023 2 2 0 2.0 2.0 0.351 0.290 0.2157 0.1884 11.86 
0.024 2 2 0 2.0 2.0 0.375 0.242 0.2157 0.1884 11.85 
0.025 2 2 0 2.0 2.0 0.358 0.266 0.2731 0.1723 11.86 
0.026 2 2 0 2.0 2.0 0.346 0.276 0.3213 0.1723 11.84 
0.027 2 2 0 2.0 2.0 0.350 0.287 0.2321 0.2157 11.86 
0.028 2 2 0 2.0 2.0 0.313 0.276 0.2217 0.2157 11.85 
0.029 2 2 0 2.0 2.0 0.297 0.304 0.2623 0.2402 11.86 
0.030 2 2 0 2.0 2.0 0.290 0.262 0.2952 0.2402 11.86 
0.031 2 2 0 2.0 2.0 0.282 0.244 0.2952 0.2418 11.86 
0.032 2 2 0 2.0 2.0 0.274 0.275 0.3651 0.2305 11.87 
0.033 2 2 0 2.0 2.0 0.275 0.212 0.2590 0.2305 11.86 
0.034 2 2 0 2.0 2.0 0.267 0.223 0.2908 0.2538 11.86 
0.035 2 2 0 2.0 2.0 0.263 0.235 0.2908 0.2747 11.85 
0.036 2 2 0 2.0 2.0 0.271 0.220 0.3490 0.2747 11.86 
0.037 2 2 0 2.0 2.0 0.281 0.231 0.3823 0.2747 11.86 
0.038 2 2 0 2.0 2.0 0.273 0.236 0.2928 0.2659 11.86 
0.039 2 2 0 2.0 2.0 0.259 0.265 0.3237 0.2659 11.87 
0.040 2 2 0 2.0 2.0 0.248 0.209 0.3751 0.2827 11.87 
0.041 2 2 0 2.0 2.0 0.240 0.197 0.4137 0.2868 11.86 
0.042 2 2 0 2.0 2.0 0.238 0.220 0.3016 0.3064 11.87 
0.043 2 2 0 2.0 2.0 0.221 0.170 0.3016 0.3064 11.87 
0.044 2 2 0 2.0 2.0 0.227 0.234 0.3374 0.3016 11.87 
0.045 2 2 0 2.0 2.0 0.232 0.152 0.3823 0.3088 11.88 
0.046 2 2 0 2.0 2.0 0.252 0.180 0.4269 0.3185 11.87 
0.047 2 2 0 2.0 2.0 0.233 0.182 0.3213 0.3185 11.87 
0.048 2 2 0 2.0 2.0 0.227 0.139 0.3522 0.3237 11.87 
0.049 2 2 0 2.0 2.0 0.219 0.202 0.4016 0.3064 11.86 
0.050 2 2 0 2.0 2.0 0.216 0.223 0.4510 0.3265 11.86 
0.051 2 2 0 2.0 2.0 0.203 0.190 0.3317 0.3374 11.86 
0.052 2 2 0 2.0 2.0 0.198 0.195 0.3651 0.3430 11.86 
0.053 2 2 0 2.0 2.0 0.210 0.147 0.4056 0.3430 11.87 
0.054 2 2 0 2.0 2.0 0.229 0.167 0.4615 0.3161 11.85 
0.055 2 2 0 2.0 2.0 0.229 0.166 0.3462 0.3374 11.85 
0.056 2 2 0 2.0 2.0 0.223 0.112 0.3860 0.3430 11.85 
0.057 2 2 0 2.0 2.0 0.209 0.183 0.4016 0.3582 11.86 
0.058 2 2 0 2.0 2.0 0.199 0.092 0.4510 0.3490 11.86 
0.059 2 2 0 2.0 2.0 0.187 0.152 0.4317 0.3490 11.87 
0.060 2 2 0 2.0 2.0 0.190 0.141 0.3976 0.3550 11.87 
0.061 2 2 0 2.0 2.0 0.204 0.154 0.4615 0.3615 11.87 
0.062 2 2 0 2.0 2.0 0.210 0.170 0.4362 0.3715 11.87 
0.063 2 2 0 2.0 2.0 0.195 0.152 0.4225 0.3550 11.87 
0.064 2 2 0 2.0 2.0 0.183 0.129 0.4016 0.3683 11.87 
0.065 2 2 0 2.0 2.0 0.178 0.118 0.4723 0.3683 11.88 
0.066 2 2 0 2.0 2.0 0.171 0.138 0.3823 0.3860 11.87 
0.067 2 2 0 2.0 2.0 0.171 0.140 0.3976 0.3683 11.87 
0.068 2 2 0 2.0 2.0 0.176 0.184 0.4510 0.3787 11.87 
0.069 2 2 0 2.0 2.0 0.198 0.176 0.4615 0.3715 11.87 
0.070 2 2 0 2.0 2.0 0.191 0.102 0.4410 0.3976 11.87 
0.071 2 2 0 2.0 2.0 0.191 0.139 0.4410 0.3823 11.87 
0.072 2 2 0 2.0 2.0 0.183 0.117 0.4956 0.3787 11.87 
0.073 2 2 0 2.0 2.0 0.167 0.091 0.3896 0.3683 11.87 
0.074 2 2 0 2.0 2.0 0.168 0.124 0.4097 0.3651 11.87 
0.075 2 2 0 2.0 2.0 0.182 0.094 0.4510 0.3976 11.87 
0.076 2 2 0 2.0 2.0 0.197 0.186 0.4137 0.3615 11.86 
0.077 2 2 0 2.0 2.0 0.182 0.150 0.4137 0.3936 11.86 
0.078 2 2 0 2.0 2.0 0.167 0.159 0.4462 0.4097 11.87 
0.079 2 2 0 2.0 2.0 0.156 0.126 0.5081 0.4097 11.87 
0.080 2 2 0 2.0 2.0 0.143 0.107 0.4510 0.3976 11.88 
0.081 2 2 0 2.0 2.0 0.137 0.140 0.4510 0.3976 11.87 
0.082 2 2 0 2.0 2.0 0.149 0.124 0.5426 0.4056 11.87 
0.083 2 2 0 2.0 2.0 0.165 0.104 0.4723 0.4097 11.87 
0.084 2 2 0 2.0 2.0 0.167 0.132 0.4615 0.3490 11.85 
0.085 2 2 0 2.0 2.0 0.156 0.142 0.4896 0.3751 11.87 
0.086 2 2 0 2.0 2.0 0.141 0.143 0.4510 0.4056 11.87 
0.087 2 2 0 2.0 2.0 0.130 0.093 0.4667 0.4137 11.87 
0.088 2 2 0 2.0 2.0 0.143 0.101 0.4896 0.3860 11.86 
0.089 2 2 0 2.0 2.0 0.158 0.101 0.5575 0.4181 11.87 
0.090 2 2 0 2.0 2.0 0.153 0.089 0.4836 0.4269 11.87 
0.091 2 2 0 2.0 2.0 0.151 0.134 0.4956 0.4016 11.87 
0.092 2 2 0 2.0 2.0 0.137 0.098 0.5655 0.4137 11.87 
0.093 2 2 0 2.0 2.0 0.126 0.133 0.4836 0.4181 11.87 
0.094 2 2 0 2.0 2.0 0.125 0.110 0.4723 0.4269 11.87 
0.095 2 2 0 2.0 2.0 0.141 0.081 0.5820 0.4269 11.87 
0.096 2 2 0 2.0 2.0 0.154 0.125 0.4896 0.4269 11.88 
0.097 2 2 0 2.0 2.0 0.157 0.060 0.4779 0.4317 11.87 
0.098 2 2 0 2.0 2.0 0.145 0.082 0.5655 0.4362 11.87 
0.099 2 2 0 2.0 2.0 0.135 0.110 0.5281 0.4269 11.87 
0.100 2 2 0 2.0 2.0 0.129 0.080 0.5020 0.4317 11.87 
0.101 2 2 0 2.0 2.0 0.138 0.112 0.4896 0.4362 11.87 
0.102 2 2 0 2.0 2.0 0.154 0.094 0.5281 0.4462 11.87 
0.103 2 2 0 2.0 2.0 0.148 0.095 0.5081 0.4269 11.87 
0.104 2 2 0 2.0 2.0 0.131 0.082 0.4896 0.4317 11.88 
0.105 2 2 0 2.0 2.0 0.123 0.065 0.5081 0.4462 11.88 
0.106 2 2 0 2.0 2.0 0.126 0.118 0.4896 0.4410 11.86 
0.107 2 2 0 2.0 2.0 0.126 0.057 0.5354 0.4410 11.85 
0.108 2 2 0 2.0 2.0 0.144 0.102 0.5354 0.4410 11.87 
0.109 2 2 0 2.0 2.0 0.145 0.095 0.5081 0.4510 11.87 
0.110 2 2 0 2.0 2.0 0.134 0.085 0.5149 0.4410 11.87 
0.111 2 2 0 2.0 2.0 0.133 0.082 0.5820 0.4410 11.88 
0.112 2 2 0 2.0 2.0 0.130 0.079 0.5020 0.4462 11.88 
0.113 2 2 0 2.0 2.0 0.127 0.114 0.5354 0.4510 11.87 
0.114 2 2 0 2.0 2.0 0.145 0.132 0.5904 0.4462 11.87 
0.115 2 2 0 2.0 2.0 0.138 0.131 0.5081 0.4410 11.87 
0.116 2 2 0 2.0 2.0 0.128 0.133 0.5213 0.4510 11.86 
0.117 2 2 0 2.0 2.0 0.122 0.110 0.5820 0.4510 11.87 
0.118 2 2 0 2.0 2.0 0.107 0.117 0.5081 0.4510 11.88 
0.119 2 2 0 2.0 2.0 0.106 0.079 0.5281 0.4410 11.88 
0.120 2 2 0 2.0 2.0 0.131 0.100 0.5904 0.4562 11.87 
0.121 2 2 0 2.0 2.0 0.139 0.134 0.5149 0.4410 11.87 
0.122 2 2 0 2.0 2.0 0.144 0.112 0.5281 0.4462 11.85 
0.123 2 2 0 2.0 2.0 0.134 0.133 0.5904 0.4723 11.87 
0.124 2 2 0 2.0 2.0 0.123 0.034 0.5020 0.4667 11.87 
0.125 2 2 0 2.0 2.0 0.119 0.074 0.5213 0.4615 11.88 
0.126 2 2 0 2.0 2.0 0.141 0.037 0.5904 0.4667 11.87 
0.127 2 2 0 2.0 2.0 0.136 0.125 0.5149 0.4667 11.87 
0.128 2 2 0 2.0 2.0 0.117 0.120 0.5020 0.3860 11.86 
0.129 2 2 0 2.0 2.0 0.107 0.113 0.5992 0.4137 11.86 
0.130 2 2 0 2.0 2.0 0.093 0.133 0.5149 0.4462 11.87 
0.131 2 2 0 2.0 2.0 0.100 0.050 0.5426 0.4410 11.87 
0.132 2 2 0 2.0 2.0 0.118 0.087 0.6085 0.4462 11.87 
0.133 2 2 0 2.0 2.0 0.126 0.065 0.5213 0.4615 11.87 
0.134 2 2 0 2.0 2.0 0.137 0.055 0.5081 0.4667 11.87 
0.135 2 2 0 2.0 2.0 0.124 0.089 0.5992 0.4510 11.88 
0.136 2 2 0 2.0 2.0 0.111 0.064 0.5575 0.4510 11.87 
0.137 2 2 0 2.0 2.0 0.111 0.145 0.5020 0.4510 11.88 
0.138 2 2 0 2.0 2.0 0.126 0.084 0.5904 0.4615 11.87 
0.139 2 2 0 2.0 2.0 0.133 0.073 0.5498 0.4615 11.88 
0.140 2 2 0 2.0 2.0 0.132 0.044 0.5149 0.4667 11.87 
0.141 2 2 0 2.0 2.0 0.115 0.038 0.5904 0.4667 11.87 
0.142 2 2 0 2.0 2.0 0.099 0.084 0.5213 0.4562 11.88 
0.143 2 2 0 2.0 2.0 0.107 0.096 0.5655 0.4615 11.87 
0.144 2 2 0 2.0 2.0 0.132 0.091 0.6273 0.4667 11.87 
0.145 2 2 0 2.0 2.0 0.137 0.090 0.5281 0.4410 11.87 
0.146 2 2 0 2.0 2.0 0.141 0.036 0.5426 0.4562 11.87 
0.147 2 2 0 2.0 2.0 0.126 0.039 0.6085 0.4615 11.86 
0.148 2 2 0 2.0 2.0 0.111 0.045 0.5281 0.4667 11.87 
0.149 2 2 0 2.0 2.0 0.116 0.054 0.5655 0.4615 11.86 
0.150 2 2 0 2.0 2.0 0.130 0.113 0.5081 0.4667 11.86 
0.151 2 2 0 2.0 2.0 0.126 0.072 0.5213 0.4667 11.87 
0.152 2 2 0 2.0 2.0 0.121 0.098 0.5426 0.4615 11.87 
0.153 2 2 0 2.0 2.0 0.115 0.037 0.4956 0.4667 11.88 
0.154 2 2 0 2.0 2.0 0.103 0.022 0.5213 0.4667 11.87 
0.155 2 2 0 2.0 2.0 0.106 0.030 0.5498 0.4723 11.87 
0.156 2 2 0 2.0 2.0 0.127 0.053 0.5354 0.4667 11.87 
0.157 2 2 0 2.0 2.0 0.131 0.094 0.5213 0.4667 11.87 
0.158 2 2 0 2.0 2.0 0.119 0.106 0.5498 0.4723 11.87 
0.159 2 2 0 2.0 2.0 0.096 0.029 0.5281 0.4723 11.87 
0.160 2 2 0 2.0 2.0 0.100 0.106 0.5149 0.4723 11.87 
0.161 2 2 0 2.0 2.0 0.115 0.054 0.6085 0.4615 11.87 
0.162 2 2 0 2.0 2.0 0.138 0.030 0.5281 0.4723 11.88 
0.163 2 2 0 2.0 2.0 0.130 0.087 0.5149 0.4562 11.88 
0.164 2 2 0 2.0 2.0 0.122 0.053 0.6085 0.4896 11.88 
0.165 2 2 0 2.0 2.0 0.103 0.119 0.5281 0.4896 11.88 
0.166 2 2 0 2.0 2.0 0.098 0.070 0.5149 0.4836 11.87 
0.167 2 2 0 2.0 2.0 0.108 0.029 0.6273 0.4779 11.88 
0.168 2 2 0 2.0 2.0 0.126 0.040 0.5354 0.4836 11.88 
0.169 2 2 0 2.0 2.0 0.132 0.053 0.5213 0.4779 11.88 
0.170 2 2 0 2.0 2.0 0.122 0.096 0.6085 0.4410 11.88 
0.171 2 2 0 2.0 2.0 0.108 0.087 0.5655 0.4779 11.87 
0.172 2 2 0 2.0 2.0 0.103 0.060 0.5354 0.4836 11.87 
0.173 2 2 0 2.0 2.0 0.122 0.100 0.5992 0.4667 11.87 
0.174 2 2 0 2.0 2.0 0.131 0.053 0.5655 0.4667 11.88 
0.175 2 2 0 2.0 2.0 0.122 0.046 0.5426 0.4836 11.88 
0.176 2 2 0 2.0 2.0 0.106 0.053 0.5992 0.4723 11.86 
0.177 2 2 0 2.0 2.0 0.094 0.065 0.5354 0.4723 11.85 
0.178 2 2 0 2.0 2.0 0.092 0.092 0.5735 0.4723 11.87 
0.179 2 2 0 2.0 2.0 0.121 0.056 0.6374 0.4836 11.86 
0.180 2 2 0 2.0 2.0 0.130 0.056 0.5655 0.4779 11.87 
0.181 2 2 0 2.0 2.0 0.119 0.091 0.5426 0.4723 11.88 
0.182 2 2 0 2.0 2.0 0.112 0.030 0.6177 0.4779 11.88 
0.183 2 2 0 2.0 2.0 0.098 0.119 0.5354 0.4667 11.88 
0.184 2 2 0 2.0 2.0 0.107 0.079 0.5735 0.4667 11.87 
0.185 2 2 0 2.0 2.0 0.116 0.060 0.5213 0.4723 11.87 
0.186 2 2 0 2.0 2.0 0.108 0.063 0.5354 0.4779 11.87 
0.187 2 2 0 2.0 2.0 0.110 0.054 0.5575 0.4615 11.87 
0.188 2 2 0 2.0 2.0 0.102 0.079 0.5426 0.4667 11.87 
0.189 2 2 0 2.0 2.0 0.088 0.043 0.5354 0.4779 11.88 
0.190 2 2 0 2.0 2.0 0.097 0.044 0.6273 0.4723 11.87 
0.191 2 2 0 2.0 2.0 0.116 0.083 0.5426 0.4723 11.88 
0.192 2 2 0 2.0 2.0 0.122 0.064 0.5281 0.4723 11.87 
0.193 2 2 0 2.0 2.0 0.121 0.083 0.6273 0.4723 11.87 
0.194 2 2 0 2.0 2.0 0.108 0.071 0.5354 0.4723 11.88 
0.195 2 2 0 2.0 2.0 0.111 0.015 0.5281 0.4723 11.88 
0.196 2 2 0 2.0 2.0 0.123 0.077 0.6273 0.4779 11.86 
0.197 2 2 0 2.0 2.0 0.130 0.069 0.5426 0.4723 11.87 
0.198 2 2 0 2.0 2.0 0.120 0.097 0.5281 0.4723 11.88 
0.199 2 2 0 2.0 2.0 0.106 0.116 0.6273 0.4779 11.87 
0.200 2 2 0 2.0 2.0 0.089 0.064 0.5426 0.4779 11.86 
0.201 2 2 1 4.0 4.0 0.093 0.064 0.5735 0.4779 11.87 
0.202 2 2 1 4.0 4.0 0.195 0.081 0.6374 0.4667 11.87 
0.203 2 2 1 4.0 4.0 0.369 0.345 0.5426 0.4779 11.85 
0.204 2 2 1 4.0 4.0 0.485 0.515 0.5498 0.4667 11.84 
0.205 2 2 1 4.0 4.0 0.529 0.511 0.6177 0.5149 11.84 
0.206 2 2 1 4.0 4.0 0.564 0.581 0.5904 0.5281 11.83 
0.207 2 2 1 4.0 4.0 0.592 0.494 0.6804 0.5354 11.83 
0.208 2 2 1 4.0 4.0 0.587 0.542 0.6474 0.5575 11.83 
0.209 2 2 1 4.0 4.0 0.525 0.558 0.6085 0.5655 11.84 
0.210 2 2 1 4.0 4.0 0.518 0.667 0.6583 0.5498 11.82 
0.211 2 2 1 4.0 4.0 0.518 0.528 0.6273 0.5904 11.84 
0.212 2 2 1 4.0 4.0 0.549 0.571 0.7434 0.5820 11.83 
0.213 2 2 1 4.0 4.0 0.503 0.498 0.6804 0.5992 11.84 
0.214 2 2 1 4.0 4.0 0.502 0.520 0.6804 0.6374 11.84 
0.215 2 2 1 4.0 4.0 0.495 0.494 0.6691 0.6273 11.84 
0.216 2 2 1 4.0 4.0 0.499 0.413 0.7302 0.6474 11.83 
0.217 2 2 1 4.0 4.0 0.519 0.454 0.6924 0.6804 11.83 
0.218 2 2 1 4.0 4.0 0.460 0.433 0.7302 0.6804 11.83 
0.219 2 2 1 4.0 4.0 0.438 0.467 0.7302 0.7044 11.84 
0.220 2 2 1 4.0 4.0 0.436 0.441 0.7302 0.7044 11.84 
0.221 2 2 1 4.0 4.0 0.464 0.459 0.7434 0.7302 11.84 
0.222 2 2 1 4.0 4.0 0.412 0.392 0.7575 0.7044 11.85 
0.223 2 2 1 4.0 4.0 0.407 0.375 0.7575 0.7169 11.84 
0.224 2 2 1 4.0 4.0 0.392 0.373 0.7872 0.7434 11.84 
0.225 2 2 1 4.0 4.0 0.406 0.349 0.7872 0.7575 11.84 
0.226 2 2 1 4.0 4.0 0.366 0.436 0.8032 0.7723 11.84 
0.227 2 2 1 4.0 4.0 0.351 0.348 0.8032 0.7723 11.85 
0.228 2 2 1 4.0 4.0 0.363 0.423 0.8366 0.7872 11.84 
0.229 2 2 1 4.0 4.0 0.394 0.287 0.8032 0.7872 11.84 
0.230 2 2 1 4.0 4.0 0.377 0.358 0.8924 0.8032 11.85 
0.231 2 2 1 4.0 4.0 0.340 0.320 0.8924 0.7872 11.85 
0.232 2 2 1 4.0 4.0 0.353 0.336 0.9125 0.7872 11.84 
0.233 2 2 1 4.0 4.0 0.327 0.325 0.9125 0.8193 11.84 
0.234 2 2 1 4.0 4.0 0.318 0.318 0.9125 0.8366 11.84 
0.235 2 2 1 4.0 4.0 0.305 0.315 0.8924 0.8366 11.85 
0.236 2 2 1 4.0 4.0 0.327 0.264 0.9338 0.7872 11.85 
0.237 2 2 1 4.0 4.0 0.323 0.296 0.9338 0.8366 11.84 
0.238 2 2 1 4.0 4.0 0.309 0.254 0.8727 0.8543 11.84 
0.239 2 2 1 4.0 4.0 0.323 0.297 1.0041 0.8727 11.83 
0.240 2 2 1 4.0 4.0 0.305 0.292 0.8727 0.8924 11.84 
0.241 2 2 1 4.0 4.0 0.286 0.273 0.9338 0.9125 11.85 
0.242 2 2 1 4.0 4.0 0.281 0.316 0.9559 0.9125 11.85 
0.243 2 2 1 4.0 4.0 0.305 0.231 0.9559 0.9125 11.85 
0.244 2 2 1 4.0 4.0 0.296 0.330 1.0298 0.9125 11.85 
0.245 2 2 1 4.0 4.0 0.282 0.224 0.8924 0.8924 11.85 
0.246 2 2 1 4.0 4.0 0.301 0.256 0.9338 0.9125 11.86 
0.247 2 2 1 4.0 4.0 0.283 0.219 0.9559 0.9338 11.85 
0.248 2 2 1 4.0 4.0 0.271 0.224 0.9125 0.9338 11.85 
0.249 2 2 1 4.0 4.0 0.278 0.231 1.0298 0.9338 11.85 
0.250 2 2 1 4.0 4.0 0.282 0.149 0.9559 0.9338 11.85 
0.251 2 2 1 4.0 4.0 0.278 0.262 1.0298 0.9338 11.85 
0.252 2 2 1 4.0 4.0 0.272 0.205 0.9796 0.9559 11.85 
0.253 2 2 1 4.0 4.0 0.268 0.228 1.0041 0.9559 11.86 
0.254 2 2 1 4.0 4.0 0.257 0.207 1.0567 0.9338 11.86 
0.255 2 2 1 4.0 4.0 0.243 0.256 1.0041 0.9559 11.86 
0.256 2 2 1 4.0 4.0 0.267 0.246 1.0567 0.9796 11.85 
0.257 2 2 1 4.0 4.0 0.256 0.156 1.0852 0.9796 11.85 
0.258 2 2 1 4.0 4.0 0.246 0.239 1.0298 0.9338 11.85 
0.259 2 2 1 4.0 4.0 0.263 0.176 1.0567 0.9796 11.86 
0.260 2 2 1 4.0 4.0 0.233 0.253 1.0567 0.9796 11.85 
0.261 2 2 1 4.0 4.0 0.209 0.175 1.0298 1.0041 11.86 
0.262 2 2 1 4.0 4.0 0.221 0.206 0.9796 1.0041 11.86 
0.263 2 2 1 4.0 4.0 0.233 0.212 1.0852 1.0041 11.85 
0.264 2 2 1 4.0 4.0 0.220 0.142 1.0567 1.0041 11.86 
0.265 2 2 1 4.0 4.0 0.229 0.221 1.1474 1.0041 11.86 
0.266 2 2 1 4.0 4.0 0.225 0.182 1.0567 1.0041 11.86 
0.267 2 2 1 4.0 4.0 0.210 0.171 1.0852 1.0041 11.86 
0.268 2 2 1 4.0 4.0 0.216 0.155 1.1474 1.0041 11.86 
0.269 2 2 1 4.0 4.0 0.230 0.144 1.0567 1.0041 11.85 
0.270 2 2 1 4.0 4.0 0.217 0.169 1.1153 1.0298 11.86 
0.271 2 2 1 4.0 4.0 0.225 0.155 1.1153 1.0298 11.86 
0.272 2 2 1 4.0 4.0 0.234 0.258 0.9559 1.0298 11.86 
0.273 2 2 1 4.0 4.0 0.214 0.154 1.0567 1.0298 11.86 
0.274 2 2 1 4.0 4.0 0.217 0.183 1.1474 1.0041 11.86 
0.275 2 2 1 4.0 4.0 0.238 0.215 1.0852 1.0298 11.86 
0.276 2 2 1 4.0 4.0 0.221 0.140 1.0852 1.0298 11.86 
0.277 2 2 1 4.0 4.0 0.230 0.181 1.1812 1.0041 11.86 
0.278 2 2 1 4.0 4.0 0.224 0.165 1.0852 1.0298 11.85 
0.279 2 2 1 4.0 4.0 0.190 0.221 1.0852 1.0298 11.86 
0.280 2 2 1 4.0 4.0 0.198 0.140 1.1474 1.0298 11.86 
0.281 2 2 1 4.0 4.0 0.210 0.182 1.1153 1.0567 11.86 
0.282 2 2 1 4.0 4.0 0.198 0.180 1.1153 1.0567 11.86 
0.283 2 2 1 4.0 4.0 0.213 0.118 1.1812 1.0567 11.86 
0.284 2 2 1 4.0 4.0 0.195 0.211 1.1153 1.0567 11.86 
0.285 2 2 1 4.0 4.0 0.179 0.168 1.1153 1.0298 11.86 
0.286 2 2 1 4.0 4.0 0.195 0.170 1.1812 1.0298 11.86 
0.287 2 2 1 4.0 4.0 0.213 0.178 1.0852 1.0298 11.85 
0.288 2 2 1 4.0 4.0 0.198 0.143 1.0298 1.0567 11.86 
0.289 2 2 1 4.0 4.0 0.207 0.152 1.1474 1.0567 11.86 
0.290 2 2 1 4.0 4.0 0.195 0.173 1.0852 1.0567 11.86 
0.291 2 2 1 4.0 4.0 0.177 0.203 1.0852 1.0567 11.86 
0.292 2 2 1 4.0 4.0 0.187 0.099 1.1812 1.0567 11.86 
0.293 2 2 1 4.0 4.0 0.199 0.161 1.1474 1.0567 11.86 
0.294 2 2 1 4.0 4.0 0.183 0.171 1.1153 1.0852 11.86 
0.295 2 2 1 4.0 4.0 0.194 0.121 1.1474 1.0852 11.86 
0.296 2 2 1 4.0 4.0 0.175 0.197 1.2169 1.0567 11.86 
0.297 2 2 1 4.0 4.0 0.147 0.158 1.1153 1.0852 11.86 
0.298 2 2 1 4.0 4.0 0.180 0.166 1.1474 1.0852 11.85 
0.299 2 2 1 4.0 4.0 0.183 0.130 1.2169 1.0852 11.85 
0.300 2 2 1 4.0 4.0 0.167 0.164 1.1474 1.0852 11.86 
0.301 2 2 1 4.0 4.0 0.185 0.155 1.0852 1.0852 11.86 
0.302 2 2 1 4.0 4.0 0.167 0.102 1.0852 1.0852 11.86 
0.303 2 2 1 4.0 4.0 0.157 0.195 1.1474 1.0852 11.86 
0.304 2 2 1 4.0 4.0 0.180 0.144 1.1153 1.0852 11.86 
0.305 2 2 1 4.0 4.0 0.175 0.182 1.1812 1.0852 11.86 
0.306 2 2 1 4.0 4.0 0.179 0.121 1.1812 1.1153 11.86 
0.307 2 2 1 4.0 4.0 0.185 0.140 1.1474 1.1153 11.86 
0.308 2 2 1 4.0 4.0 0.165 0.140 1.1474 1.1153 11.87 
0.309 2 2 1 4.0 4.0 0.164 0.112 1.2551 1.1153 11.86 
0.310 2 2 1 4.0 4.0 0.179 0.151 1.1812 1.1153 11.86 
0.311 2 2 1 4.0 4.0 0.172 0.095 1.1474 1.0852 11.86 
0.312 2 2 1 4.0 4.0 0.180 0.173 1.1812 1.1153 11.85 
0.313 2 2 1 4.0 4.0 0.170 0.110 1.2169 1.1153 11.86 
0.314 2 2 1 4.0 4.0 0.145 0.139 1.1474 1.0852 11.86 
0.315 2 2 1 4.0 4.0 0.162 0.153 1.1812 1.1153 11.85 
0.316 2 2 1 4.0 4.0 0.176 0.115 1.2169 1.1153 11.86 
0.317 2 2 1 4.0 4.0 0.161 0.142 1.1153 1.1153 11.86 
0.318 2 2 1 4.0 4.0 0.174 0.115 1.1153 1.1474 11.86 
0.319 2 2 1 4.0 4.0 0.169 0.159 1.2169 1.1474 11.87 
0.320 2 2 1 4.0 4.0 0.154 0.106 1.1474 1.1474 11.86 
0.321 2 2 1 4.0 4.0 0.181 0.131 1.1153 1.1474 11.86 
0.322 2 2 1 4.0 4.0 0.179 0.161 1.1812 1.1153 11.86 
0.323 2 2 1 4.0 4.0 0.177 0.029 1.1153 1.1153 11.87 
0.324 2 2 1 4.0 4.0 0.191 0.180 1.1474 1.1153 11.86 
0.325 2 2 1 4.0 4.0 0.157 0.096 1.1474 1.1153 11.86 
0.326 2 2 1 4.0 4.0 0.158 0.121 1.2551 1.1474 11.86 
0.327 2 2 1 4.0 4.0 0.179 0.136 1.1812 1.1474 11.86 
0.328 2 2 1 4.0 4.0 0.172 0.075 1.1153 1.1153 11.87 
0.329 2 2 1 4.0 4.0 0.183 0.102 1.0567 1.1153 11.86 
0.330 2 2 1 4.0 4.0 0.160 0.078 1.1812 1.1474 11.87 
0.331 2 2 1 4.0 4.0 0.164 0.119 1.1812 1.1474 11.86 
0.332 2 2 1 4.0 4.0 0.170 0.069 1.2169 1.1153 11.86 
0.333 2 2 1 4.0 4.0 0.168 0.186 1.2551 1.1474 11.87 
0.334 2 2 1 4.0 4.0 0.156 0.102 1.1812 1.1153 11.87 
0.335 2 2 1 4.0 4.0 0.169 0.080 1.1474 1.1474 11.86 
0.336 2 2 1 4.0 4.0 0.148 0.133 1.0298 1.1474 11.86 
0.337 2 2 1 4.0 4.0 0.139 0.051 1.2551 1.1474 11.86 
0.338 2 2 1 4.0 4.0 0.168 0.116 1.1474 1.1474 11.86 
0.339 2 2 1 4.0 4.0 0.149 0.129 1.2169 1.1153 11.86 
0.340 2 2 1 4.0 4.0 0.163 0.055 1.2169 1.1153 11.86 
0.341 2 2 1 4.0 4.0 0.166 0.125 1.1474 1.1474 11.87 
0.342 2 2 1 4.0 4.0 0.157 0.092 1.1474 1.1474 11.87 
0.343 2 2 1 4.0 4.0 0.173 0.092 1.2169 1.1474 11.85 
0.344 2 2 1 4.0 4.0 0.179 0.082 1.2551 1.1474 11.86 
0.345 2 2 1 4.0 4.0 0.162 0.127 1.1474 1.1474 11.86 
0.346 2 2 1 4.0 4.0 0.172 0.112 1.1812 1.1474 11.87 
0.347 2 2 1 4.0 4.0 0.172 0.092 1.2551 1.1474 11.85 
0.348 2 2 1 4.0 4.0 0.149 0.124 1.1812 1.1474 11.86 
0.349 2 2 1 4.0 4.0 0.176 0.045 1.1474 1.1474 11.86 
0.350 2 2 1 4.0 4.0 0.154 0.122 0.9796 1.1153 11.87 
0.351 2 2 1 4.0 4.0 0.145 0.140 1.1812 1.1153 11.85 
0.352 2 2 2 -4.0 -4.0 0.160 0.068 1.1474 1.1474 11.86 
0.353 2 2 2 -4.0 -4.0 -0.141 -0.131 1.1812 1.1474 11.84 
0.354 2 2 2 -4.0 -4.0 -0.817 -0.924 1.2551 1.0567 11.79 
0.355 2 2 2 -4.0 -4.0 -1.170 -1.582 1.1153 1.1153 11.76 
0.356 2 2 2 -4.0 -4.0 -1.453 -1.914 1.1474 1.0567 11.74 
0.357 2 2 2 -4.0 -4.0 -1.643 -1.797 1.0852 0.9559 11.73 
0.358 2 2 2 -4.0 -4.0 -1.572 -1.973 0.9796 0.9125 11.74 
0.359 2 2 2 -4.0 -4.0 -1.502 -2.068 0.9338 0.8366 11.73 
0.360 2 2 2 -4.0 -4.0 -1.577 -1.820 0.7723 0.7723 11.73 
0.361 2 2 2 -4.0 -4.0 -1.662 -1.634 0.8193 0.7302 11.72 
0.362 2 2 2 -4.0 -4.0 -1.581 -1.870 0.7169 0.6474 11.73 
0.363 2 2 2 -4.0 -4.0 -1.433 -1.974 0.6374 0.5992 11.73 
0.364 2 2 2 -4.0 -4.0 -1.473 -2.004 0.5904 0.5575 11.73 
0.365 2 2 2 -4.0 -4.0 -1.501 -1.937 0.4779 0.5020 11.73 
0.366 2 2 2 -4.0 -4.0 -1.509 -1.832 0.5081 0.4510 11.73 
0.367 2 2 2 -4.0 -4.0 -1.482 -1.800 0.5149 0.3615 11.74 
0.368 2 2 2 -4.0 -4.0 -1.547 -1.655 0.3113 0.3289 11.75 
0.369 2 2 2 -4.0 -4.0 -1.295 -1.692 0.3113 0.2868 11.75 
0.370 2 2 2 -4.0 -4.0 -1.230 -1.647 0.3016 0.2402 11.75 
0.371 2 2 2 -4.0 -4.0 -1.245 -1.556 0.2623 0.2321 11.75 
0.372 2 2 2 -4.0 -4.0 -1.251 -1.631 0.2623 0.1470 11.75 
0.373 2 2 2 -4.0 -4.0 -1.231 -1.575 0.2048 0.1076 11.75 
0.374 2 2 2 -4.0 -4.0 -1.195 -1.519 0.2048 0.0847 11.75 
0.375 2 2 2 -4.0 -4.0 -1.157 -1.394 0.1759 0.0699 11.76 
0.376 2 2 2 -4.0 -4.0 -1.110 -1.328 0.1217 0.0594 11.77 
0.377 2 2 2 -4.0 -4.0 -1.064 -1.235 0.0936 0.0518 11.76 
0.378 2 2 2 -4.0 -4.0 -1.025 -1.243 0.0759 -0.0466 11.77 
0.379 2 2 2 -4.0 -4.0 -0.984 -1.157 -0.0695 -0.0466 11.78 
0.380 2 2 2 -4.0 -4.0 -0.965 -1.034 -0.0695 -0.2113 11.77 
0.381 2 2 2 -4.0 -4.0 -0.939 -1.296 -0.1856 -0.2113 11.77 
0.382 2 2 2 -4.0 -4.0 -0.908 -1.236 -0.1856 -0.2731 11.78 
0.383 2 2 2 -4.0 -4.0 -0.882 -1.320 -0.2157 -0.2972 11.78 
0.384 2 2 2 -4.0 -4.0 -0.893 -1.142 -0.2157 -0.3289 11.78 
0.385 2 2 2 -4.0 -4.0 -0.821 -1.042 -0.2522 -0.3582 11.79 
0.386 2 2 2 -4.0 -4.0 -0.763 -0.948 -0.2478 -0.4016 11.78 
0.387 2 2 2 -4.0 -4.0 -0.746 -0.948 -0.3137 -0.4097 11.79 
0.388 2 2 2 -4.0 -4.0 -0.737 -0.884 -0.3823 -0.4225 11.79 
0.389 2 2 2 -4.0 -4.0 -0.719 -0.886 -0.3550 -0.4362 11.79 
0.390 2 2 2 -4.0 -4.0 -0.694 -0.873 -0.3402 -0.4667 11.78 
0.391 2 2 2 -4.0 -4.0 -0.683 -0.876 -0.4016 -0.4836 11.79 
0.392 2 2 2 -4.0 -4.0 -0.673 -0.780 -0.4056 -0.5081 11.80 
0.393 2 2 2 -4.0 -4.0 -0.707 -0.740 -0.4181 -0.5213 11.80 
0.394 2 2 2 -4.0 -4.0 -0.665 -0.644 -0.4137 -0.5354 11.81 
0.395 2 2 2 -4.0 -4.0 -0.592 -0.707 -0.5020 -0.5426 11.81 
0.396 2 2 2 -4.0 -4.0 -0.555 -0.786 -0.5020 -0.5735 11.81 
0.397 2 2 2 -4.0 -4.0 -0.548 -0.972 -0.4723 -0.6085 11.81 
0.398 2 2 2 -4.0 -4.0 -0.544 -0.761 -0.5575 -0.6085 11.82 
0.399 2 2 2 -4.0 -4.0 -0.557 -0.845 -0.5149 -0.6474 11.81 
0.400 2 2 2 -4.0 -4.0 -0.506 -0.590 -0.5213 -0.6691 11.82 
0.401 2 2 2 -4.0 -4.0 -0.493 -0.642 -0.6177 -0.6804 11.82 
0.402 2 2 2 -4.0 -4.0 -0.494 -0.592 -0.5655 -0.6924 11.82 
0.403 2 2 2 -4.0 -4.0 -0.487 -0.518 -0.5575 -0.7044 11.82 
0.404 2 2 2 -4.0 -4.0 -0.487 -0.493 -0.6085 -0.7169 11.82 
0.405 2 2 2 -4.0 -4.0 -0.517 -0.455 -0.5904 -0.6924 11.82 
0.406 2 2 2 -4.0 -4.0 -0.457 -0.536 -0.5992 -0.7434 11.82 
0.407 2 2 2 -4.0 -4.0 -0.453 -0.540 -0.6085 -0.6924 11.82 
0.408 2 2 2 -4.0 -4.0 -0.441 -0.624 -0.5735 -0.7575 11.82 
0.409 2 2 2 -4.0 -4.0 -0.450 -0.624 -0.6474 -0.7723 11.82 
0.410 2 2 2 -4.0 -4.0 -0.433 -0.761 -0.6374 -0.8032 11.82 
0.411 2 2 2 -4.0 -4.0 -0.410 -0.471 -0.6583 -0.7872 11.83 
0.412 2 2 2 -4.0 -4.0 -0.391 -0.475 -0.6691 -0.7872 11.83 
0.413 2 2 2 -4.0 -4.0 -0.398 -0.411 -0.6804 -0.8193 11.83 
0.414 2 2 2 -4.0 -4.0 -0.392 -0.433 -0.7044 -0.8193 11.82 
0.415 2 2 2 -4.0 -4.0 -0.399 -0.426 -0.6583 -0.8193 11.83 
0.416 2 2 2 -4.0 -4.0 -0.366 -0.343 -0.7434 -0.8366 11.83 
0.417 2 2 2 -4.0 -4.0 -0.345 -0.388 -0.6804 -0.8543 11.83 
0.418 2 2 2 -4.0 -4.0 -0.337 -0.404 -0.7575 -0.8727 11.83 
0.419 2 2 2 -4.0 -4.0 -0.344 -0.540 -0.6374 -0.8727 11.83 
0.420 2 2 2 -4.0 -4.0 -0.342 -0.510 -0.7723 -0.8924 11.83 
0.421 2 2 2 -4.0 -4.0 -0.310 -0.607 -0.7302 -0.9125 11.83 
0.422 2 2 2 -4.0 -4.0 -0.323 -0.437 -0.7575 -0.9338 11.84 
0.423 2 2 2 -4.0 -4.0 -0.368 -0.393 -0.7575 -0.9338 11.84 
0.424 2 2 2 -4.0 -4.0 -0.332 -0.348 -0.8032 -0.9338 11.84 
0.425 2 2 2 -4.0 -4.0 -0.299 -0.331 -0.7723 -0.9559 11.83 
0.426 2 2 2 -4.0 -4.0 -0.291 -0.346 -0.8032 -0.9559 11.84 
0.427 2 2 2 -4.0 -4.0 -0.302 -0.331 -0.7723 -0.9796 11.83 
0.428 2 2 2 -4.0 -4.0 -0.298 -0.323 -0.8193 -0.9796 11.83 
0.429 2 2 2 -4.0 -4.0 -0.298 -0.455 -0.7872 -0.9796 11.84 
0.430 2 2 2 -4.0 -4.0 -0.280 -0.582 -0.8366 -0.9559 11.84 
0.431 2 2 2 -4.0 -4.0 -0.300 -0.414 -0.7575 -0.9559 11.84 
0.432 2 2 2 -4.0 -4.0 -0.289 -0.368 -0.8366 -1.0041 11.84 
0.433 2 2 2 -4.0 -4.0 -0.276 -0.299 -0.7575 -1.0041 11.84 
0.434 2 2 2 -4.0 -4.0 -0.247 -0.284 -0.8543 -0.9796 11.83 
0.435 2 2 2 -4.0 -4.0 -0.238 -0.266 -0.7872 -0.9796 11.83 
0.436 2 2 2 -4.0 -4.0 -0.243 -0.300 -0.8727 -1.0041 11.83 
0.437 2 2 2 -4.0 -4.0 -0.239 -0.282 -0.7872 -1.0041 11.84 
0.438 2 2 2 -4.0 -4.0 -0.266 -0.236 -0.8727 -1.0298 11.84 
0.439 2 2 2 -4.0 -4.0 -0.260 -0.248 -0.8727 -1.0298 11.84 
0.440 2 2 2 -4.0 -4.0 -0.250 -0.258 -0.8924 -1.0298 11.85 
0.441 2 2 2 -4.0 -4.0 -0.226 -0.328 -0.8924 -1.0298 11.85 
0.442 2 2 2 -4.0 -4.0 -0.238 -0.415 -0.8727 -1.0567 11.85 
0.443 2 2 2 -4.0 -4.0 -0.253 -0.415 -0.8924 -1.0567 11.84 
0.444 2 2 2 -4.0 -4.0 -0.240 -0.236 -0.8193 -1.0567 11.84 
0.445 2 2 2 -4.0 -4.0 -0.238 -0.266 -0.8924 -1.0567 11.84 
0.446 2 2 2 -4.0 -4.0 -0.243 -0.217 -0.9125 -1.0567 11.85 
0.447 2 2 2 -4.0 -4.0 -0.232 -0.220 -0.9125 -1.0852 11.85 
0.448 2 2 2 -4.0 -4.0 -0.209 -0.303 -0.9338 -1.0852 11.85 
0.449 2 2 2 -4.0 -4.0 -0.214 -0.419 -0.8727 -1.0567 11.83 
0.450 2 2 2 -4.0 -4.0 -0.229 -0.436 -0.9338 -1.0852 11.84 
0.451 2 2 2 -4.0 -4.0 -0.214 -0.240 -0.9125 -1.1153 11.85 
0.452 2 2 2 -4.0 -4.0 -0.220 -0.236 -0.9559 -1.1153 11.84 
0.453 2 2 2 -4.0 -4.0 -0.226 -0.208 -0.9338 -1.0852 11.85 
0.454 2 2 2 -4.0 -4.0 -0.214 -0.168 -0.9338 -1.0852 11.85 
0.455 2 2 2 -4.0 -4.0 -0.195 -0.269 -0.9338 -1.1153 11.85 
0.456 2 2 2 -4.0 -4.0 -0.199 -0.335 -0.9125 -1.1153 11.85 
0.457 2 2 2 -4.0 -4.0 -0.206 -0.381 -0.9338 -1.1153 11.84 
0.458 2 2 2 -4.0 -4.0 -0.203 -0.250 -0.8543 -1.1153 11.85 
0.459 2 2 2 -4.0 -4.0 -0.202 -0.206 -0.9559 -1.1153 11.85 
0.460 2 2 2 -4.0 -4.0 -0.205 -0.195 -0.9559 -1.1153 11.84 
0.461 2 2 2 -4.0 -4.0 -0.205 -0.146 -0.9796 -1.1153 11.84 
0.462 2 2 2 -4.0 -4.0 -0.188 -0.233 -1.0041 -1.1153 11.85 
0.463 2 2 2 -4.0 -4.0 -0.197 -0.357 -0.8727 -1.1153 11.85 
0.464 2 2 2 -4.0 -4.0 -0.202 -0.374 -0.9796 -1.1153 11.85 
0.465 2 2 2 -4.0 -4.0 -0.182 -0.199 -1.0041 -1.1474 11.85 
0.466 2 2 2 -4.0 -4.0 -0.212 -0.198 -0.9796 -1.1474 11.85 
0.467 2 2 2 -4.0 -4.0 -0.190 -0.170 -1.0567 -1.1153 11.85 
0.468 2 2 2 -4.0 -4.0 -0.167 -0.143 -0.9796 -1.1474 11.85 
0.469 2 2 2 -4.0 -4.0 -0.177 -0.319 -1.0041 -1.1812 11.85 
0.470 2 2 2 -4.0 -4.0 -0.187 -0.240 -1.0567 -1.1474 11.85 
0.471 2 2 2 -4.0 -4.0 -0.182 -0.248 -0.9796 -1.1474 11.85 
0.472 2 2 2 -4.0 -4.0 -0.182 -0.252 -1.0298 -1.1474 11.86 
0.473 2 2 2 -4.0 -4.0 -0.191 -0.193 -0.8924 -1.1474 11.85 
0.474 2 2 2 -4.0 -4.0 -0.188 -0.176 -1.0041 -1.1474 11.85 
0.475 2 2 2 -4.0 -4.0 -0.155 -0.244 -1.0298 -1.1474 11.85 
0.476 2 2 2 -4.0 -4.0 -0.171 -0.365 -0.9559 -1.1474 11.85 
0.477 2 2 2 -4.0 -4.0 -0.178 -0.221 -1.0298 -1.1474 11.84 
0.478 2 2 2 -4.0 -4.0 -0.160 -0.227 -1.0567 -1.1474 11.86 
0.479 2 2 2 -4.0 -4.0 -0.191 -0.205 -1.0298 -1.1474 11.85 
0.480 2 2 2 -4.0 -4.0 -0.187 -0.157 -1.0567 -1.1812 11.86 
0.481 2 2 2 -4.0 -4.0 -0.162 -0.169 -0.9796 -1.1812 11.86 
0.482 2 2 2 -4.0 -4.0 -0.167 -0.233 -1.0298 -1.1812 11.85 
0.483 2 2 2 -4.0 -4.0 -0.181 -0.362 -1.0567 -1.2169 11.86 
0.484 2 2 2 -4.0 -4.0 -0.170 -0.173 -0.9796 -1.1812 11.85 
0.485 2 2 2 -4.0 -4.0 -0.151 -0.156 -1.0298 -1.1812 11.85 
0.486 2 2 2 -4.0 -4.0 -0.180 -0.111 -1.0852 -1.2169 11.86 
0.487 2 2 2 -4.0 -4.0 -0.156 -0.099 -0.9796 -1.1812 11.86 
0.488 2 2 2 -4.0 -4.0 -0.142 -0.122 -1.0298 -1.2169 11.85 
0.489 2 2 2 -4.0 -4.0 -0.155 -0.249 -1.0852 -1.2169 11.85 
0.490 2 2 2 -4.0 -4.0 -0.163 -0.405 -1.0298 -1.2169 11.85 
0.491 2 2 2 -4.0 -4.0 -0.142 -0.150 -1.0567 -1.2169 11.86 
0.492 2 2 2 -4.0 -4.0 -0.158 -0.152 -0.9796 -1.2169 11.85 
0.493 2 2 2 -4.0 -4.0 -0.145 -0.124 -1.0567 -1.2169 11.85 
0.494 2 2 2 -4.0 -4.0 -0.128 -0.101 -1.0852 -1.1812 11.86 
0.495 2 2 2 -4.0 -4.0 -0.146 -0.170 -0.8924 -1.2169 11.85 
0.496 2 2 2 -4.0 -4.0 -0.159 -0.293 -1.0852 -1.2169 11.85 
0.497 2 2 2 -4.0 -4.0 -0.148 -0.346 -1.0852 -1.2169 11.86 
0.498 2 2 2 -4.0 -4.0 -0.169 -0.210 -1.0567 -1.2169 11.85 
0.499 2 2 2 -4.0 -4.0 -0.162 -0.145 -1.0852 -1.2169 11.86 
0.500 2 2 2 -4.0 -4.0 -0.144 -0.154 -1.0852 -1.2551 11.86 
0.501 2 2 2 -4.0 -4.0 -0.149 -0.123 -1.0567 -1.2169 11.85 
0.502 2 2 2 -4.0 -4.0 -0.156 -0.117 -1.0852 -1.2169 11.86 
0.503 2 2 3 0.0 0.0 -0.146 -0.252 -1.0041 -1.2169 11.86 
0.504 2 2 3 0.0 0.0 0.010 -0.144 -1.0567 -1.2169 11.87 
0.505 2 2 3 0.0 0.0 0.288 0.377 -1.1153 -1.2169 11.87 
0.506 2 2 3 0.0 0.0 0.564 0.642 -1.0298 -1.2169 11.87 
0.507 2 2 3 0.0 0.0 0.747 0.844 -1.0298 -1.1812 11.88 
0.508 2 2 3 0.0 0.0 0.697 0.992 -1.0298 -1.1474 11.88 
0.509 2 2 3 0.0 0.0 0.719 0.844 -0.9559 -1.1153 11.87 
0.510 2 2 3 0.0 0.0 0.782 0.879 -0.9796 -1.0567 11.88 
0.511 2 2 3 0.0 0.0 0.800 0.987 -0.8366 -1.0298 11.88 
0.512 2 2 3 0.0 0.0 0.692 0.845 -0.8193 -1.0041 11.88 
0.513 2 2 3 0.0 0.0 0.689 0.833 -0.7872 -0.9796 11.88 
0.514 2 2 3 0.0 0.0 0.721 0.893 -0.7723 -0.9559 11.88 
0.515 2 2 3 0.0 0.0 0.732 0.967 -0.7169 -0.9338 11.88 
0.516 2 2 3 0.0 0.0 0.616 0.809 -0.6583 -0.8924 11.88 
0.517 2 2 3 0.0 0.0 0.592 0.785 -0.7169 -0.8727 11.88 
0.518 2 2 3 0.0 0.0 0.617 0.860 -0.5655 -0.7723 11.88 
0.519 2 2 3 0.0 0.0 0.634 0.852 -0.6583 -0.7872 11.88 
0.520 2 2 3 0.0 0.0 0.636 0.767 -0.6177 -0.6804 11.88 
0.521 2 2 3 0.0 0.0 0.549 0.699 -0.5575 -0.6924 11.87 
0.522 2 2 3 0.0 0.0 0.520 0.740 -0.6177 -0.6804 11.88 
0.523 2 2 3 0.0 0.0 0.530 0.780 -0.5655 -0.6583 11.88 
0.524 2 2 3 0.0 0.0 0.542 0.756 -0.5020 -0.6691 11.88 
0.525 2 2 3 0.0 0.0 0.541 0.650 -0.5281 -0.5992 11.88 
0.526 2 2 3 0.0 0.0 0.522 0.560 -0.4896 -0.5992 11.88 
0.527 2 2 3 0.0 0.0 0.427 0.607 -0.3715 -0.5735 11.88 
0.528 2 2 3 0.0 0.0 0.400 0.616 -0.4510 -0.5426 11.88 
0.529 2 2 3 0.0 0.0 0.404 0.575 -0.4562 -0.5354 11.88 
0.530 2 2 3 0.0 0.0 0.423 0.592 -0.3936 -0.5081 11.88 
0.531 2 2 3 0.0 0.0 0.427 0.476 -0.3317 -0.4896 11.88 
0.532 2 2 3 0.0 0.0 0.419 0.471 -0.3936 -0.4723 11.88 
0.533 2 2 3 0.0 0.0 0.405 0.488 -0.3374 -0.4462 11.88 
0.534 2 2 3 0.0 0.0 0.375 0.482 -0.3265 -0.4317 11.88 
0.535 2 2 3 0.0 0.0 0.349 0.536 -0.3265 -0.3976 11.88 
0.536 2 2 3 0.0 0.0 0.295 0.467 -0.2888 -0.3936 11.87 
0.537 2 2 3 0.0 0.0 0.303 0.425 -0.3462 -0.3896 11.88 
0.538 2 2 3 0.0 0.0 0.307 0.378 -0.3374 -0.3715 11.88 
0.539 2 2 3 0.0 0.0 0.308 0.377 -0.2711 -0.3462 11.88 
0.540 2 2 3 0.0 0.0 0.308 0.365 -0.2711 -0.3346 11.88 
0.541 2 2 3 0.0 0.0 0.308 0.338 -0.2253 -0.3265 11.88 
0.542 2 2 3 0.0 0.0 0.297 0.383 -0.2253 -0.3113 11.88 
0.543 2 2 3 0.0 0.0 0.290 0.356 -0.3137 -0.3016 11.88 
0.544 2 2 3 0.0 0.0 0.263 0.398 -0.2016 -0.2807 11.88 
0.545 2 2 3 0.0 0.0 0.243 0.345 -0.1988 -0.2623 11.88 
0.546 2 2 3 0.0 0.0 0.223 0.353 -0.1988 -0.2478 11.88 
0.547 2 2 3 0.0 0.0 0.192 0.326 -0.1912 -0.2478 11.88 
0.548 2 2 3 0.0 0.0 0.174 0.263 -0.1912 -0.2478 11.88 
0.549 2 2 3 0.0 0.0 0.171 0.267 -0.1723 -0.2345 11.88 
0.550 2 2 3 0.0 0.0 0.176 0.225 -0.1723 -0.2345 11.88 
0.551 2 2 3 0.0 0.0 0.165 0.210 -0.2229 -0.2088 11.88 
0.552 2 2 3 0.0 0.0 0.168 0.224 -0.2229 -0.2088 11.88 
0.553 2 2 3 0.0 0.0 0.160 0.197 -0.1470 -0.1868 11.88 
0.554 2 2 3 0.0 0.0 0.166 0.197 -0.1378 -0.1868 11.88 
0.555 2 2 3 0.0 0.0 0.161 0.220 -0.1378 -0.1775 11.88 
0.556 2 2 3 0.0 0.0 0.157 0.155 -0.1378 -0.1775 11.88 
0.557 2 2 3 0.0 0.0 0.147 0.165 -0.1193 -0.1775 11.88 
0.558 2 2 3 0.0 0.0 0.142 0.177 -0.1193 -0.1562 11.88 
0.559 2 2 3 0.0 0.0 0.126 0.201 -0.1193 -0.1562 11.88 
0.560 2 2 3 0.0 0.0 0.115 0.190 -0.1161 -0.1498 11.88 
0.561 2 2 3 0.0 0.0 0.115 0.152 -0.0916 -0.1269 11.89 
0.562 2 2 3 0.0 0.0 0.105 0.164 -0.0916 -0.1269 11.88 
0.563 2 2 3 0.0 0.0 0.099 0.114 -0.0916 -0.1269 11.88 
0.564 2 2 3 0.0 0.0 0.096 0.118 -0.0916 -0.1141 11.88 
0.565 2 2 3 0.0 0.0 0.090 0.115 -0.1040 -0.1036 11.88 
0.566 2 2 3 0.0 0.0 0.083 0.127 -0.1040 -0.1036 11.88 
0.567 2 2 3 0.0 0.0 0.082 0.148 -0.1040 -0.1036 11.88 
0.568 2 2 3 0.0 0.0 0.076 0.117 -0.1040 -0.1036 11.88 
0.569 2 2 3 0.0 0.0 0.069 0.102 -0.0948 -0.0863 11.88 
0.570 2 2 3 0.0 0.0 0.065 0.087 -0.0767 -0.0835 11.88 
0.571 2 2 3 0.0 0.0 0.058 0.079 -0.0643 -0.0835 11.88 
0.572 2 2 3 0.0 0.0 0.059 0.092 -0.0554 -0.0835 11.88 
0.573 2 2 3 0.0 0.0 0.058 0.042 -0.0554 -0.0835 11.88 
0.574 2 2 3 0.0 0.0 0.051 0.056 -0.0554 -0.0827 11.88 
0.575 2 2 3 0.0 0.0 0.054 0.062 -0.0554 -0.0683 11.88 
0.576 2 2 3 0.0 0.0 0.034 0.060 -0.0554 -0.0614 11.89 
0.577 2 2 3 0.0 0.0 0.040 0.066 -0.0554 -0.0614 11.89 
0.578 2 2 3 0.0 0.0 0.039 0.071 -0.0554 -0.0614 11.88 
0.579 2 2 3 0.0 0.0 0.043 0.076 -0.0554 -0.0614 11.88 
0.580 2 2 3 0.0 0.0 0.042 0.082 -0.0498 -0.0614 11.88 
0.581 2 2 3 0.0 0.0 0.035 0.041 -0.0442 -0.0614 11.88 
0.582 2 2 3 0.0 0.0 0.038 0.075 -0.0398 -0.0614 11.88 
0.583 2 2 3 0.0 0.0 0.027 0.016 -0.0361 -0.0546 11.88 
0.584 2 2 3 0.0 0.0 0.027 0.049 -0.0333 -0.0482 11.88 
0.585 2 2 3 0.0 0.0 0.027 0.031 -0.0305 -0.0430 11.88 
0.586 2 2 3 0.0 0.0 0.020 0.012 -0.0305 -0.0386 11.88 
0.587 2 2 3 0.0 0.0 0.018 0.053 -0.0305 -0.0353 11.88 
0.588 2 2 3 0.0 0.0 0.022 0.000 -0.0305 -0.0325 11.89 
0.589 2 2 3 0.0 0.0 0.017 0.038 -0.0305 -0.0325 11.88 
0.590 2 2 3 0.0 0.0 0.021 0.026 -0.0305 -0.0325 11.89 
0.591 2 2 3 0.0 0.0 0.022 0.029 -0.0305 -0.0325 11.88 
0.592 2 2 3 0.0 0.0 0.018 0.046 -0.0305 -0.0325 11.88 
0.593 2 2 3 0.0 0.0 0.016 0.022 -0.0305 -0.0325 11.88 
0.594 2 2 3 0.0 0.0 0.007 0.008 -0.0305 -0.0325 11.88 
0.595 2 2 3 0.0 0.0 0.012 -0.015 -0.0305 -0.0325 11.88 
0.596 2 2 3 0.0 0.0 0.002 -0.016 -0.0305 -0.0325 11.88 
0.597 2 2 3 0.0 0.0 0.001 -0.012 -0.0305 -0.0325 11.89 
0.598 2 2 3 0.0 0.0 -0.005 -0.006 -0.0305 -0.0325 11.88 
0.599 2 2 3 0.0 0.0 0.002 0.030 -0.0285 -0.0325 11.89 
0.600 2 2 3 0.0 0.0 -0.003 0.041 -0.0265 -0.0325 11.89 
0.601 2 2 3 0.0 0.0 0.004 -0.012 -0.0249 -0.0305 11.89 
0.602 2 2 3 0.0 0.0 0.008 0.025 -0.0233 -0.0281 11.89 
0.603 2 2 3 0.0 0.0 0.010 -0.013 -0.0221 -0.0265 11.89 
0.604 2 2 3 0.0 0.0 0.006 -0.025 -0.0209 -0.0249 11.89 
0.605 2 2 3 0.0 0.0 -0.001 0.011 -0.0201 -0.0233 11.89 
0.606 2 2 3 0.0 0.0 0.008 -0.019 -0.0189 -0.0221 11.89 
0.607 2 2 3 0.0 0.0 0.007 0.012 -0.0181 -0.0209 11.88 
0.608 2 2 3 0.0 0.0 0.005 0.011 -0.0173 -0.0197 11.89 
0.609 2 2 3 0.0 0.0 0.001 0.003 -0.0165 -0.0189 11.89 
0.610 2 2 3 0.0 0.0 -0.005 0.042 -0.0161 -0.0181 11.89 
0.611 2 2 3 0.0 0.0 -0.003 -0.016 -0.0153 -0.0173 11.88 
0.612 2 2 3 0.0 0.0 0.005 -0.022 -0.0149 -0.0165 11.88 
0.613 2 2 3 0.0 0.0 0.008 -0.015 -0.0141 -0.0157 11.88 
0.614 2 2 3 0.0 0.0 0.008 -0.063 -0.0137 -0.0153 11.89 
0.615 2 2 3 0.0 0.0 0.005 -0.005 -0.0133 -0.0145 11.89 
0.616 2 2 3 0.0 0.0 0.001 0.033 -0.0129 -0.0141 11.88 
0.617 2 2 3 0.0 0.0 -0.000 0.022 -0.0125 -0.0137 11.88 
0.618 2 2 3 0.0 0.0 0.002 -0.003 -0.0120 -0.0133 11.88 
0.619 2 2 3 0.0 0.0 0.004 -0.007 -0.0116 -0.0129 11.89 
0.620 2 2 3 0.0 0.0 0.005 0.014 -0.0112 -0.0125 11.88 
0.621 2 2 3 0.0 0.0 0.001 0.026 -0.0108 -0.0120 11.88 
0.622 2 2 3 0.0 0.0 -0.001 0.004 -0.0108 -0.0116 11.89 
0.623 2 2 3 0.0 0.0 -0.003 0.031 -0.0104 -0.0112 11.88 
0.624 2 2 3 0.0 0.0 -0.004 0.017 -0.0100 -0.0108 11.88 
0.625 2 2 3 0.0 0.0 0.001 0.019 -0.0100 -0.0104 11.89 
0.626 2 2 3 0.0 0.0 0.007 -0.002 -0.0096 -0.0104 11.89 
0.627 2 2 3 0.0 0.0 0.001 -0.027 -0.0092 -0.0100 11.88 
0.628 2 2 3 0.0 0.0 0.001 0.005 -0.0092 -0.0096 11.88 
0.629 2 2 3 0.0 0.0 -0.002 0.007 -0.0088 -0.0096 11.89 
0.630 2 2 3 0.0 0.0 -0.001 -0.009 -0.0088 -0.0092 11.89 
0.631 2 2 3 0.0 0.0 -0.006 0.008 -0.0084 -0.0092 11.89 
0.632 2 2 3 0.0 0.0 -0.002 -0.008 -0.0084 -0.0088 11.89 
0.633 2 2 3 0.0 0.0 0.005 0.026 -0.0080 -0.0088 11.89 
0.634 2 2 3 0.0 0.0 0.003 0.020 -0.0080 -0.0084 11.89 
0.635 2 2 3 0.0 0.0 0.007 0.015 -0.0080 -0.0084 11.89 
0.636 2 2 3 0.0 0.0 0.004 0.026 -0.0076 -0.0080 11.89 
0.637 2 2 3 0.0 0.0 0.003 -0.004 -0.0076 -0.0080 11.89 
0.638 2 2 3 0.0 0.0 0.017 -0.010 -0.0072 -0.0076 11.89 
0.639 2 2 3 0.0 0.0 0.014 -0.050 -0.0072 -0.0076 11.88 
0.640 2 2 3 0.0 0.0 0.005 -0.023 -0.0072 -0.0076 11.89 
0.641 2 2 3 0.0 0.0 0.006 -0.036 -0.0068 -0.0072 11.89 
0.642 2 2 3 0.0 0.0 0.001 -0.026 -0.0068 -0.0072 11.89 
0.643 2 2 3 0.0 0.0 -0.004 0.018 -0.0068 -0.0072 11.89 
0.644 2 2 3 0.0 0.0 -0.002 0.022 -0.0064 -0.0068 11.89 
0.645 2 2 3 0.0 0.0 -0.000 -0.009 -0.0064 -0.0068 11.89 
0.646 2 2 3 0.0 0.0 0.005 -0.025 -0.0064 -0.0068 11.89 
0.647 2 2 3 0.0 0.0 -0.003 -0.019 -0.0064 -0.0064 11.89 
0.648 2 2 3 0.0 0.0 0.001 0.003 -0.0060 -0.0064 11.89 
0.649 2 2 3 0.0 0.0 0.004 -0.042 -0.0060 -0.0064 11.89 
0.650 2 2 3 0.0 0.0 0.005 0.015 -0.0060 -0.0064 11.88 
0.651 2 2 3 0.0 0.0 0.005 0.015 -0.0060 -0.0060 11.89 
0.652 2 2 3 0.0 0.0 0.008 -0.016 -0.0056 -0.0060 11.89 
0.653 2 2 3 0.0 0.0 -0.003 0.034 -0.0056 -0.0060 11.89 
0.654 2 2 3 0.0 0.0 -0.003 -0.012 -0.0056 -0.0060 11.89 
0.655 2 2 3 0.0 0.0 -0.000 -0.013 -0.0056 -0.0056 11.89 
0.656 2 2 3 0.0 0.0 0.003 0.022 -0.0056 -0.0056 11.89 
0.657 2 2 3 0.0 0.0 0.002 -0.004 -0.0052 -0.0056 11.89 
0.658 2 2 3 0.0 0.0 -0.001 0.009 -0.0052 -0.0056 11.89 
0.659 2 2 3 0.0 0.0 0.001 0.039 -0.0052 -0.0056 11.89 
0.660 2 2 3 0.0 0.0 0.003 0.003 -0.0052 -0.0052 11.89 
0.661 2 2 3 0.0 0.0 0.009 0.027 -0.0052 -0.0052 11.89 
0.662 2 2 3 0.0 0.0 0.008 -0.026 -0.0048 -0.0052 11.89 
0.663 2 2 3 0.0 0.0 0.005 0.007 -0.0048 -0.0052 11.89 
0.664 2 2 3 0.0 0.0 0.001 0.030 -0.0048 -0.0052 11.89 
0.665 2 2 3 0.0 0.0 0.004 -0.031 -0.0048 -0.0048 11.89 
