%% logfile from robot Sia (77)
% Sia (77)
%  1    time 0.000 sec
%  2  3  4   (mission 0), state 2, thread 1, line 0
%  5  6 Motor voltage [V] left, right: 1.3 1.3
%  7  8 Motor current left, right [A]: -0.012 -0.001
%  9 10 Wheel velocity [m/s] left, right: 0.0000 0.0000
% 11    Battery voltage [V]: 12.24
0.001 2 1 0 1.3 1.3 0.021 -0.001 0.0000 0.0000 12.23 
0.002 2 1 0 1.3 1.3 0.126 0.045 0.0000 0.0000 12.22 
0.003 2 1 0 1.3 1.3 0.206 0.117 0.0000 0.0000 12.22 
0.004 2 1 0 1.3 1.3 0.251 0.167 0.0000 0.0000 12.24 
0.005 2 1 0 1.3 1.3 0.282 0.186 0.0000 0.0000 12.22 
0.006 2 1 0 1.3 1.3 0.290 0.188 0.0000 0.0000 12.21 
0.007 2 1 0 1.3 1.3 0.289 0.182 0.0000 0.0000 12.21 
0.008 2 1 0 1.3 1.3 0.298 0.190 0.0000 0.0000 12.22 
0.009 2 1 0 1.3 1.3 0.290 0.189 0.0000 0.0000 12.21 
0.010 2 1 0 1.3 1.3 0.287 0.191 0.0000 0.0000 12.21 
0.011 2 1 0 1.3 1.3 0.288 0.179 0.0000 0.0000 12.21 
0.012 2 1 0 1.3 1.3 0.281 0.197 0.0000 0.0000 12.21 
0.013 2 1 0 1.3 1.3 0.267 0.182 0.0000 0.0000 12.22 
0.014 2 1 0 1.3 1.3 0.260 0.181 0.0000 0.0000 12.22 
0.015 2 1 0 1.3 1.3 0.259 0.172 0.0647 0.0000 12.22 
0.016 2 1 0 1.3 1.3 0.252 0.167 0.0647 0.0000 12.21 
0.017 2 1 0 1.3 1.3 0.241 0.177 0.0647 0.0000 12.22 
0.018 2 1 0 1.3 1.3 0.237 0.162 0.0647 0.0000 12.22 
0.019 2 1 0 1.3 1.3 0.240 0.166 0.1016 0.0000 12.22 
0.020 2 1 0 1.3 1.3 0.234 0.159 0.1016 0.0000 12.21 
0.021 2 1 0 1.3 1.3 0.237 0.170 0.1016 0.0000 12.22 
0.022 2 1 0 1.3 1.3 0.211 0.156 0.1205 0.0000 12.21 
0.023 2 1 0 1.3 1.3 0.206 0.162 0.1205 0.0000 12.19 
0.024 2 1 0 1.3 1.3 0.187 0.149 0.1205 0.0606 12.20 
0.025 2 1 0 1.3 1.3 0.169 0.163 0.1454 0.0606 12.22 
0.026 2 1 0 1.3 1.3 0.163 0.159 0.1454 0.0606 12.22 
0.027 2 1 0 1.3 1.3 0.185 0.159 0.1502 0.0606 12.22 
0.028 2 1 0 1.3 1.3 0.183 0.140 0.1502 0.0606 12.22 
0.029 2 1 0 1.3 1.3 0.213 0.142 0.1502 0.0735 12.22 
0.030 2 1 0 1.3 1.3 0.200 0.131 0.1759 0.0735 12.22 
0.031 2 1 0 1.3 1.3 0.189 0.129 0.1759 0.0735 12.22 
0.032 2 1 0 1.3 1.3 0.176 0.121 0.1831 0.1181 12.22 
0.033 2 1 0 1.3 1.3 0.163 0.108 0.1831 0.1181 12.22 
0.034 2 1 0 1.3 1.3 0.168 0.116 0.1940 0.1181 12.23 
0.035 2 1 0 1.3 1.3 0.164 0.110 0.1940 0.1181 12.23 
0.036 2 1 0 1.3 1.3 0.146 0.122 0.1715 0.0980 12.22 
0.037 2 1 0 1.3 1.3 0.155 0.113 0.1715 0.0980 12.22 
0.038 2 1 0 1.3 1.3 0.154 0.108 0.2048 0.0980 12.22 
0.039 2 1 0 1.3 1.3 0.152 0.124 0.2048 0.0980 12.22 
0.040 2 1 0 1.3 1.3 0.138 0.113 0.2293 0.1189 12.22 
0.041 2 1 0 1.3 1.3 0.134 0.111 0.2293 0.1189 12.22 
0.042 2 1 0 1.3 1.3 0.117 0.126 0.2193 0.1189 12.22 
0.043 2 1 0 1.3 1.3 0.116 0.117 0.2193 0.1269 12.21 
0.044 2 1 0 1.3 1.3 0.112 0.131 0.1884 0.1269 12.21 
0.045 2 1 0 1.3 1.3 0.127 0.129 0.1884 0.1751 12.21 
0.046 2 1 0 1.3 1.3 0.147 0.111 0.2321 0.1751 12.22 
0.047 2 1 0 1.3 1.3 0.172 0.103 0.2305 0.1751 12.22 
0.048 2 1 0 1.3 1.3 0.174 0.104 0.2305 0.1257 12.22 
0.049 2 1 0 1.3 1.3 0.164 0.103 0.2462 0.1257 12.21 
0.050 2 1 0 1.3 1.3 0.155 0.121 0.2462 0.1257 12.22 
0.051 2 1 0 1.3 1.3 0.135 0.102 0.2374 0.1422 12.22 
0.052 2 1 0 1.3 1.3 0.207 0.115 0.2538 0.1422 12.20 
0.053 2 1 0 1.3 1.3 0.233 -0.037 0.2538 0.1422 12.20 
0.054 2 1 0 1.3 1.3 0.146 0.037 0.2478 0.1498 12.22 
0.055 2 1 0 1.3 1.3 0.115 0.074 0.2623 0.1498 12.22 
0.056 2 1 0 1.3 1.3 0.104 0.070 0.2623 0.1876 12.22 
0.057 2 1 0 1.3 1.3 0.122 0.090 0.2538 0.1876 12.21 
0.058 2 1 0 1.3 1.3 0.142 0.084 0.2538 0.1651 12.21 
0.059 2 1 0 1.3 1.3 0.149 0.076 0.2747 0.1301 12.22 
0.060 2 1 0 1.3 1.3 0.136 0.083 0.2731 0.1301 12.24 
0.061 2 1 0 1.3 1.3 0.131 0.094 0.2827 0.1301 12.23 
0.062 2 1 0 1.3 1.3 0.116 0.106 0.2827 0.1590 12.22 
0.063 2 1 0 1.3 1.3 0.093 0.098 0.2522 0.1590 12.22 
0.064 2 1 0 1.3 1.3 0.087 0.108 0.2827 0.1651 12.22 
0.065 2 1 0 1.3 1.3 0.097 0.105 0.2827 0.1651 12.22 
0.066 2 1 0 1.3 1.3 0.110 0.098 0.2928 0.2193 12.22 
0.067 2 1 0 1.3 1.3 0.109 0.102 0.2908 0.2193 12.21 
0.068 2 1 0 1.3 1.3 0.100 0.085 0.2908 0.1566 12.22 
0.069 2 1 0 1.3 1.3 0.102 0.083 0.2711 0.1554 12.22 
0.070 2 1 0 1.3 1.3 0.100 0.094 0.2972 0.1554 12.22 
0.071 2 1 0 1.3 1.3 0.127 0.080 0.2868 0.1699 12.23 
0.072 2 1 0 1.3 1.3 0.137 0.085 0.2868 0.1699 12.22 
0.073 2 1 0 1.3 1.3 0.133 0.070 0.3016 0.1639 12.22 
0.074 2 1 0 1.3 1.3 0.117 0.077 0.2807 0.1639 12.21 
0.075 2 1 0 1.3 1.3 0.114 0.070 0.3064 0.2253 12.24 
0.076 2 1 0 1.3 1.3 0.105 0.069 0.3064 0.2253 12.25 
0.077 2 1 0 1.3 1.3 0.109 0.073 0.2972 0.1735 12.22 
0.078 2 1 0 1.3 1.3 0.094 0.054 0.3137 0.1735 12.22 
0.079 2 1 0 1.3 1.3 0.077 0.072 0.3185 0.1735 12.22 
0.080 2 1 0 1.3 1.3 0.090 0.057 0.3185 0.1791 12.22 
0.081 2 1 0 1.3 1.3 0.113 0.074 0.3185 0.1791 12.22 
0.082 2 1 0 1.3 1.3 0.116 0.085 0.3064 0.1518 12.22 
0.083 2 1 0 1.3 1.3 0.115 0.082 0.3265 0.1518 12.22 
0.084 2 1 0 1.3 1.3 0.106 0.088 0.3185 0.2418 12.21 
0.085 2 1 0 1.3 1.3 0.093 0.078 0.3185 0.2418 12.21 
0.086 2 1 0 1.3 1.3 0.086 0.076 0.3237 0.1671 12.22 
0.087 2 1 0 1.3 1.3 0.086 0.072 0.2972 0.1671 12.24 
0.088 2 1 0 1.3 1.3 0.087 0.062 0.3289 0.1671 12.23 
0.089 2 1 0 1.3 1.3 0.087 0.081 0.3161 0.1839 12.21 
0.090 2 1 0 1.3 1.3 0.090 0.064 0.3161 0.1839 12.22 
0.091 2 1 0 1.3 1.3 0.096 0.064 0.3346 0.1884 12.22 
0.092 2 1 0 1.3 1.3 0.112 0.060 0.3213 0.2462 12.22 
0.093 2 1 0 1.3 1.3 0.121 0.060 0.3402 0.2462 12.22 
0.094 2 1 0 1.3 1.3 0.113 0.068 0.3213 0.1823 12.22 
0.095 2 1 0 1.3 1.3 0.108 0.057 0.3213 0.1815 12.22 
0.096 2 1 0 1.3 1.3 0.084 0.074 0.3430 0.1815 12.22 
0.097 2 1 0 1.3 1.3 0.087 0.066 0.3265 0.1884 12.22 
0.098 2 1 0 1.3 1.3 0.074 0.075 0.3462 0.1884 12.22 
0.099 2 1 0 1.3 1.3 0.073 0.082 0.3237 0.1956 12.24 
0.100 2 1 0 1.3 1.3 0.090 0.094 0.3462 0.2510 12.23 
0.101 2 1 0 1.3 1.3 0.097 0.104 0.3430 0.2510 12.22 
0.102 2 1 0 1.3 1.3 0.104 0.085 0.3430 0.1815 12.21 
0.103 2 1 0 1.3 1.3 0.099 0.085 0.3490 0.1590 12.23 
0.104 2 1 0 1.3 1.3 0.095 0.078 0.3016 0.1590 12.22 
0.105 2 1 0 1.3 1.3 0.082 0.066 0.3490 0.1948 12.22 
0.106 2 1 0 1.3 1.3 0.066 0.047 0.3787 0.1948 12.21 
0.107 2 1 0 1.3 1.3 0.071 0.040 0.3550 0.2133 12.22 
0.108 2 1 0 1.3 1.3 0.065 0.052 0.3374 0.2510 12.21 
0.109 2 1 0 1.3 1.3 0.072 0.039 0.2928 0.2510 12.22 
0.110 2 1 0 1.3 1.3 0.090 0.044 0.3522 0.1868 12.21 
0.111 2 1 0 1.3 1.3 0.108 0.038 0.3430 0.1651 12.22 
0.112 2 1 0 1.3 1.3 0.116 0.056 0.3582 0.1651 12.22 
0.113 2 1 0 1.3 1.3 0.089 0.061 0.3402 0.1996 12.22 
0.114 2 1 0 1.3 1.3 0.075 0.062 0.3582 0.1996 12.22 
0.115 2 1 0 1.3 1.3 0.072 0.063 0.3582 0.2100 12.22 
0.116 2 1 0 1.3 1.3 0.066 0.064 0.3462 0.2607 12.22 
0.117 2 1 0 1.3 1.3 0.068 0.065 0.3615 0.2607 12.22 
0.118 2 1 0 1.3 1.3 0.087 0.072 0.3430 0.1775 12.22 
0.119 2 1 0 1.3 1.3 0.110 0.069 0.3651 0.1775 12.22 
0.120 2 1 0 1.3 1.3 0.108 0.069 0.3582 0.2036 12.22 
0.121 2 1 0 1.3 1.3 0.096 0.053 0.3651 0.2036 12.22 
0.122 2 1 0 1.3 1.3 0.070 0.065 0.3265 0.2028 12.22 
0.123 2 1 0 1.3 1.3 0.048 0.056 0.3651 0.2028 12.24 
0.124 2 1 0 1.3 1.3 0.069 0.056 0.3651 0.2574 12.25 
0.125 2 1 0 1.3 1.3 0.061 0.046 0.3715 0.2574 12.23 
0.126 2 1 0 1.3 1.3 0.060 0.046 0.3683 0.1847 12.23 
0.127 2 1 0 1.3 1.3 0.062 0.057 0.3374 0.1847 12.25 
0.128 2 1 0 1.3 1.3 0.070 0.049 0.3683 0.2068 12.23 
0.129 2 1 0 1.3 1.3 0.088 0.061 0.3522 0.2068 12.23 
0.130 2 1 0 1.3 1.3 0.099 0.058 0.3683 0.2125 12.22 
0.131 2 1 0 1.3 1.3 0.095 0.072 0.3374 0.2125 12.22 
0.132 2 1 0 1.3 1.3 0.077 0.059 0.3683 0.2675 12.22 
0.133 2 1 0 1.3 1.3 0.067 0.058 0.3683 0.2016 12.22 
0.134 2 1 0 1.3 1.3 0.070 0.075 0.3582 0.1847 12.23 
0.135 2 1 0 1.3 1.3 0.057 0.080 0.3715 0.1847 12.22 
0.136 2 1 0 1.3 1.3 0.051 0.057 0.3751 0.2100 12.22 
0.137 2 1 0 1.3 1.3 0.072 0.049 0.3751 0.2100 12.22 
0.138 2 1 0 1.3 1.3 0.089 0.053 0.3582 0.1920 12.22 
0.139 2 1 0 1.3 1.3 0.092 0.035 0.3787 0.2590 12.22 
0.140 2 1 0 1.3 1.3 0.078 0.035 0.3683 0.2590 12.22 
0.141 2 1 0 1.3 1.3 0.069 0.031 0.3751 0.1900 12.22 
0.142 2 1 0 1.3 1.3 0.050 0.048 0.3430 0.1900 12.22 
0.143 2 1 0 1.3 1.3 0.049 0.049 0.3787 0.2068 12.22 
0.144 2 1 0 1.3 1.3 0.053 0.056 0.3615 0.2068 12.22 
0.145 2 1 0 1.3 1.3 0.064 0.061 0.3615 0.2036 12.22 
0.146 2 1 0 1.3 1.3 0.076 0.066 0.3787 0.2036 12.22 
0.147 2 1 0 1.3 1.3 0.081 0.054 0.3582 0.2675 12.22 
0.148 2 1 0 1.3 1.3 0.089 0.071 0.3823 0.2293 12.22 
0.149 2 1 0 1.3 1.3 0.081 0.067 0.3582 0.1876 12.22 
0.150 2 1 0 1.3 1.3 0.061 0.060 0.3787 0.1876 12.22 
0.151 2 1 0 1.3 1.3 0.067 0.055 0.3651 0.2088 12.22 
0.152 2 1 0 1.3 1.3 0.062 0.057 0.3787 0.2088 12.23 
0.153 2 1 0 1.3 1.3 0.049 0.060 0.3550 0.2145 12.22 
0.154 2 1 0 1.3 1.3 0.149 0.037 0.3787 0.2639 12.21 
0.155 2 1 0 1.3 1.3 0.210 -0.111 0.3715 0.2639 12.20 
0.156 2 1 0 1.3 1.3 0.130 -0.029 0.3823 0.1775 12.23 
0.157 2 1 0 1.3 1.3 0.095 0.032 0.3550 0.1775 12.23 
0.158 2 1 0 1.3 1.3 0.071 0.048 0.3265 0.2088 12.22 
0.159 2 1 0 1.3 1.3 0.051 0.053 0.3823 0.2088 12.22 
0.160 2 1 0 1.3 1.3 0.040 0.083 0.3976 0.2133 12.22 
0.161 2 1 0 1.3 1.3 0.031 0.079 0.3823 0.2133 12.23 
0.162 2 1 0 1.3 1.3 0.045 0.087 0.3161 0.2767 12.22 
0.163 2 1 0 1.3 1.3 0.055 0.061 0.3787 0.2241 12.22 
0.164 2 1 0 1.3 1.3 0.074 0.052 0.3651 0.1948 12.22 
0.165 2 1 0 1.3 1.3 0.092 0.047 0.3860 0.1948 12.22 
0.166 2 1 0 1.3 1.3 0.086 0.051 0.3615 0.2113 12.22 
0.167 2 1 0 1.3 1.3 0.058 0.036 0.3860 0.2113 12.25 
0.168 2 1 0 1.3 1.3 0.046 0.045 0.3651 0.2016 12.23 
0.169 2 1 0 1.3 1.3 0.047 0.040 0.3860 0.2731 12.22 
0.170 2 1 0 1.3 1.3 0.046 0.037 0.3787 0.2731 12.22 
0.171 2 1 0 1.3 1.3 0.063 0.056 0.3615 0.2088 12.22 
0.172 2 1 0 1.3 1.3 0.093 0.042 0.3860 0.2088 12.22 
0.173 2 1 0 1.3 1.3 0.100 0.061 0.3787 0.2125 12.22 
0.174 2 1 0 1.3 1.3 0.078 0.058 0.3896 0.2125 12.25 
0.175 2 1 0 1.3 1.3 0.058 0.072 0.3462 0.1759 12.23 
0.176 2 1 0 1.3 1.3 0.056 0.066 0.3823 0.1759 12.22 
0.177 2 1 0 1.3 1.3 0.058 0.069 0.3936 0.2787 12.22 
0.178 2 1 0 1.3 1.3 0.049 0.060 0.3860 0.2181 12.22 
0.179 2 1 0 1.3 1.3 0.052 0.069 0.3582 0.1940 12.23 
0.180 2 1 0 1.3 1.3 0.060 0.058 0.3860 0.1940 12.22 
0.181 2 1 0 1.3 1.3 0.070 0.049 0.3683 0.2113 12.22 
0.182 2 1 0 1.3 1.3 0.084 0.054 0.3896 0.2145 12.22 
0.183 2 1 0 1.3 1.3 0.081 0.062 0.3550 0.2145 12.22 
0.184 2 1 0 1.3 1.3 0.069 0.040 0.3860 0.2807 12.22 
0.185 2 1 0 1.3 1.3 0.069 0.034 0.3751 0.2554 12.22 
0.186 2 1 0 1.3 1.3 0.061 0.053 0.3751 0.2048 12.22 
0.187 2 1 0 1.3 1.3 0.050 0.043 0.3896 0.2048 12.22 
0.188 2 1 0 1.3 1.3 0.044 0.045 0.3936 0.2113 12.21 
0.189 2 1 0 1.3 1.3 0.066 0.064 0.3896 0.2113 12.21 
0.190 2 1 0 1.3 1.3 0.082 0.075 0.3787 0.2181 12.24 
0.191 2 1 0 1.3 1.3 0.084 0.121 0.3936 0.2767 12.22 
0.192 2 1 0 1.3 1.3 0.069 0.098 0.3860 0.2767 12.22 
0.193 2 1 0 1.3 1.3 0.063 0.081 0.3896 0.1743 12.23 
0.194 2 1 0 1.3 1.3 0.063 0.070 0.3582 0.1743 12.23 
0.195 2 1 0 1.3 1.3 0.060 0.053 0.3896 0.2145 12.22 
0.196 2 1 0 1.3 1.3 0.037 0.053 0.3787 0.2145 12.22 
0.197 2 1 0 1.3 1.3 0.048 0.046 0.3936 0.2333 12.22 
0.198 2 1 0 1.3 1.3 0.074 0.041 0.3751 0.2731 12.22 
0.199 2 1 0 1.3 1.3 0.080 0.027 0.3976 0.2731 12.22 
0.200 2 1 0 1.3 1.3 0.077 0.046 0.3751 0.1948 12.22 
0.201 2 1 1 4.0 4.0 0.071 0.045 0.3936 0.1791 12.22 
0.202 2 1 1 4.0 4.0 0.149 0.075 0.3787 0.1791 12.19 
0.203 2 1 1 4.0 4.0 0.349 0.289 0.4016 0.2157 12.15 
0.204 2 1 1 4.0 4.0 0.515 0.541 0.3936 0.2462 12.12 
0.205 2 1 1 4.0 4.0 0.607 0.734 0.4181 0.3402 12.11 
0.206 2 1 1 4.0 4.0 0.606 0.768 0.4317 0.3402 12.12 
0.207 2 1 1 4.0 4.0 0.632 0.741 0.4510 0.2574 12.11 
0.208 2 1 1 4.0 4.0 0.636 0.742 0.4362 0.3265 12.12 
0.209 2 1 1 4.0 4.0 0.612 0.711 0.5213 0.3582 12.10 
0.210 2 1 1 4.0 4.0 0.604 0.682 0.5354 0.4137 12.12 
0.211 2 1 1 4.0 4.0 0.579 0.683 0.5020 0.3651 12.12 
0.212 2 1 1 4.0 4.0 0.611 0.661 0.5498 0.3976 12.12 
0.213 2 1 1 4.0 4.0 0.670 0.702 0.5820 0.4269 12.10 
0.214 2 1 1 4.0 4.0 0.569 0.670 0.6085 0.4896 12.13 
0.215 2 1 1 4.0 4.0 0.521 0.620 0.6177 0.4779 12.16 
0.216 2 1 1 4.0 4.0 0.510 0.588 0.6374 0.4779 12.17 
0.217 2 1 1 4.0 4.0 0.496 0.561 0.6583 0.5575 12.15 
0.218 2 1 1 4.0 4.0 0.494 0.531 0.6804 0.5426 12.13 
0.219 2 1 1 4.0 4.0 0.461 0.524 0.6804 0.5498 12.14 
0.220 2 1 1 4.0 4.0 0.445 0.567 0.7169 0.5655 12.14 
0.221 2 1 1 4.0 4.0 0.435 0.530 0.7169 0.5820 12.14 
0.222 2 1 1 4.0 4.0 0.489 0.479 0.7169 0.6804 12.14 
0.223 2 1 1 4.0 4.0 0.453 0.460 0.7302 0.5992 12.14 
0.224 2 1 1 4.0 4.0 0.421 0.453 0.7434 0.6273 12.15 
0.225 2 1 1 4.0 4.0 0.392 0.502 0.7872 0.6374 12.15 
0.226 2 1 1 4.0 4.0 0.416 0.458 0.7872 0.6374 12.14 
0.227 2 1 1 4.0 4.0 0.398 0.420 0.8032 0.6924 12.16 
0.228 2 1 1 4.0 4.0 0.375 0.398 0.7872 0.6804 12.17 
0.229 2 1 1 4.0 4.0 0.351 0.422 0.8193 0.6177 12.16 
0.230 2 1 1 4.0 4.0 0.384 0.410 0.8193 0.6583 12.15 
0.231 2 1 1 4.0 4.0 0.378 0.402 0.8366 0.7044 12.16 
0.232 2 1 1 4.0 4.0 0.353 0.384 0.8543 0.7302 12.15 
0.233 2 1 1 4.0 4.0 0.345 0.377 0.8727 0.7434 12.16 
0.234 2 1 1 4.0 4.0 0.362 0.424 0.8924 0.6273 12.16 
0.235 2 1 1 4.0 4.0 0.350 0.384 0.8543 0.7169 12.20 
0.236 2 1 1 4.0 4.0 0.330 0.352 0.9125 0.7575 12.18 
0.237 2 1 1 4.0 4.0 0.309 0.341 0.8543 0.7575 12.17 
0.238 2 1 1 4.0 4.0 0.363 0.376 0.8924 0.8193 12.16 
0.239 2 1 1 4.0 4.0 0.313 0.361 0.9125 0.7723 12.17 
0.240 2 1 1 4.0 4.0 0.292 0.337 0.9338 0.8032 12.17 
0.241 2 1 1 4.0 4.0 0.307 0.305 0.9338 0.7872 12.17 
0.242 2 1 1 4.0 4.0 0.313 0.320 0.9559 0.7872 12.17 
0.243 2 1 1 4.0 4.0 0.281 0.317 0.9796 0.8032 12.17 
0.244 2 1 1 4.0 4.0 0.288 0.296 0.9796 0.8193 12.17 
0.245 2 1 1 4.0 4.0 0.320 0.286 0.9796 0.8366 12.16 
0.246 2 1 1 4.0 4.0 0.288 0.313 0.9796 0.8193 12.14 
0.247 2 1 1 4.0 4.0 0.258 0.286 1.0041 0.8543 12.17 
0.248 2 1 1 4.0 4.0 0.288 0.266 1.0041 0.8032 12.20 
0.249 2 1 1 4.0 4.0 0.275 0.285 1.0041 0.8924 12.18 
0.250 2 1 1 4.0 4.0 0.251 0.299 1.0041 0.8543 12.18 
0.251 2 1 1 4.0 4.0 0.271 0.273 1.0041 0.9125 12.18 
0.252 2 1 1 4.0 4.0 0.272 0.248 1.0298 0.9125 12.17 
0.253 2 1 1 4.0 4.0 0.238 0.244 1.0298 0.8032 12.20 
0.254 2 1 1 4.0 4.0 0.247 0.256 1.0298 0.8727 12.19 
0.255 2 1 1 4.0 4.0 0.265 0.239 1.0298 0.9338 12.18 
0.256 2 1 1 4.0 4.0 0.232 0.237 1.0567 1.0041 12.18 
0.257 2 1 1 4.0 4.0 0.229 0.279 1.0298 0.8727 12.18 
0.258 2 1 1 4.0 4.0 0.402 0.165 1.0567 0.9796 12.16 
0.259 2 1 1 4.0 4.0 0.280 0.102 1.0852 0.8727 12.18 
0.260 2 1 1 4.0 4.0 0.240 0.213 1.0852 0.8727 12.18 
0.261 2 1 1 4.0 4.0 0.254 0.243 1.0567 0.9125 12.18 
0.262 2 1 1 4.0 4.0 0.227 0.202 1.0852 0.9559 12.18 
0.263 2 1 1 4.0 4.0 0.204 0.237 1.0852 1.0298 12.17 
0.264 2 1 1 4.0 4.0 0.228 0.220 1.0852 0.9796 12.19 
0.265 2 1 1 4.0 4.0 0.199 0.205 1.0852 1.0041 12.19 
0.266 2 1 1 4.0 4.0 0.207 0.184 1.1153 1.0041 12.18 
0.267 2 1 1 4.0 4.0 0.221 0.214 1.1153 1.0041 12.18 
0.268 2 1 1 4.0 4.0 0.205 0.202 1.1153 1.0852 12.19 
0.269 2 1 1 4.0 4.0 0.189 0.168 1.1153 1.0041 12.18 
0.270 2 1 1 4.0 4.0 0.225 0.203 1.1474 1.0298 12.18 
0.271 2 1 1 4.0 4.0 0.191 0.164 1.1474 1.0567 12.19 
0.272 2 1 1 4.0 4.0 0.192 0.178 1.1474 1.0567 12.22 
0.273 2 1 1 4.0 4.0 0.215 0.205 1.1153 0.8727 12.19 
0.274 2 1 1 4.0 4.0 0.186 0.214 1.1812 1.0041 12.20 
0.275 2 1 1 4.0 4.0 0.180 0.186 1.1474 1.0567 12.19 
0.276 2 1 1 4.0 4.0 0.196 0.201 1.1812 1.1153 12.18 
0.277 2 1 1 4.0 4.0 0.165 0.211 1.1812 1.0041 12.19 
0.278 2 1 1 4.0 4.0 0.195 0.172 1.1812 1.0041 12.19 
0.279 2 1 1 4.0 4.0 0.206 0.167 1.1474 1.0852 12.19 
0.280 2 1 1 4.0 4.0 0.166 0.192 1.1812 1.0298 12.20 
0.281 2 1 1 4.0 4.0 0.187 0.178 1.1812 1.0567 12.18 
0.282 2 1 1 4.0 4.0 0.168 0.169 1.1812 1.1153 12.19 
0.283 2 1 1 4.0 4.0 0.153 0.212 1.1812 1.0567 12.19 
0.284 2 1 1 4.0 4.0 0.180 0.179 1.1812 1.0852 12.19 
0.285 2 1 1 4.0 4.0 0.168 0.151 1.1812 1.1474 12.19 
0.286 2 1 1 4.0 4.0 0.138 0.174 1.1812 1.0852 12.19 
0.287 2 1 1 4.0 4.0 0.182 0.151 1.2169 1.0852 12.19 
0.288 2 1 1 4.0 4.0 0.153 0.135 1.2169 1.1474 12.22 
0.289 2 1 1 4.0 4.0 0.166 0.154 1.2169 1.0852 12.19 
0.290 2 1 1 4.0 4.0 0.191 0.150 1.2169 1.1153 12.19 
0.291 2 1 1 4.0 4.0 0.146 0.125 1.1153 1.0567 12.19 
0.292 2 1 1 4.0 4.0 0.159 0.141 1.2169 1.0852 12.22 
0.293 2 1 1 4.0 4.0 0.161 0.153 1.2169 1.1153 12.21 
0.294 2 1 1 4.0 4.0 0.138 0.132 1.2169 1.1812 12.22 
0.295 2 1 1 4.0 4.0 0.176 0.169 1.2169 1.0852 12.19 
0.296 2 1 1 4.0 4.0 0.160 0.138 1.2169 1.0852 12.20 
0.297 2 1 1 4.0 4.0 0.137 0.119 1.2169 1.1474 12.20 
0.298 2 1 1 4.0 4.0 0.164 0.145 1.2169 1.0852 12.19 
0.299 2 1 1 4.0 4.0 0.140 0.144 1.2169 1.1153 12.20 
0.300 2 1 1 4.0 4.0 0.154 0.136 1.2551 1.1812 12.16 
0.301 2 1 1 4.0 4.0 0.165 0.148 1.2551 1.1153 12.19 
0.302 2 1 1 4.0 4.0 0.134 0.125 1.2169 1.1153 12.20 
0.303 2 1 1 4.0 4.0 0.142 0.126 1.2551 1.1812 12.19 
0.304 2 1 1 4.0 4.0 0.140 0.134 1.2551 1.1153 12.20 
0.305 2 1 1 4.0 4.0 0.134 0.119 1.2551 1.1153 12.20 
0.306 2 1 1 4.0 4.0 0.166 0.146 1.2169 1.1812 12.20 
0.307 2 1 1 4.0 4.0 0.142 0.164 1.2551 1.1474 12.22 
0.308 2 1 1 4.0 4.0 0.131 0.126 1.2169 1.1812 12.20 
0.309 2 1 1 4.0 4.0 0.147 0.110 1.2551 1.1812 12.20 
0.310 2 1 1 4.0 4.0 0.124 0.136 1.2551 1.1474 12.20 
0.311 2 1 1 4.0 4.0 0.170 0.098 1.2551 1.1812 12.19 
0.312 2 1 1 4.0 4.0 0.156 0.117 1.2551 1.1474 12.20 
0.313 2 1 1 4.0 4.0 0.124 0.147 1.2551 1.2551 12.20 
0.314 2 1 1 4.0 4.0 0.149 0.112 1.2551 1.1474 12.20 
0.315 2 1 1 4.0 4.0 0.121 0.124 1.2551 1.1474 12.23 
0.316 2 1 1 4.0 4.0 0.136 0.129 1.2952 1.2169 12.20 
0.317 2 1 1 4.0 4.0 0.151 0.088 1.2952 1.1474 12.20 
0.318 2 1 1 4.0 4.0 0.112 0.120 1.2551 1.1474 12.20 
0.319 2 1 1 4.0 4.0 0.133 0.132 1.2551 1.2169 12.20 
0.320 2 1 1 4.0 4.0 0.125 0.083 1.2551 1.1812 12.20 
0.321 2 1 1 4.0 4.0 0.126 0.111 1.2551 1.1812 12.19 
0.322 2 1 1 4.0 4.0 0.158 0.122 1.2169 1.1812 12.20 
0.323 2 1 1 4.0 4.0 0.127 0.098 1.1812 1.2551 12.22 
0.324 2 1 1 4.0 4.0 0.127 0.122 1.2551 1.1812 12.23 
0.325 2 1 1 4.0 4.0 0.136 0.111 1.2551 1.2169 12.21 
0.326 2 1 1 4.0 4.0 0.097 0.098 1.2952 1.2169 12.20 
0.327 2 1 1 4.0 4.0 0.146 0.126 1.2551 1.1812 12.19 
0.328 2 1 1 4.0 4.0 0.119 0.095 1.2952 1.2169 12.20 
0.329 2 1 1 4.0 4.0 0.115 0.089 1.2952 1.1812 12.20 
0.330 2 1 1 4.0 4.0 0.126 0.112 1.2952 1.2952 12.23 
0.331 2 1 1 4.0 4.0 0.105 0.098 1.2952 1.1812 12.21 
0.332 2 1 1 4.0 4.0 0.140 0.120 1.2952 1.1812 12.20 
0.333 2 1 1 4.0 4.0 0.129 0.135 1.2551 1.2551 12.20 
0.334 2 1 1 4.0 4.0 0.102 0.114 1.2952 1.1812 12.20 
0.335 2 1 1 4.0 4.0 0.133 0.118 1.2952 1.1812 12.20 
0.336 2 1 1 4.0 4.0 0.111 0.087 1.2952 1.1812 12.20 
0.337 2 1 1 4.0 4.0 0.140 0.072 1.2952 1.2551 12.19 
0.338 2 1 1 4.0 4.0 0.142 0.102 1.3386 1.1812 12.20 
0.339 2 1 1 4.0 4.0 0.103 0.072 1.2952 1.1812 12.22 
0.340 2 1 1 4.0 4.0 0.128 0.098 1.2952 1.2551 12.20 
0.341 2 1 1 4.0 4.0 0.113 0.117 1.2952 1.1812 12.21 
0.342 2 1 1 4.0 4.0 0.138 0.088 1.2952 1.2169 12.19 
0.343 2 1 1 4.0 4.0 0.141 0.084 1.2952 1.0041 12.19 
0.344 2 1 1 4.0 4.0 0.102 0.124 1.2952 1.2551 12.21 
0.345 2 1 1 4.0 4.0 0.130 0.083 1.2551 1.2169 12.23 
0.346 2 1 1 4.0 4.0 0.108 0.111 1.2952 1.1812 12.21 
0.347 2 1 1 4.0 4.0 0.107 0.119 1.3386 1.2952 12.20 
0.348 2 1 1 4.0 4.0 0.129 0.079 1.3386 1.1812 12.20 
0.349 2 1 1 4.0 4.0 0.099 0.115 1.2952 1.1812 12.20 
0.350 2 1 1 4.0 4.0 0.121 0.098 1.2952 1.2169 12.20 
0.351 2 1 1 4.0 4.0 0.106 0.113 1.2952 1.2952 12.23 
0.352 2 1 1 4.0 4.0 0.117 0.126 1.2952 1.0852 12.21 
0.353 2 1 1 4.0 4.0 0.142 0.095 1.2952 1.2169 12.20 
0.354 2 1 1 4.0 4.0 0.094 0.098 1.2952 1.1812 12.22 
0.355 2 1 1 4.0 4.0 0.112 0.106 1.2952 1.2169 12.20 
0.356 2 1 1 4.0 4.0 0.097 0.106 1.2952 1.2169 12.21 
0.357 2 1 1 4.0 4.0 0.103 0.108 1.3386 1.2169 12.20 
0.358 2 1 1 4.0 4.0 0.135 0.125 1.2952 1.2551 12.20 
0.359 2 1 1 4.0 4.0 0.093 0.105 1.2551 1.1474 12.20 
0.360 2 1 1 4.0 4.0 0.248 0.031 1.3386 1.1812 12.18 
0.361 2 1 1 4.0 4.0 0.167 -0.020 1.3386 1.2169 12.20 
0.362 2 1 1 4.0 4.0 0.110 0.055 1.3386 1.2952 12.20 
0.363 2 1 1 4.0 4.0 0.134 0.098 1.3386 1.1812 12.21 
0.364 2 1 1 4.0 4.0 0.093 0.096 1.2952 1.1812 12.21 
0.365 2 1 1 4.0 4.0 0.106 0.082 1.3386 1.2952 12.20 
0.366 2 1 1 4.0 4.0 0.108 0.102 1.3386 1.2169 12.21 
0.367 2 1 1 4.0 4.0 0.099 0.093 1.3386 1.2169 12.20 
0.368 2 1 1 4.0 4.0 0.145 0.118 1.2952 1.2169 12.20 
0.369 2 1 1 4.0 4.0 0.109 0.102 1.3386 1.2551 12.21 
0.370 2 1 1 4.0 4.0 0.100 0.070 1.2952 1.2169 12.20 
0.371 2 1 1 4.0 4.0 0.098 0.087 1.2952 1.2169 12.20 
0.372 2 1 1 4.0 4.0 0.075 0.072 1.2952 1.2169 12.20 
0.373 2 1 1 4.0 4.0 0.138 0.073 1.2952 1.2952 12.16 
0.374 2 1 1 4.0 4.0 0.111 0.125 1.3386 1.2169 12.19 
0.375 2 1 1 4.0 4.0 0.115 0.102 1.3386 1.2551 12.20 
0.376 2 1 1 4.0 4.0 0.109 0.083 1.3386 1.2169 12.20 
0.377 2 1 1 4.0 4.0 0.091 0.108 1.3848 1.1812 12.20 
0.378 2 1 1 4.0 4.0 0.124 0.071 1.3848 1.2169 12.20 
0.379 2 1 1 4.0 4.0 0.107 0.098 1.3386 1.1812 12.20 
0.380 2 1 1 4.0 4.0 0.107 0.101 1.3386 1.2952 12.20 
0.381 2 1 1 4.0 4.0 0.112 0.056 1.3386 1.2169 12.21 
0.382 2 1 1 4.0 4.0 0.092 0.105 1.3386 1.2169 12.20 
0.383 2 1 1 4.0 4.0 0.123 0.087 1.2952 1.2169 12.21 
0.384 2 1 1 4.0 4.0 0.106 0.087 1.3386 1.2952 12.21 
0.385 2 1 1 4.0 4.0 0.095 0.101 1.2952 1.1812 12.20 
0.386 2 1 1 4.0 4.0 0.101 0.057 1.2952 1.2169 12.21 
0.387 2 1 1 4.0 4.0 0.083 0.072 1.3386 1.1812 12.21 
0.388 2 1 1 4.0 4.0 0.121 0.094 1.2551 1.2169 12.20 
0.389 2 1 1 4.0 4.0 0.104 0.060 1.3386 1.2169 12.20 
0.390 2 1 1 4.0 4.0 0.093 0.086 1.3386 1.2169 12.20 
0.391 2 1 1 4.0 4.0 0.100 0.096 1.3386 1.2952 12.20 
0.392 2 1 1 4.0 4.0 0.083 0.061 1.3386 1.1812 12.20 
0.393 2 1 1 4.0 4.0 0.119 0.098 1.3386 1.2169 12.20 
0.394 2 1 1 4.0 4.0 0.101 0.088 1.3386 1.2551 12.21 
0.395 2 1 1 4.0 4.0 0.081 0.075 1.3386 1.2952 12.21 
0.396 2 1 1 4.0 4.0 0.107 0.098 1.3386 1.2169 12.21 
0.397 2 1 1 4.0 4.0 0.085 0.074 1.3386 1.2169 12.21 
0.398 2 1 1 4.0 4.0 0.130 0.064 1.2952 1.2169 12.20 
0.399 2 1 1 4.0 4.0 0.107 0.094 1.3386 1.2952 12.20 
0.400 2 1 1 4.0 4.0 0.085 0.066 1.3386 1.2169 12.20 
0.401 2 1 1 4.0 4.0 0.112 0.075 1.3386 1.2169 12.20 
0.402 2 1 1 4.0 4.0 0.088 0.077 1.3386 1.2169 12.21 
0.403 2 1 1 4.0 4.0 0.135 0.060 1.2169 1.2169 12.20 
0.404 2 1 1 4.0 4.0 0.112 0.091 1.3386 1.2169 12.21 
0.405 2 1 1 4.0 4.0 0.096 0.076 1.3386 1.2169 12.21 
0.406 2 1 1 4.0 4.0 0.104 0.086 1.3386 1.2952 12.20 
0.407 2 1 1 4.0 4.0 0.078 0.109 1.3848 1.2169 12.21 
0.408 2 1 1 4.0 4.0 0.117 0.082 1.3848 1.2551 12.21 
0.409 2 1 1 4.0 4.0 0.093 0.078 1.3386 1.2169 12.20 
0.410 2 1 1 4.0 4.0 0.088 0.110 1.3386 1.2952 12.20 
0.411 2 1 1 4.0 4.0 0.111 0.064 1.3386 1.2551 12.20 
0.412 2 1 1 4.0 4.0 0.086 0.087 1.3386 1.2169 12.20 
0.413 2 1 1 4.0 4.0 0.133 0.075 1.2952 1.2169 12.21 
0.414 2 1 1 4.0 4.0 0.104 0.041 1.3848 1.2952 12.21 
0.415 2 1 1 4.0 4.0 0.088 0.088 1.3386 1.2169 12.23 
0.416 2 1 1 4.0 4.0 0.111 0.072 1.3386 1.2551 12.21 
0.417 2 1 1 4.0 4.0 0.085 0.100 1.3386 1.2551 12.23 
0.418 2 1 1 4.0 4.0 0.127 0.097 1.2952 1.2952 12.21 
0.419 2 1 1 4.0 4.0 0.100 0.068 1.3386 1.2551 12.24 
0.420 2 1 1 4.0 4.0 0.090 0.089 1.3386 1.2551 12.21 
0.421 2 1 1 4.0 4.0 0.095 0.094 1.3386 1.1812 12.21 
0.422 2 1 1 4.0 4.0 0.077 0.087 1.3848 1.2169 12.21 
0.423 2 1 1 4.0 4.0 0.125 0.102 1.3848 1.2551 12.20 
0.424 2 1 1 4.0 4.0 0.099 0.067 1.3386 1.2551 12.21 
0.425 2 1 1 4.0 4.0 0.088 0.068 1.3386 1.2551 12.21 
0.426 2 1 1 4.0 4.0 0.095 0.102 1.3386 1.2169 12.20 
0.427 2 1 1 4.0 4.0 0.079 0.077 1.3386 1.2551 12.21 
0.428 2 1 1 4.0 4.0 0.125 0.079 1.2952 1.2169 12.20 
0.429 2 1 1 4.0 4.0 0.090 0.104 1.3848 1.3386 12.21 
0.430 2 1 1 4.0 4.0 0.085 0.062 1.3386 1.2169 12.20 
0.431 2 1 1 4.0 4.0 0.085 0.093 1.3386 1.2169 12.21 
0.432 2 1 1 4.0 4.0 0.077 0.092 1.3386 1.2551 12.21 
0.433 2 1 1 4.0 4.0 0.127 0.067 1.3386 1.2952 12.20 
0.434 2 1 1 4.0 4.0 0.093 0.109 1.3848 1.2169 12.20 
0.435 2 1 1 4.0 4.0 0.086 0.072 1.3386 1.2551 12.20 
0.436 2 1 1 4.0 4.0 0.100 0.067 1.3386 1.2551 12.20 
0.437 2 1 1 4.0 4.0 0.087 0.108 1.3848 1.3386 12.20 
0.438 2 1 1 4.0 4.0 0.113 0.079 1.3848 1.2551 12.20 
0.439 2 1 1 4.0 4.0 0.080 0.083 1.3386 1.2169 12.21 
0.440 2 1 1 4.0 4.0 0.100 0.088 1.3386 1.2952 12.21 
0.441 2 1 1 4.0 4.0 0.100 0.072 1.3386 1.2169 12.20 
0.442 2 1 1 4.0 4.0 0.104 0.130 1.3386 1.2169 12.21 
0.443 2 1 1 4.0 4.0 0.127 0.093 1.2952 1.2551 12.21 
0.444 2 1 1 4.0 4.0 0.088 0.096 1.3386 1.2952 12.22 
0.445 2 1 1 4.0 4.0 0.098 0.096 1.3386 1.2169 12.20 
0.446 2 1 1 4.0 4.0 0.088 0.063 1.3386 1.2169 12.21 
0.447 2 1 1 4.0 4.0 0.101 0.094 1.3386 1.2169 12.20 
0.448 2 1 1 4.0 4.0 0.128 0.093 1.3386 1.2952 12.19 
0.449 2 1 1 4.0 4.0 0.077 0.059 1.3386 1.2551 12.21 
0.450 2 1 1 4.0 4.0 0.096 0.102 1.3386 1.2169 12.20 
0.451 2 1 1 4.0 4.0 0.085 0.089 1.3386 1.2551 12.17 
0.452 2 1 1 4.0 4.0 0.085 0.055 1.3848 1.3386 12.19 
0.453 2 1 1 4.0 4.0 0.113 0.098 1.3848 1.2551 12.23 
0.454 2 1 1 4.0 4.0 0.077 0.064 1.3386 1.2551 12.22 
0.455 2 1 1 4.0 4.0 0.108 0.068 1.3386 1.2551 12.21 
0.456 2 1 1 4.0 4.0 0.079 0.070 1.3386 1.2952 12.21 
0.457 2 1 1 4.0 4.0 0.092 0.052 1.3386 1.0298 12.20 
0.458 2 1 1 4.0 4.0 0.110 0.102 1.3386 1.2169 12.23 
0.459 2 1 1 4.0 4.0 0.076 0.102 1.3386 1.2551 12.22 
0.460 2 1 1 4.0 4.0 0.100 0.072 1.3386 1.3386 12.21 
0.461 2 1 1 4.0 4.0 0.078 0.091 1.3386 1.2169 12.21 
0.462 2 1 1 4.0 4.0 0.252 0.007 1.3386 1.2169 12.18 
0.463 2 1 1 4.0 4.0 0.179 -0.011 1.3386 1.2952 12.19 
0.464 2 1 1 4.0 4.0 0.084 0.055 1.3386 1.2169 12.21 
0.465 2 1 1 4.0 4.0 0.095 0.073 1.3386 1.2169 12.20 
0.466 2 1 1 4.0 4.0 0.087 0.075 1.3386 1.2169 12.23 
0.467 2 1 1 4.0 4.0 0.096 0.106 1.3848 1.2551 12.21 
0.468 2 1 1 4.0 4.0 0.108 0.060 1.2551 1.2169 12.20 
0.469 2 1 1 4.0 4.0 0.065 0.083 1.3386 1.2169 12.21 
0.470 2 1 1 4.0 4.0 0.100 0.098 1.3386 1.2169 12.20 
0.471 2 1 1 4.0 4.0 0.073 0.071 1.3386 1.2952 12.21 
0.472 2 1 1 4.0 4.0 0.108 0.097 1.3386 1.2169 12.20 
0.473 2 1 1 4.0 4.0 0.099 0.074 1.3848 1.2551 12.21 
0.474 2 1 1 4.0 4.0 0.061 0.078 1.3386 1.1812 12.21 
0.475 2 1 1 4.0 4.0 0.085 0.124 1.3386 1.2551 12.21 
0.476 2 1 1 4.0 4.0 0.066 0.071 1.3386 1.2169 12.24 
0.477 2 1 1 4.0 4.0 0.113 0.091 1.3386 1.1812 12.23 
0.478 2 1 1 4.0 4.0 0.111 0.079 1.3848 1.2169 12.21 
0.479 2 1 1 4.0 4.0 0.073 0.063 1.3848 1.2952 12.21 
0.480 2 1 1 4.0 4.0 0.096 0.103 1.3848 1.2169 12.21 
0.481 2 1 1 4.0 4.0 0.077 0.117 1.3848 1.2551 12.21 
0.482 2 1 1 4.0 4.0 0.106 0.085 1.3848 1.0298 12.20 
0.483 2 1 1 4.0 4.0 0.090 0.120 1.3386 1.2952 12.21 
0.484 2 1 1 4.0 4.0 0.076 0.077 1.2952 1.2551 12.17 
0.485 2 1 1 4.0 4.0 0.101 0.081 1.3386 1.2551 12.20 
0.486 2 1 1 4.0 4.0 0.074 0.091 1.3386 1.1812 12.21 
0.487 2 1 1 4.0 4.0 0.121 0.072 1.3386 1.2551 12.20 
0.488 2 1 1 4.0 4.0 0.107 0.103 1.3386 1.2551 12.20 
0.489 2 1 1 4.0 4.0 0.081 0.094 1.3386 1.2551 12.21 
0.490 2 1 1 4.0 4.0 0.108 0.082 1.3848 1.2551 12.20 
0.491 2 1 1 4.0 4.0 0.079 0.111 1.3848 1.2169 12.20 
0.492 2 1 1 4.0 4.0 0.128 0.068 1.3386 1.2551 12.20 
0.493 2 1 1 4.0 4.0 0.113 0.075 1.3386 1.2169 12.20 
0.494 2 1 1 4.0 4.0 0.096 0.079 1.3386 1.3386 12.20 
0.495 2 1 1 4.0 4.0 0.099 0.064 1.3386 1.2551 12.20 
0.496 2 1 1 4.0 4.0 0.082 0.086 1.3848 1.2551 12.20 
0.497 2 1 1 4.0 4.0 0.117 0.083 1.3848 1.2551 12.20 
0.498 2 1 1 4.0 4.0 0.092 0.088 1.3848 1.2952 12.21 
0.499 2 1 1 4.0 4.0 0.088 0.094 1.3848 1.1812 12.21 
0.500 2 1 1 4.0 4.0 0.096 0.074 1.3848 1.2169 12.21 
0.501 2 1 1 4.0 4.0 0.085 0.049 1.3848 1.2169 12.23 
0.502 2 1 1 4.0 4.0 0.119 0.081 1.3386 1.2952 12.21 
0.503 2 1 1 4.0 4.0 0.084 0.068 1.3848 1.2169 12.21 
0.504 2 1 1 4.0 4.0 0.088 0.088 1.3386 1.2551 12.23 
0.505 2 1 1 4.0 4.0 0.090 0.084 1.3386 1.2551 12.21 
0.506 2 1 1 4.0 4.0 0.081 0.059 1.3848 1.2551 12.20 
0.507 2 1 1 4.0 4.0 0.124 0.080 1.3386 1.2169 12.20 
0.508 2 1 1 4.0 4.0 0.085 0.067 1.3386 1.2551 12.24 
0.509 2 1 1 4.0 4.0 0.095 0.084 1.3386 1.0041 12.20 
0.510 2 1 1 4.0 4.0 0.097 0.119 1.3386 1.3386 12.21 
0.511 2 1 1 4.0 4.0 0.078 0.056 1.3848 1.2169 12.21 
0.512 2 1 1 4.0 4.0 0.101 0.079 1.3848 1.2169 12.20 
0.513 2 1 1 4.0 4.0 0.068 0.084 1.3848 1.2551 12.21 
0.514 2 1 1 4.0 4.0 0.103 0.068 1.3848 1.2551 12.20 
0.515 2 1 1 4.0 4.0 0.088 0.098 1.3848 1.2551 12.21 
0.516 2 1 1 4.0 4.0 0.095 0.083 1.3848 1.2551 12.21 
0.517 2 1 1 4.0 4.0 0.127 0.057 1.3386 1.3386 12.20 
0.518 2 1 1 4.0 4.0 0.074 0.076 1.3386 1.2551 12.21 
0.519 2 1 1 4.0 4.0 0.103 0.057 1.3386 1.2551 12.20 
0.520 2 1 1 4.0 4.0 0.074 0.085 1.3386 1.2551 12.21 
0.521 2 1 1 4.0 4.0 0.100 0.097 1.3386 1.2952 12.21 
0.522 2 1 1 4.0 4.0 0.118 0.056 1.3386 1.1812 12.20 
0.523 2 1 1 4.0 4.0 0.077 0.083 1.3386 1.2169 12.21 
0.524 2 1 1 4.0 4.0 0.103 0.079 1.3848 1.2551 12.20 
0.525 2 1 1 4.0 4.0 0.081 0.082 1.3848 1.3386 12.20 
0.526 2 1 1 4.0 4.0 0.093 0.077 1.3848 1.2551 12.21 
0.527 2 1 1 4.0 4.0 0.104 0.028 1.3386 1.2169 12.20 
0.528 2 1 1 4.0 4.0 0.064 0.061 1.3386 1.2169 12.23 
0.529 2 1 1 4.0 4.0 0.104 0.091 1.3386 1.2952 12.21 
0.530 2 1 1 4.0 4.0 0.081 0.070 1.3386 1.2169 12.24 
0.531 2 1 1 4.0 4.0 0.105 0.079 1.3848 1.2169 12.21 
0.532 2 1 1 4.0 4.0 0.100 0.076 1.3848 1.2551 12.24 
0.533 2 1 1 4.0 4.0 0.069 0.068 1.3386 1.3386 12.24 
0.534 2 1 1 4.0 4.0 0.088 0.098 1.3848 1.2551 12.24 
0.535 2 1 1 4.0 4.0 0.055 0.077 1.3848 1.2551 12.22 
0.536 2 1 1 4.0 4.0 0.104 0.077 1.3848 1.2551 12.20 
0.537 2 1 1 4.0 4.0 0.103 0.083 1.3386 1.3386 12.21 
0.538 2 1 1 4.0 4.0 0.069 0.056 1.3386 1.0852 12.21 
0.539 2 1 1 4.0 4.0 0.098 0.098 1.3386 1.2169 12.21 
0.540 2 1 1 4.0 4.0 0.073 0.090 1.3848 1.1153 12.21 
0.541 2 1 1 4.0 4.0 0.107 0.057 1.3848 1.3386 12.20 
0.542 2 1 1 4.0 4.0 0.085 0.085 1.3386 1.2169 12.21 
0.543 2 1 1 4.0 4.0 0.088 0.075 1.3386 1.2169 12.21 
0.544 2 1 1 4.0 4.0 0.109 0.072 1.3848 1.2169 12.21 
0.545 2 1 1 4.0 4.0 0.079 0.085 1.3848 1.2169 12.21 
0.546 2 1 1 4.0 4.0 0.125 0.060 1.3386 1.2169 12.20 
0.547 2 1 1 4.0 4.0 0.088 0.081 1.4342 1.2169 12.20 
0.548 2 1 1 4.0 4.0 0.071 0.097 1.3848 1.2952 12.21 
0.549 2 1 1 4.0 4.0 0.084 0.060 1.3848 1.2551 12.21 
0.550 2 1 1 4.0 4.0 0.059 0.069 1.3848 1.2551 12.20 
0.551 2 1 1 4.0 4.0 0.120 0.065 1.3386 1.2551 12.20 
0.552 2 1 1 4.0 4.0 0.078 0.087 1.3848 1.3386 12.21 
0.553 2 1 1 4.0 4.0 0.085 0.110 1.3848 1.2169 12.20 
0.554 2 1 1 4.0 4.0 0.093 0.071 1.3848 1.2551 12.21 
0.555 2 1 1 4.0 4.0 0.077 0.075 1.3848 1.2169 12.20 
0.556 2 1 1 4.0 4.0 0.109 0.098 1.3848 1.2952 12.20 
0.557 2 1 1 4.0 4.0 0.062 0.067 1.3848 1.2551 12.21 
0.558 2 1 1 4.0 4.0 0.096 0.078 1.3848 1.2169 12.20 
0.559 2 1 1 4.0 4.0 0.095 0.072 1.3848 1.2551 12.21 
0.560 2 1 1 4.0 4.0 0.090 0.087 1.3848 1.3386 12.21 
0.561 2 1 1 4.0 4.0 0.125 0.099 1.3386 1.2551 12.17 
0.562 2 1 1 4.0 4.0 0.080 0.058 1.3386 1.2551 12.20 
0.563 2 1 1 4.0 4.0 0.101 0.073 1.3386 1.2551 12.19 
0.564 2 1 1 4.0 4.0 0.228 0.023 1.3386 1.2952 12.18 
0.565 2 1 1 4.0 4.0 0.166 -0.034 1.3386 1.2551 12.20 
0.566 2 1 1 4.0 4.0 0.137 0.027 1.3386 1.2551 12.20 
0.567 2 1 1 4.0 4.0 0.091 0.058 1.3848 1.2551 12.21 
0.568 2 1 1 4.0 4.0 0.094 0.056 1.2952 1.3386 12.20 
0.569 2 1 1 4.0 4.0 0.081 0.075 1.3848 1.2169 12.21 
0.570 2 1 1 4.0 4.0 0.100 0.072 1.3848 1.2551 12.21 
0.571 2 1 1 4.0 4.0 0.103 0.064 1.3848 1.1153 12.20 
0.572 2 1 1 4.0 4.0 0.060 0.096 1.3848 1.2952 12.21 
0.573 2 1 1 4.0 4.0 0.103 0.061 1.3848 1.2551 12.17 
0.574 2 1 1 4.0 4.0 0.081 0.079 1.3848 1.2169 12.23 
0.575 2 1 1 4.0 4.0 0.113 0.080 1.3848 1.1153 12.21 
0.576 2 1 1 4.0 4.0 0.111 0.079 1.4342 1.3386 12.23 
0.577 2 1 1 4.0 4.0 0.066 0.093 1.3848 1.2551 12.21 
0.578 2 1 1 4.0 4.0 0.099 0.072 1.3848 1.2551 12.21 
0.579 2 1 1 4.0 4.0 0.069 0.071 1.2952 1.2551 12.21 
0.580 2 1 1 4.0 4.0 0.108 0.075 1.3848 1.2169 12.20 
0.581 2 1 1 4.0 4.0 0.103 0.053 1.3848 1.2551 12.20 
0.582 2 1 1 4.0 4.0 0.075 0.054 1.3848 1.2551 12.20 
0.583 2 1 1 4.0 4.0 0.108 0.064 1.3848 1.3386 12.21 
0.584 2 1 1 4.0 4.0 0.078 0.054 1.3848 1.2551 12.18 
0.585 2 1 1 4.0 4.0 0.110 0.091 1.3848 1.2551 12.19 
0.586 2 1 1 4.0 4.0 0.088 0.060 1.3386 1.2551 12.21 
0.587 2 1 1 4.0 4.0 0.071 0.087 1.3386 1.2551 12.19 
0.588 2 1 1 4.0 4.0 0.089 0.096 1.3848 1.2169 12.20 
0.589 2 1 1 4.0 4.0 0.060 0.064 1.3848 1.2551 12.24 
0.590 2 1 1 4.0 4.0 0.122 0.086 1.3386 1.2169 12.21 
0.591 2 1 1 4.0 4.0 0.092 0.088 1.3848 1.3386 12.21 
0.592 2 1 1 4.0 4.0 0.073 0.053 1.3386 1.2169 12.21 
0.593 2 1 1 4.0 4.0 0.088 0.075 1.3848 1.2169 12.20 
0.594 2 1 1 4.0 4.0 0.070 0.079 1.3848 1.2551 12.21 
0.595 2 1 1 4.0 4.0 0.123 0.071 1.3386 1.3386 12.22 
0.596 2 1 1 4.0 4.0 0.086 0.098 1.3848 1.2169 12.21 
0.597 2 1 1 4.0 4.0 0.092 0.072 1.3848 1.2551 12.24 
0.598 2 1 1 4.0 4.0 0.096 0.057 1.3848 1.2551 12.21 
0.599 2 1 1 4.0 4.0 0.079 0.091 1.3848 1.3386 12.21 
0.600 2 1 1 4.0 4.0 0.104 0.060 1.3848 1.2551 12.21 
0.601 2 1 1 4.0 4.0 0.080 0.085 1.3848 1.2551 12.21 
0.602 2 1 1 4.0 4.0 0.082 0.091 1.3848 1.2952 12.21 
0.603 2 1 1 4.0 4.0 0.085 0.057 1.3848 1.2952 12.21 
0.604 2 1 1 4.0 4.0 0.081 0.094 1.3848 1.2551 12.20 
0.605 2 1 1 4.0 4.0 0.118 0.100 1.3848 1.2551 12.20 
0.606 2 1 1 4.0 4.0 0.080 0.033 1.3848 0.9796 12.20 
0.607 2 1 1 4.0 4.0 0.098 0.065 1.3848 1.3386 12.20 
0.608 2 1 1 4.0 4.0 0.083 0.060 1.3848 1.2551 12.21 
0.609 2 1 1 4.0 4.0 0.092 0.091 1.3848 1.2551 12.23 
0.610 2 1 1 4.0 4.0 0.114 0.082 1.3386 1.1812 12.21 
0.611 2 1 1 4.0 4.0 0.061 0.048 1.3848 1.3386 12.21 
0.612 2 1 1 4.0 4.0 0.087 0.079 1.3848 1.2551 12.20 
0.613 2 1 1 4.0 4.0 0.074 0.065 1.3848 1.2551 12.21 
0.614 2 1 1 4.0 4.0 0.089 0.066 1.3848 1.2952 12.20 
0.615 2 1 1 4.0 4.0 0.104 0.100 1.2952 1.2551 12.20 
0.616 2 1 1 4.0 4.0 0.072 0.071 1.3386 1.2551 12.21 
0.617 2 1 1 4.0 4.0 0.113 0.092 1.3848 1.2551 12.20 
0.618 2 1 1 4.0 4.0 0.072 0.095 1.3848 1.2952 12.24 
0.619 2 1 1 4.0 4.0 0.114 0.064 1.3848 1.1812 12.21 
0.620 2 1 1 4.0 4.0 0.103 0.083 1.3848 1.2169 12.21 
0.621 2 1 1 4.0 4.0 0.075 0.089 1.3386 1.2551 12.21 
0.622 2 1 1 4.0 4.0 0.096 0.060 1.3848 1.3386 12.20 
0.623 2 1 1 4.0 4.0 0.054 0.094 1.3848 1.2551 12.21 
0.624 2 1 1 4.0 4.0 0.118 0.064 1.3848 1.2551 12.20 
0.625 2 1 1 4.0 4.0 0.099 0.064 1.3386 1.2551 12.21 
0.626 2 1 1 4.0 4.0 0.064 0.100 1.3848 1.3386 12.21 
0.627 2 1 1 4.0 4.0 0.092 0.083 1.3848 1.2551 12.22 
0.628 2 1 1 4.0 4.0 0.068 0.099 1.3848 1.2169 12.25 
0.629 2 1 1 4.0 4.0 0.102 0.086 1.3848 1.2551 12.22 
0.630 2 1 1 4.0 4.0 0.084 0.059 1.3386 1.3386 12.21 
0.631 2 1 1 4.0 4.0 0.070 0.087 1.3386 1.2551 12.23 
0.632 2 1 1 4.0 4.0 0.099 0.088 1.3848 1.2551 12.21 
0.633 2 1 1 4.0 4.0 0.073 0.061 1.3848 1.2551 12.21 
0.634 2 1 1 4.0 4.0 0.117 0.079 1.3386 1.2952 12.20 
0.635 2 1 1 4.0 4.0 0.091 0.038 1.3848 1.1812 12.21 
0.636 2 1 1 4.0 4.0 0.083 0.085 1.3386 1.1812 12.20 
0.637 2 1 1 4.0 4.0 0.091 0.080 1.3386 1.2551 12.21 
0.638 2 1 1 4.0 4.0 0.077 0.057 1.3848 1.3386 12.23 
0.639 2 1 1 4.0 4.0 0.119 0.099 1.3386 1.2551 12.20 
0.640 2 1 1 4.0 4.0 0.094 0.067 1.3848 1.2169 12.23 
0.641 2 1 1 4.0 4.0 0.086 0.069 1.3848 1.0567 12.21 
0.642 2 1 1 4.0 4.0 0.078 0.083 1.3848 1.2952 12.21 
0.643 2 1 1 4.0 4.0 0.072 0.072 1.3848 1.2169 12.21 
0.644 2 1 1 4.0 4.0 0.103 0.075 1.3848 1.2169 12.23 
0.645 2 1 1 4.0 4.0 0.061 0.095 1.3848 1.2169 12.21 
0.646 2 1 1 4.0 4.0 0.088 0.057 1.3848 1.2551 12.21 
0.647 2 1 1 4.0 4.0 0.090 0.072 1.3848 1.2551 12.21 
0.648 2 1 1 4.0 4.0 0.094 0.056 1.3848 1.2551 12.23 
0.649 2 1 1 4.0 4.0 0.122 0.070 1.3386 1.3386 12.23 
0.650 2 1 1 4.0 4.0 0.077 0.109 1.3386 1.2169 12.22 
0.651 2 1 1 4.0 4.0 0.089 0.061 1.3848 1.2551 12.20 
0.652 2 1 1 4.0 4.0 0.073 0.075 1.3848 1.2169 12.20 
0.653 2 1 1 4.0 4.0 0.102 0.097 1.3848 1.2952 12.20 
0.654 2 1 1 4.0 4.0 0.111 0.072 1.3386 1.2551 12.20 
0.655 2 1 1 4.0 4.0 0.070 0.080 1.3848 1.2169 12.21 
0.656 2 1 1 4.0 4.0 0.094 0.068 1.3848 1.2169 12.21 
0.657 2 1 1 4.0 4.0 0.079 0.068 1.3848 1.2952 12.20 
0.658 2 1 1 4.0 4.0 0.088 0.077 1.3848 1.2169 12.20 
0.659 2 1 1 4.0 4.0 0.092 0.060 1.3386 1.2551 12.21 
0.660 2 1 1 4.0 4.0 0.066 0.079 1.3848 1.2551 12.21 
0.661 2 1 1 4.0 4.0 0.096 0.087 1.3848 1.2952 12.21 
0.662 2 1 1 4.0 4.0 0.073 0.076 1.3848 1.2551 12.21 
0.663 2 1 1 4.0 4.0 0.110 0.092 1.3848 1.2551 12.20 
0.664 2 1 1 4.0 4.0 0.104 0.079 1.3848 1.2551 12.23 
0.665 2 1 1 4.0 4.0 0.064 0.067 1.3386 1.3386 12.23 
