%% logfile from robot Rosa (30)
% Rosa (30)
%  1    time 0.000 sec
%  2  3  4   (mission 0), state 2, thread 2, line 0
%  5  6 Motor voltage [V] left, right: 2.0 2.0
%  7  8 Motor current left, right [A]: -0.106 -0.103
%  9 10 Wheel velocity [m/s] left, right: -0.0000 -0.0000
% 11    Battery voltage [V]: 12.38
0.001 2 2 0 2.0 2.0 0.197 0.060 -0.0000 -0.0000 12.38 
0.002 2 2 0 2.0 2.0 0.419 0.202 -0.0000 -0.0000 12.37 
0.003 2 2 0 2.0 2.0 0.525 0.297 -0.0000 -0.0000 12.32 
0.004 2 2 0 2.0 2.0 0.467 0.370 -0.0000 0.0000 12.34 
0.005 2 2 0 2.0 2.0 0.491 0.480 -0.0000 0.0000 12.34 
0.006 2 2 0 2.0 2.0 0.500 0.439 -0.0000 0.0000 12.32 
0.007 2 2 0 2.0 2.0 0.466 0.428 -0.0000 0.0000 12.32 
0.008 2 2 0 2.0 2.0 0.475 0.394 -0.0000 0.0000 12.35 
0.009 2 2 0 2.0 2.0 0.502 0.410 -0.0000 0.0000 12.35 
0.010 2 2 0 2.0 2.0 0.482 0.303 0.0000 0.0699 12.36 
0.011 2 2 0 2.0 2.0 0.463 0.291 0.0000 0.0699 12.36 
0.012 2 2 0 2.0 2.0 0.492 0.218 0.0000 0.0699 12.35 
0.013 2 2 0 2.0 2.0 0.521 0.239 0.0000 0.1249 12.35 
0.014 2 2 0 2.0 2.0 0.436 0.250 0.0988 0.1249 12.35 
0.015 2 2 0 2.0 2.0 0.447 0.283 0.0988 0.1249 12.34 
0.016 2 2 0 2.0 2.0 0.425 0.361 0.0988 0.1353 12.32 
0.017 2 2 0 2.0 2.0 0.444 0.351 0.1269 0.1353 12.35 
0.018 2 2 0 2.0 2.0 0.386 0.338 0.1269 0.1353 12.33 
0.019 2 2 0 2.0 2.0 0.461 0.308 0.1269 0.1514 12.36 
0.020 2 2 0 2.0 2.0 0.387 0.243 0.1663 0.1514 12.36 
0.021 2 2 0 2.0 2.0 0.362 0.251 0.1663 0.1743 12.35 
0.022 2 2 0 2.0 2.0 0.327 0.243 0.1707 0.1743 12.34 
0.023 2 2 0 2.0 2.0 0.397 0.272 0.1707 0.1956 12.35 
0.024 2 2 0 2.0 2.0 0.339 0.305 0.2048 0.1956 12.33 
0.025 2 2 0 2.0 2.0 0.355 0.317 0.2048 0.1940 12.35 
0.026 2 2 0 2.0 2.0 0.308 0.292 0.2510 0.1940 12.36 
0.027 2 2 0 2.0 2.0 0.316 0.302 0.2538 0.2048 12.34 
0.028 2 2 0 2.0 2.0 0.282 0.278 0.2538 0.2048 12.33 
0.029 2 2 0 2.0 2.0 0.346 0.245 0.2241 0.2205 12.33 
0.030 2 2 0 2.0 2.0 0.324 0.178 0.2241 0.2623 12.35 
0.031 2 2 0 2.0 2.0 0.331 0.208 0.2538 0.2623 12.35 
0.032 2 2 0 2.0 2.0 0.254 0.227 0.2418 0.2402 12.33 
0.033 2 2 0 2.0 2.0 0.339 0.308 0.2418 0.2402 12.35 
0.034 2 2 0 2.0 2.0 0.305 0.282 0.2908 0.2434 12.36 
0.035 2 2 0 2.0 2.0 0.282 0.274 0.2787 0.2590 12.37 
0.036 2 2 0 2.0 2.0 0.312 0.267 0.2952 0.2590 12.37 
0.037 2 2 0 2.0 2.0 0.304 0.230 0.2952 0.2607 12.36 
0.038 2 2 0 2.0 2.0 0.331 0.241 0.2928 0.2623 12.35 
0.039 2 2 0 2.0 2.0 0.293 0.184 0.3317 0.2623 12.33 
0.040 2 2 0 2.0 2.0 0.259 0.247 0.3161 0.2675 12.35 
0.041 2 2 0 2.0 2.0 0.293 0.257 0.3161 0.2787 12.33 
0.042 2 2 0 2.0 2.0 0.321 0.182 0.3213 0.2787 12.35 
0.043 2 2 0 2.0 2.0 0.246 0.124 0.3289 0.2888 12.35 
0.044 2 2 0 2.0 2.0 0.247 0.202 0.3462 0.2888 12.35 
0.045 2 2 0 2.0 2.0 0.215 0.217 0.3040 0.3064 12.35 
0.046 2 2 0 2.0 2.0 0.274 0.209 0.3402 0.3064 12.35 
0.047 2 2 0 2.0 2.0 0.236 0.152 0.3715 0.3016 12.38 
0.048 2 2 0 2.0 2.0 0.256 0.177 0.3715 0.2928 12.38 
0.049 2 2 0 2.0 2.0 0.219 0.215 0.3715 0.2996 12.36 
0.050 2 2 0 2.0 2.0 0.294 0.224 0.3317 0.2996 12.35 
0.051 2 2 0 2.0 2.0 0.225 0.197 0.3615 0.3064 12.38 
0.052 2 2 0 2.0 2.0 0.210 0.213 0.3683 0.3137 12.35 
0.053 2 2 0 2.0 2.0 0.202 0.176 0.3823 0.3317 12.34 
0.054 2 2 0 2.0 2.0 0.271 0.204 0.3374 0.3237 12.36 
0.055 2 2 0 2.0 2.0 0.229 0.223 0.3715 0.3237 12.36 
0.056 2 2 0 2.0 2.0 0.246 0.189 0.3751 0.3289 12.35 
0.057 2 2 0 2.0 2.0 0.274 0.128 0.3896 0.3346 12.35 
0.058 2 2 0 2.0 2.0 0.225 0.121 0.3522 0.3683 12.34 
0.059 2 2 0 2.0 2.0 0.206 0.096 0.3430 0.3317 12.35 
0.060 2 2 0 2.0 2.0 0.236 0.079 0.3860 0.3265 12.36 
0.061 2 2 0 2.0 2.0 0.223 0.067 0.3976 0.3265 12.36 
0.062 2 2 0 2.0 2.0 0.217 0.073 0.4056 0.3346 12.37 
0.063 2 2 0 2.0 2.0 0.211 0.064 0.3550 0.3137 12.37 
0.064 2 2 0 2.0 2.0 0.213 0.141 0.3936 0.3374 12.38 
0.065 2 2 0 2.0 2.0 0.255 0.167 0.4016 0.3787 12.35 
0.066 2 2 0 2.0 2.0 0.234 0.135 0.4137 0.3462 12.35 
0.067 2 2 0 2.0 2.0 0.227 0.129 0.3582 0.3317 12.37 
0.068 2 2 0 2.0 2.0 0.244 0.114 0.4016 0.3317 12.37 
0.069 2 2 0 2.0 2.0 0.185 0.167 0.4056 0.3402 12.37 
0.070 2 2 0 2.0 2.0 0.160 0.161 0.4181 0.3550 12.37 
0.071 2 2 0 2.0 2.0 0.176 0.168 0.3462 0.3490 12.37 
0.072 2 2 0 2.0 2.0 0.213 0.149 0.3787 0.3615 12.38 
0.073 2 2 0 2.0 2.0 0.207 0.189 0.4097 0.3550 12.38 
0.074 2 2 0 2.0 2.0 0.179 0.267 0.4269 0.3582 12.37 
0.075 2 2 0 2.0 2.0 0.214 0.202 0.3651 0.3651 12.35 
0.076 2 2 0 2.0 2.0 0.191 0.142 0.3896 0.3860 12.35 
0.077 2 2 0 2.0 2.0 0.149 0.095 0.3976 0.3615 12.37 
0.078 2 2 0 2.0 2.0 0.198 0.105 0.4225 0.3582 12.38 
0.079 2 2 0 2.0 2.0 0.213 0.123 0.4016 0.3522 12.38 
0.080 2 2 0 2.0 2.0 0.196 0.121 0.4410 0.3582 12.38 
0.081 2 2 0 2.0 2.0 0.185 0.085 0.4510 0.3860 12.38 
0.082 2 2 0 2.0 2.0 0.156 0.130 0.3936 0.3615 12.37 
0.083 2 2 0 2.0 2.0 0.213 0.130 0.4137 0.3462 12.36 
0.084 2 2 0 2.0 2.0 0.208 0.180 0.3936 0.3683 12.36 
0.085 2 2 0 2.0 2.0 0.130 0.190 0.4269 0.3936 12.37 
0.086 2 2 0 2.0 2.0 0.157 0.162 0.4269 0.3683 12.37 
0.087 2 2 0 2.0 2.0 0.179 0.176 0.4317 0.3683 12.38 
0.088 2 2 0 2.0 2.0 0.164 0.146 0.4269 0.3715 12.38 
0.089 2 2 0 2.0 2.0 0.171 0.122 0.4462 0.3976 12.36 
0.090 2 2 0 2.0 2.0 0.211 0.131 0.4410 0.3787 12.37 
0.091 2 2 0 2.0 2.0 0.193 0.164 0.4410 0.3787 12.37 
0.092 2 2 0 2.0 2.0 0.150 0.160 0.4562 0.3683 12.36 
0.093 2 2 0 2.0 2.0 0.172 0.145 0.4016 0.3823 12.36 
0.094 2 2 0 2.0 2.0 0.197 0.149 0.4225 0.3823 12.37 
0.095 2 2 0 2.0 2.0 0.201 0.123 0.4462 0.3787 12.37 
0.096 2 2 0 2.0 2.0 0.170 0.140 0.4615 0.3787 12.37 
0.097 2 2 0 2.0 2.0 0.152 0.094 0.4362 0.3823 12.38 
0.098 2 2 0 2.0 2.0 0.175 0.129 0.4462 0.3896 12.38 
0.099 2 2 0 2.0 2.0 0.179 0.156 0.4510 0.3823 12.38 
0.100 2 2 0 2.0 2.0 0.174 0.190 0.4317 0.3936 12.38 
0.101 2 2 0 2.0 2.0 0.164 0.184 0.4462 0.3896 12.37 
0.102 2 2 0 2.0 2.0 0.133 0.184 0.4462 0.3823 12.38 
0.103 2 2 0 2.0 2.0 0.168 0.183 0.4615 0.3896 12.38 
0.104 2 2 0 2.0 2.0 0.194 0.164 0.4317 0.3896 12.38 
0.105 2 2 0 2.0 2.0 0.173 0.155 0.4410 0.3936 12.38 
0.106 2 2 0 2.0 2.0 0.204 0.165 0.4562 0.4016 12.38 
0.107 2 2 0 2.0 2.0 0.131 0.183 0.4667 0.3976 12.37 
0.108 2 2 0 2.0 2.0 0.184 0.204 0.4362 0.3936 12.37 
0.109 2 2 0 2.0 2.0 0.141 0.133 0.4562 0.4016 12.37 
0.110 2 2 0 2.0 2.0 0.146 0.104 0.4723 0.4225 12.37 
0.111 2 2 0 2.0 2.0 0.160 0.077 0.4410 0.3976 12.37 
0.112 2 2 0 2.0 2.0 0.135 0.092 0.4462 0.3896 12.38 
0.113 2 2 0 2.0 2.0 0.166 0.090 0.4562 0.3976 12.38 
0.114 2 2 0 2.0 2.0 0.119 0.064 0.4723 0.3683 12.38 
0.115 2 2 0 2.0 2.0 0.144 0.099 0.3896 0.3976 12.39 
0.116 2 2 0 2.0 2.0 0.182 0.090 0.4225 0.4181 12.38 
0.117 2 2 0 2.0 2.0 0.187 0.134 0.4723 0.4016 12.38 
0.118 2 2 0 2.0 2.0 0.153 0.099 0.4016 0.3860 12.38 
0.119 2 2 0 2.0 2.0 0.171 0.107 0.4269 0.3936 12.37 
0.120 2 2 0 2.0 2.0 0.171 0.129 0.4362 0.4016 12.38 
0.121 2 2 0 2.0 2.0 0.166 0.132 0.4615 0.4016 12.38 
0.122 2 2 0 2.0 2.0 0.180 0.183 0.4462 0.4097 12.37 
0.123 2 2 0 2.0 2.0 0.178 0.140 0.4510 0.4016 12.37 
0.124 2 2 0 2.0 2.0 0.185 0.190 0.4896 0.4056 12.37 
0.125 2 2 0 2.0 2.0 0.164 0.162 0.4562 0.4097 12.38 
0.126 2 2 0 2.0 2.0 0.207 0.135 0.4615 0.4181 12.38 
0.127 2 2 0 2.0 2.0 0.151 0.121 0.4410 0.4137 12.38 
0.128 2 2 0 2.0 2.0 0.171 0.103 0.4667 0.3936 12.38 
0.129 2 2 0 2.0 2.0 0.126 0.071 0.4615 0.4016 12.38 
0.130 2 2 0 2.0 2.0 0.160 0.070 0.4667 0.4181 12.37 
0.131 2 2 0 2.0 2.0 0.173 0.062 0.4779 0.4016 12.38 
0.132 2 2 0 2.0 2.0 0.192 0.107 0.4723 0.3823 12.38 
0.133 2 2 0 2.0 2.0 0.134 0.130 0.4723 0.3936 12.37 
0.134 2 2 0 2.0 2.0 0.145 0.190 0.4723 0.4137 12.37 
0.135 2 2 0 2.0 2.0 0.159 0.126 0.4836 0.4016 12.37 
0.136 2 2 0 2.0 2.0 0.133 0.140 0.4510 0.3976 12.38 
0.137 2 2 0 2.0 2.0 0.150 0.081 0.4779 0.4016 12.38 
0.138 2 2 0 2.0 2.0 0.164 0.054 0.4896 0.4317 12.38 
0.139 2 2 0 2.0 2.0 0.221 0.077 0.4615 0.4016 12.38 
0.140 2 2 0 2.0 2.0 0.183 0.150 0.4667 0.3936 12.37 
0.141 2 2 0 2.0 2.0 0.122 0.095 0.4723 0.4016 12.38 
0.142 2 2 0 2.0 2.0 0.164 0.141 0.4836 0.4056 12.38 
0.143 2 2 0 2.0 2.0 0.147 0.137 0.4562 0.4016 12.37 
0.144 2 2 0 2.0 2.0 0.165 0.130 0.4667 0.4056 12.37 
0.145 2 2 0 2.0 2.0 0.173 0.106 0.4836 0.4056 12.38 
0.146 2 2 0 2.0 2.0 0.156 0.102 0.4562 0.4097 12.37 
0.147 2 2 0 2.0 2.0 0.170 0.103 0.4667 0.4097 12.37 
0.148 2 2 0 2.0 2.0 0.111 0.126 0.4723 0.4181 12.38 
0.149 2 2 0 2.0 2.0 0.163 0.161 0.4562 0.4181 12.37 
0.150 2 2 0 2.0 2.0 0.122 0.169 0.4562 0.4016 12.38 
0.151 2 2 0 2.0 2.0 0.142 0.168 0.4723 0.4056 12.37 
0.152 2 2 0 2.0 2.0 0.164 0.167 0.4836 0.4056 12.38 
0.153 2 2 0 2.0 2.0 0.147 0.134 0.4510 0.4225 12.38 
0.154 2 2 0 2.0 2.0 0.147 0.109 0.4615 0.4225 12.38 
0.155 2 2 0 2.0 2.0 0.122 0.159 0.4667 0.4225 12.37 
0.156 2 2 0 2.0 2.0 0.118 0.167 0.4269 0.4225 12.38 
0.157 2 2 0 2.0 2.0 0.103 0.164 0.4317 0.4410 12.38 
0.158 2 2 0 2.0 2.0 0.125 0.104 0.4667 0.4269 12.38 
0.159 2 2 0 2.0 2.0 0.156 0.088 0.4836 0.4016 12.38 
0.160 2 2 0 2.0 2.0 0.156 0.119 0.4462 0.4097 12.38 
0.161 2 2 0 2.0 2.0 0.198 0.125 0.4615 0.3823 12.37 
0.162 2 2 0 2.0 2.0 0.160 0.118 0.4615 0.3976 12.38 
0.163 2 2 0 2.0 2.0 0.147 0.139 0.4615 0.4269 12.37 
0.164 2 2 0 2.0 2.0 0.181 0.120 0.4667 0.4225 12.38 
0.165 2 2 0 2.0 2.0 0.172 0.088 0.4956 0.3976 12.38 
0.166 2 2 0 2.0 2.0 0.201 0.094 0.5020 0.4056 12.38 
0.167 2 2 0 2.0 2.0 0.163 0.118 0.4667 0.4137 12.38 
0.168 2 2 0 2.0 2.0 0.169 0.092 0.4562 0.4137 12.38 
0.169 2 2 0 2.0 2.0 0.098 0.122 0.4723 0.4225 12.38 
0.170 2 2 0 2.0 2.0 0.119 0.156 0.4667 0.4181 12.38 
0.171 2 2 0 2.0 2.0 0.128 0.159 0.4723 0.4181 12.37 
0.172 2 2 0 2.0 2.0 0.222 0.220 0.4615 0.4181 12.38 
0.173 2 2 0 2.0 2.0 0.166 0.101 0.4836 0.4317 12.38 
0.174 2 2 0 2.0 2.0 0.179 0.070 0.4779 0.4225 12.38 
0.175 2 2 0 2.0 2.0 0.151 0.073 0.4779 0.4181 12.39 
0.176 2 2 0 2.0 2.0 0.123 0.093 0.4896 0.4269 12.38 
0.177 2 2 0 2.0 2.0 0.135 0.077 0.4615 0.4225 12.38 
0.178 2 2 0 2.0 2.0 0.176 0.062 0.4723 0.3896 12.37 
0.179 2 2 0 2.0 2.0 0.152 0.115 0.4956 0.4056 12.37 
0.180 2 2 0 2.0 2.0 0.155 0.142 0.4667 0.4269 12.38 
0.181 2 2 0 2.0 2.0 0.155 0.173 0.4723 0.4225 12.38 
0.182 2 2 0 2.0 2.0 0.164 0.156 0.4779 0.4181 12.37 
0.183 2 2 0 2.0 2.0 0.108 0.142 0.4896 0.4181 12.38 
0.184 2 2 0 2.0 2.0 0.080 0.080 0.4615 0.4462 12.38 
0.185 2 2 0 2.0 2.0 0.122 0.077 0.4723 0.4317 12.38 
0.186 2 2 0 2.0 2.0 0.148 0.125 0.4896 0.4181 12.38 
0.187 2 2 0 2.0 2.0 0.148 0.115 0.4562 0.4225 12.38 
0.188 2 2 0 2.0 2.0 0.176 0.110 0.4667 0.4225 12.37 
0.189 2 2 0 2.0 2.0 0.133 0.093 0.4779 0.4225 12.37 
0.190 2 2 0 2.0 2.0 0.151 0.083 0.4896 0.4181 12.38 
0.191 2 2 0 2.0 2.0 0.122 0.089 0.4667 0.4225 12.38 
0.192 2 2 0 2.0 2.0 0.137 0.080 0.4836 0.4225 12.39 
0.193 2 2 0 2.0 2.0 0.127 0.149 0.4956 0.4225 12.38 
0.194 2 2 0 2.0 2.0 0.210 0.170 0.4615 0.4317 12.37 
0.195 2 2 0 2.0 2.0 0.170 0.151 0.4723 0.4317 12.37 
0.196 2 2 0 2.0 2.0 0.134 0.141 0.4896 0.4225 12.38 
0.197 2 2 0 2.0 2.0 0.119 0.171 0.4462 0.4225 12.38 
0.198 2 2 0 2.0 2.0 0.104 0.131 0.4615 0.4269 12.38 
0.199 2 2 0 2.0 2.0 0.130 0.154 0.4836 0.4317 12.38 
0.200 2 2 0 2.0 2.0 0.134 0.153 0.4956 0.4317 12.38 
0.201 2 2 1 4.0 4.0 0.176 0.173 0.4562 0.4317 12.38 
0.202 2 2 1 4.0 4.0 0.284 0.153 0.4667 0.4317 12.37 
0.203 2 2 1 4.0 4.0 0.426 0.286 0.4956 0.4562 12.37 
0.204 2 2 1 4.0 4.0 0.511 0.452 0.4836 0.4462 12.36 
0.205 2 2 1 4.0 4.0 0.594 0.558 0.5020 0.4462 12.37 
0.206 2 2 1 4.0 4.0 0.584 0.614 0.5575 0.4562 12.36 
0.207 2 2 1 4.0 4.0 0.624 0.572 0.5354 0.4723 12.35 
0.208 2 2 1 4.0 4.0 0.605 0.573 0.5426 0.5081 12.35 
0.209 2 2 1 4.0 4.0 0.587 0.520 0.5655 0.5149 12.35 
0.210 2 2 1 4.0 4.0 0.599 0.487 0.5655 0.5020 12.36 
0.211 2 2 1 4.0 4.0 0.641 0.544 0.5820 0.5281 12.35 
0.212 2 2 1 4.0 4.0 0.560 0.491 0.6177 0.5354 12.35 
0.213 2 2 1 4.0 4.0 0.529 0.535 0.6273 0.5575 12.35 
0.214 2 2 1 4.0 4.0 0.555 0.636 0.6374 0.5655 12.36 
0.215 2 2 1 4.0 4.0 0.519 0.530 0.6273 0.5992 12.35 
0.216 2 2 1 4.0 4.0 0.529 0.490 0.6691 0.5992 12.35 
0.217 2 2 1 4.0 4.0 0.458 0.528 0.6924 0.6085 12.36 
0.218 2 2 1 4.0 4.0 0.464 0.500 0.6691 0.6374 12.36 
0.219 2 2 1 4.0 4.0 0.446 0.443 0.7044 0.6085 12.35 
0.220 2 2 1 4.0 4.0 0.483 0.415 0.6691 0.6273 12.36 
0.221 2 2 1 4.0 4.0 0.499 0.479 0.7044 0.6474 12.36 
0.222 2 2 1 4.0 4.0 0.449 0.461 0.6804 0.6474 12.36 
0.223 2 2 1 4.0 4.0 0.448 0.385 0.7302 0.6924 12.36 
0.224 2 2 1 4.0 4.0 0.476 0.384 0.7169 0.6691 12.36 
0.225 2 2 1 4.0 4.0 0.443 0.415 0.7434 0.6691 12.35 
0.226 2 2 1 4.0 4.0 0.393 0.472 0.7872 0.6691 12.35 
0.227 2 2 1 4.0 4.0 0.437 0.458 0.7434 0.6804 12.36 
0.228 2 2 1 4.0 4.0 0.440 0.381 0.7872 0.6924 12.36 
0.229 2 2 1 4.0 4.0 0.449 0.350 0.7575 0.7169 12.36 
0.230 2 2 1 4.0 4.0 0.407 0.363 0.7872 0.7044 12.36 
0.231 2 2 1 4.0 4.0 0.460 0.362 0.7575 0.7169 12.36 
0.232 2 2 1 4.0 4.0 0.403 0.351 0.7872 0.7302 12.35 
0.233 2 2 1 4.0 4.0 0.409 0.423 0.7872 0.7302 12.35 
0.234 2 2 1 4.0 4.0 0.346 0.373 0.8366 0.7723 12.35 
0.235 2 2 1 4.0 4.0 0.336 0.409 0.8032 0.7575 12.36 
0.236 2 2 1 4.0 4.0 0.359 0.400 0.8032 0.7575 12.35 
0.237 2 2 1 4.0 4.0 0.355 0.385 0.8193 0.7434 12.36 
0.238 2 2 1 4.0 4.0 0.373 0.343 0.8193 0.7723 12.36 
0.239 2 2 1 4.0 4.0 0.373 0.350 0.8366 0.7723 12.36 
0.240 2 2 1 4.0 4.0 0.351 0.316 0.8543 0.7872 12.36 
0.241 2 2 1 4.0 4.0 0.294 0.366 0.8366 0.7872 12.36 
0.242 2 2 1 4.0 4.0 0.301 0.311 0.8727 0.7872 12.36 
0.243 2 2 1 4.0 4.0 0.337 0.300 0.8543 0.8032 12.35 
0.244 2 2 1 4.0 4.0 0.319 0.301 0.8366 0.8032 12.35 
0.245 2 2 1 4.0 4.0 0.301 0.290 0.8543 0.8193 12.36 
0.246 2 2 1 4.0 4.0 0.305 0.264 0.8366 0.8032 12.36 
0.247 2 2 1 4.0 4.0 0.323 0.278 0.8727 0.8193 12.35 
0.248 2 2 1 4.0 4.0 0.303 0.315 0.8366 0.8193 12.36 
0.249 2 2 1 4.0 4.0 0.311 0.267 0.8727 0.8543 12.36 
0.250 2 2 1 4.0 4.0 0.345 0.293 0.8727 0.8366 12.36 
0.251 2 2 1 4.0 4.0 0.293 0.301 0.8924 0.8366 12.35 
0.252 2 2 1 4.0 4.0 0.286 0.282 0.8366 0.8366 12.36 
0.253 2 2 1 4.0 4.0 0.299 0.239 0.8924 0.8366 12.36 
0.254 2 2 1 4.0 4.0 0.282 0.241 0.8543 0.8543 12.36 
0.255 2 2 1 4.0 4.0 0.304 0.251 0.8727 0.8543 12.36 
0.256 2 2 1 4.0 4.0 0.316 0.212 0.9338 0.8727 12.37 
0.257 2 2 1 4.0 4.0 0.322 0.296 0.9338 0.8727 12.35 
0.258 2 2 1 4.0 4.0 0.274 0.267 0.9125 0.8924 12.35 
0.259 2 2 1 4.0 4.0 0.316 0.284 0.9338 0.8924 12.35 
0.260 2 2 1 4.0 4.0 0.347 0.266 0.9559 0.8543 12.36 
0.261 2 2 1 4.0 4.0 0.304 0.256 0.9559 0.8924 12.36 
0.262 2 2 1 4.0 4.0 0.282 0.263 0.9796 0.8727 12.36 
0.263 2 2 1 4.0 4.0 0.297 0.259 0.9796 0.8924 12.36 
0.264 2 2 1 4.0 4.0 0.288 0.251 0.9559 0.8924 12.36 
0.265 2 2 1 4.0 4.0 0.285 0.230 0.9559 0.8924 12.35 
0.266 2 2 1 4.0 4.0 0.281 0.264 0.9559 0.9125 12.36 
0.267 2 2 1 4.0 4.0 0.287 0.229 0.9796 0.9125 12.35 
0.268 2 2 1 4.0 4.0 0.312 0.216 0.9559 0.8924 12.35 
0.269 2 2 1 4.0 4.0 0.283 0.261 0.9559 0.9338 12.36 
0.270 2 2 1 4.0 4.0 0.289 0.258 0.9796 0.9338 12.36 
0.271 2 2 1 4.0 4.0 0.253 0.239 0.9559 0.9559 12.36 
0.272 2 2 1 4.0 4.0 0.247 0.267 0.9796 0.9338 12.35 
0.273 2 2 1 4.0 4.0 0.245 0.268 0.9338 0.9338 12.36 
0.274 2 2 1 4.0 4.0 0.239 0.233 0.9796 0.9338 12.35 
0.275 2 2 1 4.0 4.0 0.243 0.207 0.9559 0.9338 12.35 
0.276 2 2 1 4.0 4.0 0.282 0.213 0.9559 0.9338 12.35 
0.277 2 2 1 4.0 4.0 0.312 0.239 0.9796 0.9338 12.35 
0.278 2 2 1 4.0 4.0 0.320 0.211 0.9796 0.9338 12.35 
0.279 2 2 1 4.0 4.0 0.259 0.212 0.9796 0.9338 12.35 
0.280 2 2 1 4.0 4.0 0.292 0.232 0.9796 0.9559 12.35 
0.281 2 2 1 4.0 4.0 0.259 0.240 1.0041 0.9559 12.37 
0.282 2 2 1 4.0 4.0 0.232 0.242 1.0041 0.9338 12.36 
0.283 2 2 1 4.0 4.0 0.266 0.290 1.0041 0.9559 12.35 
0.284 2 2 1 4.0 4.0 0.232 0.254 1.0298 0.9338 12.35 
0.285 2 2 1 4.0 4.0 0.273 0.237 1.0041 0.9338 12.36 
0.286 2 2 1 4.0 4.0 0.225 0.255 0.9796 0.9338 12.36 
0.287 2 2 1 4.0 4.0 0.263 0.189 0.9796 0.9559 12.35 
0.288 2 2 1 4.0 4.0 0.224 0.209 0.9796 0.9559 12.35 
0.289 2 2 1 4.0 4.0 0.256 0.173 1.0298 0.9796 12.35 
0.290 2 2 1 4.0 4.0 0.251 0.170 1.0041 0.9559 12.36 
0.291 2 2 1 4.0 4.0 0.239 0.206 1.0041 0.9559 12.34 
0.292 2 2 1 4.0 4.0 0.281 0.152 1.0041 1.0041 12.36 
0.293 2 2 1 4.0 4.0 0.282 0.216 0.9796 0.9559 12.36 
0.294 2 2 1 4.0 4.0 0.276 0.262 1.0298 0.9559 12.35 
0.295 2 2 1 4.0 4.0 0.282 0.247 0.9796 0.9559 12.35 
0.296 2 2 1 4.0 4.0 0.260 0.211 1.0041 0.9559 12.35 
0.297 2 2 1 4.0 4.0 0.265 0.229 1.0298 0.9796 12.35 
0.298 2 2 1 4.0 4.0 0.290 0.248 1.0298 0.9796 12.35 
0.299 2 2 1 4.0 4.0 0.282 0.188 1.0298 0.9796 12.35 
0.300 2 2 1 4.0 4.0 0.259 0.263 1.0298 0.9796 12.35 
0.301 2 2 1 4.0 4.0 0.230 0.225 1.0298 1.0041 12.35 
0.302 2 2 1 4.0 4.0 0.268 0.154 1.0298 0.9796 12.35 
0.303 2 2 1 4.0 4.0 0.194 0.140 1.0041 0.9796 12.36 
0.304 2 2 1 4.0 4.0 0.198 0.178 1.0567 0.9559 12.35 
0.305 2 2 1 4.0 4.0 0.214 0.181 1.0298 0.9559 12.36 
0.306 2 2 1 4.0 4.0 0.191 0.216 1.0298 0.9559 12.36 
0.307 2 2 1 4.0 4.0 0.249 0.219 1.0567 0.9559 12.35 
0.308 2 2 1 4.0 4.0 0.247 0.215 1.0298 0.9796 12.35 
0.309 2 2 1 4.0 4.0 0.197 0.211 1.0041 1.0041 12.35 
0.310 2 2 1 4.0 4.0 0.246 0.253 1.0298 0.9796 12.35 
0.311 2 2 1 4.0 4.0 0.252 0.263 1.0298 1.0041 12.35 
0.312 2 2 1 4.0 4.0 0.268 0.210 1.0567 1.0041 12.35 
0.313 2 2 1 4.0 4.0 0.206 0.156 1.0041 1.0041 12.36 
0.314 2 2 1 4.0 4.0 0.228 0.163 1.0041 0.9796 12.36 
0.315 2 2 1 4.0 4.0 0.221 0.210 1.0041 0.9796 12.35 
0.316 2 2 1 4.0 4.0 0.251 0.185 1.0041 0.9796 12.33 
0.317 2 2 1 4.0 4.0 0.243 0.165 1.0567 0.9796 12.35 
0.318 2 2 1 4.0 4.0 0.251 0.202 1.0041 0.9796 12.35 
0.319 2 2 1 4.0 4.0 0.235 0.215 1.0298 0.9796 12.35 
0.320 2 2 1 4.0 4.0 0.284 0.283 1.0298 0.9796 12.35 
0.321 2 2 1 4.0 4.0 0.284 0.232 1.0298 1.0041 12.34 
0.322 2 2 1 4.0 4.0 0.224 0.213 1.0298 1.0041 12.35 
0.323 2 2 1 4.0 4.0 0.256 0.121 1.0567 0.9796 12.36 
0.324 2 2 1 4.0 4.0 0.263 0.180 1.0298 1.0041 12.35 
0.325 2 2 1 4.0 4.0 0.217 0.122 1.0567 1.0041 12.35 
0.326 2 2 1 4.0 4.0 0.192 0.107 1.0298 1.0041 12.35 
0.327 2 2 1 4.0 4.0 0.248 0.202 1.0298 1.0041 12.35 
0.328 2 2 1 4.0 4.0 0.198 0.158 1.0567 1.0041 12.35 
0.329 2 2 1 4.0 4.0 0.186 0.224 1.0298 1.0041 12.35 
0.330 2 2 1 4.0 4.0 0.236 0.191 0.9559 0.9796 12.35 
0.331 2 2 1 4.0 4.0 0.262 0.257 1.0298 1.0041 12.35 
0.332 2 2 1 4.0 4.0 0.204 0.227 1.0041 1.0041 12.36 
0.333 2 2 1 4.0 4.0 0.244 0.161 1.0567 1.0298 12.34 
0.334 2 2 1 4.0 4.0 0.260 0.193 1.0041 1.0041 12.35 
0.335 2 2 1 4.0 4.0 0.256 0.159 1.0298 1.0041 12.34 
0.336 2 2 1 4.0 4.0 0.260 0.145 1.0567 1.0041 12.34 
0.337 2 2 1 4.0 4.0 0.247 0.158 1.0567 1.0041 12.35 
0.338 2 2 1 4.0 4.0 0.221 0.206 1.0567 1.0041 12.33 
0.339 2 2 1 4.0 4.0 0.244 0.242 1.0298 1.0041 12.34 
0.340 2 2 1 4.0 4.0 0.215 0.272 1.0567 1.0041 12.35 
0.341 2 2 1 4.0 4.0 0.248 0.236 1.0567 1.0298 12.33 
0.342 2 2 1 4.0 4.0 0.232 0.193 1.0298 1.0298 12.35 
0.343 2 2 1 4.0 4.0 0.218 0.146 1.0298 1.0298 12.35 
0.344 2 2 1 4.0 4.0 0.255 0.161 1.0298 1.0041 12.36 
0.345 2 2 1 4.0 4.0 0.239 0.182 1.0298 1.0041 12.35 
0.346 2 2 1 4.0 4.0 0.281 0.141 1.0041 1.0041 12.35 
0.347 2 2 1 4.0 4.0 0.245 0.208 1.0298 1.0041 12.35 
0.348 2 2 1 4.0 4.0 0.244 0.221 1.0298 1.0041 12.35 
0.349 2 2 1 4.0 4.0 0.240 0.251 1.0567 1.0298 12.35 
0.350 2 2 1 4.0 4.0 0.249 0.180 1.0298 1.0041 12.35 
0.351 2 2 1 4.0 4.0 0.270 0.218 1.0041 1.0298 12.35 
0.352 2 2 2 -4.0 -4.0 0.231 0.195 1.0298 1.0567 12.35 
0.353 2 2 2 -4.0 -4.0 -0.347 -0.076 1.0298 1.0298 12.35 
0.354 2 2 2 -4.0 -4.0 -1.055 -0.710 1.0298 1.0298 12.31 
0.355 2 2 2 -4.0 -4.0 -1.514 -1.228 1.0041 0.9559 12.28 
0.356 2 2 2 -4.0 -4.0 -1.392 -1.531 0.8924 0.9125 12.27 
0.357 2 2 2 -4.0 -4.0 -1.585 -1.639 0.8032 0.8366 12.29 
0.358 2 2 2 -4.0 -4.0 -1.706 -1.392 0.7575 0.7872 12.28 
0.359 2 2 2 -4.0 -4.0 -1.757 -1.533 0.7169 0.7302 12.28 
0.360 2 2 2 -4.0 -4.0 -1.732 -1.629 0.6474 0.6804 12.29 
0.361 2 2 2 -4.0 -4.0 -1.394 -1.764 0.5992 0.6374 12.29 
0.362 2 2 2 -4.0 -4.0 -1.482 -1.636 0.5820 0.5426 12.30 
0.363 2 2 2 -4.0 -4.0 -1.506 -1.403 0.5213 0.5655 12.29 
0.364 2 2 2 -4.0 -4.0 -1.565 -1.377 0.3715 0.5149 12.29 
0.365 2 2 2 -4.0 -4.0 -1.574 -1.409 0.3715 0.4562 12.28 
0.366 2 2 2 -4.0 -4.0 -1.575 -1.431 0.3462 0.3715 12.27 
0.367 2 2 2 -4.0 -4.0 -1.506 -1.414 0.2848 0.2952 12.27 
0.368 2 2 2 -4.0 -4.0 -1.404 -1.357 0.2767 0.2827 12.28 
0.369 2 2 2 -4.0 -4.0 -1.205 -1.322 0.1928 0.2253 12.29 
0.370 2 2 2 -4.0 -4.0 -1.192 -1.439 0.1928 0.2253 12.30 
0.371 2 2 2 -4.0 -4.0 -1.170 -1.386 0.1691 0.1856 12.30 
0.372 2 2 2 -4.0 -4.0 -1.234 -1.211 0.1189 0.1530 12.30 
0.373 2 2 2 -4.0 -4.0 -1.217 -1.117 0.0916 0.1530 12.31 
0.374 2 2 2 -4.0 -4.0 -1.188 -1.020 0.0747 0.1530 12.30 
0.375 2 2 2 -4.0 -4.0 -1.187 -0.977 0.0627 0.1133 12.31 
0.376 2 2 2 -4.0 -4.0 -1.149 -0.961 0.0542 0.0884 12.30 
0.377 2 2 2 -4.0 -4.0 -1.108 -0.982 0.0478 0.0723 12.30 
0.378 2 2 2 -4.0 -4.0 -1.195 -1.026 -0.0438 0.0610 12.30 
0.379 2 2 2 -4.0 -4.0 -0.991 -1.073 -0.0438 0.0530 12.30 
0.380 2 2 2 -4.0 -4.0 -0.931 -1.105 -0.0438 -0.0490 12.28 
0.381 2 2 2 -4.0 -4.0 -0.933 -1.156 -0.1723 -0.0490 12.28 
0.382 2 2 2 -4.0 -4.0 -0.946 -0.973 -0.2241 -0.0490 12.29 
0.383 2 2 2 -4.0 -4.0 -0.981 -0.900 -0.2241 -0.1422 12.30 
0.384 2 2 2 -4.0 -4.0 -0.971 -0.868 -0.2623 -0.1422 12.30 
0.385 2 2 2 -4.0 -4.0 -0.910 -0.832 -0.2767 -0.1868 12.31 
0.386 2 2 2 -4.0 -4.0 -0.956 -0.854 -0.3683 -0.1868 12.31 
0.387 2 2 2 -4.0 -4.0 -0.868 -0.858 -0.3683 -0.2193 12.31 
0.388 2 2 2 -4.0 -4.0 -0.854 -0.889 -0.3751 -0.2807 12.32 
0.389 2 2 2 -4.0 -4.0 -0.762 -0.875 -0.4056 -0.2807 12.31 
0.390 2 2 2 -4.0 -4.0 -0.729 -0.793 -0.4317 -0.3016 12.31 
0.391 2 2 2 -4.0 -4.0 -0.717 -0.741 -0.4269 -0.3490 12.32 
0.392 2 2 2 -4.0 -4.0 -0.707 -0.690 -0.4510 -0.3976 12.32 
0.393 2 2 2 -4.0 -4.0 -0.681 -0.661 -0.4615 -0.3823 12.32 
0.394 2 2 2 -4.0 -4.0 -0.705 -0.572 -0.4956 -0.3860 12.32 
0.395 2 2 2 -4.0 -4.0 -0.689 -0.551 -0.5149 -0.4016 12.32 
0.396 2 2 2 -4.0 -4.0 -0.600 -0.586 -0.5081 -0.4137 12.33 
0.397 2 2 2 -4.0 -4.0 -0.544 -0.606 -0.5820 -0.4225 12.33 
0.398 2 2 2 -4.0 -4.0 -0.566 -0.634 -0.5820 -0.4317 12.34 
0.399 2 2 2 -4.0 -4.0 -0.565 -0.546 -0.5735 -0.4562 12.32 
0.400 2 2 2 -4.0 -4.0 -0.606 -0.642 -0.5992 -0.4723 12.33 
0.401 2 2 2 -4.0 -4.0 -0.574 -0.608 -0.6085 -0.4896 12.33 
0.402 2 2 2 -4.0 -4.0 -0.514 -0.510 -0.6273 -0.4956 12.33 
0.403 2 2 2 -4.0 -4.0 -0.501 -0.495 -0.6583 -0.5081 12.34 
0.404 2 2 2 -4.0 -4.0 -0.513 -0.441 -0.5992 -0.5149 12.33 
0.405 2 2 2 -4.0 -4.0 -0.521 -0.405 -0.6691 -0.5281 12.33 
0.406 2 2 2 -4.0 -4.0 -0.568 -0.437 -0.6583 -0.5426 12.34 
0.407 2 2 2 -4.0 -4.0 -0.455 -0.436 -0.6924 -0.5354 12.34 
0.408 2 2 2 -4.0 -4.0 -0.461 -0.438 -0.7044 -0.5498 12.34 
0.409 2 2 2 -4.0 -4.0 -0.407 -0.484 -0.7169 -0.5820 12.33 
0.410 2 2 2 -4.0 -4.0 -0.495 -0.419 -0.7434 -0.5735 12.33 
0.411 2 2 2 -4.0 -4.0 -0.422 -0.379 -0.7044 -0.6085 12.33 
0.412 2 2 2 -4.0 -4.0 -0.443 -0.449 -0.7434 -0.6085 12.33 
0.413 2 2 2 -4.0 -4.0 -0.432 -0.391 -0.7302 -0.5992 12.33 
0.414 2 2 2 -4.0 -4.0 -0.421 -0.368 -0.7575 -0.6273 12.33 
0.415 2 2 2 -4.0 -4.0 -0.415 -0.393 -0.7434 -0.6177 12.33 
0.416 2 2 2 -4.0 -4.0 -0.395 -0.380 -0.7872 -0.6474 12.33 
0.417 2 2 2 -4.0 -4.0 -0.389 -0.471 -0.7575 -0.6474 12.33 
0.418 2 2 2 -4.0 -4.0 -0.402 -0.413 -0.7872 -0.6474 12.33 
0.419 2 2 2 -4.0 -4.0 -0.392 -0.418 -0.8032 -0.6583 12.34 
0.420 2 2 2 -4.0 -4.0 -0.392 -0.444 -0.7872 -0.6691 12.35 
0.421 2 2 2 -4.0 -4.0 -0.407 -0.407 -0.8032 -0.6474 12.37 
0.422 2 2 2 -4.0 -4.0 -0.364 -0.460 -0.7872 -0.6691 12.35 
0.423 2 2 2 -4.0 -4.0 -0.365 -0.401 -0.7723 -0.6924 12.34 
0.424 2 2 2 -4.0 -4.0 -0.304 -0.343 -0.8366 -0.6804 12.34 
0.425 2 2 2 -4.0 -4.0 -0.317 -0.355 -0.8193 -0.6804 12.35 
0.426 2 2 2 -4.0 -4.0 -0.386 -0.354 -0.8543 -0.7302 12.34 
0.427 2 2 2 -4.0 -4.0 -0.387 -0.360 -0.8032 -0.7169 12.34 
0.428 2 2 2 -4.0 -4.0 -0.345 -0.374 -0.8543 -0.7302 12.34 
0.429 2 2 2 -4.0 -4.0 -0.285 -0.331 -0.7872 -0.7169 12.35 
0.430 2 2 2 -4.0 -4.0 -0.341 -0.345 -0.8543 -0.7302 12.35 
0.431 2 2 2 -4.0 -4.0 -0.304 -0.400 -0.8543 -0.7302 12.35 
0.432 2 2 2 -4.0 -4.0 -0.308 -0.318 -0.8924 -0.7434 12.35 
0.433 2 2 2 -4.0 -4.0 -0.324 -0.285 -0.8727 -0.7434 12.33 
0.434 2 2 2 -4.0 -4.0 -0.346 -0.254 -0.9125 -0.7434 12.32 
0.435 2 2 2 -4.0 -4.0 -0.340 -0.275 -0.8924 -0.7434 12.33 
0.436 2 2 2 -4.0 -4.0 -0.285 -0.285 -0.8924 -0.7434 12.34 
0.437 2 2 2 -4.0 -4.0 -0.319 -0.288 -0.9125 -0.7872 12.34 
0.438 2 2 2 -4.0 -4.0 -0.300 -0.280 -0.9125 -0.7723 12.35 
0.439 2 2 2 -4.0 -4.0 -0.296 -0.308 -0.9559 -0.7872 12.35 
0.440 2 2 2 -4.0 -4.0 -0.271 -0.277 -0.9559 -0.7575 12.35 
0.441 2 2 2 -4.0 -4.0 -0.289 -0.270 -0.9559 -0.7872 12.35 
0.442 2 2 2 -4.0 -4.0 -0.314 -0.291 -0.9796 -0.7723 12.34 
0.443 2 2 2 -4.0 -4.0 -0.308 -0.312 -0.9559 -0.8032 12.33 
0.444 2 2 2 -4.0 -4.0 -0.281 -0.338 -0.9559 -0.8032 12.34 
0.445 2 2 2 -4.0 -4.0 -0.289 -0.356 -0.9338 -0.8032 12.34 
0.446 2 2 2 -4.0 -4.0 -0.237 -0.334 -0.9796 -0.8032 12.35 
0.447 2 2 2 -4.0 -4.0 -0.255 -0.245 -0.9796 -0.7723 12.35 
0.448 2 2 2 -4.0 -4.0 -0.281 -0.326 -0.9796 -0.8193 12.35 
0.449 2 2 2 -4.0 -4.0 -0.256 -0.307 -0.9796 -0.7872 12.35 
0.450 2 2 2 -4.0 -4.0 -0.233 -0.270 -0.9338 -0.7872 12.34 
0.451 2 2 2 -4.0 -4.0 -0.249 -0.271 -0.9559 -0.8193 12.35 
0.452 2 2 2 -4.0 -4.0 -0.270 -0.250 -0.9338 -0.8193 12.35 
0.453 2 2 2 -4.0 -4.0 -0.251 -0.248 -0.9796 -0.8193 12.35 
0.454 2 2 2 -4.0 -4.0 -0.201 -0.249 -0.9796 -0.8193 12.36 
0.455 2 2 2 -4.0 -4.0 -0.218 -0.243 -0.9559 -0.8032 12.35 
0.456 2 2 2 -4.0 -4.0 -0.228 -0.282 -0.9796 -0.8366 12.35 
0.457 2 2 2 -4.0 -4.0 -0.188 -0.290 -0.9559 -0.8366 12.35 
0.458 2 2 2 -4.0 -4.0 -0.230 -0.272 -0.9796 -0.8193 12.34 
0.459 2 2 2 -4.0 -4.0 -0.224 -0.274 -0.9796 -0.8366 12.33 
0.460 2 2 2 -4.0 -4.0 -0.222 -0.264 -0.9796 -0.8193 12.34 
0.461 2 2 2 -4.0 -4.0 -0.281 -0.232 -1.0041 -0.8543 12.35 
0.462 2 2 2 -4.0 -4.0 -0.299 -0.182 -1.0041 -0.8543 12.34 
0.463 2 2 2 -4.0 -4.0 -0.255 -0.213 -1.0041 -0.8727 12.35 
0.464 2 2 2 -4.0 -4.0 -0.215 -0.213 -1.0298 -0.8366 12.34 
0.465 2 2 2 -4.0 -4.0 -0.275 -0.304 -0.9796 -0.8543 12.32 
0.466 2 2 2 -4.0 -4.0 -0.234 -0.270 -1.0298 -0.8543 12.35 
0.467 2 2 2 -4.0 -4.0 -0.224 -0.300 -1.0298 -0.8727 12.35 
0.468 2 2 2 -4.0 -4.0 -0.295 -0.282 -1.0298 -0.8727 12.33 
0.469 2 2 2 -4.0 -4.0 -0.261 -0.251 -1.0041 -0.8727 12.35 
0.470 2 2 2 -4.0 -4.0 -0.235 -0.215 -0.9796 -0.8727 12.36 
0.471 2 2 2 -4.0 -4.0 -0.186 -0.272 -1.0041 -0.8924 12.35 
0.472 2 2 2 -4.0 -4.0 -0.217 -0.233 -1.0041 -0.8366 12.35 
0.473 2 2 2 -4.0 -4.0 -0.192 -0.221 -1.0041 -0.8543 12.35 
0.474 2 2 2 -4.0 -4.0 -0.238 -0.225 -1.0298 -0.8924 12.35 
0.475 2 2 2 -4.0 -4.0 -0.225 -0.214 -1.0041 -0.8924 12.35 
0.476 2 2 2 -4.0 -4.0 -0.200 -0.239 -1.0298 -0.8924 12.35 
0.477 2 2 2 -4.0 -4.0 -0.148 -0.185 -1.0298 -0.8924 12.35 
0.478 2 2 2 -4.0 -4.0 -0.268 -0.196 -1.0041 -0.8924 12.35 
0.479 2 2 2 -4.0 -4.0 -0.212 -0.224 -1.0298 -0.8924 12.34 
0.480 2 2 2 -4.0 -4.0 -0.201 -0.233 -1.0298 -0.8924 12.35 
0.481 2 2 2 -4.0 -4.0 -0.259 -0.207 -1.0298 -0.8924 12.35 
0.482 2 2 2 -4.0 -4.0 -0.256 -0.251 -1.0298 -0.8924 12.36 
0.483 2 2 2 -4.0 -4.0 -0.203 -0.292 -1.0298 -0.9125 12.36 
0.484 2 2 2 -4.0 -4.0 -0.239 -0.235 -1.0298 -0.9125 12.35 
0.485 2 2 2 -4.0 -4.0 -0.164 -0.212 -1.0298 -0.9338 12.36 
0.486 2 2 2 -4.0 -4.0 -0.216 -0.228 -1.0298 -0.9125 12.36 
0.487 2 2 2 -4.0 -4.0 -0.219 -0.186 -1.0567 -0.9338 12.34 
0.488 2 2 2 -4.0 -4.0 -0.239 -0.187 -1.0041 -0.8924 12.34 
0.489 2 2 2 -4.0 -4.0 -0.198 -0.229 -1.0567 -0.9338 12.35 
0.490 2 2 2 -4.0 -4.0 -0.232 -0.207 -1.0298 -0.9338 12.36 
0.491 2 2 2 -4.0 -4.0 -0.163 -0.195 -1.0041 -0.9338 12.35 
0.492 2 2 2 -4.0 -4.0 -0.183 -0.174 -1.0298 -0.9338 12.36 
0.493 2 2 2 -4.0 -4.0 -0.205 -0.262 -1.0298 -0.9338 12.35 
0.494 2 2 2 -4.0 -4.0 -0.230 -0.216 -0.9559 -0.9125 12.35 
0.495 2 2 2 -4.0 -4.0 -0.205 -0.247 -1.0567 -0.9125 12.35 
0.496 2 2 2 -4.0 -4.0 -0.214 -0.232 -1.0567 -0.9338 12.35 
0.497 2 2 2 -4.0 -4.0 -0.201 -0.269 -1.0567 -0.9338 12.36 
0.498 2 2 2 -4.0 -4.0 -0.226 -0.236 -1.0852 -0.9338 12.36 
0.499 2 2 2 -4.0 -4.0 -0.226 -0.176 -1.0567 -0.9338 12.37 
0.500 2 2 2 -4.0 -4.0 -0.216 -0.201 -1.0567 -0.9125 12.36 
0.501 2 2 2 -4.0 -4.0 -0.223 -0.198 -1.0852 -0.9338 12.35 
0.502 2 2 2 -4.0 -4.0 -0.226 -0.155 -1.0567 -0.9338 12.35 
0.503 2 2 3 0.0 0.0 -0.186 -0.165 -1.0567 -0.9338 12.35 
0.504 2 2 3 0.0 0.0 0.122 -0.083 -1.0567 -0.9338 12.36 
0.505 2 2 3 0.0 0.0 0.425 0.157 -1.0852 -0.9559 12.37 
0.506 2 2 3 0.0 0.0 0.700 0.413 -1.0298 -0.9338 12.37 
0.507 2 2 3 0.0 0.0 0.649 0.470 -0.9125 -0.9125 12.38 
0.508 2 2 3 0.0 0.0 0.723 0.453 -0.9559 -0.8543 12.38 
0.509 2 2 3 0.0 0.0 0.818 0.517 -0.8727 -0.8366 12.38 
0.510 2 2 3 0.0 0.0 0.810 0.580 -0.8727 -0.7872 12.38 
0.511 2 2 3 0.0 0.0 0.715 0.574 -0.8193 -0.7723 12.38 
0.512 2 2 3 0.0 0.0 0.683 0.488 -0.8193 -0.7434 12.38 
0.513 2 2 3 0.0 0.0 0.754 0.453 -0.7575 -0.7302 12.39 
0.514 2 2 3 0.0 0.0 0.771 0.485 -0.7723 -0.7169 12.37 
0.515 2 2 3 0.0 0.0 0.621 0.459 -0.6924 -0.6583 12.37 
0.516 2 2 3 0.0 0.0 0.587 0.452 -0.7044 -0.6583 12.37 
0.517 2 2 3 0.0 0.0 0.601 0.416 -0.6924 -0.6583 12.38 
0.518 2 2 3 0.0 0.0 0.663 0.445 -0.6583 -0.6177 12.38 
0.519 2 2 3 0.0 0.0 0.659 0.502 -0.6374 -0.5992 12.38 
0.520 2 2 3 0.0 0.0 0.516 0.505 -0.5820 -0.5992 12.38 
0.521 2 2 3 0.0 0.0 0.481 0.403 -0.5904 -0.5904 12.39 
0.522 2 2 3 0.0 0.0 0.466 0.316 -0.5735 -0.5735 12.38 
0.523 2 2 3 0.0 0.0 0.516 0.322 -0.5213 -0.5655 12.38 
0.524 2 2 3 0.0 0.0 0.529 0.343 -0.5281 -0.5426 12.38 
0.525 2 2 3 0.0 0.0 0.500 0.343 -0.5081 -0.5281 12.37 
0.526 2 2 3 0.0 0.0 0.421 0.362 -0.4779 -0.5149 12.37 
0.527 2 2 3 0.0 0.0 0.375 0.363 -0.4667 -0.4956 12.37 
0.528 2 2 3 0.0 0.0 0.379 0.282 -0.3976 -0.4836 12.37 
0.529 2 2 3 0.0 0.0 0.390 0.265 -0.4016 -0.4667 12.38 
0.530 2 2 3 0.0 0.0 0.459 0.340 -0.3751 -0.4562 12.38 
0.531 2 2 3 0.0 0.0 0.430 0.335 -0.3715 -0.4410 12.37 
0.532 2 2 3 0.0 0.0 0.415 0.343 -0.3823 -0.4016 12.37 
0.533 2 2 3 0.0 0.0 0.426 0.314 -0.3064 -0.3936 12.38 
0.534 2 2 3 0.0 0.0 0.362 0.201 -0.3237 -0.3787 12.38 
0.535 2 2 3 0.0 0.0 0.302 0.190 -0.2888 -0.3787 12.38 
0.536 2 2 3 0.0 0.0 0.226 0.213 -0.2731 -0.3462 12.38 
0.537 2 2 3 0.0 0.0 0.209 0.169 -0.3161 -0.3462 12.37 
0.538 2 2 3 0.0 0.0 0.219 0.235 -0.3016 -0.3582 12.38 
0.539 2 2 3 0.0 0.0 0.284 0.227 -0.3016 -0.3823 12.38 
0.540 2 2 3 0.0 0.0 0.265 0.217 -0.2607 -0.3346 12.38 
0.541 2 2 3 0.0 0.0 0.273 0.229 -0.2253 -0.3113 12.39 
0.542 2 2 3 0.0 0.0 0.289 0.198 -0.2217 -0.3064 12.38 
0.543 2 2 3 0.0 0.0 0.312 0.194 -0.2281 -0.3064 12.37 
0.544 2 2 3 0.0 0.0 0.252 0.134 -0.2281 -0.3185 12.38 
0.545 2 2 3 0.0 0.0 0.231 0.124 -0.1892 -0.2952 12.38 
0.546 2 2 3 0.0 0.0 0.223 0.111 -0.1892 -0.2711 12.39 
0.547 2 2 3 0.0 0.0 0.234 0.158 -0.1892 -0.2639 12.38 
0.548 2 2 3 0.0 0.0 0.215 0.179 -0.1783 -0.2695 12.38 
0.549 2 2 3 0.0 0.0 0.147 0.167 -0.1783 -0.2695 12.38 
0.550 2 2 3 0.0 0.0 0.126 0.194 -0.1414 -0.2695 12.37 
0.551 2 2 3 0.0 0.0 0.130 0.140 -0.1402 -0.2418 12.37 
0.552 2 2 3 0.0 0.0 0.158 0.136 -0.1402 -0.2418 12.38 
0.553 2 2 3 0.0 0.0 0.160 0.167 -0.1538 -0.2181 12.38 
0.554 2 2 3 0.0 0.0 0.138 0.109 -0.1538 -0.2181 12.38 
0.555 2 2 3 0.0 0.0 0.164 0.115 -0.1538 -0.2125 12.38 
0.556 2 2 3 0.0 0.0 0.116 0.132 -0.1217 -0.2125 12.38 
0.557 2 2 3 0.0 0.0 0.093 0.078 -0.1217 -0.2133 12.38 
0.558 2 2 3 0.0 0.0 0.099 0.078 -0.1217 -0.2133 12.38 
0.559 2 2 3 0.0 0.0 0.091 0.072 -0.1217 -0.1996 12.38 
0.560 2 2 3 0.0 0.0 0.124 0.047 -0.0984 -0.1996 12.39 
0.561 2 2 3 0.0 0.0 0.103 0.040 -0.0831 -0.1868 12.39 
0.562 2 2 3 0.0 0.0 0.131 0.065 -0.0831 -0.1868 12.39 
0.563 2 2 3 0.0 0.0 0.109 0.080 -0.0831 -0.1751 12.38 
0.564 2 2 3 0.0 0.0 0.051 0.054 -0.0831 -0.1751 12.38 
0.565 2 2 3 0.0 0.0 0.058 0.054 -0.0831 -0.1751 12.38 
0.566 2 2 3 0.0 0.0 0.066 0.063 -0.0759 -0.1631 12.38 
0.567 2 2 3 0.0 0.0 0.053 0.080 -0.0639 -0.1631 12.38 
0.568 2 2 3 0.0 0.0 0.041 0.068 -0.0550 -0.1458 12.38 
0.569 2 2 3 0.0 0.0 0.029 0.088 -0.0482 -0.1458 12.38 
0.570 2 2 3 0.0 0.0 0.061 0.069 -0.0430 -0.1458 12.39 
0.571 2 2 3 0.0 0.0 0.026 0.079 -0.0390 -0.1317 12.38 
0.572 2 2 3 0.0 0.0 0.028 0.071 -0.0353 -0.1309 12.38 
0.573 2 2 3 0.0 0.0 0.032 0.047 -0.0345 -0.1309 12.39 
0.574 2 2 3 0.0 0.0 0.014 0.048 -0.0345 -0.1309 12.39 
0.575 2 2 3 0.0 0.0 -0.030 0.069 -0.0345 -0.1197 12.38 
0.576 2 2 3 0.0 0.0 0.040 0.050 -0.0345 -0.1197 12.38 
0.577 2 2 3 0.0 0.0 0.078 0.026 -0.0345 -0.1197 12.38 
0.578 2 2 3 0.0 0.0 0.034 0.023 -0.0345 -0.1104 12.38 
0.579 2 2 3 0.0 0.0 0.026 0.055 -0.0345 -0.1088 12.38 
0.580 2 2 3 0.0 0.0 0.024 0.020 -0.0345 -0.1088 12.37 
0.581 2 2 3 0.0 0.0 -0.026 0.034 -0.0345 -0.1088 12.37 
0.582 2 2 3 0.0 0.0 0.034 0.031 -0.0345 -0.1076 12.37 
0.583 2 2 3 0.0 0.0 -0.021 0.041 -0.0345 -0.1076 12.38 
0.584 2 2 3 0.0 0.0 0.015 0.059 -0.0341 -0.1076 12.38 
0.585 2 2 3 0.0 0.0 0.026 0.080 -0.0313 -0.1076 12.38 
0.586 2 2 3 0.0 0.0 0.004 0.046 -0.0289 -0.0964 12.38 
0.587 2 2 3 0.0 0.0 -0.012 0.045 -0.0269 -0.0964 12.39 
0.588 2 2 3 0.0 0.0 0.012 0.061 -0.0253 -0.0964 12.38 
0.589 2 2 3 0.0 0.0 0.019 0.040 -0.0237 -0.0964 12.38 
0.590 2 2 3 0.0 0.0 -0.012 0.016 -0.0225 -0.0964 12.38 
0.591 2 2 3 0.0 0.0 -0.026 0.002 -0.0213 -0.0791 12.39 
0.592 2 2 3 0.0 0.0 -0.013 0.008 -0.0201 -0.0663 12.38 
0.593 2 2 3 0.0 0.0 -0.001 -0.003 -0.0193 -0.0614 12.38 
0.594 2 2 3 0.0 0.0 0.009 0.012 -0.0181 -0.0614 12.38 
0.595 2 2 3 0.0 0.0 0.010 0.021 -0.0173 -0.0614 12.39 
0.596 2 2 3 0.0 0.0 -0.007 0.039 -0.0169 -0.0614 12.38 
0.597 2 2 3 0.0 0.0 0.001 0.016 -0.0161 -0.0614 12.38 
0.598 2 2 3 0.0 0.0 0.014 0.017 -0.0153 -0.0614 12.38 
0.599 2 2 3 0.0 0.0 -0.050 -0.011 -0.0149 -0.0610 12.38 
0.600 2 2 3 0.0 0.0 0.034 0.039 -0.0145 -0.0530 12.38 
0.601 2 2 3 0.0 0.0 -0.030 0.064 -0.0137 -0.0466 12.39 
0.602 2 2 3 0.0 0.0 -0.020 -0.022 -0.0133 -0.0418 12.38 
0.603 2 2 3 0.0 0.0 0.035 -0.053 -0.0129 -0.0378 12.38 
0.604 2 2 3 0.0 0.0 -0.001 0.011 -0.0125 -0.0345 12.39 
0.605 2 2 3 0.0 0.0 -0.047 -0.018 -0.0120 -0.0317 12.39 
0.606 2 2 3 0.0 0.0 -0.007 -0.041 -0.0116 -0.0293 12.38 
0.607 2 2 3 0.0 0.0 0.012 0.042 -0.0112 -0.0273 12.39 
0.608 2 2 3 0.0 0.0 0.046 -0.015 -0.0108 -0.0257 12.38 
0.609 2 2 3 0.0 0.0 0.005 0.012 -0.0108 -0.0241 12.38 
0.610 2 2 3 0.0 0.0 -0.002 0.042 -0.0104 -0.0225 12.38 
0.611 2 2 3 0.0 0.0 0.032 0.039 -0.0100 -0.0213 12.38 
0.612 2 2 3 0.0 0.0 -0.000 -0.032 -0.0100 -0.0205 12.38 
0.613 2 2 3 0.0 0.0 0.055 -0.026 -0.0096 -0.0193 12.38 
0.614 2 2 3 0.0 0.0 -0.003 0.016 -0.0092 -0.0185 12.38 
0.615 2 2 3 0.0 0.0 0.031 -0.002 -0.0092 -0.0177 12.38 
0.616 2 2 3 0.0 0.0 -0.004 -0.035 -0.0088 -0.0169 12.38 
0.617 2 2 3 0.0 0.0 0.004 0.005 -0.0088 -0.0161 12.38 
0.618 2 2 3 0.0 0.0 0.023 0.011 -0.0084 -0.0157 12.38 
0.619 2 2 3 0.0 0.0 0.007 -0.000 -0.0084 -0.0149 12.39 
0.620 2 2 3 0.0 0.0 -0.009 -0.015 -0.0080 -0.0145 12.38 
0.621 2 2 3 0.0 0.0 0.030 -0.040 -0.0080 -0.0141 12.38 
0.622 2 2 3 0.0 0.0 0.013 0.022 -0.0080 -0.0133 12.38 
0.623 2 2 3 0.0 0.0 -0.009 -0.020 -0.0076 -0.0129 12.38 
0.624 2 2 3 0.0 0.0 -0.010 0.020 -0.0076 -0.0125 12.38 
0.625 2 2 3 0.0 0.0 0.002 0.054 -0.0072 -0.0120 12.38 
0.626 2 2 3 0.0 0.0 -0.008 -0.004 -0.0072 -0.0116 12.38 
0.627 2 2 3 0.0 0.0 0.006 -0.012 -0.0072 -0.0112 12.38 
0.628 2 2 3 0.0 0.0 -0.026 -0.015 -0.0068 -0.0112 12.38 
0.629 2 2 3 0.0 0.0 -0.016 0.018 -0.0068 -0.0108 12.39 
0.630 2 2 3 0.0 0.0 0.031 0.005 -0.0068 -0.0104 12.39 
0.631 2 2 3 0.0 0.0 0.001 -0.007 -0.0068 -0.0100 12.38 
0.632 2 2 3 0.0 0.0 -0.015 0.046 -0.0064 -0.0100 12.38 
0.633 2 2 3 0.0 0.0 -0.015 0.017 -0.0064 -0.0096 12.38 
0.634 2 2 3 0.0 0.0 0.012 -0.033 -0.0064 -0.0096 12.38 
0.635 2 2 3 0.0 0.0 0.055 -0.035 -0.0060 -0.0092 12.38 
0.636 2 2 3 0.0 0.0 0.027 -0.004 -0.0060 -0.0088 12.38 
0.637 2 2 3 0.0 0.0 0.050 0.030 -0.0060 -0.0088 12.38 
0.638 2 2 3 0.0 0.0 0.004 0.002 -0.0060 -0.0084 12.38 
0.639 2 2 3 0.0 0.0 0.023 -0.015 -0.0056 -0.0084 12.38 
0.640 2 2 3 0.0 0.0 -0.034 -0.015 -0.0056 -0.0084 12.38 
0.641 2 2 3 0.0 0.0 0.054 0.005 -0.0056 -0.0080 12.38 
0.642 2 2 3 0.0 0.0 0.030 -0.012 -0.0056 -0.0080 12.38 
0.643 2 2 3 0.0 0.0 -0.000 0.004 -0.0056 -0.0076 12.38 
0.644 2 2 3 0.0 0.0 -0.020 0.011 -0.0052 -0.0076 12.38 
0.645 2 2 3 0.0 0.0 -0.019 -0.059 -0.0052 -0.0076 12.38 
0.646 2 2 3 0.0 0.0 -0.030 -0.003 -0.0052 -0.0072 12.38 
0.647 2 2 3 0.0 0.0 -0.010 0.038 -0.0052 -0.0072 12.38 
0.648 2 2 3 0.0 0.0 0.031 0.003 -0.0052 -0.0068 12.38 
0.649 2 2 3 0.0 0.0 0.046 -0.021 -0.0052 -0.0068 12.38 
0.650 2 2 3 0.0 0.0 0.017 0.029 -0.0048 -0.0068 12.39 
0.651 2 2 3 0.0 0.0 0.008 -0.003 -0.0048 -0.0068 12.38 
0.652 2 2 3 0.0 0.0 0.013 -0.015 -0.0048 -0.0064 12.37 
0.653 2 2 3 0.0 0.0 0.019 -0.045 -0.0048 -0.0064 12.37 
0.654 2 2 3 0.0 0.0 0.017 -0.030 -0.0048 -0.0064 12.38 
0.655 2 2 3 0.0 0.0 -0.049 0.028 -0.0048 -0.0060 12.38 
0.656 2 2 3 0.0 0.0 -0.002 -0.017 -0.0044 -0.0060 12.38 
0.657 2 2 3 0.0 0.0 -0.036 -0.024 -0.0044 -0.0060 12.38 
0.658 2 2 3 0.0 0.0 0.032 0.039 -0.0044 -0.0060 12.38 
0.659 2 2 3 0.0 0.0 0.041 -0.022 -0.0044 -0.0060 12.38 
0.660 2 2 3 0.0 0.0 0.061 -0.011 -0.0044 -0.0056 12.38 
0.661 2 2 3 0.0 0.0 0.025 -0.015 -0.0044 -0.0056 12.38 
0.662 2 2 3 0.0 0.0 0.033 0.029 -0.0044 -0.0056 12.38 
0.663 2 2 3 0.0 0.0 -0.005 -0.016 -0.0044 -0.0056 12.37 
0.664 2 2 3 0.0 0.0 -0.030 0.034 -0.0040 -0.0052 12.38 
0.665 2 2 3 0.0 0.0 -0.038 0.008 -0.0040 -0.0052 12.38 
