%% logfile from robot Victoria (24)
% Victoria (24)
%  1    time 0.000 sec
%  2  3  4   (mission 0), state 2, thread 2, line 0
%  5  6 Motor voltage [V] left, right: 2.0 2.0
%  7  8 Motor current left, right [A]: 0.116 0.112
%  9 10 Wheel velocity [m/s] left, right: 0.0000 0.0000
% 11    Battery voltage [V]: 12.46
0.001 2 2 0 2.0 2.0 0.172 0.116 0.0000 0.0000 12.45 
0.002 2 2 0 2.0 2.0 0.293 0.345 0.0000 0.0000 12.45 
0.003 2 2 0 2.0 2.0 0.376 0.549 0.0000 0.0000 12.44 
0.004 2 2 0 2.0 2.0 0.419 0.590 0.0000 0.0000 12.44 
0.005 2 2 0 2.0 2.0 0.434 0.595 0.0000 0.0000 12.44 
0.006 2 2 0 2.0 2.0 0.423 0.648 0.0000 0.0000 12.44 
0.007 2 2 0 2.0 2.0 0.406 0.525 0.0000 0.0000 12.44 
0.008 2 2 0 2.0 2.0 0.441 0.478 0.0000 0.0000 12.44 
0.009 2 2 0 2.0 2.0 0.473 0.525 0.0000 0.0000 12.44 
0.010 2 2 0 2.0 2.0 0.416 0.496 0.0000 0.0000 12.43 
0.011 2 2 0 2.0 2.0 0.385 0.492 0.0000 0.0000 12.44 
0.012 2 2 0 2.0 2.0 0.375 0.462 0.0856 0.0000 12.44 
0.013 2 2 0 2.0 2.0 0.416 0.408 0.0856 0.1043 12.43 
0.014 2 2 0 2.0 2.0 0.381 0.432 0.0856 0.1043 12.44 
0.015 2 2 0 2.0 2.0 0.339 0.424 0.1152 0.1043 12.44 
0.016 2 2 0 2.0 2.0 0.343 0.470 0.1152 0.1436 12.44 
0.017 2 2 0 2.0 2.0 0.397 0.434 0.1152 0.1436 12.44 
0.018 2 2 0 2.0 2.0 0.361 0.392 0.1351 0.1769 12.44 
0.019 2 2 0 2.0 2.0 0.346 0.410 0.1351 0.1769 12.44 
0.020 2 2 0 2.0 2.0 0.325 0.385 0.1716 0.1996 12.44 
0.021 2 2 0 2.0 2.0 0.316 0.367 0.1716 0.1996 12.44 
0.022 2 2 0 2.0 2.0 0.329 0.374 0.1716 0.2089 12.44 
0.023 2 2 0 2.0 2.0 0.348 0.371 0.1976 0.2089 12.44 
0.024 2 2 0 2.0 2.0 0.314 0.371 0.2089 0.2426 12.45 
0.025 2 2 0 2.0 2.0 0.268 0.428 0.2089 0.2686 12.44 
0.026 2 2 0 2.0 2.0 0.272 0.367 0.2028 0.2686 12.44 
0.027 2 2 0 2.0 2.0 0.264 0.375 0.2028 0.2738 12.44 
0.028 2 2 0 2.0 2.0 0.266 0.337 0.2329 0.2617 12.44 
0.029 2 2 0 2.0 2.0 0.304 0.285 0.2329 0.2617 12.44 
0.030 2 2 0 2.0 2.0 0.322 0.296 0.2426 0.2897 12.45 
0.031 2 2 0 2.0 2.0 0.286 0.242 0.2426 0.3002 12.44 
0.032 2 2 0 2.0 2.0 0.270 0.247 0.2487 0.3002 12.45 
0.033 2 2 0 2.0 2.0 0.245 0.249 0.2398 0.3071 12.44 
0.034 2 2 0 2.0 2.0 0.254 0.255 0.2398 0.2876 12.44 
0.035 2 2 0 2.0 2.0 0.293 0.264 0.2686 0.3270 12.44 
0.036 2 2 0 2.0 2.0 0.295 0.311 0.2815 0.3497 12.44 
0.037 2 2 0 2.0 2.0 0.268 0.255 0.2815 0.3497 12.44 
0.038 2 2 0 2.0 2.0 0.247 0.282 0.2897 0.3351 12.44 
0.039 2 2 0 2.0 2.0 0.248 0.260 0.2836 0.3144 12.44 
0.040 2 2 0 2.0 2.0 0.242 0.248 0.3095 0.3465 12.44 
0.041 2 2 0 2.0 2.0 0.247 0.257 0.3323 0.3525 12.45 
0.042 2 2 0 2.0 2.0 0.251 0.221 0.3323 0.3619 12.45 
0.043 2 2 0 2.0 2.0 0.243 0.215 0.3193 0.3586 12.45 
0.044 2 2 0 2.0 2.0 0.220 0.250 0.3026 0.3586 12.44 
0.045 2 2 0 2.0 2.0 0.200 0.234 0.3298 0.3976 12.44 
0.046 2 2 0 2.0 2.0 0.192 0.238 0.3298 0.3976 12.44 
0.047 2 2 0 2.0 2.0 0.177 0.263 0.3298 0.3862 12.44 
0.048 2 2 0 2.0 2.0 0.242 0.220 0.3436 0.3753 12.44 
0.049 2 2 0 2.0 2.0 0.252 0.234 0.3558 0.3935 12.44 
0.050 2 2 0 2.0 2.0 0.230 0.211 0.3497 0.3651 12.44 
0.051 2 2 0 2.0 2.0 0.226 0.173 0.3408 0.3976 12.44 
0.052 2 2 0 2.0 2.0 0.205 0.230 0.3586 0.4057 12.44 
0.053 2 2 0 2.0 2.0 0.210 0.249 0.3619 0.4097 12.44 
0.054 2 2 0 2.0 2.0 0.203 0.230 0.3619 0.4097 12.44 
0.055 2 2 0 2.0 2.0 0.207 0.186 0.3688 0.4138 12.43 
0.056 2 2 0 2.0 2.0 0.193 0.152 0.3525 0.4223 12.43 
0.057 2 2 0 2.0 2.0 0.183 0.152 0.3753 0.4268 12.44 
0.058 2 2 0 2.0 2.0 0.231 0.139 0.3586 0.4312 12.44 
0.059 2 2 0 2.0 2.0 0.227 0.124 0.3753 0.4057 12.44 
0.060 2 2 0 2.0 2.0 0.242 0.182 0.3935 0.4179 12.44 
0.061 2 2 0 2.0 2.0 0.209 0.195 0.3789 0.4406 12.43 
0.062 2 2 0 2.0 2.0 0.176 0.203 0.3720 0.4406 12.43 
0.063 2 2 0 2.0 2.0 0.172 0.225 0.3753 0.4312 12.44 
0.064 2 2 0 2.0 2.0 0.168 0.173 0.3753 0.4406 12.43 
0.065 2 2 0 2.0 2.0 0.151 0.158 0.3753 0.4507 12.45 
0.066 2 2 0 2.0 2.0 0.175 0.190 0.3753 0.4507 12.45 
0.067 2 2 0 2.0 2.0 0.241 0.167 0.3558 0.4406 12.44 
0.068 2 2 0 2.0 2.0 0.215 0.204 0.3753 0.4507 12.44 
0.069 2 2 0 2.0 2.0 0.193 0.219 0.3976 0.4661 12.44 
0.070 2 2 0 2.0 2.0 0.181 0.186 0.3720 0.4507 12.43 
0.071 2 2 0 2.0 2.0 0.185 0.190 0.3408 0.4609 12.43 
0.072 2 2 0 2.0 2.0 0.200 0.178 0.3688 0.4714 12.43 
0.073 2 2 0 2.0 2.0 0.222 0.134 0.3753 0.4714 12.45 
0.074 2 2 0 2.0 2.0 0.184 0.142 0.3753 0.4609 12.45 
0.075 2 2 0 2.0 2.0 0.226 0.183 0.3558 0.4714 12.44 
0.076 2 2 0 2.0 2.0 0.188 0.192 0.3753 0.4828 12.44 
0.077 2 2 0 2.0 2.0 0.176 0.208 0.3976 0.4714 12.44 
0.078 2 2 0 2.0 2.0 0.188 0.152 0.3826 0.4828 12.44 
0.079 2 2 0 2.0 2.0 0.226 0.120 0.3826 0.4884 12.44 
0.080 2 2 0 2.0 2.0 0.183 0.130 0.3651 0.4884 12.44 
0.081 2 2 0 2.0 2.0 0.167 0.135 0.3899 0.4828 12.44 
0.082 2 2 0 2.0 2.0 0.158 0.139 0.4016 0.5006 12.43 
0.083 2 2 0 2.0 2.0 0.154 0.143 0.3976 0.5006 12.44 
0.084 2 2 0 2.0 2.0 0.224 0.150 0.3651 0.4828 12.43 
0.085 2 2 0 2.0 2.0 0.224 0.139 0.4016 0.4945 12.43 
0.086 2 2 0 2.0 2.0 0.196 0.109 0.4057 0.5006 12.43 
0.087 2 2 0 2.0 2.0 0.178 0.146 0.4016 0.5006 12.43 
0.088 2 2 0 2.0 2.0 0.146 0.131 0.3826 0.5071 12.44 
0.089 2 2 0 2.0 2.0 0.147 0.162 0.3976 0.5201 12.44 
0.090 2 2 0 2.0 2.0 0.184 0.194 0.4057 0.5071 12.43 
0.091 2 2 0 2.0 2.0 0.182 0.133 0.4097 0.5071 12.43 
0.092 2 2 0 2.0 2.0 0.187 0.123 0.3935 0.4884 12.44 
0.093 2 2 0 2.0 2.0 0.174 0.139 0.4097 0.5006 12.45 
0.094 2 2 0 2.0 2.0 0.173 0.113 0.4268 0.5201 12.43 
0.095 2 2 0 2.0 2.0 0.184 0.144 0.4268 0.5132 12.43 
0.096 2 2 0 2.0 2.0 0.154 0.156 0.4016 0.5201 12.43 
0.097 2 2 0 2.0 2.0 0.130 0.102 0.4138 0.5266 12.43 
0.098 2 2 0 2.0 2.0 0.131 0.086 0.4223 0.5266 12.44 
0.099 2 2 0 2.0 2.0 0.132 0.086 0.4454 0.5266 12.45 
0.100 2 2 0 2.0 2.0 0.175 0.060 0.4454 0.5071 12.45 
0.101 2 2 0 2.0 2.0 0.219 0.112 0.4361 0.5408 12.46 
0.102 2 2 0 2.0 2.0 0.180 0.188 0.4406 0.5335 12.44 
0.103 2 2 0 2.0 2.0 0.142 0.156 0.4454 0.5201 12.44 
0.104 2 2 0 2.0 2.0 0.130 0.123 0.4507 0.5335 12.43 
0.105 2 2 0 2.0 2.0 0.137 0.131 0.4361 0.5335 12.45 
0.106 2 2 0 2.0 2.0 0.171 0.087 0.4454 0.5201 12.43 
0.107 2 2 0 2.0 2.0 0.197 0.145 0.4361 0.5408 12.43 
0.108 2 2 0 2.0 2.0 0.196 0.188 0.4406 0.5408 12.44 
0.109 2 2 0 2.0 2.0 0.142 0.150 0.4507 0.5132 12.44 
0.110 2 2 0 2.0 2.0 0.120 0.121 0.4406 0.5266 12.43 
0.111 2 2 0 2.0 2.0 0.162 0.139 0.4406 0.5408 12.44 
0.112 2 2 0 2.0 2.0 0.163 0.081 0.4361 0.5266 12.43 
0.113 2 2 0 2.0 2.0 0.127 0.102 0.4361 0.5335 12.47 
0.114 2 2 0 2.0 2.0 0.160 0.152 0.4057 0.5481 12.43 
0.115 2 2 0 2.0 2.0 0.192 0.121 0.4179 0.5335 12.43 
0.116 2 2 0 2.0 2.0 0.216 0.093 0.4312 0.5408 12.47 
0.117 2 2 0 2.0 2.0 0.172 0.120 0.4268 0.5481 12.44 
0.118 2 2 0 2.0 2.0 0.155 0.064 0.3826 0.5201 12.46 
0.119 2 2 0 2.0 2.0 0.138 0.107 0.4016 0.5335 12.43 
0.120 2 2 0 2.0 2.0 0.139 0.108 0.4138 0.5554 12.42 
0.121 2 2 0 2.0 2.0 0.204 0.099 0.4138 0.5335 12.44 
0.122 2 2 0 2.0 2.0 0.210 0.138 0.3976 0.5408 12.42 
0.123 2 2 0 2.0 2.0 0.200 0.134 0.4097 0.5554 12.44 
0.124 2 2 0 2.0 2.0 0.166 0.075 0.4223 0.5481 12.44 
0.125 2 2 0 2.0 2.0 0.160 0.128 0.4223 0.5554 12.44 
0.126 2 2 0 2.0 2.0 0.185 0.142 0.4016 0.5712 12.44 
0.127 2 2 0 2.0 2.0 0.151 0.109 0.4138 0.5554 12.43 
0.128 2 2 0 2.0 2.0 0.142 0.097 0.4312 0.5481 12.44 
0.129 2 2 0 2.0 2.0 0.120 0.127 0.4312 0.5481 12.43 
0.130 2 2 0 2.0 2.0 0.150 0.069 0.3935 0.5631 12.43 
0.131 2 2 0 2.0 2.0 0.197 0.156 0.4138 0.5554 12.44 
0.132 2 2 0 2.0 2.0 0.215 0.112 0.4268 0.5554 12.42 
0.133 2 2 0 2.0 2.0 0.173 0.091 0.4138 0.5712 12.44 
0.134 2 2 0 2.0 2.0 0.136 0.079 0.4312 0.5631 12.44 
0.135 2 2 0 2.0 2.0 0.140 0.090 0.4406 0.5631 12.44 
0.136 2 2 0 2.0 2.0 0.160 0.046 0.4454 0.5481 12.43 
0.137 2 2 0 2.0 2.0 0.231 0.139 0.4361 0.5712 12.43 
0.138 2 2 0 2.0 2.0 0.202 0.123 0.4454 0.5631 12.44 
0.139 2 2 0 2.0 2.0 0.186 0.130 0.4609 0.5554 12.44 
0.140 2 2 0 2.0 2.0 0.165 0.125 0.4609 0.5631 12.43 
0.141 2 2 0 2.0 2.0 0.116 0.130 0.4454 0.5631 12.45 
0.142 2 2 0 2.0 2.0 0.131 0.086 0.4556 0.5554 12.45 
0.143 2 2 0 2.0 2.0 0.164 0.150 0.4556 0.5631 12.45 
0.144 2 2 0 2.0 2.0 0.169 0.138 0.4661 0.5631 12.45 
0.145 2 2 0 2.0 2.0 0.158 0.135 0.4661 0.5554 12.45 
0.146 2 2 0 2.0 2.0 0.160 0.091 0.4507 0.5631 12.44 
0.147 2 2 0 2.0 2.0 0.157 0.116 0.4609 0.5631 12.44 
0.148 2 2 0 2.0 2.0 0.196 0.063 0.4661 0.5631 12.43 
0.149 2 2 0 2.0 2.0 0.156 0.121 0.4661 0.5712 12.45 
0.150 2 2 0 2.0 2.0 0.151 0.180 0.4609 0.5554 12.44 
0.151 2 2 0 2.0 2.0 0.159 0.113 0.4507 0.5631 12.43 
0.152 2 2 0 2.0 2.0 0.142 0.064 0.4609 0.5631 12.45 
0.153 2 2 0 2.0 2.0 0.162 0.105 0.4771 0.5408 12.47 
0.154 2 2 0 2.0 2.0 0.194 0.071 0.4714 0.5554 12.45 
0.155 2 2 0 2.0 2.0 0.162 0.098 0.4609 0.5712 12.45 
0.156 2 2 0 2.0 2.0 0.123 0.143 0.4556 0.5481 12.45 
0.157 2 2 0 2.0 2.0 0.131 0.054 0.4556 0.5631 12.45 
0.158 2 2 0 2.0 2.0 0.156 0.045 0.4507 0.5712 12.45 
0.159 2 2 0 2.0 2.0 0.233 0.069 0.4406 0.5631 12.44 
0.160 2 2 0 2.0 2.0 0.205 0.142 0.4556 0.5964 12.44 
0.161 2 2 0 2.0 2.0 0.166 0.086 0.4454 0.5793 12.44 
0.162 2 2 0 2.0 2.0 0.142 0.107 0.3976 0.5631 12.44 
0.163 2 2 0 2.0 2.0 0.127 0.139 0.4179 0.5408 12.44 
0.164 2 2 0 2.0 2.0 0.156 0.041 0.4268 0.5554 12.44 
0.165 2 2 0 2.0 2.0 0.244 -0.037 0.4312 0.5712 12.44 
0.166 2 2 0 2.0 2.0 0.200 0.006 0.4223 0.5631 12.44 
0.167 2 2 0 2.0 2.0 0.235 0.082 0.4268 0.5712 12.45 
0.168 2 2 0 2.0 2.0 0.196 0.110 0.4406 0.5793 12.45 
0.169 2 2 0 2.0 2.0 0.146 0.063 0.4406 0.5712 12.45 
0.170 2 2 0 2.0 2.0 0.125 0.065 0.4268 0.5712 12.45 
0.171 2 2 0 2.0 2.0 0.133 0.086 0.4361 0.5631 12.43 
0.172 2 2 0 2.0 2.0 0.150 0.156 0.4454 0.5878 12.44 
0.173 2 2 0 2.0 2.0 0.162 0.110 0.4223 0.5631 12.45 
0.174 2 2 0 2.0 2.0 0.149 0.112 0.4361 0.5631 12.44 
0.175 2 2 0 2.0 2.0 0.167 0.146 0.4454 0.5793 12.43 
0.176 2 2 0 2.0 2.0 0.185 0.078 0.4507 0.5631 12.43 
0.177 2 2 0 2.0 2.0 0.203 0.091 0.4361 0.5712 12.44 
0.178 2 2 0 2.0 2.0 0.146 0.166 0.4454 0.5793 12.45 
0.179 2 2 0 2.0 2.0 0.158 0.109 0.4507 0.5554 12.45 
0.180 2 2 0 2.0 2.0 0.120 0.089 0.4556 0.5712 12.46 
0.181 2 2 0 2.0 2.0 0.183 0.109 0.4454 0.5793 12.45 
0.182 2 2 0 2.0 2.0 0.202 0.039 0.4771 0.5631 12.45 
0.183 2 2 0 2.0 2.0 0.164 0.097 0.4771 0.5878 12.43 
0.184 2 2 0 2.0 2.0 0.110 0.147 0.4609 0.5878 12.44 
0.185 2 2 0 2.0 2.0 0.136 0.102 0.4661 0.5712 12.45 
0.186 2 2 0 2.0 2.0 0.167 0.059 0.4661 0.5793 12.44 
0.187 2 2 0 2.0 2.0 0.142 0.096 0.4714 0.5793 12.44 
0.188 2 2 0 2.0 2.0 0.129 0.048 0.4828 0.5712 12.44 
0.189 2 2 0 2.0 2.0 0.137 0.108 0.4714 0.5878 12.44 
0.190 2 2 0 2.0 2.0 0.142 0.123 0.4771 0.5712 12.45 
0.191 2 2 0 2.0 2.0 0.162 0.105 0.4771 0.5712 12.46 
0.192 2 2 0 2.0 2.0 0.130 0.014 0.4828 0.5793 12.45 
0.193 2 2 0 2.0 2.0 0.131 0.058 0.4661 0.5793 12.45 
0.194 2 2 0 2.0 2.0 0.150 0.089 0.4714 0.5793 12.45 
0.195 2 2 0 2.0 2.0 0.238 0.109 0.4714 0.5964 12.45 
0.196 2 2 0 2.0 2.0 0.203 0.121 0.4884 0.5793 12.45 
0.197 2 2 0 2.0 2.0 0.141 0.149 0.4771 0.5793 12.45 
0.198 2 2 0 2.0 2.0 0.123 0.038 0.4714 0.5712 12.46 
0.199 2 2 0 2.0 2.0 0.123 0.049 0.4661 0.5793 12.45 
0.200 2 2 0 2.0 2.0 0.173 0.172 0.4609 0.5712 12.45 
0.201 2 2 1 4.0 4.0 0.158 0.105 0.4609 0.5793 12.45 
0.202 2 2 1 4.0 4.0 0.413 0.143 0.4507 0.5878 12.44 
0.203 2 2 1 4.0 4.0 0.466 0.300 0.4661 0.5878 12.42 
0.204 2 2 1 4.0 4.0 0.530 0.405 0.4661 0.5964 12.43 
0.205 2 2 1 4.0 4.0 0.561 0.455 0.4507 0.5964 12.41 
0.206 2 2 1 4.0 4.0 0.631 0.604 0.4714 0.6337 12.42 
0.207 2 2 1 4.0 4.0 0.722 0.531 0.4884 0.6239 12.42 
0.208 2 2 1 4.0 4.0 0.715 0.506 0.5071 0.6540 12.41 
0.209 2 2 1 4.0 4.0 0.607 0.578 0.5266 0.6649 12.42 
0.210 2 2 1 4.0 4.0 0.576 0.538 0.5481 0.6759 12.42 
0.211 2 2 1 4.0 4.0 0.566 0.660 0.5481 0.6994 12.42 
0.212 2 2 1 4.0 4.0 0.535 0.536 0.5631 0.6759 12.42 
0.213 2 2 1 4.0 4.0 0.514 0.467 0.5964 0.7116 12.41 
0.214 2 2 1 4.0 4.0 0.648 0.466 0.5793 0.7116 12.42 
0.215 2 2 1 4.0 4.0 0.658 0.500 0.6146 0.7509 12.42 
0.216 2 2 1 4.0 4.0 0.534 0.475 0.6337 0.7375 12.42 
0.217 2 2 1 4.0 4.0 0.500 0.485 0.6337 0.7509 12.42 
0.218 2 2 1 4.0 4.0 0.477 0.413 0.6438 0.7651 12.42 
0.219 2 2 1 4.0 4.0 0.509 0.401 0.6540 0.7801 12.41 
0.220 2 2 1 4.0 4.0 0.457 0.443 0.7116 0.8114 12.43 
0.221 2 2 1 4.0 4.0 0.512 0.406 0.7116 0.7951 12.43 
0.222 2 2 1 4.0 4.0 0.431 0.396 0.6994 0.8114 12.43 
0.223 2 2 1 4.0 4.0 0.435 0.368 0.7241 0.8276 12.43 
0.224 2 2 1 4.0 4.0 0.401 0.396 0.7375 0.8629 12.43 
0.225 2 2 1 4.0 4.0 0.403 0.420 0.7375 0.8450 12.43 
0.226 2 2 1 4.0 4.0 0.388 0.363 0.7509 0.8276 12.43 
0.227 2 2 1 4.0 4.0 0.442 0.373 0.7375 0.8629 12.42 
0.228 2 2 1 4.0 4.0 0.511 0.390 0.7509 0.9014 12.42 
0.229 2 2 1 4.0 4.0 0.419 0.327 0.7801 0.9014 12.42 
0.230 2 2 1 4.0 4.0 0.354 0.307 0.7951 0.9014 12.43 
0.231 2 2 1 4.0 4.0 0.329 0.365 0.7951 0.9217 12.44 
0.232 2 2 1 4.0 4.0 0.396 0.317 0.7801 0.9217 12.43 
0.233 2 2 1 4.0 4.0 0.439 0.340 0.8114 0.9217 12.43 
0.234 2 2 1 4.0 4.0 0.367 0.312 0.7651 0.9217 12.43 
0.235 2 2 1 4.0 4.0 0.339 0.331 0.8114 0.9217 12.43 
0.236 2 2 1 4.0 4.0 0.386 0.352 0.7951 0.9432 12.43 
0.237 2 2 1 4.0 4.0 0.352 0.300 0.8276 0.9432 12.43 
0.238 2 2 1 4.0 4.0 0.345 0.363 0.8114 0.9655 12.43 
0.239 2 2 1 4.0 4.0 0.341 0.333 0.8450 0.9432 12.43 
0.240 2 2 1 4.0 4.0 0.426 0.275 0.8114 0.9655 12.43 
0.241 2 2 1 4.0 4.0 0.363 0.294 0.8450 0.9655 12.43 
0.242 2 2 1 4.0 4.0 0.334 0.294 0.8276 0.9895 12.42 
0.243 2 2 1 4.0 4.0 0.318 0.306 0.8450 0.9895 12.42 
0.244 2 2 1 4.0 4.0 0.383 0.267 0.8629 0.9895 12.43 
0.245 2 2 1 4.0 4.0 0.376 0.282 0.9014 1.0142 12.41 
0.246 2 2 1 4.0 4.0 0.304 0.342 0.8629 1.0142 12.43 
0.247 2 2 1 4.0 4.0 0.287 0.264 0.9014 1.0142 12.44 
0.248 2 2 1 4.0 4.0 0.305 0.269 0.9217 1.0142 12.44 
0.249 2 2 1 4.0 4.0 0.311 0.277 0.9014 1.0402 12.43 
0.250 2 2 1 4.0 4.0 0.311 0.207 0.9217 1.0402 12.43 
0.251 2 2 1 4.0 4.0 0.349 0.181 0.9217 1.0673 12.43 
0.252 2 2 1 4.0 4.0 0.301 0.277 0.9432 1.0402 12.43 
0.253 2 2 1 4.0 4.0 0.277 0.248 0.9432 1.0402 12.44 
0.254 2 2 1 4.0 4.0 0.253 0.276 0.9432 1.0402 12.44 
0.255 2 2 1 4.0 4.0 0.366 0.278 0.9217 1.0142 12.43 
0.256 2 2 1 4.0 4.0 0.313 0.250 0.9432 1.0402 12.44 
0.257 2 2 1 4.0 4.0 0.296 0.242 0.9217 1.0673 12.44 
0.258 2 2 1 4.0 4.0 0.272 0.232 0.9217 1.0673 12.44 
0.259 2 2 1 4.0 4.0 0.283 0.271 0.9217 1.0673 12.44 
0.260 2 2 1 4.0 4.0 0.267 0.226 0.9432 1.0402 12.44 
0.261 2 2 1 4.0 4.0 0.288 0.233 0.9432 1.0961 12.43 
0.262 2 2 1 4.0 4.0 0.302 0.268 0.9217 1.0673 12.43 
0.263 2 2 1 4.0 4.0 0.285 0.185 0.9432 1.0673 12.43 
0.264 2 2 1 4.0 4.0 0.241 0.257 0.9655 1.0961 12.44 
0.265 2 2 1 4.0 4.0 0.246 0.230 0.9655 1.0961 12.44 
0.266 2 2 1 4.0 4.0 0.314 0.185 0.9655 1.1266 12.43 
0.267 2 2 1 4.0 4.0 0.305 0.266 0.9655 1.1266 12.43 
0.268 2 2 1 4.0 4.0 0.222 0.211 0.9655 1.1266 12.43 
0.269 2 2 1 4.0 4.0 0.221 0.186 0.9895 1.0961 12.43 
0.270 2 2 1 4.0 4.0 0.243 0.189 0.9895 1.1266 12.43 
0.271 2 2 1 4.0 4.0 0.230 0.219 0.9895 1.1266 12.42 
0.272 2 2 1 4.0 4.0 0.306 0.246 0.9895 1.1266 12.43 
0.273 2 2 1 4.0 4.0 0.246 0.235 1.0142 1.1266 12.43 
0.274 2 2 1 4.0 4.0 0.214 0.220 1.0142 1.1266 12.43 
0.275 2 2 1 4.0 4.0 0.219 0.188 1.0142 1.1266 12.44 
0.276 2 2 1 4.0 4.0 0.264 0.188 1.0142 1.1266 12.44 
0.277 2 2 1 4.0 4.0 0.280 0.208 1.0142 1.1266 12.43 
0.278 2 2 1 4.0 4.0 0.218 0.169 0.9895 1.0961 12.44 
0.279 2 2 1 4.0 4.0 0.266 0.197 0.9895 1.1590 12.44 
0.280 2 2 1 4.0 4.0 0.255 0.234 1.0142 1.1266 12.44 
0.281 2 2 1 4.0 4.0 0.227 0.171 0.9895 1.1266 12.44 
0.282 2 2 1 4.0 4.0 0.237 0.165 0.9895 1.1590 12.44 
0.283 2 2 1 4.0 4.0 0.255 0.235 0.9895 1.1266 12.44 
0.284 2 2 1 4.0 4.0 0.215 0.173 0.9895 1.1590 12.44 
0.285 2 2 1 4.0 4.0 0.199 0.180 1.0142 1.1590 12.44 
0.286 2 2 1 4.0 4.0 0.240 0.194 1.0142 1.1590 12.44 
0.287 2 2 1 4.0 4.0 0.255 0.117 1.0402 1.1590 12.44 
0.288 2 2 1 4.0 4.0 0.201 0.156 1.0142 1.1931 12.44 
0.289 2 2 1 4.0 4.0 0.207 0.219 1.0402 1.1931 12.44 
0.290 2 2 1 4.0 4.0 0.225 0.168 1.0142 1.1931 12.44 
0.291 2 2 1 4.0 4.0 0.176 0.250 1.0402 1.1590 12.44 
0.292 2 2 1 4.0 4.0 0.241 0.190 1.0402 1.1590 12.44 
0.293 2 2 1 4.0 4.0 0.296 0.140 1.0673 1.1590 12.44 
0.294 2 2 1 4.0 4.0 0.188 0.200 1.0673 1.1590 12.44 
0.295 2 2 1 4.0 4.0 0.151 0.181 1.0673 1.1590 12.44 
0.296 2 2 1 4.0 4.0 0.234 0.165 1.0402 1.1931 12.44 
0.297 2 2 1 4.0 4.0 0.246 0.238 1.0142 1.1590 12.44 
0.298 2 2 1 4.0 4.0 0.238 0.146 1.0142 1.1590 12.45 
0.299 2 2 1 4.0 4.0 0.248 0.150 1.0142 1.1931 12.44 
0.300 2 2 1 4.0 4.0 0.225 0.207 1.0142 1.1266 12.44 
0.301 2 2 1 4.0 4.0 0.196 0.132 1.0402 1.1931 12.44 
0.302 2 2 1 4.0 4.0 0.214 0.175 1.0142 1.1931 12.43 
0.303 2 2 1 4.0 4.0 0.247 0.208 1.0142 1.1931 12.44 
0.304 2 2 1 4.0 4.0 0.263 0.122 1.0402 1.1931 12.44 
0.305 2 2 1 4.0 4.0 0.217 0.126 1.0402 1.2292 12.44 
0.306 2 2 1 4.0 4.0 0.182 0.195 1.0673 1.2292 12.44 
0.307 2 2 1 4.0 4.0 0.167 0.148 1.0402 1.2292 12.44 
0.308 2 2 1 4.0 4.0 0.214 0.185 1.0673 1.1931 12.44 
0.309 2 2 1 4.0 4.0 0.283 0.146 1.0673 1.1931 12.44 
0.310 2 2 1 4.0 4.0 0.216 0.124 1.0673 1.1931 12.43 
0.311 2 2 1 4.0 4.0 0.186 0.143 1.0673 1.1931 12.43 
0.312 2 2 1 4.0 4.0 0.204 0.174 1.0961 1.1590 12.43 
0.313 2 2 1 4.0 4.0 0.173 0.150 1.0961 1.1931 12.43 
0.314 2 2 1 4.0 4.0 0.192 0.143 1.0961 1.1931 12.43 
0.315 2 2 1 4.0 4.0 0.238 0.128 1.0673 1.1931 12.44 
0.316 2 2 1 4.0 4.0 0.200 0.152 1.0673 1.2292 12.43 
0.317 2 2 1 4.0 4.0 0.193 0.122 1.0673 1.1931 12.43 
0.318 2 2 1 4.0 4.0 0.246 0.021 1.0673 1.2292 12.43 
0.319 2 2 1 4.0 4.0 0.230 0.173 1.0142 1.2292 12.44 
0.320 2 2 1 4.0 4.0 0.155 0.087 1.0673 1.2292 12.44 
0.321 2 2 1 4.0 4.0 0.188 0.079 1.0402 1.2678 12.44 
0.322 2 2 1 4.0 4.0 0.227 0.185 1.0402 1.2292 12.44 
0.323 2 2 1 4.0 4.0 0.196 0.130 1.0402 1.2292 12.44 
0.324 2 2 1 4.0 4.0 0.266 0.143 1.0673 1.2292 12.44 
0.325 2 2 1 4.0 4.0 0.206 0.179 1.0961 1.1931 12.44 
0.326 2 2 1 4.0 4.0 0.143 0.114 1.0673 1.1931 12.44 
0.327 2 2 1 4.0 4.0 0.188 0.139 1.0961 1.1931 12.44 
0.328 2 2 1 4.0 4.0 0.241 0.190 1.0673 1.2292 12.44 
0.329 2 2 1 4.0 4.0 0.186 0.120 1.0961 1.1931 12.44 
0.330 2 2 1 4.0 4.0 0.195 0.133 1.0673 1.1931 12.43 
0.331 2 2 1 4.0 4.0 0.181 0.128 1.0961 1.1931 12.44 
0.332 2 2 1 4.0 4.0 0.168 0.088 1.0961 1.2292 12.44 
0.333 2 2 1 4.0 4.0 0.173 0.130 1.0961 1.2292 12.44 
0.334 2 2 1 4.0 4.0 0.229 0.135 1.0961 1.2292 12.44 
0.335 2 2 1 4.0 4.0 0.175 0.143 1.0402 1.2292 12.44 
0.336 2 2 1 4.0 4.0 0.147 0.129 1.0673 1.2292 12.44 
0.337 2 2 1 4.0 4.0 0.194 0.070 1.0961 1.2292 12.44 
0.338 2 2 1 4.0 4.0 0.183 0.167 1.0673 1.2678 12.44 
0.339 2 2 1 4.0 4.0 0.223 0.107 1.0673 1.2678 12.44 
0.340 2 2 1 4.0 4.0 0.215 0.122 1.0402 1.2678 12.43 
0.341 2 2 1 4.0 4.0 0.216 0.149 1.0673 1.2292 12.44 
0.342 2 2 1 4.0 4.0 0.171 0.117 1.0673 1.2292 12.44 
0.343 2 2 1 4.0 4.0 0.240 0.109 1.0673 1.2292 12.43 
0.344 2 2 1 4.0 4.0 0.183 0.159 1.0673 1.2292 12.44 
0.345 2 2 1 4.0 4.0 0.180 0.093 1.0673 1.1931 12.44 
0.346 2 2 1 4.0 4.0 0.211 0.129 1.0961 1.2292 12.44 
0.347 2 2 1 4.0 4.0 0.181 0.106 1.0961 1.2292 12.44 
0.348 2 2 1 4.0 4.0 0.147 0.077 1.0961 1.2292 12.44 
0.349 2 2 1 4.0 4.0 0.206 0.133 1.0961 1.2678 12.43 
0.350 2 2 1 4.0 4.0 0.208 0.135 1.1266 1.2292 12.43 
0.351 2 2 1 4.0 4.0 0.174 0.109 1.0961 1.2678 12.44 
0.352 2 2 2 -4.0 -4.0 0.186 0.160 1.0961 1.2678 12.44 
0.353 2 2 2 -4.0 -4.0 -0.375 -0.158 1.0961 1.2678 12.41 
0.354 2 2 2 -4.0 -4.0 -1.031 -0.946 1.0402 1.2678 12.37 
0.355 2 2 2 -4.0 -4.0 -1.501 -1.394 1.0142 1.2292 12.33 
0.356 2 2 2 -4.0 -4.0 -1.460 -1.782 0.9895 1.1590 12.32 
0.357 2 2 2 -4.0 -4.0 -1.595 -1.956 0.8629 1.0673 12.31 
0.358 2 2 2 -4.0 -4.0 -1.717 -1.750 0.8114 1.0142 12.31 
0.359 2 2 2 -4.0 -4.0 -1.762 -1.774 0.6994 0.9895 12.31 
0.360 2 2 2 -4.0 -4.0 -1.551 -1.922 0.6872 0.9014 12.32 
0.361 2 2 2 -4.0 -4.0 -1.481 -1.837 0.6438 0.8450 12.32 
0.362 2 2 2 -4.0 -4.0 -1.539 -1.679 0.5793 0.7651 12.32 
0.363 2 2 2 -4.0 -4.0 -1.559 -1.713 0.5481 0.7116 12.32 
0.364 2 2 2 -4.0 -4.0 -1.558 -1.740 0.5006 0.6337 12.32 
0.365 2 2 2 -4.0 -4.0 -1.536 -1.812 0.4057 0.6053 12.30 
0.366 2 2 2 -4.0 -4.0 -1.606 -1.743 0.3270 0.5408 12.31 
0.367 2 2 2 -4.0 -4.0 -1.579 -1.514 0.2917 0.4828 12.32 
0.368 2 2 2 -4.0 -4.0 -1.335 -1.535 0.2917 0.4556 12.33 
0.369 2 2 2 -4.0 -4.0 -1.270 -1.570 0.2264 0.3753 12.34 
0.370 2 2 2 -4.0 -4.0 -1.251 -1.587 0.2264 0.3558 12.34 
0.371 2 2 2 -4.0 -4.0 -1.239 -1.561 0.1785 0.3095 12.34 
0.372 2 2 2 -4.0 -4.0 -1.207 -1.519 0.1237 0.2215 12.34 
0.373 2 2 2 -4.0 -4.0 -1.182 -1.459 0.0949 0.2203 12.33 
0.374 2 2 2 -4.0 -4.0 -1.147 -1.403 0.0767 0.2037 12.34 
0.375 2 2 2 -4.0 -4.0 -1.111 -1.367 0.0645 0.1351 12.35 
0.376 2 2 2 -4.0 -4.0 -1.060 -1.333 0.0556 0.1014 12.35 
0.377 2 2 2 -4.0 -4.0 -1.020 -1.275 -0.0503 0.0811 12.35 
0.378 2 2 2 -4.0 -4.0 -1.033 -1.273 -0.0503 0.0673 12.34 
0.379 2 2 2 -4.0 -4.0 -1.076 -1.210 -0.2016 0.0580 12.35 
0.380 2 2 2 -4.0 -4.0 -0.933 -1.147 -0.2016 0.0507 12.36 
0.381 2 2 2 -4.0 -4.0 -0.895 -1.164 -0.2442 0.0450 12.37 
0.382 2 2 2 -4.0 -4.0 -0.904 -1.102 -0.2649 -0.0446 12.37 
0.383 2 2 2 -4.0 -4.0 -0.888 -1.093 -0.2649 -0.0446 12.35 
0.384 2 2 2 -4.0 -4.0 -0.831 -1.022 -0.3120 -0.1903 12.37 
0.385 2 2 2 -4.0 -4.0 -0.774 -0.961 -0.3408 -0.2536 12.36 
0.386 2 2 2 -4.0 -4.0 -0.755 -0.974 -0.3753 -0.2536 12.38 
0.387 2 2 2 -4.0 -4.0 -0.751 -0.926 -0.3720 -0.2982 12.39 
0.388 2 2 2 -4.0 -4.0 -0.714 -0.889 -0.3976 -0.3379 12.36 
0.389 2 2 2 -4.0 -4.0 -0.744 -0.887 -0.4179 -0.3298 12.37 
0.390 2 2 2 -4.0 -4.0 -0.619 -0.865 -0.4406 -0.3899 12.38 
0.391 2 2 2 -4.0 -4.0 -0.618 -0.768 -0.4361 -0.4057 12.41 
0.392 2 2 2 -4.0 -4.0 -0.677 -0.812 -0.4828 -0.4179 12.40 
0.393 2 2 2 -4.0 -4.0 -0.697 -0.752 -0.5006 -0.4016 12.40 
0.394 2 2 2 -4.0 -4.0 -0.601 -0.789 -0.4945 -0.4312 12.39 
0.395 2 2 2 -4.0 -4.0 -0.588 -0.736 -0.5201 -0.4556 12.39 
0.396 2 2 2 -4.0 -4.0 -0.576 -0.703 -0.5481 -0.4828 12.39 
0.397 2 2 2 -4.0 -4.0 -0.518 -0.800 -0.5408 -0.5071 12.38 
0.398 2 2 2 -4.0 -4.0 -0.517 -0.706 -0.5712 -0.5266 12.39 
0.399 2 2 2 -4.0 -4.0 -0.508 -0.650 -0.5793 -0.5408 12.39 
0.400 2 2 2 -4.0 -4.0 -0.500 -0.629 -0.5631 -0.5631 12.40 
0.401 2 2 2 -4.0 -4.0 -0.592 -0.590 -0.6146 -0.5964 12.40 
0.402 2 2 2 -4.0 -4.0 -0.602 -0.575 -0.6053 -0.5878 12.40 
0.403 2 2 2 -4.0 -4.0 -0.509 -0.675 -0.6146 -0.6239 12.40 
0.404 2 2 2 -4.0 -4.0 -0.474 -0.576 -0.6337 -0.6337 12.39 
0.405 2 2 2 -4.0 -4.0 -0.421 -0.622 -0.6337 -0.6438 12.40 
0.406 2 2 2 -4.0 -4.0 -0.477 -0.574 -0.6759 -0.6649 12.38 
0.407 2 2 2 -4.0 -4.0 -0.483 -0.522 -0.6649 -0.6649 12.40 
0.408 2 2 2 -4.0 -4.0 -0.537 -0.560 -0.6540 -0.7116 12.40 
0.409 2 2 2 -4.0 -4.0 -0.425 -0.516 -0.6649 -0.6994 12.43 
0.410 2 2 2 -4.0 -4.0 -0.446 -0.472 -0.6759 -0.7116 12.41 
0.411 2 2 2 -4.0 -4.0 -0.470 -0.510 -0.6759 -0.7241 12.41 
0.412 2 2 2 -4.0 -4.0 -0.388 -0.486 -0.7241 -0.7509 12.41 
0.413 2 2 2 -4.0 -4.0 -0.364 -0.443 -0.7241 -0.7509 12.41 
0.414 2 2 2 -4.0 -4.0 -0.369 -0.473 -0.7375 -0.7801 12.41 
0.415 2 2 2 -4.0 -4.0 -0.465 -0.413 -0.7375 -0.7509 12.42 
0.416 2 2 2 -4.0 -4.0 -0.424 -0.481 -0.7651 -0.7651 12.41 
0.417 2 2 2 -4.0 -4.0 -0.411 -0.439 -0.7651 -0.8114 12.40 
0.418 2 2 2 -4.0 -4.0 -0.367 -0.403 -0.7801 -0.7951 12.41 
0.419 2 2 2 -4.0 -4.0 -0.374 -0.445 -0.7801 -0.8114 12.41 
0.420 2 2 2 -4.0 -4.0 -0.386 -0.406 -0.8114 -0.7801 12.41 
0.421 2 2 2 -4.0 -4.0 -0.439 -0.460 -0.7951 -0.8114 12.42 
0.422 2 2 2 -4.0 -4.0 -0.404 -0.387 -0.8114 -0.7951 12.41 
0.423 2 2 2 -4.0 -4.0 -0.307 -0.345 -0.8114 -0.8276 12.43 
0.424 2 2 2 -4.0 -4.0 -0.324 -0.443 -0.8276 -0.8450 12.42 
0.425 2 2 2 -4.0 -4.0 -0.323 -0.391 -0.8114 -0.8629 12.42 
0.426 2 2 2 -4.0 -4.0 -0.314 -0.382 -0.8276 -0.8815 12.42 
0.427 2 2 2 -4.0 -4.0 -0.358 -0.358 -0.8114 -0.9014 12.43 
0.428 2 2 2 -4.0 -4.0 -0.428 -0.359 -0.8450 -0.9014 12.43 
0.429 2 2 2 -4.0 -4.0 -0.391 -0.399 -0.8276 -0.9014 12.42 
0.430 2 2 2 -4.0 -4.0 -0.301 -0.361 -0.8450 -0.9217 12.40 
0.431 2 2 2 -4.0 -4.0 -0.290 -0.326 -0.8450 -0.9217 12.42 
0.432 2 2 2 -4.0 -4.0 -0.326 -0.397 -0.8629 -0.9432 12.42 
0.433 2 2 2 -4.0 -4.0 -0.325 -0.328 -0.8450 -0.9432 12.41 
0.434 2 2 2 -4.0 -4.0 -0.411 -0.274 -0.8450 -0.9432 12.41 
0.435 2 2 2 -4.0 -4.0 -0.324 -0.334 -0.8629 -0.9655 12.40 
0.436 2 2 2 -4.0 -4.0 -0.298 -0.324 -0.8629 -0.9655 12.42 
0.437 2 2 2 -4.0 -4.0 -0.270 -0.325 -0.8815 -0.9432 12.42 
0.438 2 2 2 -4.0 -4.0 -0.249 -0.280 -0.8629 -0.9432 12.42 
0.439 2 2 2 -4.0 -4.0 -0.305 -0.275 -0.9014 -0.9895 12.43 
0.440 2 2 2 -4.0 -4.0 -0.382 -0.306 -0.9014 -0.9895 12.43 
0.441 2 2 2 -4.0 -4.0 -0.300 -0.257 -0.9217 -0.9895 12.42 
0.442 2 2 2 -4.0 -4.0 -0.268 -0.268 -0.9014 -1.0142 12.42 
0.443 2 2 2 -4.0 -4.0 -0.306 -0.329 -0.9217 -0.9895 12.45 
0.444 2 2 2 -4.0 -4.0 -0.336 -0.256 -0.9217 -0.9895 12.43 
0.445 2 2 2 -4.0 -4.0 -0.347 -0.233 -0.9432 -1.0142 12.43 
0.446 2 2 2 -4.0 -4.0 -0.269 -0.321 -0.9217 -1.0402 12.43 
0.447 2 2 2 -4.0 -4.0 -0.268 -0.250 -0.9217 -1.0402 12.42 
0.448 2 2 2 -4.0 -4.0 -0.269 -0.224 -0.9432 -1.0142 12.41 
0.449 2 2 2 -4.0 -4.0 -0.245 -0.295 -0.9217 -1.0402 12.41 
0.450 2 2 2 -4.0 -4.0 -0.337 -0.256 -0.9432 -1.0402 12.41 
0.451 2 2 2 -4.0 -4.0 -0.346 -0.236 -0.9217 -1.0402 12.43 
0.452 2 2 2 -4.0 -4.0 -0.257 -0.269 -0.9217 -1.0673 12.43 
0.453 2 2 2 -4.0 -4.0 -0.231 -0.239 -0.9217 -1.0402 12.43 
0.454 2 2 2 -4.0 -4.0 -0.234 -0.236 -0.9432 -1.0402 12.45 
0.455 2 2 2 -4.0 -4.0 -0.231 -0.234 -0.9217 -1.0673 12.43 
0.456 2 2 2 -4.0 -4.0 -0.324 -0.212 -0.9432 -1.0961 12.42 
0.457 2 2 2 -4.0 -4.0 -0.317 -0.226 -0.9432 -1.0673 12.41 
0.458 2 2 2 -4.0 -4.0 -0.265 -0.227 -0.9655 -1.0961 12.41 
0.459 2 2 2 -4.0 -4.0 -0.196 -0.241 -0.9655 -1.0961 12.43 
0.460 2 2 2 -4.0 -4.0 -0.223 -0.217 -0.9655 -1.0961 12.44 
0.461 2 2 2 -4.0 -4.0 -0.242 -0.218 -0.9655 -1.0673 12.43 
0.462 2 2 2 -4.0 -4.0 -0.306 -0.215 -0.9655 -1.0673 12.43 
0.463 2 2 2 -4.0 -4.0 -0.297 -0.193 -0.9655 -1.0673 12.43 
0.464 2 2 2 -4.0 -4.0 -0.288 -0.209 -0.9895 -1.0673 12.43 
0.465 2 2 2 -4.0 -4.0 -0.236 -0.267 -0.9895 -1.0961 12.42 
0.466 2 2 2 -4.0 -4.0 -0.217 -0.203 -0.9895 -1.0961 12.43 
0.467 2 2 2 -4.0 -4.0 -0.226 -0.189 -0.9895 -1.0961 12.43 
0.468 2 2 2 -4.0 -4.0 -0.324 -0.261 -0.9895 -1.0961 12.43 
0.469 2 2 2 -4.0 -4.0 -0.190 -0.206 -0.9895 -1.0961 12.45 
0.470 2 2 2 -4.0 -4.0 -0.223 -0.284 -0.9895 -1.1266 12.43 
0.471 2 2 2 -4.0 -4.0 -0.329 -0.227 -1.0142 -1.1590 12.46 
0.472 2 2 2 -4.0 -4.0 -0.267 -0.145 -0.9895 -1.1590 12.44 
0.473 2 2 2 -4.0 -4.0 -0.198 -0.196 -0.9895 -1.1590 12.43 
0.474 2 2 2 -4.0 -4.0 -0.230 -0.199 -1.0142 -1.1590 12.42 
0.475 2 2 2 -4.0 -4.0 -0.226 -0.172 -0.9895 -1.1266 12.42 
0.476 2 2 2 -4.0 -4.0 -0.195 -0.193 -0.9895 -1.1266 12.42 
0.477 2 2 2 -4.0 -4.0 -0.321 -0.180 -0.9895 -1.1590 12.42 
0.478 2 2 2 -4.0 -4.0 -0.244 -0.156 -1.0142 -1.1590 12.43 
0.479 2 2 2 -4.0 -4.0 -0.190 -0.187 -1.0142 -1.1266 12.43 
0.480 2 2 2 -4.0 -4.0 -0.172 -0.180 -1.0142 -1.1266 12.44 
0.481 2 2 2 -4.0 -4.0 -0.206 -0.191 -1.0402 -1.1266 12.43 
0.482 2 2 2 -4.0 -4.0 -0.238 -0.194 -1.0402 -1.1590 12.43 
0.483 2 2 2 -4.0 -4.0 -0.251 -0.175 -1.0142 -1.1590 12.43 
0.484 2 2 2 -4.0 -4.0 -0.252 -0.143 -1.0142 -1.1590 12.43 
0.485 2 2 2 -4.0 -4.0 -0.212 -0.177 -1.0142 -1.1590 12.42 
0.486 2 2 2 -4.0 -4.0 -0.200 -0.178 -1.0142 -1.1590 12.43 
0.487 2 2 2 -4.0 -4.0 -0.256 -0.173 -1.0402 -1.1590 12.43 
0.488 2 2 2 -4.0 -4.0 -0.264 -0.176 -1.0402 -1.1931 12.43 
0.489 2 2 2 -4.0 -4.0 -0.200 -0.161 -1.0402 -1.1590 12.43 
0.490 2 2 2 -4.0 -4.0 -0.187 -0.142 -1.0142 -1.1931 12.43 
0.491 2 2 2 -4.0 -4.0 -0.209 -0.171 -1.0142 -1.1931 12.43 
0.492 2 2 2 -4.0 -4.0 -0.157 -0.164 -1.0142 -1.1590 12.42 
0.493 2 2 2 -4.0 -4.0 -0.249 -0.134 -1.0142 -1.1590 12.43 
0.494 2 2 2 -4.0 -4.0 -0.266 -0.196 -1.0402 -1.1931 12.42 
0.495 2 2 2 -4.0 -4.0 -0.217 -0.160 -1.0142 -1.1931 12.43 
0.496 2 2 2 -4.0 -4.0 -0.173 -0.124 -1.0142 -1.1590 12.43 
0.497 2 2 2 -4.0 -4.0 -0.221 -0.178 -1.0402 -1.1590 12.43 
0.498 2 2 2 -4.0 -4.0 -0.220 -0.147 -1.0402 -1.1590 12.43 
0.499 2 2 2 -4.0 -4.0 -0.215 -0.153 -0.9432 -1.1931 12.43 
0.500 2 2 2 -4.0 -4.0 -0.186 -0.166 -1.0402 -1.1931 12.43 
0.501 2 2 2 -4.0 -4.0 -0.184 -0.097 -1.0402 -1.1931 12.43 
0.502 2 2 2 -4.0 -4.0 -0.196 -0.160 -1.0402 -1.1931 12.43 
0.503 2 2 3 0.0 0.0 -0.215 -0.186 -1.0402 -1.1931 12.44 
0.504 2 2 3 0.0 0.0 0.057 -0.034 -1.0142 -1.1931 12.44 
0.505 2 2 3 0.0 0.0 0.402 0.282 -1.0402 -1.1931 12.44 
0.506 2 2 3 0.0 0.0 0.660 0.594 -1.0142 -1.1590 12.46 
0.507 2 2 3 0.0 0.0 0.636 0.836 -1.0142 -1.1590 12.45 
0.508 2 2 3 0.0 0.0 0.688 0.748 -0.9432 -1.1266 12.45 
0.509 2 2 3 0.0 0.0 0.755 0.757 -0.8629 -1.1266 12.45 
0.510 2 2 3 0.0 0.0 0.756 0.865 -0.8629 -1.0673 12.45 
0.511 2 2 3 0.0 0.0 0.601 0.884 -0.7951 -1.0673 12.45 
0.512 2 2 3 0.0 0.0 0.618 0.776 -0.7951 -1.0142 12.46 
0.513 2 2 3 0.0 0.0 0.678 0.835 -0.7651 -0.9895 12.45 
0.514 2 2 3 0.0 0.0 0.703 0.881 -0.7509 -0.9432 12.45 
0.515 2 2 3 0.0 0.0 0.568 0.660 -0.7375 -0.9432 12.45 
0.516 2 2 3 0.0 0.0 0.544 0.666 -0.6872 -0.8629 12.45 
0.517 2 2 3 0.0 0.0 0.560 0.750 -0.6540 -0.8629 12.45 
0.518 2 2 3 0.0 0.0 0.562 0.776 -0.6438 -0.8114 12.45 
0.519 2 2 3 0.0 0.0 0.574 0.674 -0.6239 -0.7951 12.45 
0.520 2 2 3 0.0 0.0 0.514 0.670 -0.5878 -0.7509 12.45 
0.521 2 2 3 0.0 0.0 0.442 0.709 -0.5793 -0.7509 12.45 
0.522 2 2 3 0.0 0.0 0.445 0.729 -0.5631 -0.6872 12.44 
0.523 2 2 3 0.0 0.0 0.476 0.622 -0.5408 -0.6994 12.45 
0.524 2 2 3 0.0 0.0 0.493 0.558 -0.4884 -0.6872 12.45 
0.525 2 2 3 0.0 0.0 0.473 0.591 -0.4828 -0.6540 12.45 
0.526 2 2 3 0.0 0.0 0.390 0.617 -0.4828 -0.6438 12.45 
0.527 2 2 3 0.0 0.0 0.310 0.601 -0.4609 -0.5964 12.45 
0.528 2 2 3 0.0 0.0 0.328 0.542 -0.4057 -0.5964 12.45 
0.529 2 2 3 0.0 0.0 0.366 0.449 -0.4138 -0.5878 12.45 
0.530 2 2 3 0.0 0.0 0.377 0.480 -0.3976 -0.5481 12.45 
0.531 2 2 3 0.0 0.0 0.378 0.502 -0.3826 -0.5408 12.45 
0.532 2 2 3 0.0 0.0 0.375 0.504 -0.3323 -0.5132 12.45 
0.533 2 2 3 0.0 0.0 0.352 0.498 -0.3323 -0.5006 12.45 
0.534 2 2 3 0.0 0.0 0.324 0.450 -0.3408 -0.4884 12.45 
0.535 2 2 3 0.0 0.0 0.303 0.364 -0.3217 -0.4661 12.45 
0.536 2 2 3 0.0 0.0 0.222 0.366 -0.3071 -0.4609 12.45 
0.537 2 2 3 0.0 0.0 0.216 0.382 -0.2937 -0.4507 12.45 
0.538 2 2 3 0.0 0.0 0.221 0.387 -0.2564 -0.4361 12.45 
0.539 2 2 3 0.0 0.0 0.227 0.382 -0.2649 -0.3688 12.46 
0.540 2 2 3 0.0 0.0 0.235 0.382 -0.2649 -0.3826 12.46 
0.541 2 2 3 0.0 0.0 0.213 0.355 -0.2442 -0.3497 12.45 
0.542 2 2 3 0.0 0.0 0.209 0.338 -0.2442 -0.3525 12.45 
0.543 2 2 3 0.0 0.0 0.195 0.291 -0.2179 -0.3753 12.45 
0.544 2 2 3 0.0 0.0 0.222 0.280 -0.2179 -0.3753 12.45 
0.545 2 2 3 0.0 0.0 0.200 0.295 -0.1777 -0.3351 12.45 
0.546 2 2 3 0.0 0.0 0.177 0.307 -0.1777 -0.3071 12.46 
0.547 2 2 3 0.0 0.0 0.169 0.323 -0.1639 -0.2937 12.46 
0.548 2 2 3 0.0 0.0 0.162 0.315 -0.1639 -0.2937 12.45 
0.549 2 2 3 0.0 0.0 0.134 0.298 -0.1639 -0.2759 12.45 
0.550 2 2 3 0.0 0.0 0.133 0.286 -0.1485 -0.2548 12.45 
0.551 2 2 3 0.0 0.0 0.089 0.268 -0.1485 -0.2548 12.45 
0.552 2 2 3 0.0 0.0 0.111 0.224 -0.1485 -0.2227 12.45 
0.553 2 2 3 0.0 0.0 0.104 0.222 -0.1237 -0.2227 12.45 
0.554 2 2 3 0.0 0.0 0.094 0.168 -0.1229 -0.2329 12.45 
0.555 2 2 3 0.0 0.0 0.091 0.147 -0.1229 -0.2329 12.45 
0.556 2 2 3 0.0 0.0 0.075 0.169 -0.1229 -0.2357 12.45 
0.557 2 2 3 0.0 0.0 0.074 0.182 -0.1018 -0.2264 12.45 
0.558 2 2 3 0.0 0.0 0.053 0.174 -0.0815 -0.2089 12.45 
0.559 2 2 3 0.0 0.0 0.044 0.177 -0.0811 -0.2089 12.45 
0.560 2 2 3 0.0 0.0 0.056 0.173 -0.0811 -0.1688 12.45 
0.561 2 2 3 0.0 0.0 0.057 0.173 -0.0811 -0.1688 12.45 
0.562 2 2 3 0.0 0.0 0.036 0.173 -0.0811 -0.1655 12.45 
0.563 2 2 3 0.0 0.0 0.025 0.167 -0.0811 -0.1639 12.45 
0.564 2 2 3 0.0 0.0 0.016 0.162 -0.0677 -0.1639 12.45 
0.565 2 2 3 0.0 0.0 0.024 0.147 -0.0580 -0.1436 12.45 
0.566 2 2 3 0.0 0.0 0.032 0.138 -0.0507 -0.1436 12.46 
0.567 2 2 3 0.0 0.0 0.016 0.129 -0.0450 -0.1436 12.46 
0.568 2 2 3 0.0 0.0 0.017 0.121 -0.0406 -0.1282 12.45 
0.569 2 2 3 0.0 0.0 0.010 0.116 -0.0369 -0.1249 12.45 
0.570 2 2 3 0.0 0.0 -0.003 0.116 -0.0337 -0.1249 12.46 
0.571 2 2 3 0.0 0.0 0.002 0.096 -0.0312 -0.1249 12.46 
0.572 2 2 3 0.0 0.0 0.002 0.087 -0.0288 -0.1034 12.45 
0.573 2 2 3 0.0 0.0 0.009 0.089 -0.0268 -0.1034 12.45 
0.574 2 2 3 0.0 0.0 0.002 0.087 -0.0252 -0.1034 12.46 
0.575 2 2 3 0.0 0.0 -0.012 0.099 -0.0235 -0.1034 12.45 
0.576 2 2 3 0.0 0.0 -0.005 0.087 -0.0223 -0.1010 12.45 
0.577 2 2 3 0.0 0.0 0.004 0.095 -0.0211 -0.0990 12.45 
0.578 2 2 3 0.0 0.0 0.004 0.096 -0.0203 -0.0990 12.45 
0.579 2 2 3 0.0 0.0 0.008 0.108 -0.0191 -0.0990 12.45 
0.580 2 2 3 0.0 0.0 0.013 0.070 -0.0183 -0.0990 12.45 
0.581 2 2 3 0.0 0.0 -0.008 0.062 -0.0174 -0.0824 12.45 
0.582 2 2 3 0.0 0.0 0.006 0.061 -0.0166 -0.0791 12.46 
0.583 2 2 3 0.0 0.0 0.008 0.063 -0.0162 -0.0791 12.46 
0.584 2 2 3 0.0 0.0 0.017 0.066 -0.0154 -0.0791 12.45 
0.585 2 2 3 0.0 0.0 -0.000 0.056 -0.0150 -0.0791 12.45 
0.586 2 2 3 0.0 0.0 0.025 0.051 -0.0142 -0.0791 12.45 
0.587 2 2 3 0.0 0.0 0.002 0.040 -0.0138 -0.0698 12.45 
0.588 2 2 3 0.0 0.0 0.009 0.037 -0.0134 -0.0592 12.45 
0.589 2 2 3 0.0 0.0 0.009 0.034 -0.0130 -0.0519 12.45 
0.590 2 2 3 0.0 0.0 0.006 0.024 -0.0126 -0.0458 12.44 
0.591 2 2 3 0.0 0.0 -0.007 0.016 -0.0122 -0.0410 12.45 
0.592 2 2 3 0.0 0.0 -0.002 0.010 -0.0118 -0.0373 12.45 
0.593 2 2 3 0.0 0.0 -0.013 0.009 -0.0114 -0.0341 12.45 
0.594 2 2 3 0.0 0.0 -0.003 0.016 -0.0110 -0.0316 12.46 
0.595 2 2 3 0.0 0.0 -0.003 0.002 -0.0110 -0.0292 12.45 
0.596 2 2 3 0.0 0.0 -0.003 0.020 -0.0105 -0.0272 12.45 
0.597 2 2 3 0.0 0.0 -0.010 0.008 -0.0101 -0.0256 12.46 
0.598 2 2 3 0.0 0.0 -0.004 -0.009 -0.0101 -0.0239 12.45 
0.599 2 2 3 0.0 0.0 0.004 -0.006 -0.0097 -0.0227 12.45 
0.600 2 2 3 0.0 0.0 0.005 -0.017 -0.0093 -0.0215 12.45 
0.601 2 2 3 0.0 0.0 0.003 -0.001 -0.0093 -0.0203 12.45 
0.602 2 2 3 0.0 0.0 -0.001 -0.004 -0.0089 -0.0195 12.45 
0.603 2 2 3 0.0 0.0 -0.002 -0.017 -0.0089 -0.0183 12.46 
0.604 2 2 3 0.0 0.0 -0.005 -0.013 -0.0085 -0.0174 12.46 
0.605 2 2 3 0.0 0.0 0.012 -0.006 -0.0085 -0.0166 12.45 
0.606 2 2 3 0.0 0.0 -0.000 -0.015 -0.0081 -0.0162 12.45 
0.607 2 2 3 0.0 0.0 -0.002 -0.009 -0.0081 -0.0154 12.45 
0.608 2 2 3 0.0 0.0 0.017 -0.006 -0.0081 -0.0150 12.45 
0.609 2 2 3 0.0 0.0 0.010 -0.016 -0.0077 -0.0142 12.45 
0.610 2 2 3 0.0 0.0 0.020 -0.013 -0.0077 -0.0138 12.45 
0.611 2 2 3 0.0 0.0 0.020 -0.022 -0.0073 -0.0134 12.45 
0.612 2 2 3 0.0 0.0 -0.003 -0.024 -0.0073 -0.0130 12.45 
0.613 2 2 3 0.0 0.0 -0.010 -0.009 -0.0073 -0.0126 12.45 
0.614 2 2 3 0.0 0.0 0.015 -0.012 -0.0069 -0.0122 12.45 
0.615 2 2 3 0.0 0.0 0.006 -0.005 -0.0069 -0.0118 12.45 
0.616 2 2 3 0.0 0.0 0.002 -0.011 -0.0069 -0.0114 12.45 
0.617 2 2 3 0.0 0.0 0.014 -0.021 -0.0065 -0.0110 12.45 
0.618 2 2 3 0.0 0.0 0.012 -0.017 -0.0065 -0.0110 12.46 
0.619 2 2 3 0.0 0.0 -0.001 -0.036 -0.0065 0.0105 12.45 
0.620 2 2 3 0.0 0.0 -0.016 -0.034 -0.0065 0.0105 12.45 
0.621 2 2 3 0.0 0.0 0.038 -0.032 -0.0061 0.0105 12.44 
0.622 2 2 3 0.0 0.0 0.029 -0.082 -0.0061 0.0105 12.45 
0.623 2 2 3 0.0 0.0 0.014 -0.047 -0.0061 0.0105 12.45 
0.624 2 2 3 0.0 0.0 0.012 -0.027 -0.0061 0.0105 12.45 
0.625 2 2 3 0.0 0.0 -0.003 -0.026 -0.0057 0.0105 12.46 
0.626 2 2 3 0.0 0.0 -0.002 -0.030 -0.0057 0.0105 12.46 
0.627 2 2 3 0.0 0.0 0.007 -0.045 -0.0057 0.0105 12.46 
0.628 2 2 3 0.0 0.0 -0.002 -0.038 -0.0057 0.0105 12.45 
0.629 2 2 3 0.0 0.0 -0.005 -0.032 -0.0057 0.0105 12.45 
0.630 2 2 3 0.0 0.0 -0.008 -0.034 -0.0053 0.0105 12.45 
0.631 2 2 3 0.0 0.0 -0.005 -0.027 -0.0053 0.0105 12.45 
0.632 2 2 3 0.0 0.0 -0.010 -0.020 -0.0053 0.0105 12.45 
0.633 2 2 3 0.0 0.0 0.002 -0.032 -0.0053 0.0105 12.45 
0.634 2 2 3 0.0 0.0 0.003 -0.026 -0.0053 0.0105 12.45 
0.635 2 2 3 0.0 0.0 -0.003 -0.036 -0.0049 0.0252 12.45 
0.636 2 2 3 0.0 0.0 -0.009 -0.013 -0.0049 0.0252 12.45 
0.637 2 2 3 0.0 0.0 -0.000 -0.018 -0.0049 0.0252 12.45 
0.638 2 2 3 0.0 0.0 0.013 -0.014 -0.0049 0.0252 12.45 
0.639 2 2 3 0.0 0.0 0.007 -0.015 -0.0049 0.0252 12.45 
0.640 2 2 3 0.0 0.0 0.004 -0.027 -0.0049 0.0252 12.46 
0.641 2 2 3 0.0 0.0 0.006 -0.021 -0.0049 0.0252 12.46 
0.642 2 2 3 0.0 0.0 0.001 -0.020 -0.0045 0.0252 12.45 
0.643 2 2 3 0.0 0.0 -0.010 -0.016 -0.0045 0.0252 12.46 
0.644 2 2 3 0.0 0.0 -0.009 -0.002 -0.0045 0.0252 12.45 
0.645 2 2 3 0.0 0.0 0.006 -0.012 -0.0045 0.0252 12.46 
0.646 2 2 3 0.0 0.0 0.016 -0.007 -0.0045 0.0252 12.45 
0.647 2 2 3 0.0 0.0 -0.000 -0.019 -0.0045 0.0252 12.45 
0.648 2 2 3 0.0 0.0 0.003 -0.001 -0.0045 0.0252 12.45 
0.649 2 2 3 0.0 0.0 0.002 0.002 -0.0041 0.0252 12.45 
0.650 2 2 3 0.0 0.0 -0.004 -0.007 -0.0041 0.0252 12.45 
0.651 2 2 3 0.0 0.0 -0.013 -0.013 -0.0041 0.0243 12.45 
0.652 2 2 3 0.0 0.0 -0.006 -0.007 -0.0041 0.0231 12.45 
0.653 2 2 3 0.0 0.0 0.009 -0.007 -0.0041 0.0219 12.45 
0.654 2 2 3 0.0 0.0 0.012 -0.002 -0.0041 0.0207 12.45 
0.655 2 2 3 0.0 0.0 -0.003 -0.013 -0.0041 0.0195 12.45 
0.656 2 2 3 0.0 0.0 0.009 0.005 -0.0041 0.0187 12.45 
0.657 2 2 3 0.0 0.0 0.013 -0.006 -0.0041 0.0178 12.45 
0.658 2 2 3 0.0 0.0 -0.007 0.008 -0.0041 0.0170 12.45 
0.659 2 2 3 0.0 0.0 -0.006 -0.006 -0.0037 0.0162 12.45 
0.660 2 2 3 0.0 0.0 -0.012 -0.001 -0.0037 0.0158 12.46 
0.661 2 2 3 0.0 0.0 -0.013 -0.007 -0.0037 0.0150 12.45 
0.662 2 2 3 0.0 0.0 -0.005 0.001 -0.0037 0.0146 12.45 
0.663 2 2 3 0.0 0.0 -0.002 -0.012 -0.0037 0.0142 12.45 
0.664 2 2 3 0.0 0.0 0.007 -0.012 -0.0037 0.0134 12.45 
0.665 2 2 3 0.0 0.0 0.013 0.001 -0.0037 0.0130 12.45 
