%% logfile from robot Ella (8)
% Ella (8)
%  1    time 0.000 sec
%  2  3  4   (mission 0), state 2, thread 2, line 0
%  5  6 Motor voltage [V] left, right: 2.0 2.0
%  7  8 Motor current left, right [A]: 0.010 0.017
%  9 10 Wheel velocity [m/s] left, right: 0.0000 -0.0000
% 11    Battery voltage [V]: 12.50
0.001 2 2 0 2.0 2.0 0.055 0.026 0.0000 -0.0000 12.50 
0.002 2 2 0 2.0 2.0 0.242 0.118 0.0000 -0.0000 12.49 
0.003 2 2 0 2.0 2.0 0.371 0.303 0.0000 -0.0000 12.48 
0.004 2 2 0 2.0 2.0 0.504 0.468 0.0000 -0.0000 12.49 
0.005 2 2 0 2.0 2.0 0.508 0.498 0.0000 -0.0000 12.45 
0.006 2 2 0 2.0 2.0 0.510 0.525 0.0000 0.0000 12.49 
0.007 2 2 0 2.0 2.0 0.535 0.524 0.0000 0.0000 12.47 
0.008 2 2 0 2.0 2.0 0.690 0.535 0.0000 0.0000 12.48 
0.009 2 2 0 2.0 2.0 0.603 0.514 0.0000 0.0000 12.46 
0.010 2 2 0 2.0 2.0 0.571 0.491 0.0000 0.0000 12.47 
0.011 2 2 0 2.0 2.0 0.576 0.487 0.0000 0.0992 12.46 
0.012 2 2 0 2.0 2.0 0.483 0.507 0.1104 0.0992 12.46 
0.013 2 2 0 2.0 2.0 0.542 0.564 0.1104 0.1422 12.47 
0.014 2 2 0 2.0 2.0 0.462 0.584 0.1104 0.1422 12.45 
0.015 2 2 0 2.0 2.0 0.552 0.569 0.1269 0.1422 12.47 
0.016 2 2 0 2.0 2.0 0.430 0.587 0.1269 0.1743 12.46 
0.017 2 2 0 2.0 2.0 0.413 0.632 0.1767 0.1743 12.46 
0.018 2 2 0 2.0 2.0 0.374 0.612 0.1767 0.1847 12.46 
0.019 2 2 0 2.0 2.0 0.383 0.533 0.1956 0.1847 12.45 
0.020 2 2 0 2.0 2.0 0.488 0.476 0.1956 0.2229 12.47 
0.021 2 2 0 2.0 2.0 0.450 0.483 0.2133 0.2281 12.47 
0.022 2 2 0 2.0 2.0 0.372 0.444 0.2133 0.2281 12.44 
0.023 2 2 0 2.0 2.0 0.449 0.434 0.2113 0.2510 12.47 
0.024 2 2 0 2.0 2.0 0.356 0.395 0.2113 0.2510 12.45 
0.025 2 2 0 2.0 2.0 0.419 0.396 0.2494 0.2434 12.47 
0.026 2 2 0 2.0 2.0 0.342 0.397 0.2321 0.2767 12.46 
0.027 2 2 0 2.0 2.0 0.307 0.408 0.2229 0.2928 12.45 
0.028 2 2 0 2.0 2.0 0.322 0.392 0.2623 0.2928 12.45 
0.029 2 2 0 2.0 2.0 0.319 0.388 0.2623 0.2996 12.46 
0.030 2 2 0 2.0 2.0 0.300 0.475 0.2711 0.2848 12.45 
0.031 2 2 0 2.0 2.0 0.399 0.482 0.2848 0.3137 12.47 
0.032 2 2 0 2.0 2.0 0.336 0.455 0.2659 0.3137 12.47 
0.033 2 2 0 2.0 2.0 0.321 0.381 0.2494 0.3213 12.46 
0.034 2 2 0 2.0 2.0 0.393 0.352 0.2972 0.3289 12.47 
0.035 2 2 0 2.0 2.0 0.299 0.304 0.2972 0.2996 12.45 
0.036 2 2 0 2.0 2.0 0.293 0.289 0.2972 0.3462 12.47 
0.037 2 2 0 2.0 2.0 0.352 0.258 0.3213 0.3462 12.48 
0.038 2 2 0 2.0 2.0 0.290 0.289 0.2888 0.3346 12.46 
0.039 2 2 0 2.0 2.0 0.275 0.308 0.3289 0.3522 12.45 
0.040 2 2 0 2.0 2.0 0.381 0.357 0.3265 0.3317 12.47 
0.041 2 2 0 2.0 2.0 0.218 0.384 0.3265 0.3651 12.50 
0.042 2 2 0 2.0 2.0 0.213 0.388 0.3430 0.3582 12.46 
0.043 2 2 0 2.0 2.0 0.222 0.369 0.2868 0.3751 12.45 
0.044 2 2 0 2.0 2.0 0.197 0.339 0.3402 0.3522 12.45 
0.045 2 2 0 2.0 2.0 0.200 0.320 0.3462 0.3860 12.47 
0.046 2 2 0 2.0 2.0 0.340 0.296 0.3550 0.3860 12.48 
0.047 2 2 0 2.0 2.0 0.260 0.324 0.3550 0.3896 12.46 
0.048 2 2 0 2.0 2.0 0.319 0.357 0.3016 0.3976 12.47 
0.049 2 2 0 2.0 2.0 0.237 0.377 0.3462 0.3823 12.50 
0.050 2 2 0 2.0 2.0 0.332 0.397 0.3582 0.3936 12.48 
0.051 2 2 0 2.0 2.0 0.237 0.330 0.3582 0.3715 12.50 
0.052 2 2 0 2.0 2.0 0.312 0.308 0.3113 0.3896 12.48 
0.053 2 2 0 2.0 2.0 0.252 0.237 0.3113 0.4137 12.47 
0.054 2 2 0 2.0 2.0 0.210 0.202 0.3550 0.4097 12.46 
0.055 2 2 0 2.0 2.0 0.199 0.237 0.3430 0.3715 12.47 
0.056 2 2 0 2.0 2.0 0.199 0.279 0.3715 0.3936 12.47 
0.057 2 2 0 2.0 2.0 0.215 0.317 0.3113 0.4016 12.46 
0.058 2 2 0 2.0 2.0 0.241 0.262 0.3715 0.4137 12.46 
0.059 2 2 0 2.0 2.0 0.219 0.282 0.3651 0.4225 12.47 
0.060 2 2 0 2.0 2.0 0.146 0.269 0.3823 0.4016 12.49 
0.061 2 2 0 2.0 2.0 0.171 0.276 0.3490 0.4181 12.51 
0.062 2 2 0 2.0 2.0 0.218 0.268 0.3374 0.4317 12.47 
0.063 2 2 0 2.0 2.0 0.195 0.277 0.3787 0.4362 12.46 
0.064 2 2 0 2.0 2.0 0.259 0.312 0.3462 0.4317 12.47 
0.065 2 2 0 2.0 2.0 0.191 0.304 0.3896 0.4362 12.46 
0.066 2 2 0 2.0 2.0 0.279 0.290 0.3490 0.4317 12.47 
0.067 2 2 0 2.0 2.0 0.299 0.243 0.3860 0.4410 12.48 
0.068 2 2 0 2.0 2.0 0.215 0.228 0.4016 0.4362 12.46 
0.069 2 2 0 2.0 2.0 0.173 0.173 0.3976 0.4410 12.46 
0.070 2 2 0 2.0 2.0 0.269 0.209 0.3346 0.4410 12.48 
0.071 2 2 0 2.0 2.0 0.184 0.259 0.3823 0.4317 12.47 
0.072 2 2 0 2.0 2.0 0.168 0.270 0.3582 0.4462 12.46 
0.073 2 2 0 2.0 2.0 0.281 0.279 0.3936 0.4410 12.48 
0.074 2 2 0 2.0 2.0 0.211 0.249 0.3615 0.4510 12.47 
0.075 2 2 0 2.0 2.0 0.303 0.247 0.3582 0.4362 12.48 
0.076 2 2 0 2.0 2.0 0.234 0.209 0.3823 0.4462 12.47 
0.077 2 2 0 2.0 2.0 0.199 0.193 0.3289 0.4562 12.47 
0.078 2 2 0 2.0 2.0 0.201 0.278 0.3936 0.4562 12.46 
0.079 2 2 0 2.0 2.0 0.179 0.278 0.3936 0.4410 12.47 
0.080 2 2 0 2.0 2.0 0.199 0.315 0.3896 0.4562 12.48 
0.081 2 2 0 2.0 2.0 0.278 0.247 0.3550 0.4615 12.48 
0.082 2 2 0 2.0 2.0 0.195 0.209 0.4016 0.4362 12.47 
0.083 2 2 0 2.0 2.0 0.196 0.198 0.3490 0.4510 12.47 
0.084 2 2 0 2.0 2.0 0.185 0.163 0.4016 0.4510 12.47 
0.085 2 2 0 2.0 2.0 0.174 0.179 0.4016 0.4562 12.46 
0.086 2 2 0 2.0 2.0 0.310 0.260 0.4056 0.4410 12.47 
0.087 2 2 0 2.0 2.0 0.187 0.285 0.3550 0.4562 12.50 
0.088 2 2 0 2.0 2.0 0.188 0.280 0.3787 0.4667 12.47 
0.089 2 2 0 2.0 2.0 0.202 0.231 0.3976 0.4562 12.47 
0.090 2 2 0 2.0 2.0 0.304 0.237 0.4097 0.4667 12.48 
0.091 2 2 0 2.0 2.0 0.218 0.222 0.3715 0.4667 12.46 
0.092 2 2 0 2.0 2.0 0.205 0.248 0.3936 0.4723 12.44 
0.093 2 2 0 2.0 2.0 0.140 0.276 0.4016 0.4667 12.50 
0.094 2 2 0 2.0 2.0 0.132 0.292 0.4137 0.4562 12.47 
0.095 2 2 0 2.0 2.0 0.247 0.255 0.3490 0.4723 12.48 
0.096 2 2 0 2.0 2.0 0.150 0.218 0.3787 0.4896 12.46 
0.097 2 2 0 2.0 2.0 0.143 0.180 0.3936 0.4836 12.47 
0.098 2 2 0 2.0 2.0 0.221 0.161 0.4097 0.4562 12.48 
0.099 2 2 0 2.0 2.0 0.283 0.235 0.3550 0.4667 12.48 
0.100 2 2 0 2.0 2.0 0.177 0.266 0.4016 0.4779 12.47 
0.101 2 2 0 2.0 2.0 0.173 0.274 0.4056 0.4779 12.46 
0.102 2 2 0 2.0 2.0 0.174 0.211 0.4097 0.4836 12.46 
0.103 2 2 0 2.0 2.0 0.269 0.189 0.3550 0.4667 12.48 
0.104 2 2 0 2.0 2.0 0.177 0.192 0.3787 0.4779 12.48 
0.105 2 2 0 2.0 2.0 0.171 0.190 0.3823 0.4896 12.47 
0.106 2 2 0 2.0 2.0 0.169 0.212 0.4016 0.4779 12.46 
0.107 2 2 0 2.0 2.0 0.150 0.240 0.3715 0.4836 12.48 
0.108 2 2 0 2.0 2.0 0.293 0.250 0.3490 0.4723 12.48 
0.109 2 2 0 2.0 2.0 0.214 0.197 0.3787 0.4836 12.48 
0.110 2 2 0 2.0 2.0 0.197 0.202 0.4097 0.4779 12.48 
0.111 2 2 0 2.0 2.0 0.161 0.175 0.3936 0.4779 12.47 
0.112 2 2 0 2.0 2.0 0.284 0.202 0.3751 0.4836 12.48 
0.113 2 2 0 2.0 2.0 0.259 0.252 0.3936 0.4723 12.48 
0.114 2 2 0 2.0 2.0 0.149 0.260 0.3751 0.4779 12.46 
0.115 2 2 0 2.0 2.0 0.141 0.266 0.4016 0.4723 12.47 
0.116 2 2 0 2.0 2.0 0.150 0.247 0.3787 0.4723 12.46 
0.117 2 2 0 2.0 2.0 0.247 0.208 0.4137 0.4836 12.48 
0.118 2 2 0 2.0 2.0 0.335 0.184 0.4181 0.4956 12.48 
0.119 2 2 0 2.0 2.0 0.206 0.188 0.3787 0.4956 12.46 
0.120 2 2 0 2.0 2.0 0.237 0.245 0.3582 0.4779 12.48 
0.121 2 2 0 2.0 2.0 0.169 0.202 0.3823 0.4896 12.47 
0.122 2 2 0 2.0 2.0 0.159 0.183 0.3823 0.4896 12.47 
0.123 2 2 0 2.0 2.0 0.260 0.187 0.4016 0.4667 12.47 
0.124 2 2 0 2.0 2.0 0.218 0.141 0.3823 0.4836 12.46 
0.125 2 2 0 2.0 2.0 0.298 0.161 0.3976 0.4779 12.47 
0.126 2 2 0 2.0 2.0 0.225 0.212 0.3522 0.4836 12.46 
0.127 2 2 0 2.0 2.0 0.127 0.279 0.3860 0.4836 12.46 
0.128 2 2 0 2.0 2.0 0.291 0.238 0.4056 0.4836 12.48 
0.129 2 2 0 2.0 2.0 0.310 0.246 0.4097 0.4896 12.48 
0.130 2 2 0 2.0 2.0 0.255 0.221 0.3787 0.4779 12.48 
0.131 2 2 0 2.0 2.0 0.249 0.177 0.4016 0.4896 12.48 
0.132 2 2 0 2.0 2.0 0.195 0.187 0.3683 0.4956 12.46 
0.133 2 2 0 2.0 2.0 0.243 0.253 0.3936 0.4836 12.47 
0.134 2 2 0 2.0 2.0 0.199 0.267 0.4097 0.4956 12.46 
0.135 2 2 0 2.0 2.0 0.278 0.249 0.4056 0.4779 12.47 
0.136 2 2 0 2.0 2.0 0.280 0.188 0.3651 0.5081 12.48 
0.137 2 2 0 2.0 2.0 0.225 0.139 0.3896 0.5020 12.47 
0.138 2 2 0 2.0 2.0 0.189 0.129 0.4016 0.4723 12.47 
0.139 2 2 0 2.0 2.0 0.278 0.190 0.4097 0.4836 12.47 
0.140 2 2 0 2.0 2.0 0.302 0.203 0.3751 0.4836 12.48 
0.141 2 2 0 2.0 2.0 0.279 0.220 0.4016 0.4896 12.48 
0.142 2 2 0 2.0 2.0 0.162 0.200 0.4181 0.4956 12.47 
0.143 2 2 0 2.0 2.0 0.209 0.181 0.3787 0.4779 12.48 
0.144 2 2 0 2.0 2.0 0.160 0.171 0.3582 0.4896 12.47 
0.145 2 2 0 2.0 2.0 0.203 0.195 0.4056 0.4956 12.48 
0.146 2 2 0 2.0 2.0 0.154 0.219 0.4181 0.4836 12.48 
0.147 2 2 0 2.0 2.0 0.196 0.244 0.3715 0.4896 12.48 
0.148 2 2 0 2.0 2.0 0.179 0.235 0.3976 0.4779 12.47 
0.149 2 2 0 2.0 2.0 0.276 0.204 0.4137 0.4836 12.47 
0.150 2 2 0 2.0 2.0 0.187 0.208 0.4225 0.4836 12.47 
0.151 2 2 0 2.0 2.0 0.230 0.180 0.3715 0.4836 12.48 
0.152 2 2 0 2.0 2.0 0.286 0.202 0.3936 0.4896 12.48 
0.153 2 2 0 2.0 2.0 0.168 0.250 0.3896 0.4723 12.47 
0.154 2 2 0 2.0 2.0 0.131 0.266 0.4056 0.4836 12.47 
0.155 2 2 0 2.0 2.0 0.241 0.244 0.3490 0.4779 12.48 
0.156 2 2 0 2.0 2.0 0.326 0.212 0.3787 0.4723 12.48 
0.157 2 2 0 2.0 2.0 0.279 0.189 0.3936 0.4896 12.48 
0.158 2 2 0 2.0 2.0 0.188 0.142 0.4097 0.4956 12.47 
0.159 2 2 0 2.0 2.0 0.278 0.212 0.3751 0.4956 12.48 
0.160 2 2 0 2.0 2.0 0.188 0.237 0.3976 0.4779 12.46 
0.161 2 2 0 2.0 2.0 0.158 0.253 0.3787 0.4896 12.47 
0.162 2 2 0 2.0 2.0 0.150 0.179 0.4056 0.4956 12.47 
0.163 2 2 0 2.0 2.0 0.248 0.179 0.3860 0.4667 12.48 
0.164 2 2 0 2.0 2.0 0.293 0.129 0.4056 0.4779 12.48 
0.165 2 2 0 2.0 2.0 0.167 0.156 0.4225 0.4779 12.50 
0.166 2 2 0 2.0 2.0 0.283 0.243 0.4269 0.4723 12.48 
0.167 2 2 0 2.0 2.0 0.185 0.265 0.3651 0.4836 12.47 
0.168 2 2 0 2.0 2.0 0.270 0.107 0.3936 0.4836 12.48 
0.169 2 2 0 2.0 2.0 0.184 0.195 0.3936 0.4896 12.44 
0.170 2 2 0 2.0 2.0 0.288 0.236 0.4137 0.4779 12.47 
0.171 2 2 0 2.0 2.0 0.199 0.187 0.3896 0.4956 12.47 
0.172 2 2 0 2.0 2.0 0.298 0.207 0.4056 0.5020 12.48 
0.173 2 2 0 2.0 2.0 0.275 0.240 0.3615 0.4896 12.47 
0.174 2 2 0 2.0 2.0 0.196 0.253 0.3896 0.4956 12.47 
0.175 2 2 0 2.0 2.0 0.269 0.214 0.4016 0.4896 12.48 
0.176 2 2 0 2.0 2.0 0.260 0.166 0.4097 0.5081 12.48 
0.177 2 2 0 2.0 2.0 0.198 0.111 0.3751 0.5020 12.47 
0.178 2 2 0 2.0 2.0 0.169 0.160 0.3976 0.4723 12.47 
0.179 2 2 0 2.0 2.0 0.172 0.217 0.3715 0.4836 12.46 
0.180 2 2 0 2.0 2.0 0.188 0.248 0.3936 0.4896 12.47 
0.181 2 2 0 2.0 2.0 0.201 0.235 0.4097 0.4896 12.47 
0.182 2 2 0 2.0 2.0 0.299 0.213 0.4225 0.4956 12.48 
0.183 2 2 0 2.0 2.0 0.315 0.180 0.3715 0.4836 12.48 
0.184 2 2 0 2.0 2.0 0.202 0.162 0.3976 0.5081 12.47 
0.185 2 2 0 2.0 2.0 0.177 0.176 0.4097 0.5020 12.47 
0.186 2 2 0 2.0 2.0 0.258 0.189 0.4269 0.4956 12.48 
0.187 2 2 0 2.0 2.0 0.249 0.218 0.3896 0.5020 12.48 
0.188 2 2 0 2.0 2.0 0.272 0.206 0.4097 0.4896 12.48 
0.189 2 2 0 2.0 2.0 0.260 0.184 0.4181 0.4896 12.48 
0.190 2 2 0 2.0 2.0 0.205 0.172 0.4317 0.4956 12.49 
0.191 2 2 0 2.0 2.0 0.238 0.160 0.3651 0.4896 12.49 
0.192 2 2 0 2.0 2.0 0.141 0.212 0.3936 0.4956 12.47 
0.193 2 2 0 2.0 2.0 0.123 0.255 0.4137 0.4779 12.47 
0.194 2 2 0 2.0 2.0 0.134 0.269 0.4225 0.4779 12.47 
0.195 2 2 0 2.0 2.0 0.241 0.236 0.3715 0.4896 12.48 
0.196 2 2 0 2.0 2.0 0.259 0.230 0.3976 0.4723 12.48 
0.197 2 2 0 2.0 2.0 0.268 0.178 0.4137 0.4836 12.48 
0.198 2 2 0 2.0 2.0 0.173 0.170 0.4225 0.4956 12.47 
0.199 2 2 0 2.0 2.0 0.180 0.209 0.3751 0.4779 12.46 
0.200 2 2 0 2.0 2.0 0.204 0.255 0.3976 0.4896 12.48 
0.201 2 2 1 4.0 4.0 0.253 0.217 0.3976 0.4896 12.48 
0.202 2 2 1 4.0 4.0 0.236 0.209 0.4181 0.4956 12.48 
0.203 2 2 1 4.0 4.0 0.491 0.327 0.3615 0.4667 12.47 
0.204 2 2 1 4.0 4.0 0.557 0.491 0.3976 0.4956 12.45 
0.205 2 2 1 4.0 4.0 0.540 0.698 0.4462 0.5149 12.46 
0.206 2 2 1 4.0 4.0 0.626 0.836 0.4410 0.5081 12.46 
0.207 2 2 1 4.0 4.0 0.646 0.791 0.4667 0.5426 12.44 
0.208 2 2 1 4.0 4.0 0.661 0.761 0.4667 0.5655 12.45 
0.209 2 2 1 4.0 4.0 0.675 0.725 0.5020 0.5820 12.45 
0.210 2 2 1 4.0 4.0 0.671 0.707 0.5213 0.5992 12.45 
0.211 2 2 1 4.0 4.0 0.632 0.753 0.5426 0.6177 12.45 
0.212 2 2 1 4.0 4.0 0.576 0.846 0.5020 0.6374 12.44 
0.213 2 2 1 4.0 4.0 0.516 0.726 0.5426 0.6474 12.44 
0.214 2 2 1 4.0 4.0 0.581 0.628 0.5426 0.6691 12.44 
0.215 2 2 1 4.0 4.0 0.627 0.555 0.5735 0.6273 12.44 
0.216 2 2 1 4.0 4.0 0.648 0.641 0.5992 0.6691 12.44 
0.217 2 2 1 4.0 4.0 0.569 0.711 0.5992 0.6804 12.43 
0.218 2 2 1 4.0 4.0 0.549 0.666 0.6273 0.6924 12.45 
0.219 2 2 1 4.0 4.0 0.563 0.601 0.6177 0.7044 12.45 
0.220 2 2 1 4.0 4.0 0.561 0.568 0.6374 0.7302 12.44 
0.221 2 2 1 4.0 4.0 0.532 0.665 0.6583 0.7434 12.43 
0.222 2 2 1 4.0 4.0 0.529 0.638 0.6924 0.7434 12.44 
0.223 2 2 1 4.0 4.0 0.462 0.582 0.6474 0.7434 12.47 
0.224 2 2 1 4.0 4.0 0.500 0.574 0.6691 0.7575 12.44 
0.225 2 2 1 4.0 4.0 0.541 0.609 0.6583 0.7575 12.44 
0.226 2 2 1 4.0 4.0 0.540 0.602 0.6804 0.7723 12.43 
0.227 2 2 1 4.0 4.0 0.454 0.521 0.7169 0.7723 12.44 
0.228 2 2 1 4.0 4.0 0.366 0.505 0.7044 0.8032 12.44 
0.229 2 2 1 4.0 4.0 0.425 0.530 0.7434 0.7872 12.44 
0.230 2 2 1 4.0 4.0 0.442 0.571 0.7302 0.8193 12.44 
0.231 2 2 1 4.0 4.0 0.446 0.529 0.7575 0.7872 12.44 
0.232 2 2 1 4.0 4.0 0.420 0.471 0.7302 0.8032 12.45 
0.233 2 2 1 4.0 4.0 0.366 0.526 0.7434 0.8032 12.47 
0.234 2 2 1 4.0 4.0 0.438 0.558 0.7169 0.8366 12.46 
0.235 2 2 1 4.0 4.0 0.398 0.511 0.7723 0.8366 12.48 
0.236 2 2 1 4.0 4.0 0.407 0.521 0.7575 0.8727 12.47 
0.237 2 2 1 4.0 4.0 0.416 0.548 0.7575 0.8924 12.46 
0.238 2 2 1 4.0 4.0 0.422 0.517 0.7575 0.8727 12.46 
0.239 2 2 1 4.0 4.0 0.408 0.437 0.8032 0.8924 12.45 
0.240 2 2 1 4.0 4.0 0.384 0.453 0.7723 0.8727 12.46 
0.241 2 2 1 4.0 4.0 0.389 0.486 0.7575 0.8924 12.47 
0.242 2 2 1 4.0 4.0 0.390 0.483 0.7723 0.8924 12.46 
0.243 2 2 1 4.0 4.0 0.432 0.434 0.7872 0.9125 12.45 
0.244 2 2 1 4.0 4.0 0.359 0.468 0.7872 0.9125 12.45 
0.245 2 2 1 4.0 4.0 0.343 0.518 0.8032 0.9125 12.45 
0.246 2 2 1 4.0 4.0 0.358 0.434 0.7872 0.9338 12.46 
0.247 2 2 1 4.0 4.0 0.394 0.440 0.8032 0.9338 12.46 
0.248 2 2 1 4.0 4.0 0.399 0.479 0.7872 0.9338 12.45 
0.249 2 2 1 4.0 4.0 0.324 0.466 0.8193 0.9338 12.45 
0.250 2 2 1 4.0 4.0 0.338 0.420 0.8032 0.9559 12.46 
0.251 2 2 1 4.0 4.0 0.382 0.419 0.8366 0.9559 12.46 
0.252 2 2 1 4.0 4.0 0.346 0.439 0.8032 0.9559 12.47 
0.253 2 2 1 4.0 4.0 0.314 0.403 0.8366 0.9559 12.46 
0.254 2 2 1 4.0 4.0 0.350 0.383 0.8193 0.9559 12.45 
0.255 2 2 1 4.0 4.0 0.360 0.430 0.8543 0.9559 12.45 
0.256 2 2 1 4.0 4.0 0.368 0.444 0.8193 0.9559 12.46 
0.257 2 2 1 4.0 4.0 0.287 0.398 0.8193 0.9796 12.48 
0.258 2 2 1 4.0 4.0 0.371 0.437 0.8032 0.9796 12.46 
0.259 2 2 1 4.0 4.0 0.432 0.433 0.8543 0.9796 12.46 
0.260 2 2 1 4.0 4.0 0.361 0.397 0.8543 1.0041 12.45 
0.261 2 2 1 4.0 4.0 0.303 0.358 0.8727 0.9796 12.45 
0.262 2 2 1 4.0 4.0 0.335 0.432 0.8543 0.9796 12.45 
0.263 2 2 1 4.0 4.0 0.244 0.398 0.8924 1.0041 12.48 
0.264 2 2 1 4.0 4.0 0.293 0.400 0.8543 1.0041 12.45 
0.265 2 2 1 4.0 4.0 0.326 0.388 0.8727 1.0041 12.45 
0.266 2 2 1 4.0 4.0 0.263 0.365 0.7723 1.0041 12.45 
0.267 2 2 1 4.0 4.0 0.314 0.383 0.8727 1.0298 12.46 
0.268 2 2 1 4.0 4.0 0.297 0.398 0.8727 1.0298 12.45 
0.269 2 2 1 4.0 4.0 0.344 0.400 0.8543 1.0298 12.45 
0.270 2 2 1 4.0 4.0 0.331 0.352 0.8924 1.0298 12.46 
0.271 2 2 1 4.0 4.0 0.347 0.355 0.9125 1.0298 12.45 
0.272 2 2 1 4.0 4.0 0.280 0.377 0.9338 1.0298 12.45 
0.273 2 2 1 4.0 4.0 0.328 0.333 0.9125 1.0041 12.46 
0.274 2 2 1 4.0 4.0 0.286 0.313 0.9125 1.0298 12.45 
0.275 2 2 1 4.0 4.0 0.259 0.389 0.8727 1.0298 12.45 
0.276 2 2 1 4.0 4.0 0.310 0.406 0.8924 1.0298 12.46 
0.277 2 2 1 4.0 4.0 0.265 0.358 0.9338 1.0298 12.46 
0.278 2 2 1 4.0 4.0 0.320 0.403 0.9338 0.9796 12.46 
0.279 2 2 1 4.0 4.0 0.255 0.365 0.9338 1.0567 12.45 
0.280 2 2 1 4.0 4.0 0.302 0.336 0.8727 1.0298 12.45 
0.281 2 2 1 4.0 4.0 0.283 0.367 0.9338 1.0298 12.45 
0.282 2 2 1 4.0 4.0 0.287 0.387 0.9338 1.0298 12.45 
0.283 2 2 1 4.0 4.0 0.213 0.342 0.9338 1.0567 12.45 
0.284 2 2 1 4.0 4.0 0.276 0.318 0.9559 1.0567 12.46 
0.285 2 2 1 4.0 4.0 0.249 0.371 0.9338 1.0567 12.46 
0.286 2 2 1 4.0 4.0 0.189 0.334 0.9338 1.0567 12.46 
0.287 2 2 1 4.0 4.0 0.312 0.346 0.9338 1.0567 12.45 
0.288 2 2 1 4.0 4.0 0.290 0.365 0.9125 1.0567 12.46 
0.289 2 2 1 4.0 4.0 0.299 0.362 0.9338 1.0567 12.47 
0.290 2 2 1 4.0 4.0 0.306 0.348 0.9338 1.0567 12.47 
0.291 2 2 1 4.0 4.0 0.302 0.363 0.9338 1.0567 12.46 
0.292 2 2 1 4.0 4.0 0.393 0.335 0.9338 1.0567 12.46 
0.293 2 2 1 4.0 4.0 0.326 0.332 0.9338 1.0567 12.46 
0.294 2 2 1 4.0 4.0 0.335 0.361 0.9338 1.0567 12.45 
0.295 2 2 1 4.0 4.0 0.298 0.339 0.9796 1.0567 12.45 
0.296 2 2 1 4.0 4.0 0.357 0.337 0.9125 1.0567 12.46 
0.297 2 2 1 4.0 4.0 0.262 0.406 0.9559 1.0298 12.45 
0.298 2 2 1 4.0 4.0 0.259 0.377 0.9559 1.0852 12.45 
0.299 2 2 1 4.0 4.0 0.234 0.306 0.9559 1.0567 12.45 
0.300 2 2 1 4.0 4.0 0.289 0.342 0.9559 1.0567 12.46 
0.301 2 2 1 4.0 4.0 0.238 0.346 0.9338 1.0567 12.48 
0.302 2 2 1 4.0 4.0 0.249 0.331 0.9796 1.0852 12.46 
0.303 2 2 1 4.0 4.0 0.268 0.353 0.9559 1.0852 12.46 
0.304 2 2 1 4.0 4.0 0.273 0.348 0.9559 1.0852 12.46 
0.305 2 2 1 4.0 4.0 0.279 0.318 0.9559 1.0852 12.45 
0.306 2 2 1 4.0 4.0 0.207 0.359 0.9559 1.0852 12.49 
0.307 2 2 1 4.0 4.0 0.244 0.385 0.9559 1.0298 12.47 
0.308 2 2 1 4.0 4.0 0.222 0.308 0.9559 1.0852 12.45 
0.309 2 2 1 4.0 4.0 0.286 0.333 0.9125 1.0852 12.46 
0.310 2 2 1 4.0 4.0 0.274 0.355 0.9559 1.0852 12.46 
0.311 2 2 1 4.0 4.0 0.337 0.270 0.9559 1.0852 12.46 
0.312 2 2 1 4.0 4.0 0.231 0.327 0.9559 1.0567 12.48 
0.313 2 2 1 4.0 4.0 0.222 0.366 0.9559 1.0852 12.49 
0.314 2 2 1 4.0 4.0 0.261 0.346 0.9796 1.0852 12.46 
0.315 2 2 1 4.0 4.0 0.234 0.331 0.9559 1.0852 12.45 
0.316 2 2 1 4.0 4.0 0.267 0.365 0.9796 1.0852 12.46 
0.317 2 2 1 4.0 4.0 0.274 0.297 0.9559 1.0567 12.46 
0.318 2 2 1 4.0 4.0 0.255 0.287 0.9559 1.0852 12.45 
0.319 2 2 1 4.0 4.0 0.291 0.354 0.9796 1.0852 12.47 
0.320 2 2 1 4.0 4.0 0.293 0.331 0.9559 1.0852 12.46 
0.321 2 2 1 4.0 4.0 0.256 0.315 0.9796 1.0852 12.46 
0.322 2 2 1 4.0 4.0 0.308 0.354 0.9796 1.0852 12.45 
0.323 2 2 1 4.0 4.0 0.208 0.336 1.0041 1.0852 12.45 
0.324 2 2 1 4.0 4.0 0.234 0.301 0.9559 1.0852 12.46 
0.325 2 2 1 4.0 4.0 0.203 0.351 0.9796 1.0852 12.45 
0.326 2 2 1 4.0 4.0 0.195 0.335 1.0041 1.0852 12.45 
0.327 2 2 1 4.0 4.0 0.218 0.297 0.9796 1.0852 12.45 
0.328 2 2 1 4.0 4.0 0.252 0.341 0.9796 1.0852 12.46 
0.329 2 2 1 4.0 4.0 0.300 0.284 0.9796 1.0852 12.47 
0.330 2 2 1 4.0 4.0 0.301 0.270 0.9796 1.0852 12.46 
0.331 2 2 1 4.0 4.0 0.340 0.281 0.9559 1.0852 12.46 
0.332 2 2 1 4.0 4.0 0.318 0.329 0.9559 1.0852 12.46 
0.333 2 2 1 4.0 4.0 0.354 0.289 0.9796 1.0852 12.46 
0.334 2 2 1 4.0 4.0 0.243 0.371 0.9796 1.0567 12.45 
0.335 2 2 1 4.0 4.0 0.282 0.350 0.9559 1.1153 12.46 
0.336 2 2 1 4.0 4.0 0.310 0.272 0.9796 1.0852 12.46 
0.337 2 2 1 4.0 4.0 0.246 0.317 0.9559 1.0852 12.46 
0.338 2 2 1 4.0 4.0 0.233 0.322 1.0041 1.0852 12.45 
0.339 2 2 1 4.0 4.0 0.270 0.305 0.9796 1.0852 12.46 
0.340 2 2 1 4.0 4.0 0.315 0.357 1.0041 1.0852 12.46 
0.341 2 2 1 4.0 4.0 0.282 0.341 0.9796 1.0852 12.45 
0.342 2 2 1 4.0 4.0 0.336 0.280 0.9796 1.0852 12.46 
0.343 2 2 1 4.0 4.0 0.246 0.354 0.9796 1.0852 12.45 
0.344 2 2 1 4.0 4.0 0.253 0.354 0.9796 1.0852 12.46 
0.345 2 2 1 4.0 4.0 0.462 0.298 0.9796 1.0852 12.46 
0.346 2 2 1 4.0 4.0 0.323 0.343 0.9796 1.0852 12.45 
0.347 2 2 1 4.0 4.0 0.287 0.327 0.9796 1.0567 12.46 
0.348 2 2 1 4.0 4.0 0.264 0.266 0.9559 1.0852 12.46 
0.349 2 2 1 4.0 4.0 0.310 0.311 0.9559 1.0852 12.46 
0.350 2 2 1 4.0 4.0 0.287 0.342 0.9559 1.0852 12.46 
0.351 2 2 1 4.0 4.0 0.293 0.319 0.9796 1.0852 12.45 
0.352 2 2 2 -4.0 -4.0 0.251 0.331 0.9796 1.0852 12.46 
0.353 2 2 2 -4.0 -4.0 -0.003 0.251 0.9796 1.1153 12.46 
0.354 2 2 2 -4.0 -4.0 -0.691 -0.467 0.9559 1.0567 12.45 
0.355 2 2 2 -4.0 -4.0 -1.167 -1.265 0.9338 1.0298 12.39 
0.356 2 2 2 -4.0 -4.0 -1.479 -1.536 0.8366 0.9796 12.38 
0.357 2 2 2 -4.0 -4.0 -1.500 -1.697 0.7872 0.9338 12.37 
0.358 2 2 2 -4.0 -4.0 -1.459 -1.861 0.6804 0.8543 12.37 
0.359 2 2 2 -4.0 -4.0 -1.545 -1.913 0.6804 0.7575 12.39 
0.360 2 2 2 -4.0 -4.0 -1.552 -1.848 0.6273 0.7044 12.37 
0.361 2 2 2 -4.0 -4.0 -1.618 -1.761 0.5498 0.6691 12.36 
0.362 2 2 2 -4.0 -4.0 -1.364 -1.799 0.5354 0.6085 12.36 
0.363 2 2 2 -4.0 -4.0 -1.272 -1.895 0.5149 0.5575 12.37 
0.364 2 2 2 -4.0 -4.0 -1.366 -1.921 0.4510 0.4956 12.36 
0.365 2 2 2 -4.0 -4.0 -1.371 -1.849 0.3490 0.4562 12.37 
0.366 2 2 2 -4.0 -4.0 -1.400 -1.635 0.3237 0.3550 12.39 
0.367 2 2 2 -4.0 -4.0 -1.383 -1.557 0.2675 0.3430 12.37 
0.368 2 2 2 -4.0 -4.0 -1.367 -1.540 0.2281 0.3064 12.38 
0.369 2 2 2 -4.0 -4.0 -1.320 -1.523 0.2281 0.2157 12.41 
0.370 2 2 2 -4.0 -4.0 -1.299 -1.492 0.1458 0.1928 12.41 
0.371 2 2 2 -4.0 -4.0 -1.256 -1.459 0.1072 0.1928 12.38 
0.372 2 2 2 -4.0 -4.0 -1.204 -1.437 0.0843 0.1442 12.40 
0.373 2 2 2 -4.0 -4.0 -1.151 -1.389 0.0695 0.1060 12.39 
0.374 2 2 2 -4.0 -4.0 -1.109 -1.378 0.0594 0.0839 12.38 
0.375 2 2 2 -4.0 -4.0 -1.099 -1.341 0.0518 0.0695 12.40 
0.376 2 2 2 -4.0 -4.0 -1.113 -1.293 0.0458 0.0590 12.42 
0.377 2 2 2 -4.0 -4.0 -1.043 -1.251 -0.0446 -0.0554 12.42 
0.378 2 2 2 -4.0 -4.0 -0.961 -1.216 -0.0446 -0.0554 12.40 
0.379 2 2 2 -4.0 -4.0 -0.932 -1.182 -0.1900 -0.1791 12.42 
0.380 2 2 2 -4.0 -4.0 -0.908 -1.156 -0.2659 -0.1791 12.40 
0.381 2 2 2 -4.0 -4.0 -0.915 -1.131 -0.2659 -0.2478 12.41 
0.382 2 2 2 -4.0 -4.0 -0.862 -1.130 -0.2639 -0.2888 12.40 
0.383 2 2 2 -4.0 -4.0 -0.893 -1.190 -0.3522 -0.3317 12.39 
0.384 2 2 2 -4.0 -4.0 -0.943 -1.251 -0.3715 -0.3317 12.40 
0.385 2 2 2 -4.0 -4.0 -0.977 -1.309 -0.3860 -0.3430 12.41 
0.386 2 2 2 -4.0 -4.0 -0.843 -1.324 -0.3550 -0.3823 12.40 
0.387 2 2 2 -4.0 -4.0 -0.757 -1.055 -0.3936 -0.3936 12.42 
0.388 2 2 2 -4.0 -4.0 -0.702 -0.916 -0.4181 -0.4225 12.41 
0.389 2 2 2 -4.0 -4.0 -0.691 -0.898 -0.4462 -0.4410 12.41 
0.390 2 2 2 -4.0 -4.0 -0.729 -0.896 -0.4269 -0.4562 12.42 
0.391 2 2 2 -4.0 -4.0 -0.770 -0.946 -0.4836 -0.4723 12.41 
0.392 2 2 2 -4.0 -4.0 -0.664 -1.026 -0.5020 -0.4896 12.41 
0.393 2 2 2 -4.0 -4.0 -0.644 -0.942 -0.4779 -0.5354 12.43 
0.394 2 2 2 -4.0 -4.0 -0.665 -0.806 -0.5081 -0.5426 12.42 
0.395 2 2 2 -4.0 -4.0 -0.640 -0.787 -0.5426 -0.5354 12.42 
0.396 2 2 2 -4.0 -4.0 -0.660 -0.780 -0.5213 -0.5655 12.43 
0.397 2 2 2 -4.0 -4.0 -0.683 -0.833 -0.5820 -0.5735 12.43 
0.398 2 2 2 -4.0 -4.0 -0.707 -0.939 -0.5992 -0.5992 12.44 
0.399 2 2 2 -4.0 -4.0 -0.612 -0.890 -0.6085 -0.5820 12.44 
0.400 2 2 2 -4.0 -4.0 -0.567 -0.691 -0.5904 -0.6474 12.43 
0.401 2 2 2 -4.0 -4.0 -0.522 -0.669 -0.6474 -0.6273 12.44 
0.402 2 2 2 -4.0 -4.0 -0.578 -0.703 -0.6691 -0.6474 12.45 
0.403 2 2 2 -4.0 -4.0 -0.570 -0.773 -0.6474 -0.6691 12.44 
0.404 2 2 2 -4.0 -4.0 -0.512 -0.669 -0.6804 -0.6924 12.44 
0.405 2 2 2 -4.0 -4.0 -0.512 -0.616 -0.6583 -0.6804 12.44 
0.406 2 2 2 -4.0 -4.0 -0.493 -0.615 -0.6474 -0.7044 12.43 
0.407 2 2 2 -4.0 -4.0 -0.531 -0.685 -0.7169 -0.7044 12.43 
0.408 2 2 2 -4.0 -4.0 -0.554 -0.768 -0.7302 -0.7302 12.43 
0.409 2 2 2 -4.0 -4.0 -0.508 -0.663 -0.7169 -0.7302 12.44 
0.410 2 2 2 -4.0 -4.0 -0.478 -0.549 -0.7169 -0.7302 12.43 
0.411 2 2 2 -4.0 -4.0 -0.456 -0.573 -0.7302 -0.7434 12.43 
0.412 2 2 2 -4.0 -4.0 -0.513 -0.642 -0.7434 -0.7434 12.44 
0.413 2 2 2 -4.0 -4.0 -0.462 -0.570 -0.7044 -0.7723 12.44 
0.414 2 2 2 -4.0 -4.0 -0.454 -0.531 -0.7302 -0.7723 12.45 
0.415 2 2 2 -4.0 -4.0 -0.447 -0.541 -0.7169 -0.7872 12.45 
0.416 2 2 2 -4.0 -4.0 -0.471 -0.622 -0.7872 -0.7723 12.43 
0.417 2 2 2 -4.0 -4.0 -0.492 -0.670 -0.7434 -0.7872 12.44 
0.418 2 2 2 -4.0 -4.0 -0.416 -0.537 -0.7872 -0.8032 12.44 
0.419 2 2 2 -4.0 -4.0 -0.417 -0.483 -0.7434 -0.8032 12.45 
0.420 2 2 2 -4.0 -4.0 -0.462 -0.589 -0.7872 -0.8193 12.44 
0.421 2 2 2 -4.0 -4.0 -0.415 -0.545 -0.7723 -0.8366 12.45 
0.422 2 2 2 -4.0 -4.0 -0.440 -0.489 -0.7872 -0.8366 12.45 
0.423 2 2 2 -4.0 -4.0 -0.430 -0.488 -0.7302 -0.8543 12.45 
0.424 2 2 2 -4.0 -4.0 -0.426 -0.565 -0.8032 -0.8543 12.45 
0.425 2 2 2 -4.0 -4.0 -0.459 -0.562 -0.7723 -0.8366 12.45 
0.426 2 2 2 -4.0 -4.0 -0.415 -0.456 -0.7575 -0.8727 12.45 
0.427 2 2 2 -4.0 -4.0 -0.409 -0.468 -0.8193 -0.8543 12.44 
0.428 2 2 2 -4.0 -4.0 -0.409 -0.516 -0.7872 -0.8727 12.45 
0.429 2 2 2 -4.0 -4.0 -0.403 -0.460 -0.8032 -0.8727 12.45 
0.430 2 2 2 -4.0 -4.0 -0.241 -0.439 -0.8193 -0.8727 12.46 
0.431 2 2 2 -4.0 -4.0 -0.389 -0.502 -0.8032 -0.8727 12.46 
0.432 2 2 2 -4.0 -4.0 -0.392 -0.591 -0.8543 -0.8924 12.44 
0.433 2 2 2 -4.0 -4.0 -0.373 -0.468 -0.8366 -0.8543 12.44 
0.434 2 2 2 -4.0 -4.0 -0.379 -0.396 -0.8193 -0.8924 12.45 
0.435 2 2 2 -4.0 -4.0 -0.362 -0.445 -0.8193 -0.8924 12.45 
0.436 2 2 2 -4.0 -4.0 -0.391 -0.441 -0.8727 -0.9125 12.45 
0.437 2 2 2 -4.0 -4.0 -0.376 -0.393 -0.8543 -0.9125 12.45 
0.438 2 2 2 -4.0 -4.0 -0.346 -0.403 -0.8727 -0.9125 12.46 
0.439 2 2 2 -4.0 -4.0 -0.338 -0.509 -0.8727 -0.9125 12.45 
0.440 2 2 2 -4.0 -4.0 -0.395 -0.460 -0.9125 -0.9125 12.45 
0.441 2 2 2 -4.0 -4.0 -0.361 -0.388 -0.8924 -0.9125 12.44 
0.442 2 2 2 -4.0 -4.0 -0.333 -0.433 -0.8366 -0.9338 12.45 
0.443 2 2 2 -4.0 -4.0 -0.378 -0.437 -0.8727 -0.9559 12.45 
0.444 2 2 2 -4.0 -4.0 -0.375 -0.401 -0.8543 -0.9559 12.45 
0.445 2 2 2 -4.0 -4.0 -0.341 -0.393 -0.8924 -0.9559 12.45 
0.446 2 2 2 -4.0 -4.0 -0.337 -0.476 -0.8543 -0.8727 12.45 
0.447 2 2 2 -4.0 -4.0 -0.440 -0.422 -0.9125 -0.9559 12.45 
0.448 2 2 2 -4.0 -4.0 -0.368 -0.384 -0.8924 -0.9338 12.45 
0.449 2 2 2 -4.0 -4.0 -0.305 -0.426 -0.8727 -0.9559 12.45 
0.450 2 2 2 -4.0 -4.0 -0.337 -0.403 -0.9125 -0.9559 12.45 
0.451 2 2 2 -4.0 -4.0 -0.364 -0.372 -0.8727 -0.9559 12.46 
0.452 2 2 2 -4.0 -4.0 -0.346 -0.394 -0.8924 -0.9559 12.45 
0.453 2 2 2 -4.0 -4.0 -0.329 -0.483 -0.8543 -0.9796 12.45 
0.454 2 2 2 -4.0 -4.0 -0.347 -0.394 -0.9125 -0.9559 12.45 
0.455 2 2 2 -4.0 -4.0 -0.333 -0.322 -0.9125 -0.9796 12.46 
0.456 2 2 2 -4.0 -4.0 -0.329 -0.362 -0.9338 -0.9796 12.46 
0.457 2 2 2 -4.0 -4.0 -0.329 -0.345 -0.9338 -0.9796 12.45 
0.458 2 2 2 -4.0 -4.0 -0.338 -0.362 -0.9559 -0.9796 12.45 
0.459 2 2 2 -4.0 -4.0 -0.334 -0.399 -0.9125 -0.9796 12.45 
0.460 2 2 2 -4.0 -4.0 -0.345 -0.448 -0.9125 -0.9796 12.45 
0.461 2 2 2 -4.0 -4.0 -0.352 -0.384 -0.9559 -0.9796 12.45 
0.462 2 2 2 -4.0 -4.0 -0.341 -0.348 -0.9559 -0.9796 12.45 
0.463 2 2 2 -4.0 -4.0 -0.320 -0.386 -0.9796 -1.0041 12.46 
0.464 2 2 2 -4.0 -4.0 -0.312 -0.380 -0.9559 -1.0041 12.46 
0.465 2 2 2 -4.0 -4.0 -0.382 -0.363 -0.9796 -1.0041 12.48 
0.466 2 2 2 -4.0 -4.0 -0.324 -0.424 -0.9796 -1.0041 12.46 
0.467 2 2 2 -4.0 -4.0 -0.306 -0.423 -0.9559 -0.9796 12.46 
0.468 2 2 2 -4.0 -4.0 -0.356 -0.330 -0.9796 -0.9796 12.45 
0.469 2 2 2 -4.0 -4.0 -0.352 -0.349 -0.9796 -0.9796 12.45 
0.470 2 2 2 -4.0 -4.0 -0.367 -0.350 -0.9796 -0.9796 12.45 
0.471 2 2 2 -4.0 -4.0 -0.299 -0.331 -1.0041 -0.9796 12.45 
0.472 2 2 2 -4.0 -4.0 -0.310 -0.363 -0.9338 -0.9796 12.45 
0.473 2 2 2 -4.0 -4.0 -0.289 -0.418 -0.9559 -0.9796 12.45 
0.474 2 2 2 -4.0 -4.0 -0.295 -0.365 -0.9559 -0.9796 12.46 
0.475 2 2 2 -4.0 -4.0 -0.323 -0.308 -0.9796 -1.0041 12.46 
0.476 2 2 2 -4.0 -4.0 -0.342 -0.314 -0.9796 -1.0041 12.46 
0.477 2 2 2 -4.0 -4.0 -0.293 -0.311 -0.9796 -1.0041 12.45 
0.478 2 2 2 -4.0 -4.0 -0.328 -0.313 -0.9559 -1.0041 12.46 
0.479 2 2 2 -4.0 -4.0 -0.320 -0.365 -0.9559 -1.0041 12.45 
0.480 2 2 2 -4.0 -4.0 -0.292 -0.393 -0.9796 -1.0041 12.45 
0.481 2 2 2 -4.0 -4.0 -0.281 -0.328 -0.9559 -1.0041 12.45 
0.482 2 2 2 -4.0 -4.0 -0.333 -0.337 -0.9796 -1.0041 12.45 
0.483 2 2 2 -4.0 -4.0 -0.306 -0.365 -0.9796 -1.0298 12.45 
0.484 2 2 2 -4.0 -4.0 -0.275 -0.327 -0.9125 -1.0298 12.45 
0.485 2 2 2 -4.0 -4.0 -0.316 -0.322 -0.9559 -1.0298 12.45 
0.486 2 2 2 -4.0 -4.0 -0.298 -0.409 -0.9559 -1.0041 12.45 
0.487 2 2 2 -4.0 -4.0 -0.294 -0.352 -0.9796 -1.0298 12.45 
0.488 2 2 2 -4.0 -4.0 -0.312 -0.291 -0.9796 -1.0041 12.45 
0.489 2 2 2 -4.0 -4.0 -0.405 -0.333 -1.0041 -1.0041 12.48 
0.490 2 2 2 -4.0 -4.0 -0.343 -0.335 -0.9796 -1.0298 12.46 
0.491 2 2 2 -4.0 -4.0 -0.261 -0.327 -1.0041 -1.0298 12.45 
0.492 2 2 2 -4.0 -4.0 -0.306 -0.366 -0.9796 -1.0298 12.45 
0.493 2 2 2 -4.0 -4.0 -0.287 -0.384 -1.0041 -1.0298 12.45 
0.494 2 2 2 -4.0 -4.0 -0.287 -0.287 -1.0041 -1.0041 12.46 
0.495 2 2 2 -4.0 -4.0 -0.291 -0.294 -1.0041 -1.0041 12.46 
0.496 2 2 2 -4.0 -4.0 -0.295 -0.284 -0.9796 -1.0298 12.46 
0.497 2 2 2 -4.0 -4.0 -0.308 -0.295 -0.9796 -1.0298 12.46 
0.498 2 2 2 -4.0 -4.0 -0.273 -0.312 -1.0041 -1.0298 12.46 
0.499 2 2 2 -4.0 -4.0 -0.296 -0.420 -1.0041 -1.0298 12.44 
0.500 2 2 2 -4.0 -4.0 -0.279 -0.346 -1.0041 -1.0298 12.45 
0.501 2 2 2 -4.0 -4.0 -0.281 -0.315 -0.9796 -1.0298 12.46 
0.502 2 2 2 -4.0 -4.0 -0.300 -0.370 -1.0041 -1.0298 12.46 
0.503 2 2 3 0.0 0.0 -0.316 -0.328 -1.0041 -1.0298 12.46 
0.504 2 2 3 0.0 0.0 -0.107 -0.247 -1.0041 -1.0298 12.47 
0.505 2 2 3 0.0 0.0 0.224 0.073 -0.9796 -1.0298 12.48 
0.506 2 2 3 0.0 0.0 0.375 0.391 -0.9559 -1.0041 12.48 
0.507 2 2 3 0.0 0.0 0.514 0.606 -0.9338 -0.8727 12.48 
0.508 2 2 3 0.0 0.0 0.633 0.729 -0.8543 -0.9559 12.48 
0.509 2 2 3 0.0 0.0 0.690 0.723 -0.8727 -0.9338 12.49 
0.510 2 2 3 0.0 0.0 0.593 0.743 -0.7872 -0.8543 12.49 
0.511 2 2 3 0.0 0.0 0.563 0.774 -0.7434 -0.8366 12.49 
0.512 2 2 3 0.0 0.0 0.600 0.783 -0.7872 -0.7872 12.49 
0.513 2 2 3 0.0 0.0 0.614 0.787 -0.6691 -0.7723 12.49 
0.514 2 2 3 0.0 0.0 0.546 0.706 -0.7044 -0.7302 12.49 
0.515 2 2 3 0.0 0.0 0.499 0.675 -0.6924 -0.7169 12.49 
0.516 2 2 3 0.0 0.0 0.514 0.660 -0.6583 -0.7044 12.50 
0.517 2 2 3 0.0 0.0 0.539 0.601 -0.6085 -0.6804 12.50 
0.518 2 2 3 0.0 0.0 0.527 0.584 -0.6273 -0.6804 12.50 
0.519 2 2 3 0.0 0.0 0.454 0.606 -0.6273 -0.6177 12.50 
0.520 2 2 3 0.0 0.0 0.420 0.604 -0.5820 -0.6085 12.50 
0.521 2 2 3 0.0 0.0 0.442 0.601 -0.5498 -0.5735 12.50 
0.522 2 2 3 0.0 0.0 0.472 0.593 -0.5498 -0.5498 12.50 
0.523 2 2 3 0.0 0.0 0.477 0.574 -0.5149 -0.5426 12.50 
0.524 2 2 3 0.0 0.0 0.450 0.534 -0.5149 -0.5281 12.50 
0.525 2 2 3 0.0 0.0 0.373 0.521 -0.5020 -0.5020 12.51 
0.526 2 2 3 0.0 0.0 0.318 0.508 -0.3976 -0.4836 12.50 
0.527 2 2 3 0.0 0.0 0.317 0.472 -0.4317 -0.4615 12.50 
0.528 2 2 3 0.0 0.0 0.338 0.447 -0.4225 -0.4510 12.50 
0.529 2 2 3 0.0 0.0 0.348 0.426 -0.4225 -0.4317 12.49 
0.530 2 2 3 0.0 0.0 0.345 0.381 -0.3430 -0.4225 12.52 
0.531 2 2 3 0.0 0.0 0.332 0.371 -0.3896 -0.4181 12.50 
0.532 2 2 3 0.0 0.0 0.307 0.383 -0.3615 -0.3683 12.50 
0.533 2 2 3 0.0 0.0 0.286 0.388 -0.3615 -0.3346 12.50 
0.534 2 2 3 0.0 0.0 0.242 0.361 -0.3462 -0.3346 12.50 
0.535 2 2 3 0.0 0.0 0.234 0.309 -0.2827 -0.3265 12.49 
0.536 2 2 3 0.0 0.0 0.226 0.297 -0.3185 -0.3137 12.49 
0.537 2 2 3 0.0 0.0 0.234 0.288 -0.3185 -0.2996 12.50 
0.538 2 2 3 0.0 0.0 0.236 0.289 -0.2848 -0.2996 12.50 
0.539 2 2 3 0.0 0.0 0.240 0.285 -0.2695 -0.2848 12.50 
0.540 2 2 3 0.0 0.0 0.230 0.288 -0.2695 -0.2711 12.50 
0.541 2 2 3 0.0 0.0 0.222 0.284 -0.2036 -0.2711 12.50 
0.542 2 2 3 0.0 0.0 0.190 0.264 -0.2036 -0.2293 12.50 
0.543 2 2 3 0.0 0.0 0.169 0.253 -0.2293 -0.2293 12.50 
0.544 2 2 3 0.0 0.0 0.164 0.244 -0.2293 -0.2281 12.50 
0.545 2 2 3 0.0 0.0 0.135 0.225 -0.2016 -0.2265 12.50 
0.546 2 2 3 0.0 0.0 0.122 0.206 -0.2016 -0.2265 12.50 
0.547 2 2 3 0.0 0.0 0.126 0.198 -0.2036 -0.1940 12.50 
0.548 2 2 3 0.0 0.0 0.135 0.171 -0.2036 -0.1940 12.50 
0.549 2 2 3 0.0 0.0 0.138 0.160 -0.1639 -0.1940 12.50 
0.550 2 2 3 0.0 0.0 0.142 0.158 -0.1639 -0.1659 12.50 
0.551 2 2 3 0.0 0.0 0.140 0.150 -0.1639 -0.1659 12.50 
0.552 2 2 3 0.0 0.0 0.139 0.126 -0.1679 -0.1619 12.50 
0.553 2 2 3 0.0 0.0 0.130 0.124 -0.1679 -0.1619 12.50 
0.554 2 2 3 0.0 0.0 0.131 0.127 -0.1458 -0.1619 12.50 
0.555 2 2 3 0.0 0.0 0.123 0.126 -0.1325 -0.1406 12.50 
0.556 2 2 3 0.0 0.0 0.115 0.126 -0.1325 -0.1406 12.50 
0.557 2 2 3 0.0 0.0 0.112 0.125 -0.1325 -0.1406 12.50 
0.558 2 2 3 0.0 0.0 0.104 0.133 -0.1080 -0.1221 12.50 
0.559 2 2 3 0.0 0.0 0.097 0.126 -0.1080 -0.1221 12.50 
0.560 2 2 3 0.0 0.0 0.089 0.118 -0.1080 -0.1221 12.50 
0.561 2 2 3 0.0 0.0 0.085 0.115 -0.1080 -0.1221 12.50 
0.562 2 2 3 0.0 0.0 0.071 0.116 -0.0996 -0.0996 12.50 
0.563 2 2 3 0.0 0.0 0.066 0.111 -0.0799 -0.0972 12.50 
0.564 2 2 3 0.0 0.0 0.061 0.106 -0.0667 -0.0972 12.49 
0.565 2 2 3 0.0 0.0 0.061 0.091 -0.0651 -0.0972 12.50 
0.566 2 2 3 0.0 0.0 0.054 0.091 -0.0651 -0.0972 12.50 
0.567 2 2 3 0.0 0.0 0.049 0.084 -0.0651 -0.0819 12.50 
0.568 2 2 3 0.0 0.0 0.045 0.074 -0.0651 -0.0679 12.50 
0.569 2 2 3 0.0 0.0 0.037 0.068 -0.0651 -0.0667 12.50 
0.570 2 2 3 0.0 0.0 0.037 0.069 -0.0651 -0.0667 12.50 
0.571 2 2 3 0.0 0.0 0.040 0.069 -0.0582 -0.0667 12.50 
0.572 2 2 3 0.0 0.0 0.036 0.063 -0.0510 -0.0667 12.50 
0.573 2 2 3 0.0 0.0 0.035 0.057 -0.0502 -0.0667 12.50 
0.574 2 2 3 0.0 0.0 0.024 0.049 -0.0502 -0.0667 12.50 
0.575 2 2 3 0.0 0.0 0.027 0.041 -0.0502 -0.0578 12.50 
0.576 2 2 3 0.0 0.0 0.028 0.042 -0.0502 -0.0506 12.50 
0.577 2 2 3 0.0 0.0 0.020 0.041 -0.0502 -0.0450 12.50 
0.578 2 2 3 0.0 0.0 0.028 0.039 -0.0502 -0.0406 12.51 
0.579 2 2 3 0.0 0.0 0.025 0.040 -0.0502 -0.0365 12.50 
0.580 2 2 3 0.0 0.0 0.019 0.030 -0.0502 -0.0337 12.50 
0.581 2 2 3 0.0 0.0 0.017 0.027 -0.0450 -0.0309 12.51 
0.582 2 2 3 0.0 0.0 0.015 0.031 -0.0406 -0.0285 12.50 
0.583 2 2 3 0.0 0.0 0.013 0.027 -0.0369 -0.0281 12.50 
0.584 2 2 3 0.0 0.0 0.016 0.027 -0.0337 -0.0281 12.50 
0.585 2 2 3 0.0 0.0 0.016 0.018 -0.0309 -0.0281 12.49 
0.586 2 2 3 0.0 0.0 0.015 0.020 -0.0289 -0.0281 12.49 
0.587 2 2 3 0.0 0.0 0.017 0.021 -0.0269 -0.0281 12.50 
0.588 2 2 3 0.0 0.0 0.015 0.019 -0.0253 -0.0281 12.50 
0.589 2 2 3 0.0 0.0 0.011 0.014 -0.0237 -0.0281 12.50 
0.590 2 2 3 0.0 0.0 0.009 0.015 -0.0225 -0.0281 12.50 
0.591 2 2 3 0.0 0.0 0.009 0.015 -0.0213 -0.0281 12.50 
0.592 2 2 3 0.0 0.0 0.004 0.010 -0.0201 -0.0281 12.50 
0.593 2 2 3 0.0 0.0 -0.000 0.008 -0.0189 -0.0281 12.50 
0.594 2 2 3 0.0 0.0 -0.000 0.013 -0.0181 -0.0281 12.50 
0.595 2 2 3 0.0 0.0 0.003 0.009 -0.0173 -0.0281 12.50 
0.596 2 2 3 0.0 0.0 0.004 0.001 -0.0165 -0.0281 12.50 
0.597 2 2 3 0.0 0.0 0.001 0.007 -0.0161 -0.0273 12.50 
0.598 2 2 3 0.0 0.0 -0.002 0.009 -0.0153 -0.0257 12.50 
0.599 2 2 3 0.0 0.0 -0.006 0.003 -0.0149 -0.0241 12.50 
0.600 2 2 3 0.0 0.0 -0.002 0.005 -0.0141 -0.0225 12.52 
0.601 2 2 3 0.0 0.0 -0.007 0.006 -0.0137 -0.0213 12.50 
0.602 2 2 3 0.0 0.0 -0.002 0.008 -0.0133 -0.0201 12.50 
0.603 2 2 3 0.0 0.0 -0.000 0.006 -0.0129 -0.0193 12.51 
0.604 2 2 3 0.0 0.0 -0.002 0.011 -0.0125 -0.0185 12.52 
0.605 2 2 3 0.0 0.0 -0.005 0.012 -0.0120 -0.0177 12.51 
0.606 2 2 3 0.0 0.0 -0.005 0.010 -0.0116 -0.0169 12.51 
0.607 2 2 3 0.0 0.0 -0.007 0.015 -0.0112 -0.0161 12.50 
0.608 2 2 3 0.0 0.0 -0.002 0.006 -0.0108 -0.0157 12.50 
0.609 2 2 3 0.0 0.0 -0.000 0.006 -0.0108 -0.0149 12.50 
0.610 2 2 3 0.0 0.0 0.001 0.004 -0.0104 -0.0145 12.50 
0.611 2 2 3 0.0 0.0 -0.000 0.007 -0.0100 -0.0137 12.50 
0.612 2 2 3 0.0 0.0 -0.000 0.004 -0.0100 -0.0133 12.50 
0.613 2 2 3 0.0 0.0 -0.004 0.002 -0.0096 -0.0129 12.51 
0.614 2 2 3 0.0 0.0 -0.004 0.005 -0.0092 -0.0125 12.50 
0.615 2 2 3 0.0 0.0 -0.000 0.004 -0.0092 -0.0120 12.50 
0.616 2 2 3 0.0 0.0 -0.009 0.002 -0.0088 -0.0116 12.50 
0.617 2 2 3 0.0 0.0 -0.006 -0.002 -0.0088 -0.0112 12.52 
0.618 2 2 3 0.0 0.0 -0.003 0.000 -0.0084 -0.0112 12.51 
0.619 2 2 3 0.0 0.0 -0.007 0.006 -0.0084 -0.0108 12.50 
0.620 2 2 3 0.0 0.0 -0.003 0.003 -0.0080 -0.0104 12.50 
0.621 2 2 3 0.0 0.0 -0.004 0.008 -0.0080 -0.0100 12.50 
0.622 2 2 3 0.0 0.0 -0.003 -0.003 -0.0080 -0.0100 12.50 
0.623 2 2 3 0.0 0.0 -0.006 0.003 -0.0076 -0.0096 12.50 
0.624 2 2 3 0.0 0.0 -0.006 0.004 -0.0076 -0.0096 12.50 
0.625 2 2 3 0.0 0.0 -0.002 -0.003 -0.0072 -0.0092 12.52 
0.626 2 2 3 0.0 0.0 -0.005 0.010 -0.0072 -0.0088 12.50 
0.627 2 2 3 0.0 0.0 -0.002 0.007 -0.0072 -0.0088 12.52 
0.628 2 2 3 0.0 0.0 -0.004 0.003 -0.0068 -0.0084 12.52 
0.629 2 2 3 0.0 0.0 0.004 0.006 -0.0068 -0.0084 12.52 
0.630 2 2 3 0.0 0.0 0.007 0.003 -0.0068 -0.0080 12.51 
0.631 2 2 3 0.0 0.0 -0.000 0.008 -0.0064 -0.0080 12.50 
0.632 2 2 3 0.0 0.0 -0.002 0.010 -0.0064 -0.0080 12.50 
0.633 2 2 3 0.0 0.0 0.002 0.006 -0.0064 -0.0076 12.50 
0.634 2 2 3 0.0 0.0 0.002 0.003 -0.0064 -0.0076 12.50 
0.635 2 2 3 0.0 0.0 -0.002 0.005 -0.0060 -0.0076 12.50 
0.636 2 2 3 0.0 0.0 0.002 0.007 -0.0060 -0.0072 12.51 
0.637 2 2 3 0.0 0.0 0.009 0.007 -0.0060 -0.0072 12.50 
0.638 2 2 3 0.0 0.0 0.015 -0.016 -0.0060 -0.0068 12.50 
0.639 2 2 3 0.0 0.0 0.003 -0.004 -0.0056 -0.0068 12.50 
0.640 2 2 3 0.0 0.0 -0.001 0.008 -0.0056 -0.0068 12.50 
0.641 2 2 3 0.0 0.0 -0.000 0.004 -0.0056 -0.0068 12.50 
0.642 2 2 3 0.0 0.0 -0.005 0.007 -0.0056 -0.0064 12.50 
0.643 2 2 3 0.0 0.0 -0.000 0.004 -0.0056 -0.0064 12.50 
0.644 2 2 3 0.0 0.0 -0.006 0.004 -0.0052 -0.0064 12.50 
0.645 2 2 3 0.0 0.0 -0.006 0.011 -0.0052 -0.0060 12.51 
0.646 2 2 3 0.0 0.0 -0.000 0.010 -0.0052 -0.0060 12.50 
0.647 2 2 3 0.0 0.0 -0.004 0.009 -0.0052 -0.0060 12.51 
0.648 2 2 3 0.0 0.0 -0.006 0.006 -0.0052 -0.0060 12.50 
0.649 2 2 3 0.0 0.0 -0.005 0.004 -0.0052 -0.0060 12.50 
0.650 2 2 3 0.0 0.0 -0.000 0.008 -0.0048 -0.0056 12.50 
0.651 2 2 3 0.0 0.0 -0.003 0.002 -0.0048 -0.0056 12.50 
0.652 2 2 3 0.0 0.0 -0.006 0.001 -0.0048 -0.0056 12.50 
0.653 2 2 3 0.0 0.0 -0.001 0.005 -0.0048 -0.0056 12.50 
0.654 2 2 3 0.0 0.0 -0.004 0.003 -0.0048 -0.0052 12.50 
0.655 2 2 3 0.0 0.0 0.002 0.007 -0.0048 -0.0052 12.50 
0.656 2 2 3 0.0 0.0 -0.002 0.008 -0.0044 -0.0052 12.49 
0.657 2 2 3 0.0 0.0 -0.006 0.001 -0.0044 -0.0052 12.50 
0.658 2 2 3 0.0 0.0 -0.000 0.005 -0.0044 -0.0052 12.50 
0.659 2 2 3 0.0 0.0 -0.002 0.011 -0.0044 -0.0052 12.50 
0.660 2 2 3 0.0 0.0 0.001 0.008 -0.0044 -0.0048 12.50 
0.661 2 2 3 0.0 0.0 -0.001 0.005 -0.0044 -0.0048 12.49 
0.662 2 2 3 0.0 0.0 -0.000 0.004 -0.0044 -0.0048 12.52 
0.663 2 2 3 0.0 0.0 0.003 0.008 -0.0044 -0.0048 12.50 
0.664 2 2 3 0.0 0.0 -0.000 0.006 -0.0040 -0.0048 12.50 
0.665 2 2 3 0.0 0.0 -0.007 0.015 -0.0040 -0.0048 12.50 
