%% logfile from robot Clara (5)
% Clara (5)
%  1    time 0.000 sec
%  2  3  4   (mission 0), state 2, thread 2, line 0
%  5  6 Motor voltage [V] left, right: 2.0 2.0
%  7  8 Motor current left, right [A]: -0.052 -0.060
%  9 10 Wheel velocity [m/s] left, right: 0.0000 -0.0000
% 11    Battery voltage [V]: 12.39
0.001 2 2 0 2.0 2.0 0.054 -0.009 0.0000 -0.0000 12.38 
0.002 2 2 0 2.0 2.0 0.248 0.157 0.0000 -0.0000 12.38 
0.003 2 2 0 2.0 2.0 0.391 0.327 0.0000 -0.0000 12.37 
0.004 2 2 0 2.0 2.0 0.466 0.452 0.0000 -0.0000 12.38 
0.005 2 2 0 2.0 2.0 0.491 0.514 0.0000 -0.0000 12.38 
0.006 2 2 0 2.0 2.0 0.499 0.529 0.0000 -0.0000 12.37 
0.007 2 2 0 2.0 2.0 0.504 0.526 0.0000 0.0000 12.37 
0.008 2 2 0 2.0 2.0 0.522 0.516 0.0000 0.0000 12.37 
0.009 2 2 0 2.0 2.0 0.528 0.492 0.0000 0.0000 12.37 
0.010 2 2 0 2.0 2.0 0.458 0.468 0.0695 0.0000 12.37 
0.011 2 2 0 2.0 2.0 0.432 0.450 0.0695 0.1157 12.37 
0.012 2 2 0 2.0 2.0 0.418 0.453 0.0695 0.1157 12.37 
0.013 2 2 0 2.0 2.0 0.407 0.461 0.1141 0.1157 12.37 
0.014 2 2 0 2.0 2.0 0.414 0.453 0.1141 0.1426 12.37 
0.015 2 2 0 2.0 2.0 0.407 0.401 0.1141 0.1426 12.37 
0.016 2 2 0 2.0 2.0 0.410 0.392 0.1442 0.1839 12.37 
0.017 2 2 0 2.0 2.0 0.401 0.392 0.1442 0.1839 12.37 
0.018 2 2 0 2.0 2.0 0.404 0.383 0.1442 0.1831 12.38 
0.019 2 2 0 2.0 2.0 0.384 0.389 0.1623 0.1831 12.37 
0.020 2 2 0 2.0 2.0 0.373 0.382 0.1623 0.2193 12.37 
0.021 2 2 0 2.0 2.0 0.355 0.373 0.1884 0.2193 12.37 
0.022 2 2 0 2.0 2.0 0.343 0.346 0.1884 0.2169 12.37 
0.023 2 2 0 2.0 2.0 0.329 0.334 0.2133 0.2510 12.37 
0.024 2 2 0 2.0 2.0 0.317 0.355 0.2305 0.2510 12.37 
0.025 2 2 0 2.0 2.0 0.322 0.373 0.2305 0.2478 12.37 
0.026 2 2 0 2.0 2.0 0.324 0.393 0.2390 0.2807 12.37 
0.027 2 2 0 2.0 2.0 0.328 0.361 0.2390 0.2807 12.37 
0.028 2 2 0 2.0 2.0 0.310 0.369 0.2574 0.2510 12.37 
0.029 2 2 0 2.0 2.0 0.282 0.343 0.2695 0.3064 12.37 
0.030 2 2 0 2.0 2.0 0.263 0.307 0.2908 0.3265 12.37 
0.031 2 2 0 2.0 2.0 0.244 0.324 0.2908 0.3265 12.37 
0.032 2 2 0 2.0 2.0 0.229 0.316 0.2767 0.3137 12.37 
0.033 2 2 0 2.0 2.0 0.229 0.304 0.2952 0.2659 12.37 
0.034 2 2 0 2.0 2.0 0.233 0.297 0.2952 0.3289 12.37 
0.035 2 2 0 2.0 2.0 0.218 0.288 0.3040 0.3289 12.37 
0.036 2 2 0 2.0 2.0 0.216 0.285 0.3265 0.3317 12.37 
0.037 2 2 0 2.0 2.0 0.220 0.307 0.3088 0.3522 12.37 
0.038 2 2 0 2.0 2.0 0.234 0.298 0.3137 0.3161 12.37 
0.039 2 2 0 2.0 2.0 0.213 0.291 0.3137 0.3615 12.37 
0.040 2 2 0 2.0 2.0 0.224 0.283 0.3346 0.3462 12.37 
0.041 2 2 0 2.0 2.0 0.218 0.276 0.3462 0.3823 12.37 
0.042 2 2 0 2.0 2.0 0.218 0.259 0.3346 0.3651 12.37 
0.043 2 2 0 2.0 2.0 0.218 0.258 0.3462 0.3860 12.38 
0.044 2 2 0 2.0 2.0 0.215 0.240 0.3582 0.3860 12.38 
0.045 2 2 0 2.0 2.0 0.214 0.221 0.3715 0.3823 12.38 
0.046 2 2 0 2.0 2.0 0.220 0.239 0.3615 0.4016 12.37 
0.047 2 2 0 2.0 2.0 0.245 0.252 0.3823 0.3651 12.38 
0.048 2 2 0 2.0 2.0 0.221 0.212 0.3823 0.3860 12.37 
0.049 2 2 0 2.0 2.0 0.195 0.212 0.3823 0.3896 12.37 
0.050 2 2 0 2.0 2.0 0.180 0.239 0.3976 0.4016 12.37 
0.051 2 2 0 2.0 2.0 0.189 0.251 0.3751 0.3896 12.37 
0.052 2 2 0 2.0 2.0 0.183 0.253 0.3896 0.4016 12.37 
0.053 2 2 0 2.0 2.0 0.183 0.201 0.3936 0.3823 12.37 
0.054 2 2 0 2.0 2.0 0.182 0.206 0.3896 0.4056 12.37 
0.055 2 2 0 2.0 2.0 0.190 0.203 0.3896 0.3896 12.37 
0.056 2 2 0 2.0 2.0 0.197 0.217 0.4225 0.4137 12.37 
0.057 2 2 0 2.0 2.0 0.191 0.225 0.4137 0.4269 12.37 
0.058 2 2 0 2.0 2.0 0.187 0.215 0.3936 0.4317 12.37 
0.059 2 2 0 2.0 2.0 0.172 0.179 0.4016 0.4410 12.37 
0.060 2 2 0 2.0 2.0 0.170 0.152 0.4225 0.4317 12.37 
0.061 2 2 0 2.0 2.0 0.156 0.182 0.4362 0.4462 12.37 
0.062 2 2 0 2.0 2.0 0.175 0.220 0.4269 0.4410 12.37 
0.063 2 2 0 2.0 2.0 0.199 0.251 0.4362 0.4510 12.37 
0.064 2 2 0 2.0 2.0 0.208 0.184 0.4410 0.4317 12.37 
0.065 2 2 0 2.0 2.0 0.149 0.164 0.4562 0.4510 12.36 
0.066 2 2 0 2.0 2.0 0.139 0.157 0.4410 0.4562 12.36 
0.067 2 2 0 2.0 2.0 0.135 0.166 0.4510 0.4510 12.37 
0.068 2 2 0 2.0 2.0 0.122 0.191 0.4462 0.4615 12.37 
0.069 2 2 0 2.0 2.0 0.136 0.225 0.4462 0.4462 12.37 
0.070 2 2 0 2.0 2.0 0.164 0.209 0.4562 0.4615 12.37 
0.071 2 2 0 2.0 2.0 0.168 0.190 0.4562 0.4462 12.37 
0.072 2 2 0 2.0 2.0 0.167 0.164 0.4615 0.4667 12.36 
0.073 2 2 0 2.0 2.0 0.161 0.154 0.4510 0.4723 12.37 
0.074 2 2 0 2.0 2.0 0.141 0.141 0.4510 0.4615 12.37 
0.075 2 2 0 2.0 2.0 0.134 0.137 0.4562 0.4779 12.37 
0.076 2 2 0 2.0 2.0 0.140 0.201 0.4615 0.4510 12.37 
0.077 2 2 0 2.0 2.0 0.159 0.232 0.4615 0.4779 12.37 
0.078 2 2 0 2.0 2.0 0.141 0.174 0.4667 0.4956 12.36 
0.079 2 2 0 2.0 2.0 0.131 0.149 0.4836 0.4562 12.37 
0.080 2 2 0 2.0 2.0 0.111 0.140 0.4723 0.4779 12.37 
0.081 2 2 0 2.0 2.0 0.103 0.094 0.4723 0.4836 12.37 
0.082 2 2 0 2.0 2.0 0.091 0.141 0.4896 0.4956 12.37 
0.083 2 2 0 2.0 2.0 0.095 0.189 0.4779 0.4723 12.37 
0.084 2 2 0 2.0 2.0 0.115 0.201 0.4723 0.4836 12.37 
0.085 2 2 0 2.0 2.0 0.124 0.191 0.4779 0.5020 12.37 
0.086 2 2 0 2.0 2.0 0.122 0.148 0.4896 0.5020 12.37 
0.087 2 2 0 2.0 2.0 0.121 0.138 0.4836 0.5149 12.37 
0.088 2 2 0 2.0 2.0 0.115 0.149 0.4896 0.5213 12.37 
0.089 2 2 0 2.0 2.0 0.111 0.167 0.4956 0.4956 12.37 
0.090 2 2 0 2.0 2.0 0.127 0.156 0.4896 0.5149 12.37 
0.091 2 2 0 2.0 2.0 0.134 0.139 0.4956 0.5213 12.37 
0.092 2 2 0 2.0 2.0 0.127 0.122 0.5149 0.5149 12.37 
0.093 2 2 0 2.0 2.0 0.113 0.127 0.5020 0.5213 12.37 
0.094 2 2 0 2.0 2.0 0.111 0.119 0.5081 0.5020 12.37 
0.095 2 2 0 2.0 2.0 0.104 0.145 0.5020 0.5020 12.37 
0.096 2 2 0 2.0 2.0 0.113 0.165 0.4896 0.5213 12.37 
0.097 2 2 0 2.0 2.0 0.121 0.164 0.5281 0.5149 12.37 
0.098 2 2 0 2.0 2.0 0.122 0.160 0.5149 0.5281 12.37 
0.099 2 2 0 2.0 2.0 0.120 0.140 0.4956 0.5354 12.37 
0.100 2 2 0 2.0 2.0 0.116 0.115 0.5081 0.5213 12.37 
0.101 2 2 0 2.0 2.0 0.111 0.134 0.5081 0.5354 12.37 
0.102 2 2 0 2.0 2.0 0.117 0.178 0.5213 0.5281 12.37 
0.103 2 2 0 2.0 2.0 0.134 0.171 0.5149 0.5020 12.38 
0.104 2 2 0 2.0 2.0 0.149 0.164 0.5213 0.5213 12.37 
0.105 2 2 0 2.0 2.0 0.115 0.149 0.5354 0.5281 12.37 
0.106 2 2 0 2.0 2.0 0.082 0.130 0.5213 0.5149 12.37 
0.107 2 2 0 2.0 2.0 0.076 0.140 0.5213 0.5281 12.38 
0.108 2 2 0 2.0 2.0 0.074 0.136 0.5213 0.5149 12.38 
0.109 2 2 0 2.0 2.0 0.100 0.151 0.5149 0.5149 12.37 
0.110 2 2 0 2.0 2.0 0.113 0.142 0.5281 0.5354 12.37 
0.111 2 2 0 2.0 2.0 0.122 0.122 0.5354 0.5213 12.37 
0.112 2 2 0 2.0 2.0 0.106 0.074 0.5213 0.5281 12.37 
0.113 2 2 0 2.0 2.0 0.080 0.112 0.5213 0.5426 12.36 
0.114 2 2 0 2.0 2.0 0.093 0.175 0.5281 0.5081 12.36 
0.115 2 2 0 2.0 2.0 0.109 0.148 0.5213 0.5575 12.36 
0.116 2 2 0 2.0 2.0 0.117 0.148 0.5281 0.5655 12.36 
0.117 2 2 0 2.0 2.0 0.091 0.098 0.5498 0.5081 12.37 
0.118 2 2 0 2.0 2.0 0.078 0.080 0.5281 0.5426 12.37 
0.119 2 2 0 2.0 2.0 0.062 0.099 0.5281 0.5575 12.36 
0.120 2 2 0 2.0 2.0 0.062 0.138 0.5426 0.5281 12.37 
0.121 2 2 0 2.0 2.0 0.078 0.185 0.5281 0.5354 12.36 
0.122 2 2 0 2.0 2.0 0.091 0.190 0.5213 0.5575 12.37 
0.123 2 2 0 2.0 2.0 0.086 0.176 0.5354 0.5498 12.37 
0.124 2 2 0 2.0 2.0 0.092 0.129 0.5281 0.5575 12.37 
0.125 2 2 0 2.0 2.0 0.083 0.111 0.5281 0.5655 12.37 
0.126 2 2 0 2.0 2.0 0.072 0.134 0.5426 0.5498 12.37 
0.127 2 2 0 2.0 2.0 0.092 0.136 0.5354 0.5498 12.37 
0.128 2 2 0 2.0 2.0 0.118 0.133 0.5354 0.5655 12.36 
0.129 2 2 0 2.0 2.0 0.107 0.127 0.5498 0.5655 12.37 
0.130 2 2 0 2.0 2.0 0.094 0.112 0.5354 0.5426 12.36 
0.131 2 2 0 2.0 2.0 0.081 0.107 0.5426 0.5575 12.36 
0.132 2 2 0 2.0 2.0 0.072 0.133 0.5354 0.5575 12.36 
0.133 2 2 0 2.0 2.0 0.096 0.156 0.5281 0.5498 12.37 
0.134 2 2 0 2.0 2.0 0.111 0.149 0.5655 0.5655 12.37 
0.135 2 2 0 2.0 2.0 0.110 0.107 0.5354 0.5735 12.37 
0.136 2 2 0 2.0 2.0 0.100 0.093 0.5354 0.5575 12.37 
0.137 2 2 0 2.0 2.0 0.091 0.109 0.5498 0.5575 12.37 
0.138 2 2 0 2.0 2.0 0.084 0.133 0.5575 0.5735 12.37 
0.139 2 2 0 2.0 2.0 0.102 0.131 0.5426 0.5655 12.36 
0.140 2 2 0 2.0 2.0 0.129 0.126 0.5498 0.5498 12.36 
0.141 2 2 0 2.0 2.0 0.115 0.121 0.5735 0.5655 12.37 
0.142 2 2 0 2.0 2.0 0.076 0.118 0.5575 0.5655 12.37 
0.143 2 2 0 2.0 2.0 0.064 0.101 0.5575 0.5426 12.37 
0.144 2 2 0 2.0 2.0 0.065 0.110 0.5575 0.5655 12.37 
0.145 2 2 0 2.0 2.0 0.089 0.126 0.5426 0.5655 12.37 
0.146 2 2 0 2.0 2.0 0.102 0.122 0.5575 0.5498 12.36 
0.147 2 2 0 2.0 2.0 0.103 0.107 0.5655 0.5498 12.36 
0.148 2 2 0 2.0 2.0 0.085 0.141 0.5498 0.5655 12.36 
0.149 2 2 0 2.0 2.0 0.076 0.179 0.5498 0.5281 12.37 
0.150 2 2 0 2.0 2.0 0.068 0.149 0.5498 0.5820 12.36 
0.151 2 2 0 2.0 2.0 0.091 0.126 0.5426 0.5820 12.36 
0.152 2 2 0 2.0 2.0 0.094 0.107 0.5498 0.5281 12.36 
0.153 2 2 0 2.0 2.0 0.073 0.087 0.5735 0.5655 12.37 
0.154 2 2 0 2.0 2.0 0.052 0.092 0.5575 0.5820 12.37 
0.155 2 2 0 2.0 2.0 0.052 0.132 0.5575 0.5655 12.37 
0.156 2 2 0 2.0 2.0 0.054 0.146 0.5655 0.5575 12.37 
0.157 2 2 0 2.0 2.0 0.081 0.146 0.5426 0.5655 12.37 
0.158 2 2 0 2.0 2.0 0.084 0.122 0.5498 0.5820 12.36 
0.159 2 2 0 2.0 2.0 0.077 0.101 0.5655 0.5820 12.37 
0.160 2 2 0 2.0 2.0 0.066 0.098 0.5498 0.5575 12.37 
0.161 2 2 0 2.0 2.0 0.068 0.122 0.5498 0.5735 12.37 
0.162 2 2 0 2.0 2.0 0.082 0.125 0.5498 0.5820 12.36 
0.163 2 2 0 2.0 2.0 0.107 0.112 0.5575 0.5735 12.36 
0.164 2 2 0 2.0 2.0 0.106 0.097 0.5575 0.5655 12.37 
0.165 2 2 0 2.0 2.0 0.090 0.081 0.5575 0.5820 12.37 
0.166 2 2 0 2.0 2.0 0.077 0.098 0.5655 0.5575 12.37 
0.167 2 2 0 2.0 2.0 0.064 0.131 0.5575 0.5655 12.37 
0.168 2 2 0 2.0 2.0 0.077 0.136 0.5498 0.5820 12.37 
0.169 2 2 0 2.0 2.0 0.089 0.115 0.5820 0.5904 12.37 
0.170 2 2 0 2.0 2.0 0.094 0.090 0.5575 0.5735 12.37 
0.171 2 2 0 2.0 2.0 0.088 0.103 0.5498 0.5735 12.37 
0.172 2 2 0 2.0 2.0 0.081 0.126 0.5655 0.5904 12.37 
0.173 2 2 0 2.0 2.0 0.073 0.133 0.5735 0.5575 12.37 
0.174 2 2 0 2.0 2.0 0.098 0.118 0.5655 0.5655 12.37 
0.175 2 2 0 2.0 2.0 0.119 0.099 0.5655 0.5820 12.38 
0.176 2 2 0 2.0 2.0 0.092 0.095 0.5904 0.5904 12.38 
0.177 2 2 0 2.0 2.0 0.061 0.093 0.5735 0.5655 12.37 
0.178 2 2 0 2.0 2.0 0.054 0.114 0.5655 0.5820 12.37 
0.179 2 2 0 2.0 2.0 0.050 0.138 0.5655 0.5820 12.37 
0.180 2 2 0 2.0 2.0 0.087 0.117 0.5735 0.5735 12.37 
0.181 2 2 0 2.0 2.0 0.103 0.088 0.5655 0.5655 12.37 
0.182 2 2 0 2.0 2.0 0.092 0.104 0.5575 0.5820 12.36 
0.183 2 2 0 2.0 2.0 0.079 0.141 0.5575 0.5735 12.36 
0.184 2 2 0 2.0 2.0 0.072 0.135 0.5575 0.5992 12.37 
0.185 2 2 0 2.0 2.0 0.076 0.124 0.5575 0.5820 12.36 
0.186 2 2 0 2.0 2.0 0.088 0.097 0.5575 0.5655 12.37 
0.187 2 2 0 2.0 2.0 0.082 0.079 0.5820 0.5735 12.37 
0.188 2 2 0 2.0 2.0 0.058 0.096 0.5655 0.5575 12.37 
0.189 2 2 0 2.0 2.0 0.030 0.122 0.5655 0.5820 12.38 
0.190 2 2 0 2.0 2.0 0.035 0.128 0.5820 0.5904 12.37 
0.191 2 2 0 2.0 2.0 0.058 0.136 0.5655 0.5820 12.37 
0.192 2 2 0 2.0 2.0 0.065 0.112 0.5575 0.5904 12.37 
0.193 2 2 0 2.0 2.0 0.079 0.090 0.5655 0.5992 12.37 
0.194 2 2 0 2.0 2.0 0.065 0.099 0.5575 0.5655 12.37 
0.195 2 2 0 2.0 2.0 0.055 0.117 0.5575 0.5820 12.37 
0.196 2 2 0 2.0 2.0 0.063 0.102 0.5735 0.5992 12.37 
0.197 2 2 0 2.0 2.0 0.097 0.101 0.5575 0.5992 12.37 
0.198 2 2 0 2.0 2.0 0.100 0.088 0.5655 0.5735 12.37 
0.199 2 2 0 2.0 2.0 0.081 0.080 0.5820 0.5655 12.37 
0.200 2 2 0 2.0 2.0 0.073 0.107 0.5735 0.5904 12.36 
0.201 2 2 1 4.0 4.0 0.053 0.127 0.5655 0.5735 12.37 
0.202 2 2 1 4.0 4.0 0.145 0.141 0.5498 0.5992 12.36 
0.203 2 2 1 4.0 4.0 0.321 0.281 0.5992 0.6085 12.34 
0.204 2 2 1 4.0 4.0 0.431 0.429 0.5904 0.6177 12.33 
0.205 2 2 1 4.0 4.0 0.490 0.597 0.5820 0.6273 12.33 
0.206 2 2 1 4.0 4.0 0.520 0.602 0.5992 0.6085 12.32 
0.207 2 2 1 4.0 4.0 0.538 0.601 0.6374 0.6374 12.32 
0.208 2 2 1 4.0 4.0 0.571 0.599 0.6474 0.6583 12.32 
0.209 2 2 1 4.0 4.0 0.595 0.594 0.6583 0.6804 12.32 
0.210 2 2 1 4.0 4.0 0.484 0.607 0.6691 0.6804 12.33 
0.211 2 2 1 4.0 4.0 0.441 0.553 0.6924 0.6691 12.33 
0.212 2 2 1 4.0 4.0 0.451 0.558 0.6924 0.6924 12.32 
0.213 2 2 1 4.0 4.0 0.465 0.535 0.7169 0.7044 12.32 
0.214 2 2 1 4.0 4.0 0.461 0.559 0.7302 0.6924 12.33 
0.215 2 2 1 4.0 4.0 0.457 0.567 0.7169 0.7723 12.33 
0.216 2 2 1 4.0 4.0 0.442 0.520 0.7434 0.7044 12.33 
0.217 2 2 1 4.0 4.0 0.447 0.490 0.7434 0.7575 12.32 
0.218 2 2 1 4.0 4.0 0.438 0.479 0.7575 0.7872 12.33 
0.219 2 2 1 4.0 4.0 0.379 0.472 0.7575 0.7872 12.33 
0.220 2 2 1 4.0 4.0 0.387 0.488 0.7872 0.8032 12.33 
0.221 2 2 1 4.0 4.0 0.386 0.487 0.7872 0.8193 12.33 
0.222 2 2 1 4.0 4.0 0.357 0.449 0.7872 0.8032 12.33 
0.223 2 2 1 4.0 4.0 0.341 0.487 0.8032 0.8193 12.33 
0.224 2 2 1 4.0 4.0 0.338 0.441 0.8032 0.8366 12.34 
0.225 2 2 1 4.0 4.0 0.391 0.404 0.8193 0.8366 12.33 
0.226 2 2 1 4.0 4.0 0.387 0.402 0.8366 0.8366 12.34 
0.227 2 2 1 4.0 4.0 0.338 0.396 0.8543 0.8543 12.34 
0.228 2 2 1 4.0 4.0 0.309 0.401 0.8543 0.8924 12.34 
0.229 2 2 1 4.0 4.0 0.326 0.388 0.8924 0.9125 12.34 
0.230 2 2 1 4.0 4.0 0.354 0.420 0.8924 0.9338 12.34 
0.231 2 2 1 4.0 4.0 0.357 0.412 0.9125 0.9338 12.34 
0.232 2 2 1 4.0 4.0 0.325 0.384 0.9338 0.9559 12.34 
0.233 2 2 1 4.0 4.0 0.364 0.369 0.9125 0.8924 12.34 
0.234 2 2 1 4.0 4.0 0.299 0.372 0.9338 0.9338 12.35 
0.235 2 2 1 4.0 4.0 0.256 0.358 0.9338 0.9559 12.35 
0.236 2 2 1 4.0 4.0 0.299 0.343 0.9338 0.9796 12.34 
0.237 2 2 1 4.0 4.0 0.293 0.377 0.9559 0.9796 12.35 
0.238 2 2 1 4.0 4.0 0.282 0.360 0.9559 1.0041 12.35 
0.239 2 2 1 4.0 4.0 0.286 0.323 0.9559 0.9796 12.35 
0.240 2 2 1 4.0 4.0 0.318 0.310 0.9559 0.9796 12.34 
0.241 2 2 1 4.0 4.0 0.272 0.339 0.9796 1.0041 12.34 
0.242 2 2 1 4.0 4.0 0.235 0.347 0.9796 1.0298 12.35 
0.243 2 2 1 4.0 4.0 0.264 0.330 0.9796 1.0298 12.35 
0.244 2 2 1 4.0 4.0 0.271 0.347 0.9796 1.0298 12.34 
0.245 2 2 1 4.0 4.0 0.248 0.307 0.9796 1.0298 12.35 
0.246 2 2 1 4.0 4.0 0.264 0.286 0.9796 1.0567 12.35 
0.247 2 2 1 4.0 4.0 0.282 0.270 0.9796 1.0567 12.35 
0.248 2 2 1 4.0 4.0 0.240 0.274 1.0041 1.0567 12.35 
0.249 2 2 1 4.0 4.0 0.243 0.282 1.0041 1.0567 12.36 
0.250 2 2 1 4.0 4.0 0.244 0.331 1.0298 1.0567 12.35 
0.251 2 2 1 4.0 4.0 0.252 0.321 1.0041 1.0298 12.35 
0.252 2 2 1 4.0 4.0 0.234 0.285 1.0298 1.0567 12.35 
0.253 2 2 1 4.0 4.0 0.248 0.269 1.0298 1.0852 12.35 
0.254 2 2 1 4.0 4.0 0.223 0.284 1.0567 1.0852 12.35 
0.255 2 2 1 4.0 4.0 0.179 0.278 1.0567 1.0852 12.35 
0.256 2 2 1 4.0 4.0 0.186 0.281 1.0567 1.0852 12.35 
0.257 2 2 1 4.0 4.0 0.229 0.290 1.0567 1.1153 12.35 
0.258 2 2 1 4.0 4.0 0.210 0.266 1.0567 1.0852 12.35 
0.259 2 2 1 4.0 4.0 0.208 0.254 1.0567 1.0852 12.36 
0.260 2 2 1 4.0 4.0 0.215 0.270 1.0852 1.1153 12.36 
0.261 2 2 1 4.0 4.0 0.175 0.267 1.0852 1.1153 12.36 
0.262 2 2 1 4.0 4.0 0.167 0.257 1.0852 1.1153 12.36 
0.263 2 2 1 4.0 4.0 0.183 0.275 1.0852 1.1474 12.36 
0.264 2 2 1 4.0 4.0 0.176 0.223 1.0852 1.1153 12.36 
0.265 2 2 1 4.0 4.0 0.193 0.227 1.0852 1.1153 12.36 
0.266 2 2 1 4.0 4.0 0.220 0.242 1.0852 1.1474 12.35 
0.267 2 2 1 4.0 4.0 0.204 0.228 1.1153 1.1474 12.35 
0.268 2 2 1 4.0 4.0 0.164 0.256 1.1153 1.1474 12.36 
0.269 2 2 1 4.0 4.0 0.196 0.270 1.1474 1.0567 12.36 
0.270 2 2 1 4.0 4.0 0.202 0.227 1.1153 1.1153 12.36 
0.271 2 2 1 4.0 4.0 0.187 0.222 1.1153 1.1474 12.36 
0.272 2 2 1 4.0 4.0 0.218 0.232 1.1153 1.1474 12.35 
0.273 2 2 1 4.0 4.0 0.167 0.227 1.1474 1.1812 12.36 
0.274 2 2 1 4.0 4.0 0.135 0.253 1.1474 1.1812 12.36 
0.275 2 2 1 4.0 4.0 0.183 0.254 1.1474 1.1153 12.36 
0.276 2 2 1 4.0 4.0 0.200 0.199 1.1153 1.1812 12.36 
0.277 2 2 1 4.0 4.0 0.204 0.217 1.1153 1.1812 12.35 
0.278 2 2 1 4.0 4.0 0.180 0.238 1.1474 1.1812 12.36 
0.279 2 2 1 4.0 4.0 0.146 0.224 1.1474 1.1812 12.36 
0.280 2 2 1 4.0 4.0 0.137 0.238 1.1474 1.1812 12.36 
0.281 2 2 1 4.0 4.0 0.153 0.213 1.1474 1.2169 12.36 
0.282 2 2 1 4.0 4.0 0.161 0.174 1.1474 1.1812 12.36 
0.283 2 2 1 4.0 4.0 0.177 0.189 1.1474 1.1812 12.36 
0.284 2 2 1 4.0 4.0 0.174 0.195 1.1812 1.1812 12.35 
0.285 2 2 1 4.0 4.0 0.156 0.206 1.1474 1.2169 12.36 
0.286 2 2 1 4.0 4.0 0.148 0.239 1.1474 1.1812 12.37 
0.287 2 2 1 4.0 4.0 0.158 0.207 1.1474 1.1812 12.36 
0.288 2 2 1 4.0 4.0 0.158 0.175 1.1474 1.2169 12.36 
0.289 2 2 1 4.0 4.0 0.161 0.186 1.1474 1.2169 12.36 
0.290 2 2 1 4.0 4.0 0.179 0.187 1.1812 1.2169 12.36 
0.291 2 2 1 4.0 4.0 0.125 0.217 1.1812 1.2551 12.36 
0.292 2 2 1 4.0 4.0 0.145 0.219 1.1812 1.1812 12.36 
0.293 2 2 1 4.0 4.0 0.162 0.171 1.1812 1.2169 12.36 
0.294 2 2 1 4.0 4.0 0.112 0.194 1.1812 1.2169 12.35 
0.295 2 2 1 4.0 4.0 0.149 0.219 1.1812 1.2169 12.36 
0.296 2 2 1 4.0 4.0 0.136 0.182 1.1812 1.2169 12.35 
0.297 2 2 1 4.0 4.0 0.107 0.194 1.1812 1.2169 12.36 
0.298 2 2 1 4.0 4.0 0.124 0.183 1.1474 1.2169 12.36 
0.299 2 2 1 4.0 4.0 0.141 0.160 1.1812 1.2169 12.36 
0.300 2 2 1 4.0 4.0 0.123 0.171 1.1812 1.2551 12.36 
0.301 2 2 1 4.0 4.0 0.150 0.155 1.1812 1.2169 12.35 
0.302 2 2 1 4.0 4.0 0.133 0.194 1.1812 1.1812 12.36 
0.303 2 2 1 4.0 4.0 0.121 0.220 1.1812 1.2551 12.36 
0.304 2 2 1 4.0 4.0 0.141 0.170 1.1812 1.2169 12.36 
0.305 2 2 1 4.0 4.0 0.125 0.176 1.1812 1.2169 12.36 
0.306 2 2 1 4.0 4.0 0.117 0.175 1.1812 1.2169 12.36 
0.307 2 2 1 4.0 4.0 0.158 0.182 1.2169 1.2551 12.36 
0.308 2 2 1 4.0 4.0 0.135 0.200 1.2169 1.0852 12.37 
0.309 2 2 1 4.0 4.0 0.136 0.169 1.1812 1.2551 12.36 
0.310 2 2 1 4.0 4.0 0.154 0.164 1.2169 1.2551 12.37 
0.311 2 2 1 4.0 4.0 0.131 0.195 1.2169 1.2551 12.37 
0.312 2 2 1 4.0 4.0 0.142 0.164 1.1812 1.1474 12.37 
0.313 2 2 1 4.0 4.0 0.119 0.174 1.2169 1.2551 12.37 
0.314 2 2 1 4.0 4.0 0.104 0.167 1.2169 1.1812 12.37 
0.315 2 2 1 4.0 4.0 0.129 0.147 1.1812 1.2551 12.37 
0.316 2 2 1 4.0 4.0 0.119 0.149 1.2169 1.2551 12.36 
0.317 2 2 1 4.0 4.0 0.119 0.147 1.2169 1.2551 12.36 
0.318 2 2 1 4.0 4.0 0.140 0.170 1.2169 1.1812 12.36 
0.319 2 2 1 4.0 4.0 0.105 0.188 1.2169 1.2551 12.36 
0.320 2 2 1 4.0 4.0 0.114 0.163 1.2169 1.2551 12.36 
0.321 2 2 1 4.0 4.0 0.132 0.164 1.2169 1.2169 12.36 
0.322 2 2 1 4.0 4.0 0.110 0.152 1.2169 1.2551 12.37 
0.323 2 2 1 4.0 4.0 0.125 0.167 1.2169 1.2169 12.36 
0.324 2 2 1 4.0 4.0 0.124 0.202 1.2169 1.1812 12.37 
0.325 2 2 1 4.0 4.0 0.087 0.168 1.2169 1.2551 12.37 
0.326 2 2 1 4.0 4.0 0.112 0.167 1.2169 1.2551 12.37 
0.327 2 2 1 4.0 4.0 0.119 0.192 1.2169 1.2952 12.37 
0.328 2 2 1 4.0 4.0 0.107 0.153 1.2169 1.2551 12.37 
0.329 2 2 1 4.0 4.0 0.127 0.179 1.2551 1.2952 12.37 
0.330 2 2 1 4.0 4.0 0.107 0.154 1.2169 1.2551 12.37 
0.331 2 2 1 4.0 4.0 0.092 0.139 1.2169 1.2952 12.37 
0.332 2 2 1 4.0 4.0 0.100 0.155 1.2551 1.2952 12.37 
0.333 2 2 1 4.0 4.0 0.081 0.145 1.2169 1.2952 12.37 
0.334 2 2 1 4.0 4.0 0.148 0.168 1.2169 1.2551 12.36 
0.335 2 2 1 4.0 4.0 0.152 0.171 1.2551 1.2952 12.37 
0.336 2 2 1 4.0 4.0 0.109 0.138 1.2551 1.2952 12.35 
0.337 2 2 1 4.0 4.0 0.113 0.146 1.2952 1.2952 12.36 
0.338 2 2 1 4.0 4.0 0.108 0.133 1.2551 1.2952 12.37 
0.339 2 2 1 4.0 4.0 0.103 0.138 1.2551 1.2952 12.37 
0.340 2 2 1 4.0 4.0 0.126 0.158 1.2952 1.2952 12.37 
0.341 2 2 1 4.0 4.0 0.102 0.126 1.2551 1.2952 12.37 
0.342 2 2 1 4.0 4.0 0.106 0.166 1.2169 1.2952 12.37 
0.343 2 2 1 4.0 4.0 0.129 0.171 1.2169 1.2952 12.37 
0.344 2 2 1 4.0 4.0 0.099 0.154 1.2169 1.2952 12.37 
0.345 2 2 1 4.0 4.0 0.131 0.174 1.2169 1.2952 12.37 
0.346 2 2 1 4.0 4.0 0.112 0.130 1.2551 1.2952 12.37 
0.347 2 2 1 4.0 4.0 0.083 0.145 1.2551 1.2952 12.36 
0.348 2 2 1 4.0 4.0 0.114 0.153 1.2169 1.2952 12.37 
0.349 2 2 1 4.0 4.0 0.103 0.141 1.2551 1.2952 12.37 
0.350 2 2 1 4.0 4.0 0.105 0.175 1.2551 1.2952 12.37 
0.351 2 2 1 4.0 4.0 0.133 0.171 1.2551 1.2952 12.37 
0.352 2 2 2 -4.0 -4.0 0.107 0.149 1.2551 1.2952 12.36 
0.353 2 2 2 -4.0 -4.0 -0.225 0.066 1.2952 1.2952 12.34 
0.354 2 2 2 -4.0 -4.0 -0.868 -0.611 1.2169 1.2952 12.31 
0.355 2 2 2 -4.0 -4.0 -1.418 -1.312 1.2169 1.2551 12.29 
0.356 2 2 2 -4.0 -4.0 -1.767 -1.611 1.1474 1.1812 12.25 
0.357 2 2 2 -4.0 -4.0 -1.755 -1.902 1.0852 1.0298 12.26 
0.358 2 2 2 -4.0 -4.0 -1.756 -1.875 1.0298 1.0567 12.26 
0.359 2 2 2 -4.0 -4.0 -1.820 -1.734 0.8924 1.0298 12.24 
0.360 2 2 2 -4.0 -4.0 -1.638 -1.825 0.8543 0.9125 12.24 
0.361 2 2 2 -4.0 -4.0 -1.600 -1.893 0.7872 0.8727 12.24 
0.362 2 2 2 -4.0 -4.0 -1.694 -1.837 0.7434 0.8193 12.25 
0.363 2 2 2 -4.0 -4.0 -1.727 -1.704 0.6804 0.7723 12.24 
0.364 2 2 2 -4.0 -4.0 -1.803 -1.777 0.6273 0.6804 12.24 
0.365 2 2 2 -4.0 -4.0 -1.581 -1.844 0.5904 0.6374 12.24 
0.366 2 2 2 -4.0 -4.0 -1.532 -1.754 0.5081 0.5820 12.26 
0.367 2 2 2 -4.0 -4.0 -1.536 -1.535 0.4410 0.5354 12.24 
0.368 2 2 2 -4.0 -4.0 -1.526 -1.525 0.4269 0.5213 12.24 
0.369 2 2 2 -4.0 -4.0 -1.495 -1.567 0.3522 0.4836 12.25 
0.370 2 2 2 -4.0 -4.0 -1.458 -1.610 0.2952 0.4462 12.25 
0.371 2 2 2 -4.0 -4.0 -1.433 -1.618 0.2787 0.3265 12.25 
0.372 2 2 2 -4.0 -4.0 -1.404 -1.689 0.1988 0.2848 12.25 
0.373 2 2 2 -4.0 -4.0 -1.447 -1.731 0.1988 0.2848 12.24 
0.374 2 2 2 -4.0 -4.0 -1.485 -1.700 0.1659 0.1940 12.23 
0.375 2 2 2 -4.0 -4.0 -1.480 -1.675 0.1173 0.1868 12.24 
0.376 2 2 2 -4.0 -4.0 -1.475 -1.643 0.0908 0.1868 12.24 
0.377 2 2 2 -4.0 -4.0 -1.278 -1.624 0.0739 0.1374 12.25 
0.378 2 2 2 -4.0 -4.0 -1.183 -1.542 0.0623 0.1024 12.26 
0.379 2 2 2 -4.0 -4.0 -1.121 -1.439 0.0538 0.0815 12.27 
0.380 2 2 2 -4.0 -4.0 -1.095 -1.397 -0.0482 0.0675 12.26 
0.381 2 2 2 -4.0 -4.0 -1.080 -1.382 -0.0482 0.0578 12.26 
0.382 2 2 2 -4.0 -4.0 -1.064 -1.350 -0.0482 0.0506 12.26 
0.383 2 2 2 -4.0 -4.0 -1.031 -1.308 -0.1723 -0.0482 12.27 
0.384 2 2 2 -4.0 -4.0 -0.999 -1.179 -0.2390 -0.0482 12.27 
0.385 2 2 2 -4.0 -4.0 -0.986 -1.096 -0.2390 -0.1598 12.27 
0.386 2 2 2 -4.0 -4.0 -0.930 -1.046 -0.2848 -0.1598 12.27 
0.387 2 2 2 -4.0 -4.0 -0.922 -1.003 -0.3237 -0.2281 12.27 
0.388 2 2 2 -4.0 -4.0 -0.895 -0.989 -0.3615 -0.2281 12.27 
0.389 2 2 2 -4.0 -4.0 -0.899 -0.960 -0.3896 -0.2623 12.28 
0.390 2 2 2 -4.0 -4.0 -0.874 -0.920 -0.4097 -0.3161 12.25 
0.391 2 2 2 -4.0 -4.0 -0.751 -0.914 -0.4181 -0.3462 12.28 
0.392 2 2 2 -4.0 -4.0 -0.726 -0.890 -0.4269 -0.3787 12.28 
0.393 2 2 2 -4.0 -4.0 -0.696 -0.856 -0.4462 -0.3787 12.29 
0.394 2 2 2 -4.0 -4.0 -0.695 -0.885 -0.4836 -0.3976 12.29 
0.395 2 2 2 -4.0 -4.0 -0.690 -0.841 -0.5020 -0.4016 12.28 
0.396 2 2 2 -4.0 -4.0 -0.705 -0.706 -0.5281 -0.4269 12.28 
0.397 2 2 2 -4.0 -4.0 -0.638 -0.675 -0.5735 -0.4317 12.29 
0.398 2 2 2 -4.0 -4.0 -0.570 -0.688 -0.5655 -0.4562 12.30 
0.399 2 2 2 -4.0 -4.0 -0.583 -0.702 -0.5820 -0.4956 12.30 
0.400 2 2 2 -4.0 -4.0 -0.569 -0.711 -0.5992 -0.5081 12.30 
0.401 2 2 2 -4.0 -4.0 -0.623 -0.698 -0.6273 -0.5281 12.30 
0.402 2 2 2 -4.0 -4.0 -0.581 -0.670 -0.6374 -0.5498 12.30 
0.403 2 2 2 -4.0 -4.0 -0.555 -0.654 -0.6474 -0.5655 12.30 
0.404 2 2 2 -4.0 -4.0 -0.535 -0.612 -0.6804 -0.5904 12.29 
0.405 2 2 2 -4.0 -4.0 -0.515 -0.558 -0.6924 -0.6085 12.29 
0.406 2 2 2 -4.0 -4.0 -0.525 -0.596 -0.6804 -0.6177 12.30 
0.407 2 2 2 -4.0 -4.0 -0.476 -0.628 -0.7434 -0.5992 12.31 
0.408 2 2 2 -4.0 -4.0 -0.464 -0.563 -0.7302 -0.6374 12.31 
0.409 2 2 2 -4.0 -4.0 -0.463 -0.551 -0.7575 -0.6474 12.31 
0.410 2 2 2 -4.0 -4.0 -0.440 -0.559 -0.7723 -0.6474 12.31 
0.411 2 2 2 -4.0 -4.0 -0.459 -0.588 -0.7723 -0.6924 12.31 
0.412 2 2 2 -4.0 -4.0 -0.451 -0.547 -0.7872 -0.6474 12.31 
0.413 2 2 2 -4.0 -4.0 -0.406 -0.525 -0.7872 -0.6804 12.31 
0.414 2 2 2 -4.0 -4.0 -0.414 -0.494 -0.7872 -0.7044 12.31 
0.415 2 2 2 -4.0 -4.0 -0.403 -0.486 -0.8032 -0.7044 12.31 
0.416 2 2 2 -4.0 -4.0 -0.397 -0.534 -0.8193 -0.7302 12.32 
0.417 2 2 2 -4.0 -4.0 -0.393 -0.464 -0.8366 -0.7434 12.32 
0.418 2 2 2 -4.0 -4.0 -0.393 -0.442 -0.8543 -0.7575 12.31 
0.419 2 2 2 -4.0 -4.0 -0.402 -0.418 -0.8543 -0.7723 12.31 
0.420 2 2 2 -4.0 -4.0 -0.385 -0.451 -0.8543 -0.7723 12.32 
0.421 2 2 2 -4.0 -4.0 -0.364 -0.418 -0.8543 -0.7872 12.33 
0.422 2 2 2 -4.0 -4.0 -0.368 -0.361 -0.8727 -0.8032 12.32 
0.423 2 2 2 -4.0 -4.0 -0.337 -0.336 -0.8924 -0.8366 12.33 
0.424 2 2 2 -4.0 -4.0 -0.327 -0.381 -0.8924 -0.8366 12.33 
0.425 2 2 2 -4.0 -4.0 -0.323 -0.377 -0.9125 -0.8193 12.33 
0.426 2 2 2 -4.0 -4.0 -0.357 -0.350 -0.9338 -0.8193 12.32 
0.427 2 2 2 -4.0 -4.0 -0.349 -0.357 -0.9338 -0.8366 12.32 
0.428 2 2 2 -4.0 -4.0 -0.321 -0.379 -0.9559 -0.8543 12.33 
0.429 2 2 2 -4.0 -4.0 -0.307 -0.371 -0.9559 -0.8543 12.32 
0.430 2 2 2 -4.0 -4.0 -0.296 -0.334 -0.9796 -0.8727 12.33 
0.431 2 2 2 -4.0 -4.0 -0.281 -0.327 -0.9796 -0.8727 12.33 
0.432 2 2 2 -4.0 -4.0 -0.273 -0.373 -0.9796 -0.8366 12.33 
0.433 2 2 2 -4.0 -4.0 -0.306 -0.369 -0.9796 -0.8727 12.33 
0.434 2 2 2 -4.0 -4.0 -0.300 -0.348 -0.9796 -0.8193 12.33 
0.435 2 2 2 -4.0 -4.0 -0.271 -0.361 -0.9796 -0.8924 12.33 
0.436 2 2 2 -4.0 -4.0 -0.279 -0.371 -1.0041 -0.8543 12.32 
0.437 2 2 2 -4.0 -4.0 -0.282 -0.357 -1.0041 -0.8924 12.33 
0.438 2 2 2 -4.0 -4.0 -0.265 -0.325 -1.0298 -0.9125 12.33 
0.439 2 2 2 -4.0 -4.0 -0.262 -0.342 -1.0567 -0.9338 12.32 
0.440 2 2 2 -4.0 -4.0 -0.268 -0.327 -1.0567 -0.9338 12.32 
0.441 2 2 2 -4.0 -4.0 -0.263 -0.304 -1.0567 -0.9559 12.33 
0.442 2 2 2 -4.0 -4.0 -0.242 -0.282 -1.0567 -0.9338 12.33 
0.443 2 2 2 -4.0 -4.0 -0.243 -0.293 -1.0567 -0.9559 12.33 
0.444 2 2 2 -4.0 -4.0 -0.228 -0.290 -1.0567 -0.9796 12.34 
0.445 2 2 2 -4.0 -4.0 -0.233 -0.245 -1.0567 -0.9796 12.33 
0.446 2 2 2 -4.0 -4.0 -0.254 -0.277 -1.0852 -0.9796 12.33 
0.447 2 2 2 -4.0 -4.0 -0.262 -0.257 -1.0852 -0.9796 12.33 
0.448 2 2 2 -4.0 -4.0 -0.231 -0.233 -1.0852 -0.9796 12.33 
0.449 2 2 2 -4.0 -4.0 -0.242 -0.253 -1.0852 -1.0041 12.33 
0.450 2 2 2 -4.0 -4.0 -0.222 -0.268 -1.0852 -1.0041 12.33 
0.451 2 2 2 -4.0 -4.0 -0.203 -0.276 -1.0852 -1.0041 12.34 
0.452 2 2 2 -4.0 -4.0 -0.226 -0.251 -1.1153 -1.0041 12.33 
0.453 2 2 2 -4.0 -4.0 -0.232 -0.278 -1.1153 -0.9796 12.33 
0.454 2 2 2 -4.0 -4.0 -0.206 -0.246 -1.1153 -1.0041 12.34 
0.455 2 2 2 -4.0 -4.0 -0.231 -0.227 -1.0852 -1.0041 12.34 
0.456 2 2 2 -4.0 -4.0 -0.235 -0.258 -1.1153 -1.0041 12.34 
0.457 2 2 2 -4.0 -4.0 -0.203 -0.281 -1.1153 -1.0298 12.35 
0.458 2 2 2 -4.0 -4.0 -0.218 -0.265 -1.1474 -1.0298 12.34 
0.459 2 2 2 -4.0 -4.0 -0.216 -0.263 -1.1474 -1.0298 12.34 
0.460 2 2 2 -4.0 -4.0 -0.197 -0.245 -1.1474 -1.0298 12.34 
0.461 2 2 2 -4.0 -4.0 -0.197 -0.205 -1.1474 -1.0298 12.34 
0.462 2 2 2 -4.0 -4.0 -0.191 -0.217 -1.1474 -1.0298 12.34 
0.463 2 2 2 -4.0 -4.0 -0.167 -0.225 -1.1474 -1.0567 12.34 
0.464 2 2 2 -4.0 -4.0 -0.206 -0.233 -1.1812 -1.0567 12.34 
0.465 2 2 2 -4.0 -4.0 -0.201 -0.193 -1.1812 -1.0567 12.34 
0.466 2 2 2 -4.0 -4.0 -0.185 -0.188 -1.1474 -1.0567 12.34 
0.467 2 2 2 -4.0 -4.0 -0.195 -0.174 -1.1812 -1.0567 12.33 
0.468 2 2 2 -4.0 -4.0 -0.178 -0.184 -1.1812 -1.0567 12.34 
0.469 2 2 2 -4.0 -4.0 -0.173 -0.236 -1.1812 -1.0852 12.34 
0.470 2 2 2 -4.0 -4.0 -0.205 -0.236 -1.1812 -1.0852 12.34 
0.471 2 2 2 -4.0 -4.0 -0.188 -0.213 -1.1812 -1.0852 12.34 
0.472 2 2 2 -4.0 -4.0 -0.185 -0.217 -1.1812 -1.0567 12.34 
0.473 2 2 2 -4.0 -4.0 -0.191 -0.190 -1.1474 -1.0852 12.34 
0.474 2 2 2 -4.0 -4.0 -0.179 -0.196 -1.1812 -1.1153 12.34 
0.475 2 2 2 -4.0 -4.0 -0.185 -0.236 -1.2169 -1.0852 12.34 
0.476 2 2 2 -4.0 -4.0 -0.193 -0.247 -1.1812 -1.0852 12.34 
0.477 2 2 2 -4.0 -4.0 -0.171 -0.216 -1.1812 -1.1153 12.34 
0.478 2 2 2 -4.0 -4.0 -0.172 -0.201 -1.1812 -1.1153 12.35 
0.479 2 2 2 -4.0 -4.0 -0.173 -0.184 -1.1812 -1.1153 12.35 
0.480 2 2 2 -4.0 -4.0 -0.145 -0.166 -1.1812 -1.0567 12.35 
0.481 2 2 2 -4.0 -4.0 -0.186 -0.204 -1.2169 -1.1153 12.34 
0.482 2 2 2 -4.0 -4.0 -0.188 -0.214 -1.2169 -1.1153 12.34 
0.483 2 2 2 -4.0 -4.0 -0.151 -0.152 -1.2169 -1.1153 12.35 
0.484 2 2 2 -4.0 -4.0 -0.155 -0.165 -1.2169 -1.1153 12.34 
0.485 2 2 2 -4.0 -4.0 -0.148 -0.167 -1.2169 -1.1153 12.34 
0.486 2 2 2 -4.0 -4.0 -0.148 -0.160 -1.2169 -1.1153 12.35 
0.487 2 2 2 -4.0 -4.0 -0.178 -0.202 -1.2169 -1.0852 12.34 
0.488 2 2 2 -4.0 -4.0 -0.155 -0.207 -1.2169 -1.1153 12.34 
0.489 2 2 2 -4.0 -4.0 -0.163 -0.179 -1.2169 -1.1153 12.35 
0.490 2 2 2 -4.0 -4.0 -0.172 -0.199 -1.2169 -1.1474 12.35 
0.491 2 2 2 -4.0 -4.0 -0.145 -0.191 -1.2169 -1.1474 12.35 
0.492 2 2 2 -4.0 -4.0 -0.161 -0.167 -1.2551 -1.1474 12.35 
0.493 2 2 2 -4.0 -4.0 -0.170 -0.201 -1.2551 -1.1474 12.34 
0.494 2 2 2 -4.0 -4.0 -0.136 -0.202 -1.2551 -1.1474 12.35 
0.495 2 2 2 -4.0 -4.0 -0.143 -0.196 -1.2551 -1.1474 12.35 
0.496 2 2 2 -4.0 -4.0 -0.131 -0.194 -1.2169 -1.1474 12.35 
0.497 2 2 2 -4.0 -4.0 -0.145 -0.178 -1.2169 -1.1474 12.35 
0.498 2 2 2 -4.0 -4.0 -0.178 -0.167 -1.2551 -1.1153 12.35 
0.499 2 2 2 -4.0 -4.0 -0.151 -0.178 -1.2551 -1.1474 12.34 
0.500 2 2 2 -4.0 -4.0 -0.146 -0.156 -1.2169 -1.1474 12.35 
0.501 2 2 2 -4.0 -4.0 -0.136 -0.126 -1.2551 -1.1474 12.35 
0.502 2 2 2 -4.0 -4.0 -0.114 -0.140 -1.2551 -1.1474 12.34 
0.503 2 2 3 0.0 0.0 -0.151 -0.122 -1.2551 -1.1474 12.35 
0.504 2 2 3 0.0 0.0 0.039 -0.101 -1.2551 -1.1474 12.36 
0.505 2 2 3 0.0 0.0 0.430 0.162 -1.2551 -1.1474 12.37 
0.506 2 2 3 0.0 0.0 0.563 0.492 -1.2169 -1.1474 12.37 
0.507 2 2 3 0.0 0.0 0.740 0.734 -1.1812 -1.1153 12.37 
0.508 2 2 3 0.0 0.0 0.906 0.742 -1.0852 -1.0852 12.37 
0.509 2 2 3 0.0 0.0 0.800 0.774 -1.1153 -1.0298 12.37 
0.510 2 2 3 0.0 0.0 0.830 0.871 -1.0852 -1.0567 12.37 
0.511 2 2 3 0.0 0.0 0.917 0.730 -1.0567 -1.0041 12.37 
0.512 2 2 3 0.0 0.0 0.784 0.718 -1.0567 -0.9796 12.38 
0.513 2 2 3 0.0 0.0 0.752 0.818 -1.0041 -0.9559 12.37 
0.514 2 2 3 0.0 0.0 0.818 0.841 -0.9796 -0.9338 12.37 
0.515 2 2 3 0.0 0.0 0.745 0.693 -0.9559 -0.8727 12.37 
0.516 2 2 3 0.0 0.0 0.659 0.713 -0.9338 -0.8193 12.37 
0.517 2 2 3 0.0 0.0 0.713 0.765 -0.9125 -0.7872 12.37 
0.518 2 2 3 0.0 0.0 0.784 0.710 -0.7723 -0.8032 12.37 
0.519 2 2 3 0.0 0.0 0.746 0.591 -0.8193 -0.7872 12.37 
0.520 2 2 3 0.0 0.0 0.626 0.630 -0.7872 -0.7575 12.37 
0.521 2 2 3 0.0 0.0 0.655 0.677 -0.7575 -0.7434 12.37 
0.522 2 2 3 0.0 0.0 0.698 0.672 -0.7169 -0.7044 12.37 
0.523 2 2 3 0.0 0.0 0.700 0.570 -0.7044 -0.6691 12.37 
0.524 2 2 3 0.0 0.0 0.551 0.525 -0.6804 -0.6474 12.37 
0.525 2 2 3 0.0 0.0 0.527 0.575 -0.6583 -0.6474 12.37 
0.526 2 2 3 0.0 0.0 0.553 0.608 -0.6374 -0.6374 12.37 
0.527 2 2 3 0.0 0.0 0.599 0.601 -0.5992 -0.6177 12.37 
0.528 2 2 3 0.0 0.0 0.609 0.470 -0.6085 -0.5735 12.38 
0.529 2 2 3 0.0 0.0 0.472 0.440 -0.5575 -0.5735 12.38 
0.530 2 2 3 0.0 0.0 0.427 0.495 -0.5498 -0.5655 12.37 
0.531 2 2 3 0.0 0.0 0.461 0.529 -0.5575 -0.5354 12.37 
0.532 2 2 3 0.0 0.0 0.484 0.518 -0.5149 -0.5281 12.37 
0.533 2 2 3 0.0 0.0 0.500 0.483 -0.4956 -0.5020 12.37 
0.534 2 2 3 0.0 0.0 0.501 0.436 -0.4956 -0.4956 12.37 
0.535 2 2 3 0.0 0.0 0.455 0.360 -0.4723 -0.4615 12.37 
0.536 2 2 3 0.0 0.0 0.369 0.373 -0.4462 -0.4562 12.37 
0.537 2 2 3 0.0 0.0 0.355 0.407 -0.4269 -0.4410 12.37 
0.538 2 2 3 0.0 0.0 0.375 0.425 -0.3976 -0.3651 12.37 
0.539 2 2 3 0.0 0.0 0.393 0.438 -0.3860 -0.3582 12.37 
0.540 2 2 3 0.0 0.0 0.400 0.419 -0.3550 -0.4137 12.38 
0.541 2 2 3 0.0 0.0 0.398 0.383 -0.3462 -0.3896 12.38 
0.542 2 2 3 0.0 0.0 0.373 0.301 -0.3462 -0.3787 12.38 
0.543 2 2 3 0.0 0.0 0.351 0.294 -0.3462 -0.3213 12.38 
0.544 2 2 3 0.0 0.0 0.292 0.298 -0.3317 -0.3522 12.38 
0.545 2 2 3 0.0 0.0 0.238 0.339 -0.3265 -0.3161 12.38 
0.546 2 2 3 0.0 0.0 0.240 0.357 -0.2908 -0.3088 12.37 
0.547 2 2 3 0.0 0.0 0.257 0.365 -0.2908 -0.3088 12.37 
0.548 2 2 3 0.0 0.0 0.267 0.362 -0.2787 -0.2807 12.38 
0.549 2 2 3 0.0 0.0 0.271 0.326 -0.2659 -0.2767 12.38 
0.550 2 2 3 0.0 0.0 0.276 0.285 -0.2659 -0.2767 12.38 
0.551 2 2 3 0.0 0.0 0.271 0.232 -0.2510 -0.2446 12.37 
0.552 2 2 3 0.0 0.0 0.252 0.209 -0.2446 -0.2446 12.38 
0.553 2 2 3 0.0 0.0 0.230 0.167 -0.2169 -0.2446 12.37 
0.554 2 2 3 0.0 0.0 0.218 0.155 -0.2169 -0.2169 12.37 
0.555 2 2 3 0.0 0.0 0.213 0.163 -0.2169 -0.2157 12.37 
0.556 2 2 3 0.0 0.0 0.165 0.180 -0.2068 -0.2157 12.37 
0.557 2 2 3 0.0 0.0 0.138 0.198 -0.1976 -0.2157 12.37 
0.558 2 2 3 0.0 0.0 0.126 0.210 -0.1976 -0.1884 12.37 
0.559 2 2 3 0.0 0.0 0.120 0.210 -0.1868 -0.1876 12.37 
0.560 2 2 3 0.0 0.0 0.120 0.209 -0.1868 -0.1876 12.38 
0.561 2 2 3 0.0 0.0 0.126 0.201 -0.1643 -0.1783 12.37 
0.562 2 2 3 0.0 0.0 0.134 0.189 -0.1643 -0.1783 12.38 
0.563 2 2 3 0.0 0.0 0.138 0.171 -0.1643 -0.1474 12.38 
0.564 2 2 3 0.0 0.0 0.138 0.157 -0.1538 -0.1474 12.38 
0.565 2 2 3 0.0 0.0 0.146 0.151 -0.1538 -0.1474 12.38 
0.566 2 2 3 0.0 0.0 0.135 0.143 -0.1482 -0.1406 12.38 
0.567 2 2 3 0.0 0.0 0.137 0.136 -0.1281 -0.1406 12.38 
0.568 2 2 3 0.0 0.0 0.130 0.121 -0.1281 -0.1406 12.38 
0.569 2 2 3 0.0 0.0 0.126 0.116 -0.1281 -0.1265 12.37 
0.570 2 2 3 0.0 0.0 0.122 0.111 -0.1121 -0.1141 12.38 
0.571 2 2 3 0.0 0.0 0.113 0.099 -0.1056 -0.1141 12.38 
0.572 2 2 3 0.0 0.0 0.103 0.088 -0.1056 -0.1141 12.38 
0.573 2 2 3 0.0 0.0 0.095 0.074 -0.1056 -0.1096 12.38 
0.574 2 2 3 0.0 0.0 0.088 0.080 -0.1056 -0.1092 12.38 
0.575 2 2 3 0.0 0.0 0.086 0.083 -0.0839 -0.1092 12.38 
0.576 2 2 3 0.0 0.0 0.079 0.088 -0.0751 -0.1092 12.38 
0.577 2 2 3 0.0 0.0 0.069 0.078 -0.0751 -0.1004 12.38 
0.578 2 2 3 0.0 0.0 0.075 0.080 -0.0751 -0.0843 12.38 
0.579 2 2 3 0.0 0.0 0.073 0.065 -0.0751 -0.0843 12.38 
0.580 2 2 3 0.0 0.0 0.065 0.065 -0.0751 -0.0843 12.37 
0.581 2 2 3 0.0 0.0 0.059 0.065 -0.0735 -0.0843 12.38 
0.582 2 2 3 0.0 0.0 0.050 0.062 -0.0623 -0.0843 12.38 
0.583 2 2 3 0.0 0.0 0.050 0.053 -0.0538 -0.0763 12.37 
0.584 2 2 3 0.0 0.0 0.054 0.054 -0.0510 -0.0643 12.38 
0.585 2 2 3 0.0 0.0 0.046 0.048 -0.0510 -0.0550 12.38 
0.586 2 2 3 0.0 0.0 0.048 0.047 -0.0510 -0.0542 12.38 
0.587 2 2 3 0.0 0.0 0.039 0.039 -0.0510 -0.0542 12.38 
0.588 2 2 3 0.0 0.0 0.035 0.029 -0.0510 -0.0542 12.38 
0.589 2 2 3 0.0 0.0 0.036 0.034 -0.0510 -0.0542 12.38 
0.590 2 2 3 0.0 0.0 0.039 0.027 -0.0510 -0.0542 12.38 
0.591 2 2 3 0.0 0.0 0.038 0.027 -0.0510 -0.0542 12.38 
0.592 2 2 3 0.0 0.0 0.036 0.025 -0.0466 -0.0542 12.38 
0.593 2 2 3 0.0 0.0 0.028 0.018 -0.0418 -0.0510 12.37 
0.594 2 2 3 0.0 0.0 0.028 0.023 -0.0378 -0.0450 12.37 
0.595 2 2 3 0.0 0.0 0.030 0.029 -0.0357 -0.0406 12.38 
0.596 2 2 3 0.0 0.0 0.027 0.016 -0.0357 -0.0369 12.37 
0.597 2 2 3 0.0 0.0 0.024 0.014 -0.0357 -0.0337 12.37 
0.598 2 2 3 0.0 0.0 0.020 0.012 -0.0357 -0.0309 12.38 
0.599 2 2 3 0.0 0.0 0.016 0.005 -0.0357 -0.0289 12.39 
0.600 2 2 3 0.0 0.0 0.016 0.000 -0.0357 -0.0269 12.38 
0.601 2 2 3 0.0 0.0 0.016 -0.001 -0.0357 -0.0253 12.38 
0.602 2 2 3 0.0 0.0 0.005 -0.002 -0.0357 -0.0237 12.38 
0.603 2 2 3 0.0 0.0 0.008 0.004 -0.0357 -0.0221 12.38 
0.604 2 2 3 0.0 0.0 0.012 0.002 -0.0357 -0.0213 12.38 
0.605 2 2 3 0.0 0.0 0.009 0.004 -0.0357 -0.0201 12.38 
0.606 2 2 3 0.0 0.0 0.009 0.000 -0.0349 -0.0189 12.38 
0.607 2 2 3 0.0 0.0 0.006 -0.011 -0.0321 -0.0181 12.38 
0.608 2 2 3 0.0 0.0 0.005 -0.005 -0.0297 -0.0173 12.38 
0.609 2 2 3 0.0 0.0 -0.003 0.000 -0.0277 -0.0165 12.38 
0.610 2 2 3 0.0 0.0 -0.000 -0.000 -0.0257 -0.0161 12.38 
0.611 2 2 3 0.0 0.0 0.002 0.000 -0.0241 -0.0153 12.38 
0.612 2 2 3 0.0 0.0 0.002 -0.004 -0.0229 -0.0149 12.38 
0.613 2 2 3 0.0 0.0 0.005 -0.003 -0.0217 -0.0141 12.38 
0.614 2 2 3 0.0 0.0 0.001 -0.007 -0.0205 -0.0137 12.37 
0.615 2 2 3 0.0 0.0 -0.001 -0.007 -0.0193 -0.0133 12.37 
0.616 2 2 3 0.0 0.0 0.001 0.003 -0.0185 -0.0129 12.38 
0.617 2 2 3 0.0 0.0 0.003 0.004 -0.0177 -0.0125 12.38 
0.618 2 2 3 0.0 0.0 0.001 0.008 -0.0169 -0.0120 12.38 
0.619 2 2 3 0.0 0.0 -0.000 -0.001 -0.0161 -0.0116 12.38 
0.620 2 2 3 0.0 0.0 -0.000 -0.002 -0.0157 -0.0112 12.38 
0.621 2 2 3 0.0 0.0 0.002 0.005 -0.0149 -0.0108 12.38 
0.622 2 2 3 0.0 0.0 -0.002 0.000 -0.0145 -0.0108 12.38 
0.623 2 2 3 0.0 0.0 0.002 -0.006 -0.0141 -0.0104 12.38 
0.624 2 2 3 0.0 0.0 -0.001 0.004 -0.0133 -0.0100 12.38 
0.625 2 2 3 0.0 0.0 -0.003 0.000 -0.0129 -0.0100 12.38 
0.626 2 2 3 0.0 0.0 -0.003 0.000 -0.0125 -0.0096 12.38 
0.627 2 2 3 0.0 0.0 0.001 -0.001 -0.0120 -0.0092 12.38 
0.628 2 2 3 0.0 0.0 -0.003 -0.007 -0.0116 -0.0092 12.38 
0.629 2 2 3 0.0 0.0 -0.007 -0.007 -0.0116 -0.0088 12.38 
0.630 2 2 3 0.0 0.0 -0.003 0.004 -0.0112 -0.0088 12.38 
0.631 2 2 3 0.0 0.0 0.001 0.007 -0.0108 -0.0084 12.37 
0.632 2 2 3 0.0 0.0 0.001 -0.000 -0.0104 -0.0084 12.38 
0.633 2 2 3 0.0 0.0 0.003 0.000 -0.0104 -0.0080 12.38 
0.634 2 2 3 0.0 0.0 0.005 -0.003 -0.0100 -0.0080 12.38 
0.635 2 2 3 0.0 0.0 -0.005 0.001 -0.0096 -0.0080 12.38 
0.636 2 2 3 0.0 0.0 0.004 -0.001 -0.0096 -0.0076 12.38 
0.637 2 2 3 0.0 0.0 0.003 -0.003 -0.0092 -0.0076 12.38 
0.638 2 2 3 0.0 0.0 -0.001 -0.004 -0.0092 -0.0072 12.39 
0.639 2 2 3 0.0 0.0 0.002 0.010 -0.0088 -0.0072 12.38 
0.640 2 2 3 0.0 0.0 0.006 0.009 -0.0088 -0.0072 12.38 
0.641 2 2 3 0.0 0.0 0.013 0.000 -0.0084 -0.0068 12.38 
0.642 2 2 3 0.0 0.0 0.007 -0.003 -0.0084 -0.0068 12.38 
0.643 2 2 3 0.0 0.0 0.006 -0.006 -0.0080 -0.0068 12.38 
0.644 2 2 3 0.0 0.0 0.008 -0.002 -0.0080 -0.0064 12.38 
0.645 2 2 3 0.0 0.0 0.011 -0.010 -0.0076 -0.0064 12.38 
0.646 2 2 3 0.0 0.0 0.001 0.007 -0.0076 -0.0064 12.38 
0.647 2 2 3 0.0 0.0 -0.001 0.001 -0.0076 -0.0064 12.38 
0.648 2 2 3 0.0 0.0 0.007 0.003 -0.0072 -0.0060 12.38 
0.649 2 2 3 0.0 0.0 0.002 -0.004 -0.0072 -0.0060 12.38 
0.650 2 2 3 0.0 0.0 -0.003 -0.004 -0.0072 -0.0060 12.38 
0.651 2 2 3 0.0 0.0 -0.000 -0.001 -0.0068 -0.0060 12.38 
0.652 2 2 3 0.0 0.0 0.005 -0.011 -0.0068 -0.0056 12.38 
0.653 2 2 3 0.0 0.0 0.005 -0.014 -0.0068 -0.0056 12.38 
0.654 2 2 3 0.0 0.0 -0.001 0.001 -0.0064 -0.0056 12.38 
0.655 2 2 3 0.0 0.0 -0.001 0.001 -0.0064 -0.0056 12.38 
0.656 2 2 3 0.0 0.0 0.004 0.004 -0.0064 -0.0056 12.39 
0.657 2 2 3 0.0 0.0 0.007 -0.009 -0.0064 -0.0052 12.39 
0.658 2 2 3 0.0 0.0 0.005 -0.011 -0.0060 -0.0052 12.39 
0.659 2 2 3 0.0 0.0 0.006 -0.011 -0.0060 -0.0052 12.39 
0.660 2 2 3 0.0 0.0 0.008 -0.014 -0.0060 -0.0052 12.38 
0.661 2 2 3 0.0 0.0 0.005 -0.002 -0.0060 -0.0052 12.38 
0.662 2 2 3 0.0 0.0 0.003 -0.000 -0.0056 -0.0052 12.38 
0.663 2 2 3 0.0 0.0 0.011 -0.003 -0.0056 -0.0048 12.38 
0.664 2 2 3 0.0 0.0 0.005 0.002 -0.0056 -0.0048 12.38 
0.665 2 2 3 0.0 0.0 -0.003 0.009 -0.0056 -0.0048 12.38 
