%% logfile from robot Astrid (41)
% Astrid (41)
%  1    time 0.000 sec
%  2  3  4   (mission 0), state 2, thread 19, line 0
%  5  6 Motor voltage [V] left, right: 1.6 1.6
%  7  8 Motor current left, right [A]: 0.069 0.061
%  9 10 Wheel velocity [m/s] left, right: 0.0000 0.0000
% 11    Battery voltage [V]: 11.26
0.001 2 19 0 1.6 1.6 0.110 0.092 0.0000 0.0000 11.26 
0.002 2 19 0 1.6 1.6 0.249 0.241 0.0000 0.0000 11.26 
0.003 2 19 0 1.6 1.6 0.329 0.298 0.0000 0.0000 11.25 
0.004 2 19 0 1.6 1.6 0.383 0.339 0.0000 0.0000 11.24 
0.005 2 19 0 1.6 1.6 0.371 0.325 0.0000 0.0000 11.25 
0.006 2 19 0 1.6 1.6 0.397 0.386 0.0000 0.0000 11.26 
0.007 2 19 0 1.6 1.6 0.346 0.347 0.0000 0.0000 11.26 
0.008 2 19 0 1.6 1.6 0.363 0.352 0.0000 0.0000 11.26 
0.009 2 19 0 1.6 1.6 0.374 0.352 0.0000 0.0000 11.26 
0.010 2 19 0 1.6 1.6 0.360 0.304 0.0000 0.0000 11.25 
0.011 2 19 0 1.6 1.6 0.322 0.311 0.0000 0.0000 11.26 
0.012 2 19 0 1.6 1.6 0.306 0.296 0.0000 0.0000 11.26 
0.013 2 19 0 1.6 1.6 0.302 0.270 0.0682 0.1132 11.26 
0.014 2 19 0 1.6 1.6 0.269 0.281 0.0682 0.1132 11.26 
0.015 2 19 0 1.6 1.6 0.292 0.246 0.0682 0.1132 11.26 
0.016 2 19 0 1.6 1.6 0.309 0.254 0.0682 0.1132 11.26 
0.017 2 19 0 1.6 1.6 0.306 0.287 0.0921 0.1132 11.26 
0.018 2 19 0 1.6 1.6 0.300 0.276 0.0921 0.1132 11.25 
0.019 2 19 0 1.6 1.6 0.295 0.264 0.0921 0.1708 11.25 
0.020 2 19 0 1.6 1.6 0.321 0.238 0.0921 0.1708 11.25 
0.021 2 19 0 1.6 1.6 0.308 0.237 0.1071 0.1708 11.25 
0.022 2 19 0 1.6 1.6 0.289 0.236 0.1071 0.1785 11.26 
0.023 2 19 0 1.6 1.6 0.274 0.237 0.1071 0.1785 11.26 
0.024 2 19 0 1.6 1.6 0.292 0.239 0.1193 0.1976 11.26 
0.025 2 19 0 1.6 1.6 0.295 0.214 0.1193 0.1976 11.26 
0.026 2 19 0 1.6 1.6 0.287 0.231 0.1193 0.1639 11.25 
0.027 2 19 0 1.6 1.6 0.265 0.215 0.1379 0.1639 11.25 
0.028 2 19 0 1.6 1.6 0.301 0.207 0.1379 0.2069 11.25 
0.029 2 19 0 1.6 1.6 0.265 0.199 0.1379 0.2069 11.26 
0.030 2 19 0 1.6 1.6 0.253 0.177 0.1485 0.1968 11.25 
0.031 2 19 0 1.6 1.6 0.239 0.189 0.1485 0.1968 11.25 
0.032 2 19 0 1.6 1.6 0.250 0.180 0.1753 0.2264 11.25 
0.033 2 19 0 1.6 1.6 0.253 0.125 0.1753 0.2264 11.26 
0.034 2 19 0 1.6 1.6 0.260 0.159 0.1911 0.1996 11.26 
0.035 2 19 0 1.6 1.6 0.264 0.145 0.1911 0.1996 11.26 
0.036 2 19 0 1.6 1.6 0.236 0.138 0.1988 0.2414 11.26 
0.037 2 19 0 1.6 1.6 0.218 0.149 0.1988 0.2179 11.26 
0.038 2 19 0 1.6 1.6 0.222 0.200 0.2037 0.2179 11.26 
0.039 2 19 0 1.6 1.6 0.204 0.193 0.2037 0.2564 11.26 
0.040 2 19 0 1.6 1.6 0.205 0.184 0.2146 0.2564 11.26 
0.041 2 19 0 1.6 1.6 0.230 0.215 0.2146 0.2276 11.26 
0.042 2 19 0 1.6 1.6 0.217 0.177 0.2304 0.2564 11.25 
0.043 2 19 0 1.6 1.6 0.226 0.160 0.2304 0.2564 11.26 
0.044 2 19 0 1.6 1.6 0.196 0.154 0.2276 0.2203 11.26 
0.045 2 19 0 1.6 1.6 0.158 0.127 0.2276 0.2203 11.25 
0.046 2 19 0 1.6 1.6 0.157 0.137 0.2345 0.2702 11.26 
0.047 2 19 0 1.6 1.6 0.184 0.152 0.2519 0.2458 11.26 
0.048 2 19 0 1.6 1.6 0.201 0.140 0.2519 0.2458 11.25 
0.049 2 19 0 1.6 1.6 0.213 0.151 0.2536 0.2836 11.25 
0.050 2 19 0 1.6 1.6 0.218 0.146 0.2665 0.2503 11.25 
0.051 2 19 0 1.6 1.6 0.228 0.153 0.2665 0.2503 11.26 
0.052 2 19 0 1.6 1.6 0.187 0.125 0.2738 0.2957 11.26 
0.053 2 19 0 1.6 1.6 0.168 0.132 0.2815 0.2795 11.26 
0.054 2 19 0 1.6 1.6 0.188 0.111 0.2815 0.2795 11.26 
0.055 2 19 0 1.6 1.6 0.163 0.127 0.2775 0.2897 11.26 
0.056 2 19 0 1.6 1.6 0.167 0.117 0.2836 0.2503 11.26 
0.057 2 19 0 1.6 1.6 0.156 0.125 0.3095 0.2503 11.26 
0.058 2 19 0 1.6 1.6 0.162 0.119 0.3095 0.2917 11.26 
0.059 2 19 0 1.6 1.6 0.167 0.110 0.3026 0.2316 11.26 
0.060 2 19 0 1.6 1.6 0.173 0.094 0.2937 0.2316 11.26 
0.061 2 19 0 1.6 1.6 0.171 0.063 0.2937 0.2937 11.26 
0.062 2 19 0 1.6 1.6 0.143 0.125 0.3095 0.2815 11.26 
0.063 2 19 0 1.6 1.6 0.120 0.140 0.3298 0.2815 11.26 
0.064 2 19 0 1.6 1.6 0.131 0.137 0.3193 0.2982 11.26 
0.065 2 19 0 1.6 1.6 0.119 0.137 0.3245 0.2316 11.26 
0.066 2 19 0 1.6 1.6 0.117 0.132 0.3245 0.2316 11.26 
0.067 2 19 0 1.6 1.6 0.130 0.135 0.3193 0.2957 11.26 
0.068 2 19 0 1.6 1.6 0.115 0.135 0.3298 0.3193 11.26 
0.069 2 19 0 1.6 1.6 0.106 0.142 0.3323 0.3047 11.26 
0.070 2 19 0 1.6 1.6 0.119 0.124 0.3465 0.3047 11.26 
0.071 2 19 0 1.6 1.6 0.147 0.128 0.3379 0.2414 11.26 
0.072 2 19 0 1.6 1.6 0.147 0.103 0.3379 0.3095 11.26 
0.073 2 19 0 1.6 1.6 0.124 0.106 0.3497 0.3095 11.26 
0.074 2 19 0 1.6 1.6 0.115 0.156 0.3497 0.2856 11.26 
0.075 2 19 0 1.6 1.6 0.105 0.139 0.3071 0.3193 11.26 
0.076 2 19 0 1.6 1.6 0.131 0.088 0.3436 0.2665 11.26 
0.077 2 19 0 1.6 1.6 0.091 0.125 0.3899 0.2649 11.26 
0.078 2 19 0 1.6 1.6 0.128 0.128 0.3586 0.3120 11.26 
0.079 2 19 0 1.6 1.6 0.124 0.085 0.3525 0.2738 11.26 
0.080 2 19 0 1.6 1.6 0.159 0.098 0.3298 0.2738 11.26 
0.081 2 19 0 1.6 1.6 0.139 0.090 0.3586 0.3193 11.26 
0.082 2 19 0 1.6 1.6 0.106 0.095 0.3651 0.3217 11.25 
0.083 2 19 0 1.6 1.6 0.105 0.073 0.3688 0.3217 11.26 
0.084 2 19 0 1.6 1.6 0.106 0.070 0.3586 0.2917 11.26 
0.085 2 19 0 1.6 1.6 0.120 0.112 0.3586 0.2917 11.25 
0.086 2 19 0 1.6 1.6 0.123 0.145 0.3586 0.3270 11.26 
0.087 2 19 0 1.6 1.6 0.112 0.132 0.3651 0.2414 11.26 
0.088 2 19 0 1.6 1.6 0.106 0.151 0.3651 0.2414 11.26 
0.089 2 19 0 1.6 1.6 0.146 0.127 0.3651 0.3298 11.26 
0.090 2 19 0 1.6 1.6 0.152 0.122 0.3619 0.3525 11.26 
0.091 2 19 0 1.6 1.6 0.142 0.115 0.3586 0.3323 11.26 
0.092 2 19 0 1.6 1.6 0.120 0.101 0.3688 0.2686 11.26 
0.093 2 19 0 1.6 1.6 0.082 0.102 0.3586 0.2600 11.25 
0.094 2 19 0 1.6 1.6 0.093 0.092 0.3586 0.3379 11.26 
0.095 2 19 0 1.6 1.6 0.130 0.083 0.3408 0.3217 11.26 
0.096 2 19 0 1.6 1.6 0.126 0.097 0.3619 0.3465 11.26 
0.097 2 19 0 1.6 1.6 0.118 0.083 0.3619 0.3071 11.26 
0.098 2 19 0 1.6 1.6 0.154 0.090 0.3720 0.2775 11.26 
0.099 2 19 0 1.6 1.6 0.112 0.075 0.3619 0.3379 11.26 
0.100 2 19 0 1.6 1.6 0.097 0.074 0.3586 0.3095 11.26 
0.101 2 19 0 1.6 1.6 0.138 0.094 0.3688 0.3436 11.26 
0.102 2 19 0 1.6 1.6 0.112 0.102 0.3826 0.3436 11.26 
0.103 2 19 0 1.6 1.6 0.086 0.053 0.3651 0.2897 11.26 
0.104 2 19 0 1.6 1.6 0.135 0.095 0.3619 0.3436 11.26 
0.105 2 19 0 1.6 1.6 0.127 0.104 0.3753 0.3002 11.26 
0.106 2 19 0 1.6 1.6 0.130 0.112 0.3651 0.3497 11.26 
0.107 2 19 0 1.6 1.6 0.157 0.094 0.3789 0.3497 11.24 
0.108 2 19 0 1.6 1.6 0.148 0.077 0.3789 0.3071 11.25 
0.109 2 19 0 1.6 1.6 0.125 0.106 0.3753 0.3408 11.25 
0.110 2 19 0 1.6 1.6 0.101 0.094 0.3862 0.2876 11.26 
0.111 2 19 0 1.6 1.6 0.082 0.079 0.3789 0.3497 11.26 
0.112 2 19 0 1.6 1.6 0.097 0.076 0.3789 0.3497 11.25 
0.113 2 19 0 1.6 1.6 0.112 0.060 0.4057 0.3095 11.26 
0.114 2 19 0 1.6 1.6 0.127 0.089 0.3899 0.3497 11.26 
0.115 2 19 0 1.6 1.6 0.120 0.105 0.3720 0.3047 11.26 
0.116 2 19 0 1.6 1.6 0.127 0.094 0.3899 0.3586 11.25 
0.117 2 19 0 1.6 1.6 0.135 0.094 0.4016 0.3586 11.25 
0.118 2 19 0 1.6 1.6 0.091 0.087 0.3976 0.3379 11.25 
0.119 2 19 0 1.6 1.6 0.083 0.069 0.4016 0.3497 11.26 
0.120 2 19 0 1.6 1.6 0.056 0.037 0.3899 0.3002 11.26 
0.121 2 19 0 1.6 1.6 0.087 0.081 0.3976 0.3465 11.26 
0.122 2 19 0 1.6 1.6 0.075 0.036 0.4057 0.3408 11.26 
0.123 2 19 0 1.6 1.6 0.111 0.037 0.4097 0.2759 11.26 
0.124 2 19 0 1.6 1.6 0.119 0.061 0.4016 0.3465 11.26 
0.125 2 19 0 1.6 1.6 0.117 0.072 0.4097 0.3298 11.26 
0.126 2 19 0 1.6 1.6 0.101 0.081 0.4097 0.3497 11.26 
0.127 2 19 0 1.6 1.6 0.095 0.113 0.3619 0.3497 11.26 
0.128 2 19 0 1.6 1.6 0.075 0.091 0.3976 0.2702 11.26 
0.129 2 19 0 1.6 1.6 0.081 0.074 0.4268 0.3436 11.26 
0.130 2 19 0 1.6 1.6 0.072 0.033 0.4223 0.3688 11.26 
0.131 2 19 0 1.6 1.6 0.085 0.087 0.3753 0.3465 11.26 
0.132 2 19 0 1.6 1.6 0.155 0.076 0.3935 0.3351 11.26 
0.133 2 19 0 1.6 1.6 0.113 0.087 0.4057 0.2759 11.25 
0.134 2 19 0 1.6 1.6 0.112 0.080 0.4097 0.3465 11.25 
0.135 2 19 0 1.6 1.6 0.115 0.075 0.4097 0.3193 11.26 
0.136 2 19 0 1.6 1.6 0.082 0.071 0.4057 0.3586 11.25 
0.137 2 19 0 1.6 1.6 0.102 0.067 0.4016 0.3465 11.26 
0.138 2 19 0 1.6 1.6 0.120 0.041 0.4057 0.2957 11.26 
0.139 2 19 0 1.6 1.6 0.110 0.073 0.4057 0.3436 11.26 
0.140 2 19 0 1.6 1.6 0.131 0.073 0.4057 0.3047 11.25 
0.141 2 19 0 1.6 1.6 0.136 0.083 0.3976 0.3558 11.25 
0.142 2 19 0 1.6 1.6 0.106 0.039 0.4057 0.3525 11.25 
0.143 2 19 0 1.6 1.6 0.125 0.045 0.3976 0.3525 11.26 
0.144 2 19 0 1.6 1.6 0.112 0.040 0.3976 0.3525 11.26 
0.145 2 19 0 1.6 1.6 0.101 0.057 0.3753 0.3144 11.26 
0.146 2 19 0 1.6 1.6 0.085 0.075 0.4016 0.3586 11.26 
0.147 2 19 0 1.6 1.6 0.104 0.035 0.4057 0.2836 11.26 
0.148 2 19 0 1.6 1.6 0.136 0.048 0.3976 0.2600 11.25 
0.149 2 19 0 1.6 1.6 0.144 0.043 0.3899 0.3586 11.23 
0.150 2 19 0 1.6 1.6 0.082 0.055 0.3976 0.3789 11.25 
0.151 2 19 0 1.6 1.6 0.088 0.041 0.4097 0.3558 11.25 
0.152 2 19 0 1.6 1.6 0.081 0.033 0.3935 0.2795 11.25 
0.153 2 19 0 1.6 1.6 0.086 0.065 0.3899 0.2795 11.25 
0.154 2 19 0 1.6 1.6 0.062 0.087 0.4057 0.3586 11.26 
0.155 2 19 0 1.6 1.6 0.087 0.106 0.3935 0.3465 11.26 
0.156 2 19 0 1.6 1.6 0.130 0.079 0.4016 0.3651 11.26 
0.157 2 19 0 1.6 1.6 0.126 0.088 0.4057 0.2957 11.26 
0.158 2 19 0 1.6 1.6 0.115 0.051 0.4097 0.3586 11.26 
0.159 2 19 0 1.6 1.6 0.067 0.019 0.4016 0.3465 11.26 
0.160 2 19 0 1.6 1.6 0.092 0.045 0.4016 0.3270 11.25 
0.161 2 19 0 1.6 1.6 0.056 0.028 0.4138 0.3586 11.25 
0.162 2 19 0 1.6 1.6 0.094 0.026 0.4138 0.3071 11.26 
0.163 2 19 0 1.6 1.6 0.078 0.044 0.3899 0.3586 11.26 
0.164 2 19 0 1.6 1.6 0.118 0.062 0.4016 0.3144 11.26 
0.165 2 19 0 1.6 1.6 0.108 0.076 0.4179 0.3144 11.25 
0.166 2 19 0 1.6 1.6 0.096 0.074 0.4179 0.3688 11.26 
0.167 2 19 0 1.6 1.6 0.094 0.076 0.4179 0.3193 11.27 
0.168 2 19 0 1.6 1.6 0.072 0.060 0.4138 0.3586 11.24 
0.169 2 19 0 1.6 1.6 0.059 0.072 0.4179 0.3002 11.25 
0.170 2 19 0 1.6 1.6 0.082 0.065 0.4179 0.3651 11.25 
0.171 2 19 0 1.6 1.6 0.079 0.060 0.4223 0.3651 11.26 
0.172 2 19 0 1.6 1.6 0.105 0.064 0.4223 0.3217 11.25 
0.173 2 19 0 1.6 1.6 0.114 0.064 0.4268 0.3651 11.24 
0.174 2 19 0 1.6 1.6 0.112 0.103 0.4268 0.3144 11.25 
0.175 2 19 0 1.6 1.6 0.079 0.048 0.3753 0.3720 11.25 
0.176 2 19 0 1.6 1.6 0.049 0.059 0.3976 0.3525 11.24 
0.177 2 19 0 1.6 1.6 0.097 0.075 0.4312 0.3619 11.25 
0.178 2 19 0 1.6 1.6 0.068 -0.001 0.4312 0.3619 11.25 
0.179 2 19 0 1.6 1.6 0.140 0.029 0.3899 0.3120 11.26 
0.180 2 19 0 1.6 1.6 0.134 0.033 0.4057 0.3586 11.26 
0.181 2 19 0 1.6 1.6 0.112 0.033 0.4179 0.2836 11.26 
0.182 2 19 0 1.6 1.6 0.056 0.040 0.4268 0.3586 11.26 
0.183 2 19 0 1.6 1.6 0.074 0.095 0.4223 0.3586 11.25 
0.184 2 19 0 1.6 1.6 0.087 0.093 0.4179 0.3408 11.26 
0.185 2 19 0 1.6 1.6 0.069 0.094 0.4223 0.3586 11.26 
0.186 2 19 0 1.6 1.6 0.051 0.103 0.4179 0.2795 11.26 
0.187 2 19 0 1.6 1.6 0.048 0.078 0.4179 0.3558 11.25 
0.188 2 19 0 1.6 1.6 0.089 0.055 0.4057 0.3789 11.25 
0.189 2 19 0 1.6 1.6 0.133 0.052 0.4138 0.3619 11.25 
0.190 2 19 0 1.6 1.6 0.058 0.033 0.4057 0.3586 11.25 
0.191 2 19 0 1.6 1.6 0.001 0.052 0.4057 0.2815 11.25 
0.192 2 19 0 1.6 1.6 0.025 0.044 0.3862 0.3586 11.24 
0.193 2 19 0 1.6 1.6 0.051 0.081 0.3976 0.3298 11.25 
0.194 2 19 0 1.6 1.6 0.096 0.060 0.4057 0.3651 11.25 
0.195 2 19 0 1.6 1.6 0.078 0.071 0.4057 0.3651 11.26 
0.196 2 19 0 1.6 1.6 0.092 0.103 0.4016 0.3026 11.26 
0.197 2 19 0 1.6 1.6 0.097 0.087 0.4057 0.3558 11.26 
0.198 2 19 0 1.6 1.6 0.074 0.053 0.4179 0.3120 11.26 
0.199 2 19 0 1.6 1.6 0.063 0.033 0.4057 0.3619 11.26 
0.200 2 19 0 1.6 1.6 0.000 0.060 0.3935 0.3619 11.25 
0.201 2 19 1 4.0 4.0 0.070 0.060 0.4057 0.3619 11.27 
0.202 2 19 1 4.0 4.0 0.232 0.121 0.4016 0.3586 11.23 
0.203 2 19 1 4.0 4.0 0.568 0.358 0.4097 0.3270 11.20 
0.204 2 19 1 4.0 4.0 0.633 0.535 0.4179 0.3753 11.18 
0.205 2 19 1 4.0 4.0 0.610 0.643 0.4361 0.2937 11.18 
0.206 2 19 1 4.0 4.0 0.597 0.720 0.4507 0.3497 11.17 
0.207 2 19 1 4.0 4.0 0.634 0.696 0.4609 0.4057 11.16 
0.208 2 19 1 4.0 4.0 0.607 0.661 0.5071 0.4361 11.17 
0.209 2 19 1 4.0 4.0 0.656 0.638 0.5071 0.3862 11.15 
0.210 2 19 1 4.0 4.0 0.603 0.693 0.5266 0.4406 11.16 
0.211 2 19 1 4.0 4.0 0.540 0.667 0.5712 0.5071 11.18 
0.212 2 19 1 4.0 4.0 0.504 0.616 0.5793 0.4828 11.19 
0.213 2 19 1 4.0 4.0 0.531 0.545 0.5964 0.5266 11.19 
0.214 2 19 1 4.0 4.0 0.561 0.547 0.6146 0.5712 11.19 
0.215 2 19 1 4.0 4.0 0.603 0.552 0.6337 0.5481 11.18 
0.216 2 19 1 4.0 4.0 0.519 0.564 0.6540 0.5554 11.18 
0.217 2 19 1 4.0 4.0 0.485 0.468 0.6337 0.6146 11.18 
0.218 2 19 1 4.0 4.0 0.454 0.536 0.6994 0.6337 11.19 
0.219 2 19 1 4.0 4.0 0.423 0.509 0.7116 0.5964 11.20 
0.220 2 19 1 4.0 4.0 0.504 0.495 0.6872 0.6337 11.18 
0.221 2 19 1 4.0 4.0 0.405 0.524 0.7241 0.6759 11.18 
0.222 2 19 1 4.0 4.0 0.438 0.493 0.7241 0.6872 11.19 
0.223 2 19 1 4.0 4.0 0.420 0.414 0.7241 0.7241 11.21 
0.224 2 19 1 4.0 4.0 0.474 0.398 0.7375 0.7241 11.19 
0.225 2 19 1 4.0 4.0 0.432 0.411 0.7509 0.6649 11.20 
0.226 2 19 1 4.0 4.0 0.416 0.322 0.7651 0.7375 11.21 
0.227 2 19 1 4.0 4.0 0.382 0.378 0.7509 0.6872 11.21 
0.228 2 19 1 4.0 4.0 0.414 0.384 0.7951 0.7651 11.21 
0.229 2 19 1 4.0 4.0 0.372 0.424 0.7951 0.7116 11.21 
0.230 2 19 1 4.0 4.0 0.363 0.462 0.8276 0.7375 11.22 
0.231 2 19 1 4.0 4.0 0.330 0.366 0.8114 0.7651 11.21 
0.232 2 19 1 4.0 4.0 0.314 0.333 0.8276 0.7651 11.20 
0.233 2 19 1 4.0 4.0 0.330 0.300 0.8276 0.7801 11.21 
0.234 2 19 1 4.0 4.0 0.333 0.348 0.8450 0.8276 11.21 
0.235 2 19 1 4.0 4.0 0.295 0.320 0.8629 0.8114 11.21 
0.236 2 19 1 4.0 4.0 0.337 0.330 0.8629 0.7651 11.21 
0.237 2 19 1 4.0 4.0 0.328 0.323 0.8815 0.8276 11.21 
0.238 2 19 1 4.0 4.0 0.294 0.336 0.9014 0.7951 11.21 
0.239 2 19 1 4.0 4.0 0.249 0.320 0.9014 0.7651 11.22 
0.240 2 19 1 4.0 4.0 0.298 0.319 0.9014 0.8276 11.21 
0.241 2 19 1 4.0 4.0 0.284 0.250 0.9217 0.8276 11.22 
0.242 2 19 1 4.0 4.0 0.247 0.274 0.8815 0.8276 11.23 
0.243 2 19 1 4.0 4.0 0.249 0.272 0.9217 0.8629 11.22 
0.244 2 19 1 4.0 4.0 0.251 0.299 0.9217 0.8276 11.22 
0.245 2 19 1 4.0 4.0 0.262 0.258 0.9432 0.8629 11.22 
0.246 2 19 1 4.0 4.0 0.243 0.258 0.9432 0.8815 11.22 
0.247 2 19 1 4.0 4.0 0.306 0.248 0.9432 0.9217 11.22 
0.248 2 19 1 4.0 4.0 0.310 0.235 0.9432 0.9217 11.21 
0.249 2 19 1 4.0 4.0 0.244 0.224 0.9432 0.8815 11.22 
0.250 2 19 1 4.0 4.0 0.281 0.232 0.9432 0.9217 11.21 
0.251 2 19 1 4.0 4.0 0.247 0.263 0.9655 0.9217 11.22 
0.252 2 19 1 4.0 4.0 0.220 0.239 0.9895 0.8629 11.23 
0.253 2 19 1 4.0 4.0 0.192 0.274 0.9895 0.9014 11.24 
0.254 2 19 1 4.0 4.0 0.253 0.245 0.9895 0.9432 11.23 
0.255 2 19 1 4.0 4.0 0.242 0.210 0.9895 0.9432 11.21 
0.256 2 19 1 4.0 4.0 0.205 0.159 1.0142 0.9895 11.23 
0.257 2 19 1 4.0 4.0 0.209 0.182 1.0142 0.8114 11.22 
0.258 2 19 1 4.0 4.0 0.258 0.242 1.0402 0.9432 11.22 
0.259 2 19 1 4.0 4.0 0.228 0.223 1.0402 0.8815 11.23 
0.260 2 19 1 4.0 4.0 0.260 0.311 1.0402 0.9655 11.24 
0.261 2 19 1 4.0 4.0 0.264 0.258 1.0402 0.9655 11.23 
0.262 2 19 1 4.0 4.0 0.193 0.178 1.0142 0.9895 11.23 
0.263 2 19 1 4.0 4.0 0.181 0.200 1.0402 0.9655 11.23 
0.264 2 19 1 4.0 4.0 0.226 0.194 1.0142 0.9895 11.23 
0.265 2 19 1 4.0 4.0 0.206 0.203 1.0402 1.0142 11.23 
0.266 2 19 1 4.0 4.0 0.174 0.174 1.0402 1.0402 11.22 
0.267 2 19 1 4.0 4.0 0.222 0.201 1.0402 1.0402 11.22 
0.268 2 19 1 4.0 4.0 0.234 0.189 1.0402 1.0402 11.22 
0.269 2 19 1 4.0 4.0 0.212 0.167 1.0402 0.9895 11.22 
0.270 2 19 1 4.0 4.0 0.244 0.163 1.0673 1.0402 11.23 
0.271 2 19 1 4.0 4.0 0.219 0.217 1.0673 1.0142 11.24 
0.272 2 19 1 4.0 4.0 0.173 0.200 1.0961 1.0142 11.23 
0.273 2 19 1 4.0 4.0 0.197 0.176 1.0961 1.0402 11.23 
0.274 2 19 1 4.0 4.0 0.234 0.231 1.0961 1.0673 11.23 
0.275 2 19 1 4.0 4.0 0.184 0.177 1.0961 1.0673 11.23 
0.276 2 19 1 4.0 4.0 0.225 0.161 1.0961 1.0673 11.24 
0.277 2 19 1 4.0 4.0 0.207 0.193 1.0961 0.9217 11.24 
0.278 2 19 1 4.0 4.0 0.157 0.224 1.0961 1.0402 11.24 
0.279 2 19 1 4.0 4.0 0.173 0.171 1.1266 1.0142 11.24 
0.280 2 19 1 4.0 4.0 0.211 0.172 1.1266 0.9432 11.23 
0.281 2 19 1 4.0 4.0 0.192 0.160 1.0961 1.0402 11.23 
0.282 2 19 1 4.0 4.0 0.160 0.142 1.0961 1.0673 11.25 
0.283 2 19 1 4.0 4.0 0.157 0.131 1.0961 1.0673 11.24 
0.284 2 19 1 4.0 4.0 0.177 0.184 1.0961 0.9217 11.24 
0.285 2 19 1 4.0 4.0 0.209 0.170 1.0961 1.0673 11.24 
0.286 2 19 1 4.0 4.0 0.242 0.168 1.0961 1.0961 11.24 
0.287 2 19 1 4.0 4.0 0.165 0.200 1.0961 1.1266 11.23 
0.288 2 19 1 4.0 4.0 0.230 0.125 1.1266 1.0402 11.24 
0.289 2 19 1 4.0 4.0 0.186 0.148 1.1266 1.0673 11.24 
0.290 2 19 1 4.0 4.0 0.170 0.199 1.1266 1.0673 11.24 
0.291 2 19 1 4.0 4.0 0.180 0.174 1.1266 1.0142 11.23 
0.292 2 19 1 4.0 4.0 0.225 0.181 1.1266 1.0673 11.23 
0.293 2 19 1 4.0 4.0 0.153 0.214 1.1266 1.0961 11.24 
0.294 2 19 1 4.0 4.0 0.188 0.160 1.1266 1.0961 11.23 
0.295 2 19 1 4.0 4.0 0.178 0.147 1.1266 1.0961 11.23 
0.296 2 19 1 4.0 4.0 0.154 0.195 1.1266 1.0402 11.23 
0.297 2 19 1 4.0 4.0 0.159 0.174 1.1590 1.1266 11.23 
0.298 2 19 1 4.0 4.0 0.179 0.193 1.1590 1.0961 11.23 
0.299 2 19 1 4.0 4.0 0.133 0.192 1.1266 1.0961 11.24 
0.300 2 19 1 4.0 4.0 0.154 0.149 1.1266 1.1266 11.24 
0.301 2 19 1 4.0 4.0 0.183 0.145 1.1590 1.1266 11.24 
0.302 2 19 1 4.0 4.0 0.145 0.168 1.1590 1.0961 11.24 
0.303 2 19 1 4.0 4.0 0.176 0.164 1.1590 1.0673 11.23 
0.304 2 19 1 4.0 4.0 0.194 0.121 1.1590 1.1266 11.23 
0.305 2 19 1 4.0 4.0 0.188 0.128 1.1590 1.1266 11.24 
0.306 2 19 1 4.0 4.0 0.225 0.133 1.1590 1.0961 11.25 
0.307 2 19 1 4.0 4.0 0.178 0.103 1.1590 1.0961 11.25 
0.308 2 19 1 4.0 4.0 0.131 0.148 1.1590 1.0961 11.25 
0.309 2 19 1 4.0 4.0 0.192 0.163 1.1590 1.1266 11.23 
0.310 2 19 1 4.0 4.0 0.169 0.144 1.1590 1.0961 11.24 
0.311 2 19 1 4.0 4.0 0.164 0.129 1.1590 1.1266 11.22 
0.312 2 19 1 4.0 4.0 0.234 0.152 1.1590 1.0961 11.24 
0.313 2 19 1 4.0 4.0 0.217 0.129 1.1590 1.1590 11.24 
0.314 2 19 1 4.0 4.0 0.139 0.146 1.1590 1.1266 11.24 
0.315 2 19 1 4.0 4.0 0.268 0.157 1.1590 1.0961 11.24 
0.316 2 19 1 4.0 4.0 0.253 0.124 1.1266 1.0673 11.24 
0.317 2 19 1 4.0 4.0 0.169 0.141 1.1590 1.1266 11.25 
0.318 2 19 1 4.0 4.0 0.177 0.138 1.1590 1.1266 11.24 
0.319 2 19 1 4.0 4.0 0.130 0.115 1.1590 1.1266 11.23 
0.320 2 19 1 4.0 4.0 0.287 0.102 1.1590 1.1266 11.24 
0.321 2 19 1 4.0 4.0 0.243 0.157 1.1590 1.0961 11.24 
0.322 2 19 1 4.0 4.0 0.203 0.129 1.1590 1.1266 11.24 
0.323 2 19 1 4.0 4.0 0.219 0.141 1.1590 1.1266 11.24 
0.324 2 19 1 4.0 4.0 0.180 0.131 1.1590 1.0961 11.24 
0.325 2 19 1 4.0 4.0 0.315 0.125 1.1931 1.0673 11.25 
0.326 2 19 1 4.0 4.0 0.202 0.116 1.1931 1.1266 11.24 
0.327 2 19 1 4.0 4.0 0.187 0.136 1.1931 1.1266 11.25 
0.328 2 19 1 4.0 4.0 0.162 0.097 1.1931 1.0961 11.25 
0.329 2 19 1 4.0 4.0 0.176 0.138 1.1931 1.1590 11.24 
0.330 2 19 1 4.0 4.0 0.269 0.145 1.1931 1.0142 11.24 
0.331 2 19 1 4.0 4.0 0.141 0.133 1.1931 1.1931 11.25 
0.332 2 19 1 4.0 4.0 0.179 0.125 1.1931 1.1590 11.23 
0.333 2 19 1 4.0 4.0 0.167 0.141 1.1590 1.1266 11.25 
0.334 2 19 1 4.0 4.0 0.124 0.094 1.1931 1.0961 11.25 
0.335 2 19 1 4.0 4.0 0.302 0.090 1.1590 1.1590 11.25 
0.336 2 19 1 4.0 4.0 0.190 0.144 1.1590 1.1266 11.25 
0.337 2 19 1 4.0 4.0 0.125 0.148 1.1590 1.1266 11.25 
0.338 2 19 1 4.0 4.0 0.206 0.143 1.1590 1.1266 11.25 
0.339 2 19 1 4.0 4.0 0.180 0.143 1.1931 0.9895 11.25 
0.340 2 19 1 4.0 4.0 0.345 0.115 1.1931 1.1266 11.25 
0.341 2 19 1 4.0 4.0 0.237 0.161 1.1931 1.1590 11.25 
0.342 2 19 1 4.0 4.0 0.135 0.134 1.2292 1.1266 11.25 
0.343 2 19 1 4.0 4.0 0.199 0.116 1.2292 1.0961 11.24 
0.344 2 19 1 4.0 4.0 0.181 0.148 1.2292 1.1590 11.24 
0.345 2 19 1 4.0 4.0 0.306 0.174 1.2292 1.1590 11.25 
0.346 2 19 1 4.0 4.0 0.287 0.133 1.2292 1.0961 11.23 
0.347 2 19 1 4.0 4.0 0.196 0.147 1.2292 1.1590 11.24 
0.348 2 19 1 4.0 4.0 0.171 0.167 1.2292 1.1266 11.24 
0.349 2 19 1 4.0 4.0 0.179 0.131 1.2292 1.1590 11.24 
0.350 2 19 1 4.0 4.0 0.324 0.167 1.1931 1.1590 11.24 
0.351 2 19 1 4.0 4.0 0.268 0.155 1.2292 1.1266 11.25 
0.352 2 19 2 -4.0 -4.0 0.230 0.153 1.1931 1.0961 11.25 
0.353 2 19 2 -4.0 -4.0 -0.400 -0.083 1.1931 1.1590 11.21 
0.354 2 19 2 -4.0 -4.0 -1.105 -0.858 1.1931 1.0961 11.17 
0.355 2 19 2 -4.0 -4.0 -1.261 -1.424 1.1590 1.0673 11.13 
0.356 2 19 2 -4.0 -4.0 -1.552 -1.560 1.0961 1.0142 11.13 
0.357 2 19 2 -4.0 -4.0 -1.745 -1.539 1.0402 0.9895 11.10 
0.358 2 19 2 -4.0 -4.0 -1.584 -1.731 0.9655 0.8815 11.09 
0.359 2 19 2 -4.0 -4.0 -1.531 -1.818 0.9217 0.8114 11.09 
0.360 2 19 2 -4.0 -4.0 -1.624 -1.735 0.7951 0.7375 11.09 
0.361 2 19 2 -4.0 -4.0 -1.707 -1.505 0.7651 0.7241 11.11 
0.362 2 19 2 -4.0 -4.0 -1.803 -1.503 0.6872 0.6239 11.08 
0.363 2 19 2 -4.0 -4.0 -1.504 -1.562 0.6438 0.6146 11.10 
0.364 2 19 2 -4.0 -4.0 -1.459 -1.608 0.5793 0.5132 11.10 
0.365 2 19 2 -4.0 -4.0 -1.475 -1.594 0.5335 0.5071 11.11 
0.366 2 19 2 -4.0 -4.0 -1.516 -1.334 0.5006 0.4609 11.12 
0.367 2 19 2 -4.0 -4.0 -1.518 -1.279 0.3862 0.4057 11.08 
0.368 2 19 2 -4.0 -4.0 -1.511 -1.328 0.3047 0.2702 11.11 
0.369 2 19 2 -4.0 -4.0 -1.548 -1.356 0.3047 0.2702 11.12 
0.370 2 19 2 -4.0 -4.0 -1.257 -1.359 0.2414 0.2665 11.12 
0.371 2 19 2 -4.0 -4.0 -1.213 -1.378 0.2414 0.2536 11.12 
0.372 2 19 2 -4.0 -4.0 -1.191 -1.342 0.1732 0.1740 11.13 
0.373 2 19 2 -4.0 -4.0 -1.152 -1.295 0.1724 0.1740 11.13 
0.374 2 19 2 -4.0 -4.0 -1.139 -1.279 0.1724 0.1740 11.13 
0.375 2 19 2 -4.0 -4.0 -1.124 -1.221 0.1355 0.1233 11.14 
0.376 2 19 2 -4.0 -4.0 -1.090 -1.167 0.1014 0.0945 11.14 
0.377 2 19 2 -4.0 -4.0 -1.071 -1.137 0.0811 -0.0844 11.15 
0.378 2 19 2 -4.0 -4.0 -1.049 -1.111 -0.0686 -0.0844 11.15 
0.379 2 19 2 -4.0 -4.0 -1.068 -1.019 -0.0686 -0.1895 11.15 
0.380 2 19 2 -4.0 -4.0 -1.126 -0.971 -0.0686 -0.1895 11.15 
0.381 2 19 2 -4.0 -4.0 -1.131 -0.920 -0.1635 -0.2385 11.15 
0.382 2 19 2 -4.0 -4.0 -0.991 -0.883 -0.1635 -0.2385 11.16 
0.383 2 19 2 -4.0 -4.0 -0.908 -0.829 -0.2264 -0.2385 11.16 
0.384 2 19 2 -4.0 -4.0 -0.862 -0.876 -0.2536 -0.3298 11.17 
0.385 2 19 2 -4.0 -4.0 -0.837 -0.715 -0.2536 -0.3525 11.16 
0.386 2 19 2 -4.0 -4.0 -0.789 -0.678 -0.3193 -0.3720 11.16 
0.387 2 19 2 -4.0 -4.0 -0.789 -0.730 -0.3586 -0.3323 11.17 
0.388 2 19 2 -4.0 -4.0 -0.759 -0.704 -0.3826 -0.3720 11.17 
0.389 2 19 2 -4.0 -4.0 -0.748 -0.670 -0.4016 -0.3976 11.17 
0.390 2 19 2 -4.0 -4.0 -0.751 -0.673 -0.4223 -0.4312 11.16 
0.391 2 19 2 -4.0 -4.0 -0.662 -0.638 -0.4556 -0.4609 11.18 
0.392 2 19 2 -4.0 -4.0 -0.632 -0.590 -0.4661 -0.4884 11.18 
0.393 2 19 2 -4.0 -4.0 -0.629 -0.584 -0.4884 -0.5006 11.18 
0.394 2 19 2 -4.0 -4.0 -0.632 -0.616 -0.4945 -0.5006 11.18 
0.395 2 19 2 -4.0 -4.0 -0.587 -0.635 -0.5481 -0.5335 11.18 
0.396 2 19 2 -4.0 -4.0 -0.610 -0.603 -0.5631 -0.5481 11.18 
0.397 2 19 2 -4.0 -4.0 -0.582 -0.605 -0.5878 -0.5481 11.19 
0.398 2 19 2 -4.0 -4.0 -0.536 -0.567 -0.5964 -0.5878 11.19 
0.399 2 19 2 -4.0 -4.0 -0.565 -0.469 -0.5964 -0.5964 11.19 
0.400 2 19 2 -4.0 -4.0 -0.550 -0.469 -0.6146 -0.5878 11.19 
0.401 2 19 2 -4.0 -4.0 -0.545 -0.479 -0.6438 -0.6239 11.19 
0.402 2 19 2 -4.0 -4.0 -0.608 -0.480 -0.6438 -0.5878 11.18 
0.403 2 19 2 -4.0 -4.0 -0.478 -0.520 -0.6540 -0.6540 11.19 
0.404 2 19 2 -4.0 -4.0 -0.453 -0.423 -0.6649 -0.6872 11.19 
0.405 2 19 2 -4.0 -4.0 -0.416 -0.446 -0.6759 -0.6239 11.20 
0.406 2 19 2 -4.0 -4.0 -0.453 -0.416 -0.7116 -0.7375 11.19 
0.407 2 19 2 -4.0 -4.0 -0.414 -0.420 -0.7241 -0.6438 11.19 
0.408 2 19 2 -4.0 -4.0 -0.413 -0.377 -0.7241 -0.6872 11.19 
0.409 2 19 2 -4.0 -4.0 -0.410 -0.350 -0.7651 -0.7241 11.20 
0.410 2 19 2 -4.0 -4.0 -0.416 -0.350 -0.7116 -0.7651 11.20 
0.411 2 19 2 -4.0 -4.0 -0.416 -0.378 -0.7651 -0.7509 11.20 
0.412 2 19 2 -4.0 -4.0 -0.384 -0.393 -0.7801 -0.7651 11.20 
0.413 2 19 2 -4.0 -4.0 -0.362 -0.374 -0.7801 -0.7801 11.21 
0.414 2 19 2 -4.0 -4.0 -0.266 -0.332 -0.7951 -0.7651 11.18 
0.415 2 19 2 -4.0 -4.0 -0.436 -0.343 -0.8114 -0.8114 11.19 
0.416 2 19 2 -4.0 -4.0 -0.377 -0.373 -0.7951 -0.7651 11.19 
0.417 2 19 2 -4.0 -4.0 -0.340 -0.353 -0.8276 -0.7951 11.20 
0.418 2 19 2 -4.0 -4.0 -0.324 -0.335 -0.8450 -0.7801 11.21 
0.419 2 19 2 -4.0 -4.0 -0.351 -0.332 -0.8629 -0.7951 11.21 
0.420 2 19 2 -4.0 -4.0 -0.333 -0.278 -0.8629 -0.8276 11.20 
0.421 2 19 2 -4.0 -4.0 -0.290 -0.290 -0.8815 -0.8114 11.21 
0.422 2 19 2 -4.0 -4.0 -0.268 -0.324 -0.9014 -0.8276 11.21 
0.423 2 19 2 -4.0 -4.0 -0.333 -0.296 -0.9014 -0.8114 11.21 
0.424 2 19 2 -4.0 -4.0 -0.297 -0.290 -0.9014 -0.8450 11.21 
0.425 2 19 2 -4.0 -4.0 -0.267 -0.284 -0.9014 -0.8450 11.21 
0.426 2 19 2 -4.0 -4.0 -0.291 -0.242 -0.9014 -0.8450 11.20 
0.427 2 19 2 -4.0 -4.0 -0.277 -0.248 -0.9217 -0.8629 11.21 
0.428 2 19 2 -4.0 -4.0 -0.267 -0.289 -0.9217 -0.8450 11.21 
0.429 2 19 2 -4.0 -4.0 -0.257 -0.304 -0.9217 -0.8815 11.21 
0.430 2 19 2 -4.0 -4.0 -0.287 -0.256 -0.9432 -0.8815 11.21 
0.431 2 19 2 -4.0 -4.0 -0.268 -0.232 -0.9432 -0.7951 11.21 
0.432 2 19 2 -4.0 -4.0 -0.242 -0.237 -0.9655 -0.8450 11.21 
0.433 2 19 2 -4.0 -4.0 -0.279 -0.243 -0.9655 -0.9014 11.21 
0.434 2 19 2 -4.0 -4.0 -0.264 -0.190 -0.9655 -0.9014 11.21 
0.435 2 19 2 -4.0 -4.0 -0.261 -0.199 -0.9895 -0.9217 11.22 
0.436 2 19 2 -4.0 -4.0 -0.216 -0.259 -0.9895 -0.9432 11.21 
0.437 2 19 2 -4.0 -4.0 -0.236 -0.289 -0.9895 -0.9014 11.22 
0.438 2 19 2 -4.0 -4.0 -0.217 -0.206 -0.9895 -0.9655 11.21 
0.439 2 19 2 -4.0 -4.0 -0.181 -0.308 -1.0142 -0.9432 11.21 
0.440 2 19 2 -4.0 -4.0 -0.222 -0.228 -1.0142 -0.9432 11.21 
0.441 2 19 2 -4.0 -4.0 -0.231 -0.183 -1.0142 -0.9432 11.21 
0.442 2 19 2 -4.0 -4.0 -0.226 -0.179 -1.0142 -0.9895 11.21 
0.443 2 19 2 -4.0 -4.0 -0.222 -0.210 -1.0402 -0.9655 11.22 
0.444 2 19 2 -4.0 -4.0 -0.204 -0.211 -1.0402 -0.9895 11.21 
0.445 2 19 2 -4.0 -4.0 -0.173 -0.171 -1.0142 -0.9655 11.21 
0.446 2 19 2 -4.0 -4.0 -0.222 -0.240 -1.0402 -0.9655 11.22 
0.447 2 19 2 -4.0 -4.0 -0.274 -0.206 -1.0402 -0.9655 11.22 
0.448 2 19 2 -4.0 -4.0 -0.233 -0.166 -1.0402 -0.9895 11.21 
0.449 2 19 2 -4.0 -4.0 -0.138 -0.177 -1.0402 -0.9895 11.21 
0.450 2 19 2 -4.0 -4.0 -0.193 -0.150 -1.0402 -1.0142 11.22 
0.451 2 19 2 -4.0 -4.0 -0.190 -0.168 -1.0402 -0.9217 11.21 
0.452 2 19 2 -4.0 -4.0 -0.191 -0.176 -1.0402 -0.8815 11.21 
0.453 2 19 2 -4.0 -4.0 -0.203 -0.202 -1.0673 -0.9217 11.22 
0.454 2 19 2 -4.0 -4.0 -0.216 -0.145 -1.0673 -1.0142 11.22 
0.455 2 19 2 -4.0 -4.0 -0.131 -0.153 -1.0673 -1.0142 11.22 
0.456 2 19 2 -4.0 -4.0 -0.257 -0.201 -1.0673 -1.0142 11.21 
0.457 2 19 2 -4.0 -4.0 -0.242 -0.212 -1.0673 -0.9655 11.21 
0.458 2 19 2 -4.0 -4.0 -0.196 -0.175 -1.0961 -1.0402 11.22 
0.459 2 19 2 -4.0 -4.0 -0.206 -0.170 -1.0961 -1.0142 11.22 
0.460 2 19 2 -4.0 -4.0 -0.200 -0.225 -1.0961 -1.0402 11.22 
0.461 2 19 2 -4.0 -4.0 -0.148 -0.164 -1.0961 -1.0142 11.22 
0.462 2 19 2 -4.0 -4.0 -0.187 -0.155 -1.0961 -1.0402 11.22 
0.463 2 19 2 -4.0 -4.0 -0.192 -0.198 -1.0961 -1.0142 11.21 
0.464 2 19 2 -4.0 -4.0 -0.172 -0.192 -1.0961 -1.0402 11.22 
0.465 2 19 2 -4.0 -4.0 -0.207 -0.149 -1.0961 -1.0402 11.22 
0.466 2 19 2 -4.0 -4.0 -0.181 -0.210 -1.0961 -1.0142 11.23 
0.467 2 19 2 -4.0 -4.0 -0.092 -0.188 -1.0961 -1.0142 11.23 
0.468 2 19 2 -4.0 -4.0 -0.168 -0.191 -1.0961 -1.0402 11.21 
0.469 2 19 2 -4.0 -4.0 -0.173 -0.172 -1.0673 -1.0402 11.22 
0.470 2 19 2 -4.0 -4.0 -0.188 -0.178 -1.1266 -0.9655 11.21 
0.471 2 19 2 -4.0 -4.0 -0.212 -0.157 -1.1266 -1.0673 11.22 
0.472 2 19 2 -4.0 -4.0 -0.180 -0.144 -1.1266 -1.0142 11.21 
0.473 2 19 2 -4.0 -4.0 -0.070 -0.177 -1.1266 -1.0402 11.22 
0.474 2 19 2 -4.0 -4.0 -0.185 -0.157 -1.1590 -0.9895 11.21 
0.475 2 19 2 -4.0 -4.0 -0.178 -0.078 -1.1266 -1.0402 11.21 
0.476 2 19 2 -4.0 -4.0 -0.182 -0.173 -1.1590 -1.0673 11.22 
0.477 2 19 2 -4.0 -4.0 -0.191 -0.174 -1.1590 -1.0402 11.22 
0.478 2 19 2 -4.0 -4.0 -0.165 -0.138 -1.1590 -0.9217 11.23 
0.479 2 19 2 -4.0 -4.0 -0.087 -0.142 -1.1590 -1.0673 11.23 
0.480 2 19 2 -4.0 -4.0 -0.184 -0.143 -1.1590 -1.0673 11.23 
0.481 2 19 2 -4.0 -4.0 -0.179 -0.108 -1.1590 -1.0673 11.23 
0.482 2 19 2 -4.0 -4.0 -0.142 -0.158 -1.1266 -1.0673 11.23 
0.483 2 19 2 -4.0 -4.0 -0.185 -0.152 -1.1266 -1.0673 11.23 
0.484 2 19 2 -4.0 -4.0 -0.090 -0.119 -1.1590 -1.0673 11.22 
0.485 2 19 2 -4.0 -4.0 -0.121 -0.138 -1.1590 -1.0673 11.23 
0.486 2 19 2 -4.0 -4.0 -0.174 -0.136 -1.1266 -1.0402 11.23 
0.487 2 19 2 -4.0 -4.0 -0.186 -0.125 -1.1590 -1.0673 11.23 
0.488 2 19 2 -4.0 -4.0 -0.134 -0.117 -1.1590 -1.0673 11.22 
0.489 2 19 2 -4.0 -4.0 -0.164 -0.149 -1.1590 -1.0673 11.22 
0.490 2 19 2 -4.0 -4.0 -0.154 -0.173 -1.1590 -1.0961 11.22 
0.491 2 19 2 -4.0 -4.0 -0.137 -0.102 -1.1590 -1.0142 11.22 
0.492 2 19 2 -4.0 -4.0 -0.219 -0.149 -1.1590 -1.0673 11.22 
0.493 2 19 2 -4.0 -4.0 -0.177 -0.112 -1.1590 -1.0961 11.23 
0.494 2 19 2 -4.0 -4.0 -0.108 -0.125 -1.1590 -1.0402 11.23 
0.495 2 19 2 -4.0 -4.0 -0.133 -0.152 -1.1590 -1.0961 11.23 
0.496 2 19 2 -4.0 -4.0 -0.150 -0.168 -1.1590 -1.0673 11.22 
0.497 2 19 2 -4.0 -4.0 -0.169 -0.101 -1.1931 -1.0673 11.22 
0.498 2 19 2 -4.0 -4.0 -0.205 -0.148 -1.1931 -1.0961 11.23 
0.499 2 19 2 -4.0 -4.0 -0.182 -0.166 -1.1590 -1.0673 11.23 
0.500 2 19 2 -4.0 -4.0 -0.211 -0.073 -1.1590 -1.0673 11.23 
0.501 2 19 2 -4.0 -4.0 -0.183 -0.109 -1.1590 -1.0673 11.24 
0.502 2 19 2 -4.0 -4.0 -0.142 -0.121 -1.1590 -1.0961 11.23 
0.503 2 19 3 0.0 0.0 -0.176 -0.142 -1.1590 -1.0673 11.22 
0.504 2 19 3 0.0 0.0 0.082 -0.038 -1.1590 -1.0673 11.24 
0.505 2 19 3 0.0 0.0 0.478 0.283 -1.0402 -1.0402 11.24 
0.506 2 19 3 0.0 0.0 0.646 0.601 -1.1590 -1.0673 11.24 
0.507 2 19 3 0.0 0.0 0.663 0.761 -1.1590 -1.0142 11.25 
0.508 2 19 3 0.0 0.0 0.786 0.679 -1.0673 -1.0142 11.25 
0.509 2 19 3 0.0 0.0 0.842 0.726 -1.1266 -0.9655 11.25 
0.510 2 19 3 0.0 0.0 0.733 0.809 -1.0673 -0.8276 11.25 
0.511 2 19 3 0.0 0.0 0.780 0.680 -1.0402 -0.8450 11.24 
0.512 2 19 3 0.0 0.0 0.767 0.617 -1.0142 -0.8815 11.24 
0.513 2 19 3 0.0 0.0 0.582 0.695 -0.9655 -0.8276 11.24 
0.514 2 19 3 0.0 0.0 0.642 0.775 -0.9432 -0.7801 11.25 
0.515 2 19 3 0.0 0.0 0.717 0.585 -0.8629 -0.7801 11.25 
0.516 2 19 3 0.0 0.0 0.789 0.538 -0.7801 -0.6438 11.23 
0.517 2 19 3 0.0 0.0 0.575 0.591 -0.8114 -0.7375 11.24 
0.518 2 19 3 0.0 0.0 0.584 0.639 -0.7951 -0.7509 11.24 
0.519 2 19 3 0.0 0.0 0.598 0.612 -0.7375 -0.6872 11.25 
0.520 2 19 3 0.0 0.0 0.641 0.513 -0.7241 -0.6872 11.25 
0.521 2 19 3 0.0 0.0 0.614 0.505 -0.6994 -0.6146 11.25 
0.522 2 19 3 0.0 0.0 0.504 0.546 -0.6649 -0.6337 11.24 
0.523 2 19 3 0.0 0.0 0.516 0.536 -0.6337 -0.5964 11.25 
0.524 2 19 3 0.0 0.0 0.519 0.547 -0.6337 -0.5964 11.25 
0.525 2 19 3 0.0 0.0 0.519 0.429 -0.5964 -0.5481 11.25 
0.526 2 19 3 0.0 0.0 0.439 0.404 -0.5793 -0.5554 11.25 
0.527 2 19 3 0.0 0.0 0.405 0.460 -0.5712 -0.5266 11.25 
0.528 2 19 3 0.0 0.0 0.435 0.476 -0.5266 -0.5266 11.25 
0.529 2 19 3 0.0 0.0 0.452 0.471 -0.5481 -0.4771 11.25 
0.530 2 19 3 0.0 0.0 0.473 0.461 -0.5201 -0.4609 11.25 
0.531 2 19 3 0.0 0.0 0.443 0.405 -0.4661 -0.4609 11.25 
0.532 2 19 3 0.0 0.0 0.417 0.334 -0.4714 -0.4016 11.25 
0.533 2 19 3 0.0 0.0 0.348 0.311 -0.4556 -0.4179 11.24 
0.534 2 19 3 0.0 0.0 0.284 0.300 -0.4507 -0.3688 11.25 
0.535 2 19 3 0.0 0.0 0.314 0.362 -0.4361 -0.4016 11.24 
0.536 2 19 3 0.0 0.0 0.339 0.376 -0.4312 -0.3826 11.25 
0.537 2 19 3 0.0 0.0 0.361 0.388 -0.3862 -0.3619 11.25 
0.538 2 19 3 0.0 0.0 0.340 0.326 -0.3753 -0.3619 11.25 
0.539 2 19 3 0.0 0.0 0.338 0.322 -0.3558 -0.2917 11.25 
0.540 2 19 3 0.0 0.0 0.337 0.277 -0.3497 -0.3379 11.26 
0.541 2 19 3 0.0 0.0 0.264 0.215 -0.3351 -0.3298 11.25 
0.542 2 19 3 0.0 0.0 0.208 0.199 -0.3351 -0.3193 11.25 
0.543 2 19 3 0.0 0.0 0.240 0.224 -0.3168 -0.3095 11.25 
0.544 2 19 3 0.0 0.0 0.241 0.235 -0.2815 -0.2458 11.25 
0.545 2 19 3 0.0 0.0 0.248 0.232 -0.2917 -0.2329 11.25 
0.546 2 19 3 0.0 0.0 0.257 0.277 -0.2917 -0.2722 11.25 
0.547 2 19 3 0.0 0.0 0.250 0.241 -0.2722 -0.2722 11.25 
0.548 2 19 3 0.0 0.0 0.226 0.228 -0.2519 -0.2836 11.25 
0.549 2 19 3 0.0 0.0 0.219 0.230 -0.2471 -0.2357 11.25 
0.550 2 19 3 0.0 0.0 0.199 0.222 -0.2227 -0.2357 11.25 
0.551 2 19 3 0.0 0.0 0.183 0.194 -0.2227 -0.1785 11.25 
0.552 2 19 3 0.0 0.0 0.171 0.201 -0.2203 -0.1659 11.25 
0.553 2 19 3 0.0 0.0 0.151 0.189 -0.2203 -0.1659 11.24 
0.554 2 19 3 0.0 0.0 0.112 0.125 -0.1988 -0.2028 11.26 
0.555 2 19 3 0.0 0.0 0.121 0.113 -0.1988 -0.2028 11.25 
0.556 2 19 3 0.0 0.0 0.125 0.118 -0.1947 -0.1716 11.25 
0.557 2 19 3 0.0 0.0 0.137 0.099 -0.1947 -0.1716 11.25 
0.558 2 19 3 0.0 0.0 0.134 0.132 -0.1850 -0.1667 11.25 
0.559 2 19 3 0.0 0.0 0.169 0.151 -0.1675 -0.1667 11.25 
0.560 2 19 3 0.0 0.0 0.131 0.148 -0.1675 -0.1667 11.25 
0.561 2 19 3 0.0 0.0 0.142 0.151 -0.1570 -0.1505 11.24 
0.562 2 19 3 0.0 0.0 0.113 0.153 -0.1570 -0.1505 11.25 
0.563 2 19 3 0.0 0.0 0.151 0.135 -0.1570 -0.1505 11.25 
0.564 2 19 3 0.0 0.0 0.109 0.123 -0.1266 -0.1209 11.25 
0.565 2 19 3 0.0 0.0 0.154 0.156 -0.1254 -0.1209 11.25 
0.566 2 19 3 0.0 0.0 0.111 0.100 -0.1254 -0.1209 11.25 
0.567 2 19 3 0.0 0.0 0.086 0.128 -0.1254 -0.1209 11.25 
0.568 2 19 3 0.0 0.0 0.101 0.098 -0.1083 -0.1010 11.25 
0.569 2 19 3 0.0 0.0 0.092 0.060 -0.1083 -0.0852 11.25 
0.570 2 19 3 0.0 0.0 0.077 0.082 -0.1083 -0.0852 11.25 
0.571 2 19 3 0.0 0.0 0.082 0.126 -0.1083 -0.0852 11.25 
0.572 2 19 3 0.0 0.0 0.096 0.079 -0.0957 -0.0852 11.26 
0.573 2 19 3 0.0 0.0 0.088 0.094 -0.0897 -0.0852 11.25 
0.574 2 19 3 0.0 0.0 0.069 0.082 -0.0897 -0.0771 11.25 
0.575 2 19 3 0.0 0.0 0.021 0.042 -0.0897 -0.0694 11.25 
0.576 2 19 3 0.0 0.0 0.040 0.050 -0.0897 -0.0694 11.25 
0.577 2 19 3 0.0 0.0 0.045 0.068 -0.0860 -0.0694 11.25 
0.578 2 19 3 0.0 0.0 0.038 0.037 -0.0738 -0.0694 11.25 
0.579 2 19 3 0.0 0.0 0.073 0.045 -0.0738 -0.0694 11.25 
0.580 2 19 3 0.0 0.0 0.044 0.024 -0.0738 -0.0694 11.25 
0.581 2 19 3 0.0 0.0 0.031 0.032 -0.0738 -0.0629 11.26 
0.582 2 19 3 0.0 0.0 0.036 0.030 -0.0738 -0.0544 11.25 
0.583 2 19 3 0.0 0.0 0.055 0.049 -0.0738 -0.0527 11.25 
0.584 2 19 3 0.0 0.0 0.057 0.053 -0.0649 -0.0527 11.25 
0.585 2 19 3 0.0 0.0 0.051 0.048 -0.0560 -0.0527 11.25 
0.586 2 19 3 0.0 0.0 0.038 0.028 -0.0548 -0.0527 11.25 
0.587 2 19 3 0.0 0.0 0.021 0.060 -0.0548 -0.0527 11.25 
0.588 2 19 3 0.0 0.0 0.040 0.041 -0.0548 -0.0527 11.26 
0.589 2 19 3 0.0 0.0 -0.001 0.029 -0.0548 -0.0527 11.25 
0.590 2 19 3 0.0 0.0 -0.002 0.039 -0.0548 -0.0560 11.26 
0.591 2 19 3 0.0 0.0 -0.029 0.048 -0.0548 -0.0560 11.25 
0.592 2 19 3 0.0 0.0 -0.024 0.037 -0.0548 -0.0560 11.25 
0.593 2 19 3 0.0 0.0 0.010 0.041 -0.0515 -0.0560 11.25 
0.594 2 19 3 0.0 0.0 -0.005 0.014 -0.0454 -0.0560 11.25 
0.595 2 19 3 0.0 0.0 -0.005 0.023 -0.0410 -0.0560 11.25 
0.596 2 19 3 0.0 0.0 0.002 0.030 -0.0373 -0.0560 11.26 
0.597 2 19 3 0.0 0.0 -0.010 0.011 -0.0341 -0.0535 11.25 
0.598 2 19 3 0.0 0.0 0.010 0.006 -0.0312 -0.0471 11.26 
0.599 2 19 3 0.0 0.0 0.014 0.022 -0.0292 -0.0422 11.25 
0.600 2 19 3 0.0 0.0 0.004 0.020 -0.0272 -0.0381 11.25 
0.601 2 19 3 0.0 0.0 0.023 0.032 -0.0256 -0.0349 11.25 
0.602 2 19 3 0.0 0.0 0.011 0.031 -0.0239 -0.0320 11.25 
0.603 2 19 3 0.0 0.0 -0.009 0.032 -0.0227 -0.0296 11.25 
0.604 2 19 3 0.0 0.0 -0.004 -0.003 -0.0215 -0.0276 11.26 
0.605 2 19 3 0.0 0.0 -0.014 0.018 -0.0203 -0.0260 11.25 
0.606 2 19 3 0.0 0.0 -0.008 -0.024 -0.0191 -0.0243 11.26 
0.607 2 19 3 0.0 0.0 -0.006 -0.035 -0.0183 -0.0227 11.25 
0.608 2 19 3 0.0 0.0 0.004 -0.033 -0.0174 -0.0215 11.25 
0.609 2 19 3 0.0 0.0 -0.005 -0.028 -0.0166 -0.0207 11.25 
0.610 2 19 3 0.0 0.0 -0.010 -0.022 -0.0162 -0.0195 11.25 
0.611 2 19 3 0.0 0.0 -0.021 -0.016 -0.0154 -0.0187 11.26 
0.612 2 19 3 0.0 0.0 -0.049 -0.011 -0.0150 -0.0178 11.26 
0.613 2 19 3 0.0 0.0 -0.017 0.000 -0.0142 -0.0170 11.25 
0.614 2 19 3 0.0 0.0 -0.007 -0.012 -0.0138 -0.0162 11.24 
0.615 2 19 3 0.0 0.0 -0.004 -0.022 -0.0134 -0.0158 11.25 
0.616 2 19 3 0.0 0.0 -0.005 -0.003 -0.0130 -0.0150 11.25 
0.617 2 19 3 0.0 0.0 -0.023 0.021 -0.0126 -0.0146 11.25 
0.618 2 19 3 0.0 0.0 -0.007 0.002 -0.0122 -0.0142 11.25 
0.619 2 19 3 0.0 0.0 0.037 -0.045 -0.0118 -0.0134 11.23 
0.620 2 19 3 0.0 0.0 0.021 -0.050 -0.0114 -0.0130 11.25 
0.621 2 19 3 0.0 0.0 0.000 -0.024 -0.0110 -0.0126 11.25 
0.622 2 19 3 0.0 0.0 -0.006 -0.018 -0.0110 -0.0122 11.25 
0.623 2 19 3 0.0 0.0 0.015 -0.022 -0.0105 -0.0118 11.26 
0.624 2 19 3 0.0 0.0 0.000 -0.015 -0.0101 -0.0114 11.25 
0.625 2 19 3 0.0 0.0 0.034 -0.020 -0.0101 -0.0114 11.25 
0.626 2 19 3 0.0 0.0 0.010 0.000 -0.0097 -0.0110 11.25 
0.627 2 19 3 0.0 0.0 -0.008 0.015 -0.0093 -0.0105 11.25 
0.628 2 19 3 0.0 0.0 -0.011 -0.019 -0.0093 -0.0101 11.25 
0.629 2 19 3 0.0 0.0 0.006 0.022 -0.0089 -0.0101 11.25 
0.630 2 19 3 0.0 0.0 0.025 0.001 -0.0089 -0.0097 11.25 
0.631 2 19 3 0.0 0.0 0.016 0.003 -0.0085 -0.0097 11.25 
0.632 2 19 3 0.0 0.0 -0.007 0.001 -0.0085 -0.0093 11.25 
0.633 2 19 3 0.0 0.0 -0.017 0.011 -0.0081 -0.0089 11.25 
0.634 2 19 3 0.0 0.0 -0.031 0.027 -0.0081 -0.0089 11.26 
0.635 2 19 3 0.0 0.0 -0.006 -0.013 -0.0081 -0.0085 11.25 
0.636 2 19 3 0.0 0.0 -0.021 -0.008 -0.0077 -0.0085 11.25 
0.637 2 19 3 0.0 0.0 -0.013 -0.005 -0.0077 -0.0085 11.25 
0.638 2 19 3 0.0 0.0 0.011 0.008 -0.0073 -0.0081 11.25 
0.639 2 19 3 0.0 0.0 0.032 -0.011 -0.0073 -0.0081 11.26 
0.640 2 19 3 0.0 0.0 -0.034 -0.028 -0.0073 -0.0077 11.25 
0.641 2 19 3 0.0 0.0 -0.011 0.007 -0.0069 -0.0077 11.25 
0.642 2 19 3 0.0 0.0 -0.010 0.027 -0.0069 -0.0077 11.25 
0.643 2 19 3 0.0 0.0 -0.022 0.004 -0.0069 -0.0073 11.25 
0.644 2 19 3 0.0 0.0 0.007 0.001 -0.0065 -0.0073 11.25 
0.645 2 19 3 0.0 0.0 0.009 -0.024 -0.0065 -0.0069 11.25 
0.646 2 19 3 0.0 0.0 -0.002 0.008 -0.0065 -0.0069 11.25 
0.647 2 19 3 0.0 0.0 -0.018 -0.007 -0.0065 -0.0069 11.25 
0.648 2 19 3 0.0 0.0 -0.014 0.008 -0.0061 -0.0069 11.25 
0.649 2 19 3 0.0 0.0 -0.021 -0.012 -0.0061 -0.0065 11.25 
0.650 2 19 3 0.0 0.0 0.013 0.011 -0.0061 -0.0065 11.26 
0.651 2 19 3 0.0 0.0 -0.009 -0.010 -0.0061 -0.0065 11.26 
0.652 2 19 3 0.0 0.0 -0.009 0.012 -0.0057 -0.0061 11.26 
0.653 2 19 3 0.0 0.0 0.006 -0.028 -0.0057 -0.0061 11.25 
0.654 2 19 3 0.0 0.0 -0.020 -0.008 -0.0057 -0.0061 11.25 
0.655 2 19 3 0.0 0.0 -0.017 -0.023 -0.0057 -0.0061 11.25 
0.656 2 19 3 0.0 0.0 -0.030 -0.001 -0.0057 -0.0061 11.26 
0.657 2 19 3 0.0 0.0 0.006 -0.011 -0.0053 -0.0057 11.25 
0.658 2 19 3 0.0 0.0 0.003 -0.016 -0.0053 -0.0057 11.26 
0.659 2 19 3 0.0 0.0 0.016 -0.022 -0.0053 -0.0057 11.26 
0.660 2 19 3 0.0 0.0 -0.001 -0.007 -0.0053 -0.0057 11.25 
0.661 2 19 3 0.0 0.0 0.010 0.014 -0.0053 -0.0053 11.25 
0.662 2 19 3 0.0 0.0 -0.002 0.019 -0.0053 -0.0053 11.25 
0.663 2 19 3 0.0 0.0 0.011 -0.019 -0.0049 -0.0053 11.25 
0.664 2 19 3 0.0 0.0 0.013 0.003 -0.0049 -0.0053 11.25 
0.665 2 19 3 0.0 0.0 0.042 0.013 -0.0049 -0.0053 11.25 
