%% logfile from robot Isabella (9)
% Isabella (9)
%  1    time 0.000 sec
%  2  3  4   (mission 0), state 2, thread 2, line 0
%  5  6 Motor voltage [V] left, right: 2.0 2.0
%  7  8 Motor current left, right [A]: 0.030 0.032
%  9 10 Wheel velocity [m/s] left, right: -0.0000 -0.0000
% 11    Battery voltage [V]: 11.54
0.001 2 2 0 2.0 2.0 0.044 0.009 -0.0000 -0.0000 11.53 
0.002 2 2 0 2.0 2.0 0.226 0.156 -0.0000 -0.0000 11.53 
0.003 2 2 0 2.0 2.0 0.367 0.306 -0.0000 -0.0000 11.53 
0.004 2 2 0 2.0 2.0 0.462 0.399 -0.0000 0.0000 11.53 
0.005 2 2 0 2.0 2.0 0.508 0.443 -0.0000 0.0000 11.53 
0.006 2 2 0 2.0 2.0 0.515 0.458 -0.0000 0.0000 11.53 
0.007 2 2 0 2.0 2.0 0.500 0.452 -0.0000 0.0000 11.53 
0.008 2 2 0 2.0 2.0 0.473 0.443 -0.0000 0.0000 11.53 
0.009 2 2 0 2.0 2.0 0.445 0.430 -0.0000 0.0000 11.53 
0.010 2 2 0 2.0 2.0 0.408 0.424 -0.0000 0.0687 11.52 
0.011 2 2 0 2.0 2.0 0.410 0.427 0.0000 0.0687 11.53 
0.012 2 2 0 2.0 2.0 0.440 0.423 0.0000 0.0687 11.53 
0.013 2 2 0 2.0 2.0 0.446 0.409 0.0000 0.0687 11.53 
0.014 2 2 0 2.0 2.0 0.394 0.413 0.1434 0.1217 11.53 
0.015 2 2 0 2.0 2.0 0.352 0.421 0.1434 0.1217 11.53 
0.016 2 2 0 2.0 2.0 0.332 0.409 0.1659 0.1498 11.53 
0.017 2 2 0 2.0 2.0 0.325 0.393 0.1659 0.1498 11.53 
0.018 2 2 0 2.0 2.0 0.317 0.389 0.1791 0.1498 11.53 
0.019 2 2 0 2.0 2.0 0.336 0.380 0.1791 0.1751 11.53 
0.020 2 2 0 2.0 2.0 0.365 0.363 0.1791 0.1751 11.53 
0.021 2 2 0 2.0 2.0 0.356 0.356 0.1643 0.1976 11.53 
0.022 2 2 0 2.0 2.0 0.338 0.360 0.1643 0.2157 11.53 
0.023 2 2 0 2.0 2.0 0.326 0.369 0.2281 0.2157 11.53 
0.024 2 2 0 2.0 2.0 0.274 0.371 0.2056 0.2281 11.53 
0.025 2 2 0 2.0 2.0 0.255 0.356 0.1839 0.2281 11.53 
0.026 2 2 0 2.0 2.0 0.253 0.312 0.2305 0.2418 11.53 
0.027 2 2 0 2.0 2.0 0.293 0.310 0.2305 0.2418 11.53 
0.028 2 2 0 2.0 2.0 0.307 0.299 0.2229 0.2418 11.53 
0.029 2 2 0 2.0 2.0 0.291 0.290 0.2229 0.2639 11.53 
0.030 2 2 0 2.0 2.0 0.253 0.280 0.2868 0.2639 11.53 
0.031 2 2 0 2.0 2.0 0.219 0.284 0.2494 0.2787 11.53 
0.032 2 2 0 2.0 2.0 0.206 0.293 0.2494 0.2827 11.53 
0.033 2 2 0 2.0 2.0 0.211 0.282 0.2731 0.2928 11.52 
0.034 2 2 0 2.0 2.0 0.190 0.261 0.2462 0.2928 11.52 
0.035 2 2 0 2.0 2.0 0.207 0.261 0.2462 0.2996 11.53 
0.036 2 2 0 2.0 2.0 0.260 0.260 0.3237 0.3161 11.53 
0.037 2 2 0 2.0 2.0 0.290 0.224 0.2928 0.3137 11.53 
0.038 2 2 0 2.0 2.0 0.294 0.232 0.2972 0.3161 11.53 
0.039 2 2 0 2.0 2.0 0.304 0.223 0.2972 0.3161 11.53 
0.040 2 2 0 2.0 2.0 0.300 0.230 0.2402 0.3265 11.52 
0.041 2 2 0 2.0 2.0 0.268 0.227 0.3462 0.3185 11.52 
0.042 2 2 0 2.0 2.0 0.231 0.230 0.3346 0.3317 11.53 
0.043 2 2 0 2.0 2.0 0.207 0.235 0.3346 0.3346 11.53 
0.044 2 2 0 2.0 2.0 0.211 0.235 0.3265 0.3490 11.53 
0.045 2 2 0 2.0 2.0 0.245 0.246 0.2731 0.3490 11.52 
0.046 2 2 0 2.0 2.0 0.280 0.272 0.3683 0.3582 11.52 
0.047 2 2 0 2.0 2.0 0.251 0.235 0.3185 0.3615 11.53 
0.048 2 2 0 2.0 2.0 0.218 0.200 0.3185 0.3751 11.53 
0.049 2 2 0 2.0 2.0 0.187 0.183 0.3346 0.3715 11.53 
0.050 2 2 0 2.0 2.0 0.189 0.188 0.2888 0.3615 11.53 
0.051 2 2 0 2.0 2.0 0.176 0.184 0.3896 0.3751 11.53 
0.052 2 2 0 2.0 2.0 0.224 0.208 0.3346 0.4016 11.53 
0.053 2 2 0 2.0 2.0 0.248 0.213 0.3615 0.3860 11.53 
0.054 2 2 0 2.0 2.0 0.237 0.208 0.3490 0.3976 11.53 
0.055 2 2 0 2.0 2.0 0.211 0.196 0.2972 0.3860 11.53 
0.056 2 2 0 2.0 2.0 0.186 0.195 0.3430 0.3976 11.53 
0.057 2 2 0 2.0 2.0 0.181 0.186 0.3651 0.3936 11.52 
0.058 2 2 0 2.0 2.0 0.180 0.190 0.3751 0.3936 11.53 
0.059 2 2 0 2.0 2.0 0.202 0.172 0.3161 0.4016 11.53 
0.060 2 2 0 2.0 2.0 0.226 0.164 0.3615 0.4137 11.53 
0.061 2 2 0 2.0 2.0 0.207 0.165 0.3787 0.4137 11.53 
0.062 2 2 0 2.0 2.0 0.192 0.177 0.3860 0.3823 11.53 
0.063 2 2 0 2.0 2.0 0.176 0.193 0.3185 0.3976 11.53 
0.064 2 2 0 2.0 2.0 0.176 0.192 0.3651 0.4269 11.53 
0.065 2 2 0 2.0 2.0 0.162 0.202 0.3936 0.4269 11.53 
0.066 2 2 0 2.0 2.0 0.169 0.186 0.3896 0.4016 11.53 
0.067 2 2 0 2.0 2.0 0.226 0.170 0.3751 0.4137 11.53 
0.068 2 2 0 2.0 2.0 0.231 0.168 0.3064 0.4269 11.53 
0.069 2 2 0 2.0 2.0 0.185 0.156 0.3615 0.4317 11.53 
0.070 2 2 0 2.0 2.0 0.161 0.134 0.3936 0.4410 11.53 
0.071 2 2 0 2.0 2.0 0.152 0.123 0.3976 0.4362 11.53 
0.072 2 2 0 2.0 2.0 0.158 0.140 0.3088 0.4362 11.53 
0.073 2 2 0 2.0 2.0 0.186 0.141 0.3651 0.4362 11.53 
0.074 2 2 0 2.0 2.0 0.193 0.097 0.3860 0.4410 11.53 
0.075 2 2 0 2.0 2.0 0.160 0.093 0.3976 0.4410 11.53 
0.076 2 2 0 2.0 2.0 0.150 0.103 0.3651 0.4462 11.52 
0.077 2 2 0 2.0 2.0 0.127 0.147 0.4056 0.4462 11.53 
0.078 2 2 0 2.0 2.0 0.154 0.155 0.4225 0.4462 11.53 
0.079 2 2 0 2.0 2.0 0.203 0.164 0.4225 0.4362 11.53 
0.080 2 2 0 2.0 2.0 0.206 0.156 0.3582 0.4410 11.53 
0.081 2 2 0 2.0 2.0 0.174 0.153 0.4056 0.4510 11.53 
0.082 2 2 0 2.0 2.0 0.130 0.126 0.3550 0.4510 11.52 
0.083 2 2 0 2.0 2.0 0.116 0.135 0.3896 0.4562 11.53 
0.084 2 2 0 2.0 2.0 0.121 0.131 0.3896 0.4615 11.53 
0.085 2 2 0 2.0 2.0 0.146 0.129 0.4269 0.4615 11.52 
0.086 2 2 0 2.0 2.0 0.156 0.140 0.4016 0.4562 11.53 
0.087 2 2 0 2.0 2.0 0.127 0.150 0.4137 0.4615 11.53 
0.088 2 2 0 2.0 2.0 0.107 0.157 0.3651 0.4562 11.53 
0.089 2 2 0 2.0 2.0 0.119 0.155 0.4137 0.4615 11.52 
0.090 2 2 0 2.0 2.0 0.120 0.154 0.4225 0.4667 11.53 
0.091 2 2 0 2.0 2.0 0.182 0.161 0.3787 0.4723 11.53 
0.092 2 2 0 2.0 2.0 0.221 0.150 0.3976 0.4723 11.53 
0.093 2 2 0 2.0 2.0 0.193 0.127 0.4225 0.4836 11.53 
0.094 2 2 0 2.0 2.0 0.159 0.116 0.4317 0.4723 11.53 
0.095 2 2 0 2.0 2.0 0.149 0.099 0.3582 0.4779 11.53 
0.096 2 2 0 2.0 2.0 0.156 0.113 0.4137 0.4896 11.52 
0.097 2 2 0 2.0 2.0 0.172 0.105 0.4181 0.4836 11.53 
0.098 2 2 0 2.0 2.0 0.185 0.112 0.4269 0.4956 11.52 
0.099 2 2 0 2.0 2.0 0.163 0.124 0.3751 0.4896 11.53 
0.100 2 2 0 2.0 2.0 0.130 0.124 0.4269 0.4836 11.53 
0.101 2 2 0 2.0 2.0 0.117 0.107 0.4269 0.4779 11.53 
0.102 2 2 0 2.0 2.0 0.103 0.098 0.4362 0.4779 11.53 
0.103 2 2 0 2.0 2.0 0.115 0.114 0.3651 0.4896 11.53 
0.104 2 2 0 2.0 2.0 0.181 0.115 0.4225 0.4723 11.53 
0.105 2 2 0 2.0 2.0 0.196 0.134 0.4317 0.4836 11.53 
0.106 2 2 0 2.0 2.0 0.173 0.131 0.4317 0.5149 11.53 
0.107 2 2 0 2.0 2.0 0.142 0.137 0.4317 0.5020 11.53 
0.108 2 2 0 2.0 2.0 0.135 0.124 0.4410 0.4836 11.53 
0.109 2 2 0 2.0 2.0 0.142 0.112 0.4462 0.4956 11.52 
0.110 2 2 0 2.0 2.0 0.177 0.112 0.3615 0.4956 11.52 
0.111 2 2 0 2.0 2.0 0.195 0.101 0.4181 0.5020 11.53 
0.112 2 2 0 2.0 2.0 0.173 0.076 0.4317 0.5020 11.52 
0.113 2 2 0 2.0 2.0 0.145 0.078 0.4410 0.4956 11.52 
0.114 2 2 0 2.0 2.0 0.123 0.077 0.3522 0.4956 11.52 
0.115 2 2 0 2.0 2.0 0.115 0.082 0.4137 0.4956 11.52 
0.116 2 2 0 2.0 2.0 0.082 0.111 0.4510 0.4956 11.52 
0.117 2 2 0 2.0 2.0 0.130 0.119 0.4510 0.4956 11.52 
0.118 2 2 0 2.0 2.0 0.184 0.126 0.3550 0.4956 11.52 
0.119 2 2 0 2.0 2.0 0.180 0.124 0.4269 0.4836 11.52 
0.120 2 2 0 2.0 2.0 0.155 0.101 0.4410 0.4956 11.53 
0.121 2 2 0 2.0 2.0 0.140 0.084 0.4269 0.5020 11.53 
0.122 2 2 0 2.0 2.0 0.124 0.092 0.4667 0.5020 11.52 
0.123 2 2 0 2.0 2.0 0.139 0.087 0.4779 0.5020 11.52 
0.124 2 2 0 2.0 2.0 0.154 0.097 0.4723 0.5149 11.52 
0.125 2 2 0 2.0 2.0 0.147 0.101 0.3936 0.5020 11.52 
0.126 2 2 0 2.0 2.0 0.121 0.096 0.4462 0.5020 11.53 
0.127 2 2 0 2.0 2.0 0.085 0.077 0.4269 0.4956 11.53 
0.128 2 2 0 2.0 2.0 0.085 0.083 0.4269 0.5020 11.53 
0.129 2 2 0 2.0 2.0 0.056 0.104 0.4667 0.4956 11.53 
0.130 2 2 0 2.0 2.0 0.116 0.141 0.4510 0.5020 11.52 
0.131 2 2 0 2.0 2.0 0.149 0.157 0.4615 0.5081 11.53 
0.132 2 2 0 2.0 2.0 0.122 0.139 0.4317 0.5149 11.53 
0.133 2 2 0 2.0 2.0 0.098 0.121 0.4779 0.5020 11.53 
0.134 2 2 0 2.0 2.0 0.118 0.097 0.4779 0.5020 11.53 
0.135 2 2 0 2.0 2.0 0.124 0.078 0.3787 0.5149 11.53 
0.136 2 2 0 2.0 2.0 0.149 0.077 0.4362 0.5149 11.53 
0.137 2 2 0 2.0 2.0 0.154 0.093 0.4667 0.5213 11.53 
0.138 2 2 0 2.0 2.0 0.145 0.100 0.4723 0.5213 11.53 
0.139 2 2 0 2.0 2.0 0.127 0.094 0.3896 0.5149 11.53 
0.140 2 2 0 2.0 2.0 0.112 0.098 0.4462 0.5081 11.53 
0.141 2 2 0 2.0 2.0 0.119 0.089 0.4615 0.5213 11.52 
0.142 2 2 0 2.0 2.0 0.083 0.091 0.3976 0.5213 11.52 
0.143 2 2 0 2.0 2.0 0.127 0.112 0.4510 0.5020 11.52 
0.144 2 2 0 2.0 2.0 0.179 0.129 0.4510 0.5426 11.53 
0.145 2 2 0 2.0 2.0 0.169 0.120 0.4615 0.5281 11.53 
0.146 2 2 0 2.0 2.0 0.129 0.116 0.3860 0.5149 11.50 
0.147 2 2 0 2.0 2.0 0.118 0.105 0.4462 0.5149 11.51 
0.148 2 2 0 2.0 2.0 0.123 0.089 0.4562 0.5213 11.53 
0.149 2 2 0 2.0 2.0 0.146 0.086 0.4097 0.5281 11.53 
0.150 2 2 0 2.0 2.0 0.173 0.074 0.4510 0.5213 11.53 
0.151 2 2 0 2.0 2.0 0.159 0.071 0.4615 0.5213 11.52 
0.152 2 2 0 2.0 2.0 0.136 0.070 0.4723 0.5213 11.52 
0.153 2 2 0 2.0 2.0 0.123 0.074 0.3896 0.5213 11.52 
0.154 2 2 0 2.0 2.0 0.119 0.086 0.4510 0.5149 11.53 
0.155 2 2 0 2.0 2.0 0.105 0.093 0.4723 0.5149 11.53 
0.156 2 2 0 2.0 2.0 0.085 0.109 0.3860 0.5149 11.53 
0.157 2 2 0 2.0 2.0 0.132 0.109 0.4410 0.5020 11.53 
0.158 2 2 0 2.0 2.0 0.165 0.111 0.4779 0.5081 11.53 
0.159 2 2 0 2.0 2.0 0.139 0.100 0.4836 0.5149 11.53 
0.160 2 2 0 2.0 2.0 0.106 0.100 0.3751 0.5149 11.53 
0.161 2 2 0 2.0 2.0 0.120 0.093 0.4410 0.5149 11.53 
0.162 2 2 0 2.0 2.0 0.129 0.089 0.4667 0.5213 11.53 
0.163 2 2 0 2.0 2.0 0.150 0.094 0.4510 0.5213 11.53 
0.164 2 2 0 2.0 2.0 0.150 0.092 0.4956 0.5213 11.53 
0.165 2 2 0 2.0 2.0 0.115 0.101 0.5081 0.5149 11.52 
0.166 2 2 0 2.0 2.0 0.094 0.102 0.4779 0.5149 11.52 
0.167 2 2 0 2.0 2.0 0.112 0.107 0.4956 0.5149 11.52 
0.168 2 2 0 2.0 2.0 0.093 0.131 0.4510 0.5213 11.50 
0.169 2 2 0 2.0 2.0 0.111 0.117 0.4723 0.5281 11.52 
0.170 2 2 0 2.0 2.0 0.150 0.101 0.4615 0.5281 11.53 
0.171 2 2 0 2.0 2.0 0.124 0.095 0.4956 0.5149 11.53 
0.172 2 2 0 2.0 2.0 0.083 0.089 0.4723 0.5281 11.53 
0.173 2 2 0 2.0 2.0 0.082 0.090 0.4225 0.5281 11.53 
0.174 2 2 0 2.0 2.0 0.108 0.090 0.4896 0.5354 11.53 
0.175 2 2 0 2.0 2.0 0.142 0.091 0.4836 0.5281 11.53 
0.176 2 2 0 2.0 2.0 0.142 0.084 0.4836 0.5281 11.53 
0.177 2 2 0 2.0 2.0 0.101 0.071 0.3823 0.5213 11.52 
0.178 2 2 0 2.0 2.0 0.139 0.056 0.4462 0.5213 11.53 
0.179 2 2 0 2.0 2.0 0.147 0.080 0.4836 0.5354 11.53 
0.180 2 2 0 2.0 2.0 0.123 0.104 0.4016 0.5149 11.53 
0.181 2 2 0 2.0 2.0 0.114 0.120 0.4615 0.5213 11.53 
0.182 2 2 0 2.0 2.0 0.104 0.105 0.4615 0.5426 11.53 
0.183 2 2 0 2.0 2.0 0.088 0.098 0.4723 0.5213 11.53 
0.184 2 2 0 2.0 2.0 0.148 0.089 0.4410 0.5281 11.52 
0.185 2 2 0 2.0 2.0 0.137 0.090 0.4779 0.5354 11.53 
0.186 2 2 0 2.0 2.0 0.108 0.095 0.4836 0.5426 11.53 
0.187 2 2 0 2.0 2.0 0.103 0.087 0.3976 0.5354 11.53 
0.188 2 2 0 2.0 2.0 0.111 0.081 0.4615 0.5281 11.53 
0.189 2 2 0 2.0 2.0 0.146 0.069 0.4667 0.5281 11.53 
0.190 2 2 0 2.0 2.0 0.150 0.057 0.4723 0.5281 11.53 
0.191 2 2 0 2.0 2.0 0.143 0.061 0.4779 0.5213 11.52 
0.192 2 2 0 2.0 2.0 0.146 0.077 0.4779 0.5213 11.52 
0.193 2 2 0 2.0 2.0 0.123 0.101 0.4836 0.5213 11.52 
0.194 2 2 0 2.0 2.0 0.123 0.105 0.3936 0.5149 11.52 
0.195 2 2 0 2.0 2.0 0.112 0.107 0.4562 0.5281 11.53 
0.196 2 2 0 2.0 2.0 0.096 0.094 0.4723 0.5281 11.53 
0.197 2 2 0 2.0 2.0 0.158 0.088 0.4056 0.5281 11.53 
0.198 2 2 0 2.0 2.0 0.154 0.090 0.4462 0.5354 11.52 
0.199 2 2 0 2.0 2.0 0.118 0.103 0.4836 0.5281 11.53 
0.200 2 2 0 2.0 2.0 0.100 0.106 0.4896 0.5281 11.53 
0.201 2 2 1 4.0 4.0 0.106 0.112 0.3787 0.5281 11.53 
0.202 2 2 1 4.0 4.0 0.180 0.118 0.4462 0.5213 11.52 
0.203 2 2 1 4.0 4.0 0.376 0.258 0.4723 0.5213 11.50 
0.204 2 2 1 4.0 4.0 0.500 0.418 0.4667 0.5354 11.49 
0.205 2 2 1 4.0 4.0 0.563 0.554 0.5213 0.5575 11.49 
0.206 2 2 1 4.0 4.0 0.587 0.538 0.5498 0.5735 11.48 
0.207 2 2 1 4.0 4.0 0.602 0.543 0.5149 0.5735 11.48 
0.208 2 2 1 4.0 4.0 0.589 0.557 0.5655 0.5904 11.49 
0.209 2 2 1 4.0 4.0 0.504 0.538 0.5498 0.6177 11.49 
0.210 2 2 1 4.0 4.0 0.488 0.541 0.5426 0.6374 11.50 
0.211 2 2 1 4.0 4.0 0.503 0.489 0.5655 0.6374 11.50 
0.212 2 2 1 4.0 4.0 0.508 0.493 0.5992 0.6474 11.50 
0.213 2 2 1 4.0 4.0 0.525 0.503 0.6374 0.6583 11.50 
0.214 2 2 1 4.0 4.0 0.492 0.500 0.6374 0.6804 11.49 
0.215 2 2 1 4.0 4.0 0.510 0.505 0.5820 0.6804 11.50 
0.216 2 2 1 4.0 4.0 0.511 0.462 0.6583 0.7169 11.49 
0.217 2 2 1 4.0 4.0 0.492 0.447 0.6804 0.6924 11.49 
0.218 2 2 1 4.0 4.0 0.468 0.443 0.7044 0.7169 11.49 
0.219 2 2 1 4.0 4.0 0.402 0.444 0.6924 0.7575 11.50 
0.220 2 2 1 4.0 4.0 0.369 0.380 0.6583 0.7434 11.50 
0.221 2 2 1 4.0 4.0 0.382 0.367 0.7169 0.7575 11.51 
0.222 2 2 1 4.0 4.0 0.383 0.381 0.6085 0.7575 11.50 
0.223 2 2 1 4.0 4.0 0.363 0.401 0.6924 0.7723 11.50 
0.224 2 2 1 4.0 4.0 0.356 0.399 0.7302 0.7872 11.50 
0.225 2 2 1 4.0 4.0 0.353 0.371 0.7169 0.7723 11.50 
0.226 2 2 1 4.0 4.0 0.355 0.372 0.7575 0.7872 11.50 
0.227 2 2 1 4.0 4.0 0.369 0.371 0.7302 0.8032 11.50 
0.228 2 2 1 4.0 4.0 0.360 0.354 0.7723 0.8193 11.50 
0.229 2 2 1 4.0 4.0 0.382 0.343 0.6924 0.8193 11.51 
0.230 2 2 1 4.0 4.0 0.382 0.349 0.7872 0.8193 11.51 
0.231 2 2 1 4.0 4.0 0.367 0.371 0.6924 0.8366 11.51 
0.232 2 2 1 4.0 4.0 0.314 0.398 0.7575 0.8543 11.51 
0.233 2 2 1 4.0 4.0 0.323 0.338 0.7575 0.8543 11.51 
0.234 2 2 1 4.0 4.0 0.336 0.326 0.8193 0.8727 11.51 
0.235 2 2 1 4.0 4.0 0.346 0.333 0.7723 0.8924 11.52 
0.236 2 2 1 4.0 4.0 0.330 0.322 0.7434 0.8924 11.52 
0.237 2 2 1 4.0 4.0 0.306 0.304 0.7723 0.8924 11.52 
0.238 2 2 1 4.0 4.0 0.290 0.301 0.8032 0.9125 11.52 
0.239 2 2 1 4.0 4.0 0.316 0.347 0.7872 0.8924 11.51 
0.240 2 2 1 4.0 4.0 0.335 0.327 0.8543 0.9338 11.51 
0.241 2 2 1 4.0 4.0 0.336 0.285 0.8032 0.9125 11.51 
0.242 2 2 1 4.0 4.0 0.294 0.279 0.8543 0.9338 11.51 
0.243 2 2 1 4.0 4.0 0.287 0.270 0.8366 0.9338 11.51 
0.244 2 2 1 4.0 4.0 0.253 0.256 0.8543 0.9338 11.51 
0.245 2 2 1 4.0 4.0 0.259 0.258 0.8366 0.9338 11.51 
0.246 2 2 1 4.0 4.0 0.244 0.291 0.8543 0.9338 11.51 
0.247 2 2 1 4.0 4.0 0.287 0.286 0.8366 0.9338 11.52 
0.248 2 2 1 4.0 4.0 0.317 0.261 0.8727 0.9559 11.52 
0.249 2 2 1 4.0 4.0 0.303 0.245 0.8924 0.9796 11.52 
0.250 2 2 1 4.0 4.0 0.271 0.252 0.8193 0.9796 11.52 
0.251 2 2 1 4.0 4.0 0.246 0.257 0.8924 0.9796 11.52 
0.252 2 2 1 4.0 4.0 0.249 0.247 0.8032 0.9796 11.52 
0.253 2 2 1 4.0 4.0 0.254 0.282 0.9125 0.9796 11.52 
0.254 2 2 1 4.0 4.0 0.256 0.268 0.8543 0.9796 11.52 
0.255 2 2 1 4.0 4.0 0.275 0.230 0.8924 0.9796 11.52 
0.256 2 2 1 4.0 4.0 0.296 0.230 0.9338 1.0041 11.52 
0.257 2 2 1 4.0 4.0 0.272 0.224 0.8727 1.0041 11.51 
0.258 2 2 1 4.0 4.0 0.230 0.225 0.8543 1.0298 11.52 
0.259 2 2 1 4.0 4.0 0.195 0.227 0.8727 1.0041 11.52 
0.260 2 2 1 4.0 4.0 0.198 0.251 0.9125 1.0298 11.52 
0.261 2 2 1 4.0 4.0 0.193 0.245 0.9559 1.0298 11.52 
0.262 2 2 1 4.0 4.0 0.217 0.224 0.9559 1.0298 11.52 
0.263 2 2 1 4.0 4.0 0.264 0.201 0.9125 1.0298 11.53 
0.264 2 2 1 4.0 4.0 0.264 0.192 0.8543 1.0298 11.52 
0.265 2 2 1 4.0 4.0 0.214 0.186 0.9338 1.0298 11.52 
0.266 2 2 1 4.0 4.0 0.187 0.205 0.9338 1.0298 11.52 
0.267 2 2 1 4.0 4.0 0.174 0.213 0.9796 1.0298 11.52 
0.268 2 2 1 4.0 4.0 0.210 0.200 0.9338 1.0298 11.52 
0.269 2 2 1 4.0 4.0 0.214 0.199 0.9796 1.0567 11.52 
0.270 2 2 1 4.0 4.0 0.207 0.192 1.0041 1.0567 11.52 
0.271 2 2 1 4.0 4.0 0.245 0.202 0.9559 1.0567 11.52 
0.272 2 2 1 4.0 4.0 0.251 0.214 1.0041 1.0567 11.52 
0.273 2 2 1 4.0 4.0 0.197 0.218 0.9338 1.0567 11.53 
0.274 2 2 1 4.0 4.0 0.161 0.204 0.9796 1.0567 11.53 
0.275 2 2 1 4.0 4.0 0.178 0.198 0.9338 1.0852 11.53 
0.276 2 2 1 4.0 4.0 0.206 0.192 0.9559 1.0852 11.52 
0.277 2 2 1 4.0 4.0 0.211 0.179 1.0298 1.0852 11.52 
0.278 2 2 1 4.0 4.0 0.244 0.200 1.0041 1.0567 11.53 
0.279 2 2 1 4.0 4.0 0.249 0.219 0.9796 1.0852 11.53 
0.280 2 2 1 4.0 4.0 0.194 0.212 1.0041 1.0852 11.53 
0.281 2 2 1 4.0 4.0 0.150 0.192 0.9796 1.1153 11.52 
0.282 2 2 1 4.0 4.0 0.146 0.185 1.0298 1.1153 11.53 
0.283 2 2 1 4.0 4.0 0.182 0.150 0.9559 1.1153 11.53 
0.284 2 2 1 4.0 4.0 0.210 0.143 1.0041 1.1153 11.53 
0.285 2 2 1 4.0 4.0 0.204 0.180 1.0041 1.0852 11.53 
0.286 2 2 1 4.0 4.0 0.197 0.185 0.9796 1.0852 11.53 
0.287 2 2 1 4.0 4.0 0.218 0.162 1.0298 1.0852 11.53 
0.288 2 2 1 4.0 4.0 0.202 0.189 1.0298 1.0852 11.53 
0.289 2 2 1 4.0 4.0 0.164 0.180 1.0298 1.0852 11.53 
0.290 2 2 1 4.0 4.0 0.173 0.172 1.0298 1.0852 11.52 
0.291 2 2 1 4.0 4.0 0.184 0.197 0.9796 1.0852 11.53 
0.292 2 2 1 4.0 4.0 0.167 0.182 1.0298 1.0852 11.53 
0.293 2 2 1 4.0 4.0 0.209 0.156 0.9559 1.1153 11.53 
0.294 2 2 1 4.0 4.0 0.206 0.184 0.8193 1.1153 11.53 
0.295 2 2 1 4.0 4.0 0.172 0.177 0.9559 1.1153 11.52 
0.296 2 2 1 4.0 4.0 0.180 0.154 1.0298 1.0852 11.52 
0.297 2 2 1 4.0 4.0 0.184 0.166 1.0567 1.1153 11.52 
0.298 2 2 1 4.0 4.0 0.199 0.175 0.9338 1.1153 11.52 
0.299 2 2 1 4.0 4.0 0.179 0.156 1.0041 1.1153 11.52 
0.300 2 2 1 4.0 4.0 0.180 0.154 1.0298 1.1153 11.52 
0.301 2 2 1 4.0 4.0 0.216 0.151 1.0298 1.1153 11.53 
0.302 2 2 1 4.0 4.0 0.194 0.136 1.0567 1.1153 11.53 
0.303 2 2 1 4.0 4.0 0.147 0.158 1.0567 1.1153 11.53 
0.304 2 2 1 4.0 4.0 0.147 0.155 1.0041 1.1153 11.53 
0.305 2 2 1 4.0 4.0 0.166 0.147 1.0567 1.1474 11.53 
0.306 2 2 1 4.0 4.0 0.151 0.153 1.0567 1.1474 11.53 
0.307 2 2 1 4.0 4.0 0.183 0.169 1.0041 1.1474 11.53 
0.308 2 2 1 4.0 4.0 0.207 0.158 1.0567 1.1474 11.53 
0.309 2 2 1 4.0 4.0 0.173 0.170 1.0567 1.1474 11.53 
0.310 2 2 1 4.0 4.0 0.150 0.158 1.0567 1.1474 11.53 
0.311 2 2 1 4.0 4.0 0.165 0.143 1.0567 1.1474 11.53 
0.312 2 2 1 4.0 4.0 0.173 0.146 1.0041 1.1474 11.53 
0.313 2 2 1 4.0 4.0 0.164 0.149 1.0852 1.1474 11.53 
0.314 2 2 1 4.0 4.0 0.169 0.149 1.0298 1.1153 11.53 
0.315 2 2 1 4.0 4.0 0.213 0.166 1.0298 1.1474 11.52 
0.316 2 2 1 4.0 4.0 0.216 0.128 1.0852 1.1474 11.53 
0.317 2 2 1 4.0 4.0 0.179 0.139 1.0567 1.1474 11.53 
0.318 2 2 1 4.0 4.0 0.135 0.136 1.0298 1.1474 11.53 
0.319 2 2 1 4.0 4.0 0.132 0.124 1.0567 1.1474 11.53 
0.320 2 2 1 4.0 4.0 0.139 0.136 1.0567 1.1474 11.53 
0.321 2 2 1 4.0 4.0 0.192 0.161 1.0567 1.1153 11.53 
0.322 2 2 1 4.0 4.0 0.205 0.146 1.0852 1.1474 11.53 
0.323 2 2 1 4.0 4.0 0.166 0.134 1.0298 1.1812 11.53 
0.324 2 2 1 4.0 4.0 0.146 0.143 1.0567 1.1812 11.53 
0.325 2 2 1 4.0 4.0 0.148 0.127 1.0567 1.1474 11.52 
0.326 2 2 1 4.0 4.0 0.165 0.166 0.9125 1.1474 11.53 
0.327 2 2 1 4.0 4.0 0.173 0.179 1.0567 1.1474 11.53 
0.328 2 2 1 4.0 4.0 0.215 0.135 1.0567 1.1474 11.53 
0.329 2 2 1 4.0 4.0 0.222 0.120 1.0567 1.1812 11.53 
0.330 2 2 1 4.0 4.0 0.182 0.122 1.0567 1.1812 11.53 
0.331 2 2 1 4.0 4.0 0.142 0.120 1.0041 1.1812 11.53 
0.332 2 2 1 4.0 4.0 0.138 0.158 1.0852 1.1812 11.53 
0.333 2 2 1 4.0 4.0 0.141 0.156 1.0567 1.1812 11.52 
0.334 2 2 1 4.0 4.0 0.196 0.142 1.0298 1.1812 11.53 
0.335 2 2 1 4.0 4.0 0.189 0.104 1.1153 1.1812 11.53 
0.336 2 2 1 4.0 4.0 0.147 0.105 1.0852 1.1812 11.52 
0.337 2 2 1 4.0 4.0 0.117 0.093 1.0567 1.1812 11.52 
0.338 2 2 1 4.0 4.0 0.122 0.132 1.0852 1.1474 11.52 
0.339 2 2 1 4.0 4.0 0.146 0.145 1.0852 1.1474 11.52 
0.340 2 2 1 4.0 4.0 0.174 0.136 1.0852 1.1812 11.52 
0.341 2 2 1 4.0 4.0 0.206 0.135 1.1153 1.1812 11.52 
0.342 2 2 1 4.0 4.0 0.162 0.125 1.0852 1.1812 11.53 
0.343 2 2 1 4.0 4.0 0.192 0.120 1.0852 1.1812 11.52 
0.344 2 2 1 4.0 4.0 0.156 0.158 1.0852 1.1812 11.53 
0.345 2 2 1 4.0 4.0 0.104 0.147 1.0298 1.1812 11.53 
0.346 2 2 1 4.0 4.0 0.119 0.133 1.0852 1.1812 11.53 
0.347 2 2 1 4.0 4.0 0.138 0.130 1.1153 1.1812 11.52 
0.348 2 2 1 4.0 4.0 0.189 0.124 1.0567 1.1812 11.53 
0.349 2 2 1 4.0 4.0 0.199 0.130 1.0852 1.1474 11.53 
0.350 2 2 1 4.0 4.0 0.149 0.143 1.0567 1.1812 11.53 
0.351 2 2 1 4.0 4.0 0.104 0.135 1.0041 1.1812 11.53 
0.352 2 2 2 -4.0 -4.0 0.145 0.136 1.0567 1.1812 11.52 
0.353 2 2 2 -4.0 -4.0 -0.128 0.025 1.0567 1.1812 11.51 
0.354 2 2 2 -4.0 -4.0 -0.810 -0.649 1.0567 1.1812 11.46 
0.355 2 2 2 -4.0 -4.0 -1.251 -1.299 0.9125 1.1153 11.45 
0.356 2 2 2 -4.0 -4.0 -1.368 -1.547 0.9125 1.0852 11.43 
0.357 2 2 2 -4.0 -4.0 -1.507 -1.804 0.8366 1.0041 11.42 
0.358 2 2 2 -4.0 -4.0 -1.668 -1.930 0.7434 0.9559 11.42 
0.359 2 2 2 -4.0 -4.0 -1.736 -1.744 0.7044 0.9125 11.43 
0.360 2 2 2 -4.0 -4.0 -1.512 -1.738 0.7169 0.8032 11.44 
0.361 2 2 2 -4.0 -4.0 -1.481 -1.812 0.6374 0.7302 11.41 
0.362 2 2 2 -4.0 -4.0 -1.566 -1.892 0.6085 0.6924 11.41 
0.363 2 2 2 -4.0 -4.0 -1.583 -1.816 0.5575 0.6273 11.41 
0.364 2 2 2 -4.0 -4.0 -1.573 -1.666 0.3751 0.5992 11.42 
0.365 2 2 2 -4.0 -4.0 -1.495 -1.686 0.4056 0.5426 11.41 
0.366 2 2 2 -4.0 -4.0 -1.303 -1.687 0.3185 0.5081 11.41 
0.367 2 2 2 -4.0 -4.0 -1.331 -1.630 0.3088 0.4723 11.41 
0.368 2 2 2 -4.0 -4.0 -1.305 -1.633 0.2711 0.3683 11.43 
0.369 2 2 2 -4.0 -4.0 -1.251 -1.663 0.2193 0.3185 11.42 
0.370 2 2 2 -4.0 -4.0 -1.232 -1.403 0.1422 0.2767 11.42 
0.371 2 2 2 -4.0 -4.0 -1.276 -1.269 0.1325 0.2434 11.43 
0.372 2 2 2 -4.0 -4.0 -1.258 -1.275 0.1325 0.2229 11.44 
0.373 2 2 2 -4.0 -4.0 -1.207 -1.315 0.1325 0.1731 11.43 
0.374 2 2 2 -4.0 -4.0 -1.155 -1.335 0.1056 0.1731 11.43 
0.375 2 2 2 -4.0 -4.0 -1.093 -1.310 -0.0912 0.1619 11.44 
0.376 2 2 2 -4.0 -4.0 -1.024 -1.294 -0.0912 0.1153 11.44 
0.377 2 2 2 -4.0 -4.0 -1.027 -1.249 -0.0912 0.0896 11.44 
0.378 2 2 2 -4.0 -4.0 -1.060 -1.191 -0.1374 0.0731 11.45 
0.379 2 2 2 -4.0 -4.0 -1.034 -1.176 -0.1374 -0.0623 11.45 
0.380 2 2 2 -4.0 -4.0 -0.966 -1.143 -0.2345 -0.0623 11.45 
0.381 2 2 2 -4.0 -4.0 -0.797 -1.138 -0.2590 -0.0623 11.46 
0.382 2 2 2 -4.0 -4.0 -0.770 -1.126 -0.3402 -0.1590 11.47 
0.383 2 2 2 -4.0 -4.0 -0.769 -1.093 -0.3402 -0.1590 11.46 
0.384 2 2 2 -4.0 -4.0 -0.767 -1.049 -0.2767 -0.2169 11.45 
0.385 2 2 2 -4.0 -4.0 -0.756 -0.977 -0.3683 -0.2675 11.47 
0.386 2 2 2 -4.0 -4.0 -0.755 -0.902 -0.3896 -0.2675 11.46 
0.387 2 2 2 -4.0 -4.0 -0.746 -0.872 -0.4269 -0.2996 11.46 
0.388 2 2 2 -4.0 -4.0 -0.737 -0.847 -0.3582 -0.3374 11.46 
0.389 2 2 2 -4.0 -4.0 -0.695 -0.824 -0.4097 -0.3582 11.47 
0.390 2 2 2 -4.0 -4.0 -0.579 -0.822 -0.4836 -0.3651 11.48 
0.391 2 2 2 -4.0 -4.0 -0.562 -0.815 -0.4615 -0.3860 11.48 
0.392 2 2 2 -4.0 -4.0 -0.571 -0.808 -0.4896 -0.4097 11.47 
0.393 2 2 2 -4.0 -4.0 -0.586 -0.747 -0.4896 -0.4317 11.48 
0.394 2 2 2 -4.0 -4.0 -0.592 -0.683 -0.5281 -0.4462 11.47 
0.395 2 2 2 -4.0 -4.0 -0.566 -0.675 -0.5575 -0.4667 11.48 
0.396 2 2 2 -4.0 -4.0 -0.522 -0.680 -0.5820 -0.4896 11.48 
0.397 2 2 2 -4.0 -4.0 -0.536 -0.686 -0.5354 -0.4956 11.48 
0.398 2 2 2 -4.0 -4.0 -0.558 -0.674 -0.5735 -0.5149 11.48 
0.399 2 2 2 -4.0 -4.0 -0.561 -0.675 -0.6583 -0.5426 11.48 
0.400 2 2 2 -4.0 -4.0 -0.570 -0.608 -0.6374 -0.5575 11.48 
0.401 2 2 2 -4.0 -4.0 -0.528 -0.530 -0.6374 -0.5735 11.48 
0.402 2 2 2 -4.0 -4.0 -0.461 -0.538 -0.5904 -0.5904 11.48 
0.403 2 2 2 -4.0 -4.0 -0.457 -0.534 -0.6273 -0.6177 11.49 
0.404 2 2 2 -4.0 -4.0 -0.444 -0.552 -0.7044 -0.6085 11.49 
0.405 2 2 2 -4.0 -4.0 -0.460 -0.523 -0.6474 -0.6374 11.49 
0.406 2 2 2 -4.0 -4.0 -0.418 -0.499 -0.6691 -0.6374 11.50 
0.407 2 2 2 -4.0 -4.0 -0.433 -0.509 -0.6474 -0.6583 11.49 
0.408 2 2 2 -4.0 -4.0 -0.451 -0.504 -0.6924 -0.6804 11.50 
0.409 2 2 2 -4.0 -4.0 -0.459 -0.491 -0.6691 -0.6924 11.49 
0.410 2 2 2 -4.0 -4.0 -0.441 -0.418 -0.7044 -0.7044 11.50 
0.411 2 2 2 -4.0 -4.0 -0.373 -0.401 -0.7575 -0.7169 11.50 
0.412 2 2 2 -4.0 -4.0 -0.352 -0.416 -0.7302 -0.7044 11.49 
0.413 2 2 2 -4.0 -4.0 -0.352 -0.452 -0.7723 -0.7434 11.50 
0.414 2 2 2 -4.0 -4.0 -0.361 -0.445 -0.7575 -0.7169 11.50 
0.415 2 2 2 -4.0 -4.0 -0.326 -0.426 -0.8032 -0.7434 11.50 
0.416 2 2 2 -4.0 -4.0 -0.330 -0.439 -0.7575 -0.7575 11.50 
0.417 2 2 2 -4.0 -4.0 -0.352 -0.428 -0.8193 -0.7575 11.49 
0.418 2 2 2 -4.0 -4.0 -0.398 -0.419 -0.7723 -0.7723 11.49 
0.419 2 2 2 -4.0 -4.0 -0.373 -0.393 -0.8193 -0.7872 11.50 
0.420 2 2 2 -4.0 -4.0 -0.385 -0.378 -0.8032 -0.8032 11.50 
0.421 2 2 2 -4.0 -4.0 -0.400 -0.358 -0.8193 -0.8032 11.50 
0.422 2 2 2 -4.0 -4.0 -0.387 -0.375 -0.8193 -0.8193 11.49 
0.423 2 2 2 -4.0 -4.0 -0.322 -0.344 -0.8032 -0.8366 11.50 
0.424 2 2 2 -4.0 -4.0 -0.311 -0.357 -0.7872 -0.8193 11.49 
0.425 2 2 2 -4.0 -4.0 -0.314 -0.350 -0.8543 -0.8366 11.50 
0.426 2 2 2 -4.0 -4.0 -0.332 -0.365 -0.8366 -0.8366 11.49 
0.427 2 2 2 -4.0 -4.0 -0.291 -0.326 -0.8727 -0.8543 11.50 
0.428 2 2 2 -4.0 -4.0 -0.278 -0.308 -0.8032 -0.8727 11.50 
0.429 2 2 2 -4.0 -4.0 -0.278 -0.306 -0.8032 -0.8366 11.50 
0.430 2 2 2 -4.0 -4.0 -0.279 -0.336 -0.8366 -0.8543 11.50 
0.431 2 2 2 -4.0 -4.0 -0.289 -0.314 -0.8032 -0.8727 11.51 
0.432 2 2 2 -4.0 -4.0 -0.326 -0.305 -0.8543 -0.8727 11.50 
0.433 2 2 2 -4.0 -4.0 -0.343 -0.285 -0.8193 -0.8924 11.50 
0.434 2 2 2 -4.0 -4.0 -0.287 -0.291 -0.8727 -0.9125 11.51 
0.435 2 2 2 -4.0 -4.0 -0.246 -0.283 -0.8193 -0.9125 11.51 
0.436 2 2 2 -4.0 -4.0 -0.234 -0.286 -0.8924 -0.9125 11.51 
0.437 2 2 2 -4.0 -4.0 -0.253 -0.292 -0.8543 -0.9338 11.50 
0.438 2 2 2 -4.0 -4.0 -0.247 -0.281 -0.8924 -0.9125 11.51 
0.439 2 2 2 -4.0 -4.0 -0.285 -0.287 -0.8543 -0.9338 11.51 
0.440 2 2 2 -4.0 -4.0 -0.323 -0.265 -0.8366 -0.9338 11.50 
0.441 2 2 2 -4.0 -4.0 -0.348 -0.279 -0.8924 -0.9559 11.51 
0.442 2 2 2 -4.0 -4.0 -0.325 -0.268 -0.9125 -0.9559 11.51 
0.443 2 2 2 -4.0 -4.0 -0.288 -0.237 -0.9125 -0.9559 11.51 
0.444 2 2 2 -4.0 -4.0 -0.254 -0.244 -0.9559 -0.9559 11.51 
0.445 2 2 2 -4.0 -4.0 -0.231 -0.244 -0.8924 -0.9559 11.51 
0.446 2 2 2 -4.0 -4.0 -0.246 -0.260 -0.8727 -0.9559 11.51 
0.447 2 2 2 -4.0 -4.0 -0.252 -0.245 -0.9338 -0.9559 11.51 
0.448 2 2 2 -4.0 -4.0 -0.268 -0.245 -0.9559 -0.9796 11.52 
0.449 2 2 2 -4.0 -4.0 -0.268 -0.222 -0.8543 -0.9796 11.51 
0.450 2 2 2 -4.0 -4.0 -0.265 -0.216 -0.9796 -0.9796 11.52 
0.451 2 2 2 -4.0 -4.0 -0.265 -0.234 -0.9125 -0.9559 11.51 
0.452 2 2 2 -4.0 -4.0 -0.225 -0.231 -0.9796 -0.9559 11.51 
0.453 2 2 2 -4.0 -4.0 -0.215 -0.211 -0.9338 -0.9559 11.51 
0.454 2 2 2 -4.0 -4.0 -0.219 -0.210 -0.9338 -0.9796 11.51 
0.455 2 2 2 -4.0 -4.0 -0.207 -0.208 -0.9559 -1.0041 11.51 
0.456 2 2 2 -4.0 -4.0 -0.204 -0.210 -0.8924 -1.0041 11.51 
0.457 2 2 2 -4.0 -4.0 -0.212 -0.215 -0.9796 -1.0298 11.51 
0.458 2 2 2 -4.0 -4.0 -0.252 -0.231 -0.9796 -1.0041 11.51 
0.459 2 2 2 -4.0 -4.0 -0.269 -0.219 -0.9559 -1.0041 11.52 
0.460 2 2 2 -4.0 -4.0 -0.293 -0.209 -1.0041 -1.0041 11.51 
0.461 2 2 2 -4.0 -4.0 -0.265 -0.211 -0.9125 -1.0298 11.52 
0.462 2 2 2 -4.0 -4.0 -0.217 -0.201 -1.0041 -1.0298 11.53 
0.463 2 2 2 -4.0 -4.0 -0.198 -0.191 -1.0041 -1.0298 11.52 
0.464 2 2 2 -4.0 -4.0 -0.181 -0.209 -1.0041 -1.0298 11.52 
0.465 2 2 2 -4.0 -4.0 -0.186 -0.216 -0.9559 -1.0298 11.52 
0.466 2 2 2 -4.0 -4.0 -0.219 -0.207 -0.9338 -1.0298 11.51 
0.467 2 2 2 -4.0 -4.0 -0.250 -0.200 -1.0041 -1.0298 11.52 
0.468 2 2 2 -4.0 -4.0 -0.291 -0.194 -1.0041 -1.0298 11.51 
0.469 2 2 2 -4.0 -4.0 -0.269 -0.162 -0.8032 -1.0298 11.51 
0.470 2 2 2 -4.0 -4.0 -0.222 -0.173 -0.9796 -1.0298 11.51 
0.471 2 2 2 -4.0 -4.0 -0.181 -0.196 -0.8924 -1.0298 11.51 
0.472 2 2 2 -4.0 -4.0 -0.160 -0.184 -1.0041 -1.0298 11.52 
0.473 2 2 2 -4.0 -4.0 -0.185 -0.183 -0.9796 -1.0298 11.52 
0.474 2 2 2 -4.0 -4.0 -0.210 -0.180 -1.0041 -1.0298 11.52 
0.475 2 2 2 -4.0 -4.0 -0.232 -0.154 -1.0298 -1.0298 11.51 
0.476 2 2 2 -4.0 -4.0 -0.253 -0.165 -1.0298 -1.0567 11.51 
0.477 2 2 2 -4.0 -4.0 -0.257 -0.172 -1.0567 -1.0298 11.52 
0.478 2 2 2 -4.0 -4.0 -0.202 -0.174 -1.0041 -1.0567 11.52 
0.479 2 2 2 -4.0 -4.0 -0.189 -0.170 -1.0041 -1.0567 11.51 
0.480 2 2 2 -4.0 -4.0 -0.192 -0.180 -1.0567 -1.0852 11.51 
0.481 2 2 2 -4.0 -4.0 -0.225 -0.161 -1.0041 -1.0567 11.51 
0.482 2 2 2 -4.0 -4.0 -0.193 -0.142 -0.9796 -1.0852 11.52 
0.483 2 2 2 -4.0 -4.0 -0.201 -0.162 -1.0041 -1.0852 11.51 
0.484 2 2 2 -4.0 -4.0 -0.218 -0.175 -1.0041 -1.0852 11.51 
0.485 2 2 2 -4.0 -4.0 -0.198 -0.192 -1.0298 -1.0852 11.50 
0.486 2 2 2 -4.0 -4.0 -0.180 -0.190 -1.0041 -1.0852 11.51 
0.487 2 2 2 -4.0 -4.0 -0.189 -0.175 -1.0567 -1.0852 11.51 
0.488 2 2 2 -4.0 -4.0 -0.210 -0.133 -1.0567 -1.0852 11.52 
0.489 2 2 2 -4.0 -4.0 -0.219 -0.173 -0.9796 -1.0567 11.52 
0.490 2 2 2 -4.0 -4.0 -0.219 -0.184 -1.0567 -1.0567 11.52 
0.491 2 2 2 -4.0 -4.0 -0.195 -0.165 -1.0567 -1.0567 11.52 
0.492 2 2 2 -4.0 -4.0 -0.174 -0.165 -1.0298 -1.0567 11.52 
0.493 2 2 2 -4.0 -4.0 -0.159 -0.169 -1.0852 -1.0852 11.52 
0.494 2 2 2 -4.0 -4.0 -0.166 -0.135 -1.0567 -1.0567 11.52 
0.495 2 2 2 -4.0 -4.0 -0.173 -0.148 -1.0298 -1.1153 11.51 
0.496 2 2 2 -4.0 -4.0 -0.131 -0.165 -1.0852 -1.0852 11.52 
0.497 2 2 2 -4.0 -4.0 -0.147 -0.158 -1.0567 -1.0852 11.52 
0.498 2 2 2 -4.0 -4.0 -0.177 -0.158 -0.9796 -1.0852 11.52 
0.499 2 2 2 -4.0 -4.0 -0.223 -0.178 -1.0567 -1.0852 11.52 
0.500 2 2 2 -4.0 -4.0 -0.269 -0.147 -1.0041 -1.0852 11.52 
0.501 2 2 2 -4.0 -4.0 -0.255 -0.131 -1.0852 -1.0852 11.52 
0.502 2 2 2 -4.0 -4.0 -0.201 -0.146 -1.0298 -1.0852 11.52 
0.503 2 2 3 0.0 0.0 -0.171 -0.154 -1.0567 -1.0852 11.51 
0.504 2 2 3 0.0 0.0 0.013 -0.108 -1.0567 -1.0852 11.53 
0.505 2 2 3 0.0 0.0 0.355 0.156 -1.0298 -1.0852 11.54 
0.506 2 2 3 0.0 0.0 0.633 0.455 -1.0567 -1.0852 11.53 
0.507 2 2 3 0.0 0.0 0.726 0.675 -1.0298 -1.0567 11.54 
0.508 2 2 3 0.0 0.0 0.667 0.744 -0.8727 -1.0041 11.54 
0.509 2 2 3 0.0 0.0 0.724 0.744 -0.9338 -1.0041 11.54 
0.510 2 2 3 0.0 0.0 0.789 0.801 -0.8032 -0.9796 11.54 
0.511 2 2 3 0.0 0.0 0.687 0.827 -0.8727 -0.9559 11.54 
0.512 2 2 3 0.0 0.0 0.667 0.725 -0.7575 -0.9338 11.54 
0.513 2 2 3 0.0 0.0 0.725 0.718 -0.7872 -0.8924 11.54 
0.514 2 2 3 0.0 0.0 0.765 0.755 -0.7044 -0.8727 11.54 
0.515 2 2 3 0.0 0.0 0.656 0.703 -0.7169 -0.8032 11.54 
0.516 2 2 3 0.0 0.0 0.556 0.645 -0.6474 -0.7872 11.54 
0.517 2 2 3 0.0 0.0 0.566 0.676 -0.6691 -0.7723 11.54 
0.518 2 2 3 0.0 0.0 0.602 0.711 -0.6804 -0.7302 11.54 
0.519 2 2 3 0.0 0.0 0.609 0.695 -0.5904 -0.7044 11.53 
0.520 2 2 3 0.0 0.0 0.539 0.598 -0.5735 -0.7044 11.53 
0.521 2 2 3 0.0 0.0 0.466 0.538 -0.6085 -0.6691 11.54 
0.522 2 2 3 0.0 0.0 0.475 0.578 -0.5281 -0.6273 11.54 
0.523 2 2 3 0.0 0.0 0.513 0.582 -0.5575 -0.6085 11.53 
0.524 2 2 3 0.0 0.0 0.534 0.580 -0.5655 -0.5992 11.54 
0.525 2 2 3 0.0 0.0 0.524 0.467 -0.3976 -0.5735 11.53 
0.526 2 2 3 0.0 0.0 0.485 0.428 -0.4362 -0.5575 11.53 
0.527 2 2 3 0.0 0.0 0.362 0.479 -0.4462 -0.5426 11.54 
0.528 2 2 3 0.0 0.0 0.340 0.519 -0.4615 -0.5149 11.54 
0.529 2 2 3 0.0 0.0 0.357 0.535 -0.3823 -0.5020 11.54 
0.530 2 2 3 0.0 0.0 0.374 0.515 -0.4016 -0.4836 11.54 
0.531 2 2 3 0.0 0.0 0.376 0.455 -0.3683 -0.4723 11.54 
0.532 2 2 3 0.0 0.0 0.366 0.363 -0.3976 -0.4667 11.54 
0.533 2 2 3 0.0 0.0 0.347 0.342 -0.3289 -0.4510 11.54 
0.534 2 2 3 0.0 0.0 0.323 0.360 -0.3430 -0.4317 11.53 
0.535 2 2 3 0.0 0.0 0.247 0.379 -0.2787 -0.4181 11.54 
0.536 2 2 3 0.0 0.0 0.230 0.386 -0.2711 -0.3936 11.54 
0.537 2 2 3 0.0 0.0 0.243 0.381 -0.3430 -0.3751 11.54 
0.538 2 2 3 0.0 0.0 0.254 0.363 -0.2434 -0.3402 11.54 
0.539 2 2 3 0.0 0.0 0.266 0.335 -0.2434 -0.3430 11.54 
0.540 2 2 3 0.0 0.0 0.267 0.268 -0.2731 -0.3265 11.54 
0.541 2 2 3 0.0 0.0 0.261 0.258 -0.2623 -0.3265 11.54 
0.542 2 2 3 0.0 0.0 0.255 0.261 -0.2623 -0.3185 11.53 
0.543 2 2 3 0.0 0.0 0.244 0.272 -0.2574 -0.2972 11.53 
0.544 2 2 3 0.0 0.0 0.234 0.272 -0.2538 -0.2868 11.54 
0.545 2 2 3 0.0 0.0 0.221 0.260 -0.1856 -0.2868 11.54 
0.546 2 2 3 0.0 0.0 0.207 0.251 -0.1856 -0.2623 11.54 
0.547 2 2 3 0.0 0.0 0.192 0.227 -0.1831 -0.2623 11.54 
0.548 2 2 3 0.0 0.0 0.174 0.206 -0.1831 -0.2538 11.54 
0.549 2 2 3 0.0 0.0 0.149 0.189 -0.1799 -0.2333 11.54 
0.550 2 2 3 0.0 0.0 0.118 0.193 -0.1562 -0.2333 11.54 
0.551 2 2 3 0.0 0.0 0.105 0.177 -0.1562 -0.2229 11.54 
0.552 2 2 3 0.0 0.0 0.093 0.145 -0.1606 -0.2229 11.54 
0.553 2 2 3 0.0 0.0 0.101 0.132 -0.1606 -0.2133 11.54 
0.554 2 2 3 0.0 0.0 0.106 0.138 -0.1606 -0.2133 11.54 
0.555 2 2 3 0.0 0.0 0.108 0.150 -0.1269 -0.2016 11.54 
0.556 2 2 3 0.0 0.0 0.103 0.162 -0.0964 -0.2016 11.54 
0.557 2 2 3 0.0 0.0 0.100 0.168 -0.0884 -0.1868 11.54 
0.558 2 2 3 0.0 0.0 0.096 0.169 -0.0884 -0.1868 11.54 
0.559 2 2 3 0.0 0.0 0.094 0.168 -0.0884 -0.1663 11.54 
0.560 2 2 3 0.0 0.0 0.079 0.173 -0.0884 -0.1663 11.53 
0.561 2 2 3 0.0 0.0 0.076 0.167 -0.0868 -0.1663 11.53 
0.562 2 2 3 0.0 0.0 0.069 0.154 -0.0743 -0.1366 11.54 
0.563 2 2 3 0.0 0.0 0.065 0.141 -0.0743 -0.1366 11.53 
0.564 2 2 3 0.0 0.0 0.059 0.129 -0.0743 -0.1366 11.54 
0.565 2 2 3 0.0 0.0 0.051 0.112 -0.0743 -0.1309 11.54 
0.566 2 2 3 0.0 0.0 0.047 0.101 -0.0743 -0.1261 11.54 
0.567 2 2 3 0.0 0.0 0.043 0.101 -0.0743 -0.1261 11.54 
0.568 2 2 3 0.0 0.0 0.040 0.096 -0.0643 -0.1261 11.54 
0.569 2 2 3 0.0 0.0 0.035 0.092 -0.0554 -0.1185 11.54 
0.570 2 2 3 0.0 0.0 0.031 0.093 -0.0486 -0.1185 11.54 
0.571 2 2 3 0.0 0.0 0.026 0.085 -0.0434 -0.1185 11.54 
0.572 2 2 3 0.0 0.0 0.020 0.076 -0.0390 -0.1145 11.54 
0.573 2 2 3 0.0 0.0 0.018 0.061 -0.0357 -0.0892 11.54 
0.574 2 2 3 0.0 0.0 0.014 0.051 -0.0325 -0.0876 11.53 
0.575 2 2 3 0.0 0.0 0.014 0.050 -0.0301 -0.0876 11.54 
0.576 2 2 3 0.0 0.0 0.006 0.058 -0.0281 -0.0876 11.54 
0.577 2 2 3 0.0 0.0 0.005 0.037 -0.0261 -0.0876 11.53 
0.578 2 2 3 0.0 0.0 0.005 0.034 -0.0245 -0.0811 11.54 
0.579 2 2 3 0.0 0.0 0.001 0.040 -0.0233 -0.0675 11.54 
0.580 2 2 3 0.0 0.0 0.002 0.040 -0.0217 -0.0627 11.54 
0.581 2 2 3 0.0 0.0 0.005 0.050 -0.0209 -0.0627 11.54 
0.582 2 2 3 0.0 0.0 0.001 0.054 -0.0197 -0.0627 11.54 
0.583 2 2 3 0.0 0.0 0.004 0.048 -0.0189 -0.0627 11.54 
0.584 2 2 3 0.0 0.0 0.008 0.045 -0.0181 -0.0627 11.53 
0.585 2 2 3 0.0 0.0 0.005 0.053 -0.0173 -0.0627 11.54 
0.586 2 2 3 0.0 0.0 0.005 0.052 -0.0165 -0.0610 11.54 
0.587 2 2 3 0.0 0.0 0.003 0.033 -0.0157 -0.0530 11.54 
0.588 2 2 3 0.0 0.0 0.004 0.035 -0.0153 -0.0466 11.54 
0.589 2 2 3 0.0 0.0 0.007 0.041 -0.0145 -0.0418 11.54 
0.590 2 2 3 0.0 0.0 0.007 0.040 -0.0141 -0.0398 11.54 
0.591 2 2 3 0.0 0.0 0.002 0.025 -0.0137 -0.0398 11.54 
0.592 2 2 3 0.0 0.0 0.001 0.026 -0.0133 -0.0398 11.54 
0.593 2 2 3 0.0 0.0 0.007 0.014 -0.0129 -0.0398 11.54 
0.594 2 2 3 0.0 0.0 0.006 0.017 -0.0125 -0.0398 11.54 
0.595 2 2 3 0.0 0.0 0.003 0.010 -0.0120 -0.0398 11.54 
0.596 2 2 3 0.0 0.0 0.002 0.008 -0.0116 -0.0398 11.54 
0.597 2 2 3 0.0 0.0 0.001 0.004 -0.0112 -0.0398 11.54 
0.598 2 2 3 0.0 0.0 -0.004 0.003 -0.0108 -0.0398 11.54 
0.599 2 2 3 0.0 0.0 0.005 -0.001 -0.0104 -0.0398 11.54 
0.600 2 2 3 0.0 0.0 0.001 -0.005 -0.0104 -0.0382 11.54 
0.601 2 2 3 0.0 0.0 -0.000 -0.015 -0.0100 -0.0349 11.54 
0.602 2 2 3 0.0 0.0 0.004 -0.011 -0.0096 -0.0321 11.54 
0.603 2 2 3 0.0 0.0 0.005 -0.017 -0.0096 -0.0297 11.53 
0.604 2 2 3 0.0 0.0 0.004 -0.014 -0.0092 -0.0277 11.54 
0.605 2 2 3 0.0 0.0 0.005 -0.004 -0.0092 -0.0257 11.54 
0.606 2 2 3 0.0 0.0 -0.001 -0.009 -0.0088 -0.0241 11.54 
0.607 2 2 3 0.0 0.0 -0.003 -0.006 -0.0088 -0.0229 11.54 
0.608 2 2 3 0.0 0.0 -0.000 -0.004 -0.0084 -0.0217 11.54 
0.609 2 2 3 0.0 0.0 0.001 -0.002 -0.0084 -0.0205 11.54 
0.610 2 2 3 0.0 0.0 -0.004 -0.003 -0.0080 -0.0193 11.54 
0.611 2 2 3 0.0 0.0 -0.004 -0.001 -0.0080 -0.0185 11.54 
0.612 2 2 3 0.0 0.0 -0.005 -0.005 -0.0076 -0.0177 11.54 
0.613 2 2 3 0.0 0.0 -0.003 -0.004 -0.0076 -0.0169 11.54 
0.614 2 2 3 0.0 0.0 -0.002 -0.002 -0.0076 -0.0161 11.54 
0.615 2 2 3 0.0 0.0 0.006 -0.003 -0.0072 -0.0157 11.54 
0.616 2 2 3 0.0 0.0 0.005 0.000 -0.0072 -0.0149 11.53 
0.617 2 2 3 0.0 0.0 0.004 0.008 -0.0072 -0.0145 11.53 
0.618 2 2 3 0.0 0.0 0.004 0.009 -0.0068 -0.0141 11.53 
0.619 2 2 3 0.0 0.0 -0.001 0.006 -0.0068 -0.0133 11.53 
0.620 2 2 3 0.0 0.0 0.001 0.001 -0.0068 -0.0129 11.54 
0.621 2 2 3 0.0 0.0 0.004 0.002 -0.0064 -0.0125 11.53 
0.622 2 2 3 0.0 0.0 0.002 0.005 -0.0064 -0.0120 11.53 
0.623 2 2 3 0.0 0.0 -0.002 -0.002 -0.0064 -0.0116 11.54 
0.624 2 2 3 0.0 0.0 0.001 0.002 -0.0064 -0.0116 11.53 
0.625 2 2 3 0.0 0.0 -0.000 -0.006 -0.0060 -0.0112 11.54 
0.626 2 2 3 0.0 0.0 -0.002 0.002 -0.0060 -0.0108 11.54 
0.627 2 2 3 0.0 0.0 -0.006 0.006 -0.0060 -0.0104 11.55 
0.628 2 2 3 0.0 0.0 -0.004 0.006 -0.0060 -0.0104 11.54 
0.629 2 2 3 0.0 0.0 -0.000 0.000 -0.0056 -0.0100 11.54 
0.630 2 2 3 0.0 0.0 -0.000 0.003 -0.0056 -0.0096 11.54 
0.631 2 2 3 0.0 0.0 0.002 -0.001 -0.0056 -0.0096 11.54 
0.632 2 2 3 0.0 0.0 -0.001 0.000 -0.0056 -0.0092 11.54 
0.633 2 2 3 0.0 0.0 -0.000 0.005 -0.0056 -0.0092 11.54 
0.634 2 2 3 0.0 0.0 -0.001 0.005 -0.0052 -0.0088 11.54 
0.635 2 2 3 0.0 0.0 0.003 0.002 -0.0052 -0.0084 11.54 
0.636 2 2 3 0.0 0.0 0.002 0.003 -0.0052 -0.0084 11.54 
0.637 2 2 3 0.0 0.0 -0.001 -0.001 -0.0052 -0.0084 11.54 
0.638 2 2 3 0.0 0.0 0.002 -0.003 -0.0052 -0.0080 11.54 
0.639 2 2 3 0.0 0.0 0.001 0.000 -0.0048 -0.0080 11.54 
0.640 2 2 3 0.0 0.0 0.001 0.005 -0.0048 -0.0076 11.54 
0.641 2 2 3 0.0 0.0 0.002 0.006 -0.0048 -0.0076 11.54 
0.642 2 2 3 0.0 0.0 0.002 0.005 -0.0048 -0.0076 11.54 
0.643 2 2 3 0.0 0.0 0.001 0.003 -0.0048 -0.0072 11.54 
0.644 2 2 3 0.0 0.0 0.001 -0.001 -0.0048 -0.0072 11.54 
0.645 2 2 3 0.0 0.0 -0.002 0.008 -0.0048 -0.0072 11.53 
0.646 2 2 3 0.0 0.0 0.013 -0.017 -0.0044 -0.0068 11.53 
0.647 2 2 3 0.0 0.0 0.012 -0.008 -0.0044 -0.0068 11.53 
0.648 2 2 3 0.0 0.0 0.004 -0.004 -0.0044 -0.0068 11.54 
0.649 2 2 3 0.0 0.0 -0.002 0.006 -0.0044 -0.0064 11.54 
0.650 2 2 3 0.0 0.0 -0.004 0.002 -0.0044 -0.0064 11.54 
0.651 2 2 3 0.0 0.0 0.001 0.002 -0.0044 -0.0064 11.54 
0.652 2 2 3 0.0 0.0 -0.006 0.004 -0.0044 -0.0064 11.54 
0.653 2 2 3 0.0 0.0 -0.004 -0.002 -0.0040 -0.0060 11.54 
0.654 2 2 3 0.0 0.0 -0.000 0.000 -0.0040 -0.0060 11.54 
0.655 2 2 3 0.0 0.0 -0.002 -0.004 -0.0040 -0.0060 11.54 
0.656 2 2 3 0.0 0.0 0.008 -0.003 -0.0040 -0.0060 11.54 
0.657 2 2 3 0.0 0.0 0.001 -0.001 -0.0040 -0.0056 11.54 
0.658 2 2 3 0.0 0.0 0.004 -0.001 -0.0040 -0.0056 11.54 
0.659 2 2 3 0.0 0.0 0.003 -0.008 -0.0040 -0.0056 11.54 
0.660 2 2 3 0.0 0.0 0.003 -0.006 -0.0040 -0.0056 11.54 
0.661 2 2 3 0.0 0.0 0.001 -0.005 -0.0040 -0.0052 11.54 
0.662 2 2 3 0.0 0.0 -0.000 0.002 -0.0036 -0.0052 11.54 
0.663 2 2 3 0.0 0.0 0.003 -0.005 -0.0036 -0.0052 11.54 
0.664 2 2 3 0.0 0.0 -0.000 -0.007 -0.0036 -0.0052 11.54 
0.665 2 2 3 0.0 0.0 0.001 -0.008 -0.0036 -0.0052 11.55 
