%% logfile from robot Liva (21)
% Liva (21)
%  1    time 0.000 sec
%  2  3  4   (mission 0), state 2, thread 2, line 0
%  5  6 Motor voltage [V] left, right: 2.0 2.0
%  7  8 Motor current left, right [A]: -0.033 -0.033
%  9 10 Wheel velocity [m/s] left, right: 0.0000 -0.0000
% 11    Battery voltage [V]: 12.18
0.001 2 2 0 2.0 2.0 0.136 0.028 0.0000 -0.0000 12.17 
0.002 2 2 0 2.0 2.0 0.276 0.269 0.0000 -0.0000 12.13 
0.003 2 2 0 2.0 2.0 0.507 0.371 0.0000 -0.0000 12.13 
0.004 2 2 0 2.0 2.0 0.509 0.501 0.0000 -0.0000 12.12 
0.005 2 2 0 2.0 2.0 0.541 0.549 0.0000 -0.0000 12.13 
0.006 2 2 0 2.0 2.0 0.659 0.497 0.0000 0.0000 12.12 
0.007 2 2 0 2.0 2.0 0.588 0.535 0.0000 0.0000 12.13 
0.008 2 2 0 2.0 2.0 0.540 0.503 0.0000 0.0000 12.11 
0.009 2 2 0 2.0 2.0 0.505 0.501 0.0000 0.0000 12.11 
0.010 2 2 0 2.0 2.0 0.474 0.526 0.0000 0.1060 12.14 
0.011 2 2 0 2.0 2.0 0.533 0.442 0.0000 0.1060 12.13 
0.012 2 2 0 2.0 2.0 0.473 0.461 0.1257 0.1060 12.14 
0.013 2 2 0 2.0 2.0 0.495 0.441 0.1257 0.1518 12.14 
0.014 2 2 0 2.0 2.0 0.436 0.431 0.1257 0.1518 12.13 
0.015 2 2 0 2.0 2.0 0.435 0.424 0.1390 0.1839 12.13 
0.016 2 2 0 2.0 2.0 0.423 0.429 0.1390 0.1839 12.13 
0.017 2 2 0 2.0 2.0 0.431 0.411 0.1823 0.1968 12.14 
0.018 2 2 0 2.0 2.0 0.350 0.399 0.1823 0.1968 12.13 
0.019 2 2 0 2.0 2.0 0.433 0.393 0.2016 0.2321 12.12 
0.020 2 2 0 2.0 2.0 0.366 0.406 0.2016 0.2494 12.13 
0.021 2 2 0 2.0 2.0 0.361 0.360 0.2321 0.2494 12.12 
0.022 2 2 0 2.0 2.0 0.394 0.362 0.2321 0.2522 12.11 
0.023 2 2 0 2.0 2.0 0.399 0.336 0.2241 0.2510 12.13 
0.024 2 2 0 2.0 2.0 0.316 0.367 0.2639 0.2510 12.12 
0.025 2 2 0 2.0 2.0 0.324 0.314 0.2639 0.2827 12.14 
0.026 2 2 0 2.0 2.0 0.316 0.336 0.2972 0.2787 12.13 
0.027 2 2 0 2.0 2.0 0.331 0.344 0.2908 0.2787 12.12 
0.028 2 2 0 2.0 2.0 0.308 0.300 0.2827 0.2996 12.14 
0.029 2 2 0 2.0 2.0 0.292 0.314 0.2731 0.3113 12.13 
0.030 2 2 0 2.0 2.0 0.311 0.365 0.3113 0.3317 12.15 
0.031 2 2 0 2.0 2.0 0.286 0.249 0.3346 0.3522 12.15 
0.032 2 2 0 2.0 2.0 0.251 0.293 0.3346 0.3346 12.13 
0.033 2 2 0 2.0 2.0 0.285 0.323 0.3185 0.3289 12.16 
0.034 2 2 0 2.0 2.0 0.307 0.306 0.2928 0.3346 12.14 
0.035 2 2 0 2.0 2.0 0.298 0.260 0.3490 0.3550 12.15 
0.036 2 2 0 2.0 2.0 0.309 0.286 0.3651 0.3137 12.15 
0.037 2 2 0 2.0 2.0 0.249 0.254 0.3651 0.3615 12.14 
0.038 2 2 0 2.0 2.0 0.224 0.278 0.3265 0.3787 12.14 
0.039 2 2 0 2.0 2.0 0.291 0.252 0.3715 0.3860 12.15 
0.040 2 2 0 2.0 2.0 0.204 0.260 0.3823 0.3522 12.13 
0.041 2 2 0 2.0 2.0 0.248 0.242 0.3936 0.3522 12.15 
0.042 2 2 0 2.0 2.0 0.266 0.221 0.3582 0.3823 12.15 
0.043 2 2 0 2.0 2.0 0.241 0.250 0.4016 0.3936 12.14 
0.044 2 2 0 2.0 2.0 0.184 0.202 0.4056 0.4016 12.13 
0.045 2 2 0 2.0 2.0 0.229 0.226 0.4137 0.3823 12.14 
0.046 2 2 0 2.0 2.0 0.200 0.270 0.3823 0.3936 12.15 
0.047 2 2 0 2.0 2.0 0.178 0.251 0.4016 0.3823 12.13 
0.048 2 2 0 2.0 2.0 0.212 0.206 0.3936 0.4016 12.16 
0.049 2 2 0 2.0 2.0 0.166 0.222 0.4137 0.4137 12.11 
0.050 2 2 0 2.0 2.0 0.203 0.193 0.4362 0.4056 12.14 
0.051 2 2 0 2.0 2.0 0.239 0.184 0.4410 0.4181 12.15 
0.052 2 2 0 2.0 2.0 0.233 0.237 0.3936 0.4225 12.16 
0.053 2 2 0 2.0 2.0 0.180 0.165 0.4225 0.4269 12.14 
0.054 2 2 0 2.0 2.0 0.244 0.235 0.4181 0.4269 12.13 
0.055 2 2 0 2.0 2.0 0.214 0.248 0.4362 0.4410 12.16 
0.056 2 2 0 2.0 2.0 0.163 0.198 0.4562 0.4410 12.16 
0.057 2 2 0 2.0 2.0 0.195 0.207 0.4615 0.4410 12.15 
0.058 2 2 0 2.0 2.0 0.175 0.215 0.4510 0.4362 12.14 
0.059 2 2 0 2.0 2.0 0.185 0.159 0.4723 0.4510 12.14 
0.060 2 2 0 2.0 2.0 0.225 0.180 0.4723 0.4615 12.14 
0.061 2 2 0 2.0 2.0 0.146 0.182 0.4562 0.4615 12.16 
0.062 2 2 0 2.0 2.0 0.139 0.210 0.4615 0.4723 12.13 
0.063 2 2 0 2.0 2.0 0.227 0.181 0.4615 0.4779 12.15 
0.064 2 2 0 2.0 2.0 0.154 0.184 0.4723 0.4723 12.15 
0.065 2 2 0 2.0 2.0 0.130 0.152 0.4836 0.4723 12.14 
0.066 2 2 0 2.0 2.0 0.176 0.176 0.4896 0.4779 12.15 
0.067 2 2 0 2.0 2.0 0.138 0.148 0.4956 0.4779 12.13 
0.068 2 2 0 2.0 2.0 0.126 0.174 0.4779 0.4667 12.15 
0.069 2 2 0 2.0 2.0 0.133 0.197 0.4836 0.4779 12.15 
0.070 2 2 0 2.0 2.0 0.117 0.175 0.4956 0.4896 12.15 
0.071 2 2 0 2.0 2.0 0.147 0.170 0.4723 0.4896 12.12 
0.072 2 2 0 2.0 2.0 0.235 0.172 0.4896 0.4896 12.13 
0.073 2 2 0 2.0 2.0 0.197 0.153 0.5149 0.4779 12.15 
0.074 2 2 0 2.0 2.0 0.161 0.130 0.4836 0.4836 12.16 
0.075 2 2 0 2.0 2.0 0.218 0.166 0.4956 0.4896 12.16 
0.076 2 2 0 2.0 2.0 0.104 0.163 0.5149 0.5149 12.17 
0.077 2 2 0 2.0 2.0 0.070 0.161 0.4956 0.5081 12.15 
0.078 2 2 0 2.0 2.0 0.190 0.157 0.4956 0.5020 12.16 
0.079 2 2 0 2.0 2.0 0.121 0.141 0.5149 0.5081 12.16 
0.080 2 2 0 2.0 2.0 0.163 0.121 0.5213 0.4779 12.16 
0.081 2 2 0 2.0 2.0 0.195 0.175 0.4956 0.5081 12.13 
0.082 2 2 0 2.0 2.0 0.155 0.134 0.5213 0.5149 12.16 
0.083 2 2 0 2.0 2.0 0.141 0.154 0.5281 0.4896 12.17 
0.084 2 2 0 2.0 2.0 0.139 0.152 0.5081 0.5149 12.14 
0.085 2 2 0 2.0 2.0 0.170 0.115 0.5281 0.5213 12.14 
0.086 2 2 0 2.0 2.0 0.168 0.157 0.5354 0.5081 12.17 
0.087 2 2 0 2.0 2.0 0.165 0.092 0.5149 0.5081 12.17 
0.088 2 2 0 2.0 2.0 0.143 0.170 0.5213 0.5149 12.17 
0.089 2 2 0 2.0 2.0 0.054 0.158 0.5281 0.5281 12.15 
0.090 2 2 0 2.0 2.0 0.139 0.137 0.5426 0.5213 12.16 
0.091 2 2 0 2.0 2.0 0.098 0.153 0.5281 0.5149 12.15 
0.092 2 2 0 2.0 2.0 0.107 0.168 0.5281 0.5149 12.15 
0.093 2 2 0 2.0 2.0 0.113 0.141 0.5149 0.5213 12.14 
0.094 2 2 0 2.0 2.0 0.148 0.135 0.5281 0.5149 12.16 
0.095 2 2 0 2.0 2.0 0.093 0.164 0.5498 0.5213 12.15 
0.096 2 2 0 2.0 2.0 0.126 0.137 0.5213 0.5213 12.15 
0.097 2 2 0 2.0 2.0 0.145 0.148 0.5354 0.5149 12.15 
0.098 2 2 0 2.0 2.0 0.164 0.081 0.5575 0.5354 12.15 
0.099 2 2 0 2.0 2.0 0.120 0.118 0.5354 0.5354 12.16 
0.100 2 2 0 2.0 2.0 0.127 0.142 0.5426 0.5281 12.16 
0.101 2 2 0 2.0 2.0 0.077 0.125 0.5498 0.5426 12.16 
0.102 2 2 0 2.0 2.0 0.081 0.128 0.5498 0.5354 12.16 
0.103 2 2 0 2.0 2.0 0.193 0.149 0.5498 0.5281 12.18 
0.104 2 2 0 2.0 2.0 0.104 0.111 0.5575 0.5354 12.17 
0.105 2 2 0 2.0 2.0 0.078 0.100 0.5354 0.5354 12.16 
0.106 2 2 0 2.0 2.0 0.097 0.156 0.5426 0.5213 12.16 
0.107 2 2 0 2.0 2.0 0.081 0.138 0.5498 0.5354 12.16 
0.108 2 2 0 2.0 2.0 0.066 0.180 0.5213 0.5426 12.16 
0.109 2 2 0 2.0 2.0 0.155 0.143 0.5655 0.5281 12.16 
0.110 2 2 0 2.0 2.0 0.104 0.127 0.5655 0.5426 12.16 
0.111 2 2 0 2.0 2.0 0.043 0.079 0.5354 0.5354 12.16 
0.112 2 2 0 2.0 2.0 0.104 0.145 0.5655 0.5354 12.17 
0.113 2 2 0 2.0 2.0 0.096 0.126 0.5655 0.5655 12.17 
0.114 2 2 0 2.0 2.0 0.061 0.123 0.5213 0.5498 12.17 
0.115 2 2 0 2.0 2.0 0.108 0.113 0.5655 0.5426 12.16 
0.116 2 2 0 2.0 2.0 0.105 0.085 0.5735 0.4956 12.16 
0.117 2 2 0 2.0 2.0 0.097 0.137 0.5498 0.5281 12.16 
0.118 2 2 0 2.0 2.0 0.081 0.136 0.5655 0.5498 12.13 
0.119 2 2 0 2.0 2.0 0.066 0.113 0.5735 0.5149 12.14 
0.120 2 2 0 2.0 2.0 0.085 0.143 0.5575 0.5426 12.16 
0.121 2 2 0 2.0 2.0 0.136 0.116 0.5655 0.5575 12.16 
0.122 2 2 0 2.0 2.0 0.078 0.101 0.5498 0.5426 12.16 
0.123 2 2 0 2.0 2.0 0.067 0.081 0.5575 0.5498 12.17 
0.124 2 2 0 2.0 2.0 0.084 0.130 0.5426 0.5354 12.17 
0.125 2 2 0 2.0 2.0 0.077 0.100 0.5820 0.5655 12.16 
0.126 2 2 0 2.0 2.0 0.041 0.126 0.5820 0.5575 12.16 
0.127 2 2 0 2.0 2.0 0.134 0.096 0.5426 0.5426 12.14 
0.128 2 2 0 2.0 2.0 0.122 0.104 0.5498 0.5498 12.16 
0.129 2 2 0 2.0 2.0 0.019 0.069 0.5655 0.5498 12.16 
0.130 2 2 0 2.0 2.0 0.112 0.090 0.5904 0.5575 12.17 
0.131 2 2 0 2.0 2.0 0.086 0.081 0.5575 0.5498 12.16 
0.132 2 2 0 2.0 2.0 0.123 0.115 0.5904 0.5498 12.17 
0.133 2 2 0 2.0 2.0 0.088 0.080 0.5904 0.5575 12.16 
0.134 2 2 0 2.0 2.0 0.068 0.096 0.5655 0.5655 12.17 
0.135 2 2 0 2.0 2.0 0.077 0.036 0.5655 0.5655 12.17 
0.136 2 2 0 2.0 2.0 0.069 0.119 0.5735 0.5655 12.17 
0.137 2 2 0 2.0 2.0 0.092 0.131 0.5735 0.5735 12.16 
0.138 2 2 0 2.0 2.0 0.131 0.092 0.5820 0.5575 12.17 
0.139 2 2 0 2.0 2.0 0.110 0.079 0.5655 0.5655 12.17 
0.140 2 2 0 2.0 2.0 0.066 0.050 0.5735 0.5575 12.16 
0.141 2 2 0 2.0 2.0 0.077 0.121 0.5735 0.5426 12.16 
0.142 2 2 0 2.0 2.0 0.142 0.168 0.5498 0.5575 12.16 
0.143 2 2 0 2.0 2.0 0.095 0.096 0.5655 0.5655 12.16 
0.144 2 2 0 2.0 2.0 0.149 0.122 0.5904 0.5498 12.17 
0.145 2 2 0 2.0 2.0 0.097 0.107 0.5575 0.5655 12.16 
0.146 2 2 0 2.0 2.0 0.095 0.078 0.5735 0.5575 12.16 
0.147 2 2 0 2.0 2.0 0.067 0.119 0.5904 0.5655 12.16 
0.148 2 2 0 2.0 2.0 0.053 0.127 0.5426 0.5904 12.17 
0.149 2 2 0 2.0 2.0 0.144 0.160 0.5820 0.5735 12.17 
0.150 2 2 0 2.0 2.0 0.142 0.068 0.5904 0.5655 12.17 
0.151 2 2 0 2.0 2.0 0.103 0.104 0.5735 0.5354 12.17 
0.152 2 2 0 2.0 2.0 0.043 0.100 0.5820 0.5498 12.16 
0.153 2 2 0 2.0 2.0 0.049 0.101 0.5904 0.5655 12.17 
0.154 2 2 0 2.0 2.0 0.099 0.123 0.5735 0.5498 12.16 
0.155 2 2 0 2.0 2.0 0.118 0.069 0.5820 0.5575 12.16 
0.156 2 2 0 2.0 2.0 0.039 0.062 0.5655 0.5735 12.16 
0.157 2 2 0 2.0 2.0 0.109 0.096 0.5735 0.5575 12.16 
0.158 2 2 0 2.0 2.0 0.073 0.059 0.5575 0.5575 12.17 
0.159 2 2 0 2.0 2.0 0.059 0.102 0.5904 0.5655 12.15 
0.160 2 2 0 2.0 2.0 0.074 0.063 0.5904 0.5735 12.16 
0.161 2 2 0 2.0 2.0 0.039 0.121 0.5735 0.5575 12.16 
0.162 2 2 0 2.0 2.0 0.118 0.108 0.5575 0.5655 12.17 
0.163 2 2 0 2.0 2.0 0.123 0.059 0.5992 0.5655 12.17 
0.164 2 2 0 2.0 2.0 0.066 0.113 0.5992 0.5575 12.17 
0.165 2 2 0 2.0 2.0 0.099 0.119 0.5655 0.5655 12.16 
0.166 2 2 0 2.0 2.0 0.104 0.151 0.5992 0.5655 12.16 
0.167 2 2 0 2.0 2.0 0.131 0.161 0.5992 0.5498 12.16 
0.168 2 2 0 2.0 2.0 0.067 0.086 0.5820 0.5655 12.17 
0.169 2 2 0 2.0 2.0 0.025 0.092 0.5735 0.5735 12.16 
0.170 2 2 0 2.0 2.0 0.107 0.119 0.5820 0.5655 12.16 
0.171 2 2 0 2.0 2.0 0.145 0.097 0.5820 0.5820 12.18 
0.172 2 2 0 2.0 2.0 0.100 0.122 0.5992 0.5820 12.17 
0.173 2 2 0 2.0 2.0 0.119 0.096 0.5735 0.5735 12.17 
0.174 2 2 0 2.0 2.0 0.057 0.085 0.5820 0.5735 12.17 
0.175 2 2 0 2.0 2.0 0.081 0.078 0.5904 0.5735 12.16 
0.176 2 2 0 2.0 2.0 0.093 0.127 0.5575 0.5735 12.17 
0.177 2 2 0 2.0 2.0 0.065 0.125 0.5992 0.5820 12.17 
0.178 2 2 0 2.0 2.0 0.150 0.136 0.5992 0.5575 12.17 
0.179 2 2 0 2.0 2.0 0.092 0.085 0.5820 0.5735 12.17 
0.180 2 2 0 2.0 2.0 0.046 0.094 0.5992 0.5655 12.16 
0.181 2 2 0 2.0 2.0 0.053 0.099 0.5498 0.5735 12.17 
0.182 2 2 0 2.0 2.0 0.104 0.088 0.5735 0.5820 12.16 
0.183 2 2 0 2.0 2.0 0.091 0.115 0.5904 0.5820 12.16 
0.184 2 2 0 2.0 2.0 0.043 0.134 0.5655 0.5735 12.17 
0.185 2 2 0 2.0 2.0 0.062 0.074 0.5820 0.5820 12.17 
0.186 2 2 0 2.0 2.0 0.091 0.095 0.5992 0.5575 12.16 
0.187 2 2 0 2.0 2.0 0.017 0.094 0.5735 0.5735 12.16 
0.188 2 2 0 2.0 2.0 0.149 0.157 0.5904 0.5575 12.18 
0.189 2 2 0 2.0 2.0 0.111 0.107 0.5992 0.5655 12.17 
0.190 2 2 0 2.0 2.0 0.047 0.063 0.5820 0.5820 12.16 
0.191 2 2 0 2.0 2.0 0.107 0.098 0.5655 0.5735 12.17 
0.192 2 2 0 2.0 2.0 0.060 0.064 0.5820 0.5735 12.16 
0.193 2 2 0 2.0 2.0 0.110 0.119 0.5992 0.5735 12.17 
0.194 2 2 0 2.0 2.0 0.097 0.112 0.5575 0.5904 12.16 
0.195 2 2 0 2.0 2.0 0.106 0.101 0.5655 0.5655 12.17 
0.196 2 2 0 2.0 2.0 0.077 0.121 0.5820 0.5820 12.17 
0.197 2 2 0 2.0 2.0 0.058 0.042 0.6085 0.5735 12.16 
0.198 2 2 0 2.0 2.0 0.085 0.091 0.5735 0.5735 12.17 
0.199 2 2 0 2.0 2.0 0.021 0.098 0.6085 0.5820 12.16 
0.200 2 2 0 2.0 2.0 0.125 0.102 0.6085 0.5735 12.17 
0.201 2 2 1 4.0 4.0 0.065 0.130 0.5820 0.5575 12.16 
0.202 2 2 1 4.0 4.0 0.178 0.152 0.5820 0.5820 12.15 
0.203 2 2 1 4.0 4.0 0.327 0.320 0.5992 0.5820 12.14 
0.204 2 2 1 4.0 4.0 0.495 0.514 0.6085 0.5820 12.14 
0.205 2 2 1 4.0 4.0 0.537 0.502 0.6374 0.6085 12.15 
0.206 2 2 1 4.0 4.0 0.503 0.543 0.6177 0.6177 12.14 
0.207 2 2 1 4.0 4.0 0.548 0.552 0.6474 0.6374 12.15 
0.208 2 2 1 4.0 4.0 0.536 0.538 0.6691 0.6583 12.15 
0.209 2 2 1 4.0 4.0 0.488 0.569 0.6691 0.6474 12.15 
0.210 2 2 1 4.0 4.0 0.514 0.548 0.7044 0.6924 12.15 
0.211 2 2 1 4.0 4.0 0.454 0.556 0.6804 0.6804 12.14 
0.212 2 2 1 4.0 4.0 0.489 0.513 0.7302 0.6924 12.15 
0.213 2 2 1 4.0 4.0 0.464 0.511 0.6924 0.7044 12.14 
0.214 2 2 1 4.0 4.0 0.487 0.541 0.7434 0.7434 12.14 
0.215 2 2 1 4.0 4.0 0.416 0.450 0.7302 0.7575 12.14 
0.216 2 2 1 4.0 4.0 0.404 0.449 0.7723 0.7723 12.15 
0.217 2 2 1 4.0 4.0 0.433 0.450 0.7434 0.7434 12.14 
0.218 2 2 1 4.0 4.0 0.381 0.463 0.7872 0.7872 12.15 
0.219 2 2 1 4.0 4.0 0.438 0.459 0.8032 0.7723 12.15 
0.220 2 2 1 4.0 4.0 0.370 0.427 0.7872 0.8032 12.14 
0.221 2 2 1 4.0 4.0 0.393 0.390 0.7872 0.8032 12.14 
0.222 2 2 1 4.0 4.0 0.448 0.381 0.8193 0.8032 12.15 
0.223 2 2 1 4.0 4.0 0.416 0.385 0.8032 0.8193 12.15 
0.224 2 2 1 4.0 4.0 0.387 0.377 0.8543 0.8366 12.15 
0.225 2 2 1 4.0 4.0 0.397 0.371 0.8366 0.8366 12.15 
0.226 2 2 1 4.0 4.0 0.352 0.377 0.8727 0.8543 12.15 
0.227 2 2 1 4.0 4.0 0.383 0.372 0.8924 0.8543 12.15 
0.228 2 2 1 4.0 4.0 0.316 0.348 0.8924 0.8727 12.15 
0.229 2 2 1 4.0 4.0 0.341 0.373 0.9125 0.8924 12.15 
0.230 2 2 1 4.0 4.0 0.342 0.339 0.9338 0.9125 12.15 
0.231 2 2 1 4.0 4.0 0.279 0.330 0.9125 0.9125 12.15 
0.232 2 2 1 4.0 4.0 0.290 0.343 0.9338 0.9125 12.14 
0.233 2 2 1 4.0 4.0 0.317 0.305 0.9559 0.9125 12.15 
0.234 2 2 1 4.0 4.0 0.274 0.335 0.9338 0.9338 12.15 
0.235 2 2 1 4.0 4.0 0.241 0.356 0.9559 0.9338 12.15 
0.236 2 2 1 4.0 4.0 0.282 0.272 0.9338 0.9338 12.15 
0.237 2 2 1 4.0 4.0 0.320 0.313 0.9796 0.9796 12.15 
0.238 2 2 1 4.0 4.0 0.294 0.330 0.9559 0.9796 12.15 
0.239 2 2 1 4.0 4.0 0.266 0.267 0.9125 0.9559 12.15 
0.240 2 2 1 4.0 4.0 0.307 0.304 0.9796 0.9796 12.14 
0.241 2 2 1 4.0 4.0 0.293 0.288 0.9796 0.9559 12.15 
0.242 2 2 1 4.0 4.0 0.248 0.266 0.9796 0.9796 12.15 
0.243 2 2 1 4.0 4.0 0.293 0.286 1.0041 0.9796 12.15 
0.244 2 2 1 4.0 4.0 0.256 0.235 1.0041 1.0041 12.14 
0.245 2 2 1 4.0 4.0 0.275 0.263 1.0298 1.0041 12.15 
0.246 2 2 1 4.0 4.0 0.263 0.291 1.0041 1.0041 12.15 
0.247 2 2 1 4.0 4.0 0.237 0.245 1.0567 1.0041 12.15 
0.248 2 2 1 4.0 4.0 0.260 0.292 1.0298 1.0041 12.15 
0.249 2 2 1 4.0 4.0 0.264 0.237 1.0298 1.0298 12.15 
0.250 2 2 1 4.0 4.0 0.290 0.228 1.0298 1.0298 12.15 
0.251 2 2 1 4.0 4.0 0.252 0.232 1.0567 1.0298 12.15 
0.252 2 2 1 4.0 4.0 0.197 0.174 0.9796 1.0298 12.15 
0.253 2 2 1 4.0 4.0 0.272 0.199 1.0567 1.0298 12.16 
0.254 2 2 1 4.0 4.0 0.192 0.277 1.0567 1.0567 12.15 
0.255 2 2 1 4.0 4.0 0.181 0.214 1.0852 1.0567 12.15 
0.256 2 2 1 4.0 4.0 0.222 0.219 1.0567 1.0567 12.15 
0.257 2 2 1 4.0 4.0 0.165 0.221 1.0567 1.0852 12.14 
0.258 2 2 1 4.0 4.0 0.233 0.178 1.0852 1.0567 12.15 
0.259 2 2 1 4.0 4.0 0.195 0.210 1.0852 1.0852 12.15 
0.260 2 2 1 4.0 4.0 0.184 0.232 1.0852 1.0567 12.15 
0.261 2 2 1 4.0 4.0 0.212 0.229 1.0852 1.0852 12.16 
0.262 2 2 1 4.0 4.0 0.157 0.220 1.0298 1.0852 12.14 
0.263 2 2 1 4.0 4.0 0.180 0.175 1.0852 1.0852 12.15 
0.264 2 2 1 4.0 4.0 0.172 0.190 1.1153 1.0852 12.14 
0.265 2 2 1 4.0 4.0 0.149 0.170 1.1153 1.0852 12.14 
0.266 2 2 1 4.0 4.0 0.202 0.219 1.1153 1.0852 12.15 
0.267 2 2 1 4.0 4.0 0.173 0.227 1.1153 1.0852 12.15 
0.268 2 2 1 4.0 4.0 0.191 0.176 1.1153 1.0852 12.14 
0.269 2 2 1 4.0 4.0 0.224 0.210 1.0852 1.0852 12.15 
0.270 2 2 1 4.0 4.0 0.185 0.185 1.1153 1.1153 12.15 
0.271 2 2 1 4.0 4.0 0.150 0.178 1.1153 1.1153 12.16 
0.272 2 2 1 4.0 4.0 0.192 0.183 1.1153 1.1153 12.15 
0.273 2 2 1 4.0 4.0 0.195 0.207 1.1474 1.1153 12.16 
0.274 2 2 1 4.0 4.0 0.209 0.165 1.1474 1.1153 12.15 
0.275 2 2 1 4.0 4.0 0.184 0.167 1.1153 1.1474 12.15 
0.276 2 2 1 4.0 4.0 0.177 0.173 1.1474 1.1474 12.15 
0.277 2 2 1 4.0 4.0 0.153 0.157 1.1153 1.1474 12.14 
0.278 2 2 1 4.0 4.0 0.190 0.178 1.1153 1.1153 12.15 
0.279 2 2 1 4.0 4.0 0.165 0.165 1.1474 1.1474 12.15 
0.280 2 2 1 4.0 4.0 0.192 0.124 1.1474 1.1153 12.15 
0.281 2 2 1 4.0 4.0 0.177 0.195 1.1474 1.1474 12.15 
0.282 2 2 1 4.0 4.0 0.121 0.149 1.1474 1.1474 12.14 
0.283 2 2 1 4.0 4.0 0.225 0.199 1.1812 1.1474 12.15 
0.284 2 2 1 4.0 4.0 0.172 0.179 1.1812 1.1474 12.16 
0.285 2 2 1 4.0 4.0 0.127 0.118 1.1812 1.1474 12.15 
0.286 2 2 1 4.0 4.0 0.183 0.210 1.1812 1.1474 12.15 
0.287 2 2 1 4.0 4.0 0.115 0.168 1.1474 1.1474 12.14 
0.288 2 2 1 4.0 4.0 0.168 0.145 1.1153 1.1474 12.15 
0.289 2 2 1 4.0 4.0 0.167 0.156 1.1812 1.1474 12.15 
0.290 2 2 1 4.0 4.0 0.186 0.142 1.1812 1.1474 12.16 
0.291 2 2 1 4.0 4.0 0.182 0.146 1.1474 1.1474 12.15 
0.292 2 2 1 4.0 4.0 0.189 0.129 1.1474 1.1474 12.15 
0.293 2 2 1 4.0 4.0 0.124 0.158 1.1474 1.1812 12.15 
0.294 2 2 1 4.0 4.0 0.148 0.154 1.1474 1.1474 12.15 
0.295 2 2 1 4.0 4.0 0.138 0.137 1.1812 1.0567 12.15 
0.296 2 2 1 4.0 4.0 0.071 0.131 1.1812 1.1812 12.14 
0.297 2 2 1 4.0 4.0 0.137 0.139 1.1812 1.1812 12.14 
0.298 2 2 1 4.0 4.0 0.143 0.180 1.1474 1.1812 12.15 
0.299 2 2 1 4.0 4.0 0.177 0.134 1.1812 1.1812 12.15 
0.300 2 2 1 4.0 4.0 0.170 0.171 1.1812 1.1474 12.14 
0.301 2 2 1 4.0 4.0 0.164 0.176 1.1812 1.1812 12.15 
0.302 2 2 1 4.0 4.0 0.186 0.146 1.1812 1.1812 12.16 
0.303 2 2 1 4.0 4.0 0.163 0.152 1.1812 1.1812 12.15 
0.304 2 2 1 4.0 4.0 0.157 0.110 1.1812 1.1812 12.15 
0.305 2 2 1 4.0 4.0 0.191 0.172 1.1474 1.1812 12.15 
0.306 2 2 1 4.0 4.0 0.142 0.104 1.1812 1.1812 12.15 
0.307 2 2 1 4.0 4.0 0.160 0.160 1.1812 1.1812 12.15 
0.308 2 2 1 4.0 4.0 0.119 0.157 1.1474 1.1812 12.15 
0.309 2 2 1 4.0 4.0 0.179 0.108 1.1812 1.1812 12.16 
0.310 2 2 1 4.0 4.0 0.121 0.154 1.1812 1.2169 12.15 
0.311 2 2 1 4.0 4.0 0.166 0.086 1.1812 1.1812 12.16 
0.312 2 2 1 4.0 4.0 0.175 0.145 1.1812 1.1812 12.15 
0.313 2 2 1 4.0 4.0 0.131 0.212 1.1812 1.1812 12.16 
0.314 2 2 1 4.0 4.0 0.173 0.133 1.1812 1.1812 12.15 
0.315 2 2 1 4.0 4.0 0.126 0.092 1.1812 1.1812 12.15 
0.316 2 2 1 4.0 4.0 0.115 0.142 1.1812 1.1812 12.15 
0.317 2 2 1 4.0 4.0 0.123 0.107 1.2169 1.1812 12.15 
0.318 2 2 1 4.0 4.0 0.112 0.195 1.2169 1.1812 12.15 
0.319 2 2 1 4.0 4.0 0.168 0.144 1.2169 1.2169 12.15 
0.320 2 2 1 4.0 4.0 0.149 0.122 1.1474 1.2169 12.15 
0.321 2 2 1 4.0 4.0 0.113 0.154 1.2169 1.2169 12.15 
0.322 2 2 1 4.0 4.0 0.125 0.118 1.1812 1.2169 12.14 
0.323 2 2 1 4.0 4.0 0.130 0.094 1.1812 1.2169 12.12 
0.324 2 2 1 4.0 4.0 0.112 0.166 1.2169 1.2169 12.13 
0.325 2 2 1 4.0 4.0 0.120 0.129 1.1812 1.1812 12.14 
0.326 2 2 1 4.0 4.0 0.108 0.174 1.1812 1.2169 12.14 
0.327 2 2 1 4.0 4.0 0.166 0.149 1.1812 1.2169 12.17 
0.328 2 2 1 4.0 4.0 0.115 0.123 1.1812 1.1812 12.15 
0.329 2 2 1 4.0 4.0 0.101 0.100 1.1812 1.1812 12.15 
0.330 2 2 1 4.0 4.0 0.131 0.140 1.2551 1.2169 12.16 
0.331 2 2 1 4.0 4.0 0.133 0.063 1.2169 1.2169 12.15 
0.332 2 2 1 4.0 4.0 0.119 0.141 1.2551 1.2169 12.15 
0.333 2 2 1 4.0 4.0 0.165 0.141 1.2169 1.2169 12.16 
0.334 2 2 1 4.0 4.0 0.142 0.100 1.2169 1.2169 12.16 
0.335 2 2 1 4.0 4.0 0.144 0.117 1.2169 1.2169 12.16 
0.336 2 2 1 4.0 4.0 0.152 0.091 1.2169 1.2169 12.13 
0.337 2 2 1 4.0 4.0 0.123 0.141 1.2169 1.2169 12.14 
0.338 2 2 1 4.0 4.0 0.084 0.142 1.1812 1.2169 12.14 
0.339 2 2 1 4.0 4.0 0.153 0.162 1.2169 1.2169 12.15 
0.340 2 2 1 4.0 4.0 0.126 0.115 1.2169 1.2169 12.13 
0.341 2 2 1 4.0 4.0 0.154 0.099 1.1812 1.2169 12.15 
0.342 2 2 1 4.0 4.0 0.161 0.126 1.2169 1.2169 12.15 
0.343 2 2 1 4.0 4.0 0.090 0.086 1.2169 1.2551 12.15 
0.344 2 2 1 4.0 4.0 0.149 0.128 1.2169 1.1812 12.15 
0.345 2 2 1 4.0 4.0 0.083 0.098 1.2169 1.2169 12.14 
0.346 2 2 1 4.0 4.0 0.048 0.118 1.2169 1.1812 12.14 
0.347 2 2 1 4.0 4.0 0.138 0.137 1.2169 1.2169 12.15 
0.348 2 2 1 4.0 4.0 0.136 0.103 1.2169 1.2169 12.15 
0.349 2 2 1 4.0 4.0 0.133 0.137 1.2169 1.2169 12.15 
0.350 2 2 1 4.0 4.0 0.122 0.077 1.2169 1.2169 12.15 
0.351 2 2 1 4.0 4.0 0.104 0.119 1.2169 1.2169 12.14 
0.352 2 2 2 -4.0 -4.0 0.111 0.149 1.2169 1.2169 12.14 
0.353 2 2 2 -4.0 -4.0 -0.336 -0.083 1.1812 1.1812 12.12 
0.354 2 2 2 -4.0 -4.0 -1.137 -0.709 1.1812 1.2169 12.07 
0.355 2 2 2 -4.0 -4.0 -1.500 -1.313 1.1474 1.2169 12.04 
0.356 2 2 2 -4.0 -4.0 -1.601 -1.791 1.0852 1.1153 12.05 
0.357 2 2 2 -4.0 -4.0 -1.808 -1.783 1.0567 1.0567 12.04 
0.358 2 2 2 -4.0 -4.0 -1.877 -1.693 0.8924 0.9796 12.04 
0.359 2 2 2 -4.0 -4.0 -1.706 -1.878 0.8924 0.8727 12.04 
0.360 2 2 2 -4.0 -4.0 -1.663 -2.002 0.8032 0.8366 12.03 
0.361 2 2 2 -4.0 -4.0 -1.761 -1.753 0.7575 0.8032 12.04 
0.362 2 2 2 -4.0 -4.0 -1.779 -1.711 0.6583 0.7044 12.02 
0.363 2 2 2 -4.0 -4.0 -1.774 -1.711 0.6273 0.6804 12.01 
0.364 2 2 2 -4.0 -4.0 -1.551 -1.784 0.5992 0.5655 12.04 
0.365 2 2 2 -4.0 -4.0 -1.541 -1.818 0.5081 0.5426 12.05 
0.366 2 2 2 -4.0 -4.0 -1.617 -1.621 0.4723 0.5020 12.05 
0.367 2 2 2 -4.0 -4.0 -1.604 -1.513 0.3683 0.3823 12.06 
0.368 2 2 2 -4.0 -4.0 -1.558 -1.460 0.3402 0.3683 12.04 
0.369 2 2 2 -4.0 -4.0 -1.499 -1.511 0.2972 0.3213 12.05 
0.370 2 2 2 -4.0 -4.0 -1.465 -1.520 0.2574 0.3137 12.07 
0.371 2 2 2 -4.0 -4.0 -1.490 -1.513 0.2088 0.2253 12.07 
0.372 2 2 2 -4.0 -4.0 -1.375 -1.447 0.2088 0.2253 12.07 
0.373 2 2 2 -4.0 -4.0 -1.360 -1.452 0.1518 0.1831 12.07 
0.374 2 2 2 -4.0 -4.0 -1.277 -1.342 0.1100 0.1257 12.08 
0.375 2 2 2 -4.0 -4.0 -1.250 -1.313 0.0863 0.0956 12.08 
0.376 2 2 2 -4.0 -4.0 -1.221 -1.284 0.0711 0.0771 12.08 
0.377 2 2 2 -4.0 -4.0 -1.222 -1.254 0.0602 0.0647 12.07 
0.378 2 2 2 -4.0 -4.0 -1.080 -1.181 -0.0566 0.0558 12.07 
0.379 2 2 2 -4.0 -4.0 -1.066 -1.112 -0.0566 -0.0550 12.07 
0.380 2 2 2 -4.0 -4.0 -0.984 -1.064 -0.1839 -0.0550 12.07 
0.381 2 2 2 -4.0 -4.0 -1.028 -1.072 -0.1839 -0.1976 12.07 
0.382 2 2 2 -4.0 -4.0 -0.960 -0.973 -0.2462 -0.2675 12.07 
0.383 2 2 2 -4.0 -4.0 -0.927 -0.973 -0.2711 -0.2888 12.08 
0.384 2 2 2 -4.0 -4.0 -0.820 -0.992 -0.3402 -0.2888 12.09 
0.385 2 2 2 -4.0 -4.0 -0.851 -0.958 -0.3402 -0.3113 12.10 
0.386 2 2 2 -4.0 -4.0 -0.825 -0.909 -0.3402 -0.3615 12.10 
0.387 2 2 2 -4.0 -4.0 -0.817 -0.827 -0.4016 -0.3860 12.11 
0.388 2 2 2 -4.0 -4.0 -0.688 -0.814 -0.4269 -0.3896 12.10 
0.389 2 2 2 -4.0 -4.0 -0.747 -0.836 -0.4269 -0.3751 12.11 
0.390 2 2 2 -4.0 -4.0 -0.674 -0.775 -0.4615 -0.4097 12.10 
0.391 2 2 2 -4.0 -4.0 -0.699 -0.752 -0.4836 -0.4362 12.10 
0.392 2 2 2 -4.0 -4.0 -0.634 -0.768 -0.4956 -0.4956 12.08 
0.393 2 2 2 -4.0 -4.0 -0.674 -0.712 -0.5281 -0.5081 12.11 
0.394 2 2 2 -4.0 -4.0 -0.613 -0.622 -0.5575 -0.5213 12.10 
0.395 2 2 2 -4.0 -4.0 -0.612 -0.669 -0.5426 -0.5354 12.11 
0.396 2 2 2 -4.0 -4.0 -0.597 -0.597 -0.5820 -0.5575 12.10 
0.397 2 2 2 -4.0 -4.0 -0.566 -0.626 -0.6273 -0.5575 12.10 
0.398 2 2 2 -4.0 -4.0 -0.547 -0.584 -0.6085 -0.5992 12.10 
0.399 2 2 2 -4.0 -4.0 -0.528 -0.607 -0.6691 -0.6085 12.10 
0.400 2 2 2 -4.0 -4.0 -0.591 -0.542 -0.6374 -0.6085 12.11 
0.401 2 2 2 -4.0 -4.0 -0.469 -0.497 -0.6691 -0.6374 12.12 
0.402 2 2 2 -4.0 -4.0 -0.549 -0.500 -0.6924 -0.6474 12.11 
0.403 2 2 2 -4.0 -4.0 -0.462 -0.579 -0.7169 -0.6691 12.13 
0.404 2 2 2 -4.0 -4.0 -0.463 -0.470 -0.7302 -0.6804 12.12 
0.405 2 2 2 -4.0 -4.0 -0.406 -0.511 -0.7575 -0.6804 12.11 
0.406 2 2 2 -4.0 -4.0 -0.454 -0.443 -0.7434 -0.7044 12.09 
0.407 2 2 2 -4.0 -4.0 -0.404 -0.459 -0.7434 -0.7044 12.11 
0.408 2 2 2 -4.0 -4.0 -0.424 -0.505 -0.7872 -0.7302 12.10 
0.409 2 2 2 -4.0 -4.0 -0.432 -0.415 -0.7575 -0.7302 12.11 
0.410 2 2 2 -4.0 -4.0 -0.376 -0.398 -0.8032 -0.7302 12.12 
0.411 2 2 2 -4.0 -4.0 -0.430 -0.432 -0.7872 -0.7434 12.12 
0.412 2 2 2 -4.0 -4.0 -0.377 -0.379 -0.7723 -0.7723 12.12 
0.413 2 2 2 -4.0 -4.0 -0.366 -0.427 -0.8193 -0.7575 12.12 
0.414 2 2 2 -4.0 -4.0 -0.382 -0.391 -0.8193 -0.7575 12.12 
0.415 2 2 2 -4.0 -4.0 -0.337 -0.411 -0.8193 -0.8032 12.13 
0.416 2 2 2 -4.0 -4.0 -0.368 -0.429 -0.8727 -0.7723 12.12 
0.417 2 2 2 -4.0 -4.0 -0.334 -0.395 -0.8543 -0.8032 12.12 
0.418 2 2 2 -4.0 -4.0 -0.337 -0.394 -0.8924 -0.7723 12.12 
0.419 2 2 2 -4.0 -4.0 -0.411 -0.386 -0.8727 -0.8032 12.12 
0.420 2 2 2 -4.0 -4.0 -0.357 -0.353 -0.9125 -0.8366 12.12 
0.421 2 2 2 -4.0 -4.0 -0.330 -0.381 -0.8924 -0.8543 12.13 
0.422 2 2 2 -4.0 -4.0 -0.330 -0.342 -0.9125 -0.8543 12.13 
0.423 2 2 2 -4.0 -4.0 -0.292 -0.340 -0.9559 -0.8727 12.13 
0.424 2 2 2 -4.0 -4.0 -0.317 -0.326 -0.9338 -0.8924 12.13 
0.425 2 2 2 -4.0 -4.0 -0.311 -0.353 -0.9559 -0.8727 12.12 
0.426 2 2 2 -4.0 -4.0 -0.324 -0.318 -0.9559 -0.8924 12.12 
0.427 2 2 2 -4.0 -4.0 -0.273 -0.330 -0.9559 -0.8924 12.13 
0.428 2 2 2 -4.0 -4.0 -0.297 -0.286 -0.9796 -0.9125 12.13 
0.429 2 2 2 -4.0 -4.0 -0.260 -0.325 -0.9559 -0.9125 12.13 
0.430 2 2 2 -4.0 -4.0 -0.302 -0.303 -1.0041 -0.9338 12.12 
0.431 2 2 2 -4.0 -4.0 -0.292 -0.286 -1.0041 -0.9338 12.13 
0.432 2 2 2 -4.0 -4.0 -0.229 -0.326 -1.0298 -0.9338 12.13 
0.433 2 2 2 -4.0 -4.0 -0.220 -0.302 -0.9796 -0.9338 12.14 
0.434 2 2 2 -4.0 -4.0 -0.307 -0.244 -1.0298 -0.9338 12.13 
0.435 2 2 2 -4.0 -4.0 -0.225 -0.329 -1.0041 -0.9559 12.13 
0.436 2 2 2 -4.0 -4.0 -0.307 -0.244 -1.0298 -0.9559 12.12 
0.437 2 2 2 -4.0 -4.0 -0.220 -0.248 -1.0041 -0.9796 12.13 
0.438 2 2 2 -4.0 -4.0 -0.213 -0.217 -1.0298 -0.9559 12.13 
0.439 2 2 2 -4.0 -4.0 -0.220 -0.253 -1.0298 -0.9796 12.13 
0.440 2 2 2 -4.0 -4.0 -0.210 -0.251 -1.0567 -0.9559 12.13 
0.441 2 2 2 -4.0 -4.0 -0.208 -0.277 -1.0852 -0.9559 12.13 
0.442 2 2 2 -4.0 -4.0 -0.180 -0.247 -1.0567 -0.9796 12.14 
0.443 2 2 2 -4.0 -4.0 -0.220 -0.281 -1.1153 -1.0041 12.13 
0.444 2 2 2 -4.0 -4.0 -0.235 -0.231 -1.0852 -1.0041 12.14 
0.445 2 2 2 -4.0 -4.0 -0.178 -0.281 -1.0852 -1.0298 12.14 
0.446 2 2 2 -4.0 -4.0 -0.219 -0.225 -1.0852 -1.0298 12.14 
0.447 2 2 2 -4.0 -4.0 -0.187 -0.246 -1.0852 -1.0298 12.14 
0.448 2 2 2 -4.0 -4.0 -0.174 -0.231 -1.0852 -1.0298 12.14 
0.449 2 2 2 -4.0 -4.0 -0.254 -0.266 -1.1153 -1.0298 12.13 
0.450 2 2 2 -4.0 -4.0 -0.222 -0.199 -1.0852 -1.0298 12.13 
0.451 2 2 2 -4.0 -4.0 -0.204 -0.237 -1.0852 -1.0298 12.13 
0.452 2 2 2 -4.0 -4.0 -0.204 -0.175 -1.0852 -1.0298 12.13 
0.453 2 2 2 -4.0 -4.0 -0.177 -0.226 -1.1153 -1.0298 12.12 
0.454 2 2 2 -4.0 -4.0 -0.154 -0.173 -1.0852 -1.0298 12.14 
0.455 2 2 2 -4.0 -4.0 -0.155 -0.231 -1.1153 -1.0567 12.14 
0.456 2 2 2 -4.0 -4.0 -0.177 -0.196 -1.1153 -1.0567 12.12 
0.457 2 2 2 -4.0 -4.0 -0.168 -0.214 -1.0852 -1.0852 12.13 
0.458 2 2 2 -4.0 -4.0 -0.170 -0.190 -1.1153 -1.0567 12.14 
0.459 2 2 2 -4.0 -4.0 -0.153 -0.233 -1.1153 -1.0298 12.14 
0.460 2 2 2 -4.0 -4.0 -0.142 -0.173 -1.1153 -1.0567 12.14 
0.461 2 2 2 -4.0 -4.0 -0.179 -0.247 -1.1812 -1.0852 12.14 
0.462 2 2 2 -4.0 -4.0 -0.125 -0.206 -1.1474 -1.0852 12.14 
0.463 2 2 2 -4.0 -4.0 -0.137 -0.199 -1.1153 -1.0852 12.14 
0.464 2 2 2 -4.0 -4.0 -0.170 -0.184 -1.1474 -1.0852 12.13 
0.465 2 2 2 -4.0 -4.0 -0.180 -0.208 -1.1474 -1.0852 12.14 
0.466 2 2 2 -4.0 -4.0 -0.170 -0.166 -1.1474 -1.0852 12.14 
0.467 2 2 2 -4.0 -4.0 -0.172 -0.209 -1.1812 -1.0852 12.14 
0.468 2 2 2 -4.0 -4.0 -0.113 -0.221 -1.1812 -1.0852 12.15 
0.469 2 2 2 -4.0 -4.0 -0.136 -0.193 -1.1474 -1.0852 12.14 
0.470 2 2 2 -4.0 -4.0 -0.182 -0.193 -1.1812 -1.0852 12.14 
0.471 2 2 2 -4.0 -4.0 -0.106 -0.201 -1.1474 -1.0852 12.15 
0.472 2 2 2 -4.0 -4.0 -0.091 -0.199 -1.1474 -1.0852 12.14 
0.473 2 2 2 -4.0 -4.0 -0.128 -0.152 -1.1474 -1.1153 12.14 
0.474 2 2 2 -4.0 -4.0 -0.155 -0.193 -1.1812 -1.1153 12.14 
0.475 2 2 2 -4.0 -4.0 -0.136 -0.155 -1.1812 -1.1153 12.13 
0.476 2 2 2 -4.0 -4.0 -0.201 -0.186 -1.1474 -1.0852 12.11 
0.477 2 2 2 -4.0 -4.0 -0.168 -0.177 -1.1812 -1.1153 12.13 
0.478 2 2 2 -4.0 -4.0 -0.170 -0.201 -1.2169 -1.0852 12.14 
0.479 2 2 2 -4.0 -4.0 -0.158 -0.179 -1.1812 -1.1153 12.14 
0.480 2 2 2 -4.0 -4.0 -0.117 -0.199 -1.1474 -1.1153 12.14 
0.481 2 2 2 -4.0 -4.0 -0.127 -0.174 -1.1812 -1.1153 12.13 
0.482 2 2 2 -4.0 -4.0 -0.118 -0.136 -1.0852 -1.1153 12.15 
0.483 2 2 2 -4.0 -4.0 -0.154 -0.194 -1.1812 -1.1153 12.14 
0.484 2 2 2 -4.0 -4.0 -0.151 -0.136 -1.2169 -1.1153 12.14 
0.485 2 2 2 -4.0 -4.0 -0.103 -0.138 -1.2169 -1.1153 12.15 
0.486 2 2 2 -4.0 -4.0 -0.147 -0.188 -1.1812 -1.1153 12.13 
0.487 2 2 2 -4.0 -4.0 -0.157 -0.132 -1.2169 -1.1153 12.12 
0.488 2 2 2 -4.0 -4.0 -0.155 -0.157 -1.1812 -1.1153 12.13 
0.489 2 2 2 -4.0 -4.0 -0.096 -0.185 -1.1812 -1.1153 12.15 
0.490 2 2 2 -4.0 -4.0 -0.117 -0.177 -1.1812 -1.1153 12.15 
0.491 2 2 2 -4.0 -4.0 -0.111 -0.170 -1.1812 -1.1153 12.15 
0.492 2 2 2 -4.0 -4.0 -0.131 -0.143 -1.2169 -1.1153 12.15 
0.493 2 2 2 -4.0 -4.0 -0.130 -0.129 -1.2169 -1.1474 12.14 
0.494 2 2 2 -4.0 -4.0 -0.109 -0.119 -1.1812 -1.1153 12.13 
0.495 2 2 2 -4.0 -4.0 -0.128 -0.182 -1.2551 -1.1474 12.13 
0.496 2 2 2 -4.0 -4.0 -0.093 -0.145 -1.2169 -1.1153 12.14 
0.497 2 2 2 -4.0 -4.0 -0.098 -0.165 -1.1812 -1.1474 12.14 
0.498 2 2 2 -4.0 -4.0 -0.095 -0.161 -1.2169 -1.1474 12.15 
0.499 2 2 2 -4.0 -4.0 -0.094 -0.122 -1.2169 -1.1474 12.13 
0.500 2 2 2 -4.0 -4.0 -0.108 -0.129 -1.2169 -1.1474 12.14 
0.501 2 2 2 -4.0 -4.0 -0.156 -0.122 -1.2169 -1.1474 12.15 
0.502 2 2 2 -4.0 -4.0 -0.076 -0.153 -1.2551 -1.1474 12.14 
0.503 2 2 3 0.0 0.0 -0.154 -0.119 -1.1812 -1.1474 12.14 
0.504 2 2 3 0.0 0.0 0.158 -0.071 -1.2169 -1.1474 12.15 
0.505 2 2 3 0.0 0.0 0.547 0.327 -1.1812 -1.1474 12.15 
0.506 2 2 3 0.0 0.0 0.715 0.651 -1.1812 -1.0567 12.16 
0.507 2 2 3 0.0 0.0 0.803 0.697 -1.1474 -1.1153 12.16 
0.508 2 2 3 0.0 0.0 0.953 0.849 -1.1153 -0.9796 12.16 
0.509 2 2 3 0.0 0.0 0.842 0.953 -1.1153 -1.0567 12.16 
0.510 2 2 3 0.0 0.0 0.820 0.811 -1.0298 -1.0041 12.16 
0.511 2 2 3 0.0 0.0 0.918 0.865 -1.0298 -0.9559 12.16 
0.512 2 2 3 0.0 0.0 0.913 0.936 -0.9796 -0.8727 12.16 
0.513 2 2 3 0.0 0.0 0.796 0.799 -0.8543 -0.8924 12.16 
0.514 2 2 3 0.0 0.0 0.819 0.739 -0.9125 -0.8032 12.17 
0.515 2 2 3 0.0 0.0 0.831 0.764 -0.8366 -0.8032 12.16 
0.516 2 2 3 0.0 0.0 0.731 0.850 -0.8193 -0.8032 12.16 
0.517 2 2 3 0.0 0.0 0.626 0.693 -0.7872 -0.7723 12.16 
0.518 2 2 3 0.0 0.0 0.682 0.634 -0.7723 -0.7434 12.16 
0.519 2 2 3 0.0 0.0 0.720 0.726 -0.7434 -0.7044 12.16 
0.520 2 2 3 0.0 0.0 0.738 0.758 -0.7044 -0.6583 12.16 
0.521 2 2 3 0.0 0.0 0.616 0.765 -0.7044 -0.6583 12.17 
0.522 2 2 3 0.0 0.0 0.569 0.618 -0.6474 -0.6085 12.16 
0.523 2 2 3 0.0 0.0 0.602 0.539 -0.6583 -0.5992 12.16 
0.524 2 2 3 0.0 0.0 0.639 0.582 -0.6374 -0.5904 12.16 
0.525 2 2 3 0.0 0.0 0.606 0.597 -0.5820 -0.5498 12.16 
0.526 2 2 3 0.0 0.0 0.537 0.646 -0.5281 -0.5281 12.17 
0.527 2 2 3 0.0 0.0 0.487 0.552 -0.5354 -0.5281 12.15 
0.528 2 2 3 0.0 0.0 0.504 0.432 -0.5281 -0.4896 12.15 
0.529 2 2 3 0.0 0.0 0.511 0.412 -0.4896 -0.4779 12.17 
0.530 2 2 3 0.0 0.0 0.546 0.457 -0.4836 -0.4723 12.17 
0.531 2 2 3 0.0 0.0 0.523 0.472 -0.4462 -0.4510 12.17 
0.532 2 2 3 0.0 0.0 0.522 0.510 -0.4462 -0.3860 12.17 
0.533 2 2 3 0.0 0.0 0.364 0.468 -0.4317 -0.3823 12.16 
0.534 2 2 3 0.0 0.0 0.362 0.446 -0.4181 -0.3615 12.17 
0.535 2 2 3 0.0 0.0 0.376 0.354 -0.3490 -0.3615 12.17 
0.536 2 2 3 0.0 0.0 0.427 0.297 -0.3751 -0.3582 12.17 
0.537 2 2 3 0.0 0.0 0.365 0.310 -0.3462 -0.3346 12.16 
0.538 2 2 3 0.0 0.0 0.415 0.305 -0.3462 -0.3213 12.17 
0.539 2 2 3 0.0 0.0 0.344 0.314 -0.3237 -0.3040 12.17 
0.540 2 2 3 0.0 0.0 0.393 0.324 -0.2695 -0.3040 12.17 
0.541 2 2 3 0.0 0.0 0.332 0.359 -0.2695 -0.2888 12.17 
0.542 2 2 3 0.0 0.0 0.265 0.301 -0.2888 -0.2538 12.16 
0.543 2 2 3 0.0 0.0 0.242 0.327 -0.2787 -0.2538 12.16 
0.544 2 2 3 0.0 0.0 0.254 0.248 -0.2731 -0.2374 12.17 
0.545 2 2 3 0.0 0.0 0.238 0.271 -0.2607 -0.2374 12.17 
0.546 2 2 3 0.0 0.0 0.257 0.214 -0.2080 -0.2362 12.17 
0.547 2 2 3 0.0 0.0 0.266 0.219 -0.2056 -0.2169 12.17 
0.548 2 2 3 0.0 0.0 0.266 0.203 -0.2217 -0.2125 12.17 
0.549 2 2 3 0.0 0.0 0.258 0.165 -0.2217 -0.2048 12.17 
0.550 2 2 3 0.0 0.0 0.260 0.172 -0.2036 -0.1823 12.17 
0.551 2 2 3 0.0 0.0 0.193 0.202 -0.2036 -0.1823 12.16 
0.552 2 2 3 0.0 0.0 0.233 0.194 -0.1823 -0.1651 12.16 
0.553 2 2 3 0.0 0.0 0.195 0.221 -0.1735 -0.1651 12.16 
0.554 2 2 3 0.0 0.0 0.193 0.187 -0.1735 -0.1651 12.17 
0.555 2 2 3 0.0 0.0 0.214 0.170 -0.1390 -0.1390 12.17 
0.556 2 2 3 0.0 0.0 0.153 0.183 -0.1337 -0.1390 12.16 
0.557 2 2 3 0.0 0.0 0.101 0.150 -0.1337 -0.1390 12.16 
0.558 2 2 3 0.0 0.0 0.125 0.147 -0.1337 -0.1177 12.16 
0.559 2 2 3 0.0 0.0 0.088 0.176 -0.1297 -0.1177 12.16 
0.560 2 2 3 0.0 0.0 0.142 0.123 -0.1297 -0.1177 12.17 
0.561 2 2 3 0.0 0.0 0.083 0.152 -0.1297 -0.1177 12.16 
0.562 2 2 3 0.0 0.0 0.139 0.119 -0.1205 -0.0996 12.16 
0.563 2 2 3 0.0 0.0 0.088 0.123 -0.1205 -0.0920 12.16 
0.564 2 2 3 0.0 0.0 0.081 0.103 -0.1205 -0.0920 12.16 
0.565 2 2 3 0.0 0.0 0.114 0.117 -0.1157 -0.0920 12.17 
0.566 2 2 3 0.0 0.0 0.131 0.054 -0.0924 -0.0920 12.17 
0.567 2 2 3 0.0 0.0 0.081 0.080 -0.0924 -0.0855 12.17 
0.568 2 2 3 0.0 0.0 0.043 0.080 -0.0924 -0.0707 12.16 
0.569 2 2 3 0.0 0.0 0.060 0.050 -0.0924 -0.0614 12.17 
0.570 2 2 3 0.0 0.0 0.036 0.078 -0.0924 -0.0614 12.17 
0.571 2 2 3 0.0 0.0 0.103 0.056 -0.0779 -0.0614 12.17 
0.572 2 2 3 0.0 0.0 0.039 0.054 -0.0655 -0.0614 12.16 
0.573 2 2 3 0.0 0.0 0.042 0.035 -0.0562 -0.0614 12.16 
0.574 2 2 3 0.0 0.0 0.022 0.043 -0.0542 -0.0614 12.17 
0.575 2 2 3 0.0 0.0 0.069 0.032 -0.0542 -0.0614 12.17 
0.576 2 2 3 0.0 0.0 0.036 -0.003 -0.0542 -0.0558 12.16 
0.577 2 2 3 0.0 0.0 0.037 0.038 -0.0542 -0.0490 12.16 
0.578 2 2 3 0.0 0.0 0.074 0.043 -0.0542 -0.0438 12.17 
0.579 2 2 3 0.0 0.0 0.006 0.036 -0.0542 -0.0438 12.16 
0.580 2 2 3 0.0 0.0 0.024 0.021 -0.0542 -0.0438 12.17 
0.581 2 2 3 0.0 0.0 -0.007 -0.001 -0.0518 -0.0438 12.16 
0.582 2 2 3 0.0 0.0 0.049 0.043 -0.0458 -0.0438 12.17 
0.583 2 2 3 0.0 0.0 0.032 0.026 -0.0410 -0.0438 12.17 
0.584 2 2 3 0.0 0.0 0.047 0.054 -0.0374 -0.0438 12.17 
0.585 2 2 3 0.0 0.0 -0.015 0.001 -0.0341 -0.0438 12.16 
0.586 2 2 3 0.0 0.0 0.017 0.033 -0.0313 -0.0438 12.17 
0.587 2 2 3 0.0 0.0 -0.004 -0.008 -0.0289 -0.0438 12.16 
0.588 2 2 3 0.0 0.0 0.031 0.041 -0.0269 -0.0398 12.17 
0.589 2 2 3 0.0 0.0 -0.014 -0.002 -0.0253 -0.0361 12.16 
0.590 2 2 3 0.0 0.0 0.024 0.042 -0.0237 -0.0333 12.17 
0.591 2 2 3 0.0 0.0 -0.014 -0.004 -0.0225 -0.0305 12.17 
0.592 2 2 3 0.0 0.0 0.029 0.012 -0.0213 -0.0285 12.17 
0.593 2 2 3 0.0 0.0 -0.007 -0.026 -0.0201 -0.0265 12.17 
0.594 2 2 3 0.0 0.0 0.024 0.020 -0.0193 -0.0249 12.17 
0.595 2 2 3 0.0 0.0 -0.011 -0.015 -0.0181 -0.0233 12.17 
0.596 2 2 3 0.0 0.0 -0.038 0.008 -0.0173 -0.0221 12.16 
0.597 2 2 3 0.0 0.0 -0.019 0.005 -0.0169 -0.0209 12.17 
0.598 2 2 3 0.0 0.0 -0.017 -0.034 -0.0161 -0.0197 12.17 
0.599 2 2 3 0.0 0.0 -0.000 -0.001 -0.0153 -0.0189 12.17 
0.600 2 2 3 0.0 0.0 0.016 -0.033 -0.0149 -0.0181 12.18 
0.601 2 2 3 0.0 0.0 -0.003 0.024 -0.0145 -0.0173 12.16 
0.602 2 2 3 0.0 0.0 0.021 0.008 -0.0137 -0.0165 12.16 
0.603 2 2 3 0.0 0.0 0.009 -0.002 -0.0133 -0.0157 12.16 
0.604 2 2 3 0.0 0.0 -0.002 -0.003 -0.0129 -0.0153 12.16 
0.605 2 2 3 0.0 0.0 0.020 0.026 -0.0125 -0.0145 12.17 
0.606 2 2 3 0.0 0.0 0.005 -0.024 -0.0120 -0.0141 12.17 
0.607 2 2 3 0.0 0.0 0.049 -0.014 -0.0116 -0.0137 12.17 
0.608 2 2 3 0.0 0.0 -0.007 -0.003 -0.0112 -0.0133 12.16 
0.609 2 2 3 0.0 0.0 0.031 0.017 -0.0108 -0.0129 12.17 
0.610 2 2 3 0.0 0.0 0.001 -0.020 -0.0108 -0.0125 12.17 
0.611 2 2 3 0.0 0.0 0.011 0.005 -0.0104 -0.0120 12.17 
0.612 2 2 3 0.0 0.0 0.024 -0.035 -0.0100 -0.0116 12.17 
0.613 2 2 3 0.0 0.0 0.020 0.019 -0.0100 -0.0112 12.17 
0.614 2 2 3 0.0 0.0 0.006 -0.006 -0.0096 -0.0108 12.17 
0.615 2 2 3 0.0 0.0 -0.022 -0.035 -0.0092 -0.0104 12.17 
0.616 2 2 3 0.0 0.0 0.026 -0.000 -0.0092 -0.0104 12.18 
0.617 2 2 3 0.0 0.0 -0.027 -0.023 -0.0088 -0.0100 12.16 
0.618 2 2 3 0.0 0.0 -0.023 0.011 -0.0088 -0.0096 12.16 
0.619 2 2 3 0.0 0.0 -0.036 -0.029 -0.0084 -0.0096 12.16 
0.620 2 2 3 0.0 0.0 -0.000 0.019 -0.0084 -0.0092 12.17 
0.621 2 2 3 0.0 0.0 -0.003 -0.009 -0.0080 -0.0092 12.16 
0.622 2 2 3 0.0 0.0 0.018 0.030 -0.0080 -0.0088 12.17 
0.623 2 2 3 0.0 0.0 -0.005 -0.009 -0.0080 -0.0088 12.16 
0.624 2 2 3 0.0 0.0 -0.006 0.016 -0.0076 -0.0084 12.17 
0.625 2 2 3 0.0 0.0 0.017 -0.019 -0.0076 -0.0084 12.16 
0.626 2 2 3 0.0 0.0 0.026 0.031 -0.0072 -0.0080 12.17 
0.627 2 2 3 0.0 0.0 -0.019 -0.014 -0.0072 -0.0080 12.17 
0.628 2 2 3 0.0 0.0 0.014 0.013 -0.0072 -0.0076 12.17 
0.629 2 2 3 0.0 0.0 0.009 0.016 -0.0068 -0.0076 12.17 
0.630 2 2 3 0.0 0.0 0.038 -0.011 -0.0068 -0.0076 12.17 
0.631 2 2 3 0.0 0.0 -0.024 -0.029 -0.0068 -0.0072 12.16 
0.632 2 2 3 0.0 0.0 -0.029 0.014 -0.0068 -0.0072 12.15 
0.633 2 2 3 0.0 0.0 0.029 0.013 -0.0064 -0.0072 12.16 
0.634 2 2 3 0.0 0.0 0.009 0.001 -0.0064 -0.0068 12.17 
0.635 2 2 3 0.0 0.0 -0.026 -0.027 -0.0064 -0.0068 12.16 
0.636 2 2 3 0.0 0.0 0.019 0.023 -0.0060 -0.0068 12.17 
0.637 2 2 3 0.0 0.0 -0.030 -0.007 -0.0060 -0.0064 12.16 
0.638 2 2 3 0.0 0.0 0.005 0.020 -0.0060 -0.0064 12.17 
0.639 2 2 3 0.0 0.0 -0.020 -0.022 -0.0060 -0.0064 12.17 
0.640 2 2 3 0.0 0.0 -0.026 0.016 -0.0056 -0.0064 12.16 
0.641 2 2 3 0.0 0.0 -0.016 0.002 -0.0056 -0.0060 12.16 
0.642 2 2 3 0.0 0.0 0.016 0.023 -0.0056 -0.0060 12.17 
0.643 2 2 3 0.0 0.0 -0.003 0.001 -0.0056 -0.0060 12.17 
0.644 2 2 3 0.0 0.0 -0.026 -0.008 -0.0056 -0.0060 12.16 
0.645 2 2 3 0.0 0.0 0.035 0.005 -0.0052 -0.0056 12.17 
0.646 2 2 3 0.0 0.0 0.007 -0.033 -0.0052 -0.0056 12.17 
0.647 2 2 3 0.0 0.0 -0.003 0.029 -0.0052 -0.0056 12.16 
0.648 2 2 3 0.0 0.0 0.030 0.048 -0.0052 -0.0056 12.17 
0.649 2 2 3 0.0 0.0 -0.017 -0.007 -0.0052 -0.0056 12.17 
0.650 2 2 3 0.0 0.0 0.016 0.028 -0.0052 -0.0052 12.17 
0.651 2 2 3 0.0 0.0 -0.014 -0.028 -0.0048 -0.0052 12.17 
0.652 2 2 3 0.0 0.0 -0.009 0.003 -0.0048 -0.0052 12.17 
0.653 2 2 3 0.0 0.0 0.011 -0.036 -0.0048 -0.0052 12.16 
0.654 2 2 3 0.0 0.0 0.005 0.012 -0.0048 -0.0052 12.17 
0.655 2 2 3 0.0 0.0 0.019 -0.026 -0.0048 -0.0048 12.17 
0.656 2 2 3 0.0 0.0 0.049 -0.021 -0.0048 -0.0048 12.18 
0.657 2 2 3 0.0 0.0 0.027 -0.001 -0.0044 -0.0048 12.17 
0.658 2 2 3 0.0 0.0 -0.006 0.008 -0.0044 -0.0048 12.17 
0.659 2 2 3 0.0 0.0 -0.007 0.018 -0.0044 -0.0048 12.16 
0.660 2 2 3 0.0 0.0 -0.015 -0.025 -0.0044 -0.0048 12.16 
0.661 2 2 3 0.0 0.0 0.019 0.022 -0.0044 -0.0048 12.17 
0.662 2 2 3 0.0 0.0 -0.009 -0.002 -0.0044 -0.0044 12.17 
0.663 2 2 3 0.0 0.0 -0.029 0.006 -0.0044 -0.0044 12.16 
0.664 2 2 3 0.0 0.0 0.041 0.008 -0.0044 -0.0044 12.18 
0.665 2 2 3 0.0 0.0 -0.000 -0.005 -0.0040 -0.0044 12.15 
