%% logfile from robot Thit (86)
% Thit (86)
%  1    time 0.000 sec
%  2  3  4   (mission 0), state 2, thread 1, line 0
%  5  6 Motor voltage [V] left, right: 1.2 1.2
%  7  8 Motor current left, right [A]: 0.076 0.050
%  9 10 Wheel velocity [m/s] left, right: -0.0000 0.0000
% 11    Battery voltage [V]: 12.27
0.001 2 1 0 1.2 1.2 -0.032 0.026 -0.0000 0.0000 12.27 
0.002 2 1 0 1.2 1.2 0.063 0.084 -0.0000 0.0000 12.27 
0.003 2 1 0 1.2 1.2 0.133 0.094 -0.0000 0.0000 12.27 
0.004 2 1 0 1.2 1.2 0.185 0.093 -0.0000 0.0000 12.26 
0.005 2 1 0 1.2 1.2 0.198 0.074 -0.0000 0.0000 12.27 
0.006 2 1 0 1.2 1.2 0.191 0.063 -0.0000 0.0000 12.26 
0.007 2 1 0 1.2 1.2 0.239 0.051 -0.0000 0.0000 12.27 
0.008 2 1 0 1.2 1.2 0.166 0.040 -0.0000 0.0000 12.27 
0.009 2 1 0 1.2 1.2 0.142 0.047 -0.0000 0.0000 12.27 
0.010 2 1 0 1.2 1.2 0.184 0.044 -0.0000 0.0000 12.26 
0.011 2 1 0 1.2 1.2 0.117 0.038 -0.0000 0.0000 12.27 
0.012 2 1 0 1.2 1.2 0.092 0.039 -0.0000 0.0000 12.27 
0.013 2 1 0 1.2 1.2 0.056 0.036 -0.0000 0.0000 12.26 
0.014 2 1 0 1.2 1.2 0.081 0.053 -0.0000 0.0000 12.27 
0.015 2 1 0 1.2 1.2 0.081 0.055 -0.0000 0.0000 12.27 
0.016 2 1 0 1.2 1.2 0.139 0.046 -0.0000 0.0000 12.27 
0.017 2 1 0 1.2 1.2 0.119 0.050 -0.0000 0.0000 12.27 
0.018 2 1 0 1.2 1.2 0.166 0.058 -0.0000 0.0000 12.23 
0.019 2 1 0 1.2 1.2 0.174 0.037 0.0000 0.0000 12.22 
0.020 2 1 0 1.2 1.2 0.177 0.034 0.0000 0.0000 12.25 
0.021 2 1 0 1.2 1.2 0.146 0.037 0.0000 0.0000 12.23 
0.022 2 1 0 1.2 1.2 0.162 0.038 0.0000 0.0000 12.26 
0.023 2 1 0 1.2 1.2 0.170 0.034 0.0000 0.0000 12.27 
0.024 2 1 0 1.2 1.2 0.161 0.035 0.0000 0.0000 12.27 
0.025 2 1 0 1.2 1.2 0.170 0.027 0.0000 0.0000 12.26 
0.026 2 1 0 1.2 1.2 0.170 0.022 -0.0522 0.0000 12.26 
0.027 2 1 0 1.2 1.2 0.165 0.034 -0.0522 0.0000 12.27 
0.028 2 1 0 1.2 1.2 0.165 0.037 -0.0522 0.0000 12.27 
0.029 2 1 0 1.2 1.2 0.178 0.034 -0.0522 0.0000 12.27 
0.030 2 1 0 1.2 1.2 0.176 0.047 -0.0522 0.0000 12.27 
0.031 2 1 0 1.2 1.2 0.113 0.045 -0.0522 0.0000 12.27 
0.032 2 1 0 1.2 1.2 0.123 0.047 -0.0522 0.0000 12.27 
0.033 2 1 0 1.2 1.2 0.172 0.043 0.0614 0.0000 12.27 
0.034 2 1 0 1.2 1.2 0.193 0.034 0.0614 0.0000 12.23 
0.035 2 1 0 1.2 1.2 0.200 0.033 0.0614 0.0000 12.26 
0.036 2 1 0 1.2 1.2 0.200 0.032 0.0614 0.0000 12.26 
0.037 2 1 0 1.2 1.2 0.153 0.014 0.0614 0.0000 12.27 
0.038 2 1 0 1.2 1.2 0.126 0.024 -0.0811 0.0000 12.27 
0.039 2 1 0 1.2 1.2 0.151 0.033 -0.0811 0.0000 12.26 
0.040 2 1 0 1.2 1.2 0.146 0.039 -0.0811 0.0000 12.27 
0.041 2 1 0 1.2 1.2 0.081 0.042 -0.0811 0.0000 12.26 
0.042 2 1 0 1.2 1.2 0.115 0.040 -0.0811 0.0000 12.27 
0.043 2 1 0 1.2 1.2 0.074 0.039 0.0779 0.0000 12.26 
0.044 2 1 0 1.2 1.2 0.169 0.046 0.0779 0.0000 12.23 
0.045 2 1 0 1.2 1.2 0.420 -0.280 0.0779 0.0000 12.25 
0.046 2 1 0 1.2 1.2 0.196 -0.178 0.0779 0.0000 12.26 
0.047 2 1 0 1.2 1.2 0.133 -0.030 -0.0960 0.0000 12.27 
0.048 2 1 0 1.2 1.2 0.056 0.020 -0.0960 0.0000 12.26 
0.049 2 1 0 1.2 1.2 0.004 0.033 -0.0960 0.0000 12.27 
0.050 2 1 0 1.2 1.2 0.039 0.047 -0.0960 0.0000 12.27 
0.051 2 1 0 1.2 1.2 0.090 0.041 0.0916 0.0000 12.26 
0.052 2 1 0 1.2 1.2 0.136 0.043 0.0916 0.0000 12.27 
0.053 2 1 0 1.2 1.2 0.102 0.030 0.0916 0.0000 12.27 
0.054 2 1 0 1.2 1.2 0.111 0.034 0.0916 0.0000 12.27 
0.055 2 1 0 1.2 1.2 0.123 0.032 0.0916 0.0000 12.26 
0.056 2 1 0 1.2 1.2 0.068 0.039 -0.0932 0.0000 12.27 
0.057 2 1 0 1.2 1.2 0.021 0.032 -0.0932 0.0000 12.27 
0.058 2 1 0 1.2 1.2 0.037 0.047 -0.0932 0.0000 12.26 
0.059 2 1 0 1.2 1.2 0.090 0.051 -0.0932 0.0000 12.26 
0.060 2 1 0 1.2 1.2 0.023 0.058 0.1016 0.0000 12.27 
0.061 2 1 0 1.2 1.2 0.038 0.050 0.1016 0.0000 12.23 
0.062 2 1 0 1.2 1.2 0.030 0.027 0.1016 0.0000 12.23 
0.063 2 1 0 1.2 1.2 0.006 0.022 0.1016 0.0000 12.26 
0.064 2 1 0 1.2 1.2 0.006 0.031 -0.1024 0.0000 12.27 
0.065 2 1 0 1.2 1.2 0.025 0.044 -0.1024 0.0000 12.27 
0.066 2 1 0 1.2 1.2 0.069 0.046 -0.1024 0.0000 12.27 
0.067 2 1 0 1.2 1.2 0.120 0.038 -0.1024 0.0000 12.27 
0.068 2 1 0 1.2 1.2 0.123 0.041 0.1008 0.0000 12.27 
0.069 2 1 0 1.2 1.2 0.076 0.039 0.1008 0.0000 12.23 
0.070 2 1 0 1.2 1.2 0.116 0.027 0.1008 0.0000 12.23 
0.071 2 1 0 1.2 1.2 0.143 0.032 -0.1145 0.0000 12.26 
0.072 2 1 0 1.2 1.2 0.058 0.048 -0.1145 0.0000 12.27 
0.073 2 1 0 1.2 1.2 0.010 0.046 -0.1145 0.0000 12.26 
0.074 2 1 0 1.2 1.2 0.078 0.051 -0.1145 0.0000 12.26 
0.075 2 1 0 1.2 1.2 0.028 0.043 0.1068 0.0000 12.27 
0.076 2 1 0 1.2 1.2 0.014 0.040 0.1068 0.0000 12.27 
0.077 2 1 0 1.2 1.2 0.014 0.029 0.1068 0.0000 12.27 
0.078 2 1 0 1.2 1.2 0.033 0.031 -0.1193 0.0000 12.28 
0.079 2 1 0 1.2 1.2 0.075 0.032 -0.1193 0.0000 12.23 
0.080 2 1 0 1.2 1.2 0.117 0.025 -0.1193 0.0000 12.22 
0.081 2 1 0 1.2 1.2 0.079 0.032 -0.1193 0.0000 12.22 
0.082 2 1 0 1.2 1.2 0.018 0.024 0.1088 0.0000 12.25 
0.083 2 1 0 1.2 1.2 0.011 0.034 0.1088 0.0000 12.23 
0.084 2 1 0 1.2 1.2 0.094 0.015 0.1088 0.0000 12.27 
0.085 2 1 0 1.2 1.2 0.102 0.024 -0.1245 0.0000 12.26 
0.086 2 1 0 1.2 1.2 0.098 0.026 -0.1245 0.0000 12.26 
0.087 2 1 0 1.2 1.2 0.106 0.028 -0.1245 0.0000 12.27 
0.088 2 1 0 1.2 1.2 0.037 0.043 -0.1193 0.0000 12.26 
0.089 2 1 0 1.2 1.2 0.053 0.041 0.1084 0.0000 12.26 
0.090 2 1 0 1.2 1.2 0.102 0.042 0.1084 0.0000 12.27 
0.091 2 1 0 1.2 1.2 0.086 0.027 0.1084 0.0000 12.23 
0.092 2 1 0 1.2 1.2 0.068 0.015 -0.1269 0.0000 12.26 
0.093 2 1 0 1.2 1.2 0.102 0.032 -0.1269 0.0000 12.27 
0.094 2 1 0 1.2 1.2 0.086 0.045 -0.1269 0.0000 12.27 
0.095 2 1 0 1.2 1.2 0.036 0.055 -0.1145 0.0000 12.27 
0.096 2 1 0 1.2 1.2 0.078 0.043 0.1125 0.0000 12.27 
0.097 2 1 0 1.2 1.2 0.119 0.030 0.1125 0.0000 12.27 
0.098 2 1 0 1.2 1.2 0.092 0.027 0.1125 0.0000 12.23 
0.099 2 1 0 1.2 1.2 0.092 0.024 -0.1341 0.0000 12.26 
0.100 2 1 0 1.2 1.2 0.102 0.041 -0.1341 0.0000 12.26 
0.101 2 1 0 1.2 1.2 0.029 0.041 -0.1341 0.0000 12.27 
0.102 2 1 0 1.2 1.2 0.033 0.050 0.1145 0.0000 12.27 
0.103 2 1 0 1.2 1.2 0.081 0.040 0.1145 0.0000 12.23 
0.104 2 1 0 1.2 1.2 0.112 0.028 0.1145 0.0000 12.26 
0.105 2 1 0 1.2 1.2 0.113 0.028 -0.1241 0.0000 12.27 
0.106 2 1 0 1.2 1.2 0.135 0.034 -0.1241 0.0000 12.27 
0.107 2 1 0 1.2 1.2 0.109 0.036 -0.1241 0.0000 12.27 
0.108 2 1 0 1.2 1.2 0.065 0.037 -0.1241 0.0000 12.27 
0.109 2 1 0 1.2 1.2 0.119 0.032 0.1169 0.0000 12.26 
0.110 2 1 0 1.2 1.2 0.117 0.040 0.1169 0.0000 12.27 
0.111 2 1 0 1.2 1.2 0.138 0.025 0.1169 0.0000 12.27 
0.112 2 1 0 1.2 1.2 0.131 0.032 -0.1293 0.0000 12.27 
0.113 2 1 0 1.2 1.2 0.121 0.042 -0.1293 0.0000 12.27 
0.114 2 1 0 1.2 1.2 0.006 0.043 -0.1293 0.0000 12.27 
0.115 2 1 0 1.2 1.2 0.003 0.043 0.1233 0.0000 12.27 
0.116 2 1 0 1.2 1.2 0.052 0.042 0.1233 0.0000 12.27 
0.117 2 1 0 1.2 1.2 0.068 0.033 0.1233 0.0000 12.26 
0.118 2 1 0 1.2 1.2 0.082 0.018 -0.1289 0.0000 12.27 
0.119 2 1 0 1.2 1.2 0.124 0.025 -0.1289 0.0000 12.27 
0.120 2 1 0 1.2 1.2 0.117 0.036 -0.1289 0.0000 12.26 
0.121 2 1 0 1.2 1.2 0.143 0.036 0.1213 0.0000 12.27 
0.122 2 1 0 1.2 1.2 0.159 0.024 0.1213 0.0000 12.26 
0.123 2 1 0 1.2 1.2 0.132 0.021 0.1213 0.0000 12.23 
0.124 2 1 0 1.2 1.2 0.088 0.011 -0.1402 0.0000 12.26 
0.125 2 1 0 1.2 1.2 0.014 0.012 -0.1402 0.0000 12.26 
0.126 2 1 0 1.2 1.2 -0.020 0.024 -0.1402 0.0000 12.23 
0.127 2 1 0 1.2 1.2 0.007 0.017 -0.1269 0.0000 12.27 
0.128 2 1 0 1.2 1.2 0.043 0.028 0.1233 0.0000 12.26 
0.129 2 1 0 1.2 1.2 0.038 0.022 0.1233 0.0000 12.27 
0.130 2 1 0 1.2 1.2 0.087 0.026 -0.1398 0.0000 12.27 
0.131 2 1 0 1.2 1.2 0.121 0.012 -0.1398 0.0000 12.27 
0.132 2 1 0 1.2 1.2 0.098 0.028 -0.1398 0.0000 12.27 
0.133 2 1 0 1.2 1.2 0.126 0.032 -0.1317 0.0000 12.27 
0.134 2 1 0 1.2 1.2 0.128 0.032 0.1257 0.0000 12.26 
0.135 2 1 0 1.2 1.2 0.124 0.020 0.1257 0.0000 12.23 
0.136 2 1 0 1.2 1.2 0.078 0.015 0.1257 0.0000 12.26 
0.137 2 1 0 1.2 1.2 0.060 0.023 -0.1261 0.0000 12.27 
0.138 2 1 0 1.2 1.2 -0.006 0.030 -0.1261 0.0000 12.27 
0.139 2 1 0 1.2 1.2 -0.015 0.030 -0.1261 0.0000 12.27 
0.140 2 1 0 1.2 1.2 -0.014 0.027 0.1341 0.0000 12.26 
0.141 2 1 0 1.2 1.2 -0.035 0.035 0.1341 0.0000 12.25 
0.142 2 1 0 1.2 1.2 0.070 0.022 0.1341 0.0000 12.26 
0.143 2 1 0 1.2 1.2 0.107 0.024 -0.1313 0.0000 12.27 
0.144 2 1 0 1.2 1.2 0.112 0.025 -0.1313 0.0000 12.26 
0.145 2 1 0 1.2 1.2 0.090 0.036 -0.1313 0.0000 12.27 
0.146 2 1 0 1.2 1.2 0.129 0.057 0.1261 0.0000 12.26 
0.147 2 1 0 1.2 1.2 0.389 -0.266 0.1261 0.0000 12.26 
0.148 2 1 0 1.2 1.2 0.132 -0.174 0.1261 0.0000 12.26 
0.149 2 1 0 1.2 1.2 0.004 -0.034 -0.1398 0.0000 12.26 
0.150 2 1 0 1.2 1.2 -0.013 0.015 -0.1398 0.0000 12.27 
0.151 2 1 0 1.2 1.2 0.018 0.027 -0.1398 0.0000 12.27 
0.152 2 1 0 1.2 1.2 0.057 0.043 0.1273 0.0000 12.27 
0.153 2 1 0 1.2 1.2 0.004 0.046 0.1273 0.0000 12.27 
0.154 2 1 0 1.2 1.2 0.012 0.028 0.1273 0.0000 12.26 
0.155 2 1 0 1.2 1.2 0.018 0.034 -0.1414 0.0000 12.27 
0.156 2 1 0 1.2 1.2 0.059 0.042 -0.1414 0.0000 12.26 
0.157 2 1 0 1.2 1.2 0.017 0.045 -0.1414 0.0000 12.26 
0.158 2 1 0 1.2 1.2 0.044 0.049 0.1273 0.0000 12.27 
0.159 2 1 0 1.2 1.2 0.078 0.043 0.1273 0.0000 12.27 
0.160 2 1 0 1.2 1.2 0.044 0.043 0.1273 0.0000 12.27 
0.161 2 1 0 1.2 1.2 0.018 0.031 -0.1406 0.0000 12.27 
0.162 2 1 0 1.2 1.2 -0.021 0.025 -0.1406 0.0000 12.27 
0.163 2 1 0 1.2 1.2 0.018 0.035 -0.1406 0.0000 12.27 
0.164 2 1 0 1.2 1.2 0.004 0.053 0.1209 0.0000 12.27 
0.165 2 1 0 1.2 1.2 0.037 0.043 0.1209 0.0000 12.27 
0.166 2 1 0 1.2 1.2 0.030 0.039 0.1209 0.0000 12.27 
0.167 2 1 0 1.2 1.2 0.045 0.039 -0.1398 0.0000 12.27 
0.168 2 1 0 1.2 1.2 0.048 0.039 -0.1398 0.0000 12.27 
0.169 2 1 0 1.2 1.2 0.058 0.037 -0.1398 0.0000 12.27 
0.170 2 1 0 1.2 1.2 0.034 0.040 0.1229 0.0000 12.27 
0.171 2 1 0 1.2 1.2 0.063 0.054 0.1229 0.0000 12.27 
0.172 2 1 0 1.2 1.2 0.010 0.063 0.1229 0.0000 12.26 
0.173 2 1 0 1.2 1.2 0.025 0.044 -0.1462 0.0000 12.27 
0.174 2 1 0 1.2 1.2 0.043 0.058 -0.1462 0.0000 12.26 
0.175 2 1 0 1.2 1.2 0.000 0.061 -0.1462 0.0000 12.27 
0.176 2 1 0 1.2 1.2 0.052 0.062 0.1253 0.0000 12.27 
0.177 2 1 0 1.2 1.2 0.005 0.047 0.1253 0.0000 12.27 
0.178 2 1 0 1.2 1.2 0.040 0.032 0.1253 0.0000 12.27 
0.179 2 1 0 1.2 1.2 0.065 0.028 -0.1366 0.0000 12.26 
0.180 2 1 0 1.2 1.2 0.074 0.028 -0.1366 0.0000 12.26 
0.181 2 1 0 1.2 1.2 0.047 0.037 -0.1366 0.0000 12.27 
0.182 2 1 0 1.2 1.2 0.049 0.047 0.1269 0.0000 12.27 
0.183 2 1 0 1.2 1.2 0.021 0.047 0.1269 0.0000 12.27 
0.184 2 1 0 1.2 1.2 0.038 0.041 0.1269 0.0000 12.27 
0.185 2 1 0 1.2 1.2 0.079 0.033 -0.1398 0.0000 12.26 
0.186 2 1 0 1.2 1.2 0.026 0.046 -0.1398 0.0000 12.27 
0.187 2 1 0 1.2 1.2 -0.011 0.055 -0.1398 0.0000 12.27 
0.188 2 1 0 1.2 1.2 -0.019 0.060 0.1333 0.0000 12.27 
0.189 2 1 0 1.2 1.2 0.017 0.051 0.1333 0.0000 12.27 
0.190 2 1 0 1.2 1.2 0.091 0.044 0.1333 0.0000 12.27 
0.191 2 1 0 1.2 1.2 0.129 0.024 -0.1370 0.0000 12.27 
0.192 2 1 0 1.2 1.2 0.044 0.037 -0.1370 0.0000 12.27 
0.193 2 1 0 1.2 1.2 0.065 0.058 -0.1370 0.0000 12.27 
0.194 2 1 0 1.2 1.2 0.048 0.072 0.1277 0.0000 12.27 
0.195 2 1 0 1.2 1.2 0.095 0.069 0.1277 0.0000 12.27 
0.196 2 1 0 1.2 1.2 0.014 0.055 0.1277 0.0000 12.27 
0.197 2 1 0 1.2 1.2 0.002 0.042 -0.1470 0.0000 12.27 
0.198 2 1 0 1.2 1.2 0.049 0.038 -0.1470 0.0000 12.27 
0.199 2 1 0 1.2 1.2 0.001 0.040 -0.1470 0.0000 12.27 
0.200 2 1 0 1.2 1.2 0.029 0.045 0.1285 0.0000 12.27 
0.201 2 1 1 4.0 4.0 0.042 0.041 0.1285 0.0000 12.27 
0.202 2 1 1 4.0 4.0 0.133 0.087 0.1285 0.0000 12.23 
0.203 2 1 1 4.0 4.0 0.413 0.364 -0.1474 0.0000 12.20 
0.204 2 1 1 4.0 4.0 0.603 0.642 -0.1474 0.0000 12.18 
0.205 2 1 1 4.0 4.0 0.656 0.847 -0.1474 0.0000 12.18 
0.206 2 1 1 4.0 4.0 0.650 0.919 0.1502 0.0000 12.18 
0.207 2 1 1 4.0 4.0 0.694 0.946 0.1502 0.0000 12.17 
0.208 2 1 1 4.0 4.0 0.702 0.964 -0.1735 0.0000 12.18 
0.209 2 1 1 4.0 4.0 0.666 0.950 -0.1735 0.1370 12.18 
0.210 2 1 1 4.0 4.0 0.637 0.945 0.2068 0.1370 12.18 
0.211 2 1 1 4.0 4.0 0.700 0.917 0.2068 0.2554 12.18 
0.212 2 1 1 4.0 4.0 0.719 0.924 -0.2217 0.2848 12.18 
0.213 2 1 1 4.0 4.0 0.595 0.994 0.2305 0.2848 12.17 
0.214 2 1 1 4.0 4.0 0.558 0.861 0.2305 0.3402 12.19 
0.215 2 1 1 4.0 4.0 0.559 0.814 -0.2675 0.2554 12.19 
0.216 2 1 1 4.0 4.0 0.566 0.798 0.2574 0.3615 12.19 
0.217 2 1 1 4.0 4.0 0.546 0.777 0.2574 0.3751 12.19 
0.218 2 1 1 4.0 4.0 0.581 0.782 -0.2928 0.4181 12.19 
0.219 2 1 1 4.0 4.0 0.507 0.801 0.2711 0.3615 12.19 
0.220 2 1 1 4.0 4.0 0.528 0.798 0.2711 0.4016 12.20 
0.221 2 1 1 4.0 4.0 0.558 0.758 -0.3185 0.4137 12.20 
0.222 2 1 1 4.0 4.0 0.481 0.664 0.2868 0.4779 12.21 
0.223 2 1 1 4.0 4.0 0.453 0.606 -0.3402 0.4615 12.21 
0.224 2 1 1 4.0 4.0 0.387 0.594 0.3088 0.4562 12.21 
0.225 2 1 1 4.0 4.0 0.406 0.607 0.3088 0.5213 12.20 
0.226 2 1 1 4.0 4.0 0.413 0.619 -0.3683 0.5020 12.21 
0.227 2 1 1 4.0 4.0 0.422 0.611 0.3265 0.5149 12.21 
0.228 2 1 1 4.0 4.0 0.427 0.569 -0.3522 0.5820 12.21 
0.229 2 1 1 4.0 4.0 0.398 0.544 0.3317 0.5735 12.21 
0.230 2 1 1 4.0 4.0 0.395 0.535 -0.3683 0.5655 12.20 
0.231 2 1 1 4.0 4.0 0.351 0.549 0.3582 0.5904 12.21 
0.232 2 1 1 4.0 4.0 0.413 0.564 -0.3751 0.5992 12.21 
0.233 2 1 1 4.0 4.0 0.345 0.557 -0.3615 0.6804 12.22 
0.234 2 1 1 4.0 4.0 0.381 0.466 -0.3823 0.5904 12.22 
0.235 2 1 1 4.0 4.0 0.347 0.428 -0.3823 0.6924 12.22 
0.236 2 1 1 4.0 4.0 0.318 0.439 0.3683 0.5820 12.22 
0.237 2 1 1 4.0 4.0 0.364 0.483 -0.3936 0.6691 12.22 
0.238 2 1 1 4.0 4.0 0.352 0.473 0.3896 0.7044 12.22 
0.239 2 1 1 4.0 4.0 0.323 0.408 -0.3896 0.6924 12.22 
0.240 2 1 1 4.0 4.0 0.365 0.386 0.4056 0.7169 12.22 
0.241 2 1 1 4.0 4.0 0.319 0.384 0.4016 0.7434 12.22 
0.242 2 1 1 4.0 4.0 0.286 0.444 -0.4225 0.7302 12.22 
0.243 2 1 1 4.0 4.0 0.297 0.427 0.4137 0.6374 12.22 
0.244 2 1 1 4.0 4.0 0.272 0.414 -0.4317 0.7575 12.22 
0.245 2 1 1 4.0 4.0 0.267 0.357 0.4181 0.6804 12.22 
0.246 2 1 1 4.0 4.0 0.264 0.349 -0.4362 0.7575 12.22 
0.247 2 1 1 4.0 4.0 0.253 0.375 0.4016 0.7044 12.22 
0.248 2 1 1 4.0 4.0 0.382 0.369 -0.4317 0.7434 12.23 
0.249 2 1 1 4.0 4.0 0.611 0.047 0.4225 0.7169 12.22 
0.250 2 1 1 4.0 4.0 0.404 0.131 -0.4510 0.7723 12.22 
0.251 2 1 1 4.0 4.0 0.287 0.286 0.4362 0.7575 12.23 
0.252 2 1 1 4.0 4.0 0.243 0.333 -0.4462 0.7872 12.23 
0.253 2 1 1 4.0 4.0 0.295 0.375 -0.4510 0.7575 12.23 
0.254 2 1 1 4.0 4.0 0.226 0.372 0.4510 0.7575 12.23 
0.255 2 1 1 4.0 4.0 0.248 0.329 -0.4615 0.8366 12.22 
0.256 2 1 1 4.0 4.0 0.271 0.292 0.4510 0.8032 12.23 
0.257 2 1 1 4.0 4.0 0.231 0.290 -0.4723 0.7575 12.24 
0.258 2 1 1 4.0 4.0 0.217 0.308 0.4615 0.8193 12.23 
0.259 2 1 1 4.0 4.0 0.237 0.309 -0.4723 0.7723 12.23 
0.260 2 1 1 4.0 4.0 0.211 0.288 -0.4667 0.8543 12.23 
0.261 2 1 1 4.0 4.0 0.249 0.331 0.4836 0.7723 12.24 
0.262 2 1 1 4.0 4.0 0.226 0.342 -0.4836 0.8727 12.23 
0.263 2 1 1 4.0 4.0 0.222 0.307 0.4779 0.8366 12.23 
0.264 2 1 1 4.0 4.0 0.249 0.252 -0.4896 0.8924 12.24 
0.265 2 1 1 4.0 4.0 0.213 0.235 -0.4956 0.9338 12.23 
0.266 2 1 1 4.0 4.0 0.203 0.264 0.4779 0.8924 12.24 
0.267 2 1 1 4.0 4.0 0.208 0.250 -0.4956 0.8924 12.24 
0.268 2 1 1 4.0 4.0 0.197 0.241 0.4779 0.8032 12.24 
0.269 2 1 1 4.0 4.0 0.186 0.233 -0.4667 0.8727 12.23 
0.270 2 1 1 4.0 4.0 0.176 0.253 -0.5081 0.8193 12.24 
0.271 2 1 1 4.0 4.0 0.193 0.237 0.4896 0.9338 12.24 
0.272 2 1 1 4.0 4.0 0.256 0.242 -0.4956 0.9338 12.23 
0.273 2 1 1 4.0 4.0 0.197 0.310 0.4896 0.9559 12.24 
0.274 2 1 1 4.0 4.0 0.184 0.249 0.5020 0.9338 12.24 
0.275 2 1 1 4.0 4.0 0.201 0.197 -0.5081 0.9559 12.24 
0.276 2 1 1 4.0 4.0 0.261 0.227 0.4956 0.9559 12.24 
0.277 2 1 1 4.0 4.0 0.223 0.231 -0.4956 1.0041 12.24 
0.278 2 1 1 4.0 4.0 0.228 0.193 -0.5281 1.0298 12.24 
0.279 2 1 1 4.0 4.0 0.181 0.224 0.5149 0.9125 12.24 
0.280 2 1 1 4.0 4.0 0.166 0.238 -0.5081 0.8543 12.24 
0.281 2 1 1 4.0 4.0 0.158 0.193 -0.5213 0.9338 12.24 
0.282 2 1 1 4.0 4.0 0.167 0.203 0.5149 0.9125 12.24 
0.283 2 1 1 4.0 4.0 0.162 0.231 -0.5281 0.9796 12.24 
0.284 2 1 1 4.0 4.0 0.185 0.193 -0.5354 0.9796 12.24 
0.285 2 1 1 4.0 4.0 0.210 0.173 0.5149 1.0298 12.24 
0.286 2 1 1 4.0 4.0 0.147 0.220 -0.5354 1.0041 12.24 
0.287 2 1 1 4.0 4.0 0.128 0.253 0.5081 0.8924 12.24 
0.288 2 1 1 4.0 4.0 0.132 0.206 0.5149 1.0041 12.24 
0.289 2 1 1 4.0 4.0 0.222 0.149 -0.5426 0.9559 12.24 
0.290 2 1 1 4.0 4.0 0.193 0.190 0.5213 0.8924 12.21 
0.291 2 1 1 4.0 4.0 0.172 0.209 0.5149 1.0041 12.23 
0.292 2 1 1 4.0 4.0 0.147 0.180 -0.5281 1.0041 12.24 
0.293 2 1 1 4.0 4.0 0.128 0.203 0.5281 1.0298 12.24 
0.294 2 1 1 4.0 4.0 0.197 0.184 0.5213 1.0041 12.24 
0.295 2 1 1 4.0 4.0 0.180 0.167 -0.5498 1.0298 12.25 
0.296 2 1 1 4.0 4.0 0.128 0.218 0.5281 1.0567 12.25 
0.297 2 1 1 4.0 4.0 0.180 0.191 0.5354 1.0298 12.24 
0.298 2 1 1 4.0 4.0 0.226 0.158 -0.5281 1.0041 12.24 
0.299 2 1 1 4.0 4.0 0.170 0.203 0.5426 1.0852 12.24 
0.300 2 1 1 4.0 4.0 0.130 0.226 0.5354 1.0298 12.24 
0.301 2 1 1 4.0 4.0 0.150 0.161 -0.5498 0.9338 12.24 
0.302 2 1 1 4.0 4.0 0.114 0.145 0.5354 0.9796 12.25 
0.303 2 1 1 4.0 4.0 0.158 0.174 0.5354 1.0041 12.24 
0.304 2 1 1 4.0 4.0 0.195 0.196 -0.5575 1.0298 12.24 
0.305 2 1 1 4.0 4.0 0.162 0.208 0.5281 1.0298 12.24 
0.306 2 1 1 4.0 4.0 0.151 0.195 0.5354 0.8924 12.24 
0.307 2 1 1 4.0 4.0 0.206 0.176 -0.5655 1.0567 12.24 
0.308 2 1 1 4.0 4.0 0.158 0.158 0.5426 0.9559 12.24 
0.309 2 1 1 4.0 4.0 0.139 0.184 0.5354 1.0041 12.24 
0.310 2 1 1 4.0 4.0 0.194 0.198 -0.5426 1.0567 12.24 
0.311 2 1 1 4.0 4.0 0.133 0.231 0.5426 1.0852 12.24 
0.312 2 1 1 4.0 4.0 0.139 0.189 0.5354 1.0852 12.24 
0.313 2 1 1 4.0 4.0 0.100 0.162 -0.5655 1.0567 12.25 
0.314 2 1 1 4.0 4.0 0.162 0.154 -0.5655 1.0852 12.25 
0.315 2 1 1 4.0 4.0 0.201 0.176 0.5498 1.0852 12.24 
0.316 2 1 1 4.0 4.0 0.131 0.145 -0.5426 1.0567 12.24 
0.317 2 1 1 4.0 4.0 0.117 0.146 -0.5575 1.0298 12.24 
0.318 2 1 1 4.0 4.0 0.131 0.172 0.5498 1.0852 12.24 
0.319 2 1 1 4.0 4.0 0.183 0.192 -0.5655 1.0852 12.24 
0.320 2 1 1 4.0 4.0 0.139 0.154 -0.5655 1.0298 12.24 
0.321 2 1 1 4.0 4.0 0.122 0.153 0.5426 1.1153 12.24 
0.322 2 1 1 4.0 4.0 0.097 0.159 -0.5426 1.0567 12.24 
0.323 2 1 1 4.0 4.0 0.151 0.167 -0.5655 1.1153 12.24 
0.324 2 1 1 4.0 4.0 0.132 0.232 0.5426 1.1153 12.24 
0.325 2 1 1 4.0 4.0 0.113 0.172 0.5498 0.9559 12.24 
0.326 2 1 1 4.0 4.0 0.122 0.114 -0.5575 0.9338 12.24 
0.327 2 1 1 4.0 4.0 0.211 0.111 0.5426 1.0852 12.24 
0.328 2 1 1 4.0 4.0 0.147 0.210 0.5575 1.0567 12.24 
0.329 2 1 1 4.0 4.0 0.106 0.162 -0.5655 1.0567 12.25 
0.330 2 1 1 4.0 4.0 0.063 0.150 -0.5735 1.0567 12.25 
0.331 2 1 1 4.0 4.0 0.120 0.157 0.5575 1.1153 12.25 
0.332 2 1 1 4.0 4.0 0.175 0.164 -0.5820 1.0041 12.25 
0.333 2 1 1 4.0 4.0 0.143 0.176 -0.5575 1.0567 12.25 
0.334 2 1 1 4.0 4.0 0.086 0.143 0.5735 1.1153 12.25 
0.335 2 1 1 4.0 4.0 0.082 0.124 0.5575 0.9796 12.25 
0.336 2 1 1 4.0 4.0 0.177 0.152 -0.5735 1.0852 12.24 
0.337 2 1 1 4.0 4.0 0.141 0.195 0.5575 1.0852 12.25 
0.338 2 1 1 4.0 4.0 0.107 0.122 0.5575 0.9559 12.24 
0.339 2 1 1 4.0 4.0 0.109 0.114 -0.5820 1.1153 12.24 
0.340 2 1 1 4.0 4.0 0.141 0.134 -0.5820 1.1153 12.25 
0.341 2 1 1 4.0 4.0 0.121 0.157 0.5575 1.1474 12.25 
0.342 2 1 1 4.0 4.0 0.119 0.144 -0.5904 1.1153 12.24 
0.343 2 1 1 4.0 4.0 0.084 0.125 -0.5735 0.9796 12.24 
0.344 2 1 1 4.0 4.0 0.133 0.123 0.5575 0.9125 12.25 
0.345 2 1 1 4.0 4.0 0.158 0.134 0.5655 1.0852 12.25 
0.346 2 1 1 4.0 4.0 0.124 0.195 -0.5655 1.0852 12.24 
0.347 2 1 1 4.0 4.0 0.081 0.127 0.5498 1.0041 12.25 
0.348 2 1 1 4.0 4.0 0.094 0.131 0.5575 1.0852 12.24 
0.349 2 1 1 4.0 4.0 0.156 0.197 -0.5820 1.1153 12.25 
0.350 2 1 1 4.0 4.0 0.143 0.142 -0.5575 1.1153 12.25 
0.351 2 1 1 4.0 4.0 0.105 0.116 0.5735 1.0852 12.25 
0.352 2 1 1 4.0 4.0 0.495 -0.093 -0.5735 1.1474 12.24 
0.353 2 1 1 4.0 4.0 0.270 -0.145 -0.5820 0.9796 12.25 
0.354 2 1 1 4.0 4.0 0.130 0.020 0.5655 1.1153 12.21 
0.355 2 1 1 4.0 4.0 0.162 0.103 0.5655 1.1153 12.24 
0.356 2 1 1 4.0 4.0 0.118 0.116 -0.5820 0.8924 12.21 
0.357 2 1 1 4.0 4.0 0.096 0.176 0.5575 1.1153 12.24 
0.358 2 1 1 4.0 4.0 0.127 0.138 0.5655 1.1153 12.21 
0.359 2 1 1 4.0 4.0 0.148 0.097 -0.5904 1.1474 12.24 
0.360 2 1 1 4.0 4.0 0.126 0.138 -0.5735 1.1153 12.24 
0.361 2 1 1 4.0 4.0 0.099 0.199 0.5575 0.9796 12.24 
0.362 2 1 1 4.0 4.0 0.090 0.169 -0.5655 0.8924 12.24 
0.363 2 1 1 4.0 4.0 0.082 0.101 -0.5735 1.0298 12.24 
0.364 2 1 1 4.0 4.0 0.065 0.146 0.5655 1.0567 12.25 
0.365 2 1 1 4.0 4.0 0.080 0.130 0.5735 0.9796 12.25 
0.366 2 1 1 4.0 4.0 0.098 0.157 -0.5904 1.0852 12.25 
0.367 2 1 1 4.0 4.0 0.100 0.232 -0.5655 1.1153 12.25 
0.368 2 1 1 4.0 4.0 0.072 0.154 0.5820 1.0852 12.25 
0.369 2 1 1 4.0 4.0 0.148 0.112 -0.5735 1.0852 12.25 
0.370 2 1 1 4.0 4.0 0.139 0.146 -0.5820 1.1474 12.24 
0.371 2 1 1 4.0 4.0 0.093 0.184 0.5655 1.0298 12.25 
0.372 2 1 1 4.0 4.0 0.100 0.151 0.5655 1.1153 12.25 
0.373 2 1 1 4.0 4.0 0.128 0.131 -0.5820 1.0852 12.25 
0.374 2 1 1 4.0 4.0 0.091 0.119 -0.5820 1.0041 12.25 
0.375 2 1 1 4.0 4.0 0.098 0.144 0.5575 1.0852 12.25 
0.376 2 1 1 4.0 4.0 0.107 0.177 -0.5904 1.1153 12.25 
0.377 2 1 1 4.0 4.0 0.124 0.112 -0.5735 1.1474 12.25 
0.378 2 1 1 4.0 4.0 0.114 0.123 0.5575 1.1153 12.25 
0.379 2 1 1 4.0 4.0 0.094 0.159 0.5735 1.0041 12.25 
0.380 2 1 1 4.0 4.0 0.140 0.171 -0.5735 0.9796 12.25 
0.381 2 1 1 4.0 4.0 0.119 0.101 0.5575 1.1153 12.24 
0.382 2 1 1 4.0 4.0 0.099 0.138 0.5655 1.0852 12.25 
0.383 2 1 1 4.0 4.0 0.111 0.135 -0.5904 1.0298 12.24 
0.384 2 1 1 4.0 4.0 0.141 0.190 -0.5575 1.0852 12.24 
0.385 2 1 1 4.0 4.0 0.072 0.153 0.5735 1.1153 12.25 
0.386 2 1 1 4.0 4.0 0.092 0.101 -0.5655 1.0041 12.25 
0.387 2 1 1 4.0 4.0 0.165 0.112 -0.5820 1.0852 12.25 
0.388 2 1 1 4.0 4.0 0.111 0.194 0.5655 1.1474 12.25 
0.389 2 1 1 4.0 4.0 0.115 0.138 0.5575 1.0852 12.26 
0.390 2 1 1 4.0 4.0 0.120 0.132 -0.5820 1.1474 12.25 
0.391 2 1 1 4.0 4.0 0.128 0.149 -0.5820 1.1153 12.25 
0.392 2 1 1 4.0 4.0 0.139 0.136 0.5575 1.0852 12.25 
0.393 2 1 1 4.0 4.0 0.094 0.100 -0.5904 1.1812 12.25 
0.394 2 1 1 4.0 4.0 0.121 0.102 -0.5735 1.1153 12.25 
0.395 2 1 1 4.0 4.0 0.127 0.104 0.5575 1.1474 12.25 
0.396 2 1 1 4.0 4.0 0.090 0.155 0.5655 1.1474 12.25 
0.397 2 1 1 4.0 4.0 0.072 0.186 -0.5735 1.0852 12.25 
0.398 2 1 1 4.0 4.0 0.115 0.104 0.5575 1.0567 12.25 
0.399 2 1 1 4.0 4.0 0.172 0.107 0.5735 1.1812 12.25 
0.400 2 1 1 4.0 4.0 0.114 0.165 -0.5904 1.1153 12.25 
0.401 2 1 1 4.0 4.0 0.081 0.120 -0.5655 1.1153 12.25 
0.402 2 1 1 4.0 4.0 0.077 0.109 0.5820 1.1474 12.25 
0.403 2 1 1 4.0 4.0 0.072 0.091 0.5735 1.0852 12.25 
0.404 2 1 1 4.0 4.0 0.103 0.038 -0.5904 1.1153 12.24 
0.405 2 1 1 4.0 4.0 0.066 0.068 -0.5904 1.1812 12.25 
0.406 2 1 1 4.0 4.0 0.086 0.077 0.5735 1.1474 12.25 
0.407 2 1 1 4.0 4.0 0.071 0.070 -0.5904 1.1474 12.25 
0.408 2 1 1 4.0 4.0 0.071 0.112 -0.5904 1.1812 12.25 
0.409 2 1 1 4.0 4.0 0.103 0.131 0.5655 1.1474 12.25 
0.410 2 1 1 4.0 4.0 0.070 0.087 0.5735 1.1474 12.25 
0.411 2 1 1 4.0 4.0 0.103 0.150 -0.5820 1.0298 12.24 
0.412 2 1 1 4.0 4.0 0.101 0.129 -0.5655 1.1153 12.25 
0.413 2 1 1 4.0 4.0 0.082 0.068 0.5735 1.1812 12.25 
0.414 2 1 1 4.0 4.0 0.046 0.085 -0.5820 1.0852 12.25 
0.415 2 1 1 4.0 4.0 0.086 0.074 -0.5904 1.2169 12.25 
0.416 2 1 1 4.0 4.0 0.078 0.068 0.5655 1.1474 12.25 
0.417 2 1 1 4.0 4.0 0.111 0.082 0.5735 1.1153 12.25 
0.418 2 1 1 4.0 4.0 0.108 0.074 -0.5655 1.2169 12.24 
0.419 2 1 1 4.0 4.0 0.082 0.079 -0.5820 1.1474 12.25 
0.420 2 1 1 4.0 4.0 0.079 0.104 0.5735 1.1474 12.24 
0.421 2 1 1 4.0 4.0 0.114 0.093 -0.5904 1.1812 12.25 
0.422 2 1 1 4.0 4.0 0.086 0.070 -0.5904 1.1153 12.24 
0.423 2 1 1 4.0 4.0 0.087 0.105 0.5735 1.1812 12.25 
0.424 2 1 1 4.0 4.0 0.090 0.094 0.5655 1.1812 12.22 
0.425 2 1 1 4.0 4.0 0.077 0.090 -0.5904 1.1474 12.24 
0.426 2 1 1 4.0 4.0 0.102 0.117 -0.5992 1.1474 12.24 
0.427 2 1 1 4.0 4.0 0.112 0.107 0.5735 0.9559 12.25 
0.428 2 1 1 4.0 4.0 0.086 0.087 -0.5820 1.1474 12.25 
0.429 2 1 1 4.0 4.0 0.094 0.120 -0.5820 1.1474 12.24 
0.430 2 1 1 4.0 4.0 0.071 0.100 0.5735 1.1812 12.22 
0.431 2 1 1 4.0 4.0 0.097 0.113 0.5735 1.1812 12.24 
0.432 2 1 1 4.0 4.0 0.064 0.133 -0.5992 1.0041 12.24 
0.433 2 1 1 4.0 4.0 0.080 0.123 -0.5992 1.0567 12.25 
0.434 2 1 1 4.0 4.0 0.082 0.134 0.5820 1.1812 12.24 
0.435 2 1 1 4.0 4.0 0.090 0.132 0.5904 1.1153 12.25 
0.436 2 1 1 4.0 4.0 0.064 0.109 -0.5820 1.1153 12.25 
0.437 2 1 1 4.0 4.0 0.131 0.122 0.5735 1.1812 12.24 
0.438 2 1 1 4.0 4.0 0.074 0.125 0.5820 0.9796 12.25 
0.439 2 1 1 4.0 4.0 0.095 0.105 -0.5904 1.1474 12.25 
0.440 2 1 1 4.0 4.0 0.086 0.124 -0.5904 1.1812 12.25 
0.441 2 1 1 4.0 4.0 0.120 0.128 0.5655 1.1474 12.25 
0.442 2 1 1 4.0 4.0 0.082 0.120 0.5655 1.1474 12.25 
0.443 2 1 1 4.0 4.0 0.095 0.108 -0.5992 1.0852 12.25 
0.444 2 1 1 4.0 4.0 0.084 0.086 -0.5820 1.1812 12.25 
0.445 2 1 1 4.0 4.0 0.109 0.062 0.5655 1.1474 12.24 
0.446 2 1 1 4.0 4.0 0.086 0.072 -0.5820 1.1153 12.25 
0.447 2 1 1 4.0 4.0 0.064 0.071 -0.5820 1.1812 12.24 
0.448 2 1 1 4.0 4.0 0.087 0.081 0.5655 1.1812 12.24 
0.449 2 1 1 4.0 4.0 0.078 0.113 0.5735 1.0852 12.24 
0.450 2 1 1 4.0 4.0 0.099 0.083 -0.5904 1.2169 12.25 
0.451 2 1 1 4.0 4.0 0.091 0.071 0.5655 1.1474 12.24 
0.452 2 1 1 4.0 4.0 0.081 0.113 0.5820 1.1153 12.24 
0.453 2 1 1 4.0 4.0 0.058 0.096 -0.5820 1.1812 12.25 
0.454 2 1 1 4.0 4.0 0.490 -0.120 -0.5904 1.1153 12.23 
0.455 2 1 1 4.0 4.0 0.238 -0.114 0.5735 1.1474 12.25 
0.456 2 1 1 4.0 4.0 0.123 0.043 0.5735 1.1812 12.25 
0.457 2 1 1 4.0 4.0 0.129 0.088 -0.5904 1.1153 12.24 
0.458 2 1 1 4.0 4.0 0.073 0.127 -0.5904 1.1812 12.25 
0.459 2 1 1 4.0 4.0 0.090 0.087 0.5735 1.0852 12.25 
0.460 2 1 1 4.0 4.0 0.061 0.081 -0.5735 1.1474 12.25 
0.461 2 1 1 4.0 4.0 0.061 0.084 -0.5820 1.1153 12.25 
0.462 2 1 1 4.0 4.0 0.084 0.054 0.5655 1.1153 12.25 
0.463 2 1 1 4.0 4.0 0.090 0.055 0.5820 1.1812 12.25 
0.464 2 1 1 4.0 4.0 0.054 0.081 -0.5904 1.1474 12.24 
0.465 2 1 1 4.0 4.0 0.075 0.069 -0.5992 1.1812 12.25 
0.466 2 1 1 4.0 4.0 0.094 0.066 0.5735 1.1812 12.24 
0.467 2 1 1 4.0 4.0 0.083 0.117 0.5820 1.1812 12.25 
0.468 2 1 1 4.0 4.0 0.083 0.131 -0.5735 1.1153 12.25 
0.469 2 1 1 4.0 4.0 0.091 0.105 0.5904 1.2169 12.25 
0.470 2 1 1 4.0 4.0 0.078 0.075 0.5820 1.1474 12.25 
0.471 2 1 1 4.0 4.0 0.101 0.058 -0.5992 1.1474 12.25 
0.472 2 1 1 4.0 4.0 0.085 0.085 -0.5992 1.1474 12.24 
0.473 2 1 1 4.0 4.0 0.123 0.074 0.5735 1.1153 12.25 
0.474 2 1 1 4.0 4.0 0.077 0.047 0.5655 1.1474 12.24 
0.475 2 1 1 4.0 4.0 0.102 0.059 -0.5904 1.1812 12.24 
0.476 2 1 1 4.0 4.0 0.115 0.068 -0.5992 1.1812 12.24 
0.477 2 1 1 4.0 4.0 0.067 0.066 0.5735 1.1474 12.25 
0.478 2 1 1 4.0 4.0 0.094 0.115 -0.5820 1.0852 12.25 
0.479 2 1 1 4.0 4.0 0.076 0.115 -0.5820 1.1812 12.25 
0.480 2 1 1 4.0 4.0 0.096 0.101 0.5820 1.1474 12.25 
0.481 2 1 1 4.0 4.0 0.060 0.135 0.5655 1.1153 12.24 
0.482 2 1 1 4.0 4.0 0.083 0.111 -0.5992 1.1812 12.25 
0.483 2 1 1 4.0 4.0 0.073 0.118 -0.5992 1.1474 12.25 
0.484 2 1 1 4.0 4.0 0.109 0.135 0.5820 1.0852 12.25 
0.485 2 1 1 4.0 4.0 0.087 0.123 -0.5735 1.1474 12.25 
0.486 2 1 1 4.0 4.0 0.054 0.101 -0.5820 1.1812 12.24 
0.487 2 1 1 4.0 4.0 0.090 0.144 0.5735 1.1474 12.25 
0.488 2 1 1 4.0 4.0 0.051 0.119 0.5820 1.1474 12.25 
0.489 2 1 1 4.0 4.0 0.105 0.122 -0.5992 1.1153 12.25 
0.490 2 1 1 4.0 4.0 0.104 0.138 -0.5992 1.1474 12.25 
0.491 2 1 1 4.0 4.0 0.072 0.113 0.5735 1.1474 12.25 
0.492 2 1 1 4.0 4.0 0.108 0.110 0.5735 1.1812 12.24 
0.493 2 1 1 4.0 4.0 0.065 0.128 -0.6085 1.1153 12.25 
0.494 2 1 1 4.0 4.0 0.063 0.108 -0.5820 1.1153 12.25 
0.495 2 1 1 4.0 4.0 0.065 0.126 0.5735 1.2169 12.25 
0.496 2 1 1 4.0 4.0 0.090 0.117 -0.5904 1.1812 12.25 
0.497 2 1 1 4.0 4.0 0.075 0.095 -0.5904 1.1474 12.25 
0.498 2 1 1 4.0 4.0 0.102 0.120 0.5735 1.1812 12.25 
0.499 2 1 1 4.0 4.0 0.075 0.158 0.5820 1.1153 12.25 
0.500 2 1 1 4.0 4.0 0.075 0.142 -0.5992 1.1812 12.25 
0.501 2 1 1 4.0 4.0 0.120 0.099 -0.5820 0.8543 12.24 
0.502 2 1 1 4.0 4.0 0.066 0.065 0.5992 1.2169 12.24 
0.503 2 1 1 4.0 4.0 0.100 0.039 0.5820 1.1474 12.24 
0.504 2 1 1 4.0 4.0 0.099 0.067 -0.5992 1.1474 12.25 
0.505 2 1 1 4.0 4.0 0.135 0.060 -0.5904 1.1812 12.25 
0.506 2 1 1 4.0 4.0 0.094 0.062 0.5735 1.1474 12.25 
0.507 2 1 1 4.0 4.0 0.080 0.103 -0.5904 1.1474 12.25 
0.508 2 1 1 4.0 4.0 0.094 0.075 -0.5904 1.1812 12.24 
0.509 2 1 1 4.0 4.0 0.111 0.051 0.5655 1.1153 12.25 
0.510 2 1 1 4.0 4.0 0.078 0.086 0.5735 1.1812 12.25 
0.511 2 1 1 4.0 4.0 0.139 0.074 -0.5820 1.1812 12.25 
0.512 2 1 1 4.0 4.0 0.117 0.083 0.5655 1.1474 12.24 
0.513 2 1 1 4.0 4.0 0.116 0.112 0.5820 1.1474 12.25 
0.514 2 1 1 4.0 4.0 0.100 0.068 -0.5820 1.1474 12.24 
0.515 2 1 1 4.0 4.0 0.098 0.057 -0.5904 1.1474 12.25 
0.516 2 1 1 4.0 4.0 0.101 0.097 0.5735 1.1474 12.25 
0.517 2 1 1 4.0 4.0 0.111 0.077 0.5820 1.1812 12.25 
0.518 2 1 1 4.0 4.0 0.144 0.076 -0.5735 1.1812 12.24 
0.519 2 1 1 4.0 4.0 0.087 0.094 -0.5904 1.1812 12.25 
0.520 2 1 1 4.0 4.0 0.094 0.096 0.5820 1.1153 12.25 
0.521 2 1 1 4.0 4.0 0.068 0.096 -0.5735 1.2169 12.24 
0.522 2 1 1 4.0 4.0 0.064 0.117 -0.5992 1.1474 12.25 
0.523 2 1 1 4.0 4.0 0.083 0.119 0.5820 1.1474 12.25 
0.524 2 1 1 4.0 4.0 0.067 0.139 0.5735 1.0852 12.25 
0.525 2 1 1 4.0 4.0 0.143 0.131 -0.5992 1.1153 12.25 
0.526 2 1 1 4.0 4.0 0.109 0.104 -0.5992 1.1474 12.25 
0.527 2 1 1 4.0 4.0 0.089 0.119 0.5735 1.1812 12.25 
0.528 2 1 1 4.0 4.0 0.122 0.130 0.5655 1.1812 12.25 
0.529 2 1 1 4.0 4.0 0.082 0.120 -0.5735 1.1474 12.25 
0.530 2 1 1 4.0 4.0 0.093 0.138 0.5735 1.1153 12.25 
0.531 2 1 1 4.0 4.0 0.105 0.148 0.5655 1.2169 12.25 
0.532 2 1 1 4.0 4.0 0.097 0.120 -0.5992 1.1474 12.24 
0.533 2 1 1 4.0 4.0 0.079 0.089 -0.5992 1.1474 12.24 
0.534 2 1 1 4.0 4.0 0.147 0.081 0.5820 1.1812 12.25 
0.535 2 1 1 4.0 4.0 0.117 0.098 0.5904 1.1474 12.25 
0.536 2 1 1 4.0 4.0 0.095 0.164 -0.5904 1.1153 12.26 
0.537 2 1 1 4.0 4.0 0.082 0.087 -0.5992 0.8924 12.22 
0.538 2 1 1 4.0 4.0 0.106 0.069 0.5820 1.2169 12.24 
0.539 2 1 1 4.0 4.0 0.179 0.143 -0.5735 1.1474 12.25 
0.540 2 1 1 4.0 4.0 0.154 0.096 -0.5992 1.1474 12.25 
0.541 2 1 1 4.0 4.0 0.087 0.119 0.5735 1.2169 12.25 
0.542 2 1 1 4.0 4.0 0.078 0.163 0.5735 1.0298 12.24 
0.543 2 1 1 4.0 4.0 0.059 0.100 -0.6085 1.1812 12.26 
0.544 2 1 1 4.0 4.0 0.115 0.068 -0.5904 1.2169 12.25 
0.545 2 1 1 4.0 4.0 0.120 0.103 0.5735 1.1812 12.25 
0.546 2 1 1 4.0 4.0 0.075 0.129 0.5820 1.1812 12.25 
0.547 2 1 1 4.0 4.0 0.034 0.148 -0.5820 0.9559 12.25 
0.548 2 1 1 4.0 4.0 0.101 0.080 -0.5992 1.2169 12.26 
0.549 2 1 1 4.0 4.0 0.124 0.079 0.5735 1.1812 12.25 
0.550 2 1 1 4.0 4.0 0.145 0.090 -0.5992 1.1474 12.25 
0.551 2 1 1 4.0 4.0 0.095 0.073 -0.5735 1.1812 12.25 
0.552 2 1 1 4.0 4.0 0.071 0.086 0.5904 1.1474 12.25 
0.553 2 1 1 4.0 4.0 0.100 0.158 0.5735 1.0852 12.24 
0.554 2 1 1 4.0 4.0 0.116 0.136 -0.5992 1.2169 12.25 
0.555 2 1 1 4.0 4.0 0.113 0.081 -0.5992 1.1812 12.25 
0.556 2 1 1 4.0 4.0 0.313 0.093 0.5820 1.1474 12.24 
0.557 2 1 1 4.0 4.0 0.346 -0.233 0.5735 1.1153 12.24 
0.558 2 1 1 4.0 4.0 0.173 -0.029 -0.5992 1.1153 12.25 
0.559 2 1 1 4.0 4.0 0.151 0.058 -0.6085 1.1474 12.24 
0.560 2 1 1 4.0 4.0 0.126 0.080 0.5820 1.1474 12.25 
0.561 2 1 1 4.0 4.0 0.097 0.101 -0.5904 1.1812 12.25 
0.562 2 1 1 4.0 4.0 0.109 0.172 -0.5904 1.1812 12.22 
0.563 2 1 1 4.0 4.0 0.070 0.089 0.5820 1.1153 12.24 
0.564 2 1 1 4.0 4.0 0.061 0.109 0.5735 1.2169 12.24 
0.565 2 1 1 4.0 4.0 0.128 0.115 -0.5992 1.1812 12.25 
0.566 2 1 1 4.0 4.0 0.117 0.147 -0.6085 1.1474 12.25 
0.567 2 1 1 4.0 4.0 0.101 0.107 0.5904 1.2169 12.25 
0.568 2 1 1 4.0 4.0 0.157 0.082 0.5904 1.1474 12.25 
0.569 2 1 1 4.0 4.0 0.135 0.090 -0.5904 1.2169 12.25 
0.570 2 1 1 4.0 4.0 0.097 0.157 0.5820 1.1153 12.24 
0.571 2 1 1 4.0 4.0 0.083 0.129 0.5820 1.2551 12.25 
0.572 2 1 1 4.0 4.0 0.086 0.093 -0.5992 1.1474 12.24 
0.573 2 1 1 4.0 4.0 0.080 0.111 -0.5992 1.1474 12.25 
0.574 2 1 1 4.0 4.0 0.129 0.165 0.5735 1.2169 12.25 
0.575 2 1 1 4.0 4.0 0.104 0.112 0.5735 1.1153 12.24 
0.576 2 1 1 4.0 4.0 0.078 0.119 -0.6085 1.1474 12.24 
0.577 2 1 1 4.0 4.0 0.052 0.107 -0.5904 1.1812 12.24 
0.578 2 1 1 4.0 4.0 0.105 0.098 0.5735 1.1153 12.25 
0.579 2 1 1 4.0 4.0 0.113 0.096 -0.5904 1.1812 12.25 
0.580 2 1 1 4.0 4.0 0.150 0.123 -0.5904 0.9338 12.25 
0.581 2 1 1 4.0 4.0 0.130 0.116 0.5735 1.1474 12.25 
0.582 2 1 1 4.0 4.0 0.096 0.114 0.5735 1.1474 12.21 
0.583 2 1 1 4.0 4.0 0.105 0.081 -0.5992 1.1474 12.24 
0.584 2 1 1 4.0 4.0 0.115 0.131 -0.5735 1.2169 12.24 
0.585 2 1 1 4.0 4.0 0.140 0.114 0.5904 1.0852 12.25 
0.586 2 1 1 4.0 4.0 0.119 0.081 0.5820 1.1812 12.25 
0.587 2 1 1 4.0 4.0 0.092 0.121 -0.5992 1.2169 12.25 
0.588 2 1 1 4.0 4.0 0.073 0.173 0.5820 1.2169 12.25 
0.589 2 1 1 4.0 4.0 0.113 0.089 0.5735 1.1474 12.25 
0.590 2 1 1 4.0 4.0 0.147 0.102 -0.5992 0.9125 12.25 
0.591 2 1 1 4.0 4.0 0.103 0.126 -0.5992 1.1474 12.25 
0.592 2 1 1 4.0 4.0 0.109 0.118 0.5735 1.1474 12.24 
0.593 2 1 1 4.0 4.0 0.063 0.123 0.5820 1.1812 12.25 
0.594 2 1 1 4.0 4.0 0.101 0.101 -0.5904 1.1812 12.25 
0.595 2 1 1 4.0 4.0 0.139 0.121 -0.5904 1.0567 12.24 
0.596 2 1 1 4.0 4.0 0.078 0.112 0.5820 1.2169 12.25 
0.597 2 1 1 4.0 4.0 0.065 0.090 -0.5820 1.2169 12.25 
0.598 2 1 1 4.0 4.0 0.082 0.128 -0.5992 1.1812 12.24 
0.599 2 1 1 4.0 4.0 0.089 0.122 0.5735 1.1812 12.25 
0.600 2 1 1 4.0 4.0 0.106 0.073 0.5904 0.9338 12.25 
0.601 2 1 1 4.0 4.0 0.110 0.084 -0.5820 1.1812 12.25 
0.602 2 1 1 4.0 4.0 0.060 0.142 -0.5904 1.1812 12.25 
0.603 2 1 1 4.0 4.0 0.128 0.119 0.5820 1.2169 12.25 
0.604 2 1 1 4.0 4.0 0.131 0.101 0.5820 1.2169 12.25 
0.605 2 1 1 4.0 4.0 0.125 0.108 -0.5992 1.2169 12.26 
0.606 2 1 1 4.0 4.0 0.099 0.096 -0.5992 1.1474 12.25 
0.607 2 1 1 4.0 4.0 0.112 0.138 0.5735 1.2169 12.25 
0.608 2 1 1 4.0 4.0 0.108 0.119 -0.5992 1.1812 12.24 
0.609 2 1 1 4.0 4.0 0.099 0.082 -0.6085 1.1812 12.25 
0.610 2 1 1 4.0 4.0 0.082 0.108 0.5820 1.1812 12.24 
0.611 2 1 1 4.0 4.0 0.144 0.124 0.5735 1.1474 12.25 
0.612 2 1 1 4.0 4.0 0.120 0.096 -0.5904 1.1812 12.25 
0.613 2 1 1 4.0 4.0 0.068 0.087 -0.5904 1.2169 12.24 
0.614 2 1 1 4.0 4.0 0.080 0.111 0.5735 1.2169 12.25 
0.615 2 1 1 4.0 4.0 0.128 0.144 0.5820 1.1812 12.25 
0.616 2 1 1 4.0 4.0 0.094 0.111 -0.6085 1.1474 12.25 
0.617 2 1 1 4.0 4.0 0.102 0.076 0.5904 1.1474 12.25 
0.618 2 1 1 4.0 4.0 0.077 0.075 0.5992 1.1812 12.24 
0.619 2 1 1 4.0 4.0 0.116 0.139 -0.5992 1.1474 12.25 
0.620 2 1 1 4.0 4.0 0.147 0.097 -0.5992 1.1812 12.25 
0.621 2 1 1 4.0 4.0 0.113 0.098 0.5820 1.1812 12.25 
0.622 2 1 1 4.0 4.0 0.101 0.163 0.5820 1.1153 12.25 
0.623 2 1 1 4.0 4.0 0.081 0.119 -0.5992 1.1153 12.25 
0.624 2 1 1 4.0 4.0 0.160 0.076 -0.5992 1.2169 12.24 
0.625 2 1 1 4.0 4.0 0.106 0.115 0.5735 1.1474 12.24 
0.626 2 1 1 4.0 4.0 0.081 0.141 0.5820 1.1474 12.25 
0.627 2 1 1 4.0 4.0 0.101 0.143 -0.5904 1.2169 12.25 
0.628 2 1 1 4.0 4.0 0.089 0.130 0.5735 1.1474 12.25 
0.629 2 1 1 4.0 4.0 0.117 0.140 0.5820 1.1474 12.25 
0.630 2 1 1 4.0 4.0 0.124 0.127 -0.5904 1.1812 12.25 
0.631 2 1 1 4.0 4.0 0.085 0.102 -0.5992 1.1474 12.25 
0.632 2 1 1 4.0 4.0 0.033 0.097 0.5820 1.1474 12.24 
0.633 2 1 1 4.0 4.0 0.082 0.128 0.5904 1.1474 12.24 
0.634 2 1 1 4.0 4.0 0.177 0.077 -0.5820 1.2551 12.25 
0.635 2 1 1 4.0 4.0 0.095 0.074 -0.5904 1.1812 12.25 
0.636 2 1 1 4.0 4.0 0.091 0.159 0.5820 1.1474 12.25 
0.637 2 1 1 4.0 4.0 0.083 0.125 0.5820 1.2169 12.25 
0.638 2 1 1 4.0 4.0 0.061 0.102 -0.5992 1.1812 12.25 
0.639 2 1 1 4.0 4.0 0.129 0.141 -0.5992 1.1474 12.25 
0.640 2 1 1 4.0 4.0 0.109 0.084 0.5735 1.1474 12.25 
0.641 2 1 1 4.0 4.0 0.082 0.057 -0.5992 1.2169 12.25 
0.642 2 1 1 4.0 4.0 0.053 0.096 -0.6085 1.1474 12.25 
0.643 2 1 1 4.0 4.0 0.110 0.139 0.5820 1.1474 12.25 
0.644 2 1 1 4.0 4.0 0.131 0.130 0.5735 1.2169 12.25 
0.645 2 1 1 4.0 4.0 0.093 0.100 -0.5904 1.1153 12.25 
0.646 2 1 1 4.0 4.0 0.101 0.113 -0.5904 1.1812 12.25 
0.647 2 1 1 4.0 4.0 0.065 0.141 0.5735 1.1812 12.25 
0.648 2 1 1 4.0 4.0 0.074 0.104 0.5735 1.1474 12.25 
0.649 2 1 1 4.0 4.0 0.170 0.093 -0.5992 1.1474 12.24 
0.650 2 1 1 4.0 4.0 0.168 0.150 0.5904 0.9125 12.25 
0.651 2 1 1 4.0 4.0 0.096 0.119 0.5904 1.2169 12.25 
0.652 2 1 1 4.0 4.0 0.081 0.095 -0.5904 1.1474 12.24 
0.653 2 1 1 4.0 4.0 0.140 0.112 -0.5992 1.1474 12.25 
0.654 2 1 1 4.0 4.0 0.140 0.163 0.5820 1.1812 12.24 
0.655 2 1 1 4.0 4.0 0.098 0.081 0.5820 1.1474 12.25 
0.656 2 1 1 4.0 4.0 0.115 0.100 -0.5992 1.0852 12.25 
0.657 2 1 1 4.0 4.0 0.115 0.097 -0.5992 1.2169 12.25 
0.658 2 1 1 4.0 4.0 0.318 0.100 0.5735 1.1812 12.24 
0.659 2 1 1 4.0 4.0 0.353 -0.226 -0.5820 1.1474 12.25 
0.660 2 1 1 4.0 4.0 0.190 -0.032 -0.5904 1.1474 12.24 
0.661 2 1 1 4.0 4.0 0.139 0.089 0.5735 1.1474 12.25 
0.662 2 1 1 4.0 4.0 0.098 0.082 0.5820 1.1812 12.25 
0.663 2 1 1 4.0 4.0 0.048 0.053 -0.5904 1.1812 12.25 
0.664 2 1 1 4.0 4.0 0.096 0.062 -0.5992 1.2169 12.24 
0.665 2 1 1 4.0 4.0 0.074 0.105 0.5820 1.1812 12.25 
