%% logfile from robot Dagmar (61)
% Dagmar (61)
%  1    time 0.000 sec
%  2  3  4   (mission 0), state 2, thread 19, line 0
%  5  6 Motor voltage [V] left, right: 1.2 1.2
%  7  8 Motor current left, right [A]: -0.007 0.006
%  9 10 Wheel velocity [m/s] left, right: 0.0000 0.0000
% 11    Battery voltage [V]: 12.14
0.001 2 19 0 1.2 1.2 0.041 -0.008 0.0000 0.0000 12.13 
0.002 2 19 0 1.2 1.2 0.141 0.082 0.0000 0.0000 12.13 
0.003 2 19 0 1.2 1.2 0.208 0.165 0.0000 0.0000 12.12 
0.004 2 19 0 1.2 1.2 0.235 0.208 0.0000 0.0000 12.12 
0.005 2 19 0 1.2 1.2 0.260 0.227 0.0000 0.0000 12.11 
0.006 2 19 0 1.2 1.2 0.262 0.233 0.0000 0.0000 12.12 
0.007 2 19 0 1.2 1.2 0.260 0.222 0.0000 0.0000 12.12 
0.008 2 19 0 1.2 1.2 0.253 0.230 0.0000 0.0000 12.12 
0.009 2 19 0 1.2 1.2 0.250 0.222 0.0000 0.0000 12.11 
0.010 2 19 0 1.2 1.2 0.238 0.225 0.0000 0.0000 12.12 
0.011 2 19 0 1.2 1.2 0.230 0.217 0.0000 0.0000 12.12 
0.012 2 19 0 1.2 1.2 0.220 0.213 0.0767 0.0000 12.12 
0.013 2 19 0 1.2 1.2 0.216 0.220 0.0767 0.0000 12.12 
0.014 2 19 0 1.2 1.2 0.205 0.200 0.0767 0.0000 12.11 
0.015 2 19 0 1.2 1.2 0.206 0.187 0.0767 0.0000 12.11 
0.016 2 19 0 1.2 1.2 0.205 0.169 0.0988 0.0827 12.11 
0.017 2 19 0 1.2 1.2 0.193 0.172 0.0988 0.0827 12.12 
0.018 2 19 0 1.2 1.2 0.193 0.175 0.0988 0.0827 12.11 
0.019 2 19 0 1.2 1.2 0.190 0.184 0.0988 0.1129 12.12 
0.020 2 19 0 1.2 1.2 0.179 0.182 0.1181 0.1129 12.12 
0.021 2 19 0 1.2 1.2 0.186 0.181 0.1181 0.1129 12.11 
0.022 2 19 0 1.2 1.2 0.194 0.202 0.1181 0.1129 12.11 
0.023 2 19 0 1.2 1.2 0.200 0.213 0.1269 0.1217 12.11 
0.024 2 19 0 1.2 1.2 0.186 0.211 0.1269 0.1217 12.11 
0.025 2 19 0 1.2 1.2 0.174 0.196 0.1876 0.1474 12.11 
0.026 2 19 0 1.2 1.2 0.175 0.203 0.1876 0.1474 12.12 
0.027 2 19 0 1.2 1.2 0.170 0.175 0.1554 0.1474 12.12 
0.028 2 19 0 1.2 1.2 0.163 0.184 0.1554 0.1482 12.12 
0.029 2 19 0 1.2 1.2 0.160 0.165 0.1554 0.1482 12.11 
0.030 2 19 0 1.2 1.2 0.150 0.164 0.1631 0.1482 12.12 
0.031 2 19 0 1.2 1.2 0.143 0.160 0.1631 0.1651 12.11 
0.032 2 19 0 1.2 1.2 0.134 0.153 0.1639 0.1651 12.12 
0.033 2 19 0 1.2 1.2 0.134 0.137 0.1639 0.1398 12.12 
0.034 2 19 0 1.2 1.2 0.132 0.150 0.2253 0.1378 12.12 
0.035 2 19 0 1.2 1.2 0.125 0.135 0.2253 0.1378 12.12 
0.036 2 19 0 1.2 1.2 0.136 0.131 0.1799 0.1815 12.12 
0.037 2 19 0 1.2 1.2 0.131 0.140 0.1799 0.1815 12.12 
0.038 2 19 0 1.2 1.2 0.127 0.141 0.1976 0.1996 12.11 
0.039 2 19 0 1.2 1.2 0.134 0.147 0.1976 0.1996 12.11 
0.040 2 19 0 1.2 1.2 0.141 0.136 0.1940 0.1968 12.11 
0.041 2 19 0 1.2 1.2 0.136 0.147 0.1856 0.1968 12.12 
0.042 2 19 0 1.2 1.2 0.129 0.153 0.2623 0.1723 12.11 
0.043 2 19 0 1.2 1.2 0.115 0.175 0.2623 0.1723 12.12 
0.044 2 19 0 1.2 1.2 0.122 0.172 0.2193 0.2169 12.12 
0.045 2 19 0 1.2 1.2 0.138 0.174 0.2193 0.2169 12.12 
0.046 2 19 0 1.2 1.2 0.129 0.174 0.2145 0.2125 12.12 
0.047 2 19 0 1.2 1.2 0.119 0.158 0.2145 0.2125 12.11 
0.048 2 19 0 1.2 1.2 0.107 0.151 0.1996 0.2253 12.13 
0.049 2 19 0 1.2 1.2 0.095 0.156 0.2747 0.2169 12.13 
0.050 2 19 0 1.2 1.2 0.103 0.133 0.2747 0.2080 12.12 
0.051 2 19 0 1.2 1.2 0.104 0.133 0.2281 0.2362 12.12 
0.052 2 19 0 1.2 1.2 0.106 0.139 0.2281 0.2362 12.12 
0.053 2 19 0 1.2 1.2 0.118 0.129 0.2265 0.2241 12.12 
0.054 2 19 0 1.2 1.2 0.126 0.130 0.2265 0.2241 12.12 
0.055 2 19 0 1.2 1.2 0.132 0.134 0.2068 0.2494 12.12 
0.056 2 19 0 1.2 1.2 0.138 0.146 0.2952 0.2333 12.12 
0.057 2 19 0 1.2 1.2 0.123 0.155 0.2908 0.2333 12.12 
0.058 2 19 0 1.2 1.2 0.121 0.166 0.2494 0.2623 12.12 
0.059 2 19 0 1.2 1.2 0.111 0.146 0.2374 0.2554 12.12 
0.060 2 19 0 1.2 1.2 0.100 0.127 0.2374 0.2446 12.12 
0.061 2 19 0 1.2 1.2 0.103 0.120 0.2028 0.2675 12.13 
0.062 2 19 0 1.2 1.2 0.087 0.116 0.2028 0.2675 12.12 
0.063 2 19 0 1.2 1.2 0.086 0.108 0.3088 0.2510 12.12 
0.064 2 19 0 1.2 1.2 0.086 0.122 0.2675 0.2731 12.12 
0.065 2 19 0 1.2 1.2 0.090 0.105 0.2675 0.2731 12.12 
0.066 2 19 0 1.2 1.2 0.101 0.105 0.2478 0.2418 12.12 
0.067 2 19 0 1.2 1.2 0.117 0.105 0.2390 0.2787 12.12 
0.068 2 19 0 1.2 1.2 0.110 0.101 0.2080 0.2787 12.12 
0.069 2 19 0 1.2 1.2 0.104 0.117 0.3237 0.2675 12.12 
0.070 2 19 0 1.2 1.2 0.102 0.137 0.2659 0.2888 12.12 
0.071 2 19 0 1.2 1.2 0.113 0.132 0.2574 0.2888 12.12 
0.072 2 19 0 1.2 1.2 0.097 0.126 0.2510 0.2675 12.11 
0.073 2 19 0 1.2 1.2 0.094 0.126 0.2510 0.2908 12.11 
0.074 2 19 0 1.2 1.2 0.078 0.103 0.2538 0.2827 12.11 
0.075 2 19 0 1.2 1.2 0.075 0.104 0.3317 0.2827 12.11 
0.076 2 19 0 1.2 1.2 0.072 0.105 0.2747 0.2928 12.12 
0.077 2 19 0 1.2 1.2 0.079 0.087 0.2747 0.2767 12.12 
0.078 2 19 0 1.2 1.2 0.095 0.074 0.2574 0.2767 12.11 
0.079 2 19 0 1.2 1.2 0.100 0.080 0.2574 0.2972 12.12 
0.080 2 19 0 1.2 1.2 0.098 0.103 0.2510 0.2639 12.12 
0.081 2 19 0 1.2 1.2 0.099 0.119 0.3374 0.3064 12.12 
0.082 2 19 0 1.2 1.2 0.093 0.112 0.2293 0.3064 12.12 
0.083 2 19 0 1.2 1.2 0.085 0.101 0.2229 0.2827 12.12 
0.084 2 19 0 1.2 1.2 0.085 0.095 0.2623 0.3088 12.12 
0.085 2 19 0 1.2 1.2 0.079 0.070 0.2623 0.2952 12.12 
0.086 2 19 0 1.2 1.2 0.083 0.068 0.2695 0.2711 12.12 
0.087 2 19 0 1.2 1.2 0.080 0.066 0.3402 0.3064 12.12 
0.088 2 19 0 1.2 1.2 0.068 0.049 0.2639 0.3064 12.12 
0.089 2 19 0 1.2 1.2 0.074 0.058 0.2639 0.3064 12.11 
0.090 2 19 0 1.2 1.2 0.071 0.051 0.2675 0.3064 12.12 
0.091 2 19 0 1.2 1.2 0.101 0.063 0.2554 0.2639 12.12 
0.092 2 19 0 1.2 1.2 0.101 0.077 0.3490 0.3137 12.12 
0.093 2 19 0 1.2 1.2 0.090 0.096 0.3490 0.3137 12.12 
0.094 2 19 0 1.2 1.2 0.080 0.126 0.2868 0.2928 12.12 
0.095 2 19 0 1.2 1.2 0.080 0.104 0.2747 0.3137 12.12 
0.096 2 19 0 1.2 1.2 0.083 0.052 0.2747 0.2848 12.12 
0.097 2 19 0 1.2 1.2 0.076 0.063 0.2402 0.2848 12.12 
0.098 2 19 0 1.2 1.2 0.071 0.070 0.3462 0.3113 12.12 
0.099 2 19 0 1.2 1.2 0.065 0.042 0.3040 0.2928 12.12 
0.100 2 19 0 1.2 1.2 0.078 0.059 0.2908 0.3113 12.11 
0.101 2 19 0 1.2 1.2 0.075 0.070 0.2787 0.3113 12.12 
0.102 2 19 0 1.2 1.2 0.099 0.083 0.2675 0.2888 12.12 
0.103 2 19 0 1.2 1.2 0.095 0.095 0.2574 0.3161 12.12 
0.104 2 19 0 1.2 1.2 0.094 0.083 0.3522 0.2972 12.11 
0.105 2 19 0 1.2 1.2 0.079 0.096 0.2807 0.2972 12.11 
0.106 2 19 0 1.2 1.2 0.079 0.080 0.2807 0.3137 12.11 
0.107 2 19 0 1.2 1.2 0.075 0.070 0.2787 0.2510 12.11 
0.108 2 19 0 1.2 1.2 0.070 0.046 0.2695 0.2510 12.13 
0.109 2 19 0 1.2 1.2 0.065 0.054 0.3522 0.3161 12.12 
0.110 2 19 0 1.2 1.2 0.058 0.046 0.3088 0.3317 12.12 
0.111 2 19 0 1.2 1.2 0.067 0.060 0.2711 0.3161 12.12 
0.112 2 19 0 1.2 1.2 0.070 0.070 0.2848 0.2695 12.12 
0.113 2 19 0 1.2 1.2 0.080 0.067 0.2848 0.2639 12.12 
0.114 2 19 0 1.2 1.2 0.081 0.097 0.2590 0.3213 12.12 
0.115 2 19 0 1.2 1.2 0.078 0.100 0.3582 0.3064 12.12 
0.116 2 19 0 1.2 1.2 0.075 0.099 0.2972 0.3237 12.12 
0.117 2 19 0 1.2 1.2 0.068 0.095 0.2888 0.3237 12.12 
0.118 2 19 0 1.2 1.2 0.060 0.072 0.2868 0.2928 12.12 
0.119 2 19 0 1.2 1.2 0.063 0.070 0.2639 0.3213 12.12 
0.120 2 19 0 1.2 1.2 0.054 0.060 0.3582 0.3040 12.12 
0.121 2 19 0 1.2 1.2 0.043 0.078 0.2952 0.3265 12.12 
0.122 2 19 0 1.2 1.2 0.048 0.106 0.2928 0.3265 12.11 
0.123 2 19 0 1.2 1.2 0.055 0.102 0.2868 0.2996 12.12 
0.124 2 19 0 1.2 1.2 0.079 0.111 0.2590 0.3346 12.11 
0.125 2 19 0 1.2 1.2 0.103 0.114 0.2590 0.3064 12.11 
0.126 2 19 0 1.2 1.2 0.078 0.106 0.3651 0.3064 12.12 
0.127 2 19 0 1.2 1.2 0.068 0.090 0.3064 0.3346 12.13 
0.128 2 19 0 1.2 1.2 0.064 0.081 0.2888 0.3088 12.13 
0.129 2 19 0 1.2 1.2 0.064 0.056 0.2888 0.3346 12.12 
0.130 2 19 0 1.2 1.2 0.053 0.039 0.2462 0.2928 12.12 
0.131 2 19 0 1.2 1.2 0.050 0.064 0.3683 0.2928 12.12 
0.132 2 19 0 1.2 1.2 0.030 0.079 0.3213 0.3346 12.12 
0.133 2 19 0 1.2 1.2 0.048 0.084 0.3185 0.3185 12.12 
0.134 2 19 0 1.2 1.2 0.068 0.084 0.2908 0.3402 12.12 
0.135 2 19 0 1.2 1.2 0.089 0.095 0.2418 0.3137 12.12 
0.136 2 19 0 1.2 1.2 0.083 0.091 0.3751 0.3137 12.12 
0.137 2 19 0 1.2 1.2 0.075 0.108 0.3490 0.3402 12.12 
0.138 2 19 0 1.2 1.2 0.072 0.066 0.2996 0.3289 12.12 
0.139 2 19 0 1.2 1.2 0.067 0.082 0.2888 0.3402 12.12 
0.140 2 19 0 1.2 1.2 0.060 0.040 0.2928 0.3185 12.12 
0.141 2 19 0 1.2 1.2 0.042 0.055 0.2928 0.3402 12.12 
0.142 2 19 0 1.2 1.2 0.041 0.074 0.3823 0.3402 12.12 
0.143 2 19 0 1.2 1.2 0.037 0.079 0.3113 0.3016 12.12 
0.144 2 19 0 1.2 1.2 0.058 0.098 0.2952 0.3462 12.12 
0.145 2 19 0 1.2 1.2 0.073 0.067 0.2952 0.3185 12.13 
0.146 2 19 0 1.2 1.2 0.079 0.044 0.2827 0.3462 12.13 
0.147 2 19 0 1.2 1.2 0.072 0.063 0.3787 0.3265 12.12 
0.148 2 19 0 1.2 1.2 0.060 0.070 0.2522 0.3064 12.12 
0.149 2 19 0 1.2 1.2 0.060 0.048 0.2522 0.3462 12.13 
0.150 2 19 0 1.2 1.2 0.056 0.037 0.2972 0.3430 12.12 
0.151 2 19 0 1.2 1.2 0.045 0.036 0.2996 0.3430 12.11 
0.152 2 19 0 1.2 1.2 0.033 0.027 0.3823 0.2972 12.12 
0.153 2 19 0 1.2 1.2 0.035 0.064 0.2928 0.2972 12.12 
0.154 2 19 0 1.2 1.2 0.053 0.080 0.2928 0.3462 12.12 
0.155 2 19 0 1.2 1.2 0.060 0.097 0.2972 0.3289 12.12 
0.156 2 19 0 1.2 1.2 0.069 0.101 0.2807 0.3462 12.12 
0.157 2 19 0 1.2 1.2 0.074 0.067 0.3896 0.3185 12.13 
0.158 2 19 0 1.2 1.2 0.068 0.073 0.3137 0.3430 12.13 
0.159 2 19 0 1.2 1.2 0.070 0.049 0.3137 0.3430 12.13 
0.160 2 19 0 1.2 1.2 0.067 0.057 0.3016 0.3237 12.13 
0.161 2 19 0 1.2 1.2 0.055 0.066 0.2659 0.3462 12.13 
0.162 2 19 0 1.2 1.2 0.049 0.072 0.3787 0.3185 12.11 
0.163 2 19 0 1.2 1.2 0.034 0.093 0.3402 0.3462 12.12 
0.164 2 19 0 1.2 1.2 0.038 0.097 0.3213 0.3265 12.12 
0.165 2 19 0 1.2 1.2 0.046 0.081 0.3016 0.3265 12.12 
0.166 2 19 0 1.2 1.2 0.073 0.055 0.2827 0.3462 12.12 
0.167 2 19 0 1.2 1.2 0.074 0.051 0.3860 0.2767 12.13 
0.168 2 19 0 1.2 1.2 0.065 0.052 0.3522 0.3430 12.13 
0.169 2 19 0 1.2 1.2 0.066 0.060 0.3064 0.3651 12.12 
0.170 2 19 0 1.2 1.2 0.061 0.066 0.3040 0.3430 12.13 
0.171 2 19 0 1.2 1.2 0.054 0.044 0.2908 0.3430 12.12 
0.172 2 19 0 1.2 1.2 0.038 0.065 0.3823 0.2888 12.12 
0.173 2 19 0 1.2 1.2 0.025 0.071 0.3715 0.3462 12.12 
0.174 2 19 0 1.2 1.2 0.039 0.072 0.2952 0.3346 12.12 
0.175 2 19 0 1.2 1.2 0.042 0.098 0.3088 0.3462 12.12 
0.176 2 19 0 1.2 1.2 0.058 0.074 0.2827 0.3462 12.12 
0.177 2 19 0 1.2 1.2 0.072 0.074 0.2787 0.3185 12.11 
0.178 2 19 0 1.2 1.2 0.076 0.079 0.3860 0.3462 12.12 
0.179 2 19 0 1.2 1.2 0.067 0.062 0.3185 0.3237 12.12 
0.180 2 19 0 1.2 1.2 0.055 0.059 0.3088 0.3490 12.12 
0.181 2 19 0 1.2 1.2 0.049 0.060 0.2908 0.3213 12.12 
0.182 2 19 0 1.2 1.2 0.036 0.097 0.2848 0.3213 12.13 
0.183 2 19 0 1.2 1.2 0.032 0.097 0.3860 0.3550 12.12 
0.184 2 19 0 1.2 1.2 0.035 0.097 0.3137 0.3265 12.12 
0.185 2 19 0 1.2 1.2 0.045 0.066 0.3064 0.3550 12.12 
0.186 2 19 0 1.2 1.2 0.060 0.092 0.2996 0.3289 12.12 
0.187 2 19 0 1.2 1.2 0.079 0.044 0.2767 0.3550 12.12 
0.188 2 19 0 1.2 1.2 0.081 0.036 0.3860 0.3374 12.12 
0.189 2 19 0 1.2 1.2 0.064 0.055 0.3265 0.3113 12.12 
0.190 2 19 0 1.2 1.2 0.046 0.071 0.3064 0.3522 12.12 
0.191 2 19 0 1.2 1.2 0.050 0.055 0.3064 0.3374 12.11 
0.192 2 19 0 1.2 1.2 0.048 0.057 0.2623 0.3582 12.11 
0.193 2 19 0 1.2 1.2 0.048 0.078 0.3896 0.3289 12.12 
0.194 2 19 0 1.2 1.2 0.042 0.072 0.3402 0.3582 12.13 
0.195 2 19 0 1.2 1.2 0.041 0.069 0.3064 0.3582 12.12 
0.196 2 19 0 1.2 1.2 0.063 0.074 0.3064 0.3462 12.11 
0.197 2 19 0 1.2 1.2 0.071 0.059 0.2554 0.3582 12.13 
0.198 2 19 0 1.2 1.2 0.070 0.072 0.3936 0.3346 12.12 
0.199 2 19 0 1.2 1.2 0.044 0.059 0.3137 0.3550 12.13 
0.200 2 19 0 1.2 1.2 0.056 0.055 0.3016 0.3137 12.12 
0.201 2 19 1 4.0 4.0 0.059 0.075 0.3016 0.3615 12.12 
0.202 2 19 1 4.0 4.0 0.159 0.113 0.3064 0.3615 12.09 
0.203 2 19 1 4.0 4.0 0.370 0.310 0.3490 0.3346 12.06 
0.204 2 19 1 4.0 4.0 0.532 0.504 0.3462 0.3751 12.04 
0.205 2 19 1 4.0 4.0 0.657 0.594 0.3522 0.3522 12.03 
0.206 2 19 1 4.0 4.0 0.734 0.633 0.3651 0.3860 12.03 
0.207 2 19 1 4.0 4.0 0.796 0.639 0.4269 0.4137 12.02 
0.208 2 19 1 4.0 4.0 0.683 0.663 0.3582 0.4317 12.04 
0.209 2 19 1 4.0 4.0 0.651 0.685 0.3976 0.4667 12.03 
0.210 2 19 1 4.0 4.0 0.638 0.736 0.5149 0.4779 12.02 
0.211 2 19 1 4.0 4.0 0.627 0.705 0.5081 0.5081 12.03 
0.212 2 19 1 4.0 4.0 0.635 0.601 0.5149 0.5354 12.05 
0.213 2 19 1 4.0 4.0 0.697 0.566 0.5904 0.5426 12.03 
0.214 2 19 1 4.0 4.0 0.593 0.565 0.5904 0.5655 12.05 
0.215 2 19 1 4.0 4.0 0.558 0.625 0.5820 0.5904 12.05 
0.216 2 19 1 4.0 4.0 0.538 0.587 0.6374 0.6177 12.05 
0.217 2 19 1 4.0 4.0 0.531 0.554 0.6374 0.5655 12.05 
0.218 2 19 1 4.0 4.0 0.584 0.504 0.6085 0.6583 12.05 
0.219 2 19 1 4.0 4.0 0.499 0.492 0.6691 0.6691 12.06 
0.220 2 19 1 4.0 4.0 0.475 0.519 0.6474 0.6583 12.06 
0.221 2 19 1 4.0 4.0 0.454 0.577 0.6691 0.6924 12.07 
0.222 2 19 1 4.0 4.0 0.455 0.489 0.6924 0.6804 12.06 
0.223 2 19 1 4.0 4.0 0.493 0.470 0.7169 0.6924 12.06 
0.224 2 19 1 4.0 4.0 0.428 0.487 0.7302 0.7044 12.06 
0.225 2 19 1 4.0 4.0 0.403 0.553 0.7434 0.7302 12.06 
0.226 2 19 1 4.0 4.0 0.397 0.512 0.7575 0.7434 12.06 
0.227 2 19 1 4.0 4.0 0.459 0.445 0.7723 0.7434 12.07 
0.228 2 19 1 4.0 4.0 0.400 0.436 0.7872 0.7723 12.07 
0.229 2 19 1 4.0 4.0 0.376 0.461 0.7723 0.7575 12.07 
0.230 2 19 1 4.0 4.0 0.366 0.441 0.8032 0.8032 12.07 
0.231 2 19 1 4.0 4.0 0.380 0.409 0.7872 0.8032 12.07 
0.232 2 19 1 4.0 4.0 0.352 0.402 0.8032 0.7872 12.08 
0.233 2 19 1 4.0 4.0 0.338 0.451 0.8543 0.8032 12.08 
0.234 2 19 1 4.0 4.0 0.324 0.405 0.8727 0.8032 12.08 
0.235 2 19 1 4.0 4.0 0.371 0.344 0.8924 0.8543 12.08 
0.236 2 19 1 4.0 4.0 0.327 0.323 0.8193 0.8193 12.08 
0.237 2 19 1 4.0 4.0 0.306 0.390 0.8924 0.8543 12.08 
0.238 2 19 1 4.0 4.0 0.321 0.363 0.8543 0.8727 12.08 
0.239 2 19 1 4.0 4.0 0.321 0.299 0.9125 0.9125 12.07 
0.240 2 19 1 4.0 4.0 0.305 0.323 0.8366 0.9338 12.08 
0.241 2 19 1 4.0 4.0 0.288 0.338 0.9125 0.9559 12.08 
0.242 2 19 1 4.0 4.0 0.301 0.324 0.9559 0.8727 12.09 
0.243 2 19 1 4.0 4.0 0.299 0.284 0.9559 0.8727 12.09 
0.244 2 19 1 4.0 4.0 0.276 0.305 0.9559 0.9125 12.09 
0.245 2 19 1 4.0 4.0 0.279 0.310 0.9338 0.9338 12.08 
0.246 2 19 1 4.0 4.0 0.286 0.277 0.9796 0.9796 12.08 
0.247 2 19 1 4.0 4.0 0.261 0.280 1.0041 0.9796 12.08 
0.248 2 19 1 4.0 4.0 0.254 0.329 1.0041 0.9796 12.09 
0.249 2 19 1 4.0 4.0 0.285 0.291 1.0041 0.9796 12.09 
0.250 2 19 1 4.0 4.0 0.266 0.287 0.8924 1.0041 12.09 
0.251 2 19 1 4.0 4.0 0.250 0.321 0.9796 1.0041 12.09 
0.252 2 19 1 4.0 4.0 0.266 0.285 0.9559 1.0298 12.09 
0.253 2 19 1 4.0 4.0 0.257 0.250 0.9796 1.0298 12.08 
0.254 2 19 1 4.0 4.0 0.242 0.312 1.0567 1.0041 12.08 
0.255 2 19 1 4.0 4.0 0.253 0.261 1.0298 1.0041 12.09 
0.256 2 19 1 4.0 4.0 0.251 0.215 1.0298 1.0567 12.10 
0.257 2 19 1 4.0 4.0 0.219 0.211 1.0852 1.0567 12.09 
0.258 2 19 1 4.0 4.0 0.227 0.266 1.0041 1.0298 12.10 
0.259 2 19 1 4.0 4.0 0.244 0.230 1.0567 1.0567 12.10 
0.260 2 19 1 4.0 4.0 0.228 0.216 1.0567 1.0852 12.10 
0.261 2 19 1 4.0 4.0 0.220 0.248 1.0567 1.0298 12.09 
0.262 2 19 1 4.0 4.0 0.231 0.224 1.0852 1.0567 12.09 
0.263 2 19 1 4.0 4.0 0.212 0.174 1.1153 1.0567 12.10 
0.264 2 19 1 4.0 4.0 0.201 0.221 1.0852 1.0852 12.10 
0.265 2 19 1 4.0 4.0 0.226 0.208 1.1153 1.0852 12.10 
0.266 2 19 1 4.0 4.0 0.208 0.202 1.0852 1.0567 12.09 
0.267 2 19 1 4.0 4.0 0.193 0.245 1.1153 1.0852 12.10 
0.268 2 19 1 4.0 4.0 0.224 0.238 1.1153 1.0298 12.08 
0.269 2 19 1 4.0 4.0 0.205 0.202 1.0567 1.0852 12.10 
0.270 2 19 1 4.0 4.0 0.186 0.251 1.1153 1.1153 12.09 
0.271 2 19 1 4.0 4.0 0.205 0.217 1.0852 1.0567 12.09 
0.272 2 19 1 4.0 4.0 0.205 0.208 1.0852 1.0852 12.09 
0.273 2 19 1 4.0 4.0 0.180 0.219 1.1474 1.1153 12.10 
0.274 2 19 1 4.0 4.0 0.210 0.197 0.9338 1.1153 12.10 
0.275 2 19 1 4.0 4.0 0.180 0.137 1.1153 1.0852 12.10 
0.276 2 19 1 4.0 4.0 0.167 0.181 1.1474 1.1153 12.10 
0.277 2 19 1 4.0 4.0 0.191 0.183 1.1812 1.1474 12.10 
0.278 2 19 1 4.0 4.0 0.179 0.162 1.0852 1.1153 12.10 
0.279 2 19 1 4.0 4.0 0.172 0.217 1.1474 1.1474 12.10 
0.280 2 19 1 4.0 4.0 0.182 0.199 1.1474 1.1474 12.13 
0.281 2 19 1 4.0 4.0 0.178 0.171 1.1812 1.1153 12.11 
0.282 2 19 1 4.0 4.0 0.157 0.214 1.1474 1.1812 12.11 
0.283 2 19 1 4.0 4.0 0.176 0.194 1.1812 1.1474 12.10 
0.284 2 19 1 4.0 4.0 0.160 0.181 1.1812 1.1474 12.10 
0.285 2 19 1 4.0 4.0 0.161 0.203 0.9796 1.1474 12.10 
0.286 2 19 1 4.0 4.0 0.181 0.199 1.1812 1.1474 12.10 
0.287 2 19 1 4.0 4.0 0.158 0.164 1.1812 1.1812 12.01 
0.288 2 19 1 4.0 4.0 0.167 0.190 1.0852 1.1474 12.08 
0.289 2 19 1 4.0 4.0 0.176 0.187 1.1474 1.1474 12.10 
0.290 2 19 1 4.0 4.0 0.159 0.190 1.2169 1.1812 12.11 
0.291 2 19 1 4.0 4.0 0.154 0.200 1.1474 1.1474 12.11 
0.292 2 19 1 4.0 4.0 0.159 0.150 1.1474 1.1812 12.11 
0.293 2 19 1 4.0 4.0 0.131 0.139 1.1812 1.1812 12.12 
0.294 2 19 1 4.0 4.0 0.159 0.165 1.2169 1.1812 12.12 
0.295 2 19 1 4.0 4.0 0.158 0.151 1.0041 1.1812 12.12 
0.296 2 19 1 4.0 4.0 0.139 0.153 1.1474 1.1812 12.11 
0.297 2 19 1 4.0 4.0 0.158 0.154 1.2169 1.1474 12.11 
0.298 2 19 1 4.0 4.0 0.152 0.116 1.1812 1.1474 12.10 
0.299 2 19 1 4.0 4.0 0.125 0.138 1.2169 1.1812 12.11 
0.300 2 19 1 4.0 4.0 0.151 0.163 1.2551 1.2169 12.10 
0.301 2 19 1 4.0 4.0 0.136 0.140 1.2551 1.1812 12.11 
0.302 2 19 1 4.0 4.0 0.140 0.179 1.0298 1.2169 12.11 
0.303 2 19 1 4.0 4.0 0.159 0.174 1.2169 1.1812 12.10 
0.304 2 19 1 4.0 4.0 0.117 0.154 1.2169 1.2169 12.11 
0.305 2 19 1 4.0 4.0 0.136 0.153 1.1474 1.2169 12.11 
0.306 2 19 1 4.0 4.0 0.149 0.155 1.1812 1.2169 12.10 
0.307 2 19 1 4.0 4.0 0.129 0.144 1.2551 1.2169 12.10 
0.308 2 19 1 4.0 4.0 0.151 0.158 1.2551 1.1812 12.10 
0.309 2 19 1 4.0 4.0 0.134 0.112 1.1812 1.2169 12.11 
0.310 2 19 1 4.0 4.0 0.117 0.120 1.2169 1.2169 12.11 
0.311 2 19 1 4.0 4.0 0.135 0.143 1.2551 1.2169 12.10 
0.312 2 19 1 4.0 4.0 0.126 0.124 1.2551 1.2169 12.12 
0.313 2 19 1 4.0 4.0 0.129 0.113 1.2169 1.2169 12.11 
0.314 2 19 1 4.0 4.0 0.145 0.136 1.2551 1.2169 12.11 
0.315 2 19 1 4.0 4.0 0.128 0.111 1.2551 1.1812 12.11 
0.316 2 19 1 4.0 4.0 0.122 0.144 1.1812 1.2169 12.10 
0.317 2 19 1 4.0 4.0 0.136 0.134 1.2551 1.2169 12.11 
0.318 2 19 1 4.0 4.0 0.115 0.143 1.2952 1.2169 12.10 
0.319 2 19 1 4.0 4.0 0.147 0.151 1.2551 1.2551 12.11 
0.320 2 19 1 4.0 4.0 0.136 0.131 1.1812 1.2169 12.11 
0.321 2 19 1 4.0 4.0 0.104 0.151 1.2551 1.2551 12.12 
0.322 2 19 1 4.0 4.0 0.127 0.146 1.2551 1.2551 12.10 
0.323 2 19 1 4.0 4.0 0.127 0.112 1.2952 1.2169 12.11 
0.324 2 19 1 4.0 4.0 0.117 0.142 1.2169 1.2169 12.11 
0.325 2 19 1 4.0 4.0 0.117 0.150 1.2169 1.2551 12.11 
0.326 2 19 1 4.0 4.0 0.097 0.112 1.2952 1.2551 12.11 
0.327 2 19 1 4.0 4.0 0.122 0.146 1.2952 1.2551 12.10 
0.328 2 19 1 4.0 4.0 0.127 0.131 1.0567 1.2551 12.11 
0.329 2 19 1 4.0 4.0 0.108 0.127 1.2551 1.2551 12.11 
0.330 2 19 1 4.0 4.0 0.119 0.135 1.2952 1.2169 12.11 
0.331 2 19 1 4.0 4.0 0.117 0.106 1.2952 1.0567 12.11 
0.332 2 19 1 4.0 4.0 0.102 0.128 1.1474 1.2551 12.11 
0.333 2 19 1 4.0 4.0 0.124 0.130 1.2551 1.2169 12.11 
0.334 2 19 1 4.0 4.0 0.095 0.122 1.2952 1.2551 12.12 
0.335 2 19 1 4.0 4.0 0.117 0.153 1.2952 1.2551 12.11 
0.336 2 19 1 4.0 4.0 0.129 0.151 1.1474 1.2169 12.12 
0.337 2 19 1 4.0 4.0 0.098 0.116 1.2952 1.2551 12.11 
0.338 2 19 1 4.0 4.0 0.120 0.135 1.2169 1.2551 12.11 
0.339 2 19 1 4.0 4.0 0.120 0.112 1.3386 1.2169 12.11 
0.340 2 19 1 4.0 4.0 0.093 0.144 1.1474 1.2551 12.11 
0.341 2 19 1 4.0 4.0 0.113 0.138 1.2551 1.2551 12.11 
0.342 2 19 1 4.0 4.0 0.088 0.083 1.3386 1.2169 12.11 
0.343 2 19 1 4.0 4.0 0.101 0.124 1.3386 1.2551 12.11 
0.344 2 19 1 4.0 4.0 0.131 0.105 1.1812 1.2551 12.11 
0.345 2 19 1 4.0 4.0 0.103 0.095 1.2952 1.2551 12.10 
0.346 2 19 1 4.0 4.0 0.116 0.117 1.2952 1.1812 12.11 
0.347 2 19 1 4.0 4.0 0.101 0.107 1.3386 1.2551 12.11 
0.348 2 19 1 4.0 4.0 0.092 0.110 1.1153 1.2551 12.11 
0.349 2 19 1 4.0 4.0 0.114 0.116 1.2551 1.2551 12.11 
0.350 2 19 1 4.0 4.0 0.089 0.120 1.2952 1.2551 12.11 
0.351 2 19 1 4.0 4.0 0.112 0.117 1.2952 1.2551 12.11 
0.352 2 19 1 4.0 4.0 0.121 0.120 1.2169 1.2169 12.12 
0.353 2 19 1 4.0 4.0 0.095 0.110 1.2952 1.2551 12.11 
0.354 2 19 1 4.0 4.0 0.117 0.124 1.2952 1.2551 12.11 
0.355 2 19 1 4.0 4.0 0.113 0.112 1.3386 1.2952 12.12 
0.356 2 19 1 4.0 4.0 0.102 0.132 1.2551 1.2551 12.11 
0.357 2 19 1 4.0 4.0 0.110 0.127 1.2551 1.2551 12.11 
0.358 2 19 1 4.0 4.0 0.085 0.074 1.2952 1.2551 12.12 
0.359 2 19 1 4.0 4.0 0.109 0.105 1.2952 1.2952 12.11 
0.360 2 19 1 4.0 4.0 0.121 0.097 1.2169 1.2952 12.11 
0.361 2 19 1 4.0 4.0 0.092 0.077 1.2952 1.2952 12.11 
0.362 2 19 1 4.0 4.0 0.110 0.101 1.3386 1.2551 12.12 
0.363 2 19 1 4.0 4.0 0.104 0.063 1.3386 1.2551 12.12 
0.364 2 19 1 4.0 4.0 0.092 0.101 1.2551 1.2551 12.12 
0.365 2 19 1 4.0 4.0 0.102 0.121 1.2952 1.2551 12.12 
0.366 2 19 1 4.0 4.0 0.089 0.105 1.3386 1.2952 12.12 
0.367 2 19 1 4.0 4.0 0.108 0.150 1.2952 1.2952 12.11 
0.368 2 19 1 4.0 4.0 0.106 0.089 1.2169 1.2952 12.13 
0.369 2 19 1 4.0 4.0 0.084 0.114 1.2952 1.2952 12.12 
0.370 2 19 1 4.0 4.0 0.104 0.140 1.2952 1.2952 12.12 
0.371 2 19 1 4.0 4.0 0.077 0.109 1.3386 1.2551 12.12 
0.372 2 19 1 4.0 4.0 0.095 0.128 1.3386 1.2952 12.12 
0.373 2 19 1 4.0 4.0 0.091 0.101 1.2551 1.2952 12.12 
0.374 2 19 1 4.0 4.0 0.072 0.081 1.2952 1.2551 12.12 
0.375 2 19 1 4.0 4.0 0.102 0.129 1.3386 1.2551 12.11 
0.376 2 19 1 4.0 4.0 0.097 0.104 1.2952 1.2551 12.12 
0.377 2 19 1 4.0 4.0 0.093 0.126 1.2551 1.2952 12.12 
0.378 2 19 1 4.0 4.0 0.100 0.116 1.2952 1.3386 12.11 
0.379 2 19 1 4.0 4.0 0.068 0.066 1.2952 1.2952 12.12 
0.380 2 19 1 4.0 4.0 0.087 0.123 1.3386 1.2952 12.12 
0.381 2 19 1 4.0 4.0 0.088 0.115 1.2952 1.2952 12.13 
0.382 2 19 1 4.0 4.0 0.073 0.120 1.2952 1.2952 12.11 
0.383 2 19 1 4.0 4.0 0.091 0.119 1.3386 1.2952 12.11 
0.384 2 19 1 4.0 4.0 0.082 0.100 1.3386 1.2952 12.11 
0.385 2 19 1 4.0 4.0 0.095 0.113 1.2169 1.2952 12.11 
0.386 2 19 1 4.0 4.0 0.105 0.108 1.2952 1.2952 12.12 
0.387 2 19 1 4.0 4.0 0.082 0.124 1.2952 1.2952 12.12 
0.388 2 19 1 4.0 4.0 0.102 0.122 1.1812 1.2551 12.11 
0.389 2 19 1 4.0 4.0 0.087 0.073 1.3386 1.2952 12.11 
0.390 2 19 1 4.0 4.0 0.071 0.089 1.2169 1.2952 12.11 
0.391 2 19 1 4.0 4.0 0.091 0.112 1.2952 1.2551 12.11 
0.392 2 19 1 4.0 4.0 0.068 0.093 1.2952 1.2952 12.12 
0.393 2 19 1 4.0 4.0 0.087 0.112 1.3386 1.2551 12.11 
0.394 2 19 1 4.0 4.0 0.091 0.102 1.2551 1.3386 12.12 
0.395 2 19 1 4.0 4.0 0.077 0.091 1.2952 1.2952 12.11 
0.396 2 19 1 4.0 4.0 0.103 0.120 1.3386 1.2952 12.11 
0.397 2 19 1 4.0 4.0 0.082 0.098 1.3386 1.2952 12.12 
0.398 2 19 1 4.0 4.0 0.084 0.136 1.2551 1.2952 12.11 
0.399 2 19 1 4.0 4.0 0.094 0.082 1.3386 1.2551 12.10 
0.400 2 19 1 4.0 4.0 0.057 0.106 1.3386 1.2952 12.12 
0.401 2 19 1 4.0 4.0 0.087 0.120 1.2952 1.2952 12.12 
0.402 2 19 1 4.0 4.0 0.091 0.115 1.2551 1.2952 12.11 
0.403 2 19 1 4.0 4.0 0.083 0.122 1.1812 1.2952 12.11 
0.404 2 19 1 4.0 4.0 0.098 0.120 1.2551 1.2952 12.11 
0.405 2 19 1 4.0 4.0 0.064 0.081 1.2952 1.2952 12.12 
0.406 2 19 1 4.0 4.0 0.081 0.116 1.3386 1.2952 12.12 
0.407 2 19 1 4.0 4.0 0.099 0.099 1.2551 1.2952 12.12 
0.408 2 19 1 4.0 4.0 0.082 0.103 1.3386 1.2952 12.11 
0.409 2 19 1 4.0 4.0 0.086 0.120 1.3386 1.2952 12.11 
0.410 2 19 1 4.0 4.0 0.069 0.088 1.3386 1.2952 12.11 
0.411 2 19 1 4.0 4.0 0.063 0.101 1.2551 1.2952 12.12 
0.412 2 19 1 4.0 4.0 0.092 0.087 1.3386 1.2952 12.12 
0.413 2 19 1 4.0 4.0 0.067 0.089 1.3386 1.2952 12.12 
0.414 2 19 1 4.0 4.0 0.087 0.125 1.2952 1.2952 12.10 
0.415 2 19 1 4.0 4.0 0.091 0.093 1.2551 1.2952 12.10 
0.416 2 19 1 4.0 4.0 0.090 0.098 1.1153 1.2952 12.11 
0.417 2 19 1 4.0 4.0 0.105 0.097 1.2952 1.2952 12.11 
0.418 2 19 1 4.0 4.0 0.083 0.089 1.3848 1.2952 12.11 
0.419 2 19 1 4.0 4.0 0.097 0.109 1.3848 1.2952 12.11 
0.420 2 19 1 4.0 4.0 0.085 0.055 1.2952 1.2952 12.11 
0.421 2 19 1 4.0 4.0 0.063 0.086 1.2952 1.2952 12.12 
0.422 2 19 1 4.0 4.0 0.096 0.106 1.3386 1.2952 12.11 
0.423 2 19 1 4.0 4.0 0.078 0.089 1.3386 1.2952 12.11 
0.424 2 19 1 4.0 4.0 0.090 0.118 1.2952 1.1812 12.12 
0.425 2 19 1 4.0 4.0 0.098 0.098 1.3386 1.3386 12.12 
0.426 2 19 1 4.0 4.0 0.074 0.084 1.3386 1.2952 12.12 
0.427 2 19 1 4.0 4.0 0.094 0.110 1.3386 1.2952 12.11 
0.428 2 19 1 4.0 4.0 0.083 0.077 1.3848 1.2952 12.12 
0.429 2 19 1 4.0 4.0 0.075 0.124 1.2551 1.2952 12.12 
0.430 2 19 1 4.0 4.0 0.100 0.095 1.3386 1.2952 12.12 
0.431 2 19 1 4.0 4.0 0.081 0.082 1.3386 1.3386 12.12 
0.432 2 19 1 4.0 4.0 0.091 0.137 1.2952 1.2952 12.12 
0.433 2 19 1 4.0 4.0 0.090 0.119 1.2952 1.2169 12.12 
0.434 2 19 1 4.0 4.0 0.075 0.131 1.3386 1.3386 12.12 
0.435 2 19 1 4.0 4.0 0.091 0.116 1.2952 1.2952 12.12 
0.436 2 19 1 4.0 4.0 0.065 0.082 1.3848 1.2952 12.12 
0.437 2 19 1 4.0 4.0 0.078 0.100 1.2551 1.2952 12.12 
0.438 2 19 1 4.0 4.0 0.101 0.097 1.2952 1.2952 12.13 
0.439 2 19 1 4.0 4.0 0.078 0.084 1.2169 1.2952 12.12 
0.440 2 19 1 4.0 4.0 0.095 0.099 1.3386 1.2952 12.11 
0.441 2 19 1 4.0 4.0 0.082 0.067 1.3848 1.2952 12.13 
0.442 2 19 1 4.0 4.0 0.071 0.135 1.2551 1.2952 12.12 
0.443 2 19 1 4.0 4.0 0.091 0.101 1.3386 1.2952 12.12 
0.444 2 19 1 4.0 4.0 0.073 0.101 1.3848 1.2952 12.11 
0.445 2 19 1 4.0 4.0 0.098 0.122 1.3386 1.2952 12.11 
0.446 2 19 1 4.0 4.0 0.087 0.082 1.2169 1.2952 12.12 
0.447 2 19 1 4.0 4.0 0.072 0.105 1.3386 1.2952 12.13 
0.448 2 19 1 4.0 4.0 0.102 0.101 1.3386 1.2952 12.12 
0.449 2 19 1 4.0 4.0 0.081 0.095 1.3386 1.2952 12.12 
0.450 2 19 1 4.0 4.0 0.083 0.121 1.3386 1.2952 12.12 
0.451 2 19 1 4.0 4.0 0.084 0.078 1.2551 1.3386 12.12 
0.452 2 19 1 4.0 4.0 0.051 0.088 1.2952 1.2952 12.12 
0.453 2 19 1 4.0 4.0 0.094 0.108 1.3386 1.2952 12.11 
0.454 2 19 1 4.0 4.0 0.098 0.088 1.3386 1.2952 12.11 
0.455 2 19 1 4.0 4.0 0.087 0.108 1.2551 1.2551 12.12 
0.456 2 19 1 4.0 4.0 0.106 0.094 1.3386 1.3386 12.12 
0.457 2 19 1 4.0 4.0 0.066 0.086 1.3386 1.3386 12.13 
0.458 2 19 1 4.0 4.0 0.087 0.107 1.3386 1.3386 12.12 
0.459 2 19 1 4.0 4.0 0.086 0.092 1.2952 1.2952 12.12 
0.460 2 19 1 4.0 4.0 0.069 0.126 1.3386 1.2952 12.12 
0.461 2 19 1 4.0 4.0 0.092 0.115 1.2551 1.2952 12.12 
0.462 2 19 1 4.0 4.0 0.072 0.107 1.3386 1.2169 12.12 
0.463 2 19 1 4.0 4.0 0.087 0.117 1.3386 1.2952 12.11 
0.464 2 19 1 4.0 4.0 0.097 0.088 1.2952 1.2551 12.12 
0.465 2 19 1 4.0 4.0 0.073 0.124 1.3386 1.2952 12.12 
0.466 2 19 1 4.0 4.0 0.100 0.077 1.2551 1.2952 12.11 
0.467 2 19 1 4.0 4.0 0.079 0.075 1.3386 1.2952 12.12 
0.468 2 19 1 4.0 4.0 0.070 0.101 1.2551 1.2952 12.12 
0.469 2 19 1 4.0 4.0 0.092 0.089 1.2952 1.2952 12.12 
0.470 2 19 1 4.0 4.0 0.074 0.091 1.3386 1.2952 12.12 
0.471 2 19 1 4.0 4.0 0.094 0.096 1.3386 1.3386 12.11 
0.472 2 19 1 4.0 4.0 0.089 0.088 1.2551 1.3386 12.11 
0.473 2 19 1 4.0 4.0 0.058 0.127 1.2952 1.2952 12.12 
0.474 2 19 1 4.0 4.0 0.079 0.106 1.3386 1.2952 12.12 
0.475 2 19 1 4.0 4.0 0.068 0.120 1.3386 1.2952 12.11 
0.476 2 19 1 4.0 4.0 0.091 0.134 1.3386 1.3386 12.10 
0.477 2 19 1 4.0 4.0 0.094 0.084 1.2551 1.2952 12.12 
0.478 2 19 1 4.0 4.0 0.068 0.105 1.2952 1.2952 12.11 
0.479 2 19 1 4.0 4.0 0.102 0.108 1.2952 1.3386 12.13 
0.480 2 19 1 4.0 4.0 0.088 0.106 1.3848 1.2952 12.12 
0.481 2 19 1 4.0 4.0 0.079 0.123 1.2952 1.2952 12.12 
0.482 2 19 1 4.0 4.0 0.087 0.082 1.2551 1.2551 12.13 
0.483 2 19 1 4.0 4.0 0.057 0.095 1.3386 1.2952 12.12 
0.484 2 19 1 4.0 4.0 0.096 0.103 1.3386 1.2952 12.12 
0.485 2 19 1 4.0 4.0 0.093 0.086 1.2169 1.2952 12.13 
0.486 2 19 1 4.0 4.0 0.086 0.122 1.1812 1.2551 12.12 
0.487 2 19 1 4.0 4.0 0.102 0.078 1.3386 1.3386 12.12 
0.488 2 19 1 4.0 4.0 0.084 0.105 1.3386 1.2952 12.11 
0.489 2 19 1 4.0 4.0 0.091 0.093 1.3386 1.2952 12.12 
0.490 2 19 1 4.0 4.0 0.084 0.100 1.2952 1.2952 12.12 
0.491 2 19 1 4.0 4.0 0.055 0.130 1.3386 1.2952 12.13 
0.492 2 19 1 4.0 4.0 0.092 0.114 1.3386 1.2952 12.12 
0.493 2 19 1 4.0 4.0 0.070 0.140 1.3386 1.2952 12.12 
0.494 2 19 1 4.0 4.0 0.089 0.146 1.2551 1.3386 12.11 
0.495 2 19 1 4.0 4.0 0.108 0.103 1.2952 1.2952 12.12 
0.496 2 19 1 4.0 4.0 0.072 0.120 1.2169 1.2952 12.12 
0.497 2 19 1 4.0 4.0 0.083 0.101 1.0852 1.2952 12.12 
0.498 2 19 1 4.0 4.0 0.060 0.067 1.3848 1.2952 12.12 
0.499 2 19 1 4.0 4.0 0.066 0.107 1.2551 1.3386 12.11 
0.500 2 19 1 4.0 4.0 0.097 0.071 1.2952 1.2952 12.12 
0.501 2 19 1 4.0 4.0 0.084 0.073 1.3386 1.2952 12.12 
0.502 2 19 1 4.0 4.0 0.105 0.090 1.3386 1.3386 12.12 
0.503 2 19 1 4.0 4.0 0.098 0.085 1.2952 1.2952 12.12 
0.504 2 19 1 4.0 4.0 0.079 0.114 1.3386 1.2952 12.13 
0.505 2 19 1 4.0 4.0 0.109 0.089 1.3386 1.2952 12.12 
0.506 2 19 1 4.0 4.0 0.087 0.113 1.3848 1.2952 12.12 
0.507 2 19 1 4.0 4.0 0.094 0.113 1.2551 1.3386 12.12 
0.508 2 19 1 4.0 4.0 0.108 0.080 1.2551 1.3386 12.11 
0.509 2 19 1 4.0 4.0 0.077 0.100 1.3386 1.2952 12.13 
0.510 2 19 1 4.0 4.0 0.100 0.086 1.3386 1.2952 12.11 
0.511 2 19 1 4.0 4.0 0.087 0.098 1.3848 1.2952 12.11 
0.512 2 19 1 4.0 4.0 0.083 0.118 1.2952 1.2952 12.11 
0.513 2 19 1 4.0 4.0 0.102 0.091 1.2952 1.2952 12.12 
0.514 2 19 1 4.0 4.0 0.060 0.115 1.3386 1.2952 12.11 
0.515 2 19 1 4.0 4.0 0.087 0.107 1.3386 1.2952 12.11 
0.516 2 19 1 4.0 4.0 0.098 0.096 1.2551 1.2952 12.12 
0.517 2 19 1 4.0 4.0 0.079 0.112 1.3386 1.2551 12.12 
0.518 2 19 1 4.0 4.0 0.112 0.076 1.3386 1.2169 12.12 
0.519 2 19 1 4.0 4.0 0.083 0.059 1.3386 1.3386 12.11 
0.520 2 19 1 4.0 4.0 0.096 0.079 1.2551 1.2952 12.13 
0.521 2 19 1 4.0 4.0 0.097 0.082 1.2169 1.2952 12.13 
0.522 2 19 1 4.0 4.0 0.075 0.109 1.3386 1.2952 12.12 
0.523 2 19 1 4.0 4.0 0.108 0.064 1.3386 1.2952 12.12 
0.524 2 19 1 4.0 4.0 0.094 0.101 1.2952 1.2952 12.14 
0.525 2 19 1 4.0 4.0 0.095 0.112 1.2551 1.2952 12.13 
0.526 2 19 1 4.0 4.0 0.121 0.084 1.2952 1.2551 12.11 
0.527 2 19 1 4.0 4.0 0.095 0.127 1.3848 1.2952 12.12 
0.528 2 19 1 4.0 4.0 0.116 0.074 1.3386 1.3386 12.12 
0.529 2 19 1 4.0 4.0 0.102 0.060 1.2551 1.2952 12.13 
0.530 2 19 1 4.0 4.0 0.079 0.090 1.2952 1.2952 12.12 
0.531 2 19 1 4.0 4.0 0.108 0.058 1.3386 1.2952 12.12 
0.532 2 19 1 4.0 4.0 0.084 0.088 1.2952 1.2952 12.12 
0.533 2 19 1 4.0 4.0 0.106 0.080 1.3386 1.3386 12.12 
0.534 2 19 1 4.0 4.0 0.106 0.063 1.2952 1.3386 12.12 
0.535 2 19 1 4.0 4.0 0.079 0.098 1.3386 1.2952 12.12 
0.536 2 19 1 4.0 4.0 0.101 0.059 1.3386 1.2952 12.11 
0.537 2 19 1 4.0 4.0 0.096 0.091 1.3848 1.2952 12.11 
0.538 2 19 1 4.0 4.0 0.094 0.090 1.2952 1.2551 12.12 
0.539 2 19 1 4.0 4.0 0.098 0.091 1.2952 1.2952 12.13 
0.540 2 19 1 4.0 4.0 0.072 0.118 1.3386 1.2952 12.13 
0.541 2 19 1 4.0 4.0 0.095 0.079 1.3386 1.3386 12.11 
0.542 2 19 1 4.0 4.0 0.105 0.104 1.2952 1.2952 12.12 
0.543 2 19 1 4.0 4.0 0.078 0.101 1.2551 1.3386 12.12 
0.544 2 19 1 4.0 4.0 0.098 0.063 1.2952 1.2952 12.12 
0.545 2 19 1 4.0 4.0 0.075 0.083 1.3386 1.2952 12.14 
0.546 2 19 1 4.0 4.0 0.094 0.072 1.3848 1.3386 12.12 
0.547 2 19 1 4.0 4.0 0.111 0.078 1.2551 1.2952 12.12 
0.548 2 19 1 4.0 4.0 0.072 0.107 1.2952 1.2952 12.12 
0.549 2 19 1 4.0 4.0 0.087 0.072 1.3386 1.2952 12.12 
0.550 2 19 1 4.0 4.0 0.085 0.108 1.3386 1.2952 12.12 
0.551 2 19 1 4.0 4.0 0.093 0.097 1.2551 1.2952 12.12 
0.552 2 19 1 4.0 4.0 0.097 0.109 1.3386 1.2952 12.11 
0.553 2 19 1 4.0 4.0 0.077 0.122 1.3386 1.2952 12.11 
0.554 2 19 1 4.0 4.0 0.109 0.077 1.3386 1.2952 12.12 
0.555 2 19 1 4.0 4.0 0.103 0.085 1.3386 1.2952 12.11 
0.556 2 19 1 4.0 4.0 0.082 0.099 1.0567 1.2952 12.11 
0.557 2 19 1 4.0 4.0 0.098 0.086 1.2952 1.2952 12.11 
0.558 2 19 1 4.0 4.0 0.081 0.114 1.3848 1.2952 12.11 
0.559 2 19 1 4.0 4.0 0.099 0.079 1.3386 1.2952 12.11 
0.560 2 19 1 4.0 4.0 0.095 0.088 1.2551 1.2952 12.11 
0.561 2 19 1 4.0 4.0 0.065 0.105 1.2952 1.2952 12.11 
0.562 2 19 1 4.0 4.0 0.106 0.080 1.3386 1.2952 12.11 
0.563 2 19 1 4.0 4.0 0.091 0.107 1.3386 1.2551 12.11 
0.564 2 19 1 4.0 4.0 0.091 0.073 1.2952 1.3386 12.11 
0.565 2 19 1 4.0 4.0 0.099 0.070 1.2952 1.3386 12.12 
0.566 2 19 1 4.0 4.0 0.074 0.100 1.2952 1.3386 12.12 
0.567 2 19 1 4.0 4.0 0.105 0.069 1.3386 1.2952 12.11 
0.568 2 19 1 4.0 4.0 0.073 0.101 1.3386 1.2952 12.12 
0.569 2 19 1 4.0 4.0 0.074 0.097 1.2952 1.2952 12.11 
0.570 2 19 1 4.0 4.0 0.094 0.075 1.2952 1.2952 12.10 
0.571 2 19 1 4.0 4.0 0.083 0.110 1.3386 1.2952 12.11 
0.572 2 19 1 4.0 4.0 0.105 0.096 1.2952 1.2169 12.11 
0.573 2 19 1 4.0 4.0 0.113 0.114 1.2551 1.3386 12.11 
0.574 2 19 1 4.0 4.0 0.091 0.092 1.2952 1.3386 12.11 
0.575 2 19 1 4.0 4.0 0.099 0.047 1.2551 1.3386 12.11 
0.576 2 19 1 4.0 4.0 0.071 0.091 1.3386 1.3386 12.12 
0.577 2 19 1 4.0 4.0 0.087 0.076 1.3386 1.3386 12.12 
0.578 2 19 1 4.0 4.0 0.110 0.097 1.2551 1.3386 12.12 
0.579 2 19 1 4.0 4.0 0.075 0.101 1.3386 1.2952 12.11 
0.580 2 19 1 4.0 4.0 0.096 0.053 1.3386 1.2952 12.11 
0.581 2 19 1 4.0 4.0 0.079 0.097 1.3386 1.2551 12.12 
0.582 2 19 1 4.0 4.0 0.080 0.097 1.2551 1.2952 12.11 
0.583 2 19 1 4.0 4.0 0.097 0.086 1.3386 1.2952 12.11 
0.584 2 19 1 4.0 4.0 0.075 0.116 1.3848 1.3386 12.12 
0.585 2 19 1 4.0 4.0 0.095 0.075 1.3386 1.2952 12.11 
0.586 2 19 1 4.0 4.0 0.087 0.102 1.3386 1.3386 12.13 
0.587 2 19 1 4.0 4.0 0.083 0.097 1.0567 1.3386 12.12 
0.588 2 19 1 4.0 4.0 0.103 0.088 1.2952 1.2952 12.11 
0.589 2 19 1 4.0 4.0 0.080 0.108 1.3848 1.3386 12.11 
0.590 2 19 1 4.0 4.0 0.083 0.078 1.3848 1.2952 12.11 
0.591 2 19 1 4.0 4.0 0.079 0.089 1.2952 1.3386 12.11 
0.592 2 19 1 4.0 4.0 0.057 0.092 1.2952 1.3386 12.12 
0.593 2 19 1 4.0 4.0 0.103 0.091 1.3386 1.3386 12.11 
0.594 2 19 1 4.0 4.0 0.090 0.108 1.3386 1.2551 12.12 
0.595 2 19 1 4.0 4.0 0.096 0.070 1.2551 1.3386 12.12 
0.596 2 19 1 4.0 4.0 0.105 0.069 1.2551 1.2952 12.11 
0.597 2 19 1 4.0 4.0 0.068 0.097 1.2952 1.2952 12.11 
0.598 2 19 1 4.0 4.0 0.084 0.067 1.3386 1.3386 12.11 
0.599 2 19 1 4.0 4.0 0.067 0.112 1.3386 1.2952 12.11 
0.600 2 19 1 4.0 4.0 0.073 0.092 1.2551 1.2952 12.12 
0.601 2 19 1 4.0 4.0 0.102 0.084 1.3386 1.2952 12.11 
0.602 2 19 1 4.0 4.0 0.070 0.107 1.3386 1.3386 12.12 
0.603 2 19 1 4.0 4.0 0.101 0.089 1.3386 1.2952 12.11 
0.604 2 19 1 4.0 4.0 0.102 0.097 1.2952 1.3386 12.12 
0.605 2 19 1 4.0 4.0 0.089 0.093 1.2952 1.3386 12.11 
0.606 2 19 1 4.0 4.0 0.100 0.082 1.2952 1.3386 12.11 
0.607 2 19 1 4.0 4.0 0.069 0.103 1.3386 1.3386 12.12 
0.608 2 19 1 4.0 4.0 0.092 0.082 1.3848 1.3386 12.10 
0.609 2 19 1 4.0 4.0 0.097 0.096 1.2551 1.3386 12.11 
0.610 2 19 1 4.0 4.0 0.078 0.101 1.2952 1.3386 12.12 
0.611 2 19 1 4.0 4.0 0.103 0.101 1.3386 1.3386 12.11 
0.612 2 19 1 4.0 4.0 0.083 0.103 1.3386 1.3386 12.11 
0.613 2 19 1 4.0 4.0 0.094 0.090 1.2551 1.3386 12.11 
0.614 2 19 1 4.0 4.0 0.106 0.103 1.3386 1.3386 12.11 
0.615 2 19 1 4.0 4.0 0.087 0.106 1.2952 1.2952 12.12 
0.616 2 19 1 4.0 4.0 0.102 0.078 1.3386 1.2952 12.12 
0.617 2 19 1 4.0 4.0 0.087 0.112 1.3386 1.2952 12.12 
0.618 2 19 1 4.0 4.0 0.079 0.111 1.0041 1.2952 12.12 
0.619 2 19 1 4.0 4.0 0.110 0.113 1.2952 1.2952 12.11 
0.620 2 19 1 4.0 4.0 0.085 0.083 1.3848 1.3386 12.12 
0.621 2 19 1 4.0 4.0 0.097 0.047 1.3848 1.2952 12.11 
0.622 2 19 1 4.0 4.0 0.090 0.069 1.2952 1.3386 12.11 
0.623 2 19 1 4.0 4.0 0.059 0.058 1.2952 1.3386 12.12 
0.624 2 19 1 4.0 4.0 0.098 0.070 1.3386 1.3386 12.12 
0.625 2 19 1 4.0 4.0 0.089 0.095 1.3386 1.2952 12.12 
0.626 2 19 1 4.0 4.0 0.088 0.082 1.3386 1.2952 12.12 
0.627 2 19 1 4.0 4.0 0.097 0.105 1.1812 1.2952 12.12 
0.628 2 19 1 4.0 4.0 0.064 0.108 1.2952 1.2952 12.12 
0.629 2 19 1 4.0 4.0 0.089 0.111 1.3386 1.2952 12.12 
0.630 2 19 1 4.0 4.0 0.081 0.127 1.3386 1.3386 12.13 
0.631 2 19 1 4.0 4.0 0.082 0.081 1.2952 1.3386 12.12 
0.632 2 19 1 4.0 4.0 0.097 0.101 1.2952 1.3386 12.12 
0.633 2 19 1 4.0 4.0 0.074 0.097 1.3386 1.3386 12.12 
0.634 2 19 1 4.0 4.0 0.100 0.087 1.2952 1.3386 12.12 
0.635 2 19 1 4.0 4.0 0.099 0.116 1.2551 1.2952 12.12 
0.636 2 19 1 4.0 4.0 0.074 0.085 1.2551 1.3386 12.13 
0.637 2 19 1 4.0 4.0 0.093 0.093 1.2551 1.3386 12.12 
0.638 2 19 1 4.0 4.0 0.065 0.108 1.3386 1.3386 12.12 
0.639 2 19 1 4.0 4.0 0.083 0.088 1.3386 1.3386 12.11 
0.640 2 19 1 4.0 4.0 0.091 0.114 1.2551 1.2551 12.11 
0.641 2 19 1 4.0 4.0 0.075 0.086 1.3386 1.3386 12.11 
0.642 2 19 1 4.0 4.0 0.100 0.090 1.3386 1.2952 12.11 
0.643 2 19 1 4.0 4.0 0.091 0.106 1.3386 1.2952 12.12 
0.644 2 19 1 4.0 4.0 0.087 0.083 1.2551 1.2952 12.11 
0.645 2 19 1 4.0 4.0 0.089 0.109 1.3386 1.3386 12.11 
0.646 2 19 1 4.0 4.0 0.069 0.101 1.2952 1.2952 12.13 
0.647 2 19 1 4.0 4.0 0.094 0.124 1.3386 1.2952 12.12 
0.648 2 19 1 4.0 4.0 0.087 0.117 1.3386 1.3386 12.12 
0.649 2 19 1 4.0 4.0 0.083 0.086 1.0041 1.2952 12.12 
0.650 2 19 1 4.0 4.0 0.101 0.120 1.2952 1.3386 12.11 
0.651 2 19 1 4.0 4.0 0.071 0.104 1.3848 1.3386 12.12 
0.652 2 19 1 4.0 4.0 0.090 0.080 1.3848 1.2952 12.11 
0.653 2 19 1 4.0 4.0 0.075 0.111 1.2952 1.3386 12.11 
0.654 2 19 1 4.0 4.0 0.040 0.081 1.3386 1.3386 12.12 
0.655 2 19 1 4.0 4.0 0.091 0.097 1.3848 1.3386 12.11 
0.656 2 19 1 4.0 4.0 0.098 0.093 1.3386 1.3386 12.10 
0.657 2 19 1 4.0 4.0 0.087 0.055 1.2551 1.3386 12.11 
0.658 2 19 1 4.0 4.0 0.098 0.094 1.2551 1.3386 12.12 
0.659 2 19 1 4.0 4.0 0.062 0.087 1.2952 1.3386 12.12 
0.660 2 19 1 4.0 4.0 0.079 0.104 1.3386 1.3386 12.10 
0.661 2 19 1 4.0 4.0 0.073 0.115 1.3848 1.3386 12.11 
0.662 2 19 1 4.0 4.0 0.081 0.097 1.2952 1.3386 12.12 
0.663 2 19 1 4.0 4.0 0.106 0.106 1.2952 1.3386 12.11 
0.664 2 19 1 4.0 4.0 0.080 0.106 1.3386 1.3386 12.11 
0.665 2 19 1 4.0 4.0 0.094 0.116 1.2952 1.2952 12.11 
