%% logfile from robot Liv (36)
% Liv (36)
%  1    time 0.000 sec
0.001 2 1 0 5.497378 -0.023975 -8.882592 0.030518 0.274658 0.122070 0.30 0.30 5.0 5.0 0.362 0.208 0 1 0.0000 0.0000 0.0000 0.0000 0.0000 0.000000 -0.563375 -1.2495 0 1.5211 0  -2 5 20 18 38 36 47 6  1 0 0 0 0 0 0 1.774 0.234 11.47 100 320 0.000 0.002 0.0000 nan 0.000000 0.000000 0.300000 
0.002 2 1 0 5.480596 -0.055142 -8.822656 0.000000 0.305176 0.122070 0.30 0.30 5.0 5.0 0.870 0.661 0 1 0.0000 0.0000 0.0000 0.0000 0.0000 0.000000 -0.563372 -1.2495 0 1.5211 0  -36 -12 -2 -19 -3 22 55 18  1 0 0 0 0 0 0 1.742 0.234 11.43 110 320 0.000 0.003 0.0000 nan 0.000000 0.000000 0.300000 
0.003 2 1 0 5.499775 -0.076719 -8.853823 0.213623 0.274658 0.091553 0.30 0.30 5.0 5.0 1.051 0.820 0 1 0.0000 0.0000 0.0000 0.0000 0.0000 0.000000 -0.563370 -1.2495 0 1.5211 0  -25 -19 -12 -29 -6 1 35 22  1 0 0 0 0 0 0 1.751 0.234 11.40 110 320 0.000 0.004 0.0000 nan 0.000000 0.000000 0.300000 
0.004 2 1 0 5.557314 -0.040757 -8.793886 0.213623 0.335693 0.244141 0.30 0.30 5.0 5.0 1.182 1.007 0 1 0.0000 0.0000 0.0000 0.0000 0.0000 0.000000 -0.563371 -1.2495 0 1.5211 0  -28 -12 8 -7 1 12 -9 6  1 0 0 0 0 0 0 1.765 0.235 11.39 110 320 0.000 0.005 0.0000 nan 0.000000 0.000000 0.300000 
0.005 2 1 0 5.586084 -0.026372 -8.686001 0.000000 0.122070 0.335693 0.30 0.30 5.0 5.0 1.290 1.097 1 2 0.0000 0.0000 0.0000 0.0000 0.0000 0.000000 -0.563380 -1.2495 0 1.5211 0  -36 -11 1 -8 0 2 32 -1  1 0 0 0 0 0 0 1.765 0.234 11.38 110 330 0.000 0.006 0.0000 nan  nan 0.000000 0.300000 
0.006 2 1 0 5.547724 -0.045552 -8.678808 -0.061035 0.244141 0.274658 0.30 0.30 5.0 5.0 1.283 1.033 1 2 0.0000 0.0000 0.0000 0.0004 0.0000 0.000000 -0.563389 -1.2495 0 1.5211 0  -25 -6 14 1 5 14 -10 7  1 0 0 0 0 0 0 1.769 0.253 11.38 110 320 0.000 0.007 0.0000 nan 0.000000 0.000000 0.300000 
0.007 2 1 0 5.518955 -0.076719 -8.626064 0.091553 0.488281 0.122070 0.30 0.30 5.0 5.0 1.243 1.030 2 2 0.0000 0.0000 0.0000 0.0004 0.0000 0.000000 -0.563401 -1.2495 0 1.5211 0  -12 -15 15 0 3 6 32 -1  1 0 0 0 0 0 0 1.765 0.257 11.37 110 330 0.000 0.008 0.0000 nan  nan 0.000000 0.300000 
0.008 2 1 0 5.569302 -0.083911 -8.686001 -0.061035 0.488281 0.213623 0.30 0.30 3.9 4.3 1.350 1.074 2 3 0.2016 0.1675 -0.2199 0.0008 0.0000 0.000000 -0.563416 -1.2495 0 1.5211 0  -15 -7 5 -39 5 -16 42 -9  1 0 0 0 0 0 0 1.760 0.259 11.37 100 330 0.000 0.009 0.0000 nan  nan 0.000000 0.300000 
0.009 2 1 0 5.569302 -0.019180 -8.745937 -0.335693 0.732422 0.610352 0.30 0.30 3.3 4.3 0.922 0.996 3 3 0.2580 0.1675 -0.5837 0.0010 -0.0000 -0.002617 -0.563432 -1.2495 0 1.5211 0  -14 0 -1 -32 11 -9 -6 -12  1 0 0 0 0 0 0 1.724 0.260 11.41 110 360 0.000 0.010 0.0000 0.0000  nan 0.000000 0.300000 
0.010 2 1 0 5.538135 0.230156 -8.841836 -0.335693 1.159668 0.427246 0.30 0.30 3.3 3.9 0.796 1.082 4 4 0.2580 0.2049 -0.3429 0.0012 -0.0000 0.000000 -0.563448 -1.2495 0 1.5211 0  -5 -13 -12 -8 -7 -3 -8 -8  1 0 0 0 0 0 0 1.742 0.260 11.43 110 360 0.000 0.011 0.0000 -10304317207509002173752410934553346048.0000 0.000000  nan 0.300000 
0.011 2 1 0 5.295991 -0.930215 -9.309340 1.312256 1.007080 -1.098633 0.30 0.30 3.2 3.2 0.743 0.803 4 5 0.2738 0.2686 -0.0340 0.0016 -0.0000 0.000000 -0.563442 -1.2495 0 1.5211 0  -1 4 -16 12 4 13 41 8  1 0 0 0 0 0 0 1.738 0.259 11.44 110 340 0.000 0.012 0.0000 -46540443007140799639868265693169319936.0000 0.000000  nan 0.300000 
0.012 2 1 0 4.128428 -0.599365 -10.098105 0.854492 0.732422 -0.213623 0.30 0.30 3.2 3.2 0.706 0.568 5 5 0.2738 0.2686 -0.0340 0.0018 -0.0000 -0.002617 -0.563347 -1.2495 0 1.5211 0  3 -8 11 0 4 -2 0 15  1 0 0 0 0 0 0 1.724 0.258 11.45 110 350 0.000 0.013 0.0000 0.0000  nan 0.000000 0.300000 
0.013 2 1 0 7.436924 2.548501 -9.177480 -0.549316 2.105713 1.098633 0.30 0.30 3.0 2.9 0.584 0.619 6 6 0.2957 0.3002 0.0288 0.0022 -0.0000 -0.002617 -0.563343 -1.2495 0 1.5211 0  -8 -1 -2 -28 0 9 33 -5  1 0 0 0 0 0 0 1.711 0.260 11.46 100 360 0.000 0.014 0.0000 0.0000  nan 0.000000 0.300000 
0.014 2 1 0 6.626582 0.134258 -8.472627 -0.549316 0.946045 1.220703 0.30 0.30 3.0 2.5 0.546 0.519 6 7 0.2957 0.3408 0.2905 0.0024 -0.0000 0.000000 -0.563478 -1.2495 0 1.5211 0  -12 1 5 10 9 2 -8 16  1 0 0 0 0 0 0 1.698 0.259 11.45 110 360 0.000 0.015 0.0000 -2430486461314537826102702628742889472.0000 0.000000 0.000000 0.300000 
0.015 2 1 0 3.718462 -1.253872 -7.597553 0.610352 0.122070 0.671387 0.30 0.30 3.2 2.4 0.674 0.420 7 8 0.2702 0.3525 0.5313 0.0028 -0.0000 0.000000 -0.563484 -1.2495 0 1.5211 0  -41 -42 -2 3 3 4 -15 -11  1 0 0 0 0 0 0 1.673 0.259 11.46 100 330 0.000 0.016 0.0000 -2701277862670841449104873503189893120.0000 0.000000  nan 0.300000 
0.016 2 1 0 4.854858 -1.225103 -8.527768 0.885010 0.854492 -0.183105 0.30 0.30 3.1 2.5 0.626 0.240 8 9 0.2815 0.3408 0.3821 0.0032 -0.0000 0.000000 -0.563415 -1.2495 0 1.5211 0  8 -16 -15 -2 -7 0 24 0  1 0 0 0 0 0 0 1.665 0.259 11.46 110 330 0.000 0.017 0.0000 -178215529594044547120779008663841931264.0000  nan  nan 0.300000 
0.017 2 1 0 5.849804 -0.299683 -9.160698 -0.518799 2.197266 -0.122070 0.30 0.30 3.1 2.5 0.570 0.251 8 10 0.2815 0.3408 0.3821 0.0034 -0.0000 0.002617 -0.563421 -1.2495 0 1.5211 0  9 -20 3 -9 -10 10 12 -7  1 0 0 0 0 0 0 1.751 0.259 11.47 100 360 0.000 0.018 0.0000 0.0000  nan 0.000000 0.300000 
0.018 2 1 0 6.446772 1.040498 -9.067197 -1.922607 2.838135 0.274658 0.30 0.30 3.2 2.3 0.694 0.205 9 11 0.2686 0.3558 0.5627 0.0037 -0.0000 0.000000 -0.563495 -1.2495 0 1.5211 0  6 2 15 12 -14 -6 7 -17  1 0 0 0 0 0 0 1.797 0.260 11.46 110 370 0.000 0.019 0.0000 0.0000  nan 0.000000 0.300000 
0.019 2 1 0 5.535737 0.237349 -9.328520 -2.227783 2.166748 0.732422 0.30 0.30 3.0 2.2 0.641 0.263 10 11 0.2917 0.3651 0.4737 0.0041 -0.0000 0.000000 -0.563552 -1.2495 0 1.5211 0  29 26 -6 11 15 8 -5 -28  1 0 0 0 0 0 0 1.812 0.261 11.47 110 340 0.000 0.020 0.0000 -68475493768912413647464374934846832640.0000  nan 0.000000 0.300000 
0.020 2 1 0 4.787729 -0.520249 -9.021646 -0.915527 0.732422 0.823975 0.30 0.30 3.0 2.5 0.568 0.150 10 12 0.2917 0.3351 0.2801 0.0043 -0.0000 0.002617 -0.563525 -1.2495 0 1.5211 0  -23 -35 29 18 17 12 31 -22  1 0 0 0 0 0 0 1.812 0.261 11.47 100 360 0.000 0.021 0.0000 -52523662569374825982415797059913252864.0000 0.000000 0.000000 0.300000 
0.021 2 1 0 4.528803 -0.577788 -8.539756 0.488281 -0.274658 0.610352 0.30 0.30 3.3 2.3 0.400 0.198 11 13 0.2665 0.3558 0.5758 0.0047 -0.0000 0.002617 -0.563453 -1.2495 0 1.5211 0  -8 -2 -17 30 26 25 7 27  1 0 0 0 0 0 0 1.807 0.261 11.47 110 360 0.000 0.022 0.0000 0.0000 0.000000 0.000000 0.300000 
0.022 2 1 0 5.322363 0.402773 -8.602090 0.610352 1.190186 0.549316 0.30 0.30 3.3 2.4 0.424 0.247 12 14 0.2580 0.3497 0.5915 0.0051 0.0000 0.002617 -0.563419 -1.2495 0 1.5211 0  6 4 7 -17 17 38 21 20  1 0 0 0 0 0 0 1.816 0.262 11.47 110 360 0.000 0.023 0.0000 0.0000  nan 0.000000 0.300000 
0.023 2 1 0 6.391631 1.004536 -9.450790 -0.091553 3.326416 0.152588 0.30 0.30 3.3 2.0 0.538 0.361 12 15 0.2580 0.3826 0.8035 0.0053 0.0000 0.005235 -0.563469 -1.2495 0 1.5211 0  13 5 8 -30 0 4 -1 20  1 0 0 0 0 0 0 1.821 0.262 11.47 110 370 0.000 0.024 0.0000 0.0000  nan  nan 0.300000 
0.024 2 1 0 6.043999 0.318862 -9.364482 -0.396729 3.875732 -0.091553 0.30 0.30 3.4 2.2 0.559 0.319 13 16 0.2487 0.3688 0.7747 0.0057 0.0000 0.005235 -0.563552 -1.2495 0 1.5211 0  26 2 0 7 7 -1 -2 5  1 0 0 0 0 0 0 1.821 0.261 11.47 110 360 0.000 0.025 0.0000 -85115415855458686057480575283284148224.0000 0.000000  nan 0.300000 
0.025 2 1 0 5.298388 -0.460312 -8.594897 0.427246 2.227783 -0.122070 0.30 0.30 3.4 2.2 0.587 0.306 14 17 0.2487 0.3688 0.7747 0.0059 0.0000 0.007852 -0.563605 -1.2495 0 1.5211 0  13 11 9 -49 -5 -7 -6 2  1 0 0 0 0 0 0 1.769 0.260 11.47 100 370 0.000 0.026 0.0000 -15291108888987830392859269223633911808.0000 0.000000 0.000000 0.300000 
0.026 2 1 0 4.715806 -0.853496 -8.292817 0.640869 0.915527 0.122070 0.30 0.30 3.4 2.2 0.703 0.143 14 18 0.2564 0.3619 0.6805 0.0061 0.0000 0.005235 -0.563603 -1.2495 0 1.5211 0  27 -13 -5 -2 -15 -21 1 -16  1 0 0 0 0 0 0 1.760 0.257 11.46 110 370 0.000 0.027 0.0000 0.0000 0.000000 0.000000 0.300000 
0.027 2 1 0 5.420659 0.302080 -8.760322 0.122070 1.037598 0.488281 0.30 0.30 3.4 2.4 0.816 0.195 15 19 0.2519 0.3465 0.6098 0.0065 0.0000 0.005235 -0.563592 -1.2495 0 1.5211 0  37 35 31 -16 13 4 -4 -10  1 0 0 0 0 0 0 1.760 0.257 11.46 110 360 0.000 0.028 0.0000 0.0000  nan 0.000000 0.300000 
0.028 2 1 0 5.847407 0.736021 -9.179877 -0.610352 2.044678 0.457764 0.30 0.30 3.4 1.9 0.759 0.112 16 20 0.2519 0.3899 0.8899 0.0067 0.0000 0.007852 -0.563616 -1.2495 0 1.5211 0  14 -1 18 24 14 20 2 3  1 0 0 0 0 0 0 1.769 0.256 11.47 110 370 0.000 0.029 0.0000 0.0000  nan 0.000000 0.300000 
0.029 2 1 0 5.741919 0.189399 -9.189467 -0.610352 2.899170 0.213623 0.30 0.30 3.3 2.2 0.784 0.028 16 20 0.2633 0.3586 0.6151 0.0071 0.0000 0.007852 -0.563659 -1.2495 0 1.5211 0  12 2 13 40 44 30 49 24  1 0 0 0 0 0 0 1.802 0.258 11.46 110 360 0.000 0.030 0.0000 -188843147142985156692859737287191166976.0000 0.000000 0.000000 0.300000 
0.030 2 1 0 5.482993 -0.290093 -8.884990 0.091553 2.929688 0.061035 0.30 0.30 3.3 2.1 0.690 -0.074 17 21 0.2649 0.3720 0.6910 0.0075 0.0000 0.007852 -0.563702 -1.2495 0 1.5211 0  -14 -6 -2 -3 -8 24 48 7  1 0 0 0 0 0 0 1.807 0.260 11.46 110 360 0.000 0.031 0.0000 0.0000 0.000000 0.000000 0.300000 
0.031 2 1 0 5.480596 0.160630 -8.439062 0.305176 2.288818 0.335693 0.30 0.30 3.3 2.2 0.775 0.041 18 22 0.2649 0.3586 0.6046 0.0077 0.0000 0.010469 -0.563748 -1.2495 0 1.5211 0  15 -44 -32 -16 -6 4 3 20  1 0 0 0 0 0 0 1.807 0.261 11.47 100 370 0.000 0.032 0.0000 0.0000 0.000000 0.000000 0.300000 
0.032 2 1 0 5.777881 0.127065 -8.597295 0.183105 1.800537 0.671387 0.30 0.30 3.1 1.9 0.744 0.108 18 23 0.2876 0.3935 0.6831 0.0081 0.0000 0.010469 -0.563804 -1.2495 0 1.5211 0  22 -10 -17 -21 -4 -14 22 0  1 0 0 0 0 0 0 1.821 0.260 11.47 110 370 0.000 0.033 0.0000 nan  nan 0.000000 0.300000 
0.033 2 1 0 5.729931 -0.131860 -8.906568 -0.061035 2.105713 0.579834 0.30 0.30 3.2 1.9 0.557 0.242 19 24 0.2759 0.3862 0.7119 0.0085 0.0000 0.010469 -0.563856 -1.2495 0 1.5211 0  -15 -21 7 1 -16 -7 -32 -14  1 0 0 0 0 0 0 1.797 0.260 11.47 100 360 0.000 0.034 0.0000 -140942160099631403000953089977755893760.0000  nan 0.000000 0.300000 
0.034 2 1 0 5.200093 -0.359619 -8.884990 -0.061035 2.380371 0.274658 0.30 0.30 3.2 2.0 0.527 0.096 20 25 0.2759 0.3789 0.6648 0.0087 0.0000 0.013086 -0.563881 -1.2495 0 1.5211 0  30 -8 20 21 24 5 6 -13  1 0 0 0 0 0 0 1.451 0.260 11.47 110 370 0.000 0.035 0.0000 nan  nan 0.000000 0.300000 
0.035 2 1 0 5.449429 -0.093501 -8.522973 -0.091553 2.349854 0.152588 0.30 0.30 3.2 2.1 0.513 0.108 20 26 0.2775 0.3619 0.5444 0.0091 0.0000 0.013086 -0.563908 -1.2495 0 1.5211 0  16 8 -18 13 5 15 28 -18  1 0 0 0 0 0 0 1.243 0.261 11.47 110 360 0.000 0.036 0.0000 nan  nan 0.000000 0.300000 
0.036 2 1 0 5.482993 -0.112681 -8.669218 -0.213623 2.319336 0.335693 0.30 0.30 3.3 1.8 0.559 -0.037 21 27 0.2649 0.3935 0.8297 0.0095 0.0000 0.013086 -0.563951 -1.2495 0 1.5211 0  13 -16 6 2 2 21 16 15  1 0 0 0 0 0 0 1.212 0.260 11.47 110 360 0.000 0.037 0.0000 nan  nan 0.000000 0.300000 
0.037 2 1 0 5.502172 -0.107886 -8.988081 -0.335693 2.258301 0.427246 0.30 0.30 3.3 2.0 0.684 0.067 22 28 0.2649 0.3753 0.7119 0.0097 0.0000 0.015704 -0.563984 -1.2495 0 1.5211 0  28 -20 5 -11 6 10 -14 1  1 0 0 0 0 0 0 1.203 0.261 11.47 100 370 0.000 0.038 0.0000 nan  nan 0.000000 0.300000 
0.038 2 1 0 5.741919 -0.074321 -9.040825 -0.305176 2.502441 0.518799 0.30 0.30 3.0 2.0 0.627 0.002 22 29 0.2937 0.3688 0.4842 0.0101 0.0000 0.015704 -0.564019 -1.2495 0 1.5211 0  -7 -1 -6 -40 3 -22 -2 -15  1 0 0 0 0 0 0 1.205 0.261 11.47 100 360 0.000 0.039 0.0000 nan  nan 0.000000 0.300000 
0.039 2 1 0 5.461416 -0.117476 -8.618872 -0.427246 2.349854 0.366211 0.30 0.30 3.2 2.0 0.564 0.082 23 30 0.2738 0.3688 0.6124 0.0103 0.0001 0.013086 -0.564063 -1.2495 0 1.5211 0  5 8 0 9 -7 -6 3 21  1 0 0 0 0 0 0 1.201 0.261 11.48 110 370 0.000 0.040 0.0000 0.0000  nan 0.000000 0.300000 
0.040 2 1 0 5.504570 0.052744 -8.429472 -0.274658 1.983643 0.152588 0.30 0.30 3.1 2.3 0.547 0.289 24 31 0.2856 0.3465 0.3926 0.0108 0.0001 0.013086 -0.564108 -1.2495 0 1.5211 0  14 3 1 2 2 11 3 2  1 0 0 0 0 0 0 1.203 0.262 11.47 100 370 0.000 0.041 0.0000 nan 0.000000 0.000000 0.300000 
0.041 2 1 0 5.660405 -0.011987 -8.359946 0.000000 1.861572 0.213623 0.30 0.30 3.1 1.8 0.505 0.291 24 32 0.2856 0.3899 0.6726 0.0110 0.0001 0.015704 -0.564164 -1.2495 0 1.5211 0  -14 -7 -4 7 -1 11 38 -10  1 0 0 0 0 0 0 1.201 0.261 11.47 110 370 0.000 0.042 0.0000 -279232881921415837734065251583896059904.0000 0.000000 0.000000 0.300000 
0.042 2 1 0 5.614853 -0.208579 -8.379126 0.213623 2.105713 0.213623 0.30 0.30 3.1 2.0 0.686 0.093 25 32 0.2876 0.3651 0.4999 0.0114 0.0001 0.015704 -0.564227 -1.2495 0 1.5211 0  -3 0 3 22 1 18 34 -1  1 0 0 0 0 0 0 1.210 0.261 11.47 110 360 0.000 0.043 0.0000 -199480581378173933673425656380162834432.0000 0.000000 0.000000 0.300000 
0.043 2 1 0 5.696367 -0.280503 -8.582910 0.244141 2.227783 0.122070 0.30 0.30 2.9 2.0 0.626 0.185 26 33 0.3026 0.3720 0.4476 0.0118 0.0001 0.015704 -0.564289 -1.2495 0 1.5211 0  -14 -5 -12 -30 4 12 31 -17  1 0 0 0 0 0 0 1.184 0.261 11.47 100 360 0.000 0.044 0.0000 nan  nan 0.000000 0.300000 
0.044 2 1 0 5.674790 -0.071924 -8.846631 -0.030518 2.380371 0.244141 0.30 0.30 2.9 2.1 0.504 0.085 27 34 0.3026 0.3619 0.3821 0.0120 0.0001 0.018321 -0.564343 -1.2495 0 1.5211 0  -19 -7 -4 10 -2 -5 0 12  1 0 0 0 0 0 0 1.201 0.259 11.47 110 370 0.000 0.045 0.0000 nan  nan 0.000000 0.300000 
0.045 2 1 0 5.367915 -0.083911 -8.748335 -0.061035 2.227783 0.274658 0.30 0.30 3.0 1.8 0.424 0.271 27 35 0.2937 0.3899 0.6203 0.0124 0.0001 0.018321 -0.564379 -1.2495 0 1.5211 0  -10 -10 -11 -16 -5 -21 23 -4  1 0 0 0 0 0 0 1.205 0.259 11.47 110 370 0.000 0.046 0.0000 0.0000  nan 0.000000 0.300000 
0.046 2 1 0 5.353530 0.182207 -8.736347 -0.152588 1.800537 0.335693 0.30 0.30 2.7 2.0 0.468 0.196 28 36 0.3217 0.3688 0.3036 0.0128 0.0001 0.018321 -0.564400 -1.2495 0 1.5211 0  -2 -5 -22 -47 -3 -10 -12 -7  1 0 0 0 0 0 0 1.205 0.260 11.48 110 360 0.000 0.047 0.0000 0.0000  nan 0.000000 0.300000 
0.047 2 1 0 5.600469 0.242144 -8.697988 -0.274658 1.556396 0.305176 0.30 0.30 3.1 1.9 0.428 0.162 29 37 0.2815 0.3720 0.5837 0.0132 0.0001 0.018321 -0.564426 -1.2495 0 1.5211 0  -2 -23 -4 -6 1 8 -2 3  1 0 0 0 0 0 0 1.203 0.264 11.47 100 360 0.000 0.048 0.0000 nan  nan 0.000000 0.300000 
0.048 2 1 0 5.456621 -0.021577 -8.630859 -0.305176 1.525879 0.122070 0.30 0.30 3.1 2.0 0.420 0.121 30 38 0.2815 0.3619 0.5182 0.0134 0.0001 0.020938 -0.564456 -1.2495 0 1.5211 0  -13 -6 -6 -32 5 4 14 -6  1 0 0 0 0 0 0 1.207 0.266 11.47 110 370 0.000 0.049 0.0000 -292528366499982373427030305852402696192.0000 0.000000 0.000000 0.300000 
0.049 2 1 0 5.804253 -0.196592 -8.458241 0.030518 1.800537 0.213623 0.30 0.30 3.1 1.7 0.445 0.120 30 39 0.2836 0.3935 0.7093 0.0138 0.0001 0.020938 -0.564503 -1.2495 0 1.5211 0  -3 1 0 -49 6 10 19 -10  1 0 0 0 0 0 0 1.214 0.266 11.48 100 360 0.000 0.050 0.0000 nan 0.000000 0.000000 0.300000 
0.050 2 1 0 5.485391 -0.059937 -8.362344 0.274658 1.831055 0.213623 0.30 0.30 3.1 1.7 0.658 0.051 31 40 0.2815 0.3899 0.6988 0.0142 0.0001 0.020938 -0.564562 -1.2495 0 1.5211 0  -13 -26 6 0 -1 -4 -4 -5  1 0 0 0 0 0 0 1.212 0.265 11.48 100 360 0.000 0.051 0.0000 0.0000 0.000000 0.000000 0.300000 
0.051 2 1 0 5.576494 0.143848 -8.503794 0.213623 1.922607 0.122070 0.30 0.30 2.9 1.8 0.527 0.042 32 41 0.3047 0.3789 0.4790 0.0146 0.0001 0.020938 -0.564610 -1.2495 0 1.5211 0  -19 -34 2 -2 -17 9 -11 -7  1 0 0 0 0 0 0 1.214 0.265 11.47 100 360 0.000 0.052 0.0000 0.0000 0.000000 0.000000 0.300000 
0.052 2 1 0 5.648418 0.081514 -8.551743 0.122070 1.708984 0.061035 0.30 0.30 2.9 1.8 0.611 -0.124 32 42 0.3047 0.3789 0.4790 0.0146 0.0001 0.020938 -0.564659 -1.2495 0 1.5211 0  38 -15 1 -2 2 2 -6 1  1 0 0 0 0 0 0 1.201 0.265 11.47 100 360 0.000 0.053 0.0000 0.0000  nan 0.000000 0.300000 
0.053 2 1 0 5.571699 0.129463 -8.484614 -0.091553 1.312256 0.183105 0.30 0.30 3.1 1.9 0.482 0.040 33 43 0.2856 0.3720 0.5575 0.0150 0.0001 0.020938 -0.564703 -1.2495 0 1.5211 0  11 -22 3 -3 3 -2 -13 -12  1 0 0 0 0 0 0 1.203 0.265 11.47 100 370 0.000 0.054 0.0000 -327083020963893236688219063134357291008.0000  nan 0.000000 0.300000 
0.054 2 1 0 5.492583 -0.165425 -8.520576 -0.183105 1.068115 0.244141 0.30 0.30 3.1 1.6 0.478 0.076 34 44 0.2856 0.3976 0.7224 0.0154 0.0001 0.020938 -0.564736 -1.2495 0 1.5211 0  -8 14 -8 -38 -4 7 -5 -29  1 0 0 0 0 0 0 1.188 0.263 11.47 110 370 0.000 0.055 0.0000 nan  nan 0.000000 0.300000 
0.055 2 1 0 5.348735 -0.119873 -8.721963 -0.030518 1.098633 0.122070 0.30 0.30 3.1 2.0 0.456 0.026 35 45 0.2856 0.3586 0.4711 0.0156 0.0001 0.023556 -0.564752 -1.2495 0 1.5211 0  22 12 -11 -8 1 0 13 -34  1 0 0 0 0 0 0 1.175 0.262 11.46 110 370 0.000 0.056 0.0000 0.0000  nan 0.000000 0.300000 
0.056 2 1 0 5.756303 0.352427 -8.743540 -0.030518 1.495361 0.274658 0.30 0.30 3.1 1.8 0.581 -0.032 35 46 0.2876 0.3753 0.5653 0.0160 0.0002 0.023556 -0.564776 -1.2495 0 1.5211 0  9 21 16 8 -4 12 -26 -17  1 0 0 0 0 0 0 1.184 0.262 11.47 110 370 0.000 0.057 0.0000 0.0000  nan 0.000000 0.300000 
0.057 2 1 0 5.439839 0.141450 -8.558935 -0.274658 1.464844 0.213623 0.30 0.30 3.0 1.6 0.585 -0.030 36 46 0.2957 0.3935 0.6308 0.0164 0.0002 0.023556 -0.564811 -1.2495 0 1.5211 0  -15 9 -1 27 14 19 13 -5  1 0 0 0 0 0 0 1.197 0.262 11.47 110 360 0.000 0.058 0.0000 nan  nan 0.000000 0.300000 
0.058 2 1 0 5.631636 -0.079116 -8.470229 -0.122070 1.251221 0.061035 0.30 0.30 3.1 1.6 0.573 -0.059 37 47 0.2856 0.3935 0.6962 0.0166 0.0002 0.026173 -0.564846 -1.2495 0 1.5211 0  -21 -32 0 -6 11 29 22 -16  1 0 0 0 0 0 0 1.203 0.265 11.47 100 370 0.000 0.059 0.0000 nan 0.000000 0.000000 0.300000 
0.059 2 1 0 5.490185 -0.098296 -8.494204 0.152588 1.068115 0.061035 0.30 0.30 3.1 2.1 0.671 0.060 37 48 0.2795 0.3465 0.4319 0.0170 0.0002 0.026173 -0.564882 -1.2495 0 1.5211 0  -28 -9 1 11 27 22 37 5  1 0 0 0 0 0 0 1.205 0.265 11.47 110 360 0.000 0.060 0.0000 0.0000 0.000000 0.000000 0.300000 
0.060 2 1 0 5.514160 0.115078 -8.465434 0.213623 0.915527 0.213623 0.30 0.30 2.8 1.7 0.548 -0.029 38 49 0.3120 0.3789 0.4319 0.0174 0.0002 0.026173 -0.564910 -1.2495 0 1.5211 0  4 -20 -6 -2 -10 -1 17 11  1 0 0 0 0 0 0 1.214 0.265 11.47 110 360 0.000 0.061 0.0000 0.0000 0.000000 0.000000 0.300000 
0.061 2 1 0 5.794663 0.067129 -8.530166 0.061035 1.007080 0.183105 0.30 0.30 3.1 1.7 0.476 0.165 39 50 0.2836 0.3862 0.6622 0.0178 0.0002 0.026173 -0.564949 -1.2495 0 1.5211 0  12 -13 -18 -53 -36 -25 -20 -4  1 0 0 0 0 0 0 1.216 0.266 11.47 110 360 0.000 0.062 0.0000 nan 0.000000 0.000000 0.300000 
0.062 2 1 0 5.569302 -0.117476 -8.539756 0.091553 0.915527 0.183105 0.30 0.30 3.1 1.5 0.494 -0.037 40 51 0.2836 0.3976 0.7355 0.0181 0.0002 0.028790 -0.564988 -1.2495 0 1.5211 0  3 6 -1 0 -36 -17 -36 -15  1 0 0 0 0 0 0 1.216 0.267 11.47 110 370 0.000 0.063 0.0000 -335059484188721329115844798647608803328.0000 0.000000 0.000000 0.300000 
0.063 2 1 0 5.557314 -0.158232 -8.578115 0.244141 0.732422 0.152588 0.30 0.30 2.8 1.9 0.500 -0.093 40 52 0.3095 0.3586 0.3167 0.0185 0.0002 0.028790 -0.565014 -1.2495 0 1.5211 0  -19 -27 -2 -21 -36 -15 -43 -44  1 0 0 0 0 0 0 1.212 0.267 11.48 100 360 0.000 0.064 0.0000 0.0000 0.000000 0.000000 0.300000 
0.064 2 1 0 5.595674 0.023975 -8.508589 0.152588 0.732422 0.152588 0.30 0.30 3.0 1.7 0.486 0.081 41 53 0.2917 0.3753 0.5392 0.0189 0.0002 0.028790 -0.565040 -1.2495 0 1.5211 0  -7 3 2 -10 -14 -22 17 -4  1 0 0 0 0 0 0 1.214 0.266 11.48 110 370 0.000 0.065 0.0000 0.0000  nan 0.000000 0.300000 
0.065 2 1 0 5.485391 0.035962 -8.558935 -0.030518 0.701904 0.152588 0.30 0.30 2.9 1.8 0.485 0.054 42 54 0.3071 0.3688 0.3978 0.0193 0.0002 0.028790 -0.565063 -1.2495 0 1.5211 0  -1 8 -6 -17 -30 5 21 -14  1 0 0 0 0 0 0 1.207 0.266 11.47 110 370 0.000 0.066 0.0000 nan  nan 0.000000 0.300000 
0.066 2 1 0 5.442236 -0.076719 -8.544551 -0.091553 0.579834 0.183105 0.30 0.30 2.9 1.5 0.504 -0.010 43 55 0.3071 0.3976 0.5837 0.0195 0.0003 0.031408 -0.565077 -1.2495 0 1.5211 0  8 17 2 -25 -7 10 5 8  1 0 0 0 0 0 0 1.212 0.266 11.48 110 380 0.000 0.067 0.0000 nan  nan 0.000000 0.300000 
0.067 2 1 0 5.545327 -0.110283 -8.654834 -0.030518 0.549316 0.152588 0.30 0.30 3.0 1.5 0.337 -0.121 43 56 0.2897 0.3976 0.6962 0.0199 0.0003 0.031408 -0.565091 -1.2495 0 1.5211 0  7 -5 -15 -29 -12 -17 13 -11  1 0 0 0 0 0 0 1.216 0.267 11.47 110 370 0.000 0.068 0.0000 nan  nan 0.000000 0.300000 
0.068 2 1 0 5.523750 -0.038359 -8.446255 -0.091553 0.488281 0.122070 0.30 0.30 3.0 1.6 0.401 0.050 44 57 0.2937 0.3826 0.5732 0.0201 0.0003 0.028790 -0.565109 -1.2495 0 1.5211 0  -8 -4 -33 -44 -13 5 15 -10  1 0 0 0 0 0 0 1.210 0.267 11.48 110 370 0.000 0.069 0.0000 nan 0.000000 0.000000 0.300000 
0.069 2 1 0 5.674790 -0.107886 -8.309599 0.183105 0.366211 0.091553 0.30 0.30 3.1 1.7 0.413 0.053 45 58 0.2815 0.3753 0.6046 0.0203 0.0003 0.031408 -0.565141 -1.2495 0 1.5211 0  -6 11 -37 -41 -13 10 21 -5  1 0 0 0 0 0 0 1.205 0.267 11.48 110 370 0.000 0.070 0.0000 nan 0.000000 0.000000 0.300000 
0.070 2 1 0 5.502172 -0.134258 -8.424678 0.274658 0.244141 0.091553 0.30 0.30 3.2 1.6 0.444 0.122 45 59 0.2775 0.3826 0.6779 0.0207 0.0003 0.031408 -0.565170 -1.2495 0 1.5211 0  -6 -32 -47 -26 -9 -8 14 -2  1 0 0 0 0 0 0 1.203 0.267 11.47 110 370 0.000 0.071 0.0000 0.0000 0.000000 0.000000 0.300000 
0.071 2 1 0 5.677187 0.091104 -8.503794 0.183105 0.213623 0.244141 0.30 0.30 2.8 1.5 0.424 -0.016 46 59 0.3120 0.3899 0.5025 0.0211 0.0003 0.031408 -0.565192 -1.2495 0 1.5211 0  -6 -1 -14 -36 -6 11 32 13  1 0 0 0 0 0 0 1.203 0.267 11.47 110 360 0.000 0.072 0.0000 nan 0.000000 0.000000 0.300000 
0.072 2 1 0 5.562109 -0.047949 -8.467832 0.061035 0.091553 0.244141 0.30 0.30 3.2 1.9 0.472 0.129 47 60 0.2759 0.3525 0.4947 0.0215 0.0003 0.031408 -0.565214 -1.2495 0 1.5211 0  -21 -1 -19 -17 -3 3 38 39  1 0 0 0 0 0 0 1.197 0.266 11.47 110 370 0.000 0.073 0.0000 nan 0.000000 0.000000 0.300000 
0.073 2 1 0 5.571699 -0.079116 -8.642846 0.030518 -0.122070 0.091553 0.30 0.30 3.2 1.7 0.581 0.070 48 61 0.2759 0.3651 0.5758 0.0217 0.0003 0.034025 -0.565226 -1.2495 0 1.5211 0  -2 -6 1 7 18 31 5 18  1 0 0 0 0 0 0 1.205 0.265 11.47 110 370 0.000 0.074 0.0000 0.0000 0.000000 0.000000 0.300000 
0.074 2 1 0 5.648418 0.050347 -8.678808 0.000000 -0.152588 0.183105 0.30 0.30 3.1 1.8 0.569 0.171 48 62 0.2836 0.3586 0.4842 0.0221 0.0003 0.034025 -0.565233 -1.2495 0 1.5211 0  -13 -46 -17 -10 -21 11 -11 -2  1 0 0 0 0 0 0 2.268 0.265 11.47 100 360 0.000 0.075 0.0000 0.0000  nan 0.000000 0.300000 
0.075 2 1 0 5.427851 0.119873 -8.395908 -0.030518 -0.244141 0.244141 0.30 0.30 3.1 1.5 0.666 0.110 49 63 0.2815 0.3862 0.6753 0.0225 0.0003 0.034025 -0.565240 -1.2495 0 1.5211 0  -19 -10 -19 -64 -27 1 -16 -11  1 0 0 0 0 0 0 2.923 0.265 11.47 110 360 0.000 0.076 0.0000 nan  nan 0.000000 0.300000 
0.076 2 1 0 5.636430 -0.141450 -8.314394 -0.061035 -0.335693 0.183105 0.30 0.30 3.1 1.7 0.563 0.019 50 64 0.2815 0.3688 0.5627 0.0229 0.0004 0.034025 -0.565254 -1.2495 0 1.5211 0  24 6 -6 13 -21 -4 8 -14  1 0 0 0 0 0 0 3.092 0.266 11.47 110 370 0.000 0.077 0.0000 nan  nan 0.000000 0.300000 
0.077 2 1 0 5.622046 -0.043154 -8.379126 -0.061035 -0.488281 0.244141 0.30 0.30 2.9 1.7 0.553 -0.078 50 65 0.3026 0.3688 0.4266 0.0231 0.0004 0.036642 -0.565275 -1.2495 0 1.5211 0  4 20 11 -26 5 -2 -12 -37  1 0 0 0 0 0 0 3.207 0.267 11.47 110 370 0.000 0.078 0.0000 0.0000  nan 0.000000 0.300000 
0.078 2 1 0 5.749111 0.098296 -8.460639 -0.152588 -0.396729 0.335693 0.30 0.30 3.1 1.9 0.427 0.064 51 66 0.2876 0.3436 0.3612 0.0235 0.0004 0.036642 -0.565296 -1.2495 0 1.5211 0  17 -11 21 13 12 -1 -6 -13  1 0 0 0 0 0 0 3.192 0.267 11.47 110 360 0.000 0.079 0.0000 nan  nan 0.000000 0.300000 
0.079 2 1 0 5.300786 -0.129463 -8.419883 -0.122070 -0.610352 0.061035 0.30 0.30 3.1 1.5 0.578 0.025 52 67 0.2876 0.3826 0.6124 0.0239 0.0004 0.036642 -0.565301 -1.2495 0 1.5211 0  -12 17 1 16 25 32 25 -23  1 0 0 0 0 0 0 3.252 0.268 11.47 110 370 0.000 0.080 0.0000 0.0000 0.000000 0.000000 0.300000 
0.080 2 1 0 5.648418 0.122271 -8.522973 0.000000 -0.732422 0.091553 0.30 0.30 3.1 1.5 0.494 0.085 52 68 0.2876 0.3826 0.6124 0.0239 0.0004 0.036642 -0.565298 -1.2495 0 1.5211 0  -1 -5 -5 -5 7 23 16 30  1 0 0 0 0 0 0 3.236 0.268 11.47 110 360 0.000 0.081 0.0000 0.0000 0.000000 0.000000 0.300000 
0.081 2 1 0 5.681982 0.175015 -8.443857 0.030518 -0.762939 0.213623 0.30 0.30 3.2 1.8 0.470 0.097 53 68 0.2722 0.3525 0.5182 0.0243 0.0004 0.036642 -0.565308 -1.2495 0 1.5211 0  -42 -35 -5 2 0 36 64 6  1 0 0 0 0 0 0 3.177 0.267 11.48 100 360 0.000 0.082 0.0000 -297836881565546125127090019931491663872.0000 0.000000 0.000000 0.300000 
0.082 2 1 0 5.307978 -0.191797 -8.542153 0.122070 -0.976562 0.122070 0.30 0.30 3.0 1.7 0.511 0.029 54 69 0.2917 0.3586 0.4319 0.0247 0.0004 0.036642 -0.565302 -1.2495 0 1.5211 0  -17 7 -20 -15 -3 39 52 23  1 0 0 0 0 0 0 3.282 0.268 11.47 110 370 0.000 0.083 0.0000 nan 0.000000 0.000000 0.300000 
0.083 2 1 0 5.602866 -0.107886 -8.616474 0.305176 -1.007080 0.152588 0.30 0.30 3.0 1.9 0.531 0.002 55 70 0.2917 0.3465 0.3533 0.0249 0.0004 0.039259 -0.565286 -1.2495 0 1.5211 0  -13 6 -10 15 2 43 20 39  1 0 0 0 0 0 0 3.106 0.267 11.47 110 370 0.000 0.084 0.0000 0.0000 0.000000 0.000000 0.300000 
0.084 2 1 0 5.614853 0.179810 -8.669218 0.061035 -0.946045 0.061035 0.30 0.30 3.2 1.5 0.706 0.017 55 71 0.2702 0.3789 0.7014 0.0253 0.0005 0.039259 -0.565279 -1.2495 0 1.5211 0  5 6 -14 -28 3 30 44 -7  1 0 0 0 0 0 0 3.038 0.264 11.47 110 360 0.000 0.085 0.0000 0.0000 0.000000 0.000000 0.300000 
0.085 2 1 0 5.571699 0.014385 -8.515781 0.030518 -0.976562 0.000000 0.30 0.30 3.1 1.6 0.749 -0.125 56 72 0.2815 0.3651 0.5392 0.0258 0.0005 0.039259 -0.565274 -1.2495 0 1.5211 0  13 -15 11 9 29 26 14 -4  1 0 0 0 0 0 0 3.106 0.263 11.46 100 360 0.000 0.086 0.0000 -234039373453643941875380898901379776512.0000 0.000000 0.000000 0.300000 
0.086 2 1 0 5.629238 -0.249336 -8.465434 0.152588 -1.007080 0.061035 0.30 0.30 3.1 1.7 0.716 -0.180 57 73 0.2815 0.3586 0.4973 0.0260 0.0005 0.041877 -0.565274 -1.2495 0 1.5211 0  13 19 15 26 40 41 35 7  1 0 0 0 0 0 0 3.120 0.263 11.47 110 370 0.000 0.087 0.0000 0.0000 0.000000 0.000000 0.300000 
0.087 2 1 0 5.713149 0.007192 -8.520576 0.213623 -1.007080 0.305176 0.30 0.30 3.2 1.9 0.692 0.046 57 74 0.2775 0.3408 0.4083 0.0264 0.0005 0.041877 -0.565280 -1.2495 0 1.5211 0  -14 -7 -2 8 12 25 5 0  1 0 0 0 0 0 0 3.282 0.265 11.47 110 360 0.000 0.088 0.0000 0.0000 0.000000 0.000000 0.300000 
0.088 2 1 0 5.408672 0.028770 -8.532563 0.183105 -1.251221 0.183105 0.30 0.30 2.9 1.9 0.709 -0.119 58 75 0.3026 0.3408 0.2460 0.0266 0.0005 0.039259 -0.565273 -1.2495 0 1.5211 0  10 -10 4 36 31 36 36 8  1 0 0 0 0 0 0 3.298 0.268 11.47 110 370 0.000 0.089 0.0000 nan 0.000000 0.000000 0.300000 
0.089 2 1 0 5.626841 -0.050347 -8.522973 0.122070 -1.312256 0.061035 0.30 0.30 3.1 1.6 0.712 -0.006 59 76 0.2815 0.3688 0.5627 0.0270 0.0005 0.039259 -0.565260 -1.2495 0 1.5211 0  -1 2 6 17 33 10 -5 3  1 0 0 0 0 0 0 3.298 0.270 11.47 110 370 0.000 0.090 0.0000 0.0000  nan 0.000000 0.300000 
0.090 2 1 0 5.646020 0.146245 -8.518178 -0.061035 -1.434326 0.213623 0.30 0.30 3.1 1.7 0.656 -0.155 59 76 0.2815 0.3558 0.4790 0.0272 0.0005 0.041877 -0.565255 -1.2495 0 1.5211 0  0 -4 24 22 25 24 0 5  1 0 0 0 0 0 0 3.330 0.270 11.47 110 370 0.000 0.091 0.0000 0.0000  nan 0.000000 0.300000 
0.091 2 1 0 5.485391 0.004795 -8.484614 -0.061035 -1.525879 0.335693 0.30 0.30 3.2 1.8 0.605 -0.126 60 77 0.2759 0.3465 0.4554 0.0276 0.0005 0.041877 -0.565244 -1.2495 0 1.5211 0  -3 -7 26 27 16 27 28 -1  1 0 0 0 0 0 0 3.330 0.269 11.46 110 360 0.000 0.092 0.0000 nan 0.000000 0.000000 0.300000 
0.092 2 1 0 5.444633 -0.141450 -8.518178 0.091553 -1.525879 0.183105 0.30 0.30 3.3 2.0 0.624 -0.002 61 78 0.2665 0.3270 0.3900 0.0280 0.0006 0.041877 -0.565223 -1.2495 0 1.5211 0  4 -23 22 16 10 12 -11 -5  1 0 0 0 0 0 0 3.163 0.269 11.47 100 360 0.000 0.093 0.0000 0.0000 0.000000 0.000000 0.300000 
0.093 2 1 0 5.749111 0.057539 -8.695591 0.091553 -1.556396 0.152588 0.30 0.30 3.3 1.6 0.648 0.077 61 79 0.2665 0.3651 0.6360 0.0282 0.0006 0.044494 -0.565207 -1.2495 0 1.5211 0  20 45 20 22 23 24 26 2  1 0 0 0 0 0 0 2.973 0.269 11.47 110 370 0.000 0.094 0.0000 0.0000 0.000000 0.000000 0.300000 
0.094 2 1 0 5.478198 0.040757 -8.769912 0.061035 -1.617432 0.122070 0.30 0.30 3.2 1.8 0.667 0.041 62 80 0.2759 0.3465 0.4554 0.0286 0.0006 0.044494 -0.565186 -1.2495 0 1.5211 0  15 31 24 23 10 13 -6 -4  1 0 0 0 0 0 0 2.886 0.269 11.47 110 360 0.000 0.095 0.0000 nan 0.000000 0.000000 0.300000 
0.095 2 1 0 5.463813 -0.131860 -8.674013 0.091553 -1.556396 0.061035 0.30 0.30 3.3 1.8 0.783 0.037 63 81 0.2633 0.3465 0.5365 0.0288 0.0006 0.041877 -0.565153 -1.2495 0 1.5211 0  10 30 21 -13 14 10 31 -14  1 0 0 0 0 0 0 2.874 0.270 11.47 100 370 0.000 0.096 0.0000 nan 0.000000 0.000000 0.300000 
0.096 2 1 0 5.478198 -0.136655 -8.592500 0.366211 -1.678467 0.000000 0.30 0.30 3.3 1.8 0.762 -0.139 63 82 0.2633 0.3465 0.5365 0.0290 0.0006 0.044494 -0.565124 -1.2495 0 1.5211 0  46 19 28 23 7 2 27 -16  1 0 0 0 0 0 0 2.839 0.270 11.46 110 370 0.000 0.097 0.0000 nan 0.000000  nan 0.300000 
0.097 2 1 0 5.351133 -0.031167 -8.597295 0.488281 -1.770020 -0.030518 0.30 0.30 3.2 1.8 0.749 -0.087 64 82 0.2722 0.3379 0.4240 0.0294 0.0006 0.044494 -0.565091 -1.2495 0 1.5211 0  47 20 22 8 6 -4 17 -23  1 0 0 0 0 0 0 2.874 0.270 11.46 110 360 0.000 0.098 0.0000 0.0000 0.000000 0.000000 0.300000 
0.098 2 1 0 5.658008 0.091104 -8.645244 0.274658 -1.556396 0.030518 0.30 0.30 3.3 1.6 0.736 0.024 65 83 0.2633 0.3651 0.6569 0.0298 0.0006 0.044494 -0.565065 -1.2495 0 1.5211 0  37 17 19 20 5 22 -12 -2  1 0 0 0 0 0 0 2.886 0.270 11.47 110 370 0.000 0.099 0.0000 0.0000 0.000000 0.000000 0.300000 
0.099 2 1 0 5.667597 0.028770 -8.654834 0.274658 -1.495361 0.061035 0.30 0.30 3.3 1.8 0.680 0.112 65 84 0.2633 0.3436 0.5182 0.0300 0.0007 0.047111 -0.565053 -1.2495 0 1.5211 0  16 12 1 15 -8 -2 15 -16  1 0 0 0 0 0 0 2.862 0.270 11.46 110 370 0.000 0.100 0.0000 nan 0.000000 0.000000 0.300000 
0.100 2 1 0 5.456621 -0.052744 -8.755527 0.274658 -1.739502 0.183105 0.30 0.30 3.2 1.7 0.712 0.006 66 85 0.2759 0.3465 0.4554 0.0304 0.0007 0.047111 -0.565029 -1.2495 0 1.5211 0  38 32 1 7 -2 9 27 1  1 0 0 0 0 0 0 2.827 0.270 11.46 110 370 0.000 0.101 0.0000 0.0000 0.000000 0.000000 0.300000 
0.101 2 1 0 5.715547 0.023975 -8.760322 0.152588 -1.495361 0.244141 0.30 0.30 3.4 1.9 0.552 0.212 67 86 0.2564 0.3351 0.5078 0.0308 0.0007 0.047111 -0.565003 -1.2495 0 1.5211 0  8 13 0 11 -5 14 29 5  1 0 0 0 0 0 0 2.770 0.268 11.46 110 370 0.000 0.102 0.0000 0.0000 0.000000 0.000000 0.300000 
0.102 2 1 0 5.360723 0.009590 -8.733950 0.030518 -1.586914 0.244141 0.30 0.30 3.4 1.8 0.611 0.165 67 87 0.2564 0.3351 0.5078 0.0308 0.0007 0.047111 -0.564975 -1.2495 0 1.5211 0  20 -16 -15 2 2 -7 20 -20  1 0 0 0 0 0 0 2.804 0.268 11.45 110 360 0.000 0.103 0.0000 0.0000  nan 0.000000 0.300000 
0.103 2 1 0 5.564507 0.086309 -8.839438 -0.030518 -1.586914 0.335693 0.30 0.30 3.4 1.5 0.650 -0.025 68 88 0.2487 0.3651 0.7512 0.0312 0.0007 0.047111 -0.564939 -1.2495 0 1.5211 0  40 8 -15 -5 7 1 35 1  1 0 0 0 0 0 0 2.815 0.268 11.45 110 370 0.000 0.104 0.0000 nan  nan 0.000000 0.300000 
0.104 2 1 0 5.564507 -0.098296 -8.791489 -0.061035 -1.739502 0.244141 0.30 0.30 3.4 1.6 0.736 -0.061 68 88 0.2487 0.3586 0.7093 0.0314 0.0007 0.049729 -0.564908 -1.2495 0 1.5211 0  26 9 2 -15 -33 -25 10 -27  1 0 0 0 0 0 0 2.862 0.269 11.45 110 370 0.000 0.105 0.0000 nan 0.000000 0.000000 0.300000 
0.105 2 1 0 5.530942 -0.115078 -8.772309 0.000000 -1.525879 0.213623 0.30 0.30 3.6 1.6 0.789 0.013 69 89 0.2329 0.3525 0.7721 0.0318 0.0007 0.049729 -0.564878 -1.2495 0 1.5211 0  45 11 9 8 -14 -34 -11 -34  1 0 0 0 0 0 0 2.923 0.269 11.46 110 360 0.000 0.106 0.0000 0.0000 0.000000 0.000000 0.300000 
0.106 2 1 0 5.679585 0.007192 -8.719565 0.030518 -1.281738 0.305176 0.30 0.30 3.4 1.7 0.724 0.193 70 90 0.2536 0.3436 0.5810 0.0322 0.0008 0.049729 -0.564858 -1.2495 0 1.5211 0  2 34 11 4 8 -2 8 -14  1 0 0 0 0 0 0 2.910 0.271 11.45 110 370 0.000 0.107 0.0000 nan 0.000000 0.000000 0.300000 
0.107 2 1 0 5.459018 -0.079116 -8.695591 0.030518 -1.312256 0.274658 0.30 0.30 3.4 1.5 0.661 -0.061 70 91 0.2536 0.3651 0.7198 0.0324 0.0008 0.052346 -0.564840 -1.2495 0 1.5211 0  8 -2 1 10 -18 11 -22 -17  1 0 0 0 0 0 0 2.886 0.272 11.46 110 370 0.000 0.108 0.0000 nan 0.000000 0.000000 0.300000 
0.108 2 1 0 5.391890 -0.095898 -8.837041 0.061035 -1.342773 0.091553 0.30 0.30 3.6 1.8 0.750 -0.121 71 92 0.2304 0.3323 0.6569 0.0328 0.0008 0.052346 -0.564806 -1.2495 0 1.5211 0  29 -3 -4 11 14 19 12 -16  1 0 0 0 0 0 0 2.910 0.272 11.46 110 360 0.000 0.109 0.0000 0.0000 0.000000 0.000000 0.300000 
0.109 2 1 0 5.509365 0.055142 -8.868208 0.030518 -1.251221 0.061035 0.30 0.30 3.6 1.7 0.698 -0.011 71 93 0.2304 0.3465 0.7485 0.0330 0.0008 0.054963 -0.564771 -1.2495 0 1.5211 0  -7 -7 -18 -1 -17 12 40 26  1 0 0 0 0 0 0 2.839 0.272 11.46 110 370 0.000 0.110 0.0000 0.0000  nan 0.000000 0.300000 
0.110 2 1 0 5.552519 0.035962 -8.772309 -0.061035 -1.251221 0.244141 0.30 0.30 3.5 1.7 0.725 0.190 72 94 0.2385 0.3465 0.6962 0.0333 0.0008 0.052346 -0.564744 -1.2495 0 1.5211 0  -15 12 6 9 -2 14 22 29  1 0 0 0 0 0 0 2.839 0.273 11.45 110 370 0.000 0.111 0.0000 nan  nan 0.000000 0.300000 
0.111 2 1 0 5.427851 -0.110283 -8.793886 -0.183105 -1.220703 0.305176 0.30 0.30 3.5 1.4 0.762 0.143 73 95 0.2385 0.3753 0.8820 0.0335 0.0008 0.054963 -0.564716 -1.2495 0 1.5211 0  -1 5 -16 -4 -16 -9 6 0  1 0 0 0 0 0 0 2.827 0.274 11.44 110 370 0.000 0.112 0.0000 nan  nan 0.000000 0.300000 
0.112 2 1 0 5.461416 -0.055142 -8.827451 -0.122070 -1.220703 0.305176 0.30 0.30 3.6 1.5 0.744 0.141 73 95 0.2345 0.3651 0.8428 0.0339 0.0008 0.054963 -0.564684 -1.2495 0 1.5211 0  4 -10 -8 -8 -15 -4 27 0  1 0 0 0 0 0 0 3.120 0.270 11.45 110 360 0.000 0.113 0.0000 0.0000  nan 0.000000 0.300000 
0.113 2 1 0 5.569302 0.038359 -8.849028 -0.122070 -1.007080 0.244141 0.30 0.30 3.5 1.9 0.870 0.089 74 96 0.2442 0.3217 0.4999 0.0343 0.0009 0.054963 -0.564658 -1.2495 0 1.5211 0  14 15 7 -19 8 -2 19 6  1 0 0 0 0 0 0 3.120 0.269 11.46 110 360 0.000 0.114 0.0000 0.0000 0.000000 0.000000 0.300000 
0.114 2 1 0 5.461416 0.023975 -8.825053 0.000000 -0.946045 0.152588 0.30 0.30 3.5 1.7 0.850 -0.086 74 97 0.2442 0.3465 0.6596 0.0345 0.0009 0.057580 -0.564634 -1.2495 0 1.5211 0  15 -5 11 3 -11 -8 4 -19  1 0 0 0 0 0 0 2.429 0.268 11.46 100 360 0.000 0.115 0.0000 0.0000 0.000000 0.000000 0.300000 
0.115 2 1 0 5.506968 0.062334 -8.798681 0.122070 -0.854492 0.305176 0.30 0.30 3.6 1.6 0.870 0.109 75 98 0.2345 0.3558 0.7826 0.0349 0.0009 0.057580 -0.564610 -1.2495 0 1.5211 0  -11 9 24 16 23 9 -4 2  1 0 0 0 0 0 0 2.307 0.268 11.46 110 370 0.000 0.116 0.0000 nan 0.000000 0.000000 0.300000 
0.116 2 1 0 5.459018 -0.117476 -8.918554 0.244141 -1.037598 0.244141 0.30 0.30 3.6 1.5 0.785 0.145 76 99 0.2345 0.3651 0.8428 0.0351 0.0009 0.060198 -0.564583 -1.2495 0 1.5211 0  -30 -6 -14 9 20 23 36 9  1 0 0 0 0 0 0 2.314 0.271 11.46 110 370 0.000 0.117 0.0000 nan 0.000000 0.000000 0.300000 
0.117 2 1 0 5.497378 -0.057539 -8.894580 0.000000 -1.007080 0.274658 0.30 0.30 3.4 1.5 0.667 0.077 76 100 0.2519 0.3558 0.6700 0.0353 0.0009 0.057580 -0.564552 -1.2495 0 1.5211 0  -36 -14 -18 -5 -3 27 24 22  1 0 0 0 0 0 0 2.307 0.272 11.46 110 370 0.000 0.118 0.0000 0.0000  nan 0.000000 0.300000 
0.118 2 1 0 5.497378 0.047949 -8.753130 -0.030518 -0.976562 0.396729 0.30 0.30 3.8 1.8 0.648 -0.022 77 101 0.2179 0.3298 0.7224 0.0357 0.0009 0.057580 -0.564528 -1.2495 0 1.5211 0  -6 -22 -13 -31 -2 -5 27 24  1 0 0 0 0 0 0 2.330 0.272 11.46 110 370 0.000 0.119 0.0000 0.0000 0.000000 0.000000 0.300000 
0.119 2 1 0 5.583686 0.026372 -8.731552 0.061035 -0.854492 0.396729 0.30 0.30 3.8 1.7 0.683 0.055 77 101 0.2179 0.3436 0.8114 0.0359 0.0010 0.060198 -0.564512 -1.2495 0 1.5211 0  -4 9 1 -43 -20 -5 17 26  1 0 0 0 0 0 0 2.330 0.272 11.46 110 370 0.000 0.120 0.0000 -144930797360237522248174436679407370240.0000 0.000000 0.000000 0.300000 
0.120 2 1 0 5.312773 -0.352427 -8.971298 0.152588 -0.854492 0.122070 0.30 0.30 3.8 1.6 0.767 0.177 78 102 0.2166 0.3436 0.8192 0.0363 0.0010 0.060198 -0.564484 -1.2495 0 1.5211 0  -1 -7 -12 11 -19 -14 -23 -5  1 0 0 0 0 0 0 2.346 0.272 11.46 110 360 0.000 0.121 0.0000 0.0000  nan 0.000000 0.300000 
0.121 2 1 0 5.715547 0.021577 -8.925747 -0.091553 -0.457764 0.183105 0.30 0.30 3.8 1.4 0.721 0.095 78 103 0.2166 0.3651 0.9579 0.0365 0.0010 0.062815 -0.564461 -1.2495 0 1.5211 0  -23 4 -4 3 0 0 -31 2  1 0 0 0 0 0 0 2.395 0.272 11.45 110 370 0.000 0.122 0.0000 0.0000  nan 0.000000 0.300000 
0.122 2 1 0 5.569302 0.203784 -8.798681 -0.274658 -0.457764 0.305176 0.30 0.30 3.7 1.4 0.779 0.185 79 104 0.2203 0.3619 0.9134 0.0369 0.0010 0.062815 -0.564455 -1.2495 0 1.5211 0  -2 -18 -12 -8 -4 -1 11 26  1 0 0 0 0 0 0 2.395 0.273 11.46 100 360 0.000 0.123 0.0000 nan  nan 0.000000 0.300000 
0.123 2 1 0 5.288799 -0.019180 -8.882592 -0.152588 -0.518799 0.274658 0.30 0.30 3.7 1.6 0.772 0.036 79 105 0.2203 0.3465 0.8140 0.0371 0.0010 0.065432 -0.564433 -1.2495 0 1.5211 0  -4 -21 -27 -8 -7 -4 -8 18  1 0 0 0 0 0 0 2.370 0.273 11.46 100 370 0.000 0.124 0.0000 nan  nan 0.000000 0.300000 
0.124 2 1 0 5.480596 -0.064731 -8.964107 -0.091553 -0.549316 0.335693 0.30 0.30 3.4 1.6 0.797 0.011 80 106 0.2487 0.3465 0.6308 0.0375 0.0011 0.065432 -0.564402 -1.2495 0 1.5211 0  -19 8 -1 1 -5 -3 40 32  1 0 0 0 0 0 0 2.420 0.273 11.46 110 370 0.000 0.125 0.0000 0.0000  nan 0.000000 0.300000 
0.125 2 1 0 5.497378 0.076719 -8.899375 -0.152588 -0.335693 0.305176 0.30 0.30 3.5 1.5 0.773 -0.010 81 107 0.2414 0.3525 0.7171 0.0375 0.0011 0.065432 -0.564381 -1.2495 0 1.5211 0  -1 -24 0 -7 -4 -5 4 15  1 0 0 0 0 0 0 2.429 0.273 11.47 100 350 0.000 0.126 0.0000 0.0000  nan 0.000000 0.300000 
0.126 2 1 0 5.547724 0.038359 -8.745937 -0.335693 -0.335693 0.335693 0.30 0.30 3.6 1.5 0.681 0.105 81 107 0.2369 0.3586 0.7852 0.0379 0.0011 0.065432 -0.564370 -1.2495 0 1.5211 0  1 -1 9 3 1 -3 11 -5  1 0 0 0 0 0 0 2.420 0.273 11.47 100 360 0.000 0.127 0.0000 nan  nan 0.000000 0.300000 
0.127 2 1 0 5.684380 -0.151040 -8.748335 -0.091553 -0.152588 0.366211 0.30 0.30 3.5 1.8 0.772 -0.064 82 108 0.2426 0.3217 0.5104 0.0383 0.0011 0.065432 -0.564372 -1.2495 0 1.5211 0  -4 6 -2 -24 1 6 35 12  1 0 0 0 0 0 0 2.429 0.273 11.47 110 360 0.000 0.128 0.0000 nan  nan 0.000000 0.300000 
0.128 2 1 0 5.605264 -0.079116 -8.791489 -0.091553 0.000000 0.366211 0.30 0.30 3.5 1.7 0.552 -0.066 82 109 0.2426 0.3379 0.6151 0.0385 0.0011 0.068050 -0.564378 -1.2495 0 1.5211 0  0 7 -6 -14 3 2 11 -6  1 0 0 0 0 0 0 2.446 0.272 11.47 110 360 0.000 0.129 0.0000 0.0000  nan 0.000000 0.300000 
0.129 2 1 0 5.447031 0.009590 -8.810669 -0.091553 -0.030518 0.244141 0.30 0.30 3.5 1.7 0.548 0.021 83 110 0.2385 0.3298 0.5889 0.0389 0.0012 0.068050 -0.564374 -1.2495 0 1.5211 0  -1 1 4 -20 5 19 11 11  1 0 0 0 0 0 0 2.429 0.272 11.47 100 360 0.000 0.130 0.0000 nan  nan 0.000000 0.300000 
0.130 2 1 0 5.343940 -0.110283 -8.932940 -0.091553 -0.061035 0.244141 0.30 0.30 3.5 1.5 0.578 0.169 84 111 0.2385 0.3558 0.7564 0.0391 0.0012 0.070667 -0.564355 -1.2495 0 1.5211 0  7 -11 -7 -25 9 13 26 -10  1 0 0 0 0 0 0 2.437 0.251 11.46 110 370 0.000 0.131 0.0000 0.0000  nan 0.000000 0.300000 
0.131 2 1 0 5.571699 0.107886 -8.892182 -0.152588 0.152588 0.457764 0.30 0.30 3.6 1.5 0.726 0.087 84 112 0.2369 0.3558 0.7669 0.0393 0.0012 0.068050 -0.564341 -1.2495 0 1.5211 0  -3 -18 -16 -1 19 20 4 4  1 0 0 0 0 0 0 2.429 0.246 11.47 100 370 0.000 0.132 0.0000 -321765865591838329376558747526220480512.0000  nan 0.000000 0.300000 
0.132 2 1 0 5.478198 -0.170220 -8.923349 -0.030518 0.122070 0.366211 0.30 0.30 3.8 1.6 0.701 -0.058 85 112 0.2146 0.3408 0.8140 0.0395 0.0012 0.070667 -0.564335 -1.2495 0 1.5211 0  -24 -6 -17 -6 24 19 44 13  1 0 0 0 0 0 0 2.378 0.245 11.46 110 370 0.000 0.133 0.0000 nan 0.000000 0.000000 0.300000 
0.133 2 1 0 5.276811 -0.107886 -8.978491 0.000000 0.030518 0.396729 0.30 0.30 3.8 1.6 0.740 0.063 85 113 0.2122 0.3379 0.8114 0.0399 0.0012 0.070667 -0.564312 -1.2495 0 1.5211 0  -5 -4 -2 0 10 17 -2 -6  1 0 0 0 0 0 0 2.412 0.244 11.46 110 360 0.000 0.134 0.0000 0.0000  nan 0.000000 0.300000 
0.134 2 1 0 5.777881 0.239746 -8.865810 -0.213623 0.274658 0.518799 0.30 0.30 3.6 1.9 0.768 0.177 86 114 0.2369 0.3144 0.4999 0.0403 0.0013 0.070667 -0.564305 -1.2495 0 1.5211 0  -1 -16 5 17 17 19 6 14  1 0 0 0 0 0 0 2.403 0.244 11.46 100 360 0.000 0.135 0.0000 nan  nan 0.000000 0.300000 
0.135 2 1 0 5.269619 -0.079116 -8.772309 -0.061035 0.274658 0.335693 0.30 0.30 3.6 1.5 0.794 0.141 86 115 0.2369 0.3525 0.7459 0.0405 0.0013 0.073284 -0.564305 -1.2495 0 1.5211 0  -3 14 -8 -2 10 10 38 6  1 0 0 0 0 0 0 2.403 0.244 11.47 110 370 0.000 0.136 0.0000 -265936504916826741367601543636332838912.0000 0.000000 0.000000 0.300000 
0.136 2 1 0 5.372710 -0.220566 -8.861015 0.000000 0.457764 0.244141 0.30 0.30 3.8 1.6 0.816 0.193 87 116 0.2134 0.3351 0.7852 0.0407 0.0013 0.070667 -0.564290 -1.2495 0 1.5211 0  -5 -18 -2 12 15 1 2 -3  1 0 0 0 0 0 0 2.395 0.244 11.46 100 370 0.000 0.137 0.0000 0.0000  nan 0.000000 0.300000 
0.137 2 1 0 5.924126 0.222964 -8.853823 -0.244141 0.579834 0.396729 0.30 0.30 3.8 1.8 0.827 0.223 87 116 0.2134 0.3217 0.6988 0.0409 0.0013 0.073284 -0.564302 -1.2495 0 1.5211 0  -11 5 12 26 23 9 39 12  1 0 0 0 0 0 0 2.420 0.245 11.46 110 370 0.000 0.138 0.0000 0.0000  nan 0.000000 0.300000 
0.138 2 1 0 5.264824 0.023975 -8.690796 -0.427246 0.274658 0.396729 0.30 0.30 3.5 1.7 0.804 0.006 88 117 0.2398 0.3323 0.5967 0.0413 0.0013 0.073284 -0.564313 -1.2495 0 1.5211 0  -20 -5 21 9 -8 -5 31 14  1 0 0 0 0 0 0 2.429 0.246 11.46 100 360 0.000 0.139 0.0000 nan  nan 0.000000 0.300000 
0.139 2 1 0 5.511763 -0.081514 -8.784297 -0.335693 0.335693 0.579834 0.30 0.30 3.5 1.8 0.760 0.224 89 118 0.2398 0.3168 0.4973 0.0416 0.0013 0.075902 -0.564306 -1.2495 0 1.5211 0  0 -10 26 -13 11 19 26 -12  1 0 0 0 0 0 0 2.420 0.246 11.47 110 370 0.000 0.140 0.0000 nan  nan 0.000000 0.300000 
0.140 2 1 0 5.655610 -0.052744 -8.961709 -0.305176 0.701904 0.549316 0.30 0.30 3.6 1.5 0.736 0.147 89 119 0.2288 0.3525 0.7983 0.0420 0.0014 0.075902 -0.564312 -1.2495 0 1.5211 0  12 36 33 7 29 12 10 -24  1 0 0 0 0 0 0 2.354 0.246 11.46 110 360 0.000 0.141 0.0000 0.0000  nan 0.000000 0.300000 
0.141 2 1 0 5.379902 0.028770 -9.064799 -0.427246 0.946045 0.488281 0.30 0.30 3.5 1.6 0.718 0.225 90 120 0.2426 0.3379 0.6151 0.0424 0.0014 0.075902 -0.564312 -1.2495 0 1.5211 0  2 9 20 -8 -16 -6 -18 -44  1 0 0 0 0 0 0 2.322 0.243 11.45 110 370 0.000 0.142 0.0000 0.0000  nan 0.000000 0.300000 
0.142 2 1 0 5.722739 0.163027 -9.052813 -0.549316 0.946045 0.366211 0.30 0.30 3.5 1.6 0.838 -0.094 90 121 0.2426 0.3379 0.6151 0.0424 0.0014 0.075902 -0.564314 -1.2495 0 1.5211 0  34 44 28 5 10 -13 1 -47  1 0 0 0 0 0 0 2.307 0.241 11.46 110 360 0.000 0.143 0.0000 nan  nan 0.000000 0.300000 
0.143 2 1 0 5.454224 -0.064731 -8.844234 -0.427246 0.762939 0.366211 0.30 0.30 3.6 1.6 0.827 0.015 91 121 0.2304 0.3323 0.6569 0.0428 0.0014 0.075902 -0.564322 -1.2495 0 1.5211 0  22 39 44 34 14 -13 -6 -39  1 0 0 0 0 0 0 2.299 0.241 11.46 100 360 0.000 0.144 0.0000 nan  nan 0.000000 0.300000 
0.144 2 1 0 5.358325 -0.148643 -8.755527 -0.366211 0.854492 0.488281 0.30 0.30 3.6 1.8 0.717 -0.202 91 122 0.2304 0.3193 0.5732 0.0430 0.0015 0.078519 -0.564323 -1.2495 0 1.5211 0  0 14 26 24 16 4 -11 -20  1 0 0 0 0 0 0 2.378 0.242 11.46 110 370 0.000 0.145 0.0000 nan  nan 0.000000 0.300000 
0.145 2 1 0 5.602866 -0.064731 -8.873003 -0.335693 1.098633 0.701904 0.30 0.30 3.7 1.5 0.727 -0.159 92 123 0.2239 0.3436 0.7721 0.0434 0.0015 0.078519 -0.564332 -1.2495 0 1.5211 0  -17 8 3 14 5 7 25 6  1 0 0 0 0 0 0 2.346 0.244 11.46 100 360 0.000 0.146 0.0000 0.0000  nan 0.000000 0.300000 
0.146 2 1 0 5.571699 0.043154 -8.801079 -0.488281 0.976562 0.762939 0.30 0.30 3.7 1.7 0.699 -0.012 93 124 0.2239 0.3270 0.6648 0.0436 0.0015 0.081136 -0.564350 -1.2495 0 1.5211 0  -20 -8 -7 5 7 -22 21 21  1 0 0 0 0 0 0 2.387 0.245 11.45 110 370 0.000 0.147 0.0000 nan  nan 0.000000 0.300000 
0.147 2 1 0 5.564507 -0.026372 -8.841836 -0.427246 1.037598 0.549316 0.30 0.30 3.8 1.7 0.690 0.009 93 125 0.2134 0.3270 0.7328 0.0438 0.0015 0.078519 -0.564366 -1.2495 0 1.5211 0  11 2 4 -3 -12 -6 -5 11  1 0 0 0 0 0 0 2.403 0.245 11.46 110 370 0.000 0.148 0.0000 -175550096453571059200345556688838852608.0000  nan 0.000000 0.300000 
0.148 2 1 0 5.437441 -0.302080 -8.892182 -0.213623 1.037598 0.457764 0.30 0.30 3.5 1.7 0.769 0.130 94 125 0.2398 0.3245 0.5470 0.0442 0.0015 0.078519 -0.564375 -1.2495 0 1.5211 0  17 12 3 -3 -33 -36 -11 6  1 0 0 0 0 0 0 2.395 0.245 11.46 110 370 0.000 0.149 0.0000 -332399040521010339506335637696422084608.0000  nan 0.000000 0.300000 
0.149 2 1 0 5.439839 -0.160630 -8.889785 -0.183105 1.251221 0.549316 0.30 0.30 3.5 1.9 0.766 -0.032 94 126 0.2398 0.3026 0.4057 0.0444 0.0016 0.081136 -0.564379 -1.2495 0 1.5211 0  16 -9 0 -33 -20 -46 -25 -27  1 0 0 0 0 0 0 2.403 0.245 11.46 110 370 0.000 0.150 0.0000 nan  nan 0.000000 0.300000 
0.150 2 1 0 5.593276 -0.023975 -8.863413 -0.396729 1.312256 0.488281 0.30 0.30 3.7 1.5 0.910 -0.011 95 127 0.2252 0.3408 0.7459 0.0448 0.0016 0.081136 -0.564393 -1.2495 0 1.5211 0  17 13 12 3 -35 -21 -21 -42  1 0 0 0 0 0 0 2.395 0.245 11.46 100 360 0.000 0.151 0.0000 nan  nan 0.000000 0.600000 
0.151 2 1 1 5.516557 -0.045552 -8.745937 -0.366211 1.281738 0.366211 0.60 0.60 5.0 5.0 0.804 -0.001 95 128 0.2252 0.3217 0.6229 0.0450 0.0016 0.083753 -0.564414 -1.2495 0 1.5211 0  -21 -9 1 -37 -37 -30 -37 -27  1 0 0 0 0 0 0 2.395 0.246 11.45 110 370 0.000 0.152 0.0000 -273912643623101175368500495993563774976.0000  nan 0.000000 0.600000 
0.152 2 1 1 5.418262 -0.213374 -8.832246 -0.274658 1.251221 0.244141 0.60 0.60 5.0 5.0 0.942 0.299 96 129 0.2369 0.3217 0.5470 0.0452 0.0016 0.081136 -0.564429 -1.2495 0 1.5211 0  13 -20 19 -18 -22 -12 -6 -5  1 0 0 0 0 0 0 2.403 0.246 11.44 100 370 0.000 0.153 0.0000 0.0000  nan 0.000000 0.600000 
0.153 2 1 1 5.588481 0.007192 -8.733950 -0.213623 1.434326 0.396729 0.60 0.60 5.0 5.0 0.991 0.485 97 129 0.2369 0.3270 0.5810 0.0454 0.0016 0.083753 -0.564447 -1.2495 0 1.5211 0  2 -9 2 -19 -5 4 -2 -1  1 0 0 0 0 0 0 1.720 0.246 11.41 110 370 0.000 0.154 0.0000 nan  nan 0.000000 0.600000 
0.154 2 1 1 5.540532 -0.038359 -8.638051 -0.213623 1.251221 0.366211 0.60 0.60 5.0 5.0 1.176 0.672 97 130 0.2458 0.3270 0.5235 0.0458 0.0017 0.083753 -0.564476 -1.2495 0 1.5211 0  20 4 9 -17 2 14 6 7  1 0 0 0 0 0 0 1.399 0.245 11.39 110 360 0.000 0.155 0.0000 nan  nan 0.000000 0.600000 
0.155 2 1 1 5.432646 -0.127065 -8.621269 -0.183105 1.220703 0.579834 0.60 0.60 5.0 5.0 1.139 0.699 98 131 0.2836 0.3826 0.6386 0.0462 0.0017 0.083753 -0.564499 -1.2495 0 1.5211 0  -7 2 13 -34 11 -3 33 -8  1 0 0 0 0 0 0 1.349 0.246 11.39 110 360 0.000 0.156 0.0000 nan  nan 0.000000 0.600000 
0.156 2 1 1 5.782676 -0.016782 -8.592500 -0.183105 1.220703 0.640869 0.60 0.60 5.0 5.0 1.040 0.830 99 132 0.2836 0.3899 0.6857 0.0466 0.0017 0.083753 -0.564533 -1.2495 0 1.5211 0  -7 -40 4 -10 -10 -19 -22 -13  1 0 0 0 0 0 0 1.335 0.246 11.40 100 360 0.000 0.157 0.0000 nan  nan 0.000000 0.600000 
0.157 2 1 1 5.518955 -0.014385 -8.510986 -0.427246 1.220703 0.457764 0.60 0.60 5.0 5.0 0.960 0.805 99 133 0.2836 0.4057 0.7878 0.0468 0.0018 0.086371 -0.564574 -1.2495 0 1.5211 0  3 3 12 9 12 6 36 -10  1 0 0 0 0 0 0 1.338 0.246 11.40 110 360 0.000 0.158 0.0000 0.0000  nan 0.000000 0.600000 
0.158 2 1 1 5.569302 0.002397 -8.642846 -0.274658 1.159668 0.274658 0.60 0.60 5.0 5.0 1.017 0.845 100 135 0.2957 0.4138 0.7616 0.0472 0.0018 0.086371 -0.564604 -1.2495 0 1.5211 0  -4 -7 6 -28 10 8 2 -11  1 0 0 0 0 0 0 1.319 0.246 11.38 110 370 0.000 0.159 0.0000 nan  nan 0.000000 0.600000 
0.159 2 1 1 5.418262 -0.055142 -8.731552 -0.518799 1.159668 0.579834 0.60 0.60 5.0 4.7 1.096 0.928 101 136 0.2982 0.4406 0.9187 0.0476 0.0018 0.086371 -0.564624 -1.2495 0 1.5211 0  -17 -9 4 -30 4 -6 30 -5  1 0 0 0 0 0 0 1.319 0.245 11.38 110 360 0.000 0.160 0.0000 0.0000  nan 0.000000 0.600000 
0.160 2 1 1 5.576494 0.115078 -8.796284 -0.579834 1.617432 0.579834 0.60 0.60 5.0 4.4 1.105 0.681 102 137 0.3408 0.4771 0.8794 0.0482 0.0019 0.088988 -0.564643 -1.2495 0 1.5211 0  -10 -30 2 0 4 -9 43 -5  1 0 0 0 0 0 0 1.312 0.244 11.39 110 370 0.000 0.161 0.0000 -91763401533657197724008189784552898560.0000  nan 0.000000 0.600000 
0.161 2 1 1 5.516557 -0.448325 -8.683603 -0.671387 1.342773 0.335693 0.60 0.60 5.0 4.3 1.223 0.726 103 138 0.3408 0.4884 0.9527 0.0484 0.0019 0.091605 -0.564670 -1.2495 0 1.5211 0  2 -15 -50 -24 -19 -9 8 2  1 0 0 0 0 0 0 1.272 0.243 11.39 100 370 0.000 0.162 0.0000 0.0000  nan 0.000000 0.600000 
0.162 2 1 1 5.418262 0.139053 -8.309599 -0.518799 0.854492 0.366211 0.60 0.60 5.0 4.0 1.198 0.581 104 140 0.3270 0.5132 1.2013 0.0488 0.0019 0.091605 -0.564696 -1.2495 0 1.5211 0  14 -8 -17 -30 -33 -10 25 -16  1 0 0 0 0 0 0 1.282 0.244 11.40 110 370 0.000 0.163 0.0000 0.0000  nan 0.000000 0.600000 
0.163 2 1 1 5.504570 0.321260 -8.532563 -0.732422 0.823975 0.427246 0.60 0.60 5.0 3.8 1.240 0.479 104 141 0.3619 0.5335 1.1071 0.0494 0.0020 0.094223 -0.564722 -1.2495 0 1.5211 0  7 -38 8 -23 -18 -25 -33 -4  1 0 0 0 0 0 0 1.286 0.245 11.41 110 370 0.000 0.164 0.0000 0.0000  nan 0.000000 0.600000 
0.164 2 1 1 5.646020 0.143848 -8.570923 -0.305176 0.885010 0.396729 0.60 0.60 5.0 3.5 1.226 0.419 105 142 0.3586 0.5631 1.3191 0.0498 0.0020 0.094223 -0.564750 -1.2495 0 1.5211 0  9 2 4 -32 2 -3 1 -27  1 0 0 0 0 0 0 1.286 0.245 11.41 110 360 0.000 0.165 0.0000 -166198303315928950652942382013133881344.0000  nan 0.000000 0.600000 
0.165 2 1 1 5.295991 -0.314067 -8.532563 -0.030518 1.129150 0.457764 0.60 0.60 5.0 3.4 1.223 0.261 106 144 0.3826 0.5793 1.2694 0.0502 0.0021 0.094223 -0.564771 -1.2495 0 1.5211 0  -13 0 13 17 0 11 29 -3  1 0 0 0 0 0 0 1.284 0.245 11.41 100 370 0.000 0.166 0.0000 0.0000 0.000000 0.000000 0.600000 
0.166 2 1 1 5.749111 0.115078 -8.896977 0.091553 1.861572 0.762939 0.60 0.60 5.0 3.6 0.960 0.365 107 145 0.3899 0.5554 1.0679 0.0508 0.0021 0.096840 -0.564797 -1.2495 0 1.5211 0  -36 -54 9 2 7 15 4 12  1 0 0 0 0 0 0 1.274 0.245 11.42 100 370 0.000 0.167 0.0000 0.0000  nan 0.000000 0.600000 
0.167 2 1 1 5.691572 0.035962 -8.861015 -0.244141 1.586914 0.213623 0.60 0.60 5.0 3.5 0.915 0.284 108 147 0.3899 0.5712 1.1699 0.0513 0.0022 0.096840 -0.564835 -1.2495 0 1.5211 0  -24 -20 -14 -12 -5 27 51 2  1 0 0 0 0 0 0 1.279 0.246 11.43 100 360 0.000 0.168 0.0000 0.0000  nan 0.000000 0.600000 
0.168 2 1 1 5.188105 0.091104 -8.664424 -0.457764 0.885010 0.122070 0.60 0.60 5.0 3.4 0.969 0.337 109 148 0.3935 0.5793 1.1987 0.0519 0.0022 0.099457 -0.564847 -1.2495 0 1.5211 0  -25 -15 -5 -4 -5 4 33 9  1 0 0 0 0 0 0 1.284 0.246 11.43 110 370 0.000 0.169 0.0000 0.0000  nan 0.000000 0.600000 
0.169 2 1 1 5.641225 0.378799 -8.477422 -0.366211 0.427246 0.366211 0.60 0.60 5.0 3.3 0.993 0.471 110 149 0.4057 0.5878 1.1752 0.0523 0.0023 0.099457 -0.564857 -1.2495 0 1.5211 0  -28 -22 -9 -43 -1 -4 -22 3  1 0 0 0 0 0 0 1.282 0.246 11.42 110 360 0.000 0.170 0.0000 nan 0.000000 0.000000 0.600000 
0.170 2 1 1 5.494980 -0.011987 -8.594897 0.122070 0.244141 0.335693 0.60 0.60 5.0 3.0 0.988 0.352 111 151 0.4097 0.6146 1.3217 0.0529 0.0023 0.102075 -0.564876 -1.2495 0 1.5211 0  -10 -10 1 8 -1 6 32 -4  1 0 0 0 0 0 0 1.284 0.245 11.42 100 370 0.000 0.171 0.0000 -97079948433423995485555786975151128576.0000 0.000000 0.000000 0.600000 
0.171 2 1 1 5.473403 -0.438735 -8.508589 0.213623 0.701904 0.427246 0.60 0.60 5.0 3.0 1.063 0.302 112 152 0.4268 0.6239 1.2720 0.0533 0.0024 0.102075 -0.564889 -1.2495 0 1.5211 0  -27 -13 1 -10 -7 8 1 2  1 0 0 0 0 0 0 1.284 0.261 11.42 100 360 0.000 0.172 0.0000 0.0000 0.000000 0.000000 0.600000 
0.172 2 1 1 5.996049 0.117476 -8.618872 0.122070 1.129150 0.335693 0.60 0.60 5.0 3.0 1.048 0.268 114 154 0.4312 0.6239 1.2432 0.0539 0.0024 0.104692 -0.564930 -1.2495 0 1.5211 0  -13 -39 9 -3 2 1 42 -10  1 0 0 0 0 0 0 1.272 0.273 11.42 110 370 0.000 0.173 0.0000 0.0000 0.000000 0.000000 0.600000 
0.173 2 1 1 5.490185 0.055142 -8.712373 0.061035 1.159668 0.244141 0.60 0.60 5.0 2.7 0.775 0.205 115 156 0.4507 0.6438 1.2458 0.0545 0.0025 0.102075 -0.564970 -1.2495 0 1.5211 0  -13 -11 -6 -10 -5 -6 -10 -3  1 0 0 0 0 0 0 1.274 0.277 11.42 110 380 0.000 0.174 0.0000 0.0000 0.000000 0.000000 0.600000 
0.174 2 1 1 5.509365 0.234951 -8.568525 0.091553 0.946045 0.396729 0.60 0.60 5.0 3.0 0.809 0.105 116 157 0.4609 0.6146 0.9920 0.0551 0.0026 0.104692 -0.564990 -1.2495 0 1.5211 0  -8 1 -6 0 -4 -15 -7 -1  1 0 0 0 0 0 0 1.284 0.277 11.40 110 370 0.000 0.175 0.0000 0.0000 0.000000 0.000000 0.600000 
0.175 2 1 1 5.511763 0.028770 -8.412690 0.183105 0.305176 0.183105 0.60 0.60 5.0 3.0 0.858 0.282 117 159 0.4609 0.6146 0.9920 0.0555 0.0026 0.104692 -0.565012 -1.2495 0 1.5211 0  -12 8 14 -27 10 13 12 5  1 0 0 0 0 0 0 1.282 0.278 11.42 110 370 0.000 0.176 0.0000 -265931474879245035753336404718013906944.0000 0.000000 0.000000 0.600000 
0.176 2 1 1 5.075425 -0.220566 -8.659629 0.000000 0.183105 0.274658 0.60 0.60 5.0 2.8 0.966 0.216 118 160 0.4884 0.6337 0.9370 0.0561 0.0027 0.107309 -0.565006 -1.2495 0 1.5211 0  -7 7 10 -27 4 7 -10 6  1 0 0 0 0 0 0 1.282 0.278 11.42 110 370 0.000 0.177 0.0000 0.0000  nan 0.000000 0.600000 
0.177 2 1 1 6.137500 0.213374 -8.623667 -0.396729 0.518799 0.610352 0.60 0.60 5.0 2.9 0.908 0.276 120 162 0.4828 0.6239 0.9108 0.0565 0.0027 0.107309 -0.565022 -1.2495 0 1.5211 0  -4 -17 23 -1 13 23 18 21  1 0 0 0 0 0 0 1.284 0.279 11.43 100 370 0.000 0.178 0.0000 0.0000  nan 0.000000 0.600000 
0.178 2 1 1 5.665200 0.002397 -8.470229 -0.244141 0.457764 0.518799 0.60 0.60 5.0 2.8 1.009 0.242 121 163 0.4884 0.6337 0.9370 0.0571 0.0028 0.109926 -0.565069 -1.2495 0 1.5211 0  -14 0 0 13 -7 -14 -27 -6  1 0 0 0 0 0 0 1.272 0.279 11.43 100 370 0.000 0.179 0.0000 -311129120958576076552787242639792537600.0000  nan 0.000000 0.600000 
0.179 2 1 1 5.305581 -0.179810 -8.570923 -0.030518 0.549316 0.305176 0.60 0.60 4.7 2.9 1.045 0.146 122 165 0.5132 0.6239 0.7145 0.0577 0.0028 0.107309 -0.565085 -1.2495 0 1.5211 0  -11 -3 -15 -28 8 3 29 -31  1 0 0 0 0 0 0 1.250 0.280 11.43 100 370 0.000 0.180 0.0000 0.0000  nan 0.000000 0.600000 
0.180 2 1 1 5.653213 0.258926 -8.829848 -0.152588 0.701904 0.549316 0.60 0.60 4.7 3.0 0.814 0.139 123 166 0.5132 0.6146 0.6543 0.0583 0.0029 0.109926 -0.565093 -1.2495 0 1.5211 0  -3 6 11 14 6 10 6 5  1 0 0 0 0 0 0 1.299 0.280 11.44 100 370 0.000 0.181 0.0000 0.0000  nan 0.000000 0.600000 
0.181 2 1 1 5.756303 0.266118 -8.530166 -0.152588 0.396729 0.183105 0.60 0.60 4.5 2.8 0.721 0.206 125 168 0.5408 0.6337 0.5994 0.0587 0.0030 0.109926 -0.565119 -1.2495 0 1.5211 0  -12 -6 -14 -41 -30 -4 -21 -10  1 0 0 0 0 0 0 1.325 0.280 11.44 110 370 0.000 0.182 0.0000 -71799506890421273132398606132732493824.0000 0.000000 0.000000 0.600000 
0.182 2 1 1 5.010693 -0.508262 -8.678808 0.000000 0.213623 0.396729 0.60 0.60 4.5 2.8 0.650 0.165 126 169 0.5335 0.6337 0.6465 0.0595 0.0030 0.109926 -0.565117 -1.2495 0 1.5211 0  -2 3 -14 -7 0 0 -4 3  1 0 0 0 0 0 0 1.333 0.279 11.44 110 360 0.000 0.183 0.0000 0.0000  nan 0.000000 0.600000 
0.183 2 1 1 6.115922 0.083911 -8.738745 -0.274658 0.518799 0.579834 0.60 0.60 4.5 3.0 0.728 0.165 127 171 0.5335 0.6146 0.5235 0.0601 0.0031 0.112544 -0.565126 -1.2495 0 1.5211 0  5 -20 -22 -8 -2 -1 0 -6  1 0 0 0 0 0 0 1.343 0.280 11.45 100 370 0.000 0.184 0.0000 0.0000  nan 0.000000 0.600000 
0.184 2 1 1 5.574097 0.117476 -8.522973 -0.579834 0.122070 0.579834 0.60 0.60 4.3 2.7 0.679 0.131 129 172 0.5554 0.6438 0.5706 0.0605 0.0032 0.112544 -0.565161 -1.2495 0 1.5211 0  -1 12 3 -16 9 12 40 18  1 0 0 0 0 0 0 1.338 0.280 11.45 110 370 0.000 0.185 0.0000 -308475289356395877387836288492525060096.0000 0.000000 0.000000 0.600000 
0.185 2 1 1 5.578891 -0.182207 -8.232881 0.061035 0.030518 0.213623 0.60 0.60 4.4 3.0 0.641 0.287 130 174 0.5481 0.6146 0.4292 0.0613 0.0033 0.112544 -0.565185 -1.2495 0 1.5211 0  9 7 23 -18 -7 -2 30 7  1 0 0 0 0 0 0 1.338 0.280 11.45 110 370 0.000 0.186 0.0000 -91761353010287228905295371112173010944.0000 0.000000 0.000000 0.600000 
0.186 2 1 1 5.274414 -0.448325 -8.674013 0.091553 0.213623 0.366211 0.60 0.60 4.4 2.8 0.502 0.180 131 176 0.5481 0.6337 0.5522 0.0617 0.0033 0.112544 -0.565193 -1.2495 0 1.5211 0  13 -23 8 -6 -8 4 -15 6  1 0 0 0 0 0 0 1.335 0.280 11.45 100 370 0.000 0.187 0.0000 0.0000  nan 0.000000 0.600000 
0.187 2 1 1 5.897754 0.505864 -8.686001 -0.213623 0.701904 0.579834 0.60 0.60 4.2 2.8 0.600 0.093 133 177 0.5631 0.6337 0.4554 0.0623 0.0034 0.115161 -0.565207 -1.2495 0 1.5211 0  -4 8 -14 2 -5 14 -5 -5  1 0 0 0 0 0 0 1.319 0.279 11.44 100 370 0.000 0.188 0.0000 -78447218756090135501375497346108882944.0000  nan 0.000000 0.600000 
0.188 2 1 1 5.382299 -0.484287 -8.496601 -0.061035 0.061035 0.305176 0.60 0.60 4.1 2.9 0.625 0.084 134 179 0.5793 0.6239 0.2879 0.0629 0.0034 0.112544 -0.565229 -1.2495 0 1.5211 0  -8 -12 -15 -10 -23 -16 11 -16  1 0 0 0 0 0 0 1.319 0.278 11.45 110 370 0.000 0.189 0.0000 0.0000 0.000000 0.000000 0.600000 
0.189 2 1 1 5.749111 0.016782 -8.678808 0.061035 -0.244141 0.335693 0.60 0.60 4.2 2.8 0.636 0.170 136 180 0.5631 0.6337 0.4554 0.0636 0.0035 0.115161 -0.565237 -1.2495 0 1.5211 0  -23 -11 -5 -33 -4 9 21 -6  1 0 0 0 0 0 0 1.314 0.278 11.45 110 370 0.000 0.190 0.0000 0.0000 0.000000 0.000000 0.600000 
0.190 2 1 1 5.303184 0.148643 -8.403100 0.061035 -0.488281 0.335693 0.60 0.60 4.2 2.8 0.759 0.062 137 182 0.5631 0.6337 0.4554 0.0642 0.0036 0.112544 -0.565239 -1.2495 0 1.5211 0  25 0 -17 -48 -25 -3 20 -10  1 0 0 0 0 0 0 1.322 0.278 11.45 110 370 0.000 0.191 0.0000 0.0000 0.000000 0.000000 0.600000 
0.191 2 1 1 5.413466 0.026372 -8.604487 0.061035 -0.579834 0.122070 0.60 0.60 4.1 2.7 0.695 0.086 138 183 0.5793 0.6438 0.4162 0.0648 0.0036 0.115161 -0.565227 -1.2495 0 1.5211 0  13 16 4 14 -8 1 -3 2  1 0 0 0 0 0 0 1.330 0.280 11.45 100 370 0.000 0.192 0.0000 0.0000  nan 0.000000 0.600000 
0.192 2 1 1 6.118320 0.112681 -8.554140 -0.183105 0.000000 0.579834 0.60 0.60 4.1 2.7 0.542 0.165 140 185 0.5712 0.6438 0.4685 0.0656 0.0037 0.115161 -0.565248 -1.2495 0 1.5211 0  19 18 30 9 5 2 5 -29  1 0 0 0 0 0 0 1.335 0.280 11.46 110 360 0.000 0.193 0.0000 -83098877845434826028920467718674579456.0000  nan 0.000000 0.600000 
0.193 2 1 1 5.231260 -0.467505 -8.695591 -0.122070 0.122070 0.305176 0.60 0.60 4.2 2.8 0.602 0.074 141 186 0.5631 0.6337 0.4554 0.0660 0.0038 0.115161 -0.565265 -1.2495 0 1.5211 0  17 -12 28 -1 -2 16 -13 -22  1 0 0 0 0 0 0 1.382 0.280 11.46 100 360 0.000 0.194 0.0000 nan 0.000000  nan 0.600000 
0.194 2 1 1 5.382299 -0.081514 -8.534961 0.213623 -0.488281 -0.030518 0.60 0.60 4.0 2.8 0.567 0.061 143 188 0.5878 0.6337 0.2958 0.0666 0.0039 0.117778 -0.565249 -1.2495 0 1.5211 0  3 -2 -7 26 8 27 34 3  1 0 0 0 0 0 0 1.423 0.280 11.45 100 370 0.000 0.195 0.0000 0.0000 0.000000 0.000000 0.600000 
0.195 2 1 1 5.962485 0.431543 -8.506191 0.091553 -0.274658 0.305176 0.60 0.60 4.1 2.8 0.521 0.182 144 190 0.5712 0.6337 0.4031 0.0672 0.0039 0.115161 -0.565264 -1.2495 0 1.5211 0  -12 0 6 3 13 29 29 -2  1 0 0 0 0 0 0 1.417 0.281 11.46 100 370 0.000 0.196 0.0000 -99734104554157853077233524278439182336.0000 0.000000 0.000000 0.600000 
0.196 2 1 1 4.965141 -0.433940 -8.702783 0.274658 -0.457764 0.274658 0.60 0.60 4.3 2.3 0.500 0.156 146 191 0.5554 0.6759 0.7773 0.0678 0.0040 0.117778 -0.565257 -1.2495 0 1.5211 0  -14 3 -10 4 -14 1 12 -1  1 0 0 0 0 0 0 1.432 0.281 11.46 110 370 0.000 0.197 0.0000 nan 0.000000 0.000000 0.600000 
0.197 2 1 1 5.518955 -0.081514 -8.808271 0.579834 -0.793457 0.030518 0.60 0.60 4.1 2.8 0.465 0.045 147 193 0.5712 0.6337 0.4031 0.0684 0.0041 0.115161 -0.565220 -1.2495 0 1.5211 0  13 -29 -8 -16 -30 2 0 -23  1 0 0 0 0 0 0 1.435 0.281 11.46 110 370 0.000 0.198 0.0000 0.0000  nan 0.000000 0.600000 
0.198 2 1 1 6.480337 0.541826 -8.376728 -0.030518 -0.213623 0.610352 0.60 0.60 4.1 2.5 0.470 0.138 148 194 0.5793 0.6540 0.4816 0.0690 0.0041 0.117778 -0.565255 -1.2495 0 1.5211 0  17 8 14 -12 -7 -7 18 -17  1 0 0 0 0 0 0 1.417 0.280 11.45 110 370 0.000 0.199 0.0000 -25597126015951738622239087237185667072.0000 0.000000 0.000000 0.600000 
0.199 2 1 1 4.485649 -0.736021 -8.556538 0.091553 -0.671387 0.030518 0.60 0.60 4.2 2.6 0.485 0.169 150 196 0.5631 0.6438 0.5208 0.0696 0.0042 0.120396 -0.565253 -1.2495 0 1.5211 0  0 8 4 -37 2 -1 -3 -3  1 0 0 0 0 0 0 1.396 0.276 11.45 110 380 0.000 0.200 0.0000 0.0000 0.000000  nan 0.600000 
0.200 2 1 1 5.751509 0.091104 -8.980888 0.579834 -0.793457 -0.183105 0.60 0.60 4.2 2.6 0.710 0.101 151 198 0.5631 0.6438 0.5208 0.0702 0.0043 0.117778 -0.565201 -1.2495 0 1.5211 0  33 17 22 13 -13 3 2 -9  1 0 0 0 0 0 0 1.402 0.276 11.45 110 370 0.000 0.201 0.0000 0.0000 0.000000 0.000000 0.600000 
0.201 2 1 1 6.079961 0.587378 -8.877797 0.335693 -0.274658 0.396729 0.60 0.60 4.2 2.4 0.733 0.080 152 199 0.5631 0.6649 0.6569 0.0708 0.0044 0.120396 -0.565211 -1.2495 0 1.5211 0  17 10 34 21 9 8 -8 2  1 0 0 0 0 0 0 1.411 0.275 11.45 100 370 0.000 0.202 0.0000 0.0000  nan 0.000000 0.600000 
0.202 2 1 1 5.212080 0.175015 -8.599692 -0.122070 -0.213623 0.396729 0.60 0.60 4.3 2.3 0.725 -0.063 154 201 0.5554 0.6759 0.7773 0.0712 0.0044 0.120396 -0.565215 -1.2495 0 1.5211 0  5 12 22 24 22 34 -2 -4  1 0 0 0 0 0 0 1.441 0.275 11.46 110 370 0.000 0.203 0.0000 -109043913103920402666859128143982100480.0000 0.000000 0.000000 0.600000 
0.203 2 1 1 5.581289 -0.417158 -8.431870 0.030518 -0.335693 0.305176 0.60 0.60 4.2 2.5 0.871 -0.108 155 202 0.5631 0.6540 0.5863 0.0720 0.0045 0.120396 -0.565209 -1.2495 0 1.5211 0  -3 7 -9 15 6 22 10 -1  1 0 0 0 0 0 0 1.466 0.279 11.46 110 370 0.000 0.204 0.0000 nan 0.000000 0.000000 0.600000 
0.204 2 1 1 5.370312 -0.086309 -8.966504 0.518799 -0.701904 0.091553 0.60 0.60 4.3 2.7 0.617 0.051 157 204 0.5554 0.6337 0.5051 0.0726 0.0046 0.123013 -0.565197 -1.2495 0 1.5211 0  -17 -38 -11 -2 17 15 17 -1  1 0 0 0 0 0 0 1.457 0.279 11.46 110 380 0.000 0.205 0.0000 0.0000 0.000000 0.000000 0.600000 
0.205 2 1 1 5.542930 0.637725 -8.700385 0.152588 -0.640869 0.244141 0.60 0.60 4.3 2.7 0.546 0.219 158 206 0.5554 0.6337 0.5051 0.0732 0.0046 0.120396 -0.565174 -1.2495 0 1.5211 0  20 -42 -6 -20 -5 -15 1 14  1 0 0 0 0 0 0 1.457 0.279 11.45 110 380 0.000 0.206 0.0000 0.0000  nan 0.000000 0.600000 
0.206 2 1 1 5.646020 0.031167 -8.798681 -0.122070 -0.213623 0.213623 0.60 0.60 4.3 2.5 0.656 0.038 159 207 0.5554 0.6540 0.6360 0.0738 0.0047 0.123013 -0.565170 -1.2495 0 1.5211 0  1 8 1 -54 -22 -16 -15 -14  1 0 0 0 0 0 0 1.463 0.280 11.45 100 370 0.000 0.207 0.0000 -188840267040821438155659536777508552704.0000 0.000000 0.000000 0.600000 
0.207 2 1 1 5.312773 -0.290093 -8.721963 0.122070 -0.457764 0.061035 0.60 0.60 4.3 2.5 0.734 0.169 161 209 0.5554 0.6540 0.6360 0.0742 0.0048 0.123013 -0.565158 -1.2495 0 1.5211 0  1 -5 -4 -32 3 -35 3 -17  1 0 0 0 0 0 0 1.457 0.280 11.46 110 370 0.000 0.208 0.0000 -289865570072757360223751967020066799616.0000 0.000000 0.000000 0.600000 
0.208 2 1 1 5.547724 -0.198989 -9.074389 0.610352 -0.274658 0.030518 0.60 0.60 4.3 2.8 0.692 0.105 162 210 0.5554 0.6239 0.4423 0.0750 0.0049 0.123013 -0.565134 -1.2495 0 1.5211 0  16 -2 -20 -1 -11 6 -23 -27  1 0 0 0 0 0 0 1.463 0.280 11.46 110 370 0.000 0.209 0.0000 0.0000 0.000000 0.000000 0.600000 
0.209 2 1 1 5.471006 0.258926 -8.873003 0.579834 -0.213623 0.122070 0.60 0.60 4.4 2.6 0.514 0.287 163 212 0.5481 0.6438 0.6177 0.0754 0.0049 0.123013 -0.565115 -1.2495 0 1.5211 0  20 -23 -10 -2 -11 2 -12 -11  1 0 0 0 0 0 0 1.470 0.279 11.46 100 370 0.000 0.210 0.0000 0.0000  nan 0.000000 0.600000 
0.210 2 1 1 5.931318 0.520249 -8.616474 -0.122070 -0.091553 0.427246 0.60 0.60 4.4 2.7 0.634 0.122 165 213 0.5481 0.6337 0.5522 0.0760 0.0050 0.125630 -0.565125 -1.2495 0 1.5211 0  -2 -21 -9 -3 -10 -2 23 -1  1 0 0 0 0 0 0 1.457 0.280 11.46 100 370 0.000 0.000 0.0000 0.0000 0.000000 0.000000 0.000000 
0.211 2 1 1 5.334351 -0.266118 -8.566128 -0.213623 -0.793457 0.366211 0.60 0.60 4.1 2.5 0.618 0.173 166 215 0.5712 0.6540 0.5339 0.0768 0.0051 0.125630 -0.565132 -1.2495 0 1.5211 0  -4 15 6 10 0 -6 26 -5  1 0 0 0 0 0 0 1.463 0.280 11.46 110 360 0.000 0.212 0.0000 -138288794992872087824421886617267994624.0000 0.000000 0.000000 0.600000 
0.212 2 1 1 5.801855 -0.364414 -8.707578 0.305176 -0.701904 0.244141 0.60 0.60 4.3 2.5 0.645 0.141 167 217 0.5554 0.6540 0.6360 0.0772 0.0051 0.125630 -0.565126 -1.2495 0 1.5211 0  -10 0 6 -24 3 3 23 -10  1 0 0 0 0 0 0 1.463 0.279 11.46 110 360 0.000 0.213 0.0000 nan 0.000000 0.000000 0.600000 
0.213 2 1 1 5.221670 -0.057539 -8.697988 0.549316 -0.732422 0.061035 0.60 0.60 4.3 2.7 0.640 0.092 169 218 0.5554 0.6337 0.5051 0.0779 0.0052 0.128248 -0.565113 -1.2495 0 1.5211 0  0 -10 -13 2 0 2 13 -9  1 0 0 0 0 0 0 1.457 0.256 11.45 110 380 0.000 0.214 0.0000 0.0000 0.000000 0.000000 0.600000 
0.214 2 1 1 5.931318 0.575391 -9.024043 0.030518 0.091553 0.183105 0.60 0.60 4.3 2.5 0.747 0.054 170 220 0.5554 0.6540 0.6360 0.0785 0.0053 0.125630 -0.565103 -1.2495 0 1.5211 0  4 -42 -7 -6 -16 0 18 11  1 0 0 0 0 0 0 1.463 0.251 11.45 100 370 0.000 0.215 0.0000 0.0000  nan 0.000000 0.600000 
0.215 2 1 1 5.729931 0.261323 -8.868208 -0.579834 0.274658 0.549316 0.60 0.60 4.3 2.5 0.596 0.059 171 221 0.5554 0.6438 0.5706 0.0791 0.0054 0.128248 -0.565119 -1.2495 0 1.5211 0  4 1 -1 -6 -8 -19 -15 -19  1 0 0 0 0 0 0 1.463 0.250 11.46 100 370 0.000 0.216 0.0000 -132969591097447211694048752336751296512.0000  nan 0.000000 0.600000 
0.216 2 1 1 5.530942 -0.374004 -8.568525 -0.640869 0.061035 0.518799 0.60 0.60 4.3 2.8 0.675 0.050 173 223 0.5554 0.6146 0.3821 0.0795 0.0054 0.128248 -0.565130 -1.2495 0 1.5211 0  16 -20 -2 -4 -15 9 28 -5  1 0 0 0 0 0 0 1.463 0.249 11.46 100 370 0.000 0.217 0.0000 -18282018926973517581503408726836510720.0000  nan 0.000000 0.600000 
0.217 2 1 1 4.854858 -0.810342 -8.568525 -0.091553 -1.007080 0.061035 0.60 0.60 4.4 2.6 0.593 0.265 174 224 0.5481 0.6337 0.5522 0.0803 0.0055 0.128248 -0.565101 -1.2495 0 1.5211 0  9 -2 -5 -30 -20 -14 -4 -33  1 0 0 0 0 0 0 1.460 0.249 11.45 110 360 0.000 0.218 0.0000 0.0000 0.000000 0.000000 0.600000 
0.218 2 1 1 5.732329 0.148643 -9.261392 0.183105 -0.793457 0.061035 0.60 0.60 4.4 2.6 0.662 0.247 176 226 0.5481 0.6337 0.5522 0.0807 0.0056 0.128248 -0.565055 -1.2495 0 1.5211 0  -11 3 -13 -30 12 -13 30 -33  1 0 0 0 0 0 0 1.463 0.249 11.46 110 370 0.000 0.219 0.0000 0.0000  nan 0.000000 0.600000 
0.219 2 1 1 6.108730 0.534634 -9.040825 -0.274658 0.213623 0.305176 0.60 0.60 4.3 2.5 0.654 0.171 177 227 0.5554 0.6438 0.5706 0.0815 0.0057 0.128248 -0.565060 -1.2495 0 1.5211 0  0 -8 2 -26 -3 7 -20 -34  1 0 0 0 0 0 0 1.466 0.249 11.45 110 360 0.000 0.220 0.0000 -276566840308654240263519081191354400768.0000  nan 0.000000 0.600000 
0.220 2 1 1 5.166528 -0.210977 -8.638051 -0.305176 0.457764 0.000000 0.60 0.60 4.3 2.6 0.766 0.091 178 229 0.5554 0.6337 0.5051 0.0821 0.0058 0.130865 -0.565067 -1.2495 0 1.5211 0  23 -26 -15 -7 -41 -23 -51 -37  1 0 0 0 0 0 0 1.466 0.249 11.46 100 370 0.000 0.221 0.0000 -73796269551081572782295365127338196992.0000 0.000000 0.000000 0.600000 
0.221 2 1 1 5.701162 -0.501069 -8.690796 0.457764 0.305176 0.183105 0.60 0.60 4.4 2.7 0.636 0.131 180 230 0.5481 0.6239 0.4894 0.0825 0.0058 0.130865 -0.565068 -1.2495 0 1.5211 0  36 29 23 -13 13 6 -36 4  1 0 0 0 0 0 0 1.463 0.250 11.46 110 370 0.000 0.222 0.0000 -79110078325551877568335729439012814848.0000 0.000000 0.000000 0.600000 
0.222 2 1 1 4.967539 -0.481890 -9.187070 1.037598 -0.061035 0.061035 0.60 0.60 4.5 2.5 0.607 0.226 181 232 0.5408 0.6438 0.6648 0.0833 0.0059 0.130865 -0.565043 -1.2495 0 1.5211 0  -4 30 13 4 -4 -9 -31 -17  1 0 0 0 0 0 0 1.457 0.251 11.45 110 360 0.000 0.223 0.0000 0.0000 0.000000 0.000000 0.600000 
0.223 2 1 1 5.511763 0.517852 -9.158300 0.518799 0.000000 0.152588 0.60 0.60 4.1 2.6 0.695 0.233 182 233 0.5712 0.6337 0.4031 0.0837 0.0060 0.130865 -0.564997 -1.2495 0 1.5211 0  10 -28 -16 18 10 -16 -21 -2  1 0 0 0 0 0 0 1.466 0.250 11.46 100 350 0.000 0.224 0.0000 0.0000  nan 0.000000 0.600000 
0.224 2 1 1 5.960088 0.577788 -9.007260 -0.213623 0.579834 0.366211 0.60 0.60 4.3 2.6 0.691 0.249 184 235 0.5554 0.6337 0.5051 0.0843 0.0061 0.133482 -0.565000 -1.2495 0 1.5211 0  8 -29 15 -2 5 12 -5 3  1 0 0 0 0 0 0 1.466 0.250 11.46 100 370 0.000 0.225 0.0000 -43221895995020124280113288279505240064.0000  nan  nan 0.600000 
0.225 2 1 1 5.197695 -0.611353 -8.606885 -0.152588 0.335693 -0.061035 0.60 0.60 4.4 2.8 0.666 0.226 185 237 0.5481 0.6146 0.4292 0.0849 0.0061 0.130865 -0.565007 -1.2495 0 1.5211 0  8 -39 -30 -21 -31 -43 6 1  1 0 0 0 0 0 0 1.466 0.250 11.46 100 370 0.000 0.226 0.0000 -119675587134781742573024646217588539392.0000 0.000000  nan 0.600000 
0.226 2 1 1 5.327158 -0.397979 -8.587705 0.427246 -0.091553 -0.152588 0.60 0.60 4.3 2.5 0.671 0.279 186 238 0.5554 0.6438 0.5706 0.0855 0.0062 0.133482 -0.564993 -1.2495 0 1.5211 0  6 5 -6 -34 -15 -19 -17 -14  1 0 0 0 0 0 0 1.473 0.251 11.45 110 370 0.000 0.227 0.0000 0.0000 0.000000 0.000000 0.600000 
0.227 2 1 1 5.734726 0.263721 -8.760322 0.366211 0.274658 0.183105 0.60 0.60 4.4 2.4 0.541 0.192 188 240 0.5481 0.6540 0.6831 0.0859 0.0063 0.133482 -0.564997 -1.2495 0 1.5211 0  -3 -1 -9 -6 -37 -22 7 -12  1 0 0 0 0 0 0 1.432 0.250 11.45 110 370 0.000 0.228 0.0000 0.0000  nan 0.000000 0.600000 
0.228 2 1 1 5.504570 0.110283 -8.841836 -0.061035 0.610352 0.061035 0.60 0.60 4.6 2.8 0.662 0.102 189 241 0.5266 0.6146 0.5680 0.0867 0.0064 0.133482 -0.565008 -1.2495 0 1.5211 0  16 -4 17 -2 -29 -5 -5 10  1 0 0 0 0 0 0 1.420 0.247 11.45 100 360 0.000 0.229 0.0000 nan  nan 0.000000 0.600000 
0.229 2 1 1 5.773086 -0.019180 -8.580512 -0.457764 0.701904 0.518799 0.60 0.60 4.3 2.7 0.760 0.116 190 243 0.5554 0.6239 0.4423 0.0871 0.0064 0.133482 -0.565029 -1.2495 0 1.5211 0  12 19 14 -1 -31 -19 7 0  1 0 0 0 0 0 0 1.420 0.246 11.45 100 360 0.000 0.230 0.0000 0.0000  nan 0.000000 0.600000 
0.230 2 1 1 6.087153 0.057539 -8.132187 -0.885010 0.701904 1.037598 0.60 0.60 4.4 2.8 0.736 0.124 192 244 0.5481 0.6146 0.4292 0.0877 0.0065 0.136099 -0.565094 -1.2495 0 1.5211 0  6 -3 18 -26 -8 -13 -6 -12  1 0 0 0 0 0 0 1.414 0.246 11.44 110 370 0.000 0.231 0.0000 -9390265065708435081509198121284927488.0000  nan 0.000000 0.600000 
0.231 2 1 1 4.902807 -0.956587 -8.184932 -0.091553 -0.122070 0.122070 0.60 0.60 4.5 2.8 0.816 0.020 193 246 0.5408 0.6146 0.4763 0.0883 0.0066 0.133482 -0.565125 -1.2495 0 1.5211 0  -10 6 -1 -30 14 0 40 -8  1 0 0 0 0 0 0 1.457 0.249 11.46 100 370 0.000 0.232 0.0000 0.0000 0.000000  nan 0.600000 
0.232 2 1 1 5.212080 0.076719 -8.846631 0.427246 -0.579834 -0.457764 0.60 0.60 4.3 2.6 0.816 0.071 194 247 0.5554 0.6337 0.5051 0.0889 0.0067 0.136099 -0.565089 -1.2495 0 1.5211 0  -10 9 -9 -49 -16 -1 31 -24  1 0 0 0 0 0 0 1.457 0.250 11.45 110 370 0.000 0.233 0.0000 0.0000  nan 0.000000 0.600000 
0.233 2 1 1 6.667339 1.282642 -9.254199 -0.701904 0.671387 0.427246 0.60 0.60 4.4 2.6 0.632 0.086 196 249 0.5481 0.6337 0.5522 0.0895 0.0068 0.138717 -0.565103 -1.2495 0 1.5211 0  5 -57 -10 6 -20 -1 48 19  1 0 0 0 0 0 0 1.698 0.250 11.46 110 370 0.000 0.234 0.0000 0.0000  nan 0.000000 0.600000 
0.234 2 1 1 5.535737 0.103091 -8.573320 -1.495361 0.946045 1.007080 0.60 0.60 4.5 2.6 0.642 0.146 197 251 0.5408 0.6337 0.5994 0.0901 0.0069 0.136099 -0.565151 -1.2495 0 1.5211 0  3 -4 -11 -19 -24 -10 -14 18  1 0 0 0 0 0 0 1.765 0.250 11.46 100 370 0.000 0.235 0.0000 -893395775269848094145824034536816640.0000  nan 0.000000 0.600000 
0.235 2 1 1 4.852461 -1.481631 -8.057866 -0.610352 0.061035 0.396729 0.60 0.60 4.2 2.8 0.654 -0.055 198 252 0.5631 0.6146 0.3324 0.0907 0.0069 0.138717 -0.565153 -1.2495 0 1.5211 0  7 -7 9 4 -40 -15 -12 11  1 0 0 0 0 0 0 1.783 0.249 11.46 100 370 0.000 0.236 0.0000 -159557416481091717071063149049815236608.0000 0.000000 0.000000 0.600000 
0.236 2 1 1 5.916934 -0.326055 -8.451050 0.335693 -0.457764 0.335693 0.60 0.60 4.4 2.8 0.728 0.245 200 253 0.5481 0.6146 0.4292 0.0911 0.0070 0.138717 -0.565160 -1.2495 0 1.5211 0  -2 -15 -7 3 -4 -21 6 -20  1 0 0 0 0 0 0 1.797 0.250 11.46 110 370 0.000 0.237 0.0000 0.0000 0.000000 0.000000 0.600000 
0.237 2 1 1 5.425454 0.640122 -8.676411 0.000000 -0.427246 0.274658 0.60 0.60 4.5 2.7 0.679 0.127 201 255 0.5408 0.6239 0.5365 0.0919 0.0071 0.138717 -0.565172 -1.2495 0 1.5211 0  -4 -6 -1 -30 -10 -5 21 -22  1 0 0 0 0 0 0 1.774 0.250 11.45 110 370 0.000 0.238 0.0000 0.0000  nan 0.000000 0.600000 
0.238 2 1 1 5.578891 0.807944 -8.640449 -1.007080 -0.122070 0.122070 0.60 0.60 4.2 2.7 0.756 0.034 203 257 0.5631 0.6239 0.3926 0.0923 0.0072 0.138717 -0.565168 -1.2495 0 1.5211 0  6 13 0 13 -2 3 25 -16  1 0 0 0 0 0 0 1.778 0.250 11.45 110 370 0.000 0.239 0.0000 nan  nan 0.000000 0.600000 
0.239 2 1 1 5.921728 -0.117476 -8.515781 -0.885010 -0.152588 0.335693 0.60 0.60 4.5 2.9 0.539 0.154 204 258 0.5408 0.5964 0.3586 0.0931 0.0073 0.138717 -0.565191 -1.2495 0 1.5211 0  14 -25 -1 -5 -4 9 6 6  1 0 0 0 0 0 0 1.778 0.250 11.46 100 370 0.000 0.240 0.0000 -31580431778426580484385920379747565568.0000 0.000000 0.000000 0.600000 
0.240 2 1 1 5.327158 -0.692866 -8.259253 0.152588 -0.701904 0.427246 0.60 0.60 4.5 2.8 0.737 -0.055 205 259 0.5408 0.6146 0.4763 0.0935 0.0073 0.138717 -0.565209 -1.2495 0 1.5211 0  -21 4 -17 3 18 10 -9 39  1 0 0 0 0 0 0 1.765 0.250 11.45 110 370 0.000 0.241 0.0000 -33241753807856886982976227758959493120.0000 0.000000 0.000000 0.600000 
0.241 2 1 1 5.226465 -0.680879 -8.717168 0.762939 -0.793457 0.183105 0.60 0.60 4.3 2.8 0.683 0.025 207 261 0.5554 0.6053 0.3219 0.0941 0.0074 0.141334 -0.565187 -1.2495 0 1.5211 0  -20 -19 -30 -61 19 7 19 24  1 0 0 0 0 0 0 1.797 0.250 11.46 100 370 0.000 0.242 0.0000 0.0000  nan 0.000000 0.600000 
0.242 2 1 1 6.039204 0.748008 -8.901772 -0.152588 -0.274658 0.274658 0.60 0.60 4.4 2.9 0.702 0.106 208 262 0.5481 0.5964 0.3115 0.0947 0.0075 0.138717 -0.565181 -1.2495 0 1.5211 0  -17 -7 -25 -15 7 4 57 22  1 0 0 0 0 0 0 1.792 0.251 11.45 110 380 0.000 0.243 0.0000 0.0000  nan 0.000000 0.600000 
0.243 2 1 1 5.753906 0.791162 -8.623667 -0.976562 -0.274658 0.122070 0.60 0.60 4.4 2.7 0.658 0.338 209 264 0.5481 0.6239 0.4894 0.0953 0.0076 0.141334 -0.565203 -1.2495 0 1.5211 0  3 -44 -12 -16 -15 1 10 14  1 0 0 0 0 0 0 1.812 0.250 11.45 100 370 0.000 0.244 0.0000 -220746403893868258989548414092032606208.0000  nan 0.000000 0.600000 
0.244 2 1 1 5.588481 -0.261323 -8.093828 -0.457764 -0.885010 0.122070 0.60 0.60 4.2 2.7 0.550 0.070 211 265 0.5631 0.6239 0.3926 0.0957 0.0076 0.141334 -0.565224 -1.2495 0 1.5211 0  -15 -43 -17 -6 -8 6 48 21  1 0 0 0 0 0 0 1.807 0.250 11.46 100 370 0.000 0.245 0.0000 -29254516033513419701014133417646751744.0000 0.000000  nan 0.600000 
0.245 2 1 1 5.437441 -0.709648 -8.182534 0.366211 -1.495361 -0.061035 0.60 0.60 4.3 2.7 0.527 0.143 212 267 0.5554 0.6239 0.4423 0.0965 0.0078 0.141334 -0.565233 -1.2495 0 1.5211 0  -15 -37 10 -21 1 13 27 14  1 0 0 0 0 0 0 1.774 0.250 11.45 110 370 0.000 0.246 0.0000 -319103921025816669543438214478438596608.0000 0.000000 0.000000 0.600000 
0.246 2 1 1 5.272017 -0.172617 -8.475024 0.427246 -1.495361 0.000000 0.60 0.60 4.4 2.6 0.593 -0.034 213 269 0.5481 0.6239 0.4894 0.0969 0.0078 0.141334 -0.565214 -1.2495 0 1.5211 0  -16 -13 1 -37 -3 23 24 23  1 0 0 0 0 0 0 1.769 0.249 11.45 110 370 0.000 0.247 0.0000 0.0000  nan 0.000000 0.600000 
0.247 2 1 1 6.060781 0.525044 -8.839438 -0.183105 -0.640869 0.427246 0.60 0.60 4.1 3.0 0.608 -0.044 215 270 0.5712 0.5878 0.1073 0.0975 0.0079 0.143951 -0.565208 -1.2495 0 1.5211 0  -36 -34 -28 -15 18 -11 48 -1  1 0 0 0 0 0 0 1.769 0.248 11.45 110 370 0.000 0.248 0.0000 0.0000  nan 0.000000 0.600000 
0.248 2 1 1 5.804253 0.189399 -8.623667 -0.549316 -0.366211 0.549316 0.60 0.60 4.2 2.7 0.690 0.096 216 271 0.5631 0.6146 0.3324 0.0982 0.0080 0.141334 -0.565231 -1.2495 0 1.5211 0  -9 -23 -19 -55 8 32 42 9  1 0 0 0 0 0 0 1.778 0.249 11.45 100 370 0.000 0.000 0.0000 0.0000 0.000000 0.000000 2.014913 
