%% logfile from robot Karla (10)
% Karla (10)
%  1    time 0.000 sec
%  2  3  4   (mission 0), state 2, thread 1, line 0
%  5  6 Motor velocity ref left, right: 0.00 0.00
%  7  8 Motor voltage [V] left, right: 0.0 0.0
%  9 10 Motor current left, right [A]: -0.011 -0.005
% 11 12 Wheel velocity [m/s] left, right: 0.0000 0.0000
% 13    Battery voltage [V]: 12.95
% 14 15 Get data time [us]: 110 +ctrl 530
0.001 2 1 0 0.00 0.00 0.0 0.0 0.101 -0.115 0.0000 0.0000 12.95 100 310 
0.002 2 1 0 0.00 0.00 0.0 0.0 0.010 -0.066 0.0000 0.0000 12.95 110 300 
0.003 2 1 0 0.00 0.00 0.0 0.0 -0.026 -0.030 0.0000 0.0000 12.96 100 300 
0.004 2 1 0 0.00 0.00 0.0 0.0 -0.010 -0.008 0.0000 0.0000 12.95 100 310 
0.005 2 1 0 0.00 0.00 0.0 0.0 -0.016 0.050 0.0000 0.0000 12.96 100 300 
0.006 2 1 0 0.00 0.00 0.0 0.0 -0.026 -0.014 0.0000 0.0000 12.95 110 310 
0.007 2 1 0 0.00 0.00 0.0 0.0 -0.029 0.018 0.0000 0.0000 12.95 110 310 
0.008 2 1 0 0.00 0.00 0.0 0.0 -0.021 0.046 0.0000 0.0000 12.95 110 310 
0.009 2 1 0 0.00 0.00 0.0 0.0 0.066 0.054 0.0000 0.0000 12.95 110 310 
0.010 2 1 0 0.00 0.00 0.0 0.0 0.034 0.066 0.0000 0.0000 12.94 110 310 
0.011 2 1 0 0.00 0.00 0.0 0.0 -0.052 0.056 0.0000 0.0000 12.95 110 310 
0.012 2 1 0 0.00 0.00 0.0 0.0 -0.048 0.034 0.0000 0.0000 12.94 110 310 
0.013 2 1 0 0.00 0.00 0.0 0.0 -0.073 0.065 0.0000 0.0000 12.94 110 310 
0.014 2 1 0 0.00 0.00 0.0 0.0 -0.098 0.057 0.0000 0.0000 12.95 110 310 
0.015 2 1 0 0.00 0.00 0.0 0.0 -0.064 0.049 0.0000 0.0000 12.95 110 310 
0.016 2 1 0 0.00 0.00 0.0 0.0 -0.044 -0.003 0.0000 0.0000 12.95 110 310 
0.017 2 1 0 0.00 0.00 0.0 0.0 0.047 -0.030 0.0000 0.0000 12.95 110 300 
0.018 2 1 0 0.00 0.00 0.0 0.0 0.096 -0.055 0.0000 0.0000 12.95 110 310 
0.019 2 1 0 0.00 0.00 0.0 0.0 0.096 -0.039 0.0000 0.0000 12.95 110 310 
0.020 2 1 1 -0.50 -0.50 -7.0 -7.0 0.080 -0.033 0.0000 0.0000 12.95 110 320 
0.021 2 1 1 -0.50 -0.50 -7.0 -7.0 -0.360 -0.232 0.0000 0.0000 12.88 100 310 
0.022 2 1 1 -0.50 -0.50 -7.0 -7.0 -0.878 -0.773 0.0000 0.0000 12.81 100 310 
0.023 2 1 1 -0.50 -0.50 -7.0 -7.0 -1.220 -1.241 0.0000 0.0000 12.75 100 320 
0.024 2 1 1 -0.50 -0.50 -7.0 -7.0 -1.417 -1.432 0.0000 0.0000 12.72 110 310 
0.025 2 1 1 -0.50 -0.50 -7.0 -7.0 -1.452 -1.465 0.0000 0.0000 12.71 110 350 
0.026 2 1 1 -0.50 -0.50 -7.0 -7.0 -1.463 -1.516 0.0000 0.0000 12.71 110 350 
0.027 2 1 1 -0.50 -0.50 -7.0 -7.0 -1.473 -1.529 0.0000 -0.2036 12.71 110 350 
0.028 2 1 1 -0.50 -0.50 -6.8 -7.0 -1.436 -1.532 -0.2265 -0.2036 12.70 110 360 
0.029 2 1 1 -0.50 -0.50 -6.2 -6.1 -1.442 -1.533 -0.2747 -0.2787 12.70 110 340 
0.030 2 1 1 -0.50 -0.50 -5.0 -5.1 -1.349 -1.457 -0.3582 -0.3462 12.74 110 340 
0.031 2 1 1 -0.50 -0.50 -4.8 -4.7 -1.196 -1.405 -0.3751 -0.3751 12.80 100 330 
0.032 2 1 1 -0.50 -0.50 -4.4 -4.5 -1.003 -1.290 -0.4016 -0.3896 12.83 110 330 
0.033 2 1 1 -0.50 -0.50 -4.2 -3.5 -0.809 -1.042 -0.4181 -0.4615 12.86 110 350 
0.034 2 1 1 -0.50 -0.50 -3.8 -3.3 -0.566 -0.851 -0.4462 -0.4779 12.89 100 360 
0.035 2 1 1 -0.50 -0.50 -3.9 -3.3 -0.426 -0.766 -0.4410 -0.4723 12.90 110 360 
0.036 2 1 1 -0.50 -0.50 -3.0 -3.1 -0.276 -0.625 -0.5020 -0.4896 12.91 110 370 
0.037 2 1 1 -0.50 -0.50 -2.9 -2.6 -0.146 -0.567 -0.5081 -0.5213 12.92 100 360 
0.038 2 1 1 -0.50 -0.50 -3.3 -2.6 -0.078 -0.533 -0.4836 -0.5213 12.93 110 350 
0.039 2 1 1 -0.50 -0.50 -3.0 -2.5 -0.094 -0.365 -0.5020 -0.5281 12.93 100 360 
0.040 2 1 1 -0.50 -0.50 -2.8 -2.3 -0.092 -0.351 -0.5149 -0.5426 12.92 110 360 
0.041 2 1 1 -0.50 -0.50 -3.2 -2.0 -0.158 -0.120 -0.4896 -0.5575 12.93 110 350 
0.042 2 1 1 -0.50 -0.50 -3.0 -2.2 -0.210 -0.178 -0.5020 -0.5426 12.93 110 350 
0.043 2 1 1 -0.50 -0.50 -3.2 -2.1 -0.231 -0.073 -0.4896 -0.5498 12.93 110 370 
0.044 2 1 1 -0.50 -0.50 -2.7 -2.3 -0.224 -0.040 -0.5213 -0.5354 12.93 100 360 
0.045 2 1 1 -0.50 -0.50 -2.7 -2.3 -0.205 -0.051 -0.5213 -0.5354 12.94 110 360 
0.046 2 1 1 -0.50 -0.50 -3.0 -2.1 -0.159 -0.052 -0.5020 -0.5498 12.94 110 370 
0.047 2 1 1 -0.50 -0.50 -2.9 -2.0 -0.150 -0.125 -0.5081 -0.5575 12.94 110 360 
0.048 2 1 1 -0.50 -0.50 -2.9 -2.1 -0.170 -0.096 -0.5081 -0.5498 12.94 110 360 
0.049 2 1 1 -0.50 -0.50 -3.2 -2.0 -0.193 -0.154 -0.4836 -0.5498 12.94 100 370 
0.050 2 1 1 -0.50 -0.50 -3.1 -2.1 -0.225 -0.190 -0.4956 -0.5426 12.94 100 350 
0.051 2 1 1 -0.50 -0.50 -3.0 -2.1 -0.244 -0.224 -0.5020 -0.5426 12.94 110 370 
0.052 2 1 1 -0.50 -0.50 -3.0 -2.0 -0.238 0.009 -0.5020 -0.5498 12.94 110 360 
0.053 2 1 1 -0.50 -0.50 -3.0 -1.7 -0.252 -0.114 -0.5020 -0.5655 12.94 110 370 
0.054 2 1 1 -0.50 -0.50 -3.1 -2.1 -0.236 -0.132 -0.4956 -0.5426 12.94 110 360 
0.055 2 1 1 -0.50 -0.50 -3.0 -1.9 -0.242 -0.175 -0.5020 -0.5498 12.94 110 350 
0.056 2 1 1 -0.50 -0.50 -3.0 -1.8 -0.242 -0.066 -0.5020 -0.5575 12.94 110 350 
0.057 2 1 1 -0.50 -0.50 -3.2 -2.1 -0.210 -0.072 -0.4896 -0.5354 12.94 110 360 
0.058 2 1 1 -0.50 -0.50 -3.0 -2.0 -0.242 -0.019 -0.5020 -0.5426 12.94 100 360 
0.059 2 1 1 -0.50 -0.50 -2.8 -1.9 -0.197 -0.185 -0.5149 -0.5498 12.94 110 360 
0.060 2 1 1 -0.50 -0.50 -2.7 -2.1 -0.151 0.022 -0.5213 -0.5354 12.94 110 360 
0.061 2 1 1 -0.50 -0.50 -3.0 -2.0 -0.143 -0.156 -0.5020 -0.5426 12.94 110 360 
0.062 2 1 1 -0.50 -0.50 -2.5 -1.9 -0.175 0.054 -0.5354 -0.5498 12.94 110 370 
0.063 2 1 1 -0.50 -0.50 -2.6 -2.0 -0.122 -0.060 -0.5281 -0.5426 12.93 100 360 
0.064 2 1 1 -0.50 -0.50 -3.4 -1.8 -0.053 0.000 -0.4723 -0.5498 12.94 100 360 
0.065 2 1 1 -0.50 -0.50 -3.1 -1.8 -0.007 -0.082 -0.4896 -0.5498 12.94 100 370 
0.066 2 1 1 -0.50 -0.50 -3.0 -1.8 -0.045 0.046 -0.5020 -0.5498 12.93 110 370 
0.067 2 1 1 -0.50 -0.50 -2.6 -1.8 -0.030 -0.066 -0.5281 -0.5498 12.94 110 350 
0.068 2 1 1 -0.50 -0.50 -2.7 -2.0 -0.032 -0.137 -0.5213 -0.5354 12.93 110 360 
0.069 2 1 1 -0.50 -0.50 -2.9 -1.5 -0.014 -0.146 -0.5081 -0.5655 12.94 110 360 
0.070 2 1 1 -0.50 -0.50 -3.1 -1.6 -0.157 -0.046 -0.4896 -0.5575 12.94 110 360 
0.071 2 1 1 -0.50 -0.50 -3.0 -1.9 -0.195 -0.056 -0.4956 -0.5354 12.93 110 370 
0.072 2 1 1 -0.50 -0.50 -3.0 -1.8 -0.226 -0.085 -0.4956 -0.5426 12.94 100 360 
0.073 2 1 1 -0.50 -0.50 -3.6 -1.7 -0.248 0.030 -0.4562 -0.5498 12.94 110 370 
0.074 2 1 1 -0.50 -0.50 -3.1 -1.8 -0.222 -0.009 -0.4956 -0.5426 12.94 110 360 
0.075 2 1 1 -0.50 -0.50 -2.8 -1.8 -0.255 -0.076 -0.5149 -0.5426 12.94 110 360 
0.076 2 1 1 -0.50 -0.50 -2.8 -1.7 -0.220 -0.057 -0.5149 -0.5498 12.94 110 360 
0.077 2 1 1 -0.50 -0.50 -3.0 -1.6 -0.189 0.007 -0.5020 -0.5498 12.94 110 360 
0.078 2 1 1 -0.50 -0.50 -2.9 -1.5 -0.200 0.019 -0.5081 -0.5575 12.94 110 360 
0.079 2 1 1 -0.50 -0.50 -2.8 -1.6 -0.193 -0.039 -0.5149 -0.5498 12.94 100 360 
0.080 2 1 1 -0.50 -0.50 -3.1 -1.8 -0.132 -0.006 -0.4896 -0.5354 12.94 110 370 
0.081 2 1 1 -0.50 -0.50 -3.1 -1.7 -0.151 -0.011 -0.4896 -0.5426 12.94 110 360 
0.082 2 1 1 -0.50 -0.50 -3.0 -1.7 -0.173 -0.100 -0.5020 -0.5426 12.94 110 370 
0.083 2 1 1 -0.50 -0.50 -2.7 -1.8 -0.154 -0.040 -0.5213 -0.5354 12.94 110 370 
0.084 2 1 1 -0.50 -0.50 -2.7 -1.9 -0.140 -0.076 -0.5149 -0.5281 12.94 110 370 
0.085 2 1 1 -0.50 -0.50 -2.9 -1.8 -0.142 0.014 -0.5020 -0.5354 12.95 110 370 
0.086 2 1 1 -0.50 -0.50 -2.9 -1.9 -0.152 -0.084 -0.5020 -0.5281 12.94 110 370 
0.087 2 1 1 -0.50 -0.50 -2.9 -1.8 -0.201 0.048 -0.5020 -0.5281 12.94 110 360 
0.088 2 1 1 -0.50 -0.50 -3.3 -1.7 -0.150 -0.008 -0.4779 -0.5354 12.94 110 370 
0.089 2 1 1 -0.50 -0.50 -3.1 -1.7 -0.089 -0.106 -0.4896 -0.5354 12.94 110 360 
0.090 2 1 1 -0.50 -0.50 -2.9 -1.8 -0.039 -0.070 -0.5020 -0.5281 12.94 110 370 
0.091 2 1 1 -0.50 -0.50 -3.1 -1.8 -0.101 0.076 -0.4896 -0.5281 12.94 110 360 
0.092 2 1 1 -0.50 -0.50 -3.0 -1.8 -0.077 -0.124 -0.4956 -0.5281 12.94 110 370 
0.093 2 1 1 -0.50 -0.50 -3.1 -2.0 -0.042 -0.170 -0.4896 -0.5149 12.94 110 360 
0.094 2 1 1 -0.50 -0.50 -3.0 -1.8 -0.014 -0.269 -0.5020 -0.5281 12.94 110 370 
0.095 2 1 1 -0.50 -0.50 -2.9 -1.8 -0.025 -0.125 -0.5081 -0.5281 12.93 110 370 
0.096 2 1 1 -0.50 -0.50 -3.2 -2.0 -0.026 -0.106 -0.4836 -0.5149 12.94 110 360 
0.097 2 1 1 -0.50 -0.50 -3.1 -1.9 -0.072 -0.099 -0.4956 -0.5213 12.93 110 350 
0.098 2 1 1 -0.50 -0.50 -2.8 -1.9 -0.066 -0.139 -0.5149 -0.5213 12.93 110 370 
0.099 2 1 1 -0.50 -0.50 -3.3 -2.0 -0.140 -0.076 -0.4779 -0.5149 12.94 110 370 
0.100 2 1 1 -0.50 -0.50 -3.1 -1.9 -0.197 -0.046 -0.4896 -0.5213 12.94 100 360 
0.101 2 1 1 -0.50 -0.50 -2.5 -1.9 -0.236 -0.050 -0.5354 -0.5149 12.94 110 370 
0.102 2 1 1 -0.50 -0.50 -3.4 -2.0 -0.208 -0.044 -0.4723 -0.5081 12.92 110 370 
0.103 2 1 1 -0.50 -0.50 -3.1 -1.9 -0.231 -0.177 -0.4956 -0.5149 12.93 110 360 
0.104 2 1 1 -0.50 -0.50 -3.1 -2.2 -0.277 -0.059 -0.4956 -0.4956 12.94 100 350 
0.105 2 1 1 -0.50 -0.50 -2.8 -2.1 -0.261 -0.086 -0.5149 -0.5020 12.94 100 360 
0.106 2 1 1 -0.50 -0.50 -2.6 -1.7 -0.193 -0.257 -0.5281 -0.5281 12.94 110 370 
0.107 2 1 1 -0.50 -0.50 -2.9 -2.2 -0.189 -0.098 -0.5081 -0.4956 12.94 110 370 
0.108 2 1 1 -0.50 -0.50 -2.8 -2.1 -0.209 0.018 -0.5149 -0.5020 12.94 110 360 
0.109 2 1 1 -0.50 -0.50 -2.9 -2.0 -0.191 0.023 -0.5020 -0.5081 12.94 110 360 
0.110 2 1 1 -0.50 -0.50 -2.9 -1.9 -0.201 -0.121 -0.5081 -0.5149 12.94 110 370 
0.111 2 1 1 -0.50 -0.50 -2.7 -2.0 -0.239 -0.055 -0.5149 -0.5081 12.94 110 360 
0.112 2 1 1 -0.50 -0.50 -3.1 -1.9 -0.068 -0.266 -0.4896 -0.5149 12.94 110 360 
0.113 2 1 1 -0.50 -0.50 -2.9 -1.8 -0.057 -0.069 -0.5020 -0.5213 12.94 110 370 
0.114 2 1 1 -0.50 -0.50 -2.6 -1.8 -0.002 -0.181 -0.5213 -0.5213 12.94 110 360 
0.115 2 1 1 -0.50 -0.50 -3.0 -1.7 0.022 -0.137 -0.4956 -0.5281 12.94 100 360 
0.116 2 1 1 -0.50 -0.50 -2.9 -1.7 0.001 -0.089 -0.5020 -0.5281 12.94 110 360 
0.117 2 1 1 -0.50 -0.50 -2.8 -2.0 -0.097 -0.116 -0.5081 -0.5081 12.94 110 360 
0.118 2 1 1 -0.50 -0.50 -3.0 -1.9 -0.186 -0.047 -0.4956 -0.5149 12.93 110 350 
0.119 2 1 1 -0.50 -0.50 -2.9 -1.8 -0.229 -0.072 -0.5020 -0.5213 12.93 110 360 
0.120 2 1 1 -0.50 -0.50 -3.0 -1.7 -0.250 -0.028 -0.4956 -0.5281 12.94 110 360 
0.121 2 1 1 -0.50 -0.50 -2.8 -2.0 -0.239 0.029 -0.5081 -0.5081 12.94 110 370 
0.122 2 1 1 -0.50 -0.50 -2.6 -1.9 -0.191 -0.084 -0.5213 -0.5149 12.94 110 370 
0.123 2 1 1 -0.50 -0.50 -2.9 -1.9 -0.174 -0.084 -0.5020 -0.5149 12.94 110 360 
0.124 2 1 1 -0.50 -0.50 -2.7 -1.9 -0.166 0.045 -0.5149 -0.5149 12.94 110 360 
0.125 2 1 1 -0.50 -0.50 -2.7 -1.7 -0.163 -0.173 -0.5149 -0.5213 12.94 110 370 
0.126 2 1 1 -0.50 -0.50 -3.2 -1.6 -0.161 -0.104 -0.4836 -0.5281 12.93 110 360 
0.127 2 1 1 -0.50 -0.50 -3.0 -1.7 -0.174 0.001 -0.4956 -0.5213 12.94 100 360 
0.128 2 1 1 -0.50 -0.50 -2.9 -1.8 -0.132 -0.092 -0.5020 -0.5149 12.94 110 370 
0.129 2 1 1 -0.50 -0.50 -2.9 -1.7 -0.128 -0.159 -0.5020 -0.5213 12.94 110 360 
0.130 2 1 1 -0.50 -0.50 -2.9 -1.8 -0.114 -0.220 -0.5020 -0.5149 12.94 110 370 
0.131 2 1 1 -0.50 -0.50 -3.1 -2.0 -0.104 -0.213 -0.4896 -0.5020 12.94 110 360 
0.132 2 1 1 -0.50 -0.50 -3.0 -1.8 -0.093 -0.240 -0.4956 -0.5149 12.94 110 350 
0.133 2 1 1 -0.50 -0.50 -2.9 -1.9 -0.107 -0.296 -0.5020 -0.5081 12.94 110 360 
0.134 2 1 1 -0.50 -0.50 -3.2 -2.0 -0.060 -0.134 -0.4836 -0.5020 12.94 110 370 
0.135 2 1 1 -0.50 -0.50 -3.0 -1.9 -0.063 -0.223 -0.4956 -0.5081 12.94 110 370 
0.136 2 1 1 -0.50 -0.50 -2.8 -1.9 -0.121 -0.084 -0.5081 -0.5081 12.93 110 370 
0.137 2 1 1 -0.50 -0.50 -2.7 -2.0 -0.118 -0.193 -0.5149 -0.5020 12.93 110 360 
0.138 2 1 1 -0.50 -0.50 -3.3 -1.9 -0.033 -0.064 -0.4779 -0.5081 12.93 110 360 
0.139 2 1 1 -0.50 -0.50 -2.4 -1.9 -0.174 -0.000 -0.5354 -0.5081 12.92 110 340 
0.140 2 1 1 -0.50 -0.50 -2.6 -1.9 -0.230 -0.039 -0.5213 -0.5081 12.93 110 360 
0.141 2 1 1 -0.50 -0.50 -3.4 -1.8 -0.235 0.029 -0.4723 -0.5149 12.93 100 360 
0.142 2 1 1 -0.50 -0.50 -3.1 -2.1 -0.254 0.064 -0.4896 -0.4956 12.94 110 360 
0.143 2 1 1 -0.50 -0.50 -2.8 -2.0 -0.244 0.080 -0.5081 -0.5020 12.94 110 370 
0.144 2 1 1 -0.50 -0.50 -2.5 -1.7 -0.254 -0.126 -0.5281 -0.5213 12.94 110 360 
0.145 2 1 1 -0.50 -0.50 -2.6 -2.1 -0.197 -0.049 -0.5213 -0.4956 12.94 100 350 
0.146 2 1 1 -0.50 -0.50 -2.9 -2.0 -0.132 0.078 -0.5020 -0.5020 12.94 100 350 
0.147 2 1 1 -0.50 -0.50 -3.1 -2.0 -0.144 -0.122 -0.4896 -0.5020 12.94 100 350 
0.148 2 1 1 -0.50 -0.50 -2.9 -2.0 -0.195 -0.145 -0.5020 -0.5020 12.94 110 360 
0.149 2 1 1 -0.50 -0.50 -3.0 -2.0 -0.201 -0.020 -0.4956 -0.5020 12.94 110 360 
0.150 2 1 1 -0.50 -0.50 -2.8 -2.0 -0.227 -0.084 -0.5081 -0.5020 12.94 110 360 
0.151 2 1 1 -0.50 -0.50 -3.0 -1.9 -0.195 -0.076 -0.4956 -0.5081 12.94 110 370 
0.152 2 1 1 -0.50 -0.50 -2.6 -1.9 -0.178 -0.065 -0.5213 -0.5081 12.94 110 360 
0.153 2 1 1 -0.50 -0.50 -2.6 -1.8 -0.166 0.078 -0.5213 -0.5149 12.94 100 360 
0.154 2 1 1 -0.50 -0.50 -3.1 -1.8 -0.171 -0.046 -0.4896 -0.5149 12.94 110 360 
0.155 2 1 1 -0.50 -0.50 -2.8 -2.0 -0.201 0.032 -0.5081 -0.5020 12.94 110 370 
0.156 2 1 1 -0.50 -0.50 -2.7 -1.9 -0.208 -0.087 -0.5149 -0.5081 12.94 110 360 
0.157 2 1 1 -0.50 -0.50 -3.1 -1.8 -0.151 -0.136 -0.4896 -0.5149 12.94 110 360 
0.158 2 1 1 -0.50 -0.50 -3.0 -1.8 -0.188 -0.011 -0.4956 -0.5149 12.94 100 360 
0.159 2 1 1 -0.50 -0.50 -2.9 -1.9 -0.125 -0.054 -0.5020 -0.5081 12.94 120 370 
0.160 2 1 1 -0.50 -0.50 -2.6 -1.9 -0.080 0.027 -0.5213 -0.5081 12.93 110 360 
0.161 2 1 1 -0.50 -0.50 -2.7 -1.9 -0.145 -0.020 -0.5149 -0.5081 12.94 100 350 
0.162 2 1 1 -0.50 -0.50 -3.0 -1.9 -0.139 -0.037 -0.4956 -0.5020 12.94 110 370 
0.163 2 1 1 -0.50 -0.50 -2.8 -1.9 -0.175 -0.183 -0.5081 -0.5020 12.94 110 370 
0.164 2 1 1 -0.50 -0.50 -2.8 -1.6 -0.172 -0.061 -0.5081 -0.5213 12.94 110 360 
0.165 2 1 1 -0.50 -0.50 -3.2 -1.7 -0.147 -0.020 -0.4779 -0.5149 12.94 110 360 
0.166 2 1 1 -0.50 -0.50 -3.0 -1.8 -0.174 0.082 -0.4956 -0.5081 12.94 110 370 
0.167 2 1 1 -0.50 -0.50 -2.8 -1.7 -0.181 -0.014 -0.5081 -0.5149 12.94 110 360 
0.168 2 1 1 -0.50 -0.50 -3.0 -1.8 -0.203 -0.046 -0.4956 -0.5081 12.94 110 350 
0.169 2 1 1 -0.50 -0.50 -2.9 -2.0 -0.216 -0.034 -0.5020 -0.4956 12.94 110 350 
0.170 2 1 1 -0.50 -0.50 -3.0 -1.9 -0.253 0.036 -0.4956 -0.5020 12.94 110 370 
0.171 2 1 1 -0.50 -0.50 -2.9 -1.9 -0.239 -0.023 -0.5020 -0.5020 12.94 110 360 
0.172 2 1 1 -0.50 -0.50 -2.8 -2.0 -0.216 -0.011 -0.5081 -0.4956 12.94 110 360 
0.173 2 1 1 -0.50 -0.50 -3.1 -1.9 -0.252 0.038 -0.4896 -0.5020 12.94 110 360 
0.174 2 1 1 -0.50 -0.50 -2.9 -1.8 -0.242 0.007 -0.5020 -0.5081 12.94 110 370 
0.175 2 1 1 -0.50 -0.50 -2.7 -1.8 -0.176 0.064 -0.5149 -0.5081 12.94 110 360 
0.176 2 1 1 -0.50 -0.50 -3.2 -1.8 -0.174 -0.039 -0.4779 -0.5081 12.94 110 360 
0.177 2 1 1 -0.50 -0.50 -3.0 -1.8 -0.204 -0.026 -0.4956 -0.5081 12.94 110 360 
0.178 2 1 1 -0.50 -0.50 -2.4 -1.9 -0.139 -0.087 -0.5354 -0.5020 12.94 110 370 
0.179 2 1 1 -0.50 -0.50 -3.1 -1.9 -0.060 -0.160 -0.4896 -0.5020 12.94 110 370 
0.180 2 1 1 -0.50 -0.50 -3.1 -2.1 -0.030 -0.336 -0.4896 -0.4896 12.94 110 360 
0.181 2 1 1 -0.50 -0.50 -3.1 -2.0 0.017 -0.395 -0.4896 -0.4956 12.94 110 360 
0.182 2 1 1 -0.50 -0.50 -2.8 -1.6 0.005 -0.340 -0.5081 -0.5213 12.94 110 370 
0.183 2 1 1 -0.50 -0.50 -2.6 -1.9 0.016 -0.318 -0.5213 -0.5020 12.94 110 370 
0.184 2 1 1 -0.50 -0.50 -2.8 -2.0 0.039 -0.407 -0.5081 -0.4956 12.94 110 360 
0.185 2 1 1 -0.50 -0.50 -2.7 -1.9 0.049 -0.201 -0.5149 -0.5020 12.94 110 350 
0.186 2 1 1 -0.50 -0.50 -3.0 -1.8 0.024 -0.208 -0.4956 -0.5081 12.93 110 370 
0.187 2 1 1 -0.50 -0.50 -2.8 -1.9 -0.071 -0.049 -0.5081 -0.5020 12.93 110 370 
0.188 2 1 1 -0.50 -0.50 -2.8 -1.8 -0.108 -0.029 -0.5081 -0.5081 12.93 110 360 
0.189 2 1 1 -0.50 -0.50 -3.1 -1.7 -0.174 0.011 -0.4836 -0.5149 12.93 110 360 
0.190 2 1 1 -0.50 -0.50 -3.0 -1.6 -0.235 0.071 -0.4956 -0.5213 12.93 110 370 
0.191 2 1 1 -0.50 -0.50 -2.6 -1.6 -0.225 -0.013 -0.5213 -0.5213 12.94 110 360 
0.192 2 1 1 -0.50 -0.50 -3.1 -1.7 -0.211 0.043 -0.4896 -0.5149 12.93 100 360 
0.193 2 1 1 -0.50 -0.50 -3.0 -1.9 -0.244 0.018 -0.4956 -0.5020 12.94 100 360 
0.194 2 1 1 -0.50 -0.50 -2.8 -1.9 -0.260 0.076 -0.5081 -0.5020 12.94 110 360 
0.195 2 1 1 -0.50 -0.50 -2.7 -1.7 -0.195 -0.059 -0.5149 -0.5149 12.94 100 360 
0.196 2 1 1 -0.50 -0.50 -2.9 -1.7 -0.166 -0.117 -0.5020 -0.5149 12.94 100 350 
0.197 2 1 1 -0.50 -0.50 -3.1 -1.8 -0.174 -0.034 -0.4896 -0.5081 12.94 110 360 
0.198 2 1 1 -0.50 -0.50 -2.9 -1.9 -0.211 -0.007 -0.5020 -0.5020 12.94 100 360 
0.199 2 1 1 -0.50 -0.50 -2.6 -1.9 -0.203 0.015 -0.5213 -0.5020 12.94 110 370 
0.200 2 1 1 -0.50 -0.50 -2.9 -1.9 -0.159 0.007 -0.5020 -0.5020 12.94 110 360 
0.201 2 1 1 -0.50 -0.50 -2.8 -2.0 -0.150 -0.141 -0.5081 -0.4956 12.94 110 350 
0.202 2 1 1 -0.50 -0.50 -2.8 -1.9 -0.178 -0.087 -0.5081 -0.5020 12.94 110 370 
0.203 2 1 1 -0.50 -0.50 -2.8 -1.8 -0.140 -0.110 -0.5081 -0.5081 12.94 110 370 
0.204 2 1 1 -0.50 -0.50 -3.0 -1.9 -0.183 0.059 -0.4956 -0.5020 12.94 110 370 
0.205 2 1 1 -0.50 -0.50 -2.9 -1.9 -0.177 -0.031 -0.5020 -0.5020 12.94 110 350 
0.206 2 1 1 -0.50 -0.50 -2.8 -1.8 -0.174 -0.091 -0.5081 -0.5081 12.94 100 360 
0.207 2 1 1 -0.50 -0.50 -3.0 -2.0 -0.154 -0.106 -0.4956 -0.4956 12.94 110 370 
0.208 2 1 1 -0.50 -0.50 -3.0 -2.0 -0.113 -0.101 -0.4956 -0.4896 12.94 110 360 
0.209 2 1 1 -0.50 -0.50 -2.9 -2.1 -0.060 -0.170 -0.5020 -0.4896 12.94 110 360 
0.210 2 1 1 -0.50 -0.50 -2.9 -2.1 -0.030 -0.144 -0.5020 -0.4896 12.94 110 360 
0.211 2 1 1 -0.50 -0.50 -2.8 -2.2 -0.001 -0.162 -0.5081 -0.4779 12.94 110 370 
0.212 2 1 1 -0.50 -0.50 -2.9 -2.1 0.003 -0.164 -0.5020 -0.4896 12.94 110 370 
0.213 2 1 1 -0.50 -0.50 -2.7 -2.1 -0.043 -0.108 -0.5149 -0.4896 12.94 110 350 
0.214 2 1 1 -0.50 -0.50 -2.7 -2.2 -0.051 -0.247 -0.5149 -0.4836 12.93 110 360 
0.215 2 1 1 -0.50 -0.50 -3.2 -2.0 -0.125 -0.243 -0.4779 -0.4956 12.93 100 360 
0.216 2 1 1 -0.50 -0.50 -2.3 -2.0 -0.179 -0.282 -0.5354 -0.4956 12.93 110 370 
0.217 2 1 1 -0.50 -0.50 -2.5 -2.0 -0.184 -0.143 -0.5213 -0.4956 12.94 110 370 
0.218 2 1 1 -0.50 -0.50 -3.4 -1.9 -0.160 -0.167 -0.4667 -0.5020 12.94 110 350 
0.219 2 1 1 -0.50 -0.50 -3.0 -2.1 -0.207 -0.201 -0.4896 -0.4896 12.94 110 350 
0.220 2 1 1 -0.50 -0.50 -3.0 -1.9 -0.183 -0.198 -0.4896 -0.5020 12.94 110 370 
0.221 2 1 1 -0.50 -0.50 -2.5 -1.6 -0.155 -0.257 -0.5281 -0.5213 12.93 110 360 
0.222 2 1 1 -0.50 -0.50 -2.5 -2.0 -0.128 -0.273 -0.5213 -0.4956 12.94 110 360 
0.223 2 1 1 -0.50 -0.50 -2.8 -1.9 -0.078 -0.190 -0.5020 -0.5020 12.94 110 360 
0.224 2 1 1 -0.50 -0.50 -3.0 -1.8 -0.069 -0.050 -0.4896 -0.5081 12.94 110 360 
0.225 2 1 1 -0.50 -0.50 -2.8 -1.8 -0.105 -0.053 -0.5020 -0.5081 12.94 100 350 
0.226 2 1 1 -0.50 -0.50 -2.9 -1.8 -0.197 0.052 -0.4956 -0.5081 12.94 100 350 
0.227 2 1 1 -0.50 -0.50 -2.7 -1.8 -0.193 -0.098 -0.5081 -0.5081 12.94 100 350 
0.228 2 1 1 -0.50 -0.50 -3.2 -1.7 -0.174 -0.169 -0.4779 -0.5149 12.94 110 370 
0.229 2 1 1 -0.50 -0.50 -2.6 -1.7 -0.142 -0.155 -0.5149 -0.5149 12.94 110 350 
0.230 2 1 1 -0.50 -0.50 -2.6 -1.6 -0.155 -0.195 -0.5149 -0.5213 12.94 100 360 
0.231 2 1 1 -0.50 -0.50 -3.0 -1.7 -0.101 -0.316 -0.4896 -0.5149 12.94 110 360 
0.232 2 1 1 -0.50 -0.50 -2.9 -1.9 -0.150 -0.092 -0.4956 -0.5020 12.94 110 360 
0.233 2 1 1 -0.50 -0.50 -2.6 -1.8 -0.170 -0.004 -0.5149 -0.5081 12.94 100 360 
0.234 2 1 1 -0.50 -0.50 -3.0 -1.8 -0.176 0.026 -0.4896 -0.5081 12.94 110 350 
0.235 2 1 1 -0.50 -0.50 -2.9 -1.7 -0.213 -0.007 -0.4956 -0.5149 12.94 110 370 
0.236 2 1 1 -0.50 -0.50 -3.1 -1.8 -0.199 0.144 -0.4836 -0.5081 12.94 110 370 
0.237 2 1 1 -0.50 -0.50 -2.6 -1.9 -0.227 -0.002 -0.5149 -0.4956 12.94 110 360 
0.238 2 1 1 -0.50 -0.50 -2.6 -2.0 -0.181 0.033 -0.5149 -0.4896 12.94 110 350 
0.239 2 1 1 -0.50 -0.50 -2.8 -2.0 -0.151 -0.021 -0.5020 -0.4896 12.94 100 360 
0.240 2 1 1 -0.50 -0.50 -2.7 -2.0 -0.159 -0.023 -0.5081 -0.4896 12.94 110 360 
0.241 2 1 1 -0.50 -0.50 -2.7 -1.8 -0.192 -0.115 -0.5081 -0.5081 12.94 110 360 
0.242 2 1 1 -0.50 -0.50 -3.1 -1.9 -0.155 -0.072 -0.4836 -0.5020 12.94 110 350 
0.243 2 1 1 -0.50 -0.50 -2.9 -2.0 -0.164 -0.075 -0.4956 -0.4956 12.94 110 360 
0.244 2 1 1 -0.50 -0.50 -2.8 -1.9 -0.212 -0.049 -0.5020 -0.5020 12.94 110 360 
0.245 2 1 1 -0.50 -0.50 -2.9 -1.9 -0.168 -0.195 -0.4956 -0.5020 12.94 110 370 
0.246 2 1 1 -0.50 -0.50 -2.8 -2.0 -0.178 -0.099 -0.5020 -0.4896 12.94 110 360 
0.247 2 1 1 -0.50 -0.50 -2.9 -2.0 -0.170 -0.008 -0.4956 -0.4956 12.94 100 350 
0.248 2 1 1 -0.50 -0.50 -2.8 -1.9 -0.164 -0.057 -0.5020 -0.5020 12.95 110 360 
0.249 2 1 1 -0.50 -0.50 -2.8 -1.9 -0.136 -0.104 -0.5020 -0.5020 12.95 110 360 
0.250 2 1 1 -0.50 -0.50 -3.0 -1.9 -0.185 -0.072 -0.4896 -0.5020 12.94 100 350 
0.251 2 1 1 -0.50 -0.50 -2.8 -1.9 -0.183 -0.077 -0.5020 -0.5020 12.94 110 350 
0.252 2 1 1 -0.50 -0.50 -2.6 -1.9 -0.168 -0.038 -0.5149 -0.5020 12.94 100 360 
0.253 2 1 1 -0.50 -0.50 -2.6 -2.0 -0.191 -0.029 -0.5149 -0.4956 12.94 110 370 
0.254 2 1 1 -0.50 -0.50 -2.9 -1.9 -0.147 0.061 -0.4956 -0.5020 12.94 110 360 
0.255 2 1 1 -0.50 -0.50 -2.3 -1.9 -0.117 -0.040 -0.5354 -0.5020 12.94 110 350 
0.256 2 1 1 -0.50 -0.50 -2.4 -1.9 -0.040 0.046 -0.5281 -0.5020 12.94 110 360 
0.257 2 1 1 -0.50 -0.50 -3.3 -1.9 0.026 -0.030 -0.4723 -0.5020 12.94 110 370 
0.258 2 1 1 -0.50 -0.50 -3.0 -2.0 0.005 -0.018 -0.4896 -0.4956 12.81 110 360 
0.259 2 1 1 -0.50 -0.50 -2.8 -1.6 -0.041 -0.081 -0.5020 -0.5213 12.90 110 360 
0.260 2 1 1 -0.50 -0.50 -2.4 -1.7 -0.045 -0.081 -0.5281 -0.5149 12.92 110 360 
0.261 2 1 1 -0.50 -0.50 -2.5 -2.0 -0.026 -0.044 -0.5213 -0.4896 12.93 110 360 
0.262 2 1 1 -0.50 -0.50 -2.7 -1.8 -0.101 0.021 -0.5081 -0.5020 12.94 100 350 
0.263 2 1 1 -0.50 -0.50 -3.0 -1.8 -0.159 0.004 -0.4896 -0.5081 12.94 110 350 
0.264 2 1 1 -0.50 -0.50 -2.9 -1.8 -0.245 -0.081 -0.4956 -0.5020 12.94 100 360 
0.265 2 1 1 -0.50 -0.50 -3.0 -1.8 -0.242 -0.046 -0.4896 -0.5020 12.94 100 360 
0.266 2 1 1 -0.50 -0.50 -3.1 -1.8 -0.215 -0.105 -0.4836 -0.5081 12.94 110 370 
0.267 2 1 1 -0.50 -0.50 -3.0 -1.5 -0.208 0.029 -0.4896 -0.5213 12.94 110 360 
0.268 2 1 1 -0.50 -0.50 -2.6 -1.7 -0.132 -0.050 -0.5149 -0.5081 12.94 110 360 
0.269 2 1 1 -0.50 -0.50 -2.6 -1.6 -0.064 -0.125 -0.5149 -0.5149 12.94 110 360 
0.270 2 1 1 -0.50 -0.50 -3.0 -1.8 -0.024 -0.118 -0.4896 -0.5020 12.94 110 350 
0.271 2 1 1 -0.50 -0.50 -2.8 -1.8 0.005 -0.012 -0.5020 -0.5020 12.94 110 350 
0.272 2 1 1 -0.50 -0.50 -2.7 -1.7 0.013 -0.110 -0.5081 -0.5081 12.95 110 350 
0.273 2 1 1 -0.50 -0.50 -3.1 -1.7 0.002 -0.129 -0.4836 -0.5081 12.94 100 360 
0.274 2 1 1 -0.50 -0.50 -2.9 -1.7 -0.010 -0.118 -0.4956 -0.5081 12.93 110 370 
0.275 2 1 1 -0.50 -0.50 -2.8 -1.8 0.011 -0.255 -0.5020 -0.5020 12.94 110 360 
0.276 2 1 1 -0.50 -0.50 -2.5 -1.7 0.054 -0.181 -0.5213 -0.5081 12.94 100 350 
0.277 2 1 1 -0.50 -0.50 -2.6 -1.8 0.024 -0.134 -0.5149 -0.5020 12.93 100 350 
0.278 2 1 1 -0.50 -0.50 -2.9 -1.8 -0.002 -0.293 -0.4956 -0.5020 12.94 110 370 
0.279 2 1 1 -0.50 -0.50 -2.8 -1.7 -0.133 -0.031 -0.5020 -0.5081 12.95 110 360 
0.280 2 1 1 -0.50 -0.50 -2.8 -1.6 -0.175 -0.108 -0.5020 -0.5149 12.95 110 360 
0.281 2 1 1 -0.50 -0.50 -3.3 -1.7 -0.158 0.002 -0.4723 -0.5081 12.94 110 360 
0.282 2 1 1 -0.50 -0.50 -3.0 -1.7 -0.193 -0.170 -0.4896 -0.5081 12.94 110 370 
0.283 2 1 1 -0.50 -0.50 -2.9 -1.6 -0.069 -0.164 -0.4956 -0.5149 12.92 110 360 
0.284 2 1 1 -0.50 -0.50 -3.0 -1.7 -0.162 -0.105 -0.4896 -0.5081 12.94 100 350 
0.285 2 1 1 -0.50 -0.50 -2.8 -2.0 -0.203 -0.102 -0.5020 -0.4896 12.94 110 360 
0.286 2 1 1 -0.50 -0.50 -2.9 -1.9 -0.213 0.033 -0.4956 -0.4956 12.91 110 360 
0.287 2 1 1 -0.50 -0.50 -2.8 -2.0 -0.233 -0.062 -0.5020 -0.4896 12.93 110 360 
0.288 2 1 1 -0.50 -0.50 -2.7 -2.1 -0.249 0.023 -0.5081 -0.4836 12.94 110 370 
0.289 2 1 1 -0.50 -0.50 -3.0 -2.0 -0.202 -0.207 -0.4896 -0.4896 12.94 110 350 
0.290 2 1 1 -0.50 -0.50 -2.9 -2.0 -0.045 -0.229 -0.4956 -0.4896 12.94 100 350 
0.291 2 1 1 -0.50 -0.50 -2.7 -2.1 -0.148 -0.266 -0.5081 -0.4836 12.94 100 370 
0.292 2 1 1 -0.50 -0.50 -3.4 -2.0 -0.147 -0.091 -0.4615 -0.4896 12.93 110 370 
0.293 2 1 1 -0.50 -0.50 -2.9 -1.9 -0.220 -0.141 -0.4956 -0.4956 12.94 110 360 
0.294 2 1 1 -0.50 -0.50 -2.3 -1.9 -0.191 -0.255 -0.5354 -0.4956 12.95 110 370 
0.295 2 1 1 -0.50 -0.50 -2.4 -1.8 -0.142 -0.017 -0.5281 -0.5020 12.95 110 370 
0.296 2 1 1 -0.50 -0.50 -3.3 -2.1 -0.078 -0.042 -0.4723 -0.4836 12.94 100 350 
0.297 2 1 1 -0.50 -0.50 -3.0 -2.0 -0.163 -0.031 -0.4896 -0.4896 12.94 110 360 
0.298 2 1 1 -0.50 -0.50 -2.7 -1.6 -0.141 -0.124 -0.5081 -0.5149 12.94 110 360 
0.299 2 1 1 -0.50 -0.50 -2.4 -1.8 -0.146 -0.091 -0.5281 -0.5020 12.94 110 360 
0.300 2 1 1 -0.50 -0.50 -2.7 -2.0 -0.151 -0.085 -0.5081 -0.4896 12.94 100 350 
0.301 2 1 1 -0.50 -0.50 -2.6 -1.9 -0.129 0.002 -0.5149 -0.4956 12.94 110 360 
0.302 2 1 1 -0.50 -0.50 -2.9 -1.8 -0.125 -0.042 -0.4956 -0.5020 12.94 110 350 
0.303 2 1 1 -0.50 -0.50 -2.8 -1.9 -0.136 -0.217 -0.5020 -0.4956 12.94 110 350 
0.304 2 1 1 -0.50 -0.50 -2.7 -1.8 -0.052 -0.274 -0.5081 -0.5020 12.94 110 370 
0.305 2 1 1 -0.50 -0.50 -3.2 -1.7 0.014 -0.266 -0.4779 -0.5081 12.94 100 350 
0.306 2 1 1 -0.50 -0.50 -3.0 -1.5 0.036 -0.415 -0.4896 -0.5213 12.94 110 350 
0.307 2 1 1 -0.50 -0.50 -2.7 -1.6 0.041 -0.395 -0.5081 -0.5149 12.93 100 350 
0.308 2 1 1 -0.50 -0.50 -2.7 -1.6 0.059 -0.262 -0.5081 -0.5149 12.93 110 350 
0.309 2 1 1 -0.50 -0.50 -2.9 -1.8 0.023 -0.217 -0.4956 -0.5020 12.93 110 370 
0.310 2 1 1 -0.50 -0.50 -2.8 -1.8 -0.109 -0.135 -0.5020 -0.5020 12.94 110 360 
0.311 2 1 1 -0.50 -0.50 -2.7 -1.6 -0.154 -0.211 -0.5081 -0.5149 12.94 110 370 
0.312 2 1 1 -0.50 -0.50 -3.1 -1.6 -0.172 -0.091 -0.4836 -0.5149 12.93 110 360 
0.313 2 1 1 -0.50 -0.50 -3.1 -1.7 -0.185 -0.100 -0.4836 -0.5081 12.93 110 360 
0.314 2 1 1 -0.50 -0.50 -2.8 -1.8 -0.211 -0.060 -0.5020 -0.5020 12.93 110 360 
0.315 2 1 1 -0.50 -0.50 -2.5 -1.8 -0.211 0.013 -0.5213 -0.5020 12.94 110 370 
0.316 2 1 1 -0.50 -0.50 -2.5 -1.8 -0.226 0.048 -0.5213 -0.5020 12.94 110 360 
0.317 2 1 1 -0.50 -0.50 -2.7 -1.8 -0.193 -0.047 -0.5081 -0.5020 12.94 110 360 
0.318 2 1 1 -0.50 -0.50 -2.7 -1.7 -0.163 -0.082 -0.5081 -0.5081 12.94 100 350 
0.319 2 1 1 -0.50 -0.50 -2.7 -1.6 -0.136 -0.122 -0.5081 -0.5149 12.94 100 350 
0.320 2 1 1 -0.50 -0.50 -3.1 -1.7 -0.153 -0.024 -0.4836 -0.5081 12.95 110 360 
0.321 2 1 1 -0.50 -0.50 -2.9 -1.7 -0.182 -0.023 -0.4956 -0.5081 12.94 110 370 
0.322 2 1 1 -0.50 -0.50 -2.7 -1.6 -0.187 0.027 -0.5081 -0.5149 12.94 110 360 
0.323 2 1 1 -0.50 -0.50 -2.9 -1.9 -0.167 -0.174 -0.4956 -0.4956 12.94 110 370 
0.324 2 1 1 -0.50 -0.50 -2.8 -1.8 -0.172 -0.164 -0.5020 -0.5020 12.94 110 350 
0.325 2 1 1 -0.50 -0.50 -2.9 -1.7 -0.190 -0.007 -0.4956 -0.5081 12.94 110 360 
0.326 2 1 1 -0.50 -0.50 -2.8 -1.8 -0.086 -0.120 -0.5020 -0.5020 12.94 110 370 
0.327 2 1 1 -0.50 -0.50 -2.7 -2.0 -0.096 -0.236 -0.5081 -0.4896 12.94 100 360 
0.328 2 1 1 -0.50 -0.50 -3.0 -1.8 -0.107 -0.167 -0.4896 -0.5020 12.94 110 360 
0.329 2 1 1 -0.50 -0.50 -2.9 -1.8 -0.122 -0.125 -0.4956 -0.5020 12.93 110 370 
0.330 2 1 1 -0.50 -0.50 -2.6 -1.9 -0.105 -0.087 -0.5149 -0.4956 12.94 110 370 
0.331 2 1 1 -0.50 -0.50 -3.2 -1.8 -0.177 -0.005 -0.4779 -0.5020 12.94 110 360 
0.332 2 1 1 -0.50 -0.50 -2.9 -1.9 -0.207 0.025 -0.4956 -0.4956 12.94 110 360 
0.333 2 1 1 -0.50 -0.50 -2.3 -2.0 -0.244 0.000 -0.5354 -0.4896 12.94 110 360 
0.334 2 1 1 -0.50 -0.50 -4.0 -2.0 -0.170 0.111 -0.4225 -0.4896 12.94 110 360 
0.335 2 1 1 -0.50 -0.50 -3.1 -2.2 -0.250 -0.048 -0.4836 -0.4779 12.94 110 370 
0.336 2 1 1 -0.50 -0.50 -3.1 -1.7 -0.269 -0.020 -0.4836 -0.5081 12.94 110 370 
0.337 2 1 1 -0.50 -0.50 -2.8 -1.7 -0.239 -0.106 -0.5020 -0.5081 12.94 110 350 
0.338 2 1 1 -0.50 -0.50 -2.5 -2.1 -0.201 0.030 -0.5213 -0.4836 12.94 110 370 
0.339 2 1 1 -0.50 -0.50 -2.7 -2.1 -0.169 -0.048 -0.5081 -0.4836 12.94 110 360 
0.340 2 1 1 -0.50 -0.50 -2.6 -1.9 -0.182 -0.035 -0.5149 -0.4956 12.94 100 360 
0.341 2 1 1 -0.50 -0.50 -2.9 -2.0 -0.159 -0.068 -0.4956 -0.4896 12.95 110 360 
0.342 2 1 1 -0.50 -0.50 -2.9 -1.9 -0.155 -0.000 -0.4956 -0.4956 12.95 100 350 
0.343 2 1 1 -0.50 -0.50 -2.7 -1.8 -0.163 -0.068 -0.5081 -0.5020 12.94 110 360 
0.344 2 1 1 -0.50 -0.50 -3.1 -1.7 -0.144 -0.108 -0.4836 -0.5081 12.94 100 360 
0.345 2 1 1 -0.50 -0.50 -2.8 -1.7 -0.189 -0.206 -0.5020 -0.5081 12.94 110 360 
0.346 2 1 1 -0.50 -0.50 -2.5 -1.7 -0.154 -0.095 -0.5213 -0.5081 12.94 100 350 
0.347 2 1 1 -0.50 -0.50 -2.9 -1.7 -0.140 -0.190 -0.4956 -0.5081 12.95 110 350 
0.348 2 1 1 -0.50 -0.50 -2.7 -1.9 -0.145 0.038 -0.5081 -0.4956 12.94 110 360 
0.349 2 1 1 -0.50 -0.50 -2.6 -1.8 -0.188 -0.020 -0.5149 -0.5020 12.94 110 370 
0.350 2 1 1 -0.50 -0.50 -2.9 -1.7 -0.155 0.027 -0.4956 -0.5081 12.94 110 370 
0.351 2 1 1 -0.50 -0.50 -2.7 -1.7 -0.129 -0.035 -0.5081 -0.5081 12.94 110 360 
0.352 2 1 1 -0.50 -0.50 -2.9 -1.8 -0.044 -0.084 -0.4956 -0.5020 12.94 110 360 
0.353 2 1 1 -0.50 -0.50 -2.7 -1.8 -0.022 -0.041 -0.5081 -0.5020 12.94 110 360 
0.354 2 1 1 -0.50 -0.50 -2.5 -1.8 0.005 -0.027 -0.5213 -0.5020 12.94 110 360 
0.355 2 1 1 -0.50 -0.50 -2.8 -1.9 0.022 -0.003 -0.5020 -0.4956 12.94 110 350 
0.356 2 1 1 -0.50 -0.50 -2.6 -1.9 0.024 -0.209 -0.5149 -0.4956 12.94 110 360 
0.357 2 1 1 -0.50 -0.50 -2.6 -1.6 -0.114 -0.189 -0.5149 -0.5149 12.94 110 370 
0.358 2 1 1 -0.50 -0.50 -3.0 -1.8 -0.118 0.008 -0.4896 -0.5020 12.94 100 350 
0.359 2 1 1 -0.50 -0.50 -2.8 -1.8 -0.136 0.008 -0.5020 -0.5020 12.94 110 350 
0.360 2 1 1 -0.50 -0.50 -2.7 -1.8 -0.149 -0.004 -0.5081 -0.5020 12.94 100 360 
0.361 2 1 1 -0.50 -0.50 -2.7 -1.8 -0.164 0.025 -0.5081 -0.5020 12.94 100 360 
0.362 2 1 1 -0.50 -0.50 -2.9 -2.0 -0.189 -0.018 -0.4956 -0.4896 12.94 110 360 
0.363 2 1 1 -0.50 -0.50 -3.0 -1.9 -0.203 -0.100 -0.4896 -0.4956 12.94 110 360 
0.364 2 1 1 -0.50 -0.50 -2.9 -1.8 -0.200 0.015 -0.4956 -0.5020 12.94 100 340 
0.365 2 1 1 -0.50 -0.50 -2.8 -1.8 -0.065 -0.058 -0.5020 -0.5020 12.94 110 360 
0.366 2 1 1 -0.50 -0.50 -2.9 -1.8 -0.019 -0.217 -0.4956 -0.5020 12.94 100 350 
0.367 2 1 1 -0.50 -0.50 -3.0 -1.8 0.015 -0.168 -0.4896 -0.5020 12.94 110 360 
0.368 2 1 1 -0.50 -0.50 -2.8 -1.8 -0.012 -0.223 -0.5020 -0.5020 12.94 110 350 
0.369 2 1 1 -0.50 -0.50 -2.7 -1.9 -0.024 -0.165 -0.5081 -0.4956 12.94 110 370 
0.370 2 1 1 -0.50 -0.50 -3.2 -1.8 -0.112 -0.135 -0.4723 -0.5020 12.94 110 370 
0.371 2 1 1 -0.50 -0.50 -2.4 -1.8 -0.196 -0.078 -0.5281 -0.5020 12.93 110 360 
0.372 2 1 1 -0.50 -0.50 -2.5 -1.8 -0.200 -0.100 -0.5213 -0.5020 12.93 110 360 
0.373 2 1 1 -0.50 -0.50 -3.3 -1.7 -0.121 -0.043 -0.4667 -0.5081 12.94 100 350 
0.374 2 1 1 -0.50 -0.50 -3.1 -1.9 -0.189 -0.115 -0.4836 -0.4956 12.94 110 360 
0.375 2 1 1 -0.50 -0.50 -3.1 -1.6 -0.197 -0.074 -0.4836 -0.5149 12.94 110 370 
0.376 2 1 1 -0.50 -0.50 -2.5 -1.6 -0.178 -0.159 -0.5213 -0.5149 12.94 110 360 
0.377 2 1 1 -0.50 -0.50 -2.5 -2.0 -0.141 -0.099 -0.5213 -0.4896 12.93 100 360 
0.378 2 1 1 -0.50 -0.50 -2.8 -1.9 -0.126 -0.116 -0.5020 -0.4956 12.94 100 370 
0.379 2 1 1 -0.50 -0.50 -2.9 -1.7 -0.214 0.065 -0.4956 -0.5081 12.94 110 370 
0.380 2 1 1 -0.50 -0.50 -2.8 -1.9 -0.242 0.036 -0.5020 -0.4956 12.94 110 350 
0.381 2 1 1 -0.50 -0.50 -2.8 -1.9 -0.272 0.012 -0.5020 -0.4956 12.94 110 350 
0.382 2 1 1 -0.50 -0.50 -2.7 -1.8 -0.232 -0.038 -0.5081 -0.5020 12.94 110 370 
0.383 2 1 1 -0.50 -0.50 -3.1 -1.6 -0.218 -0.036 -0.4836 -0.5149 12.94 100 370 
0.384 2 1 1 -0.50 -0.50 -2.5 -1.7 -0.203 -0.015 -0.5213 -0.5081 12.94 110 360 
0.385 2 1 1 -0.50 -0.50 -2.5 -1.6 -0.174 0.018 -0.5213 -0.5149 12.95 100 360 
0.386 2 1 1 -0.50 -0.50 -3.0 -2.1 -0.159 -0.040 -0.4896 -0.4836 12.94 110 370 
0.387 2 1 1 -0.50 -0.50 -2.7 -1.9 -0.171 0.027 -0.5081 -0.4956 12.94 110 350 
0.388 2 1 1 -0.50 -0.50 -2.6 -1.8 -0.170 -0.090 -0.5149 -0.5020 12.95 100 350 
0.389 2 1 1 -0.50 -0.50 -3.0 -1.7 -0.123 -0.051 -0.4896 -0.5081 12.94 110 360 
0.390 2 1 1 -0.50 -0.50 -2.8 -1.8 -0.155 -0.079 -0.5020 -0.5020 12.95 120 370 
0.391 2 1 1 -0.50 -0.50 -3.0 -1.9 -0.163 -0.166 -0.4896 -0.4956 12.94 110 370 
0.392 2 1 1 -0.50 -0.50 -2.5 -1.8 -0.167 -0.147 -0.5213 -0.5020 12.94 110 360 
0.393 2 1 1 -0.50 -0.50 -2.6 -1.8 -0.157 -0.168 -0.5149 -0.5020 12.94 100 360 
0.394 2 1 1 -0.50 -0.50 -2.9 -1.8 -0.060 -0.164 -0.4956 -0.5020 12.94 110 350 
0.395 2 1 1 -0.50 -0.50 -2.7 -1.8 -0.075 -0.221 -0.5081 -0.5020 12.94 100 350 
0.396 2 1 1 -0.50 -0.50 -2.7 -1.6 -0.082 -0.178 -0.5081 -0.5149 12.94 110 370 
0.397 2 1 1 -0.50 -0.50 -3.1 -1.7 -0.132 -0.210 -0.4836 -0.5081 12.94 110 370 
0.398 2 1 1 -0.50 -0.50 -2.9 -1.8 -0.160 0.003 -0.4956 -0.5020 12.94 110 360 
0.399 2 1 1 -0.50 -0.50 -2.8 -1.7 -0.157 -0.187 -0.5020 -0.5081 12.94 110 370 
0.400 2 1 1 -0.50 -0.50 -3.0 -1.8 -0.189 -0.134 -0.4896 -0.5020 12.93 110 360 
0.401 2 1 1 -0.50 -0.50 -2.8 -2.0 -0.176 -0.072 -0.5020 -0.4896 12.94 110 360 
0.402 2 1 1 -0.50 -0.50 -2.9 -1.9 -0.174 -0.028 -0.4956 -0.4956 12.94 110 360 
0.403 2 1 1 -0.50 -0.50 -2.8 -1.8 -0.189 -0.053 -0.5020 -0.5020 12.94 110 370 
0.404 2 1 1 -0.50 -0.50 -2.7 -2.0 -0.056 -0.150 -0.5081 -0.4896 12.94 110 370 
0.405 2 1 1 -0.50 -0.50 -3.1 -1.8 -0.014 -0.116 -0.4836 -0.5020 12.94 110 360 
0.406 2 1 1 -0.50 -0.50 -2.9 -1.8 -0.032 -0.151 -0.4956 -0.5020 12.94 100 360 
0.407 2 1 1 -0.50 -0.50 -2.7 -1.9 -0.131 -0.027 -0.5081 -0.4956 12.93 100 370 
0.408 2 1 1 -0.50 -0.50 -3.1 -1.8 -0.206 0.069 -0.4779 -0.5020 12.94 110 360 
0.409 2 1 1 -0.50 -0.50 -3.0 -1.8 -0.205 0.039 -0.4896 -0.5020 12.93 110 360 
0.410 2 1 1 -0.50 -0.50 -2.4 -1.9 -0.242 0.019 -0.5281 -0.4956 12.93 110 360 
0.411 2 1 1 -0.50 -0.50 -2.5 -1.9 -0.227 -0.004 -0.5213 -0.4956 12.94 110 360 
0.412 2 1 1 -0.50 -0.50 -3.3 -2.1 -0.209 0.091 -0.4667 -0.4779 12.94 100 360 
0.413 2 1 1 -0.50 -0.50 -3.0 -2.1 -0.252 0.075 -0.4896 -0.4836 12.94 110 360 
0.414 2 1 1 -0.50 -0.50 -2.8 -1.7 -0.258 0.084 -0.5020 -0.5081 12.94 100 360 
0.415 2 1 1 -0.50 -0.50 -2.4 -1.8 -0.227 0.034 -0.5281 -0.5020 12.94 110 370 
0.416 2 1 1 -0.50 -0.50 -2.5 -2.1 -0.172 0.090 -0.5213 -0.4836 12.94 110 370 
0.417 2 1 1 -0.50 -0.50 -2.7 -2.0 -0.161 -0.009 -0.5081 -0.4896 12.94 110 360 
0.418 2 1 1 -0.50 -0.50 -3.0 -1.9 -0.137 0.033 -0.4896 -0.4956 12.94 110 360 
0.419 2 1 1 -0.50 -0.50 -2.8 -2.0 -0.162 -0.074 -0.5020 -0.4896 12.94 110 370 
0.420 2 1 1 -0.50 -0.50 -2.9 -1.9 -0.151 -0.082 -0.4956 -0.4956 12.94 110 360 
0.421 2 1 1 -0.50 -0.50 -3.1 -1.8 -0.075 -0.243 -0.4779 -0.5020 12.94 110 360 
0.422 2 1 1 -0.50 -0.50 -3.0 -1.6 -0.079 -0.256 -0.4896 -0.5149 12.94 110 360 
0.423 2 1 1 -0.50 -0.50 -2.6 -1.7 -0.102 -0.236 -0.5149 -0.5081 12.94 110 360 
0.424 2 1 1 -0.50 -0.50 -2.6 -1.7 -0.113 -0.152 -0.5149 -0.5081 12.94 110 370 
0.425 2 1 1 -0.50 -0.50 -2.8 -1.9 -0.094 -0.180 -0.5020 -0.4956 12.94 110 360 
0.426 2 1 1 -0.50 -0.50 -2.7 -1.9 -0.142 -0.147 -0.5081 -0.4956 12.94 110 360 
0.427 2 1 1 -0.50 -0.50 -2.6 -1.8 -0.178 -0.052 -0.5149 -0.5020 12.94 100 360 
0.428 2 1 1 -0.50 -0.50 -3.0 -1.7 -0.178 -0.034 -0.4896 -0.5081 12.94 100 360 
0.429 2 1 1 -0.50 -0.50 -3.1 -1.8 -0.193 0.011 -0.4836 -0.5020 12.94 110 370 
0.430 2 1 1 -0.50 -0.50 -2.8 -1.9 -0.197 -0.015 -0.5020 -0.4956 12.94 110 370 
0.431 2 1 1 -0.50 -0.50 -2.5 -1.8 -0.232 -0.062 -0.5213 -0.5020 12.94 110 360 
0.432 2 1 1 -0.50 -0.50 -2.6 -1.8 -0.200 -0.078 -0.5149 -0.5020 12.94 100 360 
0.433 2 1 1 -0.50 -0.50 -2.8 -1.8 -0.123 -0.002 -0.5020 -0.5020 12.94 100 350 
0.434 2 1 1 -0.50 -0.50 -2.8 -1.7 -0.117 -0.068 -0.5020 -0.5081 12.94 110 360 
0.435 2 1 1 -0.50 -0.50 -2.8 -1.6 -0.151 -0.050 -0.5020 -0.5149 12.94 110 360 
0.436 2 1 1 -0.50 -0.50 -3.1 -1.7 -0.164 0.030 -0.4779 -0.5081 12.94 110 360 
0.437 2 1 1 -0.50 -0.50 -2.9 -1.8 -0.177 -0.002 -0.4956 -0.5020 12.94 100 350 
0.438 2 1 1 -0.50 -0.50 -2.8 -1.7 -0.198 -0.095 -0.5020 -0.5081 12.94 110 350 
0.439 2 1 1 -0.50 -0.50 -3.0 -1.8 -0.195 -0.082 -0.4896 -0.5020 12.94 100 360 
0.440 2 1 1 -0.50 -0.50 -2.8 -2.0 -0.161 -0.114 -0.5020 -0.4896 12.94 110 360 
0.441 2 1 1 -0.50 -0.50 -3.0 -1.8 -0.197 -0.010 -0.4896 -0.5020 12.94 100 360 
0.442 2 1 1 -0.50 -0.50 -2.8 -1.8 -0.166 -0.136 -0.5020 -0.5020 12.94 110 370 
0.443 2 1 1 -0.50 -0.50 -2.7 -1.9 -0.197 -0.078 -0.5081 -0.4956 12.94 110 360 
0.444 2 1 1 -0.50 -0.50 -3.0 -1.8 -0.194 0.053 -0.4896 -0.5020 12.94 100 350 
0.445 2 1 1 -0.50 -0.50 -2.9 -1.8 -0.156 -0.106 -0.4956 -0.5020 12.94 110 360 
0.446 2 1 1 -0.50 -0.50 -2.6 -1.9 -0.158 -0.042 -0.5149 -0.4956 12.94 110 360 
0.447 2 1 1 -0.50 -0.50 -3.1 -1.8 -0.203 -0.079 -0.4779 -0.5020 12.94 110 350 
0.448 2 1 1 -0.50 -0.50 -2.9 -1.8 -0.177 -0.073 -0.4956 -0.5020 12.94 100 360 
0.449 2 1 1 -0.50 -0.50 -2.3 -1.8 -0.025 -0.114 -0.5354 -0.5020 12.94 110 370 
0.450 2 1 1 -0.50 -0.50 -3.7 -1.7 0.100 -0.027 -0.4410 -0.5081 12.94 110 350 
0.451 2 1 1 -0.50 -0.50 -3.0 -2.0 -0.005 -0.170 -0.4896 -0.4896 12.93 110 350 
0.452 2 1 1 -0.50 -0.50 -3.0 -1.9 -0.013 -0.331 -0.4896 -0.4956 12.93 110 350 
0.453 2 1 1 -0.50 -0.50 -2.7 -1.6 0.012 -0.228 -0.5081 -0.5149 12.93 110 370 
0.454 2 1 1 -0.50 -0.50 -2.4 -2.0 -0.003 -0.064 -0.5281 -0.4896 12.93 110 370 
0.455 2 1 1 -0.50 -0.50 -2.7 -1.9 -0.005 -0.114 -0.5081 -0.4956 12.93 100 360 
0.456 2 1 1 -0.50 -0.50 -2.6 -1.8 -0.034 -0.040 -0.5149 -0.5020 12.93 110 360 
0.457 2 1 1 -0.50 -0.50 -2.9 -1.7 -0.029 0.002 -0.4956 -0.5081 12.93 100 360 
0.458 2 1 1 -0.50 -0.50 -2.8 -1.8 -0.120 -0.074 -0.5020 -0.5020 12.93 110 360 
0.459 2 1 1 -0.50 -0.50 -2.7 -1.8 -0.170 -0.004 -0.5081 -0.5020 12.93 110 360 
0.460 2 1 1 -0.50 -0.50 -3.1 -1.7 -0.208 -0.011 -0.4836 -0.5081 12.93 110 360 
0.461 2 1 1 -0.50 -0.50 -2.8 -1.6 -0.207 -0.037 -0.5020 -0.5149 12.94 110 370 
0.462 2 1 1 -0.50 -0.50 -2.5 -1.6 -0.211 -0.095 -0.5213 -0.5149 12.94 110 360 
0.463 2 1 1 -0.50 -0.50 -2.9 -1.6 -0.224 0.061 -0.4956 -0.5149 12.94 110 360 
0.464 2 1 1 -0.50 -0.50 -2.8 -1.9 -0.185 0.049 -0.5020 -0.4956 12.94 110 360 
0.465 2 1 1 -0.50 -0.50 -2.7 -1.8 -0.193 -0.004 -0.5081 -0.5020 12.94 110 370 
0.466 2 1 1 -0.50 -0.50 -3.0 -1.7 -0.223 0.006 -0.4896 -0.5081 12.94 100 360 
0.467 2 1 1 -0.50 -0.50 -2.8 -1.7 -0.250 -0.160 -0.5020 -0.5081 12.94 110 360 
0.468 2 1 1 -0.50 -0.50 -2.9 -1.7 -0.170 -0.122 -0.4956 -0.5020 12.94 110 360 
0.469 2 1 1 -0.50 -0.50 -2.7 -1.8 -0.145 -0.291 -0.5081 -0.4956 12.94 110 370 
0.470 2 1 1 -0.50 -0.50 -2.5 -1.8 -0.110 -0.113 -0.5213 -0.4956 12.94 100 360 
0.471 2 1 1 -0.50 -0.50 -2.8 -1.8 -0.108 -0.216 -0.5020 -0.4956 12.94 110 350 
0.472 2 1 1 -0.50 -0.50 -2.6 -1.9 -0.097 -0.148 -0.5149 -0.4956 12.94 100 360 
0.473 2 1 1 -0.50 -0.50 -2.6 -1.8 -0.077 -0.195 -0.5149 -0.5020 12.94 110 360 
0.474 2 1 1 -0.50 -0.50 -3.0 -1.9 -0.132 -0.055 -0.4836 -0.4956 12.94 110 360 
0.475 2 1 1 -0.50 -0.50 -2.9 -1.9 -0.166 -0.141 -0.4956 -0.4956 12.94 110 350 
