%% logfile from robot Karla (10)
% Karla (10)
%  1    time 0.000 sec
%  2  3  4   (mission 0), state 2, thread 1, line 0
%  5  6 Motor velocity ref left, right: 0.00 0.00
%  7  8 Motor voltage [V] left, right: 0.0 0.0
%  9 10 Motor current left, right [A]: -0.017 0.002
% 11 12 Wheel velocity [m/s] left, right: 0.0000 0.0000
% 13 14 15 16 Pose x,y,h,tilt [m,m,rad,rad]: 0 0 0 -0.696648
% 17    Battery voltage [V]: 12.19
% 18 19 Get data time [us]: 110 +ctrl 540
0.001 2 1 0 0.00 0.00 0.0 0.0 -0.013 -0.284 0.0000 0.0000 0.0000 0.0000 0.000000 -0.696657 12.10 100 320 
0.002 2 1 0 0.00 0.00 0.0 0.0 -0.021 -1.192 0.0000 0.0000 0.0000 0.0000 0.000000 -0.696665 11.89 110 400 
0.003 2 1 0 -0.01 0.00 -0.0 0.0 0.019 -1.473 0.0000 -0.0000 -0.0002 0.0000 -0.002591 -0.696675 11.77 110 350 
0.005 2 1 0 -0.01 0.00 -0.0 0.0 0.000 -1.542 0.0000 -0.0000 -0.0002 0.0000 -0.002591 -0.696688 11.85 110 1630 
0.006 2 1 0 -0.01 0.00 -0.0 0.0 0.020 -1.560 0.0000 -0.1458 -0.0004 0.0000 -0.005182 -0.696700 11.80 110 370 
0.006 2 1 0 -0.01 0.00 -0.0 0.0 -0.001 -1.564 0.0000 -0.1458 -0.0004 0.0000 -0.005182 -0.696704 11.77 220 440 
0.007 2 1 0 -0.02 0.00 -0.0 0.0 0.006 -1.565 0.0000 -0.2868 -0.0006 0.0000 -0.007773 -0.696706 11.74 110 360 
0.009 2 1 0 -0.02 0.00 -0.1 0.0 0.014 -1.565 0.0000 -0.3751 -0.0008 0.0000 -0.010364 -0.696711 11.72 100 1760 
0.010 2 1 0 -0.03 0.00 -0.1 0.0 -0.007 -1.565 0.0000 -0.4562 -0.0012 0.0000 -0.015547 -0.696717 11.71 110 370 
0.010 2 1 0 -0.04 0.00 -0.1 0.0 -0.011 -1.565 0.0000 -0.5149 -0.0014 0.0000 -0.018138 -0.696724 11.71 220 740 
0.011 2 1 0 -0.04 0.00 -0.1 0.0 0.012 -1.565 0.0000 -0.5426 -0.0016 0.0000 -0.020729 -0.696731 11.71 110 370 
0.012 2 1 0 -0.05 0.00 -0.2 0.0 0.006 -1.565 0.0000 -0.6583 -0.0020 0.0000 -0.025911 -0.696742 11.80 110 360 
0.013 2 1 0 -0.06 0.00 -0.2 0.0 -0.009 -1.565 0.0000 -0.6804 -0.0024 0.0000 -0.031093 -0.696756 11.85 110 370 
0.014 2 1 0 -0.07 0.00 -0.2 0.0 0.029 -1.565 0.0000 -0.7169 -0.0026 0.0000 -0.033685 -0.696771 11.79 100 360 
0.015 2 1 0 -0.08 0.00 -0.2 0.0 0.023 -1.565 0.0000 -0.8032 -0.0032 0.0001 -0.041458 -0.696772 11.74 110 370 
0.016 2 1 0 -0.09 0.00 -0.3 0.0 0.012 -1.565 0.0000 -0.8543 -0.0036 0.0001 -0.046640 -0.696793 11.83 110 350 
0.017 2 1 0 -0.10 0.00 -0.3 0.0 0.021 -1.565 0.0000 -0.9125 -0.0040 0.0001 -0.051822 -0.696834 11.86 110 370 
0.018 2 1 0 -0.12 0.00 -0.4 0.0 -0.033 -1.565 0.0000 -0.9796 -0.0046 0.0001 -0.059596 -0.696805 11.79 110 360 
0.019 2 1 0 -0.13 0.00 -0.4 0.0 -0.057 -1.565 0.0000 -1.0298 -0.0050 0.0002 -0.064778 -0.696779 11.77 100 360 
0.020 2 1 1 0.15 0.30 0.5 0.9 -0.025 -1.565 0.0000 -1.1153 -0.0056 0.0002 -0.072551 -0.696802 11.87 110 370 
0.021 2 1 1 0.14 0.30 0.4 0.9 0.001 -1.469 0.0000 -1.1474 -0.0062 0.0002 -0.080325 -0.696798 12.06 100 370 
0.022 2 1 1 0.12 0.30 0.4 0.9 0.030 -0.629 0.0000 -1.1812 -0.0068 0.0003 -0.088098 -0.696751 12.12 110 370 
0.023 2 1 1 0.11 0.30 0.3 0.9 0.044 0.037 0.0000 -1.2169 -0.0074 0.0004 -0.095872 -0.696697 12.14 100 370 
0.024 2 1 1 0.09 0.30 0.3 0.9 0.040 0.455 0.0000 -1.2169 -0.0080 0.0004 -0.103645 -0.696731 12.15 110 370 
0.025 2 1 1 0.08 0.30 0.2 0.9 0.032 0.582 0.0000 -1.1812 -0.0086 0.0005 -0.111418 -0.696777 12.15 110 370 
0.026 2 1 1 0.07 0.30 0.2 0.9 0.015 0.585 0.0000 -1.1812 -0.0090 0.0005 -0.116601 -0.696785 12.15 100 370 
0.027 2 1 1 0.05 0.30 0.2 0.9 0.015 0.693 0.0000 -1.1474 -0.0096 0.0006 -0.124374 -0.696839 12.16 110 360 
0.028 2 1 1 0.04 0.30 0.1 0.9 0.029 0.585 0.0000 -1.0567 -0.0102 0.0007 -0.132147 -0.696933 12.16 110 360 
0.029 2 1 1 0.03 0.30 0.1 0.9 0.011 0.609 0.0000 -1.1153 -0.0106 0.0007 -0.137330 -0.696957 12.16 100 370 
0.030 2 1 1 0.01 0.30 0.0 0.9 -0.003 0.720 0.0000 -1.0567 -0.0112 0.0008 -0.145103 -0.696896 12.16 110 370 
0.031 2 1 1 -0.00 0.30 -0.0 0.9 0.022 0.735 0.0000 -1.0567 -0.0116 0.0009 -0.150285 -0.696895 12.16 110 370 
0.032 2 1 1 -0.01 0.30 -0.0 0.9 -0.002 0.615 0.0000 -1.0298 -0.0120 0.0009 -0.155467 -0.696928 12.16 100 370 
0.033 2 1 1 -0.03 0.30 -0.1 0.9 0.006 0.673 0.0000 -1.0041 -0.0126 0.0010 -0.163241 -0.696872 12.16 110 370 
0.034 2 1 1 -0.04 0.30 -0.1 0.9 0.025 0.722 0.0000 -0.9796 -0.0130 0.0011 -0.168423 -0.696851 12.16 100 370 
0.035 2 1 1 -0.05 0.30 -0.1 0.9 0.015 0.531 0.0000 -0.9796 -0.0134 0.0012 -0.173605 -0.696936 12.17 100 370 
0.036 2 1 1 -0.06 0.30 -0.2 0.9 -0.010 0.573 0.0000 -0.9559 -0.0140 0.0013 -0.181379 -0.696929 12.16 110 370 
0.037 2 1 1 -0.07 0.30 -0.2 0.9 -0.013 0.646 0.0000 -0.9125 -0.0144 0.0013 -0.186561 -0.696871 12.16 110 370 
0.038 2 1 1 -0.08 0.30 -0.2 0.9 0.004 0.635 0.0000 -0.8727 -0.0148 0.0014 -0.191743 -0.696922 12.17 110 360 
0.039 2 1 1 -0.09 0.30 -0.3 0.9 -0.002 0.470 0.0000 -0.8727 -0.0152 0.0015 -0.196925 -0.697000 12.16 100 360 
0.040 2 1 1 -0.10 0.30 -0.3 0.9 -0.003 0.525 0.0000 -0.8032 -0.0156 0.0016 -0.202108 -0.696966 12.17 110 370 
0.041 2 1 1 -0.11 0.30 -0.3 0.9 -0.008 0.580 0.0000 -0.7872 -0.0160 0.0017 -0.207290 -0.696897 12.18 110 370 
0.042 2 1 1 -0.12 0.30 -0.4 0.9 -0.006 0.486 0.0000 -0.7575 -0.0163 0.0017 -0.212472 -0.696928 12.18 110 370 
0.043 2 1 1 -0.13 0.30 -0.4 0.9 -0.014 0.392 0.0000 -0.7723 -0.0165 0.0018 -0.215063 -0.696957 12.17 110 370 
0.044 2 1 1 -0.14 0.30 -0.4 0.9 0.039 0.476 0.0000 -0.7575 -0.0169 0.0019 -0.220245 -0.696922 12.18 100 370 
0.045 2 1 1 -0.15 0.30 -0.5 0.9 0.021 0.562 0.0000 -0.7302 -0.0173 0.0020 -0.225428 -0.696935 12.17 110 370 
0.046 2 1 1 -0.16 0.30 -0.5 0.9 -0.007 0.583 0.0000 -0.7044 -0.0177 0.0021 -0.230610 -0.697012 12.17 100 360 
0.047 2 1 1 -0.17 0.30 -0.5 0.9 -0.021 0.433 0.0000 -0.6691 -0.0179 0.0021 -0.233201 -0.697047 12.17 100 370 
0.048 2 1 1 -0.18 0.30 -0.5 0.9 -0.036 0.393 0.0000 -0.6691 -0.0183 0.0022 -0.238383 -0.697016 12.17 100 360 
0.049 2 1 1 -0.19 0.30 -0.6 0.9 0.014 0.424 0.0000 -0.6374 -0.0187 0.0023 -0.243565 -0.696979 12.17 100 360 
0.050 2 1 1 -0.19 0.30 -0.6 0.9 -0.013 0.467 0.0000 -0.6374 -0.0189 0.0023 -0.246157 -0.696958 12.17 100 370 
0.051 2 1 1 -0.20 0.30 -0.6 0.9 0.011 0.468 0.0000 -0.6177 -0.0193 0.0024 -0.251339 -0.696933 12.18 110 370 
0.052 2 1 1 -0.21 0.30 -0.6 0.9 0.002 0.392 0.0000 -0.5992 -0.0195 0.0025 -0.253930 -0.696906 12.17 100 360 
0.053 2 1 1 -0.22 0.30 -0.7 0.9 0.021 0.368 0.0000 -0.5904 -0.0199 0.0026 -0.259112 -0.696904 12.18 100 360 
0.054 2 1 1 -0.22 0.30 -0.7 0.9 0.004 0.403 0.0000 -0.5735 -0.0201 0.0026 -0.261703 -0.696919 12.17 100 360 
0.055 2 1 1 -0.23 0.30 -0.7 0.9 -0.009 0.445 0.0000 -0.5655 -0.0202 0.0027 -0.264294 -0.696920 12.17 100 360 
0.056 2 1 1 -0.24 0.30 -0.7 0.9 -0.005 0.470 0.0000 -0.5281 -0.0206 0.0028 -0.269477 -0.696916 12.18 110 370 
0.057 2 1 1 -0.24 0.30 -0.7 0.9 -0.007 0.412 0.0000 -0.5213 -0.0208 0.0029 -0.272068 -0.696883 12.17 100 360 
0.058 2 1 1 -0.25 0.30 -0.7 0.9 -0.022 0.329 0.0000 -0.5354 -0.0210 0.0029 -0.274659 -0.696824 12.17 110 370 
0.059 2 1 1 -0.25 0.30 -0.8 0.9 -0.024 0.289 0.0000 -0.5213 -0.0212 0.0030 -0.277250 -0.696796 12.17 110 370 
0.060 2 1 1 -0.26 0.30 -0.8 0.9 -0.009 0.322 0.0000 -0.4836 -0.0216 0.0031 -0.282432 -0.696801 12.17 110 370 
0.061 2 1 1 -0.27 0.30 -0.8 0.9 0.025 0.368 0.0000 -0.4779 -0.0218 0.0031 -0.285024 -0.696819 12.18 110 370 
0.062 2 1 1 -0.28 0.30 -0.8 0.9 0.024 0.385 0.0000 -0.4723 -0.0220 0.0032 -0.287615 -0.696836 12.18 110 360 
0.063 2 1 1 -0.28 0.30 -0.8 0.9 0.010 0.401 0.0000 -0.4510 -0.0222 0.0032 -0.290206 -0.696836 12.17 110 370 
0.064 2 1 1 -0.29 0.30 -0.9 0.9 0.013 0.360 0.0000 -0.4410 -0.0224 0.0033 -0.292797 -0.696810 12.17 110 360 
0.065 2 1 1 -0.29 0.30 -0.9 0.9 -0.010 0.237 0.0000 -0.4362 -0.0226 0.0034 -0.295388 -0.696758 12.18 110 370 
0.066 2 1 1 -0.30 0.30 -0.9 0.9 -0.002 0.273 0.0000 -0.4317 -0.0228 0.0034 -0.297979 -0.696707 12.18 110 360 
0.067 2 1 1 -0.30 0.30 -0.9 0.9 0.032 0.252 0.0000 -0.4269 -0.0229 0.0035 -0.300570 -0.696695 12.18 110 360 
0.068 2 1 1 -0.31 0.30 -0.9 0.9 0.211 0.159 0.0000 -0.3896 -0.0231 0.0035 -0.303161 -0.696706 12.17 100 370 
0.069 2 1 1 -0.31 0.30 -0.9 0.9 0.064 0.214 0.0000 -0.3896 -0.0233 0.0036 -0.305753 -0.696722 12.17 110 370 
0.070 2 1 1 -0.32 0.30 -0.9 0.9 0.021 0.303 0.0000 -0.3715 -0.0235 0.0037 -0.308344 -0.696730 12.17 110 370 
0.071 2 1 2 -0.22 0.40 -0.7 1.2 0.018 0.327 0.0000 -0.3374 -0.0237 0.0037 -0.310935 -0.696724 12.18 110 370 
0.072 2 1 2 -0.23 0.40 -0.7 1.2 0.018 0.252 0.0000 -0.3374 -0.0239 0.0038 -0.313526 -0.696700 12.18 110 370 
0.073 2 1 2 -0.23 0.40 -0.7 1.2 0.007 0.231 0.0000 -0.3374 -0.0239 0.0038 -0.313526 -0.696658 12.17 110 360 
0.074 2 1 2 -0.23 0.40 -0.7 1.2 0.010 0.163 0.0000 -0.3317 -0.0241 0.0038 -0.316117 -0.696620 12.18 110 370 
0.075 2 1 2 -0.24 0.40 -0.7 1.2 -0.005 0.179 0.0000 -0.3265 -0.0243 0.0039 -0.318708 -0.696603 12.18 110 370 
0.076 2 1 2 -0.24 0.40 -0.7 1.2 -0.005 0.193 0.0000 -0.3161 -0.0245 0.0040 -0.321299 -0.696604 12.18 100 370 
0.077 2 1 2 -0.25 0.40 -0.7 1.2 -0.006 0.186 0.0000 -0.2952 -0.0247 0.0040 -0.323891 -0.696611 12.18 110 370 
0.078 2 1 2 -0.25 0.40 -0.7 1.2 -0.015 0.215 0.0000 -0.2952 -0.0247 0.0040 -0.323891 -0.696615 12.18 110 360 
0.079 2 1 2 -0.25 0.40 -0.8 1.2 -0.004 0.238 0.0000 -0.2767 -0.0249 0.0041 -0.326482 -0.696613 12.18 100 370 
0.080 2 1 2 -0.26 0.40 -0.8 1.2 0.002 0.228 0.0000 -0.2787 -0.0250 0.0042 -0.329073 -0.696598 12.18 110 370 
0.081 2 1 2 -0.26 0.40 -0.8 1.2 0.030 0.251 0.0000 -0.2787 -0.0250 0.0042 -0.329073 -0.696573 12.18 110 360 
0.082 2 1 2 -0.26 0.40 -0.8 1.2 0.021 0.220 0.0000 -0.2590 -0.0252 0.0042 -0.331664 -0.696554 12.18 110 370 
0.083 2 1 2 -0.26 0.40 -0.8 1.2 -0.006 0.198 0.0000 -0.2538 -0.0252 0.0042 -0.331664 -0.696535 12.18 100 360 
0.084 2 1 2 -0.27 0.40 -0.8 1.2 -0.001 0.173 0.0000 -0.2478 -0.0254 0.0043 -0.334255 -0.696506 12.18 110 370 
0.085 2 1 2 -0.27 0.40 -0.8 1.2 -0.003 0.085 0.0000 -0.2402 -0.0256 0.0044 -0.336846 -0.696483 12.18 110 370 
0.086 2 1 2 -0.27 0.40 -0.8 1.2 0.023 0.107 0.0000 -0.2402 -0.0256 0.0044 -0.336846 -0.696475 12.18 100 360 
0.087 2 1 2 -0.28 0.40 -0.8 1.2 0.006 0.089 0.0000 -0.2374 -0.0258 0.0044 -0.339437 -0.696465 12.18 110 370 
0.088 2 1 2 -0.28 0.40 -0.8 1.2 0.008 0.134 0.0000 -0.2374 -0.0258 0.0044 -0.339437 -0.696452 12.18 110 360 
0.089 2 1 2 -0.28 0.40 -0.9 1.2 0.002 0.147 0.0000 -0.2321 -0.0260 0.0045 -0.342028 -0.696445 12.18 110 370 
0.090 2 1 2 -0.28 0.40 -0.9 1.2 0.016 0.125 0.0000 -0.2145 -0.0260 0.0045 -0.342028 -0.696434 12.18 110 360 
0.091 2 1 2 -0.29 0.40 -0.9 1.2 0.032 0.163 0.0000 -0.2048 -0.0262 0.0046 -0.344620 -0.696409 12.18 100 370 
0.092 2 1 2 -0.29 0.40 -0.9 1.2 0.006 0.178 0.0000 -0.2048 -0.0262 0.0046 -0.344620 -0.696389 12.18 110 360 
0.093 2 1 2 -0.29 0.40 -0.9 1.2 0.021 0.153 0.0000 -0.1884 -0.0264 0.0046 -0.347211 -0.696381 12.18 110 370 
0.094 2 1 2 -0.29 0.40 -0.9 1.2 0.021 0.176 0.0000 -0.1884 -0.0264 0.0046 -0.347211 -0.696370 12.18 110 360 
0.095 2 1 2 -0.30 0.40 -0.9 1.2 -0.009 0.134 0.0000 -0.1735 -0.0266 0.0047 -0.349802 -0.696361 12.18 110 370 
0.096 2 1 2 -0.30 0.40 -0.9 1.2 0.001 0.147 0.0000 -0.1735 -0.0266 0.0047 -0.349802 -0.696364 12.18 100 350 
0.097 2 1 2 -0.30 0.40 -0.9 1.2 0.006 0.125 0.0000 -0.1623 -0.0266 0.0047 -0.349802 -0.696365 12.18 110 360 
0.098 2 1 2 -0.30 0.40 -0.9 1.2 -0.013 0.103 0.0000 -0.1611 -0.0267 0.0048 -0.352393 -0.696358 12.18 110 370 
0.099 2 1 2 -0.30 0.40 -0.9 1.2 0.029 0.098 0.0000 -0.1611 -0.0267 0.0048 -0.352393 -0.696353 12.18 100 360 
0.100 2 1 2 -0.31 0.40 -0.9 1.2 0.022 0.101 0.0000 -0.1458 -0.0269 0.0048 -0.354984 -0.696350 12.18 110 370 
0.101 2 1 2 -0.31 0.40 -0.9 1.2 -0.003 0.073 0.0000 -0.1458 -0.0269 0.0048 -0.354984 -0.696342 12.18 110 360 
0.102 2 1 2 -0.31 0.40 -0.9 1.2 0.008 0.093 0.0000 -0.1458 -0.0269 0.0048 -0.354984 -0.696330 12.18 110 360 
0.103 2 1 2 -0.32 0.40 -0.9 1.2 0.010 0.036 0.0000 -0.1317 -0.0271 0.0049 -0.357575 -0.696317 12.18 110 370 
0.104 2 1 2 -0.32 0.40 -0.9 1.2 -0.027 0.056 0.0000 -0.1317 -0.0271 0.0049 -0.357575 -0.696306 12.18 100 360 
0.105 2 1 2 -0.32 0.40 -0.9 1.2 -0.025 0.052 0.0000 -0.1317 -0.0271 0.0049 -0.357575 -0.696298 12.18 110 360 
0.106 2 1 2 -0.32 0.40 -1.0 1.2 -0.015 0.081 0.0000 -0.1281 -0.0273 0.0050 -0.360166 -0.696295 12.18 110 370 
0.107 2 1 2 -0.32 0.40 -1.0 1.2 0.021 0.038 0.0000 -0.1281 -0.0273 0.0050 -0.360166 -0.696291 12.18 110 360 
0.108 2 1 2 -0.32 0.40 -1.0 1.2 -0.005 0.079 0.0000 -0.1281 -0.0273 0.0050 -0.360166 -0.696288 12.19 110 360 
0.109 2 1 2 -0.32 0.40 -1.0 1.2 -0.027 0.054 0.0000 -0.1281 -0.0273 0.0050 -0.360166 -0.696286 12.19 110 360 
0.110 2 1 2 -0.33 0.40 -1.0 1.2 -0.012 0.064 0.0000 -0.1108 -0.0275 0.0050 -0.362758 -0.696281 12.18 100 370 
0.111 2 1 2 -0.33 0.40 -1.0 1.2 -0.004 0.049 0.0000 -0.1108 -0.0275 0.0050 -0.362758 -0.696276 12.19 110 360 
0.112 2 1 2 -0.33 0.40 -1.0 1.2 0.018 0.067 0.0000 -0.1108 -0.0275 0.0050 -0.362758 -0.696277 12.18 110 360 
0.113 2 1 2 -0.33 0.40 -1.0 1.2 0.015 0.047 0.0000 -0.1108 -0.0275 0.0050 -0.362758 -0.696278 12.18 110 360 
0.114 2 1 2 -0.33 0.40 -1.0 1.2 0.004 0.068 0.0000 -0.0904 -0.0275 0.0050 -0.362758 -0.696272 12.18 110 370 
0.115 2 1 2 -0.33 0.40 -1.0 1.2 0.001 0.067 0.0000 -0.0896 -0.0277 0.0051 -0.365349 -0.696271 12.18 110 370 
0.116 2 1 2 -0.33 0.40 -1.0 1.2 0.010 0.054 0.0000 -0.0896 -0.0277 0.0051 -0.365349 -0.696273 12.18 100 360 
0.117 2 1 2 -0.33 0.40 -1.0 1.2 -0.009 0.071 0.0000 -0.0896 -0.0277 0.0051 -0.365349 -0.696267 12.18 110 360 
0.118 2 1 2 -0.33 0.40 -1.0 1.2 0.019 0.078 0.0000 -0.0896 -0.0277 0.0051 -0.365349 -0.696263 12.18 110 360 
0.119 2 1 2 -0.33 0.40 -1.0 1.2 -0.008 0.090 0.0000 -0.0807 -0.0277 0.0051 -0.365349 -0.696266 12.18 110 360 
0.120 2 1 2 -0.33 0.40 -1.0 1.2 -0.036 0.036 0.0000 -0.0671 -0.0277 0.0051 -0.365349 -0.696266 12.18 110 360 
0.121 2 1 2 -0.34 0.40 -1.0 1.2 -0.015 0.052 0.0000 -0.0627 -0.0279 0.0052 -0.367940 -0.696258 12.18 110 370 
0.122 2 1 2 -0.34 0.40 -1.0 1.2 -0.019 0.066 0.0000 -0.0627 -0.0279 0.0052 -0.367940 -0.696249 12.18 110 360 
0.123 2 1 2 -0.34 0.40 -1.0 1.2 -0.002 0.047 0.0000 -0.0627 -0.0279 0.0052 -0.367940 -0.696238 12.18 110 360 
0.124 2 1 2 -0.34 0.40 -1.0 1.2 0.036 0.039 0.0000 -0.0627 -0.0279 0.0052 -0.367940 -0.696222 12.19 100 360 
0.125 2 1 2 -0.34 0.40 -1.0 1.2 -0.001 0.018 0.0000 -0.0627 -0.0279 0.0052 -0.367940 -0.696205 12.19 110 360 
0.126 2 1 2 -0.34 0.40 -1.0 1.2 0.001 0.033 0.0000 -0.0627 -0.0279 0.0052 -0.367940 -0.696193 12.18 110 360 
0.127 2 1 2 -0.34 0.40 -1.0 1.2 -0.018 0.014 0.0000 -0.0606 -0.0279 0.0052 -0.367940 -0.696186 12.19 110 360 
0.128 2 1 2 -0.34 0.40 -1.0 1.2 -0.005 -0.005 0.0000 -0.0526 -0.0279 0.0052 -0.367940 -0.696179 12.19 110 360 
0.129 2 1 2 -0.34 0.40 -1.0 1.2 0.010 0.010 0.0000 -0.0466 -0.0279 0.0052 -0.367940 -0.696167 12.19 110 360 
0.130 2 1 2 -0.34 0.40 -1.0 1.2 0.005 0.030 0.0000 -0.0430 -0.0281 0.0053 -0.370531 -0.696151 12.19 100 370 
0.131 2 1 2 -0.34 0.40 -1.0 1.2 0.035 0.024 0.0000 -0.0430 -0.0281 0.0053 -0.370531 -0.696134 12.18 110 360 
0.132 2 1 2 -0.34 0.40 -1.0 1.2 0.013 0.018 0.0000 -0.0430 -0.0281 0.0053 -0.370531 -0.696118 12.18 110 360 
0.133 2 1 2 -0.34 0.40 -1.0 1.2 0.004 0.052 0.0000 -0.0430 -0.0281 0.0053 -0.370531 -0.696111 12.18 110 360 
0.134 2 1 2 -0.34 0.40 -1.0 1.2 0.019 0.005 0.0000 -0.0430 -0.0281 0.0053 -0.370531 -0.696102 12.18 110 360 
0.135 2 1 2 -0.34 0.40 -1.0 1.2 0.013 -0.005 0.0000 -0.0430 -0.0281 0.0053 -0.370531 -0.696085 12.18 110 360 
0.136 2 1 2 -0.34 0.40 -1.0 1.2 0.018 0.007 0.0000 -0.0430 -0.0281 0.0053 -0.370531 -0.696072 12.18 110 360 
0.137 2 1 2 -0.34 0.40 -1.0 1.2 0.017 0.003 0.0000 -0.0430 -0.0281 0.0053 -0.370531 -0.696069 12.18 110 360 
0.138 2 1 2 -0.34 0.40 -1.0 1.2 0.002 0.014 0.0000 -0.0430 -0.0281 0.0053 -0.370531 -0.696057 12.18 110 360 
0.139 2 1 2 -0.34 0.40 -1.0 1.2 -0.025 -0.005 0.0000 -0.0430 -0.0281 0.0053 -0.370531 -0.696035 12.18 110 360 
0.140 2 1 2 -0.34 0.40 -1.0 1.2 0.006 0.028 0.0000 -0.0390 -0.0281 0.0053 -0.370531 -0.696022 12.18 110 360 
0.141 2 1 2 -0.34 0.40 -1.0 1.2 0.001 0.061 0.0000 -0.0353 -0.0281 0.0053 -0.370531 -0.696013 12.18 100 360 
0.142 2 1 2 -0.34 0.40 -1.0 1.2 0.017 0.013 0.0000 -0.0325 -0.0281 0.0053 -0.370531 -0.695996 12.19 110 360 
0.143 2 1 2 -0.34 0.40 -1.0 1.2 0.016 0.011 0.0000 -0.0301 -0.0281 0.0053 -0.370531 -0.695972 12.19 100 360 
0.144 2 1 2 -0.34 0.40 -1.0 1.2 0.041 0.022 0.0000 -0.0281 -0.0281 0.0053 -0.370531 -0.695950 12.18 110 360 
0.145 2 1 2 -0.34 0.40 -1.0 1.2 0.040 0.029 0.0000 -0.0261 -0.0281 0.0053 -0.370531 -0.695936 12.19 110 360 
0.146 2 1 2 -0.35 0.40 -1.0 1.2 0.014 -0.001 0.0000 -0.0249 -0.0283 0.0053 -0.373122 -0.695923 12.18 110 370 
0.147 2 1 2 -0.35 0.40 -1.0 1.2 0.006 -0.012 0.0000 -0.0249 -0.0283 0.0053 -0.373122 -0.695906 12.18 100 360 
0.148 2 1 2 -0.35 0.40 -1.0 1.2 -0.001 0.023 0.0000 -0.0249 -0.0283 0.0053 -0.373122 -0.695885 12.19 110 360 
0.149 2 1 2 -0.35 0.40 -1.0 1.2 0.019 -0.009 0.0000 -0.0249 -0.0283 0.0053 -0.373122 -0.695861 12.19 110 360 
0.150 2 1 2 -0.35 0.40 -1.0 1.2 0.013 0.007 0.0000 -0.0249 -0.0283 0.0053 -0.373122 -0.695831 12.18 100 360 
0.151 2 1 2 -0.35 0.40 -1.0 1.2 0.018 0.017 0.0000 -0.0249 -0.0283 0.0053 -0.373122 -0.695798 12.18 100 360 
0.152 2 1 2 -0.35 0.40 -1.0 1.2 -0.009 0.004 0.0000 -0.0249 -0.0283 0.0053 -0.373122 -0.695768 12.19 110 360 
0.153 2 1 2 -0.35 0.40 -1.0 1.2 -0.017 0.051 0.0000 -0.0249 -0.0283 0.0053 -0.373122 -0.695743 12.19 110 360 
0.154 2 1 2 -0.35 0.40 -1.0 1.2 0.016 0.030 0.0000 -0.0249 -0.0283 0.0053 -0.373122 -0.695723 12.18 110 360 
0.155 2 1 2 -0.35 0.40 -1.0 1.2 0.013 0.022 0.0000 -0.0249 -0.0283 0.0053 -0.373122 -0.695705 12.18 100 360 
0.156 2 1 2 -0.35 0.40 -1.0 1.2 -0.006 0.041 0.0000 -0.0249 -0.0283 0.0053 -0.373122 -0.695679 12.19 110 360 
0.157 2 1 2 -0.35 0.40 -1.0 1.2 0.011 0.005 0.0000 -0.0249 -0.0283 0.0053 -0.373122 -0.695648 12.18 110 360 
0.158 2 1 2 -0.35 0.40 -1.0 1.2 -0.002 0.013 0.0000 -0.0249 -0.0283 0.0053 -0.373122 -0.695619 12.18 110 360 
0.159 2 1 2 -0.35 0.40 -1.0 1.2 -0.025 -0.022 0.0000 -0.0249 -0.0283 0.0053 -0.373122 -0.695590 12.18 110 360 
0.160 2 1 2 -0.35 0.40 -1.0 1.2 -0.002 0.002 0.0000 -0.0249 -0.0283 0.0053 -0.373122 -0.695563 12.19 100 360 
0.161 2 1 2 -0.35 0.40 -1.0 1.2 0.016 0.000 0.0000 -0.0249 -0.0283 0.0053 -0.373122 -0.695537 12.19 110 360 
0.162 2 1 2 -0.35 0.40 -1.0 1.2 0.013 0.000 0.0000 -0.0245 -0.0283 0.0053 -0.373122 -0.695505 12.19 110 360 
0.163 2 1 2 -0.35 0.40 -1.0 1.2 -0.003 0.018 0.0000 -0.0229 -0.0283 0.0053 -0.373122 -0.695468 12.19 110 360 
0.164 2 1 2 -0.35 0.40 -1.0 1.2 -0.009 -0.012 0.0000 -0.0217 -0.0283 0.0053 -0.373122 -0.695431 12.19 110 360 
0.165 2 1 2 -0.35 0.40 -1.0 1.2 0.000 -0.003 0.0000 -0.0205 -0.0283 0.0053 -0.373122 -0.695393 12.18 110 360 
0.166 2 1 2 -0.35 0.40 -1.0 1.2 0.006 0.029 0.0000 -0.0197 -0.0283 0.0053 -0.373122 -0.695356 12.18 110 360 
0.167 2 1 2 -0.35 0.40 -1.0 1.2 0.047 -0.001 0.0000 -0.0185 -0.0283 0.0053 -0.373122 -0.695317 12.18 110 360 
0.168 2 1 2 -0.35 0.40 -1.0 1.2 -0.007 0.010 0.0000 -0.0177 -0.0283 0.0053 -0.373122 -0.695278 12.19 110 360 
0.169 2 1 2 -0.35 0.40 -1.0 1.2 0.010 -0.009 0.0000 -0.0169 -0.0283 0.0053 -0.373122 -0.695245 12.19 110 360 
0.170 2 1 2 -0.35 0.40 -1.0 1.2 0.222 -0.100 0.0000 -0.0165 -0.0283 0.0053 -0.373122 -0.695213 12.17 110 360 
0.171 2 1 2 -0.35 0.40 -1.0 1.2 0.086 -0.094 0.0000 -0.0157 -0.0283 0.0053 -0.373122 -0.695181 12.18 110 360 
0.172 2 1 2 -0.35 0.40 -1.0 1.2 -0.013 -0.044 0.0000 -0.0149 -0.0283 0.0053 -0.373122 -0.695145 12.19 110 360 
0.173 2 1 2 -0.35 0.40 -1.0 1.2 -0.019 -0.024 0.0000 -0.0145 -0.0283 0.0053 -0.373122 -0.695107 12.19 100 360 
0.174 2 1 2 -0.35 0.40 -1.0 1.2 -0.018 -0.048 0.0000 -0.0141 -0.0283 0.0053 -0.373122 -0.695068 12.19 110 360 
0.175 2 1 2 -0.35 0.40 -1.0 1.2 0.008 -0.021 0.0000 -0.0137 -0.0283 0.0053 -0.373122 -0.695031 12.19 100 350 
0.176 2 1 2 -0.35 0.40 -1.0 1.2 0.018 -0.031 0.0000 -0.0129 -0.0283 0.0053 -0.373122 -0.694997 12.18 110 360 
0.177 2 1 2 -0.35 0.40 -1.0 1.2 0.021 -0.003 0.0000 -0.0125 -0.0283 0.0053 -0.373122 -0.694961 12.18 110 360 
0.178 2 1 2 -0.35 0.40 -1.0 1.2 0.001 -0.012 0.0000 -0.0120 -0.0283 0.0053 -0.373122 -0.694925 12.19 110 360 
0.179 2 1 2 -0.35 0.40 -1.0 1.2 -0.001 -0.001 0.0000 -0.0116 -0.0283 0.0053 -0.373122 -0.694896 12.19 110 360 
0.180 2 1 2 -0.35 0.40 -1.0 1.2 0.016 -0.012 0.0000 -0.0116 -0.0283 0.0053 -0.373122 -0.694867 12.19 110 360 
0.181 2 1 2 -0.35 0.40 -1.0 1.2 -0.011 -0.014 0.0000 -0.0112 -0.0283 0.0053 -0.373122 -0.694839 12.19 110 360 
0.182 2 1 2 -0.35 0.40 -1.0 1.2 -0.021 -0.019 0.0000 -0.0108 -0.0283 0.0053 -0.373122 -0.694808 12.18 110 360 
0.183 2 1 2 -0.35 0.40 -1.0 1.2 -0.007 -0.003 0.0000 -0.0104 -0.0283 0.0053 -0.373122 -0.694773 12.19 100 360 
0.184 2 1 2 -0.35 0.40 -1.0 1.2 -0.016 -0.013 0.0000 -0.0104 -0.0283 0.0053 -0.373122 -0.694745 12.18 100 360 
0.185 2 1 2 -0.35 0.40 -1.0 1.2 0.000 -0.034 0.0000 -0.0100 -0.0283 0.0053 -0.373122 -0.694722 12.18 110 360 
0.186 2 1 2 -0.35 0.40 -1.0 1.2 -0.002 -0.016 0.0000 -0.0096 -0.0283 0.0053 -0.373122 -0.694703 12.19 100 360 
0.187 2 1 2 -0.35 0.40 -1.0 1.2 -0.030 -0.018 0.0000 -0.0096 -0.0283 0.0053 -0.373122 -0.694685 12.18 110 360 
0.188 2 1 2 -0.35 0.40 -1.0 1.2 -0.009 -0.026 0.0000 -0.0092 -0.0283 0.0053 -0.373122 -0.694664 12.19 100 360 
0.189 2 1 2 -0.35 0.40 -1.0 1.2 0.010 -0.004 0.0000 -0.0092 -0.0283 0.0053 -0.373122 -0.694638 12.19 100 350 
0.190 2 1 2 -0.35 0.40 -1.0 1.2 -0.031 0.010 0.0000 -0.0088 -0.0283 0.0053 -0.373122 -0.694607 12.18 100 350 
0.191 2 1 2 -0.35 0.40 -1.0 1.2 -0.011 -0.022 0.0000 -0.0088 -0.0283 0.0053 -0.373122 -0.694574 12.19 100 350 
0.192 2 1 2 -0.35 0.40 -1.0 1.2 0.019 -0.010 0.0000 -0.0084 -0.0283 0.0053 -0.373122 -0.694543 12.18 100 350 
0.193 2 1 2 -0.35 0.40 -1.0 1.2 -0.001 0.003 0.0000 -0.0084 -0.0283 0.0053 -0.373122 -0.694516 12.18 110 360 
0.194 2 1 2 -0.35 0.40 -1.0 1.2 0.009 0.038 0.0000 -0.0080 -0.0283 0.0053 -0.373122 -0.694490 12.19 100 360 
0.195 2 1 2 -0.35 0.40 -1.0 1.2 0.009 -0.001 0.0000 -0.0080 -0.0283 0.0053 -0.373122 -0.694466 12.19 100 350 
0.196 2 1 2 -0.35 0.40 -1.0 1.2 0.003 0.013 0.0000 -0.0076 -0.0283 0.0053 -0.373122 -0.694448 12.19 110 350 
0.197 2 1 2 -0.35 0.40 -1.0 1.2 0.008 0.021 0.0000 -0.0076 -0.0283 0.0053 -0.373122 -0.694430 12.19 100 350 
0.198 2 1 2 -0.35 0.40 -1.0 1.2 0.018 0.011 0.0000 -0.0076 -0.0283 0.0053 -0.373122 -0.694410 12.19 110 360 
0.199 2 1 2 -0.35 0.40 -1.0 1.2 -0.012 0.011 0.0000 -0.0072 -0.0283 0.0053 -0.373122 -0.694390 12.18 110 360 
0.200 2 1 2 -0.35 0.40 -1.0 1.2 0.026 -0.023 0.0000 -0.0072 -0.0283 0.0053 -0.373122 -0.694375 12.18 100 360 
0.201 2 1 2 -0.35 0.40 -1.0 1.2 0.007 -0.054 0.0000 -0.0072 -0.0283 0.0053 -0.373122 -0.694362 12.18 110 360 
0.202 2 1 2 -0.35 0.40 -1.0 1.2 -0.007 -0.043 0.0000 -0.0068 -0.0283 0.0053 -0.373122 -0.694349 12.18 100 360 
0.203 2 1 2 -0.35 0.40 -1.0 1.2 -0.017 -0.043 0.0000 -0.0068 -0.0283 0.0053 -0.373122 -0.694331 12.18 110 360 
0.204 2 1 2 -0.35 0.40 -1.0 1.2 0.009 -0.010 0.0000 -0.0068 -0.0283 0.0053 -0.373122 -0.694309 12.19 100 360 
0.205 2 1 2 -0.35 0.40 -1.0 1.2 0.003 -0.005 0.0000 -0.0064 -0.0283 0.0053 -0.373122 -0.694292 12.19 110 360 
0.206 2 1 2 -0.35 0.40 -1.0 1.2 0.011 -0.029 0.0000 -0.0064 -0.0283 0.0053 -0.373122 -0.694284 12.19 100 360 
0.207 2 1 2 -0.35 0.40 -1.0 1.2 0.026 -0.010 0.0000 -0.0064 -0.0283 0.0053 -0.373122 -0.694278 12.19 110 360 
0.208 2 1 2 -0.35 0.40 -1.0 1.2 -0.002 -0.013 0.0000 -0.0064 -0.0283 0.0053 -0.373122 -0.694269 12.19 100 360 
0.209 2 1 2 -0.35 0.40 -1.0 1.2 -0.009 0.027 0.0000 -0.0060 -0.0283 0.0053 -0.373122 -0.694257 12.18 110 360 
0.210 2 1 2 -0.35 0.40 -1.0 1.2 -0.011 -0.018 0.0000 -0.0060 -0.0283 0.0053 -0.373122 -0.694244 12.19 110 360 
0.211 2 1 2 -0.35 0.40 -1.0 1.2 0.007 -0.020 0.0000 -0.0060 -0.0283 0.0053 -0.373122 -0.694229 12.19 100 360 
0.212 2 1 2 -0.35 0.40 -1.0 1.2 0.008 -0.031 0.0000 -0.0060 -0.0283 0.0053 -0.373122 -0.694216 12.18 110 360 
0.213 2 1 2 -0.35 0.40 -1.0 1.2 0.003 -0.028 0.0000 -0.0056 -0.0283 0.0053 -0.373122 -0.694203 12.19 100 360 
0.214 2 1 2 -0.35 0.40 -1.0 1.2 0.022 -0.016 0.0000 -0.0056 -0.0283 0.0053 -0.373122 -0.694189 12.19 110 360 
0.215 2 1 2 -0.35 0.40 -1.0 1.2 0.040 -0.028 0.0000 -0.0056 -0.0283 0.0053 -0.373122 -0.694180 12.19 100 360 
0.216 2 1 2 -0.35 0.40 -1.0 1.2 0.039 -0.012 0.0000 -0.0056 -0.0283 0.0053 -0.373122 -0.694175 12.19 110 360 
0.217 2 1 2 -0.35 0.40 -1.0 1.2 0.011 -0.009 0.0000 -0.0056 -0.0283 0.0053 -0.373122 -0.694171 12.19 100 360 
0.218 2 1 2 -0.35 0.40 -1.0 1.2 0.029 -0.009 0.0000 -0.0052 -0.0283 0.0053 -0.373122 -0.694166 12.19 110 360 
0.219 2 1 2 -0.35 0.40 -1.0 1.2 0.001 -0.001 0.0000 -0.0052 -0.0283 0.0053 -0.373122 -0.694159 12.19 100 360 
0.220 2 1 2 -0.35 0.40 -1.0 1.2 0.010 0.019 0.0000 -0.0052 -0.0283 0.0053 -0.373122 -0.694152 12.19 110 360 
0.221 2 1 2 -0.35 0.40 -1.0 1.2 0.002 0.018 0.0000 -0.0052 -0.0283 0.0053 -0.373122 -0.694149 12.19 100 360 
0.222 2 1 2 -0.35 0.40 -1.0 1.2 -0.013 -0.020 0.0000 -0.0052 -0.0283 0.0053 -0.373122 -0.694147 12.19 110 360 
0.223 2 1 2 -0.35 0.40 -1.0 1.2 0.002 0.005 0.0000 -0.0048 -0.0283 0.0053 -0.373122 -0.694144 12.19 100 360 
0.224 2 1 2 -0.35 0.40 -1.0 1.2 -0.011 -0.019 0.0000 -0.0048 -0.0283 0.0053 -0.373122 -0.694138 12.19 110 360 
0.225 2 1 2 -0.35 0.40 -1.0 1.2 -0.029 0.017 0.0000 -0.0048 -0.0283 0.0053 -0.373122 -0.694133 12.19 100 360 
0.226 2 1 2 -0.35 0.40 -1.0 1.2 0.011 0.010 0.0000 -0.0048 -0.0283 0.0053 -0.373122 -0.694126 12.20 110 360 
0.227 2 1 2 -0.35 0.40 -1.0 1.2 0.022 -0.020 0.0000 -0.0048 -0.0283 0.0053 -0.373122 -0.694113 12.19 100 350 
0.228 2 1 2 -0.35 0.40 -1.0 1.2 0.010 -0.002 0.0000 -0.0048 -0.0283 0.0053 -0.373122 -0.694101 12.19 100 350 
0.229 2 1 2 -0.35 0.40 -1.0 1.2 0.013 -0.028 0.0000 -0.0044 -0.0283 0.0053 -0.373122 -0.694089 12.19 100 360 
0.230 2 1 2 -0.35 0.40 -1.0 1.2 0.025 -0.028 0.0000 -0.0044 -0.0283 0.0053 -0.373122 -0.694075 12.19 110 360 
0.231 2 1 2 -0.35 0.40 -1.0 1.2 0.032 -0.037 0.0000 -0.0044 -0.0283 0.0053 -0.373122 -0.694066 12.18 100 360 
0.232 2 1 2 -0.35 0.40 -1.0 1.2 0.006 -0.026 0.0000 -0.0044 -0.0283 0.0053 -0.373122 -0.694061 12.18 110 360 
0.233 2 1 2 -0.35 0.40 -1.0 1.2 -0.022 -0.037 0.0000 -0.0044 -0.0283 0.0053 -0.373122 -0.694057 12.19 100 360 
0.234 2 1 2 -0.35 0.40 -1.0 1.2 -0.002 -0.012 0.0000 -0.0044 -0.0283 0.0053 -0.373122 -0.694053 12.19 110 360 
0.235 2 1 2 -0.35 0.40 -1.0 1.2 0.015 0.016 0.0000 -0.0044 -0.0283 0.0053 -0.373122 -0.694045 12.19 100 350 
0.236 2 1 2 -0.35 0.40 -1.0 1.2 -0.007 0.013 0.0000 -0.0044 -0.0283 0.0053 -0.373122 -0.694032 12.19 110 360 
0.237 2 1 2 -0.35 0.40 -1.0 1.2 -0.001 -0.021 0.0000 -0.0040 -0.0283 0.0053 -0.373122 -0.694018 12.19 100 360 
0.238 2 1 2 -0.35 0.40 -1.0 1.2 -0.009 0.015 0.0000 -0.0040 -0.0283 0.0053 -0.373122 -0.694008 12.19 110 360 
0.239 2 1 2 -0.35 0.40 -1.0 1.2 0.013 -0.002 0.0000 -0.0040 -0.0283 0.0053 -0.373122 -0.693996 12.19 100 360 
0.240 2 1 2 -0.35 0.40 -1.0 1.2 -0.015 -0.001 0.0000 -0.0040 -0.0283 0.0053 -0.373122 -0.693986 12.19 110 360 
0.241 2 1 2 -0.35 0.40 -1.0 1.2 -0.004 -0.014 0.0000 -0.0040 -0.0283 0.0053 -0.373122 -0.693976 12.19 100 360 
0.242 2 1 2 -0.35 0.40 -1.0 1.2 -0.007 0.011 0.0000 -0.0040 -0.0283 0.0053 -0.373122 -0.693966 12.19 110 360 
0.243 2 1 2 -0.35 0.40 -1.0 1.2 0.036 0.001 0.0000 -0.0040 -0.0283 0.0053 -0.373122 -0.693958 12.19 100 360 
0.244 2 1 2 -0.35 0.40 -1.0 1.2 0.016 -0.019 0.0000 -0.0040 -0.0283 0.0053 -0.373122 -0.693949 12.19 110 360 
0.245 2 1 2 -0.35 0.40 -1.0 1.2 0.055 0.010 0.0000 -0.0040 -0.0283 0.0053 -0.373122 -0.693939 12.19 100 360 
0.246 2 1 2 -0.35 0.40 -1.0 1.2 -0.010 0.006 0.0000 -0.0036 -0.0283 0.0053 -0.373122 -0.693931 12.19 100 350 
0.247 2 1 2 -0.35 0.40 -1.0 1.2 0.004 0.005 0.0000 -0.0036 -0.0283 0.0053 -0.373122 -0.693925 12.19 100 350 
0.248 2 1 2 -0.35 0.40 -1.0 1.2 0.001 -0.024 0.0000 -0.0036 -0.0283 0.0053 -0.373122 -0.693914 12.19 100 350 
0.249 2 1 2 -0.35 0.40 -1.0 1.2 0.005 0.029 0.0000 -0.0036 -0.0283 0.0053 -0.373122 -0.693898 12.19 100 350 
0.250 2 1 2 -0.35 0.40 -1.0 1.2 0.050 0.027 0.0000 -0.0036 -0.0283 0.0053 -0.373122 -0.693886 12.19 100 360 
0.251 2 1 2 -0.35 0.40 -1.0 1.2 0.021 0.007 0.0000 -0.0036 -0.0283 0.0053 -0.373122 -0.693874 12.18 100 360 
0.252 2 1 2 -0.35 0.40 -1.0 1.2 -0.012 -0.003 0.0000 -0.0036 -0.0283 0.0053 -0.373122 -0.693864 12.18 100 350 
0.253 2 1 2 -0.35 0.40 -1.0 1.2 -0.017 -0.001 0.0000 -0.0036 -0.0283 0.0053 -0.373122 -0.693856 12.19 110 360 
0.254 2 1 2 -0.35 0.40 -1.0 1.2 -0.007 0.002 0.0000 -0.0036 -0.0283 0.0053 -0.373122 -0.693846 12.19 100 360 
0.255 2 1 2 -0.35 0.40 -1.0 1.2 -0.033 -0.017 0.0000 -0.0036 -0.0283 0.0053 -0.373122 -0.693836 12.19 100 350 
0.256 2 1 2 -0.35 0.40 -1.0 1.2 -0.017 -0.001 0.0000 -0.0036 -0.0283 0.0053 -0.373122 -0.693821 12.19 110 360 
0.257 2 1 2 -0.35 0.40 -1.0 1.2 0.002 -0.004 0.0000 -0.0032 -0.0283 0.0053 -0.373122 -0.693803 12.19 100 360 
0.258 2 1 2 -0.35 0.40 -1.0 1.2 -0.013 0.035 0.0000 -0.0032 -0.0283 0.0053 -0.373122 -0.693786 12.19 110 360 
0.259 2 1 2 -0.35 0.40 -1.0 1.2 -0.020 -0.025 0.0000 -0.0032 -0.0283 0.0053 -0.373122 -0.693769 12.19 100 360 
0.260 2 1 2 -0.35 0.40 -1.0 1.2 0.030 -0.007 0.0000 -0.0032 -0.0283 0.0053 -0.373122 -0.693754 12.19 110 360 
0.261 2 1 2 -0.35 0.40 -1.0 1.2 0.066 -0.012 0.0000 -0.0032 -0.0283 0.0053 -0.373122 -0.693738 12.19 100 360 
0.262 2 1 2 -0.35 0.40 -1.0 1.2 0.004 -0.012 0.0000 -0.0032 -0.0283 0.0053 -0.373122 -0.693722 12.19 110 360 
0.263 2 1 2 -0.35 0.40 -1.0 1.2 0.020 0.014 0.0000 -0.0032 -0.0283 0.0053 -0.373122 -0.693711 12.19 100 360 
0.264 2 1 2 -0.35 0.40 -1.0 1.2 0.035 0.022 0.0000 -0.0032 -0.0283 0.0053 -0.373122 -0.693700 12.19 110 360 
0.265 2 1 2 -0.35 0.40 -1.0 1.2 0.030 0.017 0.0000 -0.0032 -0.0283 0.0053 -0.373122 -0.693692 12.19 100 360 
0.266 2 1 2 -0.35 0.40 -1.0 1.2 0.032 0.007 0.0000 -0.0032 -0.0283 0.0053 -0.373122 -0.693684 12.19 110 360 
0.267 2 1 2 -0.35 0.40 -1.0 1.2 0.007 -0.005 0.0000 -0.0032 -0.0283 0.0053 -0.373122 -0.693673 12.19 100 360 
0.268 2 1 2 -0.35 0.40 -1.0 1.2 -0.014 -0.019 0.0000 -0.0032 -0.0283 0.0053 -0.373122 -0.693662 12.19 110 360 
0.269 2 1 2 -0.35 0.40 -1.0 1.2 -0.032 -0.005 0.0000 -0.0032 -0.0283 0.0053 -0.373122 -0.693653 12.19 100 360 
0.270 2 1 2 -0.35 0.40 -1.0 1.2 0.006 -0.019 0.0000 -0.0032 -0.0283 0.0053 -0.373122 -0.693645 12.19 100 350 
0.271 2 1 2 -0.35 0.40 -1.0 1.2 0.040 -0.009 0.0000 -0.0028 -0.0283 0.0053 -0.373122 -0.693636 12.19 100 350 
0.272 2 1 2 -0.35 0.40 -1.0 1.2 0.213 -0.152 0.0000 -0.0028 -0.0283 0.0053 -0.373122 -0.693623 12.18 100 350 
0.273 2 1 2 -0.35 0.40 -1.0 1.2 0.058 -0.085 0.0000 -0.0028 -0.0283 0.0053 -0.373122 -0.693609 12.19 110 360 
0.274 2 1 2 -0.35 0.40 -1.0 1.2 0.015 -0.020 0.0000 -0.0028 -0.0283 0.0053 -0.373122 -0.693597 12.18 110 360 
0.275 2 1 2 -0.35 0.40 -1.0 1.2 -0.001 0.003 0.0000 -0.0028 -0.0283 0.0053 -0.373122 -0.693587 12.19 100 350 
0.276 2 1 2 -0.35 0.40 -1.0 1.2 -0.004 -0.003 0.0000 -0.0028 -0.0283 0.0053 -0.373122 -0.693582 12.19 100 360 
0.277 2 1 2 -0.35 0.40 -1.0 1.2 0.010 0.021 0.0000 -0.0028 -0.0283 0.0053 -0.373122 -0.693578 12.19 100 360 
0.278 2 1 2 -0.35 0.40 -1.0 1.2 0.016 -0.001 0.0000 -0.0028 -0.0283 0.0053 -0.373122 -0.693574 12.19 100 350 
0.279 2 1 2 -0.35 0.40 -1.0 1.2 0.017 0.017 0.0000 -0.0028 -0.0283 0.0053 -0.373122 -0.693569 12.19 100 350 
0.280 2 1 2 -0.35 0.40 -1.0 1.2 0.002 -0.006 0.0000 -0.0028 -0.0283 0.0053 -0.373122 -0.693561 12.18 100 350 
0.281 2 1 2 -0.35 0.40 -1.0 1.2 -0.016 0.007 0.0000 -0.0028 -0.0283 0.0053 -0.373122 -0.693558 12.19 100 350 
0.282 2 1 2 -0.35 0.40 -1.0 1.2 -0.016 0.003 0.0000 -0.0028 -0.0283 0.0053 -0.373122 -0.693560 12.19 100 350 
0.283 2 1 2 -0.35 0.40 -1.0 1.2 -0.015 -0.012 0.0000 -0.0028 -0.0283 0.0053 -0.373122 -0.693558 12.19 100 350 
0.284 2 1 2 -0.35 0.40 -1.0 1.2 0.010 -0.050 0.0000 -0.0028 -0.0283 0.0053 -0.373122 -0.693554 12.19 100 350 
0.285 2 1 2 -0.35 0.40 -1.0 1.2 -0.027 0.010 0.0000 -0.0028 -0.0283 0.0053 -0.373122 -0.693550 12.19 100 350 
0.286 2 1 2 -0.35 0.40 -1.0 1.2 -0.002 0.013 0.0000 -0.0028 -0.0283 0.0053 -0.373122 -0.693549 12.19 100 350 
0.287 2 1 2 -0.35 0.40 -1.0 1.2 0.028 0.009 0.0000 -0.0028 -0.0283 0.0053 -0.373122 -0.693551 12.19 100 350 
0.288 2 1 2 -0.35 0.40 -1.0 1.2 0.002 0.013 0.0000 -0.0028 -0.0283 0.0053 -0.373122 -0.693555 12.19 100 350 
0.289 2 1 2 -0.35 0.40 -1.0 1.2 0.036 -0.012 0.0000 -0.0024 -0.0283 0.0053 -0.373122 -0.693557 12.19 100 350 
0.290 2 1 2 -0.35 0.40 -1.0 1.2 0.031 -0.012 0.0000 -0.0024 -0.0283 0.0053 -0.373122 -0.693555 12.19 100 350 
0.291 2 1 2 -0.35 0.40 -1.0 1.2 0.021 -0.028 0.0000 -0.0024 -0.0283 0.0053 -0.373122 -0.693553 12.19 100 350 
0.292 2 1 2 -0.35 0.40 -1.0 1.2 0.009 -0.008 0.0000 -0.0024 -0.0283 0.0053 -0.373122 -0.693557 12.19 100 350 
0.293 2 1 2 -0.35 0.40 -1.0 1.2 -0.021 -0.009 0.0000 -0.0024 -0.0283 0.0053 -0.373122 -0.693565 12.19 100 350 
0.294 2 1 2 -0.35 0.40 -1.0 1.2 0.034 -0.001 0.0000 -0.0024 -0.0283 0.0053 -0.373122 -0.693571 12.19 100 350 
0.295 2 1 2 -0.35 0.40 -1.0 1.2 -0.031 0.009 0.0000 -0.0024 -0.0283 0.0053 -0.373122 -0.693571 12.19 100 350 
0.296 2 1 2 -0.35 0.40 -1.0 1.2 0.000 0.000 0.0000 -0.0024 -0.0283 0.0053 -0.373122 -0.693569 12.18 100 360 
0.297 2 1 2 -0.35 0.40 -1.0 1.2 -0.005 -0.024 0.0000 -0.0024 -0.0283 0.0053 -0.373122 -0.693572 12.18 100 360 
0.298 2 1 2 -0.35 0.40 -1.0 1.2 -0.008 -0.012 0.0000 -0.0024 -0.0283 0.0053 -0.373122 -0.693582 12.18 100 350 
0.299 2 1 2 -0.35 0.40 -1.0 1.2 -0.001 0.010 0.0000 -0.0024 -0.0283 0.0053 -0.373122 -0.693591 12.19 100 350 
0.300 2 1 2 -0.35 0.40 -1.0 1.2 0.048 0.017 0.0000 -0.0024 -0.0283 0.0053 -0.373122 -0.693598 12.19 100 350 
0.301 2 1 2 -0.35 0.40 -1.0 1.2 0.028 0.003 0.0000 -0.0024 -0.0283 0.0053 -0.373122 -0.693607 12.19 100 360 
0.302 2 1 2 -0.35 0.40 -1.0 1.2 -0.014 -0.001 0.0000 -0.0024 -0.0283 0.0053 -0.373122 -0.693615 12.19 100 360 
0.303 2 1 2 -0.35 0.40 -1.0 1.2 0.041 0.018 0.0000 -0.0024 -0.0283 0.0053 -0.373122 -0.693623 12.19 100 350 
0.304 2 1 2 -0.35 0.40 -1.0 1.2 0.006 -0.012 0.0000 -0.0024 -0.0283 0.0053 -0.373122 -0.693631 12.19 100 350 
0.305 2 1 2 -0.35 0.40 -1.0 1.2 0.020 -0.003 0.0000 -0.0024 -0.0283 0.0053 -0.373122 -0.693640 12.19 100 350 
0.306 2 1 2 -0.35 0.40 -1.0 1.2 0.013 -0.017 0.0000 -0.0024 -0.0283 0.0053 -0.373122 -0.693650 12.19 100 350 
0.307 2 1 2 -0.35 0.40 -1.0 1.2 -0.009 0.003 0.0000 -0.0024 -0.0283 0.0053 -0.373122 -0.693662 12.19 100 350 
0.308 2 1 2 -0.35 0.40 -1.0 1.2 -0.004 -0.013 0.0000 -0.0024 -0.0283 0.0053 -0.373122 -0.693677 12.19 100 350 
0.309 2 1 2 -0.35 0.40 -1.0 1.2 0.000 0.001 0.0000 -0.0024 -0.0283 0.0053 -0.373122 -0.693696 12.19 100 350 
0.310 2 1 2 -0.35 0.40 -1.0 1.2 0.004 -0.005 0.0000 -0.0024 -0.0283 0.0053 -0.373122 -0.693716 12.19 100 350 
0.311 2 1 2 -0.35 0.40 -1.0 1.2 -0.013 0.010 0.0000 -0.0024 -0.0283 0.0053 -0.373122 -0.693739 12.18 110 360 
0.312 2 1 2 -0.35 0.40 -1.0 1.2 -0.030 0.010 0.0000 -0.0024 -0.0283 0.0053 -0.373122 -0.693761 12.19 110 360 
0.313 2 1 2 -0.35 0.40 -1.0 1.2 0.012 0.014 0.0000 -0.0020 -0.0283 0.0053 -0.373122 -0.693781 12.19 110 360 
0.314 2 1 2 -0.35 0.40 -1.0 1.2 0.006 -0.031 0.0000 -0.0020 -0.0283 0.0053 -0.373122 -0.693800 12.19 110 360 
0.315 2 1 2 -0.35 0.40 -1.0 1.2 0.008 0.003 0.0000 -0.0020 -0.0283 0.0053 -0.373122 -0.693818 12.19 110 360 
0.316 2 1 2 -0.35 0.40 -1.0 1.2 0.023 0.003 0.0000 -0.0020 -0.0283 0.0053 -0.373122 -0.693831 12.19 110 360 
0.317 2 1 2 -0.35 0.40 -1.0 1.2 0.039 -0.017 0.0000 -0.0020 -0.0283 0.0053 -0.373122 -0.693840 12.19 110 360 
0.318 2 1 2 -0.35 0.40 -1.0 1.2 0.020 -0.009 0.0000 -0.0020 -0.0283 0.0053 -0.373122 -0.693855 12.19 110 360 
0.319 2 1 2 -0.35 0.40 -1.0 1.2 0.011 0.014 0.0000 -0.0020 -0.0283 0.0053 -0.373122 -0.693876 12.19 110 360 
0.320 2 1 2 -0.35 0.40 -1.0 1.2 0.017 -0.001 0.0000 -0.0020 -0.0283 0.0053 -0.373122 -0.693897 12.19 110 360 
0.321 2 1 2 -0.35 0.40 -1.0 1.2 0.059 0.008 0.0000 -0.0020 -0.0283 0.0053 -0.373122 -0.693916 12.19 110 350 
0.322 2 1 2 -0.35 0.40 -1.0 1.2 0.020 -0.009 0.0000 -0.0020 -0.0283 0.0053 -0.373122 -0.693935 12.19 110 360 
0.323 2 1 2 -0.35 0.40 -1.0 1.2 0.002 0.001 0.0000 -0.0020 -0.0283 0.0053 -0.373122 -0.693954 12.19 100 350 
0.324 2 1 2 -0.35 0.40 -1.0 1.2 -0.004 0.013 0.0000 -0.0020 -0.0283 0.0053 -0.373122 -0.693971 12.19 110 360 
0.325 2 1 2 -0.35 0.40 -1.0 1.2 -0.009 -0.016 0.0000 -0.0020 -0.0283 0.0053 -0.373122 -0.693985 12.19 110 360 
0.326 2 1 2 -0.35 0.40 -1.0 1.2 0.009 -0.016 0.0000 -0.0020 -0.0283 0.0053 -0.373122 -0.693995 12.19 110 360 
0.327 2 1 2 -0.35 0.40 -1.0 1.2 0.009 -0.009 0.0000 -0.0020 -0.0283 0.0053 -0.373122 -0.694005 12.19 110 360 
0.328 2 1 2 -0.35 0.40 -1.0 1.2 -0.014 -0.029 0.0000 -0.0020 -0.0283 0.0053 -0.373122 -0.694020 12.19 110 360 
0.329 2 1 2 -0.35 0.40 -1.0 1.2 -0.005 -0.026 0.0000 -0.0020 -0.0283 0.0053 -0.373122 -0.694036 12.19 110 360 
0.330 2 1 2 -0.35 0.40 -1.0 1.2 0.002 -0.007 0.0000 -0.0020 -0.0283 0.0053 -0.373122 -0.694050 12.19 110 360 
0.331 2 1 2 -0.35 0.40 -1.0 1.2 0.019 0.027 0.0000 -0.0020 -0.0283 0.0053 -0.373122 -0.694062 12.19 110 360 
0.332 2 1 2 -0.35 0.40 -1.0 1.2 0.026 0.014 0.0000 -0.0020 -0.0283 0.0053 -0.373122 -0.694068 12.19 110 360 
0.333 2 1 2 -0.35 0.40 -1.0 1.2 0.007 -0.012 0.0000 -0.0020 -0.0283 0.0053 -0.373122 -0.694075 12.19 110 360 
0.334 2 1 2 -0.35 0.40 -1.0 1.2 0.015 -0.005 0.0000 -0.0020 -0.0283 0.0053 -0.373122 -0.694081 12.19 100 360 
0.335 2 1 2 -0.35 0.40 -1.0 1.2 0.026 -0.001 0.0000 -0.0020 -0.0283 0.0053 -0.373122 -0.694088 12.19 110 360 
0.336 2 1 2 -0.35 0.40 -1.0 1.2 0.013 0.013 0.0000 -0.0020 -0.0283 0.0053 -0.373122 -0.694099 12.19 110 360 
0.337 2 1 2 -0.35 0.40 -1.0 1.2 0.008 -0.023 0.0000 -0.0020 -0.0283 0.0053 -0.373122 -0.694112 12.19 100 360 
0.338 2 1 2 -0.35 0.40 -1.0 1.2 0.000 -0.012 0.0000 -0.0020 -0.0283 0.0053 -0.373122 -0.694121 12.19 100 360 
0.339 2 1 2 -0.35 0.40 -1.0 1.2 0.013 -0.017 0.0000 -0.0020 -0.0283 0.0053 -0.373122 -0.694129 12.19 100 360 
0.340 2 1 2 -0.35 0.40 -1.0 1.2 0.006 -0.013 0.0000 -0.0020 -0.0283 0.0053 -0.373122 -0.694137 12.19 110 360 
0.341 2 1 2 -0.35 0.40 -1.0 1.2 0.009 -0.008 0.0000 -0.0020 -0.0283 0.0053 -0.373122 -0.694139 12.19 110 360 
0.342 2 1 2 -0.35 0.40 -1.0 1.2 0.011 -0.015 0.0000 -0.0020 -0.0283 0.0053 -0.373122 -0.694141 12.19 110 360 
0.343 2 1 2 -0.35 0.40 -1.0 1.2 -0.010 0.005 0.0000 -0.0020 -0.0283 0.0053 -0.373122 -0.694147 12.19 110 360 
0.344 2 1 2 -0.35 0.40 -1.0 1.2 -0.005 0.002 0.0000 -0.0020 -0.0283 0.0053 -0.373122 -0.694153 12.18 110 360 
0.345 2 1 2 -0.35 0.40 -1.0 1.2 0.029 0.013 0.0000 -0.0020 -0.0283 0.0053 -0.373122 -0.694158 12.19 110 360 
0.346 2 1 2 -0.35 0.40 -1.0 1.2 0.027 -0.009 0.0000 -0.0016 -0.0283 0.0053 -0.373122 -0.694164 12.19 110 360 
0.347 2 1 2 -0.35 0.40 -1.0 1.2 -0.009 0.046 0.0000 -0.0016 -0.0283 0.0053 -0.373122 -0.694172 12.19 110 360 
0.348 2 1 2 -0.35 0.40 -1.0 1.2 -0.037 0.014 0.0000 -0.0016 -0.0283 0.0053 -0.373122 -0.694178 12.19 110 360 
0.349 2 1 2 -0.35 0.40 -1.0 1.2 -0.022 0.011 0.0000 -0.0016 -0.0283 0.0053 -0.373122 -0.694180 12.19 110 360 
0.350 2 1 2 -0.35 0.40 -1.0 1.2 0.002 0.010 0.0000 -0.0016 -0.0283 0.0053 -0.373122 -0.694183 12.19 110 360 
0.351 2 1 2 -0.35 0.40 -1.0 1.2 0.006 -0.015 0.0000 -0.0016 -0.0283 0.0053 -0.373122 -0.694191 12.19 110 360 
0.352 2 1 2 -0.35 0.40 -1.0 1.2 -0.014 0.022 0.0000 -0.0016 -0.0283 0.0053 -0.373122 -0.694202 12.20 110 360 
0.353 2 1 2 -0.35 0.40 -1.0 1.2 -0.011 -0.008 0.0000 -0.0016 -0.0283 0.0053 -0.373122 -0.694213 12.19 110 360 
0.354 2 1 2 -0.35 0.40 -1.0 1.2 -0.016 0.002 0.0000 -0.0016 -0.0283 0.0053 -0.373122 -0.694221 12.19 110 360 
0.355 2 1 2 -0.35 0.40 -1.0 1.2 -0.042 -0.001 0.0000 -0.0016 -0.0283 0.0053 -0.373122 -0.694224 12.19 110 360 
0.356 2 1 2 -0.35 0.40 -1.0 1.2 0.017 -0.009 0.0000 -0.0016 -0.0283 0.0053 -0.373122 -0.694227 12.19 110 360 
0.357 2 1 2 -0.35 0.40 -1.0 1.2 0.013 -0.017 0.0000 -0.0016 -0.0283 0.0053 -0.373122 -0.694232 12.19 110 360 
0.358 2 1 2 -0.35 0.40 -1.0 1.2 0.005 -0.008 0.0000 -0.0016 -0.0283 0.0053 -0.373122 -0.694237 12.19 110 360 
0.359 2 1 2 -0.35 0.40 -1.0 1.2 0.038 -0.007 0.0000 -0.0016 -0.0283 0.0053 -0.373122 -0.694242 12.19 110 360 
0.360 2 1 2 -0.35 0.40 -1.0 1.2 0.027 0.019 0.0000 -0.0016 -0.0283 0.0053 -0.373122 -0.694248 12.19 110 360 
0.361 2 1 2 -0.35 0.40 -1.0 1.2 0.000 0.003 0.0000 -0.0016 -0.0283 0.0053 -0.373122 -0.694254 12.19 110 360 
0.362 2 1 2 -0.35 0.40 -1.0 1.2 0.005 -0.028 0.0000 -0.0016 -0.0283 0.0053 -0.373122 -0.694260 12.19 110 360 
0.363 2 1 2 -0.35 0.40 -1.0 1.2 0.001 0.007 0.0000 -0.0016 -0.0283 0.0053 -0.373122 -0.694266 12.19 110 360 
0.364 2 1 2 -0.35 0.40 -1.0 1.2 -0.002 -0.006 0.0000 -0.0016 -0.0283 0.0053 -0.373122 -0.694268 12.19 110 360 
0.365 2 1 2 -0.35 0.40 -1.0 1.2 0.013 -0.028 0.0000 -0.0016 -0.0283 0.0053 -0.373122 -0.694271 12.19 110 360 
0.366 2 1 2 -0.35 0.40 -1.0 1.2 0.026 -0.042 0.0000 -0.0016 -0.0283 0.0053 -0.373122 -0.694274 12.19 110 350 
0.367 2 1 2 -0.35 0.40 -1.0 1.2 0.011 -0.011 0.0000 -0.0016 -0.0283 0.0053 -0.373122 -0.694276 12.19 110 360 
0.368 2 1 2 -0.35 0.40 -1.0 1.2 0.004 0.006 0.0000 -0.0016 -0.0283 0.0053 -0.373122 -0.694276 12.19 110 360 
0.369 2 1 2 -0.35 0.40 -1.0 1.2 0.009 -0.011 0.0000 -0.0016 -0.0283 0.0053 -0.373122 -0.694277 12.19 110 360 
0.370 2 1 2 -0.35 0.40 -1.0 1.2 0.006 -0.009 0.0000 -0.0016 -0.0283 0.0053 -0.373122 -0.694281 12.19 110 360 
0.371 2 1 2 -0.35 0.40 -1.0 1.2 0.009 -0.023 0.0000 -0.0016 -0.0283 0.0053 -0.373122 -0.694285 12.19 110 350 
0.372 2 1 2 -0.35 0.40 -1.0 1.2 0.007 -0.005 0.0000 -0.0016 -0.0283 0.0053 -0.373122 -0.694289 12.19 110 360 
0.373 2 1 2 -0.35 0.40 -1.0 1.2 0.002 -0.021 0.0000 -0.0016 -0.0283 0.0053 -0.373122 -0.694291 12.19 110 360 
0.374 2 1 2 -0.35 0.40 -1.0 1.2 0.029 -0.003 0.0000 -0.0016 -0.0283 0.0053 -0.373122 -0.694290 12.19 110 360 
0.375 2 1 2 -0.35 0.40 -1.0 1.2 0.172 -0.123 0.0000 -0.0016 -0.0283 0.0053 -0.373122 -0.694289 12.18 110 360 
0.376 2 1 2 -0.35 0.40 -1.0 1.2 0.050 -0.096 0.0000 -0.0016 -0.0283 0.0053 -0.373122 -0.694290 12.19 110 360 
0.377 2 1 2 -0.35 0.40 -1.0 1.2 -0.001 -0.007 0.0000 -0.0016 -0.0283 0.0053 -0.373122 -0.694293 12.19 110 360 
0.378 2 1 2 -0.35 0.40 -1.0 1.2 -0.014 -0.005 0.0000 -0.0016 -0.0283 0.0053 -0.373122 -0.694296 12.19 110 360 
0.379 2 1 2 -0.35 0.40 -1.0 1.2 0.029 -0.012 0.0000 -0.0016 -0.0283 0.0053 -0.373122 -0.694293 12.19 110 360 
0.380 2 1 2 -0.35 0.40 -1.0 1.2 -0.006 0.006 0.0000 -0.0016 -0.0283 0.0053 -0.373122 -0.694292 12.20 110 360 
0.381 2 1 2 -0.35 0.40 -1.0 1.2 0.014 0.025 0.0000 -0.0016 -0.0283 0.0053 -0.373122 -0.694293 12.19 110 360 
0.382 2 1 2 -0.35 0.40 -1.0 1.2 -0.007 -0.002 0.0000 -0.0016 -0.0283 0.0053 -0.373122 -0.694291 12.19 110 360 
0.383 2 1 2 -0.35 0.40 -1.0 1.2 0.006 -0.002 0.0000 -0.0016 -0.0283 0.0053 -0.373122 -0.694286 12.19 110 360 
0.384 2 1 2 -0.35 0.40 -1.0 1.2 -0.025 -0.011 0.0000 -0.0016 -0.0283 0.0053 -0.373122 -0.694285 12.18 110 360 
0.385 2 1 2 -0.35 0.40 -1.0 1.2 -0.020 0.015 0.0000 -0.0016 -0.0283 0.0053 -0.373122 -0.694282 12.19 100 360 
0.386 2 1 2 -0.35 0.40 -1.0 1.2 -0.021 -0.016 0.0000 -0.0016 -0.0283 0.0053 -0.373122 -0.694273 12.19 110 360 
0.387 2 1 2 -0.35 0.40 -1.0 1.2 -0.002 -0.009 0.0000 -0.0016 -0.0283 0.0053 -0.373122 -0.694265 12.19 110 360 
0.388 2 1 2 -0.35 0.40 -1.0 1.2 -0.021 0.003 0.0000 -0.0016 -0.0283 0.0053 -0.373122 -0.694261 12.19 110 360 
0.389 2 1 2 -0.35 0.40 -1.0 1.2 0.006 0.010 0.0000 -0.0016 -0.0283 0.0053 -0.373122 -0.694256 12.20 110 360 
0.390 2 1 2 -0.35 0.40 -1.0 1.2 0.004 -0.031 0.0000 -0.0016 -0.0283 0.0053 -0.373122 -0.694251 12.19 110 360 
0.391 2 1 2 -0.35 0.40 -1.0 1.2 -0.005 -0.019 0.0000 -0.0016 -0.0283 0.0053 -0.373122 -0.694248 12.19 110 360 
0.392 2 1 2 -0.35 0.40 -1.0 1.2 -0.006 0.007 0.0000 -0.0016 -0.0283 0.0053 -0.373122 -0.694242 12.19 110 360 
0.393 2 1 2 -0.35 0.40 -1.0 1.2 0.011 -0.015 0.0000 -0.0016 -0.0283 0.0053 -0.373122 -0.694236 12.19 110 360 
0.394 2 1 2 -0.35 0.40 -1.0 1.2 -0.023 0.002 0.0000 -0.0016 -0.0283 0.0053 -0.373122 -0.694229 12.19 110 360 
0.395 2 1 2 -0.35 0.40 -1.0 1.2 -0.008 -0.028 0.0000 -0.0016 -0.0283 0.0053 -0.373122 -0.694222 12.19 110 360 
0.396 2 1 2 -0.35 0.40 -1.0 1.2 0.048 -0.008 0.0000 -0.0012 -0.0283 0.0053 -0.373122 -0.694209 12.19 110 360 
0.397 2 1 2 -0.35 0.40 -1.0 1.2 0.024 -0.031 0.0000 -0.0012 -0.0283 0.0053 -0.373122 -0.694196 12.19 110 360 
0.398 2 1 2 -0.35 0.40 -1.0 1.2 0.036 0.014 0.0000 -0.0012 -0.0283 0.0053 -0.373122 -0.694186 12.20 110 360 
0.399 2 1 2 -0.35 0.40 -1.0 1.2 0.016 0.004 0.0000 -0.0012 -0.0283 0.0053 -0.373122 -0.694175 12.20 110 360 
0.400 2 1 2 -0.35 0.40 -1.0 1.2 -0.004 -0.023 0.0000 -0.0012 -0.0283 0.0053 -0.373122 -0.694165 12.19 110 360 
0.401 2 1 2 -0.35 0.40 -1.0 1.2 0.022 -0.012 0.0000 -0.0012 -0.0283 0.0053 -0.373122 -0.694155 12.19 110 360 
0.402 2 1 2 -0.35 0.40 -1.0 1.2 0.018 -0.007 0.0000 -0.0012 -0.0283 0.0053 -0.373122 -0.694143 12.19 110 360 
0.403 2 1 2 -0.35 0.40 -1.0 1.2 0.021 -0.001 0.0000 -0.0012 -0.0283 0.0053 -0.373122 -0.694129 12.19 110 360 
0.404 2 1 2 -0.35 0.40 -1.0 1.2 0.013 0.006 0.0000 -0.0012 -0.0283 0.0053 -0.373122 -0.694113 12.19 110 360 
0.405 2 1 2 -0.35 0.40 -1.0 1.2 0.006 -0.023 0.0000 -0.0012 -0.0283 0.0053 -0.373122 -0.694097 12.19 110 360 
0.406 2 1 2 -0.35 0.40 -1.0 1.2 -0.003 0.011 0.0000 -0.0012 -0.0283 0.0053 -0.373122 -0.694081 12.19 110 360 
0.407 2 1 2 -0.35 0.40 -1.0 1.2 -0.009 0.018 0.0000 -0.0012 -0.0283 0.0053 -0.373122 -0.694066 12.19 110 360 
0.408 2 1 2 -0.35 0.40 -1.0 1.2 0.022 0.017 0.0000 -0.0012 -0.0283 0.0053 -0.373122 -0.694047 12.19 110 360 
0.409 2 1 2 -0.35 0.40 -1.0 1.2 -0.022 -0.015 0.0000 -0.0012 -0.0283 0.0053 -0.373122 -0.694027 12.19 110 360 
0.410 2 1 2 -0.35 0.40 -1.0 1.2 0.016 -0.014 0.0000 -0.0012 -0.0283 0.0053 -0.373122 -0.694006 12.19 110 360 
0.411 2 1 2 -0.35 0.40 -1.0 1.2 0.021 -0.009 0.0000 -0.0012 -0.0283 0.0053 -0.373122 -0.693984 12.19 110 360 
0.412 2 1 2 -0.35 0.40 -1.0 1.2 0.006 0.000 0.0000 -0.0012 -0.0283 0.0053 -0.373122 -0.693963 12.19 100 360 
0.413 2 1 2 -0.35 0.40 -1.0 1.2 0.004 -0.007 0.0000 -0.0012 -0.0283 0.0053 -0.373122 -0.693942 12.19 110 360 
0.414 2 1 2 -0.35 0.40 -1.0 1.2 0.013 0.027 0.0000 -0.0012 -0.0283 0.0053 -0.373122 -0.693924 12.18 110 360 
0.415 2 1 2 -0.35 0.40 -1.0 1.2 -0.035 -0.022 0.0000 -0.0012 -0.0283 0.0053 -0.373122 -0.693906 12.19 100 360 
0.416 2 1 2 -0.35 0.40 -1.0 1.2 -0.027 0.007 0.0000 -0.0012 -0.0283 0.0053 -0.373122 -0.693885 12.19 100 360 
0.417 2 1 2 -0.35 0.40 -1.0 1.2 -0.006 0.033 0.0000 -0.0012 -0.0283 0.0053 -0.373122 -0.693861 12.19 100 360 
0.418 2 1 2 -0.35 0.40 -1.0 1.2 -0.031 -0.003 0.0000 -0.0012 -0.0283 0.0053 -0.373122 -0.693837 12.20 110 360 
0.419 2 1 2 -0.35 0.40 -1.0 1.2 -0.005 -0.001 0.0000 -0.0012 -0.0283 0.0053 -0.373122 -0.693815 12.19 110 360 
0.420 2 1 2 -0.35 0.40 -1.0 1.2 0.030 -0.028 0.0000 -0.0012 -0.0283 0.0053 -0.373122 -0.693793 12.19 110 360 
0.421 2 1 2 -0.35 0.40 -1.0 1.2 0.013 -0.026 0.0000 -0.0012 -0.0283 0.0053 -0.373122 -0.693769 12.19 110 360 
0.422 2 1 2 -0.35 0.40 -1.0 1.2 0.021 0.029 0.0000 -0.0012 -0.0283 0.0053 -0.373122 -0.693744 12.19 110 360 
0.423 2 1 2 -0.35 0.40 -1.0 1.2 0.012 -0.012 0.0000 -0.0012 -0.0283 0.0053 -0.373122 -0.693720 12.20 110 360 
0.424 2 1 2 -0.35 0.40 -1.0 1.2 0.006 0.006 0.0000 -0.0012 -0.0283 0.0053 -0.373122 -0.693700 12.19 110 360 
0.425 2 1 2 -0.35 0.40 -1.0 1.2 -0.002 0.007 0.0000 -0.0012 -0.0283 0.0053 -0.373122 -0.693679 12.19 110 360 
0.426 2 1 2 -0.35 0.40 -1.0 1.2 0.010 -0.001 0.0000 -0.0012 -0.0283 0.0053 -0.373122 -0.693655 12.19 110 360 
0.427 2 1 2 -0.35 0.40 -1.0 1.2 0.025 -0.009 0.0000 -0.0012 -0.0283 0.0053 -0.373122 -0.693631 12.19 110 360 
0.428 2 1 2 -0.35 0.40 -1.0 1.2 0.015 0.017 0.0000 -0.0012 -0.0283 0.0053 -0.373122 -0.693611 12.19 110 360 
0.429 2 1 2 -0.35 0.40 -1.0 1.2 -0.006 0.007 0.0000 -0.0012 -0.0283 0.0053 -0.373122 -0.693586 12.19 110 360 
0.430 2 1 2 -0.35 0.40 -1.0 1.2 -0.015 0.010 0.0000 -0.0012 -0.0283 0.0053 -0.373122 -0.693563 12.19 110 360 
0.431 2 1 2 -0.35 0.40 -1.0 1.2 0.002 0.000 0.0000 -0.0012 -0.0283 0.0053 -0.373122 -0.693539 12.19 110 360 
0.432 2 1 2 -0.35 0.40 -1.0 1.2 0.002 -0.015 0.0000 -0.0012 -0.0283 0.0053 -0.373122 -0.693512 12.19 110 360 
0.433 2 1 2 -0.35 0.40 -1.0 1.2 0.001 -0.012 0.0000 -0.0012 -0.0283 0.0053 -0.373122 -0.693486 12.19 110 360 
0.434 2 1 2 -0.35 0.40 -1.0 1.2 0.010 -0.013 0.0000 -0.0012 -0.0283 0.0053 -0.373122 -0.693462 12.19 110 360 
0.435 2 1 2 -0.35 0.40 -1.0 1.2 -0.004 -0.007 0.0000 -0.0012 -0.0283 0.0053 -0.373122 -0.693436 12.20 110 360 
0.436 2 1 2 -0.35 0.40 -1.0 1.2 0.031 -0.012 0.0000 -0.0012 -0.0283 0.0053 -0.373122 -0.693411 12.20 110 360 
0.437 2 1 2 -0.35 0.40 -1.0 1.2 0.012 0.022 0.0000 -0.0012 -0.0283 0.0053 -0.373122 -0.693385 12.19 110 360 
0.438 2 1 2 -0.35 0.40 -1.0 1.2 -0.004 -0.012 0.0000 -0.0012 -0.0283 0.0053 -0.373122 -0.693362 12.19 110 360 
0.439 2 1 2 -0.35 0.40 -1.0 1.2 -0.031 0.001 0.0000 -0.0012 -0.0283 0.0053 -0.373122 -0.693341 12.19 110 360 
0.440 2 1 2 -0.35 0.40 -1.0 1.2 -0.006 -0.008 0.0000 -0.0012 -0.0283 0.0053 -0.373122 -0.693318 12.19 100 360 
0.441 2 1 2 -0.35 0.40 -1.0 1.2 -0.019 0.016 0.0000 -0.0012 -0.0283 0.0053 -0.373122 -0.693289 12.19 100 360 
0.442 2 1 2 -0.35 0.40 -1.0 1.2 -0.009 0.003 0.0000 -0.0012 -0.0283 0.0053 -0.373122 -0.693261 12.19 110 360 
0.443 2 1 2 -0.35 0.40 -1.0 1.2 0.002 -0.003 0.0000 -0.0012 -0.0283 0.0053 -0.373122 -0.693238 12.19 100 360 
0.444 2 1 2 -0.35 0.40 -1.0 1.2 -0.004 -0.014 0.0000 -0.0012 -0.0283 0.0053 -0.373122 -0.693210 12.19 100 350 
0.445 2 1 2 -0.35 0.40 -1.0 1.2 -0.014 0.015 0.0000 -0.0012 -0.0283 0.0053 -0.373122 -0.693178 12.19 100 350 
0.446 2 1 2 -0.35 0.40 -1.0 1.2 -0.021 -0.015 0.0000 -0.0012 -0.0283 0.0053 -0.373122 -0.693148 12.19 100 350 
0.447 2 1 2 -0.35 0.40 -1.0 1.2 -0.007 0.006 0.0000 -0.0012 -0.0283 0.0053 -0.373122 -0.693117 12.19 100 360 
0.448 2 1 2 -0.35 0.40 -1.0 1.2 0.013 -0.014 0.0000 -0.0012 -0.0283 0.0053 -0.373122 -0.693085 12.19 110 360 
0.449 2 1 2 -0.35 0.40 -1.0 1.2 -0.001 -0.024 0.0000 -0.0012 -0.0283 0.0053 -0.373122 -0.693053 12.19 100 360 
0.450 2 1 2 -0.35 0.40 -1.0 1.2 0.040 0.007 0.0000 -0.0012 -0.0283 0.0053 -0.373122 -0.693019 12.18 110 360 
0.451 2 1 2 -0.35 0.40 -1.0 1.2 0.002 0.013 0.0000 -0.0012 -0.0283 0.0053 -0.373122 -0.692986 12.19 110 360 
0.452 2 1 2 -0.35 0.40 -1.0 1.2 0.000 -0.009 0.0000 -0.0012 -0.0283 0.0053 -0.373122 -0.692956 12.19 110 360 
0.453 2 1 2 -0.35 0.40 -1.0 1.2 -0.005 0.009 0.0000 -0.0012 -0.0283 0.0053 -0.373122 -0.692925 12.19 100 360 
0.454 2 1 2 -0.35 0.40 -1.0 1.2 0.029 0.029 0.0000 -0.0012 -0.0283 0.0053 -0.373122 -0.692895 12.19 110 360 
0.455 2 1 2 -0.35 0.40 -1.0 1.2 0.016 -0.013 0.0000 -0.0012 -0.0283 0.0053 -0.373122 -0.692869 12.19 100 360 
0.456 2 1 2 -0.35 0.40 -1.0 1.2 0.002 -0.012 0.0000 -0.0012 -0.0283 0.0053 -0.373122 -0.692844 12.19 110 360 
0.457 2 1 2 -0.35 0.40 -1.0 1.2 -0.018 -0.028 0.0000 -0.0012 -0.0283 0.0053 -0.373122 -0.692818 12.19 100 360 
0.458 2 1 2 -0.35 0.40 -1.0 1.2 -0.014 -0.014 0.0000 -0.0012 -0.0283 0.0053 -0.373122 -0.692791 12.19 110 360 
0.459 2 1 2 -0.35 0.40 -1.0 1.2 -0.016 -0.007 0.0000 -0.0012 -0.0283 0.0053 -0.373122 -0.692765 12.19 100 350 
0.460 2 1 2 -0.35 0.40 -1.0 1.2 -0.016 -0.001 0.0000 -0.0012 -0.0283 0.0053 -0.373122 -0.692738 12.19 100 360 
0.461 2 1 2 -0.35 0.40 -1.0 1.2 -0.009 -0.009 0.0000 -0.0012 -0.0283 0.0053 -0.373122 -0.692714 12.19 100 360 
0.462 2 1 2 -0.35 0.40 -1.0 1.2 0.007 0.005 0.0000 -0.0012 -0.0283 0.0053 -0.373122 -0.692693 12.19 110 360 
0.463 2 1 2 -0.35 0.40 -1.0 1.2 0.002 -0.002 0.0000 -0.0012 -0.0283 0.0053 -0.373122 -0.692672 12.19 110 360 
0.464 2 1 2 -0.35 0.40 -1.0 1.2 -0.002 -0.006 0.0000 -0.0012 -0.0283 0.0053 -0.373122 -0.692648 12.19 100 360 
0.465 2 1 2 -0.35 0.40 -1.0 1.2 0.025 -0.011 0.0000 -0.0012 -0.0283 0.0053 -0.373122 -0.692624 12.20 110 360 
0.466 2 1 2 -0.35 0.40 -1.0 1.2 0.017 -0.022 0.0000 -0.0012 -0.0283 0.0053 -0.373122 -0.692603 12.19 100 360 
0.467 2 1 2 -0.35 0.40 -1.0 1.2 0.023 -0.010 0.0000 -0.0012 -0.0283 0.0053 -0.373122 -0.692580 12.19 110 360 
0.468 2 1 2 -0.35 0.40 -1.0 1.2 -0.020 0.001 0.0000 -0.0012 -0.0283 0.0053 -0.373122 -0.692560 12.19 100 360 
0.469 2 1 2 -0.35 0.40 -1.0 1.2 0.013 -0.002 0.0000 -0.0012 -0.0283 0.0053 -0.373122 -0.692544 12.18 110 360 
0.470 2 1 2 -0.35 0.40 -1.0 1.2 -0.024 0.004 0.0000 -0.0012 -0.0283 0.0053 -0.373122 -0.692531 12.19 110 360 
0.471 2 1 2 -0.35 0.40 -1.0 1.2 -0.002 -0.021 0.0000 -0.0012 -0.0283 0.0053 -0.373122 -0.692515 12.19 100 360 
0.472 2 1 2 -0.35 0.40 -1.0 1.2 0.002 -0.005 0.0000 -0.0012 -0.0283 0.0053 -0.373122 -0.692494 12.19 110 360 
0.473 2 1 2 -0.35 0.40 -1.0 1.2 -0.030 -0.013 0.0000 -0.0012 -0.0283 0.0053 -0.373122 -0.692473 12.19 100 360 
0.474 2 1 2 -0.35 0.40 -1.0 1.2 0.004 0.000 0.0000 -0.0012 -0.0283 0.0053 -0.373122 -0.692454 12.19 100 360 
0.475 2 1 2 -0.35 0.40 -1.0 1.2 -0.012 0.008 0.0000 -0.0012 -0.0283 0.0053 -0.373122 -0.692432 12.19 100 350 
0.476 2 1 2 -0.35 0.40 -1.0 1.2 0.027 -0.009 0.0000 -0.0012 -0.0283 0.0053 -0.373122 -0.692412 12.19 110 360 
0.477 2 1 2 -0.35 0.40 -1.0 1.2 0.189 -0.100 0.0000 -0.0012 -0.0283 0.0053 -0.373122 -0.692396 12.18 110 360 
0.478 2 1 2 -0.35 0.40 -1.0 1.2 0.077 -0.130 0.0000 -0.0012 -0.0283 0.0053 -0.373122 -0.692380 12.19 110 360 
0.479 2 1 2 -0.35 0.40 -1.0 1.2 -0.013 -0.046 0.0000 -0.0008 -0.0283 0.0053 -0.373122 -0.692363 12.19 100 360 
0.480 2 1 2 -0.35 0.40 -1.0 1.2 -0.014 -0.026 0.0000 -0.0008 -0.0283 0.0053 -0.373122 -0.692342 12.19 110 360 
0.481 2 1 2 -0.35 0.40 -1.0 1.2 0.015 0.003 0.0000 -0.0008 -0.0283 0.0053 -0.373122 -0.692322 12.18 110 360 
0.482 2 1 2 -0.35 0.40 -1.0 1.2 -0.007 -0.014 0.0000 -0.0008 -0.0283 0.0053 -0.373122 -0.692303 12.19 100 350 
0.483 2 1 2 -0.35 0.40 -1.0 1.2 0.003 -0.003 0.0000 -0.0008 -0.0283 0.0053 -0.373122 -0.692283 12.19 110 360 
0.484 2 1 2 -0.35 0.40 -1.0 1.2 -0.017 0.009 0.0000 -0.0008 -0.0283 0.0053 -0.373122 -0.692259 12.19 100 360 
0.485 2 1 2 -0.35 0.40 -1.0 1.2 -0.027 -0.009 0.0000 -0.0008 -0.0283 0.0053 -0.373122 -0.692231 12.19 110 360 
0.486 2 1 2 -0.35 0.40 -1.0 1.2 -0.002 -0.004 0.0000 -0.0008 -0.0283 0.0053 -0.373122 -0.692200 12.20 110 360 
0.487 2 1 2 -0.35 0.40 -1.0 1.2 0.028 -0.005 0.0000 -0.0008 -0.0283 0.0053 -0.373122 -0.692172 12.19 110 360 
0.488 2 1 2 -0.35 0.40 -1.0 1.2 0.017 0.011 0.0000 -0.0008 -0.0283 0.0053 -0.373122 -0.692149 12.19 100 360 
0.489 2 1 2 -0.35 0.40 -1.0 1.2 0.026 0.009 0.0000 -0.0008 -0.0283 0.0053 -0.373122 -0.692129 12.19 110 360 
0.490 2 1 2 -0.35 0.40 -1.0 1.2 -0.012 0.000 0.0000 -0.0008 -0.0283 0.0053 -0.373122 -0.692113 12.19 110 360 
0.491 2 1 2 -0.35 0.40 -1.0 1.2 0.025 -0.005 0.0000 -0.0008 -0.0283 0.0053 -0.373122 -0.692095 12.19 110 360 
0.492 2 1 2 -0.35 0.40 -1.0 1.2 -0.017 -0.028 0.0000 -0.0008 -0.0283 0.0053 -0.373122 -0.692070 12.19 110 360 
0.493 2 1 2 -0.35 0.40 -1.0 1.2 0.002 -0.027 0.0000 -0.0008 -0.0283 0.0053 -0.373122 -0.692045 12.19 110 360 
0.494 2 1 2 -0.35 0.40 -1.0 1.2 0.013 -0.012 0.0000 -0.0008 -0.0283 0.0053 -0.373122 -0.692024 12.19 110 360 
0.495 2 1 2 -0.35 0.40 -1.0 1.2 -0.032 0.003 0.0000 -0.0008 -0.0283 0.0053 -0.373122 -0.692005 12.19 110 360 
0.496 2 1 2 -0.35 0.40 -1.0 1.2 0.001 0.012 0.0000 -0.0008 -0.0283 0.0053 -0.373122 -0.691982 12.19 110 360 
0.497 2 1 2 -0.35 0.40 -1.0 1.2 -0.004 -0.005 0.0000 -0.0008 -0.0283 0.0053 -0.373122 -0.691957 12.19 110 360 
0.498 2 1 2 -0.35 0.40 -1.0 1.2 -0.014 -0.013 0.0000 -0.0008 -0.0283 0.0053 -0.373122 -0.691933 12.19 110 360 
0.499 2 1 2 -0.35 0.40 -1.0 1.2 0.014 0.007 0.0000 -0.0008 -0.0283 0.0053 -0.373122 -0.691911 12.19 110 360 
0.500 2 1 2 -0.35 0.40 -1.0 1.2 -0.013 0.019 0.0000 -0.0008 -0.0283 0.0053 -0.373122 -0.691890 12.19 110 360 
0.501 2 1 2 -0.35 0.40 -1.0 1.2 -0.017 -0.009 0.0000 -0.0008 -0.0283 0.0053 -0.373122 -0.691872 12.18 110 360 
0.502 2 1 2 -0.35 0.40 -1.0 1.2 0.010 0.033 0.0000 -0.0008 -0.0283 0.0053 -0.373122 -0.691853 12.19 110 360 
0.503 2 1 2 -0.35 0.40 -1.0 1.2 0.017 0.028 0.0000 -0.0008 -0.0283 0.0053 -0.373122 -0.691829 12.19 110 360 
0.504 2 1 2 -0.35 0.40 -1.0 1.2 0.016 0.002 0.0000 -0.0008 -0.0283 0.0053 -0.373122 -0.691802 12.19 110 360 
0.505 2 1 2 -0.35 0.40 -1.0 1.2 0.030 -0.001 0.0000 -0.0008 -0.0283 0.0053 -0.373122 -0.691777 12.19 110 360 
0.506 2 1 2 -0.35 0.40 -1.0 1.2 -0.016 0.004 0.0000 -0.0008 -0.0283 0.0053 -0.373122 -0.691755 12.19 110 360 
0.507 2 1 2 -0.35 0.40 -1.0 1.2 -0.029 -0.028 0.0000 -0.0008 -0.0283 0.0053 -0.373122 -0.691732 12.18 110 360 
0.508 2 1 2 -0.35 0.40 -1.0 1.2 -0.028 -0.036 0.0000 -0.0008 -0.0283 0.0053 -0.373122 -0.691708 12.19 100 360 
0.509 2 1 2 -0.35 0.40 -1.0 1.2 0.006 -0.009 0.0000 -0.0008 -0.0283 0.0053 -0.373122 -0.691684 12.19 110 360 
0.510 2 1 2 -0.35 0.40 -1.0 1.2 0.012 -0.047 0.0000 -0.0008 -0.0283 0.0053 -0.373122 -0.691662 12.18 100 360 
0.511 2 1 2 -0.35 0.40 -1.0 1.2 0.013 -0.012 0.0000 -0.0008 -0.0283 0.0053 -0.373122 -0.691640 12.18 110 360 
0.512 2 1 2 -0.35 0.40 -1.0 1.2 0.003 0.003 0.0000 -0.0008 -0.0283 0.0053 -0.373122 -0.691614 12.19 100 360 
0.513 2 1 2 -0.35 0.40 -1.0 1.2 -0.005 0.010 0.0000 -0.0008 -0.0283 0.0053 -0.373122 -0.691587 12.19 110 360 
0.514 2 1 2 -0.35 0.40 -1.0 1.2 -0.019 -0.001 0.0000 -0.0008 -0.0283 0.0053 -0.373122 -0.691561 12.19 110 360 
0.515 2 1 2 -0.35 0.40 -1.0 1.2 -0.007 0.033 0.0000 -0.0008 -0.0283 0.0053 -0.373122 -0.691536 12.20 110 360 
