%% logfile from robot Karla (10)
% Karla (10)
%  1    time 0.000 sec
%  2  3  4   (mission 0), state 2, thread 1, line 0
%  5  6 Motor velocity ref left, right: 0.00 0.00
%  7  8 Motor voltage [V] left, right: 0.0 0.0
%  9 10 Motor current left, right [A]: 0.022 0.019
% 11 12 Wheel velocity [m/s] left, right: 0.0000 -0.0000
% 13    Battery voltage [V]: 12.85
% 14 15 Get data time [us]: 10 +ctrl 400
0.001 2 1 0 0.00 0.00 0.0 0.0 -0.010 -0.004 0.0000 -0.0000 12.85 10 160 
0.002 2 1 0 0.00 0.00 0.0 0.0 -0.005 -0.007 0.0000 -0.0000 12.85 10 170 
0.003 2 1 0 0.00 0.00 0.0 0.0 -0.005 -0.013 0.0000 -0.0000 12.85 10 170 
0.004 2 1 0 0.00 0.00 0.0 0.0 -0.008 -0.007 0.0000 -0.0000 12.85 10 170 
0.005 2 1 0 0.00 0.00 0.0 0.0 0.001 -0.004 0.0000 -0.0000 12.85 10 170 
0.006 2 1 0 0.00 0.00 0.0 0.0 0.000 -0.012 0.0000 -0.0000 12.85 10 170 
0.007 2 1 0 0.00 0.00 0.0 0.0 -0.001 -0.007 0.0000 -0.0000 12.85 10 170 
0.008 2 1 0 0.00 0.00 0.0 0.0 0.002 -0.007 0.0000 -0.0000 12.85 10 170 
0.009 2 1 0 0.00 0.00 0.0 0.0 -0.002 -0.005 0.0000 -0.0000 12.85 10 170 
0.010 2 1 0 0.00 0.00 0.0 0.0 -0.001 -0.006 0.0000 -0.0000 12.85 10 170 
0.011 2 1 0 0.00 0.00 0.0 0.0 -0.001 -0.007 0.0000 -0.0000 12.85 10 170 
0.012 2 1 0 0.00 0.00 0.0 0.0 -0.006 -0.007 0.0000 -0.0000 12.85 10 170 
0.013 2 1 0 0.00 0.00 0.0 0.0 -0.003 0.004 0.0000 -0.0000 12.85 10 170 
0.014 2 1 0 0.00 0.00 0.0 0.0 -0.003 -0.003 0.0000 -0.0000 12.85 10 170 
0.015 2 1 0 0.00 0.00 0.0 0.0 -0.002 -0.004 0.0000 -0.0000 12.85 10 170 
0.016 2 1 0 0.00 0.00 0.0 0.0 -0.001 -0.017 0.0000 -0.0000 12.84 10 170 
0.017 2 1 0 0.00 0.00 0.0 0.0 0.002 -0.017 0.0000 -0.0000 12.84 10 170 
0.018 2 1 0 0.00 0.00 0.0 0.0 0.006 -0.012 0.0000 -0.0000 12.84 10 170 
0.019 2 1 0 0.00 0.00 0.0 0.0 0.002 -0.013 0.0000 -0.0000 12.84 10 170 
0.020 2 1 1 0.40 0.40 7.0 7.0 0.006 -0.012 0.0000 -0.0000 12.84 10 170 
0.021 2 1 1 0.40 0.40 7.0 7.0 0.003 -0.002 0.0000 -0.0000 12.76 10 170 
0.022 2 1 1 0.40 0.40 7.0 7.0 0.033 0.039 0.0000 -0.0000 12.68 10 170 
0.023 2 1 1 0.40 0.40 7.0 7.0 0.105 0.113 0.0000 -0.0000 12.63 10 170 
0.024 2 1 1 0.40 0.40 7.0 7.0 0.187 0.195 0.0000 0.0000 12.61 10 200 
0.025 2 1 1 0.40 0.40 7.0 7.0 0.252 0.279 0.0000 0.0000 12.60 10 200 
0.026 2 1 1 0.40 0.40 7.0 5.2 0.318 0.343 0.0000 0.1856 12.59 10 210 
0.027 2 1 1 0.40 0.40 7.0 5.2 0.398 0.426 0.0000 0.1856 12.62 10 210 
0.028 2 1 1 0.40 0.40 5.0 3.8 0.463 0.480 0.2145 0.2827 12.64 10 220 
0.029 2 1 1 0.40 0.40 3.5 3.3 0.523 0.521 0.3137 0.3213 12.71 10 220 
0.030 2 1 1 0.40 0.40 2.7 2.9 0.573 0.536 0.3683 0.3462 12.76 10 220 
0.031 2 1 1 0.40 0.40 2.5 2.6 0.596 0.553 0.3860 0.3715 12.79 10 220 
0.032 2 1 1 0.40 0.40 2.6 2.6 0.599 0.555 0.3787 0.3715 12.81 10 220 
0.033 2 1 1 0.40 0.40 2.2 2.4 0.594 0.543 0.4016 0.3823 12.82 10 220 
0.034 2 1 1 0.40 0.40 2.4 2.2 0.571 0.525 0.3936 0.3976 12.82 10 220 
0.035 2 1 1 0.40 0.40 2.1 2.2 0.556 0.506 0.4137 0.3936 12.83 10 220 
0.036 2 1 1 0.40 0.40 1.9 2.2 0.536 0.484 0.4225 0.3936 12.83 10 220 
0.037 2 1 1 0.40 0.40 1.8 2.4 0.512 0.461 0.4269 0.3860 12.83 10 190 
0.038 2 1 1 0.40 0.40 2.3 2.2 0.486 0.454 0.3936 0.3976 12.83 10 190 
0.039 2 1 1 0.40 0.40 2.0 2.1 0.468 0.441 0.4137 0.4016 12.82 10 190 
0.040 2 1 1 0.40 0.40 1.7 2.1 0.442 0.416 0.4362 0.4056 12.82 10 200 
0.041 2 1 1 0.40 0.40 1.7 2.2 0.432 0.396 0.4362 0.3936 12.83 10 190 
0.042 2 1 1 0.40 0.40 2.4 1.9 0.421 0.375 0.3896 0.4137 12.83 20 230 
0.043 2 1 1 0.40 0.40 2.0 1.9 0.398 0.349 0.4137 0.4137 12.83 10 220 
0.044 2 1 1 0.40 0.40 1.9 2.0 0.373 0.324 0.4225 0.4097 12.84 10 210 
0.045 2 1 1 0.40 0.40 2.2 2.1 0.365 0.334 0.4016 0.4016 12.83 0 180 
0.046 2 1 1 0.40 0.40 2.0 1.9 0.347 0.312 0.4137 0.4181 12.83 10 190 
0.047 2 1 1 0.40 0.40 2.1 1.9 0.333 0.303 0.4097 0.4181 12.83 10 180 
0.048 2 1 1 0.40 0.40 1.9 1.9 0.323 0.297 0.4225 0.4137 12.83 10 180 
0.049 2 1 1 0.40 0.40 1.6 2.0 0.313 0.278 0.4410 0.4097 12.83 10 190 
0.050 2 1 1 0.40 0.40 1.6 2.1 0.307 0.265 0.4410 0.4016 12.83 10 190 
0.051 2 1 1 0.40 0.40 1.8 2.0 0.291 0.266 0.4225 0.4056 12.83 10 180 
0.052 2 1 1 0.40 0.40 1.8 2.2 0.284 0.239 0.4225 0.3976 12.83 10 180 
0.053 2 1 1 0.40 0.40 2.9 2.1 0.276 0.223 0.3522 0.4016 12.83 10 190 
0.054 2 1 1 0.40 0.40 2.4 2.0 0.261 0.232 0.3860 0.4097 12.82 10 190 
0.055 2 1 1 0.40 0.40 1.8 1.9 0.253 0.221 0.4269 0.4137 12.83 10 180 
0.056 2 1 1 0.40 0.40 1.7 1.8 0.250 0.212 0.4317 0.4181 12.83 10 190 
0.057 2 1 1 0.40 0.40 2.5 1.9 0.250 0.204 0.3751 0.4137 12.83 10 190 
0.058 2 1 1 0.40 0.40 2.1 2.2 0.243 0.190 0.4016 0.3936 12.84 10 190 
0.059 2 1 1 0.40 0.40 1.9 2.0 0.244 0.186 0.4181 0.4056 12.83 10 180 
0.060 2 1 1 0.40 0.40 1.8 2.0 0.225 0.193 0.4225 0.4097 12.83 10 180 
0.061 2 1 1 0.40 0.40 2.3 2.1 0.227 0.172 0.3936 0.4016 12.84 10 190 
0.062 2 1 1 0.40 0.40 1.9 1.9 0.224 0.175 0.4137 0.4137 12.83 10 180 
0.063 2 1 1 0.40 0.40 1.8 1.9 0.212 0.161 0.4225 0.4137 12.84 10 190 
0.064 2 1 1 0.40 0.40 1.7 1.9 0.204 0.177 0.4269 0.4137 12.84 10 190 
0.065 2 1 1 0.40 0.40 1.9 2.1 0.199 0.170 0.4181 0.4016 12.84 10 190 
0.066 2 1 1 0.40 0.40 1.9 2.1 0.193 0.156 0.4137 0.3976 12.84 10 190 
0.067 2 1 1 0.40 0.40 1.9 2.0 0.188 0.155 0.4137 0.4056 12.84 10 220 
0.068 2 1 1 0.40 0.40 1.8 1.9 0.185 0.152 0.4225 0.4097 12.84 10 220 
0.069 2 1 1 0.40 0.40 1.8 2.1 0.185 0.144 0.4225 0.4016 12.84 10 220 
0.070 2 1 1 0.40 0.40 2.4 2.4 0.176 0.137 0.3823 0.3787 12.83 10 220 
0.071 2 1 1 0.40 0.40 2.1 2.2 0.174 0.139 0.4016 0.3936 12.83 10 220 
0.072 2 1 1 0.40 0.40 2.0 1.8 0.167 0.146 0.4056 0.4181 12.83 10 220 
0.073 2 1 1 0.40 0.40 2.0 1.9 0.166 0.141 0.4097 0.4137 12.83 10 220 
0.074 2 1 1 0.40 0.40 2.3 2.2 0.156 0.137 0.3860 0.3896 12.83 10 220 
0.075 2 1 1 0.40 0.40 2.2 2.1 0.162 0.140 0.3976 0.4016 12.83 10 220 
0.076 2 1 1 0.40 0.40 1.8 2.0 0.155 0.141 0.4181 0.4056 12.83 10 220 
0.077 2 1 1 0.40 0.40 1.8 2.0 0.160 0.122 0.4181 0.4056 12.83 10 220 
0.078 2 1 1 0.40 0.40 2.3 1.9 0.158 0.110 0.3860 0.4137 12.84 10 220 
0.079 2 1 1 0.40 0.40 2.1 1.8 0.159 0.127 0.4016 0.4181 12.83 10 220 
0.080 2 1 1 0.40 0.40 2.4 1.9 0.155 0.135 0.3787 0.4137 12.84 10 220 
0.081 2 1 1 0.40 0.40 2.1 1.9 0.158 0.123 0.4016 0.4137 12.83 10 220 
0.082 2 1 1 0.40 0.40 2.0 1.8 0.158 0.113 0.4097 0.4181 12.83 10 220 
0.083 2 1 1 0.40 0.40 1.9 1.8 0.155 0.115 0.4137 0.4181 12.84 10 220 
0.084 2 1 1 0.40 0.40 2.4 2.0 0.160 0.118 0.3787 0.4016 12.83 10 220 
0.085 2 1 1 0.40 0.40 2.1 2.0 0.158 0.114 0.4016 0.4056 12.83 10 220 
0.086 2 1 1 0.40 0.40 1.7 1.9 0.148 0.100 0.4269 0.4097 12.83 10 220 
0.087 2 1 1 0.40 0.40 1.6 1.8 0.157 0.098 0.4317 0.4137 12.83 10 220 
0.088 2 1 1 0.40 0.40 2.3 2.1 0.156 0.094 0.3860 0.3976 12.83 10 220 
0.089 2 1 1 0.40 0.40 2.0 2.0 0.162 0.083 0.4056 0.4016 12.83 10 220 
0.090 2 1 1 0.40 0.40 2.0 1.8 0.149 0.076 0.4097 0.4137 12.82 10 220 
0.091 2 1 1 0.40 0.40 1.8 1.8 0.156 0.092 0.4181 0.4137 12.83 10 220 
0.092 2 1 1 0.40 0.40 2.1 1.8 0.147 0.077 0.4016 0.4137 12.83 10 220 
0.093 2 1 1 0.40 0.40 1.8 1.7 0.151 0.078 0.4181 0.4225 12.83 10 220 
0.094 2 1 1 0.40 0.40 1.9 1.7 0.141 0.076 0.4137 0.4225 12.83 10 190 
0.095 2 1 1 0.40 0.40 1.7 1.7 0.132 0.072 0.4225 0.4181 12.82 10 190 
0.096 2 1 1 0.40 0.40 1.5 1.8 0.135 0.086 0.4410 0.4137 12.83 10 190 
0.097 2 1 1 0.40 0.40 1.9 2.0 0.139 0.083 0.4097 0.4016 12.83 10 220 
0.098 2 1 1 0.40 0.40 1.7 1.9 0.123 0.072 0.4225 0.4056 12.83 10 220 
0.099 2 1 1 0.40 0.40 2.2 2.0 0.128 0.066 0.3896 0.3976 12.84 10 220 
0.100 2 1 1 0.40 0.40 2.9 2.0 0.128 0.076 0.3430 0.4016 12.84 10 190 
0.101 2 1 1 0.40 0.40 1.9 1.9 0.131 0.072 0.4137 0.4097 12.83 10 220 
0.102 2 1 1 0.40 0.40 1.9 1.8 0.138 0.080 0.4137 0.4137 12.84 10 220 
0.103 2 1 1 0.40 0.40 2.3 1.8 0.138 0.091 0.3860 0.4137 12.84 10 220 
0.104 2 1 1 0.40 0.40 2.6 1.9 0.136 0.099 0.3651 0.4097 12.83 10 190 
0.105 2 1 1 0.40 0.40 1.9 2.2 0.128 0.089 0.4097 0.3896 12.83 10 220 
0.106 2 1 1 0.40 0.40 1.9 2.0 0.134 0.088 0.4137 0.4016 12.83 10 220 
0.107 2 1 1 0.40 0.40 2.2 1.9 0.143 0.074 0.3896 0.4097 12.83 10 220 
0.108 2 1 1 0.40 0.40 2.0 2.0 0.146 0.072 0.4056 0.4016 12.84 10 220 
0.109 2 1 1 0.40 0.40 1.9 1.8 0.140 0.072 0.4137 0.4137 12.82 10 210 
0.110 2 1 1 0.40 0.40 1.8 1.8 0.133 0.072 0.4181 0.4137 12.83 10 220 
0.111 2 1 1 0.40 0.40 1.9 1.8 0.131 0.072 0.4137 0.4137 12.84 10 220 
0.112 2 1 1 0.40 0.40 1.7 2.0 0.141 0.096 0.4225 0.4016 12.84 10 220 
0.113 2 1 1 0.40 0.40 2.0 2.0 0.144 0.079 0.4016 0.3976 12.84 10 220 
0.114 2 1 1 0.40 0.40 1.8 2.0 0.139 0.068 0.4137 0.4016 12.84 10 220 
0.115 2 1 1 0.40 0.40 1.7 1.9 0.128 0.070 0.4225 0.4056 12.84 10 220 
0.116 2 1 1 0.40 0.40 1.7 2.0 0.127 0.065 0.4225 0.4016 12.84 10 220 
0.117 2 1 1 0.40 0.40 2.3 2.4 0.124 0.062 0.3823 0.3715 12.84 10 220 
0.118 2 1 1 0.40 0.40 2.0 2.1 0.115 0.072 0.4016 0.3896 12.83 10 220 
0.119 2 1 1 0.40 0.40 1.9 1.8 0.124 0.077 0.4097 0.4137 12.83 10 220 
0.120 2 1 1 0.40 0.40 1.8 2.0 0.124 0.085 0.4181 0.4016 12.84 10 220 
0.121 2 1 1 0.40 0.40 2.1 2.4 0.124 0.076 0.3936 0.3751 12.83 10 220 
0.122 2 1 1 0.40 0.40 1.9 2.0 0.132 0.075 0.4056 0.4016 12.83 10 220 
0.123 2 1 1 0.40 0.40 1.7 2.0 0.127 0.072 0.4225 0.3976 12.83 10 220 
0.124 2 1 1 0.40 0.40 1.7 2.1 0.121 0.081 0.4225 0.3936 12.83 10 220 
0.125 2 1 1 0.40 0.40 2.1 2.0 0.130 0.086 0.3936 0.4016 12.83 10 220 
0.126 2 1 1 0.40 0.40 1.9 1.9 0.135 0.080 0.4056 0.4056 12.83 10 220 
0.127 2 1 1 0.40 0.40 2.4 2.0 0.120 0.080 0.3751 0.3976 12.83 10 220 
0.128 2 1 1 0.40 0.40 2.1 2.0 0.134 0.070 0.3976 0.4016 12.83 10 220 
0.129 2 1 1 0.40 0.40 1.9 1.9 0.133 0.071 0.4097 0.4056 12.83 10 220 
0.130 2 1 1 0.40 0.40 1.9 1.8 0.129 0.075 0.4097 0.4097 12.84 10 220 
0.131 2 1 1 0.40 0.40 2.5 2.1 0.138 0.086 0.3683 0.3936 12.84 10 220 
0.132 2 1 1 0.40 0.40 2.2 2.0 0.134 0.080 0.3896 0.3976 12.83 10 220 
0.133 2 1 1 0.40 0.40 1.9 1.9 0.135 0.105 0.4097 0.4056 12.84 10 220 
0.134 2 1 1 0.40 0.40 1.9 1.8 0.133 0.080 0.4097 0.4097 12.84 10 210 
0.135 2 1 1 0.40 0.40 2.5 2.1 0.143 0.085 0.3683 0.3896 12.84 10 220 
0.136 2 1 1 0.40 0.40 2.2 2.0 0.139 0.081 0.3896 0.4016 12.83 10 220 
0.137 2 1 1 0.40 0.40 2.0 1.8 0.135 0.072 0.4016 0.4097 12.83 10 220 
0.138 2 1 1 0.40 0.40 1.9 1.8 0.143 0.068 0.4097 0.4097 12.84 10 220 
0.139 2 1 1 0.40 0.40 2.2 1.8 0.146 0.072 0.3896 0.4097 12.83 10 220 
0.140 2 1 1 0.40 0.40 2.0 2.0 0.138 0.076 0.4056 0.4016 12.83 10 220 
0.141 2 1 1 0.40 0.40 2.1 1.8 0.136 0.081 0.3976 0.4137 12.83 10 220 
0.142 2 1 1 0.40 0.40 1.9 1.8 0.132 0.088 0.4097 0.4137 12.83 10 220 
0.143 2 1 1 0.40 0.40 1.5 1.8 0.133 0.094 0.4362 0.4097 12.83 10 220 
0.144 2 1 1 0.40 0.40 1.6 1.9 0.135 0.095 0.4269 0.4016 12.83 10 220 
0.145 2 1 1 0.40 0.40 1.7 1.9 0.130 0.089 0.4225 0.4016 12.84 10 220 
0.146 2 1 1 0.40 0.40 2.0 1.9 0.122 0.075 0.4016 0.4056 12.83 10 230 
0.147 2 1 1 0.40 0.40 2.8 2.0 0.123 0.084 0.3490 0.3976 12.83 10 220 
0.148 2 1 1 0.40 0.40 1.7 2.0 0.125 0.069 0.4225 0.3976 12.83 10 220 
0.149 2 1 1 0.40 0.40 1.7 1.8 0.125 0.070 0.4225 0.4097 12.83 10 220 
0.150 2 1 1 0.40 0.40 2.4 1.8 0.130 0.065 0.3715 0.4137 12.83 10 220 
0.151 2 1 1 0.40 0.40 2.1 1.8 0.127 0.082 0.3976 0.4137 12.84 10 220 
0.152 2 1 1 0.40 0.40 1.8 1.8 0.128 0.088 0.4137 0.4097 12.84 10 220 
0.153 2 1 1 0.40 0.40 1.8 2.1 0.122 0.082 0.4137 0.3896 12.84 10 220 
0.154 2 1 1 0.40 0.40 2.3 2.0 0.132 0.080 0.3823 0.3976 12.84 10 220 
0.155 2 1 1 0.40 0.40 2.0 1.8 0.136 0.086 0.4016 0.4097 12.83 10 220 
0.156 2 1 1 0.40 0.40 1.9 2.0 0.124 0.098 0.4097 0.3976 12.83 10 220 
0.157 2 1 1 0.40 0.40 1.8 1.8 0.120 0.073 0.4137 0.4097 12.83 10 220 
0.158 2 1 1 0.40 0.40 2.0 1.7 0.137 0.063 0.4016 0.4137 12.83 10 220 
0.159 2 1 1 0.40 0.40 1.8 1.8 0.125 0.065 0.4137 0.4097 12.84 10 220 
0.160 2 1 1 0.40 0.40 2.1 1.9 0.128 0.058 0.3936 0.4016 12.84 10 220 
0.161 2 1 1 0.40 0.40 1.9 2.0 0.138 0.052 0.4056 0.3976 12.84 10 220 
0.162 2 1 1 0.40 0.40 1.8 1.9 0.133 0.052 0.4137 0.4016 12.84 10 220 
0.163 2 1 1 0.40 0.40 1.7 1.9 0.137 0.055 0.4181 0.4056 12.84 10 220 
0.164 2 1 1 0.40 0.40 2.4 2.0 0.135 0.053 0.3751 0.3976 12.84 10 220 
0.165 2 1 1 0.40 0.40 2.0 2.4 0.141 0.061 0.3976 0.3715 12.84 10 220 
0.166 2 1 1 0.40 0.40 1.9 2.1 0.132 0.078 0.4056 0.3896 12.84 10 220 
0.167 2 1 1 0.40 0.40 1.8 1.8 0.128 0.084 0.4137 0.4137 12.83 10 210 
0.168 2 1 1 0.40 0.40 2.2 2.0 0.137 0.080 0.3896 0.3976 12.84 10 220 
0.169 2 1 1 0.40 0.40 2.0 2.3 0.128 0.070 0.4016 0.3787 12.84 10 220 
0.170 2 1 1 0.40 0.40 1.7 1.9 0.128 0.077 0.4225 0.4016 12.84 10 220 
0.171 2 1 2 0.60 0.60 5.4 5.6 0.143 0.069 0.4181 0.3976 12.84 10 220 
0.172 2 1 2 0.60 0.60 5.9 5.7 0.131 0.068 0.3823 0.3936 12.80 10 220 
0.173 2 1 2 0.60 0.60 5.8 5.7 0.145 0.093 0.3976 0.4016 12.76 10 220 
0.174 2 1 2 0.60 0.60 5.9 5.6 0.170 0.148 0.3936 0.4137 12.74 10 220 
0.175 2 1 2 0.60 0.60 5.5 5.4 0.202 0.186 0.4269 0.4269 12.74 10 220 
0.176 2 1 2 0.60 0.60 5.1 4.9 0.244 0.216 0.4510 0.4615 12.74 10 230 
0.177 2 1 2 0.60 0.60 4.9 4.7 0.304 0.246 0.4723 0.4836 12.75 10 220 
0.178 2 1 2 0.60 0.60 4.3 4.6 0.326 0.289 0.5149 0.4896 12.77 10 220 
0.179 2 1 2 0.60 0.60 3.4 4.4 0.337 0.317 0.5735 0.5081 12.77 10 230 
0.180 2 1 2 0.60 0.60 3.8 3.7 0.365 0.341 0.5498 0.5498 12.78 10 220 
0.181 2 1 2 0.60 0.60 3.4 3.8 0.371 0.365 0.5735 0.5498 12.80 10 220 
0.182 2 1 2 0.60 0.60 3.3 3.3 0.375 0.369 0.5820 0.5820 12.81 10 220 
0.183 2 1 2 0.60 0.60 3.3 3.2 0.372 0.354 0.5820 0.5904 12.82 10 220 
0.184 2 1 2 0.60 0.60 3.2 3.2 0.363 0.346 0.5904 0.5904 12.82 10 220 
0.185 2 1 2 0.60 0.60 2.9 2.8 0.353 0.342 0.6085 0.6177 12.82 10 220 
0.186 2 1 2 0.60 0.60 2.5 2.8 0.356 0.342 0.6374 0.6177 12.83 10 220 
0.187 2 1 2 0.60 0.60 2.8 2.9 0.353 0.328 0.6177 0.6085 12.83 10 230 
0.188 2 1 2 0.60 0.60 3.5 2.7 0.337 0.316 0.5655 0.6177 12.83 10 220 
0.189 2 1 2 0.60 0.60 3.0 2.9 0.323 0.325 0.5992 0.6085 12.83 10 230 
0.190 2 1 2 0.60 0.60 2.5 2.6 0.333 0.305 0.6374 0.6273 12.83 10 230 
0.191 2 1 2 0.60 0.60 3.2 2.6 0.318 0.290 0.5904 0.6273 12.83 10 230 
0.192 2 1 2 0.60 0.60 2.6 2.7 0.301 0.286 0.6273 0.6177 12.83 10 220 
0.193 2 1 2 0.60 0.60 2.9 2.9 0.291 0.266 0.6085 0.6085 12.83 10 220 
0.194 2 1 2 0.60 0.60 2.7 2.6 0.299 0.248 0.6177 0.6273 12.83 10 220 
0.195 2 1 2 0.60 0.60 2.6 2.7 0.284 0.228 0.6273 0.6177 12.82 10 220 
0.196 2 1 2 0.60 0.60 2.7 2.4 0.272 0.240 0.6177 0.6374 12.83 10 220 
0.197 2 1 2 0.60 0.60 2.7 2.7 0.259 0.232 0.6177 0.6177 12.83 10 220 
0.198 2 1 2 0.60 0.60 2.6 2.8 0.261 0.232 0.6273 0.6085 12.83 10 220 
0.199 2 1 2 0.60 0.60 2.6 2.7 0.250 0.219 0.6273 0.6177 12.82 10 220 
0.200 2 1 2 0.60 0.60 3.0 2.8 0.244 0.216 0.5992 0.6085 12.82 10 220 
0.201 2 1 2 0.60 0.60 2.8 2.8 0.246 0.212 0.6085 0.6085 12.82 10 210 
0.202 2 1 2 0.60 0.60 2.7 2.4 0.239 0.213 0.6177 0.6374 12.83 10 230 
0.203 2 1 2 0.60 0.60 2.8 2.8 0.230 0.203 0.6085 0.6085 12.83 10 210 
0.204 2 1 2 0.60 0.60 2.4 2.7 0.222 0.191 0.6374 0.6177 12.83 10 230 
0.205 2 1 2 0.60 0.60 2.8 2.7 0.217 0.179 0.6085 0.6177 12.83 10 220 
0.206 2 1 2 0.60 0.60 2.8 2.5 0.213 0.178 0.6085 0.6273 12.83 10 220 
0.207 2 1 2 0.60 0.60 2.8 2.6 0.208 0.182 0.6085 0.6177 12.83 10 220 
0.208 2 1 2 0.60 0.60 2.7 2.6 0.209 0.179 0.6177 0.6177 12.83 10 220 
0.209 2 1 2 0.60 0.60 3.1 2.5 0.207 0.177 0.5904 0.6273 12.83 10 220 
0.210 2 1 2 0.60 0.60 2.8 2.6 0.219 0.172 0.6085 0.6177 12.83 10 220 
0.211 2 1 2 0.60 0.60 2.5 2.5 0.219 0.156 0.6273 0.6273 12.83 10 220 
0.212 2 1 2 0.60 0.60 3.1 2.7 0.205 0.152 0.5904 0.6085 12.83 10 220 
0.213 2 1 2 0.60 0.60 2.8 2.6 0.215 0.151 0.6085 0.6177 12.83 10 220 
0.214 2 1 2 0.60 0.60 2.7 2.5 0.212 0.148 0.6177 0.6273 12.83 10 230 
0.215 2 1 2 0.60 0.60 2.7 2.4 0.196 0.137 0.6177 0.6273 12.84 10 230 
0.216 2 1 2 0.60 0.60 2.8 2.1 0.189 0.130 0.6085 0.6474 12.83 10 230 
0.217 2 1 2 0.60 0.60 2.2 2.3 0.195 0.129 0.6474 0.6374 12.83 10 230 
0.218 2 1 2 0.60 0.60 2.6 2.6 0.180 0.141 0.6177 0.6177 12.83 10 210 
0.219 2 1 2 0.60 0.60 2.6 2.6 0.182 0.133 0.6177 0.6177 12.84 10 220 
0.220 2 1 2 0.60 0.60 2.9 2.7 0.183 0.125 0.5992 0.6085 12.84 10 220 
0.221 2 1 2 0.60 0.60 2.2 2.7 0.180 0.113 0.6474 0.6085 12.83 10 220 
0.222 2 1 2 0.60 0.60 3.0 2.4 0.179 0.117 0.5904 0.6273 12.84 10 220 
0.223 2 1 2 0.60 0.60 2.8 2.4 0.180 0.122 0.6085 0.6273 12.83 10 230 
0.224 2 1 2 0.60 0.60 2.6 2.7 0.173 0.122 0.6177 0.6085 12.83 10 230 
0.225 2 1 2 0.60 0.60 3.0 2.4 0.172 0.107 0.5904 0.6273 12.83 10 220 
0.226 2 1 2 0.60 0.60 2.6 2.4 0.168 0.109 0.6177 0.6273 12.82 10 220 
0.227 2 1 2 0.60 0.60 2.6 2.4 0.175 0.107 0.6177 0.6273 12.82 10 220 
0.228 2 1 2 0.60 0.60 2.6 2.4 0.167 0.107 0.6177 0.6273 12.82 10 230 
0.229 2 1 2 0.60 0.60 2.9 2.6 0.165 0.100 0.5992 0.6085 12.83 10 230 
0.230 2 1 2 0.60 0.60 2.6 2.5 0.174 0.110 0.6177 0.6177 12.83 10 220 
0.231 2 1 2 0.60 0.60 2.4 2.5 0.173 0.098 0.6273 0.6177 12.84 10 220 
0.232 2 1 2 0.60 0.60 2.7 2.9 0.162 0.106 0.6085 0.5904 12.84 10 230 
0.233 2 1 2 0.60 0.60 2.7 2.2 0.162 0.110 0.6085 0.6374 12.84 10 230 
0.234 2 1 2 0.60 0.60 2.9 2.3 0.163 0.107 0.5992 0.6273 12.84 10 230 
0.235 2 1 2 0.60 0.60 2.7 2.5 0.155 0.094 0.6085 0.6177 12.84 10 230 
0.236 2 1 2 0.60 0.60 2.4 2.5 0.151 0.095 0.6273 0.6177 12.84 10 230 
0.237 2 1 2 0.60 0.60 2.8 2.5 0.159 0.089 0.5992 0.6177 12.84 10 230 
0.238 2 1 2 0.60 0.60 3.1 2.4 0.161 0.101 0.5820 0.6177 12.84 10 230 
0.239 2 1 2 0.60 0.60 2.9 2.6 0.182 0.082 0.5992 0.6085 12.84 10 230 
0.240 2 1 2 0.60 0.60 2.6 2.4 0.158 0.098 0.6177 0.6177 12.84 10 220 
0.241 2 1 2 0.60 0.60 3.1 2.6 0.158 0.089 0.5820 0.6085 12.84 10 220 
0.242 2 1 2 0.60 0.60 2.3 2.4 0.174 0.080 0.6374 0.6177 12.83 10 220 
0.243 2 1 2 0.60 0.60 2.4 2.4 0.167 0.083 0.6273 0.6177 12.83 10 220 
0.244 2 1 2 0.60 0.60 2.7 2.6 0.172 0.085 0.6085 0.6085 12.83 10 210 
0.245 2 1 2 0.60 0.60 2.7 2.3 0.171 0.069 0.6085 0.6273 12.83 10 220 
0.246 2 1 2 0.60 0.60 2.8 2.4 0.163 0.066 0.5992 0.6177 12.83 10 220 
0.247 2 1 2 0.60 0.60 2.7 2.4 0.165 0.068 0.6085 0.6177 12.82 10 220 
0.248 2 1 2 0.60 0.60 2.7 2.3 0.155 0.076 0.6085 0.6273 12.82 10 220 
0.249 2 1 2 0.60 0.60 2.2 2.4 0.151 0.082 0.6374 0.6177 12.83 10 230 
0.250 2 1 2 0.60 0.60 2.7 2.5 0.158 0.087 0.6085 0.6085 12.82 10 220 
0.251 2 1 2 0.60 0.60 2.7 2.5 0.150 0.085 0.6085 0.6085 12.83 10 220 
0.252 2 1 2 0.60 0.60 3.1 2.7 0.155 0.076 0.5820 0.5992 12.83 10 220 
0.253 2 1 2 0.60 0.60 2.4 2.4 0.156 0.076 0.6273 0.6177 12.82 10 220 
0.254 2 1 2 0.60 0.60 3.2 2.4 0.168 0.067 0.5735 0.6177 12.82 10 220 
0.255 2 1 2 0.60 0.60 2.9 2.4 0.157 0.064 0.5904 0.6177 12.83 10 220 
0.256 2 1 2 0.60 0.60 2.7 2.5 0.169 0.065 0.6085 0.6085 12.83 10 220 
0.257 2 1 2 0.60 0.60 3.1 2.4 0.161 0.069 0.5820 0.6177 12.84 10 220 
0.258 2 1 2 0.60 0.60 2.7 2.2 0.176 0.082 0.6085 0.6273 12.82 10 220 
0.259 2 1 2 0.60 0.60 2.7 2.3 0.180 0.069 0.6085 0.6177 12.83 10 220 
0.260 2 1 2 0.60 0.60 2.7 2.5 0.172 0.061 0.6085 0.6085 12.83 10 210 
0.261 2 1 2 0.60 0.60 2.8 2.5 0.169 0.069 0.5992 0.6085 12.83 10 220 
0.262 2 1 2 0.60 0.60 2.5 2.5 0.164 0.067 0.6177 0.6085 12.84 10 220 
0.263 2 1 2 0.60 0.60 2.5 2.6 0.166 0.068 0.6177 0.5992 12.84 10 220 
0.264 2 1 2 0.60 0.60 2.8 2.7 0.168 0.065 0.5992 0.5904 12.84 10 220 
0.265 2 1 2 0.60 0.60 2.8 2.3 0.160 0.067 0.5992 0.6177 12.84 10 220 
0.266 2 1 2 0.60 0.60 2.9 2.9 0.172 0.080 0.5904 0.5820 12.83 10 220 
0.267 2 1 2 0.60 0.60 2.8 2.8 0.172 0.084 0.5992 0.5904 12.84 10 220 
0.268 2 1 2 0.60 0.60 2.4 2.6 0.166 0.083 0.6273 0.5992 12.83 10 220 
0.269 2 1 2 0.60 0.60 2.8 2.6 0.172 0.072 0.5992 0.5992 12.83 10 220 
0.270 2 1 2 0.60 0.60 3.1 2.6 0.166 0.076 0.5820 0.5992 12.83 10 220 
0.271 2 1 2 0.60 0.60 2.8 2.6 0.187 0.075 0.5992 0.5992 12.84 10 220 
0.272 2 1 2 0.60 0.60 2.5 2.5 0.162 0.079 0.6177 0.6085 12.83 10 220 
0.273 2 1 2 0.60 0.60 2.9 2.6 0.162 0.087 0.5904 0.5992 12.83 10 220 
0.274 2 1 2 0.60 0.60 2.2 2.5 0.157 0.094 0.6374 0.6085 12.83 10 220 
0.275 2 1 2 0.60 0.60 2.4 2.5 0.162 0.096 0.6273 0.6085 12.83 10 220 
0.276 2 1 2 0.60 0.60 2.6 2.6 0.155 0.089 0.6085 0.5992 12.83 10 220 
0.277 2 1 2 0.60 0.60 2.6 2.3 0.147 0.090 0.6085 0.6177 12.82 10 220 
0.278 2 1 2 0.60 0.60 2.8 2.5 0.153 0.090 0.5992 0.6085 12.83 10 220 
0.279 2 1 2 0.60 0.60 2.6 2.6 0.163 0.076 0.6085 0.5992 12.82 10 220 
0.280 2 1 2 0.60 0.60 2.6 2.3 0.152 0.072 0.6085 0.6177 12.82 10 220 
0.281 2 1 2 0.60 0.60 2.2 2.5 0.154 0.070 0.6374 0.6085 12.82 10 230 
0.282 2 1 2 0.60 0.60 2.6 2.6 0.162 0.065 0.6085 0.5992 12.83 10 220 
0.283 2 1 2 0.60 0.60 2.6 2.5 0.158 0.066 0.6085 0.6085 12.83 10 220 
0.284 2 1 2 0.60 0.60 3.0 2.6 0.163 0.081 0.5820 0.5992 12.83 0 210 
0.285 2 1 2 0.60 0.60 2.2 2.5 0.173 0.083 0.6374 0.6085 12.83 10 220 
0.286 2 1 2 0.60 0.60 3.1 2.3 0.164 0.081 0.5735 0.6177 12.83 10 220 
0.287 2 1 2 0.60 0.60 2.8 2.4 0.158 0.071 0.5992 0.6085 12.84 10 220 
0.288 2 1 2 0.60 0.60 2.6 2.4 0.158 0.080 0.6085 0.6085 12.84 10 210 
0.289 2 1 2 0.60 0.60 3.0 2.3 0.158 0.069 0.5820 0.6177 12.83 10 220 
0.290 2 1 2 0.60 0.60 2.6 2.3 0.174 0.069 0.6085 0.6177 12.83 10 220 
0.291 2 1 2 0.60 0.60 2.5 2.3 0.159 0.065 0.6177 0.6177 12.83 10 220 
0.292 2 1 2 0.60 0.60 2.6 2.4 0.152 0.067 0.6085 0.6085 12.83 10 220 
0.293 2 1 2 0.60 0.60 2.9 2.6 0.165 0.065 0.5904 0.5992 12.83 10 220 
0.294 2 1 2 0.60 0.60 2.6 2.6 0.164 0.064 0.6085 0.5992 12.83 0 210 
0.295 2 1 2 0.60 0.60 2.5 2.6 0.162 0.055 0.6177 0.5992 12.83 10 220 
0.296 2 1 2 0.60 0.60 3.0 2.7 0.161 0.060 0.5820 0.5904 12.83 10 210 
0.297 2 1 2 0.60 0.60 2.7 2.3 0.159 0.069 0.5992 0.6177 12.83 10 220 
0.298 2 1 2 0.60 0.60 2.6 2.7 0.166 0.078 0.6085 0.5904 12.84 10 220 
0.299 2 1 2 0.60 0.60 2.7 2.6 0.155 0.079 0.5992 0.5992 12.84 10 210 
0.300 2 1 2 0.60 0.60 2.5 2.6 0.148 0.070 0.6177 0.5992 12.84 10 220 
0.301 2 1 2 0.60 0.60 2.9 2.4 0.154 0.077 0.5904 0.6085 12.83 10 220 
0.302 2 1 2 0.60 0.60 2.7 2.4 0.159 0.079 0.5992 0.6085 12.83 10 220 
0.303 2 1 2 0.60 0.60 2.9 2.6 0.162 0.076 0.5904 0.5992 12.83 10 220 
0.304 2 1 2 0.60 0.60 2.7 2.4 0.155 0.079 0.5992 0.6085 12.83 10 220 
0.305 2 1 2 0.60 0.60 3.1 2.6 0.151 0.076 0.5735 0.5992 12.83 10 220 
0.306 2 1 2 0.60 0.60 2.9 2.4 0.164 0.061 0.5904 0.6085 12.83 10 220 
0.307 2 1 2 0.60 0.60 2.6 2.4 0.157 0.072 0.6085 0.6085 12.84 10 220 
0.308 2 1 2 0.60 0.60 3.1 2.6 0.163 0.070 0.5735 0.5992 12.83 10 220 
0.309 2 1 2 0.60 0.60 2.9 2.4 0.174 0.077 0.5904 0.6085 12.84 10 220 
0.310 2 1 2 0.60 0.60 2.8 2.4 0.158 0.090 0.5992 0.6085 12.83 10 220 
0.311 2 1 2 0.60 0.60 2.8 2.4 0.158 0.094 0.5992 0.6085 12.84 10 220 
0.312 2 1 2 0.60 0.60 2.9 2.3 0.161 0.079 0.5904 0.6177 12.83 10 220 
0.313 2 1 2 0.60 0.60 2.2 2.4 0.161 0.087 0.6374 0.6085 12.83 10 220 
0.314 2 1 2 0.60 0.60 2.3 2.4 0.173 0.088 0.6273 0.6085 12.83 10 220 
0.315 2 1 2 0.60 0.60 2.6 2.4 0.164 0.080 0.6085 0.6085 12.84 10 210 
0.316 2 1 2 0.60 0.60 3.4 2.5 0.159 0.072 0.5575 0.5992 12.84 10 220 
0.317 2 1 2 0.60 0.60 2.2 2.4 0.153 0.075 0.6374 0.6085 12.84 10 220 
0.318 2 1 2 0.60 0.60 2.3 2.4 0.157 0.074 0.6273 0.6085 12.83 10 220 
0.319 2 1 2 0.60 0.60 2.7 2.5 0.155 0.076 0.5992 0.5992 12.83 10 220 
0.320 2 1 2 0.60 0.60 2.5 2.5 0.161 0.072 0.6177 0.5992 12.83 10 220 
0.321 2 1 2 0.60 0.60 2.9 2.4 0.159 0.069 0.5904 0.6085 12.84 10 220 
0.322 2 1 2 0.60 0.60 2.6 2.2 0.149 0.080 0.6085 0.6177 12.84 10 220 
0.323 2 1 2 0.60 0.60 2.5 2.2 0.148 0.071 0.6177 0.6177 12.83 10 210 
0.324 2 1 2 0.60 0.60 2.7 2.4 0.150 0.080 0.5992 0.6085 12.83 10 220 
0.325 2 1 2 0.60 0.60 2.7 2.5 0.151 0.071 0.5992 0.5992 12.83 10 210 
0.326 2 1 2 0.60 0.60 2.6 2.5 0.150 0.058 0.6085 0.5992 12.83 10 220 
0.327 2 1 2 0.60 0.60 2.4 2.5 0.155 0.063 0.6177 0.5992 12.83 10 220 
0.328 2 1 2 0.60 0.60 3.0 2.6 0.159 0.072 0.5820 0.5904 12.83 10 210 
0.329 2 1 2 0.60 0.60 2.6 2.2 0.170 0.069 0.6085 0.6177 12.82 10 220 
0.330 2 1 2 0.60 0.60 2.6 2.6 0.157 0.078 0.6085 0.5904 12.83 10 220 
0.331 2 1 2 0.60 0.60 2.7 2.5 0.154 0.079 0.5992 0.5992 12.82 10 220 
0.332 2 1 2 0.60 0.60 2.3 2.5 0.153 0.070 0.6273 0.5992 12.83 10 220 
0.333 2 1 2 0.60 0.60 2.7 2.5 0.154 0.072 0.5992 0.5992 12.83 10 210 
0.334 2 1 2 0.60 0.60 2.7 2.4 0.149 0.081 0.5992 0.6085 12.83 10 220 
0.335 2 1 2 0.60 0.60 2.7 2.5 0.152 0.075 0.5992 0.5992 12.83 10 220 
0.336 2 1 2 0.60 0.60 2.6 2.4 0.160 0.087 0.6085 0.6085 12.83 10 220 
0.337 2 1 2 0.60 0.60 3.0 2.5 0.149 0.084 0.5820 0.5992 12.83 10 220 
0.338 2 1 2 0.60 0.60 2.9 2.6 0.151 0.089 0.5904 0.5904 12.84 10 220 
0.339 2 1 2 0.60 0.60 2.6 2.5 0.143 0.079 0.6085 0.5992 12.83 10 220 
0.340 2 1 2 0.60 0.60 3.1 2.6 0.148 0.080 0.5735 0.5904 12.83 10 220 
0.341 2 1 2 0.60 0.60 2.9 2.4 0.161 0.075 0.5904 0.6085 12.83 10 220 
0.342 2 1 2 0.60 0.60 2.9 2.4 0.155 0.073 0.5904 0.6085 12.83 10 220 
0.343 2 1 2 0.60 0.60 3.0 2.6 0.151 0.082 0.5820 0.5904 12.83 10 220 
0.344 2 1 2 0.60 0.60 2.9 2.4 0.172 0.080 0.5904 0.6085 12.83 10 220 
0.345 2 1 2 0.60 0.60 2.7 2.5 0.162 0.080 0.5992 0.5992 12.83 10 220 
0.346 2 1 2 0.60 0.60 2.3 2.6 0.158 0.085 0.6273 0.5904 12.82 10 220 
0.347 2 1 2 0.60 0.60 2.6 2.5 0.167 0.089 0.6085 0.5992 12.83 10 220 
0.348 2 1 2 0.60 0.60 3.5 2.6 0.155 0.084 0.5498 0.5904 12.83 10 220 
0.349 2 1 2 0.60 0.60 3.0 2.5 0.151 0.072 0.5820 0.5992 12.83 10 220 
0.350 2 1 2 0.60 0.60 2.3 2.5 0.173 0.082 0.6273 0.5992 12.83 10 220 
0.351 2 1 2 0.60 0.60 3.0 2.5 0.167 0.076 0.5820 0.5992 12.83 10 220 
0.352 2 1 2 0.60 0.60 2.5 2.7 0.177 0.090 0.6177 0.5904 12.83 10 220 
0.353 2 1 2 0.60 0.60 2.5 2.4 0.166 0.075 0.6177 0.6085 12.83 10 220 
0.354 2 1 2 0.60 0.60 2.6 2.5 0.160 0.085 0.6085 0.5992 12.83 10 220 
0.355 2 1 2 0.60 0.60 2.5 2.2 0.154 0.087 0.6177 0.6177 12.83 10 220 
0.356 2 1 2 0.60 0.60 2.6 2.4 0.170 0.095 0.6085 0.6085 12.83 10 210 
0.357 2 1 2 0.60 0.60 2.4 2.5 0.151 0.100 0.6177 0.5992 12.83 10 230 
0.358 2 1 2 0.60 0.60 2.6 2.5 0.154 0.090 0.6085 0.5992 12.83 10 220 
0.359 2 1 2 0.60 0.60 2.4 2.5 0.146 0.088 0.6177 0.5992 12.83 10 230 
0.360 2 1 2 0.60 0.60 2.8 2.9 0.145 0.087 0.5904 0.5735 12.83 10 220 
0.361 2 1 2 0.60 0.60 2.7 2.7 0.146 0.092 0.5992 0.5904 12.82 10 220 
0.362 2 1 2 0.60 0.60 2.4 2.5 0.155 0.082 0.6177 0.5992 12.83 10 220 
0.363 2 1 2 0.60 0.60 2.7 2.7 0.159 0.084 0.5992 0.5904 12.83 10 220 
0.364 2 1 2 0.60 0.60 2.3 2.5 0.155 0.076 0.6273 0.5992 12.83 10 220 
0.365 2 1 2 0.60 0.60 2.3 2.5 0.157 0.078 0.6273 0.5992 12.84 10 230 
0.366 2 1 2 0.60 0.60 2.6 2.4 0.158 0.076 0.6085 0.6085 12.83 10 210 
0.367 2 1 2 0.60 0.60 3.0 2.5 0.147 0.083 0.5820 0.5992 12.84 10 230 
0.368 2 1 2 0.60 0.60 2.6 2.4 0.158 0.081 0.6085 0.6085 12.84 10 210 
0.369 2 1 2 0.60 0.60 2.6 2.4 0.158 0.084 0.6085 0.6085 12.84 10 220 
0.370 2 1 2 0.60 0.60 2.7 2.5 0.155 0.071 0.5992 0.5992 12.84 10 210 
0.371 2 1 2 0.60 0.60 2.3 2.4 0.151 0.076 0.6273 0.6085 12.83 10 230 
0.372 2 1 2 0.60 0.60 2.9 2.5 0.149 0.078 0.5820 0.5992 12.84 10 220 
0.373 2 1 2 0.60 0.60 2.7 2.5 0.156 0.075 0.5992 0.5992 12.84 10 220 
0.374 2 1 2 0.60 0.60 2.6 2.2 0.155 0.079 0.6085 0.6177 12.83 10 220 
0.375 2 1 2 0.60 0.60 2.8 2.4 0.147 0.076 0.5904 0.6085 12.84 10 220 
0.376 2 1 2 0.60 0.60 2.8 2.2 0.147 0.074 0.5904 0.6177 12.83 10 220 
0.377 2 1 2 0.60 0.60 2.7 2.2 0.147 0.069 0.5992 0.6177 12.83 10 230 
0.378 2 1 2 0.60 0.60 2.4 2.4 0.150 0.075 0.6177 0.6085 12.84 10 220 
0.379 2 1 2 0.60 0.60 2.7 2.5 0.154 0.074 0.5992 0.5992 12.83 10 220 
0.380 2 1 2 0.60 0.60 3.9 2.5 0.145 0.068 0.5213 0.5992 12.83 10 220 
0.381 2 1 2 0.60 0.60 3.1 2.5 0.147 0.080 0.5735 0.5992 12.83 10 220 
0.382 2 1 2 0.60 0.60 2.4 2.4 0.161 0.076 0.6177 0.6085 12.82 10 220 
0.383 2 1 2 0.60 0.60 3.1 2.4 0.158 0.077 0.5735 0.6085 12.82 10 220 
0.384 2 1 2 0.60 0.60 2.4 2.6 0.166 0.077 0.6177 0.5904 12.82 10 220 
0.385 2 1 2 0.60 0.60 2.4 2.5 0.160 0.087 0.6177 0.5992 12.83 10 220 
0.386 2 1 2 0.60 0.60 2.8 2.5 0.163 0.076 0.5904 0.5992 12.83 10 220 
0.387 2 1 2 0.60 0.60 2.4 2.2 0.157 0.080 0.6177 0.6177 12.83 10 220 
0.388 2 1 2 0.60 0.60 2.8 2.4 0.162 0.072 0.5904 0.6085 12.83 10 220 
0.389 2 1 2 0.60 0.60 2.4 2.5 0.158 0.069 0.6177 0.5992 12.83 10 220 
0.390 2 1 2 0.60 0.60 2.6 2.5 0.151 0.083 0.6085 0.5992 12.84 10 220 
0.391 2 1 2 0.60 0.60 2.4 2.5 0.154 0.078 0.6177 0.5992 12.84 10 220 
0.392 2 1 2 0.60 0.60 3.1 2.9 0.150 0.076 0.5735 0.5735 12.84 10 220 
0.393 2 1 2 0.60 0.60 2.7 2.6 0.165 0.081 0.5992 0.5904 12.83 10 220 
0.394 2 1 2 0.60 0.60 2.6 2.4 0.151 0.083 0.6085 0.6085 12.83 10 220 
0.395 2 1 2 0.60 0.60 2.7 2.6 0.151 0.084 0.5992 0.5904 12.83 10 220 
0.396 2 1 2 0.60 0.60 2.3 2.5 0.154 0.073 0.6273 0.5992 12.83 10 210 
0.397 2 1 2 0.60 0.60 2.3 2.6 0.155 0.074 0.6273 0.5904 12.83 10 220 
0.398 2 1 2 0.60 0.60 2.5 2.5 0.149 0.084 0.6085 0.5992 12.83 10 230 
0.399 2 1 2 0.60 0.60 2.9 2.6 0.146 0.082 0.5820 0.5904 12.83 10 220 
0.400 2 1 2 0.60 0.60 2.7 2.5 0.148 0.079 0.5992 0.5992 12.82 10 220 
0.401 2 1 2 0.60 0.60 2.6 2.5 0.142 0.086 0.6085 0.5992 12.82 10 220 
0.402 2 1 2 0.60 0.60 3.0 2.6 0.150 0.076 0.5820 0.5904 12.83 10 220 
0.403 2 1 2 0.60 0.60 2.3 2.5 0.149 0.083 0.6273 0.5992 12.83 10 220 
0.404 2 1 2 0.60 0.60 2.7 2.5 0.144 0.089 0.5992 0.5992 12.83 10 220 
0.405 2 1 2 0.60 0.60 2.7 2.6 0.146 0.091 0.5992 0.5904 12.83 10 220 
0.406 2 1 2 0.60 0.60 2.7 2.4 0.141 0.097 0.5992 0.6085 12.83 10 220 
0.407 2 1 2 0.60 0.60 2.8 2.5 0.140 0.095 0.5904 0.5992 12.83 10 220 
0.408 2 1 2 0.60 0.60 2.6 2.5 0.143 0.091 0.6085 0.5992 12.83 10 220 
0.409 2 1 2 0.60 0.60 2.5 2.4 0.143 0.089 0.6085 0.6085 12.84 10 220 
0.410 2 1 2 0.60 0.60 2.1 2.4 0.146 0.079 0.6374 0.6085 12.84 10 230 
0.411 2 1 2 0.60 0.60 2.5 2.5 0.143 0.086 0.6085 0.5992 12.83 10 220 
0.412 2 1 2 0.60 0.60 2.5 2.5 0.141 0.099 0.6085 0.5992 12.84 10 220 
0.413 2 1 2 0.60 0.60 2.9 2.6 0.138 0.096 0.5820 0.5904 12.84 10 220 
0.414 2 1 2 0.60 0.60 2.2 2.4 0.138 0.082 0.6273 0.6085 12.84 10 220 
0.415 2 1 2 0.60 0.60 3.1 2.4 0.143 0.079 0.5735 0.6085 12.84 10 220 
0.416 2 1 2 0.60 0.60 2.8 2.5 0.154 0.087 0.5904 0.5992 12.84 10 220 
0.417 2 1 2 0.60 0.60 2.5 2.5 0.140 0.099 0.6085 0.5992 12.84 10 220 
0.418 2 1 2 0.60 0.60 2.9 2.4 0.139 0.081 0.5820 0.6085 12.83 10 220 
0.419 2 1 2 0.60 0.60 2.8 2.2 0.147 0.081 0.5904 0.6177 12.83 10 220 
0.420 2 1 2 0.60 0.60 2.8 2.4 0.142 0.092 0.5904 0.6085 12.84 10 220 
0.421 2 1 2 0.60 0.60 2.8 2.5 0.147 0.082 0.5904 0.5992 12.83 10 210 
0.422 2 1 2 0.60 0.60 3.0 2.6 0.146 0.099 0.5820 0.5904 12.83 10 220 
0.423 2 1 2 0.60 0.60 2.7 2.5 0.154 0.095 0.5992 0.5992 12.83 10 220 
0.424 2 1 2 0.60 0.60 2.7 2.5 0.146 0.084 0.5992 0.5992 12.83 10 220 
0.425 2 1 2 0.60 0.60 3.1 2.9 0.156 0.083 0.5735 0.5735 12.83 10 220 
0.426 2 1 2 0.60 0.60 2.7 2.2 0.168 0.084 0.5992 0.6177 12.83 10 220 
0.427 2 1 2 0.60 0.60 2.6 2.8 0.168 0.091 0.6085 0.5820 12.83 10 230 
0.428 2 1 2 0.60 0.60 2.7 2.5 0.157 0.090 0.5992 0.5992 12.84 10 210 
0.429 2 1 2 0.60 0.60 2.3 2.5 0.157 0.090 0.6273 0.5992 12.83 0 220 
0.430 2 1 2 0.60 0.60 2.7 2.4 0.154 0.085 0.5992 0.6085 12.83 10 220 
0.431 2 1 2 0.60 0.60 3.0 2.5 0.162 0.091 0.5820 0.5992 12.83 10 210 
0.432 2 1 2 0.60 0.60 2.7 2.5 0.158 0.089 0.5992 0.5992 12.83 10 220 
0.433 2 1 2 0.60 0.60 2.6 2.4 0.147 0.083 0.6085 0.6085 12.83 10 220 
0.434 2 1 2 0.60 0.60 3.0 2.5 0.155 0.081 0.5820 0.5992 12.83 10 220 
0.435 2 1 2 0.60 0.60 2.7 2.5 0.156 0.087 0.5992 0.5992 12.83 10 220 
0.436 2 1 2 0.60 0.60 2.4 2.4 0.156 0.084 0.6177 0.6085 12.83 10 230 
0.437 2 1 2 0.60 0.60 3.0 2.6 0.164 0.084 0.5820 0.5904 12.83 10 220 
0.438 2 1 2 0.60 0.60 2.7 2.4 0.162 0.083 0.5992 0.6085 12.83 10 220 
0.439 2 1 2 0.60 0.60 2.6 2.4 0.158 0.076 0.6085 0.6085 12.84 10 220 
0.440 2 1 2 0.60 0.60 2.6 2.5 0.155 0.078 0.6085 0.5992 12.83 10 220 
0.441 2 1 2 0.60 0.60 2.7 2.2 0.152 0.076 0.5992 0.6177 12.84 10 230 
0.442 2 1 2 0.60 0.60 2.1 2.4 0.153 0.079 0.6374 0.6085 12.84 10 220 
0.443 2 1 2 0.60 0.60 2.3 2.4 0.157 0.079 0.6273 0.6085 12.84 10 230 
0.444 2 1 2 0.60 0.60 2.5 2.5 0.152 0.086 0.6085 0.5992 12.84 10 220 
0.445 2 1 2 0.60 0.60 3.3 2.6 0.150 0.080 0.5575 0.5904 12.84 10 220 
0.446 2 1 2 0.60 0.60 2.3 2.5 0.143 0.078 0.6273 0.5992 12.83 10 220 
0.447 2 1 2 0.60 0.60 2.4 2.4 0.143 0.077 0.6177 0.6085 12.83 10 230 
0.448 2 1 2 0.60 0.60 2.8 2.5 0.149 0.074 0.5904 0.5992 12.83 10 220 
0.449 2 1 2 0.60 0.60 2.5 2.6 0.151 0.072 0.6085 0.5904 12.82 10 220 
0.450 2 1 2 0.60 0.60 2.9 2.4 0.140 0.080 0.5820 0.6085 12.82 10 220 
0.451 2 1 2 0.60 0.60 2.7 2.5 0.155 0.067 0.5992 0.5992 12.82 10 220 
0.452 2 1 2 0.60 0.60 2.5 2.3 0.158 0.079 0.6085 0.6085 12.82 10 220 
0.453 2 1 2 0.60 0.60 2.7 2.3 0.160 0.069 0.5992 0.6085 12.83 10 220 
0.454 2 1 2 0.60 0.60 2.8 2.5 0.157 0.069 0.5904 0.5992 12.83 10 220 
0.455 2 1 2 0.60 0.60 2.7 2.5 0.158 0.073 0.5992 0.5992 12.83 10 220 
0.456 2 1 2 0.60 0.60 2.4 2.5 0.147 0.076 0.6177 0.5992 12.83 10 220 
0.457 2 1 2 0.60 0.60 2.9 2.9 0.146 0.077 0.5820 0.5735 12.83 10 220 
0.458 2 1 2 0.60 0.60 2.7 2.2 0.164 0.061 0.5992 0.6177 12.83 10 220 
0.459 2 1 2 0.60 0.60 2.5 2.3 0.148 0.076 0.6085 0.6085 12.83 10 220 
0.460 2 1 2 0.60 0.60 2.7 2.5 0.154 0.083 0.5992 0.5992 12.83 10 220 
0.461 2 1 2 0.60 0.60 2.3 2.5 0.147 0.080 0.6273 0.5992 12.84 10 220 
0.462 2 1 2 0.60 0.60 2.8 2.5 0.150 0.088 0.5904 0.5992 12.84 10 230 
0.463 2 1 2 0.60 0.60 2.7 2.5 0.152 0.083 0.5992 0.5992 12.83 10 220 
0.464 2 1 2 0.60 0.60 3.1 2.6 0.145 0.086 0.5735 0.5904 12.83 10 220 
0.465 2 1 2 0.60 0.60 2.7 2.5 0.162 0.079 0.5992 0.5992 12.83 10 220 
0.466 2 1 2 0.60 0.60 2.7 2.5 0.164 0.072 0.5992 0.5992 12.83 10 220 
0.467 2 1 2 0.60 0.60 2.8 2.6 0.160 0.086 0.5904 0.5904 12.84 10 220 
0.468 2 1 2 0.60 0.60 2.4 2.5 0.153 0.083 0.6177 0.5992 12.83 10 220 
0.469 2 1 2 0.60 0.60 2.9 2.6 0.148 0.094 0.5820 0.5904 12.83 10 220 
0.470 2 1 2 0.60 0.60 2.7 2.5 0.155 0.087 0.5992 0.5992 12.83 10 230 
0.471 2 1 2 0.60 0.60 2.7 2.4 0.145 0.090 0.5992 0.6085 12.83 10 220 
0.472 8 1 3 0.60 0.60 2.8 2.5 0.151 0.095 0.5904 0.5992 12.83 10 230 
