%% logfile from robot Karla (10)
% Karla (10)
%  1    time 0.000 sec
%  2  3  4   (mission 0), state 2, thread 1, line 0
%  5  6 Motor velocity ref left, right: 0.00 0.00
%  7  8 Motor voltage [V] left, right: 0.0 0.0
%  9 10 Motor current left, right [A]: 0.009 0.017
% 11 12 Wheel velocity [m/s] left, right: 0.0000 -0.0000
% 13    Battery voltage [V]: 12.85
% 14 15 Get data time [us]: 100 +ctrl 540
0.001 2 1 0 0.00 0.00 0.0 0.0 0.011 0.003 0.0000 -0.0000 12.86 110 310 
0.002 2 1 0 0.00 0.00 0.0 0.0 0.015 0.000 0.0000 -0.0000 12.85 110 320 
0.003 2 1 0 0.00 0.00 0.0 0.0 0.019 -0.012 0.0000 -0.0000 12.86 100 310 
0.004 2 1 0 0.00 0.00 0.0 0.0 0.022 -0.016 0.0000 -0.0000 12.86 110 310 
0.005 2 1 0 0.00 0.00 0.0 0.0 0.030 -0.016 0.0000 -0.0000 12.86 110 300 
0.006 2 1 0 0.00 0.00 0.0 0.0 0.022 -0.020 0.0000 -0.0000 12.86 100 300 
0.007 2 1 0 0.00 0.00 0.0 0.0 0.021 -0.016 0.0000 -0.0000 12.86 110 320 
0.008 2 1 0 0.00 0.00 0.0 0.0 0.027 -0.020 0.0000 -0.0000 12.86 110 320 
0.009 2 1 0 0.00 0.00 0.0 0.0 0.021 -0.017 0.0000 -0.0000 12.86 110 310 
0.010 2 1 0 0.00 0.00 0.0 0.0 0.018 -0.018 0.0000 -0.0000 12.86 110 320 
0.011 2 1 0 0.00 0.00 0.0 0.0 0.025 -0.017 0.0000 -0.0000 12.86 100 310 
0.012 2 1 0 0.00 0.00 0.0 0.0 0.021 -0.022 0.0000 -0.0000 12.86 110 310 
0.013 2 1 0 0.00 0.00 0.0 0.0 0.022 -0.020 0.0000 -0.0000 12.86 110 310 
0.014 2 1 0 0.00 0.00 0.0 0.0 0.026 -0.018 0.0000 -0.0000 12.86 110 320 
0.015 2 1 0 0.00 0.00 0.0 0.0 0.020 -0.024 0.0000 -0.0000 12.86 110 320 
0.016 2 1 0 0.00 0.00 0.0 0.0 0.020 -0.026 0.0000 -0.0000 12.86 110 310 
0.017 2 1 0 0.00 0.00 0.0 0.0 0.019 -0.016 0.0000 -0.0000 12.86 110 320 
0.018 2 1 0 0.00 0.00 0.0 0.0 0.014 -0.009 0.0000 -0.0000 12.86 110 310 
0.019 2 1 0 0.00 0.00 0.0 0.0 0.010 -0.011 0.0000 -0.0000 12.86 110 330 
0.020 2 1 1 0.40 0.40 7.0 7.0 0.009 -0.003 0.0000 -0.0000 12.86 110 350 
0.021 2 1 1 0.40 0.40 7.0 7.0 0.020 -0.002 0.0000 -0.0000 12.79 110 350 
0.022 2 1 1 0.40 0.40 7.0 7.0 0.053 0.023 0.0000 -0.0000 12.71 110 350 
0.023 2 1 1 0.40 0.40 7.0 7.0 0.127 0.094 0.0000 -0.0000 12.65 110 350 
0.024 2 1 1 0.40 0.40 7.0 7.0 0.203 0.152 0.0000 0.0000 12.61 110 350 
0.025 2 1 1 0.40 0.40 7.0 7.0 0.297 0.238 0.0000 0.0000 12.59 110 320 
0.026 2 1 1 0.40 0.40 7.0 7.0 0.356 0.312 0.0562 0.0000 12.60 110 350 
0.027 2 1 1 0.40 0.40 4.7 5.4 0.418 0.395 0.2253 0.1783 12.59 100 350 
0.028 2 1 1 0.40 0.40 4.7 3.9 0.504 0.463 0.2253 0.2807 12.66 110 350 
0.029 2 1 1 0.40 0.40 4.3 3.0 0.551 0.525 0.2574 0.3402 12.72 110 330 
0.030 2 1 1 0.40 0.40 3.2 3.1 0.559 0.558 0.3289 0.3402 12.77 110 340 
0.031 2 1 1 0.40 0.40 2.6 3.0 0.573 0.574 0.3715 0.3462 12.79 110 360 
0.032 2 1 1 0.40 0.40 2.3 3.0 0.580 0.579 0.3936 0.3462 12.81 110 370 
0.033 2 1 1 0.40 0.40 2.6 2.2 0.574 0.576 0.3715 0.3976 12.82 110 370 
0.034 2 1 1 0.40 0.40 2.3 2.0 0.558 0.563 0.3936 0.4137 12.83 110 350 
0.035 2 1 1 0.40 0.40 2.1 2.1 0.539 0.545 0.4056 0.4097 12.83 110 350 
0.036 2 1 1 0.40 0.40 2.0 2.4 0.514 0.528 0.4137 0.3860 12.83 110 370 
0.037 2 1 1 0.40 0.40 2.3 2.2 0.493 0.504 0.3936 0.4016 12.83 110 360 
0.038 2 1 1 0.40 0.40 2.1 2.1 0.476 0.471 0.4097 0.4097 12.83 110 360 
0.039 2 1 1 0.40 0.40 1.8 2.1 0.463 0.452 0.4269 0.4097 12.83 110 360 
0.040 2 1 1 0.40 0.40 1.8 1.9 0.433 0.434 0.4269 0.4225 12.84 110 330 
0.041 2 1 1 0.40 0.40 2.2 1.9 0.417 0.403 0.3976 0.4225 12.84 110 330 
0.042 2 1 1 0.40 0.40 2.0 1.8 0.408 0.395 0.4137 0.4225 12.84 100 320 
0.043 2 1 1 0.40 0.40 2.4 1.8 0.394 0.378 0.3860 0.4225 12.84 110 320 
0.044 2 1 1 0.40 0.40 2.0 1.8 0.378 0.358 0.4097 0.4225 12.84 110 320 
0.045 2 1 1 0.40 0.40 1.9 2.0 0.368 0.322 0.4181 0.4137 12.84 110 330 
0.046 2 1 1 0.40 0.40 1.8 2.0 0.355 0.315 0.4225 0.4137 12.84 110 330 
0.047 2 1 1 0.40 0.40 2.4 1.9 0.338 0.315 0.3860 0.4181 12.84 110 330 
0.048 2 1 1 0.40 0.40 2.0 1.8 0.340 0.278 0.4097 0.4225 12.84 110 330 
0.049 2 1 1 0.40 0.40 1.7 1.9 0.324 0.269 0.4317 0.4137 12.84 110 340 
0.050 2 1 1 0.40 0.40 1.7 1.9 0.310 0.260 0.4317 0.4137 12.84 110 330 
0.051 2 1 1 0.40 0.40 2.4 1.8 0.314 0.256 0.3860 0.4225 12.85 110 310 
0.052 2 1 1 0.40 0.40 2.0 1.8 0.296 0.240 0.4097 0.4225 12.85 110 330 
0.053 2 1 1 0.40 0.40 2.0 1.8 0.281 0.220 0.4137 0.4225 12.85 110 330 
0.054 2 1 1 0.40 0.40 1.9 1.8 0.278 0.216 0.4137 0.4181 12.85 110 340 
0.055 2 1 1 0.40 0.40 1.9 1.7 0.267 0.206 0.4181 0.4269 12.84 110 360 
0.056 2 1 1 0.40 0.40 1.9 1.8 0.262 0.202 0.4137 0.4225 12.85 110 360 
0.057 2 1 1 0.40 0.40 1.8 1.8 0.246 0.191 0.4225 0.4181 12.85 110 350 
0.058 2 1 1 0.40 0.40 1.4 1.9 0.242 0.182 0.4462 0.4137 12.85 110 350 
0.059 2 1 1 0.40 0.40 1.5 1.9 0.231 0.174 0.4410 0.4097 12.85 110 360 
0.060 2 1 1 0.40 0.40 1.7 1.9 0.223 0.181 0.4269 0.4137 12.85 110 370 
0.061 2 1 1 0.40 0.40 1.7 2.1 0.224 0.160 0.4269 0.4016 12.84 100 360 
0.062 2 1 1 0.40 0.40 2.8 2.0 0.218 0.150 0.3550 0.4056 12.85 110 360 
0.063 2 1 1 0.40 0.40 2.3 1.9 0.202 0.153 0.3896 0.4137 12.84 110 360 
0.064 2 1 1 0.40 0.40 1.6 1.9 0.200 0.165 0.4317 0.4137 12.84 110 350 
0.065 2 1 1 0.40 0.40 1.6 1.8 0.201 0.153 0.4317 0.4181 12.85 100 350 
0.066 2 1 1 0.40 0.40 2.5 1.9 0.194 0.147 0.3751 0.4137 12.85 110 360 
0.067 2 1 1 0.40 0.40 2.0 2.1 0.185 0.133 0.4056 0.3976 12.84 110 350 
0.068 2 1 1 0.40 0.40 1.8 2.0 0.181 0.132 0.4225 0.4056 12.84 110 360 
0.069 2 1 1 0.40 0.40 1.7 1.9 0.187 0.150 0.4225 0.4097 12.84 110 360 
0.070 2 1 1 0.40 0.40 2.2 1.7 0.170 0.143 0.3936 0.4225 12.85 110 360 
0.071 2 1 1 0.40 0.40 1.9 1.8 0.176 0.135 0.4137 0.4181 12.84 110 330 
0.072 2 1 1 0.40 0.40 1.8 1.8 0.156 0.118 0.4181 0.4181 12.84 110 320 
0.073 2 1 1 0.40 0.40 1.7 1.8 0.165 0.123 0.4269 0.4137 12.84 100 340 
0.074 2 1 1 0.40 0.40 1.7 2.0 0.159 0.124 0.4269 0.4016 12.84 110 360 
0.075 2 1 1 0.40 0.40 1.8 2.0 0.151 0.133 0.4181 0.4056 12.83 110 360 
0.076 2 1 1 0.40 0.40 1.7 1.9 0.151 0.134 0.4225 0.4097 12.84 110 360 
0.077 2 1 1 0.40 0.40 1.6 1.9 0.147 0.109 0.4269 0.4097 12.84 110 350 
0.078 2 1 1 0.40 0.40 1.6 2.4 0.141 0.109 0.4269 0.3787 12.84 110 360 
0.079 2 1 1 0.40 0.40 2.3 2.1 0.144 0.108 0.3823 0.3936 12.85 100 360 
0.080 2 1 1 0.40 0.40 2.0 1.8 0.140 0.099 0.4016 0.4181 12.85 100 350 
0.081 2 1 1 0.40 0.40 1.9 1.8 0.135 0.101 0.4097 0.4137 12.85 110 360 
0.082 2 1 1 0.40 0.40 1.8 2.2 0.141 0.102 0.4181 0.3896 12.84 110 360 
0.083 2 1 1 0.40 0.40 2.1 2.0 0.139 0.102 0.3976 0.4016 12.84 110 360 
0.084 2 1 1 0.40 0.40 1.9 1.9 0.139 0.106 0.4056 0.4056 12.85 110 350 
0.085 2 1 1 0.40 0.40 1.6 1.9 0.140 0.110 0.4269 0.4056 12.86 110 360 
0.086 2 1 1 0.40 0.40 1.6 1.8 0.135 0.105 0.4269 0.4137 12.85 110 360 
0.087 2 1 1 0.40 0.40 2.1 1.7 0.144 0.094 0.3936 0.4181 12.85 110 360 
0.088 2 1 1 0.40 0.40 1.9 1.8 0.140 0.093 0.4056 0.4137 12.85 110 350 
0.089 2 1 1 0.40 0.40 2.3 1.8 0.125 0.102 0.3787 0.4137 12.85 110 360 
0.090 2 1 1 0.40 0.40 2.1 1.7 0.132 0.089 0.3976 0.4181 12.84 110 360 
0.091 2 1 1 0.40 0.40 1.9 1.7 0.134 0.076 0.4056 0.4181 12.84 110 360 
0.092 2 1 1 0.40 0.40 1.9 2.0 0.135 0.090 0.4097 0.3976 12.85 110 360 
0.093 2 1 1 0.40 0.40 2.4 2.0 0.135 0.083 0.3751 0.4016 12.85 110 360 
0.094 2 1 1 0.40 0.40 2.1 1.9 0.136 0.090 0.3976 0.4097 12.84 110 360 
0.095 2 1 1 0.40 0.40 1.7 1.8 0.137 0.072 0.4225 0.4137 12.84 110 350 
0.096 2 1 1 0.40 0.40 1.7 2.1 0.145 0.061 0.4225 0.3936 12.84 110 360 
0.097 2 1 1 0.40 0.40 2.3 2.0 0.160 0.070 0.3787 0.4016 12.84 110 360 
0.098 2 1 1 0.40 0.40 2.0 1.8 0.144 0.072 0.4016 0.4137 12.84 110 360 
0.099 2 1 1 0.40 0.40 1.9 1.8 0.135 0.064 0.4056 0.4137 12.84 110 360 
0.100 2 1 1 0.40 0.40 1.8 1.8 0.137 0.081 0.4137 0.4097 12.84 110 350 
0.101 2 1 1 0.40 0.40 2.1 2.0 0.128 0.083 0.3936 0.3976 12.85 110 350 
0.102 2 1 1 0.40 0.40 1.9 1.8 0.128 0.079 0.4097 0.4137 12.85 110 360 
0.103 2 1 1 0.40 0.40 2.0 1.8 0.121 0.078 0.4016 0.4137 12.85 110 360 
0.104 2 1 1 0.40 0.40 1.8 1.9 0.126 0.068 0.4137 0.4016 12.85 110 360 
0.105 2 1 1 0.40 0.40 1.5 2.0 0.121 0.065 0.4362 0.3976 12.85 110 370 
0.106 2 1 1 0.40 0.40 1.4 2.0 0.126 0.082 0.4362 0.3976 12.85 110 360 
0.107 2 1 1 0.40 0.40 2.0 2.0 0.119 0.091 0.4016 0.4016 12.85 110 360 
0.108 2 1 1 0.40 0.40 1.8 2.1 0.121 0.083 0.4097 0.3936 12.85 110 350 
0.109 2 1 1 0.40 0.40 2.8 2.1 0.129 0.073 0.3462 0.3936 12.85 100 350 
0.110 2 1 1 0.40 0.40 2.3 1.9 0.123 0.081 0.3787 0.4056 12.85 110 360 
0.111 2 1 1 0.40 0.40 1.7 1.8 0.127 0.086 0.4181 0.4097 12.84 110 360 
0.112 2 1 1 0.40 0.40 1.8 1.8 0.125 0.080 0.4137 0.4097 12.84 110 360 
0.113 2 1 1 0.40 0.40 2.4 1.9 0.129 0.079 0.3715 0.4016 12.85 110 360 
0.114 2 1 1 0.40 0.40 1.8 2.1 0.146 0.083 0.4137 0.3896 12.85 110 360 
0.115 2 1 1 0.40 0.40 1.7 1.9 0.145 0.090 0.4181 0.4016 12.84 110 350 
0.116 2 1 1 0.40 0.40 2.1 1.8 0.132 0.101 0.3896 0.4097 12.85 110 360 
0.117 2 1 1 0.40 0.40 1.9 2.0 0.128 0.084 0.4056 0.3976 12.84 110 370 
0.118 2 1 1 0.40 0.40 1.8 1.8 0.130 0.088 0.4137 0.4137 12.84 110 360 
0.119 2 1 1 0.40 0.40 1.7 1.8 0.125 0.092 0.4181 0.4137 12.85 110 360 
0.120 2 1 1 0.40 0.40 1.8 1.8 0.134 0.083 0.4137 0.4137 12.85 110 360 
0.121 2 1 1 0.40 0.40 1.6 1.8 0.126 0.069 0.4225 0.4097 12.83 110 340 
0.122 2 1 1 0.40 0.40 2.0 2.1 0.124 0.077 0.3976 0.3936 12.84 110 370 
0.123 2 1 1 0.40 0.40 1.8 1.9 0.124 0.077 0.4097 0.4016 12.84 110 370 
0.124 2 1 1 0.40 0.40 1.7 1.9 0.121 0.064 0.4181 0.4056 12.83 110 360 
0.125 2 1 1 0.40 0.40 1.6 2.0 0.123 0.068 0.4225 0.3976 12.83 110 360 
0.126 2 1 1 0.40 0.40 2.3 2.4 0.121 0.079 0.3787 0.3715 12.83 110 360 
0.127 2 1 1 0.40 0.40 2.0 2.1 0.124 0.081 0.3976 0.3896 12.83 110 360 
0.128 2 1 1 0.40 0.40 1.9 1.8 0.117 0.077 0.4056 0.4137 12.83 110 360 
0.129 2 1 1 0.40 0.40 1.8 1.9 0.123 0.081 0.4137 0.4016 12.84 110 360 
0.130 2 1 1 0.40 0.40 2.1 2.2 0.119 0.083 0.3936 0.3860 12.84 110 360 
0.131 2 1 1 0.40 0.40 1.9 2.0 0.120 0.073 0.4056 0.3976 12.83 110 360 
0.132 2 1 1 0.40 0.40 1.6 1.9 0.121 0.087 0.4225 0.4016 12.84 110 360 
0.133 2 1 1 0.40 0.40 1.6 1.9 0.119 0.075 0.4225 0.4016 12.85 110 360 
0.134 2 1 1 0.40 0.40 2.2 1.8 0.121 0.082 0.3860 0.4097 12.85 110 360 
0.135 2 1 1 0.40 0.40 2.0 1.8 0.122 0.094 0.3976 0.4137 12.85 110 360 
0.136 2 1 1 0.40 0.40 2.3 1.8 0.123 0.097 0.3751 0.4097 12.85 110 360 
0.137 2 1 1 0.40 0.40 2.1 1.9 0.117 0.089 0.3936 0.4016 12.85 110 360 
0.138 2 1 1 0.40 0.40 1.9 1.9 0.115 0.086 0.4016 0.4056 12.85 110 350 
0.139 2 1 1 0.40 0.40 1.9 1.9 0.111 0.083 0.4056 0.4056 12.85 110 360 
0.140 2 1 1 0.40 0.40 2.4 2.1 0.120 0.074 0.3715 0.3896 12.84 110 370 
0.141 2 1 1 0.40 0.40 2.1 1.9 0.118 0.071 0.3936 0.4016 12.84 110 360 
0.142 2 1 1 0.40 0.40 1.7 1.9 0.128 0.080 0.4181 0.4056 12.84 110 360 
0.143 2 1 1 0.40 0.40 1.7 1.8 0.125 0.070 0.4181 0.4097 12.84 110 350 
0.144 2 1 1 0.40 0.40 2.3 2.1 0.140 0.074 0.3787 0.3896 12.85 110 370 
0.145 2 1 1 0.40 0.40 2.0 1.9 0.121 0.073 0.3976 0.4016 12.84 110 350 
0.146 2 1 1 0.40 0.40 1.9 1.8 0.120 0.085 0.4016 0.4097 12.84 110 360 
0.147 2 1 1 0.40 0.40 1.8 1.9 0.119 0.079 0.4097 0.4056 12.85 110 370 
0.148 2 1 1 0.40 0.40 2.1 1.9 0.134 0.081 0.3936 0.4016 12.85 100 360 
0.149 2 1 1 0.40 0.40 1.8 1.7 0.124 0.076 0.4097 0.4137 12.85 110 370 
0.150 2 1 1 0.40 0.40 2.0 1.7 0.122 0.090 0.3976 0.4137 12.86 100 350 
0.151 2 1 1 0.40 0.40 1.8 1.8 0.128 0.077 0.4097 0.4097 12.85 110 350 
0.152 2 1 1 0.40 0.40 1.5 2.0 0.144 0.073 0.4317 0.3976 12.85 110 370 
0.153 2 1 1 0.40 0.40 1.5 2.0 0.127 0.071 0.4317 0.3976 12.84 110 360 
0.154 2 1 1 0.40 0.40 1.9 1.9 0.136 0.063 0.4016 0.4016 12.85 110 360 
0.155 2 1 1 0.40 0.40 1.8 2.0 0.130 0.060 0.4097 0.3976 12.85 110 360 
0.156 2 1 1 0.40 0.40 2.7 2.0 0.128 0.066 0.3462 0.3936 12.84 110 360 
0.157 2 1 1 0.40 0.40 2.2 1.9 0.128 0.071 0.3823 0.4056 12.84 110 370 
0.158 2 1 1 0.40 0.40 1.6 1.8 0.131 0.057 0.4225 0.4097 12.85 110 370 
0.159 2 1 1 0.40 0.40 2.0 1.7 0.125 0.056 0.3976 0.4137 12.84 110 370 
0.160 2 1 1 0.40 0.40 2.4 2.0 0.129 0.068 0.3715 0.3976 12.84 110 360 
0.161 2 1 1 0.40 0.40 1.7 2.1 0.135 0.068 0.4137 0.3896 12.84 110 370 
0.162 2 1 1 0.40 0.40 1.7 2.0 0.131 0.067 0.4181 0.3976 12.83 100 350 
0.163 2 1 1 0.40 0.40 2.1 1.9 0.145 0.068 0.3896 0.4056 12.84 110 350 
0.164 2 1 1 0.40 0.40 1.8 2.0 0.135 0.063 0.4097 0.3976 12.85 110 350 
0.165 2 1 1 0.40 0.40 1.7 1.7 0.152 0.073 0.4181 0.4137 12.84 100 350 
0.166 2 1 1 0.40 0.40 1.6 1.7 0.132 0.072 0.4225 0.4137 12.85 110 360 
0.167 2 1 1 0.40 0.40 1.7 1.7 0.132 0.068 0.4137 0.4137 12.85 100 350 
0.168 2 1 1 0.40 0.40 1.6 1.9 0.128 0.062 0.4225 0.4016 12.85 110 360 
0.169 2 1 1 0.40 0.40 2.0 2.0 0.122 0.065 0.3976 0.3976 12.85 110 360 
0.170 2 1 1 0.40 0.40 1.8 1.9 0.117 0.061 0.4097 0.4016 12.85 100 360 
0.171 2 1 2 0.60 0.60 5.3 5.5 0.115 0.055 0.4181 0.4056 12.84 110 350 
0.172 2 1 2 0.60 0.60 5.3 5.6 0.123 0.052 0.4181 0.4016 12.82 110 360 
0.173 2 1 2 0.60 0.60 6.0 5.9 0.137 0.072 0.3787 0.3823 12.78 110 360 
0.174 2 1 2 0.60 0.60 5.7 5.6 0.178 0.101 0.4016 0.4097 12.74 110 360 
0.175 2 1 2 0.60 0.60 5.4 5.1 0.218 0.159 0.4225 0.4462 12.75 110 360 
0.176 2 1 2 0.60 0.60 5.1 5.0 0.247 0.193 0.4462 0.4562 12.76 110 370 
0.177 2 1 2 0.60 0.60 4.6 5.0 0.279 0.234 0.4836 0.4615 12.77 110 360 
0.178 2 1 2 0.60 0.60 4.1 4.3 0.310 0.265 0.5213 0.5081 12.77 110 370 
0.179 2 1 2 0.60 0.60 3.8 4.0 0.335 0.299 0.5426 0.5281 12.79 110 370 
0.180 2 1 2 0.60 0.60 3.5 3.5 0.353 0.316 0.5655 0.5655 12.81 110 350 
0.181 2 1 2 0.60 0.60 3.7 3.4 0.363 0.330 0.5498 0.5735 12.82 110 350 
0.182 2 1 2 0.60 0.60 3.1 3.2 0.357 0.344 0.5904 0.5820 12.83 110 370 
0.183 2 1 2 0.60 0.60 3.0 3.1 0.357 0.342 0.5992 0.5904 12.84 110 370 
0.184 2 1 2 0.60 0.60 3.4 3.2 0.343 0.334 0.5735 0.5820 12.83 110 370 
0.185 2 1 2 0.60 0.60 2.6 3.1 0.363 0.324 0.6273 0.5904 12.83 110 370 
0.186 2 1 2 0.60 0.60 3.7 3.0 0.345 0.330 0.5498 0.5992 12.84 110 370 
0.187 2 1 2 0.60 0.60 3.0 3.0 0.335 0.315 0.5992 0.5992 12.84 100 360 
0.188 2 1 2 0.60 0.60 2.8 2.9 0.323 0.306 0.6085 0.6085 12.84 110 360 
0.189 2 1 2 0.60 0.60 3.0 2.8 0.349 0.297 0.5992 0.6085 12.84 100 350 
0.190 2 1 2 0.60 0.60 3.0 2.8 0.313 0.288 0.5992 0.6085 12.84 110 370 
0.191 2 1 2 0.60 0.60 2.7 2.6 0.303 0.293 0.6177 0.6273 12.84 110 370 
0.192 2 1 2 0.60 0.60 2.2 2.5 0.292 0.277 0.6474 0.6273 12.84 110 370 
0.193 2 1 2 0.60 0.60 2.5 2.7 0.289 0.275 0.6273 0.6177 12.84 110 370 
0.194 2 1 2 0.60 0.60 3.5 2.7 0.277 0.254 0.5655 0.6177 12.85 110 360 
0.195 2 1 2 0.60 0.60 3.0 2.8 0.274 0.248 0.5992 0.6085 12.84 100 350 
0.196 2 1 2 0.60 0.60 2.4 2.7 0.270 0.248 0.6374 0.6177 12.84 110 360 
0.197 2 1 2 0.60 0.60 3.1 2.7 0.266 0.243 0.5904 0.6177 12.84 110 360 
0.198 2 1 2 0.60 0.60 2.5 2.8 0.255 0.228 0.6273 0.6085 12.83 100 360 
0.199 2 1 2 0.60 0.60 2.5 2.7 0.254 0.219 0.6273 0.6177 12.84 110 360 
0.200 2 1 2 0.60 0.60 2.7 2.7 0.259 0.207 0.6177 0.6177 12.84 100 350 
0.201 2 1 2 0.60 0.60 2.5 2.4 0.258 0.212 0.6273 0.6374 12.84 110 360 
0.202 2 1 2 0.60 0.60 2.6 2.5 0.246 0.197 0.6177 0.6273 12.84 110 350 
0.203 2 1 2 0.60 0.60 2.5 2.6 0.233 0.196 0.6273 0.6177 12.85 110 370 
0.204 2 1 2 0.60 0.60 2.6 2.6 0.231 0.188 0.6177 0.6177 12.85 110 360 
0.205 2 1 2 0.60 0.60 2.5 2.6 0.220 0.179 0.6273 0.6177 12.85 110 370 
0.206 2 1 2 0.60 0.60 2.9 2.9 0.236 0.167 0.5992 0.5992 12.84 110 360 
0.207 2 1 2 0.60 0.60 2.6 2.8 0.237 0.170 0.6177 0.6085 12.84 110 370 
0.208 2 1 2 0.60 0.60 2.5 2.5 0.208 0.166 0.6273 0.6273 12.84 110 350 
0.209 2 1 2 0.60 0.60 2.6 2.7 0.224 0.174 0.6177 0.6085 12.84 110 360 
0.210 2 1 2 0.60 0.60 2.3 2.6 0.212 0.160 0.6374 0.6177 12.84 110 370 
0.211 2 1 2 0.60 0.60 2.7 2.6 0.185 0.150 0.6085 0.6177 12.84 110 370 
0.212 2 1 2 0.60 0.60 2.6 2.4 0.194 0.146 0.6177 0.6273 12.84 110 370 
0.213 2 1 2 0.60 0.60 2.7 2.6 0.184 0.136 0.6085 0.6177 12.83 110 350 
0.214 2 1 2 0.60 0.60 2.6 2.4 0.185 0.138 0.6177 0.6273 12.84 110 370 
0.215 2 1 2 0.60 0.60 3.0 2.6 0.187 0.130 0.5904 0.6177 12.84 110 370 
0.216 2 1 2 0.60 0.60 2.7 2.6 0.186 0.139 0.6085 0.6177 12.84 110 370 
0.217 2 1 2 0.60 0.60 2.4 2.4 0.184 0.130 0.6273 0.6273 12.83 110 360 
0.218 2 1 2 0.60 0.60 3.0 2.6 0.184 0.129 0.5904 0.6177 12.84 110 370 
0.219 2 1 2 0.60 0.60 2.7 2.2 0.177 0.130 0.6085 0.6374 12.84 110 350 
0.220 2 1 2 0.60 0.60 2.7 2.2 0.178 0.131 0.6085 0.6374 12.84 100 360 
0.221 2 1 2 0.60 0.60 2.7 2.5 0.170 0.121 0.6085 0.6177 12.84 110 360 
0.222 2 1 2 0.60 0.60 2.8 2.4 0.171 0.127 0.5992 0.6273 12.84 110 370 
0.223 2 1 2 0.60 0.60 2.1 2.4 0.178 0.109 0.6474 0.6273 12.84 110 370 
0.224 2 1 2 0.60 0.60 2.3 2.5 0.170 0.118 0.6374 0.6177 12.84 100 370 
0.225 2 1 2 0.60 0.60 2.5 2.4 0.166 0.107 0.6177 0.6273 12.83 110 360 
0.226 2 1 2 0.60 0.60 3.4 2.5 0.160 0.111 0.5575 0.6177 12.84 100 360 
0.227 2 1 2 0.60 0.60 2.2 2.3 0.170 0.106 0.6374 0.6273 12.84 110 370 
0.228 2 1 2 0.60 0.60 2.4 2.3 0.159 0.107 0.6273 0.6273 12.84 100 360 
0.229 2 1 2 0.60 0.60 2.7 2.5 0.159 0.108 0.6085 0.6177 12.85 100 370 
0.230 2 1 2 0.60 0.60 2.5 2.5 0.159 0.098 0.6177 0.6177 12.84 110 370 
0.231 2 1 2 0.60 0.60 2.9 2.3 0.151 0.101 0.5904 0.6273 12.85 110 370 
0.232 2 1 2 0.60 0.60 2.7 2.1 0.166 0.099 0.6085 0.6374 12.85 100 360 
0.233 2 1 2 0.60 0.60 2.5 2.3 0.169 0.098 0.6177 0.6273 12.84 110 370 
0.234 2 1 2 0.60 0.60 2.8 2.4 0.156 0.106 0.5992 0.6177 12.84 110 370 
0.235 2 1 2 0.60 0.60 2.8 2.6 0.152 0.096 0.5992 0.6085 12.85 110 370 
0.236 2 1 2 0.60 0.60 2.7 2.4 0.165 0.094 0.6085 0.6177 12.84 110 370 
0.237 2 1 2 0.60 0.60 2.5 2.4 0.159 0.081 0.6177 0.6177 12.85 110 370 
0.238 2 1 2 0.60 0.60 3.0 2.5 0.151 0.079 0.5820 0.6085 12.85 110 370 
0.239 2 1 2 0.60 0.60 2.8 2.3 0.149 0.083 0.5992 0.6273 12.84 110 360 
0.240 2 1 2 0.60 0.60 2.8 2.5 0.165 0.081 0.5992 0.6085 12.84 110 370 
0.241 2 1 2 0.60 0.60 2.9 2.5 0.174 0.081 0.5904 0.6085 12.84 110 350 
0.242 2 1 2 0.60 0.60 2.7 2.5 0.153 0.080 0.6085 0.6085 12.84 110 360 
0.243 2 1 2 0.60 0.60 2.9 2.4 0.167 0.082 0.5904 0.6177 12.84 110 360 
0.244 2 1 2 0.60 0.60 2.8 2.5 0.185 0.079 0.5992 0.6085 12.84 100 350 
0.245 2 1 2 0.60 0.60 2.9 2.4 0.174 0.078 0.5904 0.6177 12.84 100 350 
0.246 2 1 2 0.60 0.60 2.7 2.4 0.182 0.083 0.6085 0.6177 12.84 110 360 
0.247 2 1 2 0.60 0.60 3.1 2.5 0.181 0.075 0.5820 0.6085 12.84 110 360 
0.248 2 1 2 0.60 0.60 2.8 2.4 0.166 0.061 0.5992 0.6177 12.84 110 360 
0.249 2 1 2 0.60 0.60 2.4 2.6 0.169 0.067 0.6273 0.5992 12.84 110 350 
0.250 2 1 2 0.60 0.60 2.9 2.5 0.167 0.077 0.5904 0.6085 12.84 110 350 
0.251 2 1 2 0.60 0.60 2.7 2.4 0.163 0.082 0.6085 0.6177 12.84 110 360 
0.252 2 1 2 0.60 0.60 2.5 2.4 0.171 0.065 0.6177 0.6177 12.84 110 360 
0.253 2 1 2 0.60 0.60 2.6 2.2 0.182 0.067 0.6085 0.6273 12.84 110 360 
0.254 2 1 2 0.60 0.60 2.8 2.3 0.185 0.072 0.5992 0.6177 12.84 110 360 
0.255 2 1 2 0.60 0.60 2.1 2.5 0.184 0.083 0.6474 0.6085 12.84 110 360 
0.256 2 1 2 0.60 0.60 2.2 2.5 0.173 0.076 0.6374 0.6085 12.83 110 360 
0.257 2 1 2 0.60 0.60 2.5 2.5 0.163 0.064 0.6177 0.6085 12.84 100 350 
0.258 2 1 2 0.60 0.60 3.4 2.6 0.153 0.064 0.5575 0.5992 12.84 110 360 
0.259 2 1 2 0.60 0.60 2.2 2.3 0.155 0.066 0.6374 0.6177 12.84 110 360 
0.260 2 1 2 0.60 0.60 2.3 2.3 0.147 0.064 0.6273 0.6177 12.84 110 360 
0.261 2 1 2 0.60 0.60 2.8 2.6 0.151 0.071 0.5992 0.5992 12.85 110 360 
0.262 2 1 2 0.60 0.60 2.5 2.6 0.166 0.071 0.6177 0.5992 12.85 110 360 
0.263 2 1 2 0.60 0.60 2.9 2.6 0.154 0.071 0.5904 0.5992 12.84 110 360 
0.264 2 1 2 0.60 0.60 2.7 2.3 0.148 0.063 0.5992 0.6177 12.84 110 350 
0.265 2 1 2 0.60 0.60 2.6 2.5 0.144 0.065 0.6085 0.6085 12.84 110 360 
0.266 2 1 2 0.60 0.60 2.9 2.6 0.152 0.079 0.5904 0.5992 12.84 110 360 
0.267 2 1 2 0.60 0.60 2.9 2.6 0.166 0.075 0.5904 0.5992 12.85 110 360 
0.268 2 1 2 0.60 0.60 2.8 2.6 0.164 0.079 0.5992 0.5992 12.85 110 360 
0.269 2 1 2 0.60 0.60 2.5 2.9 0.161 0.083 0.6177 0.5820 12.85 110 350 
0.270 2 1 2 0.60 0.60 3.0 2.7 0.148 0.078 0.5820 0.5904 12.84 110 350 
0.271 2 1 2 0.60 0.60 2.8 2.5 0.142 0.078 0.5992 0.6085 12.85 110 360 
0.272 2 1 2 0.60 0.60 2.6 2.7 0.147 0.092 0.6085 0.5904 12.85 110 370 
0.273 2 1 2 0.60 0.60 2.7 2.6 0.146 0.092 0.5992 0.5992 12.84 110 360 
0.274 2 1 2 0.60 0.60 2.3 2.6 0.174 0.084 0.6273 0.5992 12.84 110 360 
0.275 2 1 2 0.60 0.60 2.7 2.5 0.155 0.080 0.5992 0.6085 12.84 110 360 
0.276 2 1 2 0.60 0.60 2.6 2.6 0.150 0.083 0.6085 0.5992 12.84 110 360 
0.277 2 1 2 0.60 0.60 3.0 2.5 0.144 0.089 0.5820 0.6085 12.84 110 370 
0.278 2 1 2 0.60 0.60 2.6 2.5 0.145 0.084 0.6085 0.6085 12.84 110 350 
0.279 2 1 2 0.60 0.60 2.7 2.6 0.156 0.086 0.5992 0.5992 12.85 110 360 
0.280 2 1 2 0.60 0.60 2.7 2.5 0.158 0.077 0.5992 0.6085 12.84 110 360 
0.281 2 1 2 0.60 0.60 2.5 2.6 0.147 0.090 0.6177 0.5992 12.85 110 360 
0.282 2 1 2 0.60 0.60 3.0 2.6 0.154 0.083 0.5820 0.5992 12.84 110 360 
0.283 2 1 2 0.60 0.60 2.7 2.3 0.148 0.077 0.5992 0.6177 12.84 110 370 
0.284 2 1 2 0.60 0.60 2.6 2.3 0.175 0.093 0.6085 0.6177 12.85 110 360 
0.285 2 1 2 0.60 0.60 2.9 2.2 0.170 0.090 0.5904 0.6273 12.85 110 360 
0.286 2 1 2 0.60 0.60 2.7 2.3 0.180 0.078 0.5992 0.6177 12.84 110 360 
0.287 2 1 2 0.60 0.60 2.2 2.4 0.166 0.088 0.6374 0.6085 12.84 110 350 
0.288 2 1 2 0.60 0.60 2.3 2.4 0.156 0.086 0.6273 0.6085 12.84 110 350 
0.289 2 1 2 0.60 0.60 2.4 2.6 0.153 0.072 0.6177 0.5992 12.83 100 360 
0.290 2 1 2 0.60 0.60 3.4 2.6 0.154 0.079 0.5575 0.5992 12.85 110 360 
0.291 2 1 2 0.60 0.60 2.2 2.4 0.150 0.075 0.6374 0.6085 12.84 110 360 
0.292 2 1 2 0.60 0.60 2.3 2.3 0.156 0.082 0.6273 0.6177 12.84 110 370 
0.293 2 1 2 0.60 0.60 3.0 2.6 0.152 0.079 0.5820 0.5992 12.84 110 350 
0.294 2 1 2 0.60 0.60 2.4 2.4 0.157 0.083 0.6177 0.6085 12.85 110 360 
0.295 2 1 2 0.60 0.60 2.4 2.4 0.165 0.084 0.6177 0.6085 12.85 110 360 
0.296 2 1 2 0.60 0.60 2.7 2.1 0.157 0.077 0.5992 0.6273 12.84 110 350 
0.297 2 1 2 0.60 0.60 2.6 2.3 0.154 0.057 0.6085 0.6177 12.85 110 360 
0.298 2 1 2 0.60 0.60 2.7 2.4 0.163 0.075 0.5992 0.6085 12.85 110 360 
0.299 2 1 2 0.60 0.60 2.6 2.4 0.163 0.079 0.6085 0.6085 12.85 110 360 
0.300 2 1 2 0.60 0.60 2.7 2.4 0.150 0.075 0.5992 0.6085 12.85 110 360 
0.301 2 1 2 0.60 0.60 2.6 2.8 0.140 0.067 0.6085 0.5820 12.85 110 370 
0.302 2 1 2 0.60 0.60 3.1 2.5 0.139 0.072 0.5735 0.5992 12.85 110 360 
0.303 2 1 2 0.60 0.60 2.8 2.4 0.140 0.070 0.5904 0.6085 12.84 110 360 
0.304 2 1 2 0.60 0.60 2.7 2.7 0.144 0.079 0.5992 0.5904 12.84 110 340 
0.305 2 1 2 0.60 0.60 3.0 2.5 0.136 0.075 0.5820 0.5992 12.83 100 360 
0.306 2 1 2 0.60 0.60 2.4 2.5 0.144 0.064 0.6177 0.5992 12.84 100 360 
0.307 2 1 2 0.60 0.60 2.4 2.4 0.153 0.069 0.6177 0.6085 12.84 110 360 
0.308 2 1 2 0.60 0.60 2.7 2.5 0.151 0.079 0.5992 0.5992 12.84 110 360 
0.309 2 1 2 0.60 0.60 3.1 2.4 0.165 0.075 0.5735 0.6085 12.83 110 360 
0.310 2 1 2 0.60 0.60 2.7 2.4 0.159 0.075 0.5992 0.6085 12.84 110 370 
0.311 2 1 2 0.60 0.60 2.6 2.5 0.143 0.075 0.6085 0.5992 12.84 100 360 
0.312 2 1 2 0.60 0.60 3.1 2.4 0.164 0.081 0.5735 0.6085 12.84 110 320 
0.313 2 1 2 0.60 0.60 2.4 2.7 0.148 0.082 0.6177 0.5904 12.84 110 320 
0.314 2 1 2 0.60 0.60 3.2 2.5 0.156 0.079 0.5655 0.5992 12.83 110 340 
0.315 2 1 2 0.60 0.60 2.7 2.4 0.160 0.075 0.5992 0.6085 12.83 110 330 
0.316 2 1 2 0.60 0.60 2.7 2.4 0.160 0.079 0.5992 0.6085 12.84 110 330 
0.317 2 1 2 0.60 0.60 2.9 2.2 0.170 0.089 0.5904 0.6177 12.84 110 330 
0.318 2 1 2 0.60 0.60 2.6 2.2 0.164 0.083 0.6085 0.6177 12.84 110 340 
0.319 2 1 2 0.60 0.60 2.6 2.5 0.159 0.071 0.6085 0.5992 12.84 110 340 
0.320 2 1 2 0.60 0.60 2.1 2.5 0.163 0.069 0.6374 0.5992 12.84 110 350 
0.321 2 1 2 0.60 0.60 2.4 2.6 0.169 0.072 0.6177 0.5904 12.84 110 350 
0.322 2 1 2 0.60 0.60 3.3 2.7 0.161 0.069 0.5575 0.5904 12.85 110 340 
0.323 2 1 2 0.60 0.60 2.9 2.5 0.176 0.074 0.5904 0.5992 12.84 110 340 
0.324 2 1 2 0.60 0.60 2.3 2.4 0.171 0.076 0.6273 0.6085 12.84 110 360 
0.325 2 1 2 0.60 0.60 3.0 2.5 0.166 0.083 0.5820 0.5992 12.84 110 360 
0.326 2 1 2 0.60 0.60 2.4 2.7 0.155 0.075 0.6177 0.5904 12.84 110 360 
0.327 2 1 2 0.60 0.60 2.4 2.5 0.170 0.062 0.6177 0.5992 12.84 110 360 
0.328 2 1 2 0.60 0.60 2.6 2.4 0.165 0.078 0.6085 0.6085 12.85 110 350 
0.329 2 1 2 0.60 0.60 2.6 2.4 0.170 0.085 0.6085 0.6085 12.85 110 360 
0.330 2 1 2 0.60 0.60 2.6 2.5 0.155 0.088 0.6085 0.5992 12.85 110 360 
0.331 2 1 2 0.60 0.60 2.4 2.7 0.156 0.084 0.6177 0.5904 12.85 100 360 
0.332 2 1 2 0.60 0.60 2.6 2.5 0.146 0.079 0.6085 0.5992 12.85 110 360 
0.333 2 1 2 0.60 0.60 2.4 2.5 0.151 0.086 0.6177 0.5992 12.85 100 360 
0.334 2 1 2 0.60 0.60 3.4 2.7 0.154 0.077 0.5498 0.5904 12.85 100 350 
0.335 2 1 2 0.60 0.60 2.8 2.2 0.161 0.075 0.5904 0.6177 12.84 110 350 
0.336 2 1 2 0.60 0.60 2.7 2.7 0.166 0.080 0.5992 0.5904 12.84 110 360 
0.337 2 1 2 0.60 0.60 2.8 2.5 0.155 0.085 0.5904 0.5992 12.84 110 370 
0.338 2 1 2 0.60 0.60 2.7 2.5 0.176 0.079 0.5992 0.5992 12.84 110 360 
0.339 2 1 2 0.60 0.60 2.4 2.4 0.176 0.083 0.6177 0.6085 12.84 110 360 
0.340 2 1 2 0.60 0.60 2.7 2.5 0.154 0.074 0.5992 0.5992 12.84 110 360 
0.341 2 1 2 0.60 0.60 3.0 2.5 0.155 0.083 0.5820 0.5992 12.84 110 360 
0.342 2 1 2 0.60 0.60 2.7 2.4 0.152 0.083 0.5992 0.6085 12.83 110 360 
0.343 2 1 2 0.60 0.60 2.6 2.5 0.154 0.094 0.6085 0.5992 12.84 110 360 
0.344 2 1 2 0.60 0.60 3.0 2.4 0.158 0.087 0.5820 0.6085 12.84 110 370 
0.345 2 1 2 0.60 0.60 2.3 2.4 0.143 0.087 0.6273 0.6085 12.84 110 360 
0.346 2 1 2 0.60 0.60 2.4 2.6 0.146 0.075 0.6177 0.5904 12.84 100 360 
0.347 2 1 2 0.60 0.60 2.7 2.4 0.140 0.081 0.5992 0.6085 12.84 110 350 
0.348 2 1 2 0.60 0.60 2.7 2.4 0.150 0.085 0.5992 0.6085 12.85 110 360 
0.349 2 1 2 0.60 0.60 2.8 2.5 0.144 0.088 0.5904 0.5992 12.84 110 360 
0.350 2 1 2 0.60 0.60 2.7 2.2 0.148 0.080 0.5992 0.6177 12.84 110 370 
0.351 2 1 2 0.60 0.60 2.7 2.4 0.139 0.089 0.5992 0.6085 12.85 110 360 
0.352 2 1 2 0.60 0.60 2.3 2.5 0.154 0.089 0.6273 0.5992 12.84 110 360 
0.353 2 1 2 0.60 0.60 2.6 2.5 0.143 0.072 0.6085 0.5992 12.84 100 350 
0.354 2 1 2 0.60 0.60 2.6 2.5 0.156 0.078 0.6085 0.5992 12.84 110 360 
0.355 2 1 2 0.60 0.60 3.0 2.4 0.144 0.082 0.5820 0.6085 12.84 110 360 
0.356 2 1 2 0.60 0.60 2.3 2.4 0.142 0.086 0.6273 0.6085 12.85 110 350 
0.357 2 1 2 0.60 0.60 3.1 2.4 0.150 0.079 0.5735 0.6085 12.84 110 360 
0.358 2 1 2 0.60 0.60 2.8 2.5 0.151 0.077 0.5904 0.5992 12.84 110 360 
0.359 2 1 2 0.60 0.60 2.7 2.4 0.160 0.084 0.5992 0.6085 12.85 110 350 
0.360 2 1 2 0.60 0.60 3.0 2.2 0.146 0.082 0.5820 0.6177 12.85 110 360 
0.361 2 1 2 0.60 0.60 2.7 2.2 0.154 0.081 0.5992 0.6177 12.84 110 360 
0.362 2 1 2 0.60 0.60 2.6 2.5 0.154 0.068 0.6085 0.5992 12.84 110 360 
0.363 2 1 2 0.60 0.60 2.6 2.6 0.161 0.074 0.6085 0.5904 12.85 110 370 
0.364 2 1 2 0.60 0.60 2.8 2.5 0.143 0.074 0.5904 0.5992 12.85 110 370 
0.365 2 1 2 0.60 0.60 2.7 2.6 0.151 0.071 0.5992 0.5904 12.84 110 340 
0.366 2 1 2 0.60 0.60 2.6 2.9 0.151 0.077 0.6085 0.5735 12.85 110 360 
0.367 2 1 2 0.60 0.60 3.0 2.2 0.151 0.068 0.5820 0.6177 12.84 110 360 
0.368 2 1 2 0.60 0.60 2.7 2.4 0.155 0.065 0.5992 0.6085 12.84 100 360 
0.369 2 1 2 0.60 0.60 2.6 2.5 0.152 0.075 0.6085 0.5992 12.84 110 360 
0.370 2 1 2 0.60 0.60 2.7 2.5 0.161 0.075 0.5992 0.5992 12.84 100 350 
0.371 2 1 2 0.60 0.60 2.4 2.5 0.164 0.073 0.6177 0.5992 12.84 110 350 
0.372 2 1 2 0.60 0.60 2.7 2.4 0.163 0.075 0.5992 0.6085 12.83 110 360 
0.373 2 1 2 0.60 0.60 2.6 2.5 0.166 0.084 0.6085 0.5992 12.83 110 360 
0.374 2 1 2 0.60 0.60 2.7 2.5 0.161 0.079 0.5992 0.5992 12.84 100 350 
0.375 2 1 2 0.60 0.60 2.6 2.6 0.157 0.075 0.6085 0.5904 12.84 110 360 
0.376 2 1 2 0.60 0.60 3.0 2.6 0.162 0.071 0.5820 0.5904 12.85 110 360 
0.377 2 1 2 0.60 0.60 2.7 2.4 0.151 0.069 0.5992 0.6085 12.84 110 370 
0.378 2 1 2 0.60 0.60 2.3 2.6 0.155 0.084 0.6273 0.5904 12.85 110 360 
0.379 2 1 2 0.60 0.60 2.8 2.4 0.174 0.087 0.5904 0.6085 12.85 110 360 
0.380 2 1 2 0.60 0.60 2.7 2.4 0.160 0.090 0.5992 0.6085 12.85 110 340 
0.381 2 1 2 0.60 0.60 2.6 2.6 0.151 0.090 0.6085 0.5904 12.85 110 360 
0.382 2 1 2 0.60 0.60 2.6 2.4 0.146 0.083 0.6085 0.6085 12.85 110 360 
0.383 2 1 2 0.60 0.60 2.7 2.6 0.145 0.096 0.5992 0.5904 12.85 110 350 
0.384 2 1 2 0.60 0.60 2.1 2.6 0.144 0.086 0.6374 0.5904 12.84 110 360 
0.385 2 1 2 0.60 0.60 2.3 2.6 0.143 0.090 0.6273 0.5904 12.84 110 370 
0.386 2 1 2 0.60 0.60 2.5 2.8 0.140 0.077 0.6085 0.5820 12.84 100 360 
0.387 2 1 2 0.60 0.60 3.4 2.8 0.132 0.090 0.5498 0.5820 12.85 110 360 
0.388 2 1 2 0.60 0.60 2.3 2.5 0.130 0.087 0.6273 0.5992 12.84 110 360 
0.389 2 1 2 0.60 0.60 2.4 2.5 0.135 0.094 0.6177 0.5992 12.85 100 360 
0.390 2 1 2 0.60 0.60 2.8 2.6 0.147 0.098 0.5904 0.5904 12.85 110 360 
0.391 2 1 2 0.60 0.60 2.5 2.6 0.150 0.115 0.6085 0.5904 12.85 100 360 
0.392 2 1 2 0.60 0.60 2.9 2.6 0.151 0.109 0.5820 0.5904 12.84 110 360 
0.393 2 1 2 0.60 0.60 2.8 2.4 0.160 0.102 0.5904 0.6085 12.84 110 370 
0.394 2 1 2 0.60 0.60 2.7 2.4 0.159 0.097 0.5992 0.6085 12.84 110 350 
0.395 2 1 2 0.60 0.60 2.9 2.5 0.160 0.101 0.5820 0.5992 12.84 100 350 
0.396 2 1 2 0.60 0.60 2.7 2.5 0.160 0.094 0.5992 0.5992 12.84 100 360 
0.397 2 1 2 0.60 0.60 2.8 2.4 0.155 0.095 0.5904 0.6085 12.84 100 360 
0.398 2 1 2 0.60 0.60 2.7 2.8 0.178 0.091 0.5992 0.5820 12.84 110 370 
0.399 2 1 2 0.60 0.60 3.1 2.6 0.155 0.090 0.5735 0.5904 12.83 110 360 
0.400 2 1 2 0.60 0.60 2.8 2.4 0.154 0.100 0.5904 0.6085 12.83 100 350 
0.401 2 1 2 0.60 0.60 2.7 2.7 0.177 0.082 0.5992 0.5904 12.83 100 350 
0.402 2 1 2 0.60 0.60 2.8 2.4 0.170 0.086 0.5904 0.6085 12.83 110 370 
0.403 2 1 2 0.60 0.60 2.4 2.4 0.172 0.089 0.6177 0.6085 12.84 110 360 
0.404 2 1 2 0.60 0.60 2.4 2.2 0.166 0.087 0.6177 0.6177 12.83 100 360 
0.405 2 1 2 0.60 0.60 2.7 2.4 0.167 0.083 0.5992 0.6085 12.83 100 360 
0.406 2 1 2 0.60 0.60 3.1 2.2 0.156 0.075 0.5735 0.6177 12.83 110 360 
0.407 2 1 2 0.60 0.60 2.7 2.2 0.157 0.082 0.5992 0.6177 12.84 100 330 
0.408 2 1 2 0.60 0.60 2.6 2.5 0.165 0.075 0.6085 0.5992 12.84 110 360 
0.409 2 1 2 0.60 0.60 2.8 2.4 0.163 0.064 0.5904 0.6085 12.85 110 360 
0.410 2 1 2 0.60 0.60 2.4 2.5 0.163 0.066 0.6177 0.5992 12.84 110 370 
0.411 2 1 2 0.60 0.60 3.0 2.5 0.159 0.065 0.5820 0.5992 12.85 110 350 
0.412 2 1 2 0.60 0.60 2.7 2.4 0.158 0.072 0.5992 0.6085 12.84 110 350 
0.413 2 1 2 0.60 0.60 2.6 2.5 0.159 0.072 0.6085 0.5992 12.85 110 350 
0.414 2 1 2 0.60 0.60 2.8 2.4 0.169 0.066 0.5904 0.6085 12.85 110 360 
0.415 2 1 2 0.60 0.60 2.7 2.3 0.170 0.076 0.5992 0.6085 12.84 110 360 
0.416 2 1 2 0.60 0.60 2.6 2.6 0.163 0.071 0.6085 0.5904 12.85 110 370 
0.417 2 1 2 0.60 0.60 2.1 2.6 0.163 0.069 0.6374 0.5904 12.84 110 360 
0.418 2 1 2 0.60 0.60 2.4 2.6 0.156 0.071 0.6177 0.5904 12.84 110 360 
0.419 2 1 2 0.60 0.60 3.8 2.8 0.150 0.071 0.5281 0.5820 12.84 110 360 
0.420 2 1 2 0.60 0.60 2.8 2.5 0.151 0.083 0.5904 0.5992 12.83 100 350 
0.421 2 1 2 0.60 0.60 2.3 2.5 0.168 0.085 0.6273 0.5992 12.84 110 350 
0.422 2 1 2 0.60 0.60 3.0 2.6 0.162 0.090 0.5820 0.5904 12.84 110 360 
0.423 2 1 2 0.60 0.60 2.4 2.6 0.154 0.086 0.6177 0.5904 12.84 110 360 
0.424 2 1 2 0.60 0.60 2.4 2.5 0.156 0.095 0.6177 0.5992 12.84 110 370 
0.425 2 1 2 0.60 0.60 2.5 2.4 0.153 0.090 0.6085 0.6085 12.85 110 350 
0.426 2 1 2 0.60 0.60 2.4 2.4 0.147 0.081 0.6177 0.6085 12.84 110 350 
0.427 2 1 2 0.60 0.60 2.7 2.5 0.140 0.088 0.5992 0.5992 12.85 110 360 
0.428 2 1 2 0.60 0.60 2.5 2.6 0.141 0.103 0.6085 0.5904 12.85 110 370 
0.429 2 1 2 0.60 0.60 2.7 2.5 0.137 0.093 0.5992 0.5992 12.84 110 360 
0.430 2 1 2 0.60 0.60 2.5 2.6 0.142 0.088 0.6085 0.5904 12.85 110 360 
0.431 2 1 2 0.60 0.60 3.1 2.6 0.134 0.082 0.5735 0.5904 12.85 110 370 
0.432 2 1 2 0.60 0.60 2.7 2.2 0.138 0.094 0.5992 0.6177 12.85 110 360 
0.433 2 1 2 0.60 0.60 2.7 2.9 0.144 0.094 0.5992 0.5735 12.85 110 370 
0.434 2 1 2 0.60 0.60 2.8 2.6 0.145 0.084 0.5904 0.5904 12.85 100 350 
0.435 2 1 2 0.60 0.60 2.7 2.7 0.158 0.078 0.5992 0.5904 12.84 110 370 
0.436 2 1 2 0.60 0.60 2.4 2.5 0.169 0.087 0.6177 0.5992 12.84 110 360 
0.437 2 1 2 0.60 0.60 2.8 2.4 0.154 0.083 0.5904 0.6085 12.84 110 370 
0.438 2 1 2 0.60 0.60 3.1 2.5 0.147 0.088 0.5735 0.5992 12.84 110 360 
0.439 2 1 2 0.60 0.60 2.7 2.4 0.141 0.084 0.5992 0.6085 12.83 110 370 
0.440 2 1 2 0.60 0.60 2.6 2.6 0.153 0.094 0.6085 0.5904 12.83 110 350 
0.441 2 1 2 0.60 0.60 3.0 2.5 0.166 0.090 0.5820 0.5992 12.83 110 350 
0.442 2 1 2 0.60 0.60 2.3 2.4 0.163 0.098 0.6273 0.6085 12.83 110 360 
0.443 2 1 2 0.60 0.60 2.4 2.5 0.174 0.099 0.6177 0.5992 12.83 110 370 
0.444 2 1 2 0.60 0.60 2.7 2.2 0.156 0.084 0.5992 0.6177 12.84 100 360 
0.445 2 1 2 0.60 0.60 2.7 2.4 0.154 0.105 0.5992 0.6085 12.84 110 370 
0.446 2 1 2 0.60 0.60 2.9 2.5 0.147 0.083 0.5820 0.5992 12.84 110 360 
0.447 2 1 2 0.60 0.60 2.7 2.2 0.148 0.083 0.5992 0.6177 12.84 110 370 
0.448 2 1 2 0.60 0.60 2.7 2.4 0.144 0.083 0.5992 0.6085 12.84 110 350 
0.449 2 1 2 0.60 0.60 2.1 2.4 0.146 0.087 0.6374 0.6085 12.85 110 360 
0.450 2 1 2 0.60 0.60 2.5 2.5 0.151 0.087 0.6085 0.5992 12.84 110 360 
0.451 2 1 2 0.60 0.60 2.5 2.5 0.155 0.078 0.6085 0.5992 12.85 110 360 
0.452 2 1 2 0.60 0.60 2.9 2.4 0.147 0.073 0.5820 0.6085 12.85 110 360 
0.453 2 1 2 0.60 0.60 2.1 2.4 0.146 0.083 0.6374 0.6085 12.84 110 360 
0.454 2 1 2 0.60 0.60 3.1 2.5 0.154 0.078 0.5735 0.5992 12.85 100 350 
0.455 2 1 2 0.60 0.60 2.8 2.6 0.146 0.071 0.5904 0.5904 12.84 110 350 
0.456 2 1 2 0.60 0.60 2.5 2.4 0.164 0.083 0.6085 0.6085 12.84 110 360 
0.457 2 1 2 0.60 0.60 2.9 2.5 0.158 0.081 0.5820 0.5992 12.84 100 360 
0.458 2 1 2 0.60 0.60 2.7 2.2 0.155 0.076 0.5992 0.6177 12.84 110 360 
0.459 2 1 2 0.60 0.60 2.5 2.3 0.172 0.074 0.6085 0.6085 12.84 110 360 
0.460 2 1 2 0.60 0.60 2.5 2.6 0.142 0.062 0.6085 0.5904 12.84 110 360 
0.461 2 1 2 0.60 0.60 2.8 2.5 0.152 0.074 0.5904 0.5992 12.84 110 350 
0.462 2 1 2 0.60 0.60 2.7 2.5 0.155 0.077 0.5992 0.5992 12.84 100 350 
0.463 2 1 2 0.60 0.60 2.5 2.9 0.161 0.072 0.6085 0.5735 12.84 100 350 
0.464 2 1 2 0.60 0.60 3.1 2.2 0.160 0.068 0.5735 0.6177 12.84 110 370 
0.465 2 1 2 0.60 0.60 2.7 2.4 0.158 0.078 0.5992 0.6085 12.84 110 360 
0.466 2 1 2 0.60 0.60 2.7 2.5 0.154 0.083 0.5992 0.5992 12.84 110 360 
0.467 2 1 2 0.60 0.60 2.7 2.5 0.158 0.086 0.5992 0.5992 12.85 100 340 
0.468 2 1 2 0.60 0.60 2.4 2.6 0.153 0.081 0.6177 0.5904 12.85 110 370 
0.469 2 1 2 0.60 0.60 2.8 2.5 0.151 0.082 0.5904 0.5992 12.84 110 360 
0.470 2 1 2 0.60 0.60 2.7 2.6 0.163 0.074 0.5992 0.5904 12.83 110 370 
0.471 2 1 2 0.60 0.60 2.8 2.5 0.155 0.080 0.5904 0.5992 12.83 100 360 
0.472 8 1 3 0.60 0.60 2.7 2.5 0.163 0.090 0.5992 0.5992 12.83 110 370 
