%% logfile from robot Karla (10)
% Karla (10)
%  1    time 0.000 sec
%  2  3  4   (mission 0), state 2, thread 1, line 0
%  5  6 Motor velocity ref left, right: 0.00 0.00
%  7  8 Motor voltage [V] left, right: 0.0 0.0
%  9 10 Motor current left, right [A]: 0.005 0.025
% 11 12 Wheel velocity [m/s] left, right: -0.0000 0.0000
% 13    Battery voltage [V]: 12.87
% 14 15 Get data time [us]: 110 +ctrl 540
0.001 2 1 0 0.00 0.00 0.0 0.0 0.058 -0.081 -0.0000 0.0000 12.86 110 310 
0.002 2 1 0 0.00 0.00 0.0 0.0 0.034 -0.076 -0.0000 0.0000 12.86 110 310 
0.003 2 1 0 0.00 0.00 0.0 0.0 0.001 -0.028 -0.0000 0.0000 12.86 110 310 
0.004 2 1 0 0.00 0.00 0.0 0.0 -0.016 -0.005 -0.0000 0.0000 12.86 100 310 
0.005 2 1 0 0.00 0.00 0.0 0.0 -0.015 -0.010 -0.0000 0.0000 12.86 110 310 
0.006 2 1 0 0.00 0.00 0.0 0.0 -0.029 0.020 -0.0000 0.0000 12.86 110 310 
0.007 2 1 0 0.00 0.00 0.0 0.0 -0.019 0.010 -0.0000 0.0000 12.87 110 310 
0.008 2 1 0 0.00 0.00 0.0 0.0 -0.016 0.010 -0.0000 0.0000 12.87 100 310 
0.009 2 1 0 0.00 0.00 0.0 0.0 -0.030 0.015 -0.0000 0.0000 12.87 110 310 
0.010 2 1 0 0.00 0.00 0.0 0.0 -0.020 0.020 -0.0000 0.0000 12.87 110 310 
0.011 2 1 0 0.00 0.00 0.0 0.0 -0.007 0.037 -0.0000 0.0000 12.87 110 310 
0.012 2 1 0 0.00 0.00 0.0 0.0 0.036 0.019 -0.0000 0.0000 12.86 110 310 
0.013 2 1 0 0.00 0.00 0.0 0.0 -0.021 0.045 -0.0000 0.0000 12.86 110 300 
0.014 2 1 0 0.00 0.00 0.0 0.0 -0.033 -0.005 -0.0000 0.0000 12.86 110 300 
0.015 2 1 0 0.00 0.00 0.0 0.0 -0.022 -0.071 -0.0000 0.0000 12.86 110 310 
0.016 2 1 0 0.00 0.00 0.0 0.0 0.009 -0.091 -0.0000 0.0000 12.86 100 310 
0.017 2 1 0 0.00 0.00 0.0 0.0 0.047 -0.113 -0.0000 0.0000 12.86 110 310 
0.018 2 1 0 0.00 0.00 0.0 0.0 0.053 -0.149 -0.0000 0.0000 12.87 110 310 
0.019 2 1 0 0.00 0.00 0.0 0.0 0.053 -0.144 -0.0000 0.0000 12.87 110 310 
0.020 2 1 1 0.40 0.40 7.0 7.0 0.053 -0.137 -0.0000 0.0000 12.86 110 320 
0.021 2 1 1 0.40 0.40 7.0 7.0 0.067 -0.130 -0.0000 0.0000 12.79 110 310 
0.022 2 1 1 0.40 0.40 7.0 7.0 0.095 -0.033 -0.0000 0.0000 12.70 110 320 
0.023 2 1 1 0.40 0.40 7.0 7.0 0.110 0.034 0.0000 0.0000 12.64 110 350 
0.024 2 1 1 0.40 0.40 7.0 7.0 0.180 0.172 0.0000 0.0000 12.60 110 340 
0.025 2 1 1 0.40 0.40 7.0 7.0 0.416 0.295 0.0000 0.0000 12.61 110 350 
0.026 2 1 1 0.40 0.40 6.3 7.0 0.523 0.269 0.1121 0.0000 12.60 110 350 
0.027 2 1 1 0.40 0.40 6.4 7.0 0.308 0.567 0.1121 0.0000 12.63 110 350 
0.028 2 1 1 0.40 0.40 4.9 5.6 0.258 0.744 0.2169 0.1723 12.64 110 360 
0.029 2 1 1 0.40 0.40 4.9 4.3 0.327 0.816 0.2169 0.2623 12.69 110 360 
0.030 2 1 1 0.40 0.40 4.1 3.8 0.440 0.856 0.2747 0.2972 12.73 110 330 
0.031 2 1 1 0.40 0.40 3.3 3.9 0.500 0.834 0.3317 0.2972 12.76 110 360 
0.032 2 1 1 0.40 0.40 3.1 3.5 0.515 0.795 0.3430 0.3237 12.79 110 350 
0.033 2 1 1 0.40 0.40 2.3 3.0 0.572 0.779 0.4016 0.3582 12.81 110 350 
0.034 2 1 1 0.40 0.40 2.3 2.5 0.625 0.780 0.3976 0.3936 12.83 110 360 
0.035 2 1 1 0.40 0.40 2.1 2.3 0.707 0.669 0.4137 0.4016 12.83 110 360 
0.036 2 1 1 0.40 0.40 1.7 2.4 0.677 0.579 0.4410 0.3976 12.83 110 360 
0.037 2 1 1 0.40 0.40 1.6 2.3 0.679 0.588 0.4462 0.4056 12.83 110 360 
0.038 2 1 1 0.40 0.40 1.8 2.1 0.626 0.470 0.4317 0.4181 12.83 110 360 
0.039 2 1 1 0.40 0.40 2.3 2.0 0.603 0.597 0.3976 0.4225 12.84 110 370 
0.040 2 1 1 0.40 0.40 2.8 2.0 0.536 0.571 0.3615 0.4225 12.84 110 370 
0.041 2 1 1 0.40 0.40 1.7 2.0 0.469 0.511 0.4362 0.4225 12.83 110 370 
0.042 2 1 1 0.40 0.40 1.7 1.9 0.410 0.455 0.4362 0.4317 12.83 110 370 
0.043 2 1 1 0.40 0.40 2.5 1.9 0.411 0.484 0.3823 0.4317 12.84 110 360 
0.044 2 1 1 0.40 0.40 2.1 1.9 0.428 0.426 0.4097 0.4269 12.85 110 360 
0.045 2 1 1 0.40 0.40 1.8 2.0 0.431 0.310 0.4269 0.4225 12.85 100 350 
0.046 2 1 1 0.40 0.40 1.7 2.0 0.409 0.339 0.4317 0.4225 12.85 100 350 
0.047 2 1 1 0.40 0.40 2.3 2.0 0.367 0.441 0.3936 0.4181 12.85 110 350 
0.048 2 1 1 0.40 0.40 2.0 2.0 0.347 0.357 0.4137 0.4181 12.85 110 360 
0.049 2 1 1 0.40 0.40 1.9 1.9 0.346 0.322 0.4181 0.4269 12.85 110 360 
0.050 2 1 1 0.40 0.40 1.9 1.9 0.352 0.279 0.4225 0.4269 12.85 110 350 
0.051 2 1 1 0.40 0.40 1.9 1.8 0.326 0.309 0.4181 0.4317 12.85 110 350 
0.052 2 1 1 0.40 0.40 1.8 1.9 0.307 0.241 0.4269 0.4225 12.85 110 360 
0.053 2 1 1 0.40 0.40 2.2 2.0 0.287 0.370 0.4016 0.4137 12.85 110 360 
0.054 2 1 1 0.40 0.40 2.0 2.0 0.302 0.266 0.4137 0.4181 12.86 110 360 
0.055 2 1 1 0.40 0.40 1.8 1.9 0.263 0.143 0.4225 0.4225 12.85 110 360 
0.056 2 1 1 0.40 0.40 1.8 2.0 0.288 0.244 0.4269 0.4181 12.84 110 370 
0.057 2 1 1 0.40 0.40 2.4 1.8 0.304 0.186 0.3823 0.4269 12.84 100 360 
0.058 2 1 1 0.40 0.40 2.1 1.8 0.346 0.098 0.4016 0.4269 12.84 110 360 
0.059 2 1 1 0.40 0.40 2.0 1.8 0.287 0.130 0.4097 0.4269 12.84 100 360 
0.060 2 1 1 0.40 0.40 1.9 1.9 0.274 0.187 0.4181 0.4181 12.85 100 360 
0.061 2 1 1 0.40 0.40 2.2 2.0 0.272 0.217 0.3976 0.4137 12.84 110 370 
0.062 2 1 1 0.40 0.40 1.8 1.9 0.233 0.249 0.4269 0.4181 12.85 110 370 
0.063 2 1 1 0.40 0.40 1.7 2.0 0.187 0.238 0.4269 0.4137 12.85 100 360 
0.064 2 1 1 0.40 0.40 2.1 2.2 0.174 0.264 0.4016 0.4016 12.85 110 360 
0.065 2 1 1 0.40 0.40 1.9 2.5 0.154 0.280 0.4137 0.3823 12.85 110 370 
0.066 2 1 1 0.40 0.40 2.4 1.8 0.135 0.217 0.3860 0.4269 12.85 110 350 
0.067 2 1 1 0.40 0.40 2.1 1.8 0.164 0.291 0.4056 0.4225 12.85 110 350 
0.068 2 1 1 0.40 0.40 1.9 2.3 0.185 0.177 0.4181 0.3936 12.85 110 360 
0.069 2 1 1 0.40 0.40 1.8 2.1 0.196 0.135 0.4225 0.4056 12.85 100 360 
0.070 2 1 1 0.40 0.40 2.4 2.0 0.313 0.151 0.3823 0.4097 12.85 110 360 
0.071 2 1 1 0.40 0.40 2.1 2.0 0.290 0.208 0.4056 0.4097 12.86 110 360 
0.072 2 1 1 0.40 0.40 1.7 2.0 0.214 0.109 0.4317 0.4097 12.86 110 360 
0.073 2 1 1 0.40 0.40 1.6 2.0 0.188 0.116 0.4317 0.4137 12.85 110 360 
0.074 2 1 1 0.40 0.40 2.3 2.1 0.139 0.098 0.3860 0.4016 12.85 110 350 
0.075 2 1 1 0.40 0.40 2.0 2.1 0.163 0.171 0.4097 0.4056 12.86 100 350 
0.076 2 1 1 0.40 0.40 2.0 2.0 0.145 0.139 0.4097 0.4097 12.85 110 350 
0.077 2 1 1 0.40 0.40 1.8 2.0 0.136 0.242 0.4181 0.4097 12.86 110 360 
0.078 2 1 1 0.40 0.40 2.1 2.2 0.125 0.078 0.3976 0.3976 12.85 110 360 
0.079 2 1 1 0.40 0.40 1.9 2.1 0.104 0.172 0.4137 0.4016 12.85 110 360 
0.080 2 1 1 0.40 0.40 2.0 2.0 0.213 0.180 0.4097 0.4097 12.84 110 360 
0.081 2 1 1 0.40 0.40 1.8 2.0 0.297 0.114 0.4181 0.4137 12.84 110 370 
0.082 2 1 1 0.40 0.40 1.6 2.2 0.255 0.096 0.4362 0.3976 12.83 100 360 
0.083 2 1 1 0.40 0.40 1.7 2.1 0.150 0.138 0.4225 0.4056 12.84 110 360 
0.084 2 1 1 0.40 0.40 2.1 1.9 0.082 0.226 0.3976 0.4181 12.85 100 360 
0.085 2 1 1 0.40 0.40 2.0 1.9 0.097 0.187 0.4056 0.4181 12.84 110 370 
0.086 2 1 1 0.40 0.40 2.9 1.9 0.081 0.242 0.3430 0.4181 12.84 110 350 
0.087 2 1 1 0.40 0.40 2.5 1.9 0.116 0.149 0.3751 0.4137 12.84 110 360 
0.088 2 1 1 0.40 0.40 1.8 1.7 0.119 0.132 0.4181 0.4269 12.84 110 360 
0.089 2 1 1 0.40 0.40 2.1 1.8 0.290 0.008 0.3976 0.4225 12.83 100 360 
0.090 2 1 1 0.40 0.40 2.5 1.8 0.233 0.046 0.3715 0.4181 12.84 110 360 
0.091 2 1 1 0.40 0.40 1.9 1.9 0.207 0.123 0.4137 0.4137 12.86 100 360 
0.092 2 1 1 0.40 0.40 1.8 2.0 0.168 0.173 0.4181 0.4097 12.85 110 360 
0.093 2 1 1 0.40 0.40 2.2 1.9 0.110 0.135 0.3936 0.4137 12.84 110 370 
0.094 2 1 1 0.40 0.40 1.9 2.1 0.108 0.226 0.4137 0.4016 12.85 110 370 
0.095 2 1 1 0.40 0.40 1.8 2.0 0.084 0.198 0.4225 0.4056 12.85 110 360 
0.096 2 1 1 0.40 0.40 1.7 1.8 0.063 0.201 0.4269 0.4181 12.85 110 360 
0.097 2 1 1 0.40 0.40 1.7 1.8 0.079 0.179 0.4225 0.4181 12.85 110 360 
0.098 2 1 1 0.40 0.40 1.6 1.7 0.120 0.165 0.4317 0.4225 12.85 110 360 
0.099 2 1 1 0.40 0.40 2.0 1.8 0.089 0.176 0.4016 0.4181 12.85 110 350 
0.100 2 1 1 0.40 0.40 1.9 2.1 0.101 0.152 0.4137 0.3976 12.86 110 350 
0.101 2 1 1 0.40 0.40 1.7 1.9 0.103 0.126 0.4225 0.4137 12.86 110 360 
0.102 2 1 1 0.40 0.40 1.6 1.9 0.081 0.082 0.4269 0.4097 12.85 110 370 
0.103 2 1 1 0.40 0.40 2.3 1.8 0.067 0.116 0.3823 0.4181 12.85 110 360 
0.104 2 1 1 0.40 0.40 2.0 1.8 0.109 0.032 0.4016 0.4181 12.86 110 360 
0.105 2 1 1 0.40 0.40 1.9 1.8 0.191 0.038 0.4097 0.4181 12.85 100 350 
0.106 2 1 1 0.40 0.40 1.8 1.8 0.204 -0.028 0.4137 0.4137 12.86 110 360 
0.107 2 1 1 0.40 0.40 2.2 2.0 0.206 -0.161 0.3896 0.4016 12.85 110 360 
0.108 2 1 1 0.40 0.40 2.0 2.0 0.313 -0.078 0.4016 0.4056 12.84 100 350 
0.109 2 1 1 0.40 0.40 1.8 1.9 0.269 -0.157 0.4181 0.4097 12.84 110 360 
0.110 2 1 1 0.40 0.40 1.8 2.0 0.226 -0.066 0.4181 0.4016 12.85 110 360 
0.111 2 1 1 0.40 0.40 2.2 2.4 0.143 0.079 0.3896 0.3751 12.84 110 360 
0.112 2 1 1 0.40 0.40 2.0 2.1 0.069 0.168 0.4016 0.3936 12.84 100 350 
0.113 2 1 1 0.40 0.40 2.4 1.8 0.066 0.090 0.3751 0.4181 12.85 110 360 
0.114 2 1 1 0.40 0.40 2.1 1.8 0.089 0.113 0.3976 0.4137 12.85 100 360 
0.115 2 1 1 0.40 0.40 1.9 2.3 0.112 0.177 0.4097 0.3860 12.85 110 370 
0.116 2 1 1 0.40 0.40 1.8 2.1 0.161 0.114 0.4137 0.3976 12.85 110 350 
0.117 2 1 1 0.40 0.40 2.4 2.0 0.115 0.095 0.3751 0.4056 12.85 110 360 
0.118 2 1 1 0.40 0.40 2.1 2.0 0.177 0.143 0.3976 0.4056 12.85 110 370 
0.119 2 1 1 0.40 0.40 1.7 1.9 0.141 0.037 0.4225 0.4097 12.84 100 350 
0.120 2 1 1 0.40 0.40 1.7 1.8 0.203 0.077 0.4225 0.4137 12.85 110 370 
0.121 2 1 1 0.40 0.40 2.4 1.9 0.146 0.090 0.3787 0.4097 12.85 110 360 
0.122 2 1 1 0.40 0.40 2.0 1.9 0.091 0.089 0.4016 0.4097 12.85 110 360 
0.123 2 1 1 0.40 0.40 2.0 1.9 0.089 0.154 0.4056 0.4097 12.85 110 360 
0.124 2 1 1 0.40 0.40 1.9 2.0 0.084 0.208 0.4097 0.4016 12.85 110 350 
0.125 2 1 1 0.40 0.40 1.9 2.2 0.085 0.178 0.4097 0.3860 12.85 110 370 
0.126 2 1 1 0.40 0.40 2.0 2.1 0.063 0.158 0.4016 0.3936 12.84 110 360 
0.127 2 1 1 0.40 0.40 1.8 2.0 0.097 0.122 0.4137 0.4016 12.85 110 360 
0.128 2 1 1 0.40 0.40 1.5 1.9 0.107 0.089 0.4317 0.4056 12.85 110 360 
0.129 2 1 1 0.40 0.40 1.5 2.2 0.066 0.189 0.4317 0.3896 12.85 110 360 
0.130 2 1 1 0.40 0.40 2.0 2.1 0.031 0.181 0.3976 0.3976 12.85 110 350 
0.131 2 1 1 0.40 0.40 1.9 2.0 0.051 0.162 0.4056 0.4056 12.86 100 350 
0.132 2 1 1 0.40 0.40 2.9 1.9 0.051 0.261 0.3430 0.4056 12.85 110 360 
0.133 2 1 1 0.40 0.40 2.3 2.0 0.107 0.173 0.3787 0.4016 12.85 110 360 
0.134 2 1 1 0.40 0.40 1.7 2.0 0.207 0.100 0.4225 0.4016 12.85 110 360 
0.135 2 1 1 0.40 0.40 1.7 1.8 0.265 0.063 0.4225 0.4137 12.85 110 360 
0.136 2 1 1 0.40 0.40 2.5 1.8 0.231 0.015 0.3715 0.4137 12.85 110 360 
0.137 2 1 1 0.40 0.40 2.1 1.9 0.255 -0.004 0.3976 0.4097 12.86 100 350 
0.138 2 1 1 0.40 0.40 1.8 2.0 0.259 0.135 0.4137 0.4016 12.85 110 360 
0.139 2 1 1 0.40 0.40 1.7 2.0 0.257 0.071 0.4181 0.4016 12.84 100 350 
0.140 2 1 1 0.40 0.40 2.2 1.9 0.127 0.088 0.3896 0.4056 12.84 110 360 
0.141 2 1 1 0.40 0.40 1.9 2.1 0.125 0.113 0.4056 0.3976 12.84 110 360 
0.142 2 1 1 0.40 0.40 1.8 2.1 0.066 0.202 0.4137 0.3976 12.85 100 360 
0.143 2 1 1 0.40 0.40 1.7 1.9 0.097 0.145 0.4181 0.4097 12.85 100 350 
0.144 2 1 1 0.40 0.40 2.0 1.8 0.078 0.174 0.4016 0.4137 12.85 110 360 
0.145 2 1 1 0.40 0.40 1.9 1.8 0.103 0.184 0.4097 0.4137 12.86 110 350 
0.146 2 1 1 0.40 0.40 2.2 1.9 0.112 0.062 0.3860 0.4097 12.86 110 360 
0.147 2 1 1 0.40 0.40 2.0 2.1 0.126 0.230 0.3976 0.3936 12.86 110 360 
0.148 2 1 1 0.40 0.40 1.9 2.0 0.135 0.062 0.4056 0.4016 12.86 110 360 
0.149 2 1 1 0.40 0.40 1.8 1.9 0.139 0.120 0.4137 0.4097 12.85 110 360 
0.150 2 1 1 0.40 0.40 2.4 1.9 0.101 0.075 0.3751 0.4097 12.85 110 360 
0.151 2 1 1 0.40 0.40 2.1 1.7 0.125 0.185 0.3936 0.4225 12.85 110 360 
0.152 2 1 1 0.40 0.40 2.0 1.7 0.146 0.093 0.4016 0.4225 12.85 110 360 
0.153 2 1 1 0.40 0.40 1.8 1.7 0.162 0.011 0.4137 0.4181 12.85 110 360 
0.154 2 1 1 0.40 0.40 2.0 1.8 0.191 -0.012 0.3976 0.4137 12.85 110 360 
0.155 2 1 1 0.40 0.40 1.9 2.0 0.196 -0.009 0.4097 0.4016 12.86 110 360 
0.156 2 1 1 0.40 0.40 1.6 1.9 0.188 -0.091 0.4269 0.4056 12.84 110 360 
0.157 2 1 1 0.40 0.40 1.6 1.8 0.142 -0.078 0.4269 0.4097 12.84 100 360 
0.158 2 1 1 0.40 0.40 2.1 1.9 0.124 0.031 0.3936 0.4016 12.84 110 360 
0.159 2 1 1 0.40 0.40 1.9 2.4 0.093 0.118 0.4056 0.3715 12.85 110 370 
0.160 2 1 1 0.40 0.40 2.3 2.1 0.047 0.160 0.3787 0.3896 12.85 100 360 
0.161 2 1 1 0.40 0.40 2.0 1.8 0.066 0.139 0.4016 0.4137 12.85 110 370 
0.162 2 1 1 0.40 0.40 1.9 2.0 0.080 0.116 0.4097 0.4016 12.85 100 360 
0.163 2 1 1 0.40 0.40 1.8 2.3 0.078 0.089 0.4137 0.3787 12.85 100 360 
0.164 2 1 1 0.40 0.40 2.4 2.0 0.092 0.174 0.3751 0.3976 12.85 110 360 
0.165 2 1 1 0.40 0.40 2.0 2.1 0.158 0.117 0.3976 0.3936 12.85 110 350 
0.166 2 1 1 0.40 0.40 1.7 2.1 0.194 0.009 0.4225 0.3936 12.85 110 370 
0.167 2 1 1 0.40 0.40 2.1 2.0 0.227 0.067 0.3896 0.4016 12.86 110 370 
0.168 2 1 1 0.40 0.40 2.0 1.9 0.262 0.086 0.3976 0.4056 12.85 110 370 
0.169 2 1 1 0.40 0.40 2.0 2.1 0.251 -0.034 0.4016 0.3936 12.85 110 360 
0.170 2 1 1 0.40 0.40 1.8 2.0 0.229 0.077 0.4097 0.4016 12.85 110 360 
0.171 2 1 2 0.60 0.60 5.7 5.5 0.236 0.072 0.3936 0.4056 12.84 100 350 
0.172 2 1 2 0.60 0.60 5.5 5.6 0.257 0.029 0.4097 0.4056 12.82 110 350 
0.173 2 1 2 0.60 0.60 5.5 5.8 0.249 0.148 0.4137 0.3936 12.79 100 360 
0.174 2 1 2 0.60 0.60 5.3 5.7 0.272 0.181 0.4317 0.4056 12.76 100 360 
0.175 2 1 2 0.60 0.60 4.8 5.4 0.244 0.261 0.4723 0.4317 12.75 110 370 
0.176 2 1 2 0.60 0.60 4.6 5.0 0.276 0.324 0.4836 0.4615 12.79 110 370 
0.177 2 1 2 0.60 0.60 4.5 4.8 0.321 0.349 0.4956 0.4779 12.78 110 370 
0.178 2 1 2 0.60 0.60 4.9 4.4 0.245 0.370 0.4667 0.5020 12.78 110 370 
0.179 2 1 2 0.60 0.60 4.4 4.1 0.267 0.452 0.5081 0.5281 12.79 110 370 
0.180 2 1 2 0.60 0.60 3.4 3.9 0.291 0.427 0.5735 0.5426 12.80 110 360 
0.181 2 1 2 0.60 0.60 3.8 3.5 0.295 0.459 0.5498 0.5655 12.81 110 360 
0.182 2 1 2 0.60 0.60 3.4 3.3 0.367 0.459 0.5735 0.5820 12.82 110 370 
0.183 2 1 2 0.60 0.60 3.0 3.3 0.407 0.441 0.5992 0.5820 12.83 100 370 
0.184 2 1 2 0.60 0.60 3.3 3.1 0.425 0.338 0.5820 0.5992 12.83 100 370 
0.185 2 1 2 0.60 0.60 2.8 3.2 0.458 0.314 0.6177 0.5904 12.84 110 360 
0.186 2 1 2 0.60 0.60 2.8 2.9 0.489 0.306 0.6177 0.6085 12.83 110 370 
0.187 2 1 2 0.60 0.60 2.7 2.8 0.468 0.296 0.6177 0.6177 12.83 110 370 
0.188 2 1 2 0.60 0.60 2.9 2.8 0.478 0.348 0.6085 0.6177 12.84 100 360 
0.189 2 1 2 0.60 0.60 2.6 2.9 0.378 0.318 0.6273 0.6085 12.83 110 360 
0.190 2 1 2 0.60 0.60 3.5 2.6 0.286 0.323 0.5655 0.6273 12.84 110 360 
0.191 2 1 2 0.60 0.60 2.9 2.8 0.424 0.243 0.6085 0.6177 12.83 110 360 
0.192 2 1 2 0.60 0.60 2.7 2.5 0.295 0.178 0.6177 0.6374 12.84 110 360 
0.193 2 1 2 0.60 0.60 3.0 2.7 0.273 0.288 0.5992 0.6177 12.85 110 370 
0.194 2 1 2 0.60 0.60 2.6 2.9 0.314 0.288 0.6273 0.6085 12.84 110 370 
0.195 2 1 2 0.60 0.60 2.6 2.7 0.261 0.349 0.6273 0.6177 12.85 110 360 
0.196 2 1 2 0.60 0.60 2.9 2.7 0.241 0.288 0.6085 0.6177 12.85 110 370 
0.197 2 1 2 0.60 0.60 3.3 2.9 0.222 0.292 0.5820 0.6085 12.85 110 370 
0.198 2 1 2 0.60 0.60 2.9 2.4 0.301 0.248 0.6085 0.6374 12.84 110 370 
0.199 2 1 2 0.60 0.60 2.7 2.8 0.298 0.251 0.6177 0.6085 12.85 110 370 
0.200 2 1 2 0.60 0.60 2.9 2.7 0.275 0.223 0.6085 0.6177 12.85 110 370 
0.201 2 1 2 0.60 0.60 2.4 2.7 0.243 0.210 0.6374 0.6177 12.85 110 360 
0.202 2 1 2 0.60 0.60 3.1 2.7 0.298 0.138 0.5904 0.6177 12.86 110 370 
0.203 2 1 2 0.60 0.60 2.8 2.7 0.283 0.096 0.6085 0.6177 12.85 110 370 
0.204 2 1 2 0.60 0.60 2.7 2.7 0.297 0.158 0.6177 0.6177 12.85 110 370 
0.205 2 1 2 0.60 0.60 3.0 2.5 0.341 0.102 0.5992 0.6273 12.85 110 370 
0.206 2 1 2 0.60 0.60 2.8 2.7 0.298 0.079 0.6085 0.6177 12.84 110 370 
0.207 2 1 2 0.60 0.60 2.7 2.5 0.272 0.139 0.6177 0.6273 12.84 110 370 
0.208 2 1 2 0.60 0.60 2.2 2.8 0.298 0.006 0.6474 0.6085 12.84 110 370 
0.209 2 1 2 0.60 0.60 2.5 2.7 0.288 0.071 0.6273 0.6177 12.84 110 370 
0.210 2 1 2 0.60 0.60 3.5 2.4 0.236 0.147 0.5655 0.6374 12.84 110 360 
0.211 2 1 2 0.60 0.60 3.0 2.5 0.253 0.195 0.5992 0.6273 12.84 110 370 
0.212 2 1 2 0.60 0.60 2.4 2.3 0.262 0.151 0.6374 0.6374 12.84 110 350 
0.213 2 1 2 0.60 0.60 3.1 2.3 0.306 0.265 0.5904 0.6374 12.84 110 370 
0.214 2 1 2 0.60 0.60 2.5 2.6 0.283 0.228 0.6273 0.6177 12.85 110 360 
0.215 2 1 2 0.60 0.60 2.5 2.6 0.201 0.103 0.6273 0.6177 12.84 110 370 
0.216 2 1 2 0.60 0.60 2.7 2.6 0.163 0.193 0.6177 0.6177 12.84 110 360 
0.217 2 1 2 0.60 0.60 2.5 2.6 0.139 0.270 0.6273 0.6177 12.85 110 370 
0.218 2 1 2 0.60 0.60 2.8 2.4 0.144 0.269 0.6085 0.6273 12.85 110 360 
0.219 2 1 2 0.60 0.60 2.6 2.4 0.164 0.203 0.6177 0.6273 12.84 110 370 
0.220 2 1 2 0.60 0.60 2.8 2.7 0.166 0.210 0.6085 0.6085 12.85 110 360 
0.221 2 1 2 0.60 0.60 2.6 2.4 0.124 0.201 0.6177 0.6273 12.85 110 370 
0.222 2 1 2 0.60 0.60 3.2 2.6 0.158 0.142 0.5820 0.6177 12.85 100 370 
0.223 2 1 2 0.60 0.60 2.9 2.3 0.161 0.216 0.5992 0.6374 12.85 110 370 
0.224 2 1 2 0.60 0.60 2.8 2.4 0.180 0.140 0.6085 0.6273 12.85 110 370 
0.225 2 1 2 0.60 0.60 3.0 2.7 0.177 0.173 0.5904 0.6085 12.85 110 370 
0.226 2 1 2 0.60 0.60 2.5 2.5 0.173 0.101 0.6273 0.6177 12.85 110 370 
0.227 2 1 2 0.60 0.60 2.8 2.5 0.134 0.138 0.6085 0.6177 12.85 110 370 
0.228 2 1 2 0.60 0.60 2.8 2.9 0.219 0.126 0.6085 0.5904 12.85 110 370 
0.229 2 1 2 0.60 0.60 3.2 2.2 0.162 0.089 0.5820 0.6374 12.85 110 370 
0.230 2 1 2 0.60 0.60 2.8 2.4 0.159 0.099 0.6085 0.6273 12.85 110 370 
0.231 2 1 2 0.60 0.60 2.8 2.5 0.179 0.147 0.6085 0.6177 12.85 100 370 
0.232 2 1 2 0.60 0.60 2.9 2.5 0.297 0.097 0.5992 0.6177 12.85 110 370 
0.233 2 1 2 0.60 0.60 2.5 2.5 0.307 0.030 0.6273 0.6177 12.86 110 370 
0.234 2 1 2 0.60 0.60 3.1 2.5 0.291 0.026 0.5820 0.6177 12.85 110 370 
0.235 2 1 2 0.60 0.60 2.9 2.6 0.336 0.086 0.5992 0.6085 12.85 110 370 
0.236 2 1 2 0.60 0.60 2.8 2.5 0.313 0.058 0.6085 0.6177 12.84 110 370 
0.237 2 1 2 0.60 0.60 3.0 2.6 0.260 0.169 0.5904 0.6085 12.84 110 370 
0.238 2 1 2 0.60 0.60 2.9 2.6 0.147 0.129 0.5992 0.6085 12.84 110 370 
0.239 2 1 2 0.60 0.60 2.8 2.5 0.171 0.120 0.6085 0.6177 12.85 110 370 
0.240 2 1 2 0.60 0.60 2.5 2.6 0.173 0.143 0.6273 0.6085 12.85 110 360 
0.241 2 1 2 0.60 0.60 2.7 2.3 0.173 0.238 0.6085 0.6273 12.84 110 360 
0.242 2 1 2 0.60 0.60 3.5 2.5 0.128 0.164 0.5575 0.6177 12.85 110 360 
0.243 2 1 2 0.60 0.60 3.0 2.5 0.173 0.107 0.5904 0.6177 12.85 100 360 
0.244 2 1 2 0.60 0.60 2.5 2.3 0.180 0.106 0.6273 0.6273 12.85 110 360 
0.245 2 1 2 0.60 0.60 3.1 2.4 0.146 0.114 0.5820 0.6177 12.85 110 360 
0.246 2 1 2 0.60 0.60 2.5 2.4 0.137 0.132 0.6273 0.6177 12.84 110 360 
0.247 2 1 2 0.60 0.60 2.5 2.4 0.146 0.160 0.6273 0.6177 12.85 110 370 
0.248 2 1 2 0.60 0.60 2.6 2.6 0.125 0.149 0.6177 0.6085 12.85 110 360 
0.249 2 1 2 0.60 0.60 2.4 2.4 0.104 0.236 0.6273 0.6177 12.85 110 370 
0.250 2 1 2 0.60 0.60 2.7 2.3 0.184 0.145 0.6085 0.6273 12.85 110 360 
0.251 2 1 2 0.60 0.60 2.6 2.4 0.133 0.128 0.6177 0.6177 12.85 110 360 
0.252 2 1 2 0.60 0.60 2.6 2.4 0.156 0.002 0.6177 0.6177 12.85 110 360 
0.253 2 1 2 0.60 0.60 2.4 2.2 0.174 -0.037 0.6273 0.6273 12.85 110 370 
0.254 2 1 2 0.60 0.60 3.0 2.2 0.180 -0.009 0.5904 0.6273 12.85 100 350 
0.255 2 1 2 0.60 0.60 2.7 2.2 0.195 -0.001 0.6085 0.6273 12.84 110 360 
0.256 2 1 2 0.60 0.60 2.6 2.5 0.289 -0.047 0.6177 0.6085 12.84 110 370 
0.257 2 1 2 0.60 0.60 2.8 2.6 0.261 -0.086 0.5992 0.5992 12.85 110 360 
0.258 2 1 2 0.60 0.60 2.4 2.5 0.323 -0.030 0.6273 0.6085 12.85 110 370 
0.259 2 1 2 0.60 0.60 2.8 2.5 0.379 0.044 0.5992 0.6085 12.84 110 370 
0.260 2 1 2 0.60 0.60 2.7 2.6 0.335 0.033 0.6085 0.5992 12.84 100 360 
0.261 2 1 2 0.60 0.60 3.1 2.2 0.273 0.057 0.5820 0.6273 12.85 110 370 
0.262 2 1 2 0.60 0.60 2.7 2.6 0.287 0.121 0.6085 0.5992 12.84 110 370 
0.263 2 1 2 0.60 0.60 3.1 2.5 0.291 0.047 0.5820 0.6085 12.84 110 370 
0.264 2 1 2 0.60 0.60 2.8 2.6 0.266 0.076 0.5992 0.5992 12.84 110 360 
0.265 2 1 2 0.60 0.60 2.4 2.5 0.287 0.079 0.6273 0.6085 12.84 100 370 
0.266 2 1 2 0.60 0.60 3.0 2.6 0.248 0.078 0.5904 0.5992 12.84 110 350 
0.267 2 1 2 0.60 0.60 2.7 2.6 0.188 0.058 0.6085 0.5992 12.84 110 370 
0.268 2 1 2 0.60 0.60 2.7 2.5 0.148 0.139 0.6085 0.6085 12.84 110 360 
0.269 2 1 2 0.60 0.60 3.0 2.6 0.104 0.179 0.5904 0.5992 12.85 110 370 
0.270 2 1 2 0.60 0.60 3.0 2.5 0.104 0.134 0.5904 0.6085 12.85 110 360 
0.271 2 1 2 0.60 0.60 2.8 2.5 0.135 0.116 0.5992 0.6085 12.85 110 370 
0.272 2 1 2 0.60 0.60 2.4 2.6 0.161 0.175 0.6273 0.5992 12.85 110 370 
0.273 2 1 2 0.60 0.60 2.7 2.3 0.185 0.228 0.6085 0.6177 12.85 110 370 
0.274 2 1 2 0.60 0.60 3.6 2.5 0.142 0.173 0.5498 0.6085 12.85 110 350 
0.275 2 1 2 0.60 0.60 3.1 2.5 0.220 0.107 0.5820 0.6085 12.85 110 360 
0.276 2 1 2 0.60 0.60 2.4 2.2 0.192 0.081 0.6273 0.6273 12.85 110 360 
0.277 2 1 2 0.60 0.60 3.1 2.3 0.183 0.063 0.5820 0.6177 12.85 110 370 
0.278 2 1 2 0.60 0.60 2.6 2.5 0.137 0.064 0.6177 0.6085 12.84 100 360 
0.279 2 1 2 0.60 0.60 2.6 2.5 0.123 0.101 0.6177 0.6085 12.85 110 370 
0.280 2 1 2 0.60 0.60 2.7 2.6 0.148 0.163 0.6085 0.5992 12.85 110 350 
0.281 2 1 2 0.60 0.60 2.7 2.5 0.105 0.188 0.6085 0.6085 12.85 110 350 
0.282 2 1 2 0.60 0.60 2.7 2.5 0.113 0.097 0.6085 0.6085 12.85 110 360 
0.283 2 1 2 0.60 0.60 2.5 2.6 0.120 0.136 0.6177 0.5992 12.85 110 370 
0.284 2 1 2 0.60 0.60 2.7 2.6 0.116 0.143 0.6085 0.5992 12.85 110 360 
0.285 2 1 2 0.60 0.60 2.5 2.4 0.152 0.162 0.6177 0.6085 12.85 110 370 
0.286 2 1 2 0.60 0.60 2.9 2.3 0.244 0.147 0.5904 0.6177 12.85 110 370 
0.287 2 1 2 0.60 0.60 2.8 2.3 0.309 0.108 0.5992 0.6177 12.84 110 350 
0.288 2 1 2 0.60 0.60 2.5 2.4 0.186 0.153 0.6177 0.6085 12.85 110 360 
0.289 2 1 2 0.60 0.60 2.8 2.6 0.129 0.116 0.5992 0.5992 12.85 110 350 
0.290 2 1 2 0.60 0.60 2.4 2.4 0.131 0.200 0.6273 0.6085 12.84 110 360 
0.291 2 1 2 0.60 0.60 2.8 2.6 0.088 0.143 0.5992 0.5992 12.85 110 370 
0.292 2 1 2 0.60 0.60 2.7 2.7 0.112 0.157 0.6085 0.5904 12.85 100 360 
0.293 2 1 2 0.60 0.60 2.8 2.3 0.066 0.060 0.5992 0.6177 12.84 110 370 
0.294 2 1 2 0.60 0.60 2.7 2.8 0.127 0.096 0.6085 0.5820 12.85 100 360 
0.295 2 1 2 0.60 0.60 3.2 2.7 0.187 0.047 0.5735 0.5904 12.85 110 360 
0.296 2 1 2 0.60 0.60 2.8 2.7 0.169 0.038 0.5992 0.5904 12.85 110 350 
0.297 2 1 2 0.60 0.60 2.4 2.6 0.252 0.074 0.6273 0.5992 12.85 110 370 
0.298 2 1 2 0.60 0.60 2.9 2.6 0.275 -0.024 0.5904 0.5992 12.85 110 370 
0.299 2 1 2 0.60 0.60 2.7 2.6 0.199 0.008 0.6085 0.5992 12.85 110 370 
0.300 2 1 2 0.60 0.60 2.5 2.4 0.247 -0.025 0.6177 0.6085 12.85 110 370 
0.301 2 1 2 0.60 0.60 2.6 2.6 0.196 -0.067 0.6085 0.5992 12.84 110 370 
0.302 2 1 2 0.60 0.60 2.8 2.4 0.245 -0.119 0.5992 0.6085 12.84 110 360 
0.303 2 1 2 0.60 0.60 2.2 2.4 0.267 -0.093 0.6374 0.6085 12.85 110 370 
0.304 2 1 2 0.60 0.60 2.2 2.6 0.262 -0.053 0.6374 0.5992 12.85 110 370 
0.305 2 1 2 0.60 0.60 2.6 2.4 0.238 -0.005 0.6085 0.6085 12.84 110 360 
0.306 2 1 2 0.60 0.60 3.5 2.6 0.218 0.010 0.5498 0.5992 12.84 110 370 
0.307 2 1 2 0.60 0.60 2.3 2.6 0.171 0.188 0.6273 0.5992 12.83 110 370 
0.308 2 1 2 0.60 0.60 2.5 2.3 0.104 0.156 0.6177 0.6177 12.84 100 350 
0.309 2 1 2 0.60 0.60 3.3 2.4 0.076 0.218 0.5655 0.6085 12.84 100 360 
0.310 2 1 2 0.60 0.60 2.8 2.6 0.140 0.201 0.5992 0.5992 12.84 110 360 
0.311 2 1 2 0.60 0.60 2.8 2.6 0.131 0.110 0.5992 0.5992 12.85 110 360 
0.312 2 1 2 0.60 0.60 2.9 2.6 0.123 0.135 0.5904 0.5992 12.85 110 360 
0.313 2 1 2 0.60 0.60 2.8 2.4 0.169 0.188 0.5992 0.6085 12.85 110 360 
0.314 2 1 2 0.60 0.60 2.9 2.4 0.148 0.140 0.5904 0.6085 12.86 110 350 
0.315 2 1 2 0.60 0.60 2.8 2.6 0.146 0.170 0.5992 0.5992 12.85 110 360 
0.316 2 1 2 0.60 0.60 2.8 2.7 0.139 0.135 0.5992 0.5904 12.85 110 370 
0.317 2 1 2 0.60 0.60 2.6 2.4 0.168 0.093 0.6085 0.6085 12.85 110 370 
0.318 2 1 2 0.60 0.60 3.0 2.6 0.127 0.169 0.5820 0.5992 12.85 110 360 
0.319 2 1 2 0.60 0.60 2.9 2.3 0.169 0.186 0.5904 0.6177 12.85 100 360 
0.320 2 1 2 0.60 0.60 2.6 2.4 0.191 0.133 0.6085 0.6085 12.85 110 350 
0.321 2 1 2 0.60 0.60 2.9 2.6 0.141 0.095 0.5904 0.5992 12.85 110 360 
0.322 2 1 2 0.60 0.60 2.5 2.6 0.176 0.099 0.6177 0.5992 12.85 110 370 
0.323 2 1 2 0.60 0.60 2.5 2.6 0.155 0.070 0.6177 0.5992 12.85 110 370 
0.324 2 1 2 0.60 0.60 2.6 2.8 0.160 0.139 0.6085 0.5820 12.85 110 370 
0.325 2 1 2 0.60 0.60 3.0 2.3 0.140 0.153 0.5820 0.6177 12.85 110 360 
0.326 2 1 2 0.60 0.60 2.6 2.4 0.110 0.101 0.6085 0.6085 12.85 110 360 
0.327 2 1 2 0.60 0.60 2.6 2.5 0.174 0.085 0.6085 0.5992 12.85 100 360 
0.328 2 1 2 0.60 0.60 2.8 2.6 0.131 0.109 0.5992 0.5992 12.85 110 370 
0.329 2 1 2 0.60 0.60 2.3 2.6 0.142 0.075 0.6273 0.5992 12.84 110 370 
0.330 2 1 2 0.60 0.60 3.0 2.6 0.138 0.132 0.5820 0.5992 12.85 100 370 
0.331 2 1 2 0.60 0.60 2.8 2.6 0.225 -0.010 0.5992 0.5992 12.84 110 360 
0.332 2 1 2 0.60 0.60 2.6 2.6 0.325 0.032 0.6085 0.5992 12.84 110 360 
0.333 2 1 2 0.60 0.60 2.9 2.7 0.297 0.074 0.5904 0.5904 12.84 110 350 
0.334 2 1 2 0.60 0.60 2.8 2.6 0.234 -0.005 0.5992 0.5992 12.84 110 370 
0.335 2 1 2 0.60 0.60 2.6 2.4 0.235 0.074 0.6085 0.6085 12.84 110 370 
0.336 2 1 2 0.60 0.60 2.2 2.7 0.228 0.121 0.6374 0.5904 12.84 110 370 
0.337 2 1 2 0.60 0.60 2.5 2.4 0.142 0.161 0.6177 0.6085 12.84 100 360 
0.338 2 1 2 0.60 0.60 4.1 2.4 0.120 0.235 0.5081 0.6085 12.84 100 370 
0.339 2 1 2 0.60 0.60 3.0 2.5 0.125 0.211 0.5820 0.5992 12.84 110 370 
0.340 2 1 2 0.60 0.60 2.4 2.3 0.139 0.090 0.6273 0.6177 12.84 100 360 
0.341 2 1 2 0.60 0.60 3.0 2.4 0.121 0.210 0.5820 0.6085 12.84 110 370 
0.342 2 1 2 0.60 0.60 2.5 2.5 0.096 0.198 0.6177 0.5992 12.85 110 370 
0.343 2 1 2 0.60 0.60 2.5 2.5 0.112 0.140 0.6177 0.5992 12.85 110 370 
0.344 2 1 2 0.60 0.60 2.6 2.5 0.161 0.184 0.6085 0.5992 12.85 110 370 
0.345 2 1 2 0.60 0.60 2.5 2.4 0.189 0.163 0.6177 0.6085 12.85 110 370 
0.346 2 1 2 0.60 0.60 2.6 2.4 0.144 0.163 0.6085 0.6085 12.85 110 370 
0.347 2 1 2 0.60 0.60 2.5 2.5 0.111 0.116 0.6177 0.5992 12.85 110 370 
0.348 2 1 2 0.60 0.60 2.6 2.7 0.158 0.133 0.6085 0.5904 12.85 110 370 
0.349 2 1 2 0.60 0.60 2.6 2.4 0.164 0.124 0.6085 0.6085 12.85 110 370 
0.350 2 1 2 0.60 0.60 3.0 2.5 0.143 0.052 0.5820 0.5992 12.85 110 370 
0.351 2 1 2 0.60 0.60 2.9 2.3 0.223 -0.016 0.5904 0.6177 12.84 110 370 
0.352 2 1 2 0.60 0.60 2.6 2.3 0.265 0.036 0.6085 0.6177 12.84 110 370 
0.353 2 1 2 0.60 0.60 2.9 2.5 0.254 0.028 0.5904 0.5992 12.85 110 350 
0.354 2 1 2 0.60 0.60 2.5 2.4 0.222 0.056 0.6177 0.6085 12.85 110 360 
0.355 2 1 2 0.60 0.60 2.5 2.5 0.192 -0.029 0.6177 0.5992 12.84 100 360 
0.356 2 1 2 0.60 0.60 2.7 2.9 0.159 0.124 0.5992 0.5735 12.85 110 370 
0.357 2 1 2 0.60 0.60 3.1 2.3 0.214 0.120 0.5735 0.6177 12.84 110 370 
0.358 2 1 2 0.60 0.60 2.9 2.4 0.242 0.088 0.5904 0.6085 12.84 110 370 
0.359 2 1 2 0.60 0.60 2.8 2.7 0.280 0.085 0.5992 0.5904 12.84 110 370 
0.360 2 1 2 0.60 0.60 3.1 2.5 0.323 0.085 0.5735 0.5992 12.84 110 370 
0.361 2 1 2 0.60 0.60 2.3 2.5 0.346 0.128 0.6273 0.5992 12.83 110 360 
0.362 2 1 2 0.60 0.60 2.5 2.5 0.251 0.130 0.6177 0.5992 12.84 110 360 
0.363 2 1 2 0.60 0.60 2.8 2.7 0.140 0.208 0.5992 0.5904 12.85 100 360 
0.364 2 1 2 0.60 0.60 2.8 2.5 0.131 0.166 0.5992 0.5992 12.84 100 360 
0.365 2 1 2 0.60 0.60 2.9 2.5 0.106 0.187 0.5904 0.5992 12.84 100 370 
0.366 2 1 2 0.60 0.60 2.6 2.7 0.105 0.211 0.6085 0.5904 12.84 110 370 
0.367 2 1 2 0.60 0.60 2.6 2.5 0.136 0.150 0.6085 0.5992 12.84 110 360 
0.368 2 1 2 0.60 0.60 2.2 2.7 0.085 0.230 0.6374 0.5904 12.85 110 360 
0.369 2 1 2 0.60 0.60 2.6 2.7 0.073 0.150 0.6085 0.5904 12.85 100 370 
0.370 2 1 2 0.60 0.60 2.6 2.4 0.067 0.105 0.6085 0.6085 12.85 110 370 
0.371 2 1 2 0.60 0.60 2.9 2.4 0.103 0.209 0.5904 0.6085 12.85 110 370 
0.372 2 1 2 0.60 0.60 2.2 2.3 0.101 0.069 0.6374 0.6177 12.85 110 370 
0.373 2 1 2 0.60 0.60 3.1 2.3 0.091 0.077 0.5735 0.6177 12.85 110 370 
0.374 2 1 2 0.60 0.60 2.7 2.5 0.101 0.164 0.5992 0.5992 12.84 110 360 
0.375 2 1 2 0.60 0.60 2.6 2.5 0.107 0.154 0.6085 0.5992 12.85 110 360 
0.376 2 1 2 0.60 0.60 2.9 2.7 0.131 0.115 0.5904 0.5904 12.85 110 370 
0.377 2 1 2 0.60 0.60 2.6 2.7 0.149 0.127 0.6085 0.5904 12.86 100 370 
0.378 2 1 2 0.60 0.60 2.6 2.4 0.193 0.134 0.6085 0.6085 12.85 110 370 
0.379 2 1 2 0.60 0.60 2.6 2.4 0.143 0.236 0.6085 0.6085 12.85 110 370 
0.380 2 1 2 0.60 0.60 2.9 2.7 0.207 0.071 0.5904 0.5904 12.85 110 360 
0.381 2 1 2 0.60 0.60 2.6 2.5 0.260 0.075 0.6085 0.5992 12.85 110 360 
0.382 2 1 2 0.60 0.60 2.6 2.5 0.296 0.059 0.6085 0.5992 12.85 110 370 
0.383 2 1 2 0.60 0.60 2.9 2.3 0.307 0.044 0.5904 0.6177 12.85 110 370 
0.384 2 1 2 0.60 0.60 2.7 2.4 0.279 0.078 0.5992 0.6085 12.84 110 370 
0.385 2 1 2 0.60 0.60 2.9 2.5 0.233 0.058 0.5904 0.5992 12.84 110 370 
0.386 2 1 2 0.60 0.60 2.7 2.5 0.192 0.023 0.5992 0.5992 12.83 110 360 
0.387 2 1 2 0.60 0.60 2.5 2.5 0.158 0.021 0.6177 0.5992 12.84 110 360 
0.388 2 1 2 0.60 0.60 2.7 2.8 0.128 0.007 0.5992 0.5820 12.84 110 370 
0.389 2 1 2 0.60 0.60 3.1 2.7 0.173 0.125 0.5735 0.5904 12.84 110 360 
0.390 2 1 2 0.60 0.60 2.7 2.5 0.077 0.168 0.5992 0.5992 12.84 110 360 
0.391 2 1 2 0.60 0.60 2.6 2.7 0.116 0.105 0.6085 0.5904 12.85 110 360 
0.392 2 1 2 0.60 0.60 3.1 2.5 0.135 0.074 0.5735 0.5992 12.85 110 370 
0.393 2 1 2 0.60 0.60 2.3 2.5 0.122 0.170 0.6273 0.5992 12.85 110 360 
0.394 2 1 2 0.60 0.60 2.5 2.5 0.128 0.111 0.6177 0.5992 12.85 110 350 
0.395 2 1 2 0.60 0.60 3.0 2.5 0.139 0.142 0.5820 0.5992 12.85 110 370 
0.396 2 1 2 0.60 0.60 2.7 2.5 0.341 -0.002 0.5992 0.5992 12.84 110 370 
0.397 2 1 2 0.60 0.60 2.6 2.4 0.256 -0.036 0.6085 0.6085 12.84 100 360 
0.398 2 1 2 0.60 0.60 2.6 2.5 0.215 0.027 0.6085 0.5992 12.85 100 370 
0.399 2 1 2 0.60 0.60 2.7 2.4 0.200 0.096 0.5992 0.6085 12.85 110 350 
0.400 2 1 2 0.60 0.60 2.1 2.4 0.177 0.123 0.6374 0.6085 12.84 110 370 
0.401 2 1 2 0.60 0.60 2.6 2.5 0.152 0.075 0.6085 0.5992 12.84 110 370 
0.402 2 1 2 0.60 0.60 2.6 2.4 0.097 0.125 0.6085 0.6085 12.85 110 370 
0.403 2 1 2 0.60 0.60 3.3 2.4 0.114 0.222 0.5575 0.6085 12.84 110 370 
0.404 2 1 2 0.60 0.60 2.1 2.5 0.154 0.081 0.6374 0.5992 12.84 110 370 
0.405 2 1 2 0.60 0.60 2.3 2.2 0.188 0.059 0.6273 0.6177 12.84 110 370 
0.406 2 1 2 0.60 0.60 2.7 2.4 0.192 0.075 0.5992 0.6085 12.84 110 360 
0.407 2 1 2 0.60 0.60 2.4 2.5 0.127 0.173 0.6177 0.5992 12.84 110 360 
0.408 2 1 2 0.60 0.60 2.8 2.5 0.107 0.158 0.5904 0.5992 12.85 110 370 
0.409 2 1 2 0.60 0.60 2.7 2.5 0.054 0.192 0.5992 0.5992 12.84 110 370 
0.410 2 1 2 0.60 0.60 2.6 2.4 0.082 0.197 0.6085 0.6085 12.84 100 350 
0.411 2 1 2 0.60 0.60 2.7 2.4 0.099 0.155 0.5992 0.6085 12.85 110 370 
0.412 2 1 2 0.60 0.60 3.0 2.4 0.158 -0.055 0.5820 0.6085 12.84 100 370 
0.413 2 1 2 0.60 0.60 2.8 2.5 0.212 0.148 0.5904 0.5992 12.84 110 360 
0.414 2 1 2 0.60 0.60 2.7 2.4 0.142 0.087 0.5992 0.6085 12.85 100 360 
0.415 2 1 2 0.60 0.60 3.2 2.2 0.129 0.189 0.5655 0.6177 12.85 100 360 
0.416 2 1 2 0.60 0.60 2.9 2.4 0.178 0.147 0.5904 0.6085 12.84 110 370 
0.417 2 1 2 0.60 0.60 2.7 2.5 0.158 0.058 0.5992 0.5992 12.85 110 360 
0.418 2 1 2 0.60 0.60 3.0 2.6 0.167 0.035 0.5820 0.5904 12.85 110 360 
0.419 2 1 2 0.60 0.60 2.4 2.4 0.182 0.086 0.6177 0.6085 12.85 110 360 
0.420 2 1 2 0.60 0.60 2.9 2.5 0.191 0.147 0.5904 0.5992 12.85 110 370 
0.421 2 1 2 0.60 0.60 2.7 2.6 0.172 0.081 0.5992 0.5904 12.85 100 350 
0.422 2 1 2 0.60 0.60 3.1 2.2 0.161 0.137 0.5735 0.6177 12.85 100 360 
0.423 2 1 2 0.60 0.60 2.6 2.6 0.142 0.101 0.6085 0.5904 12.85 110 360 
0.424 2 1 2 0.60 0.60 2.6 2.5 0.133 0.094 0.6085 0.5992 12.84 110 360 
0.425 2 1 2 0.60 0.60 2.7 2.5 0.150 0.188 0.5992 0.5992 12.85 110 360 
0.426 2 1 2 0.60 0.60 2.3 2.5 0.107 0.142 0.6273 0.5992 12.85 110 360 
0.427 2 1 2 0.60 0.60 2.9 2.6 0.119 0.194 0.5904 0.5904 12.84 110 360 
0.428 2 1 2 0.60 0.60 2.7 2.6 0.238 0.228 0.5992 0.5904 12.85 110 360 
0.429 2 1 2 0.60 0.60 2.6 2.5 0.278 0.144 0.6085 0.5992 12.85 110 360 
0.430 2 1 2 0.60 0.60 2.9 2.6 0.268 0.063 0.5904 0.5904 12.85 110 360 
0.431 2 1 2 0.60 0.60 2.7 2.6 0.264 0.124 0.5992 0.5904 12.85 100 340 
0.432 2 1 2 0.60 0.60 2.6 2.5 0.264 0.017 0.6085 0.5992 12.84 110 360 
0.433 2 1 2 0.60 0.60 2.3 2.6 0.273 0.067 0.6273 0.5904 12.84 110 370 
0.434 2 1 2 0.60 0.60 2.6 2.5 0.273 0.099 0.6085 0.5992 12.84 110 370 
0.435 2 1 2 0.60 0.60 3.3 2.5 0.174 0.147 0.5575 0.5992 12.85 110 370 
0.436 2 1 2 0.60 0.60 2.9 2.7 0.132 0.140 0.5904 0.5904 12.85 100 360 
0.437 2 1 2 0.60 0.60 2.4 2.4 0.153 0.141 0.6177 0.6085 12.85 110 370 
0.438 2 1 2 0.60 0.60 3.2 2.5 0.140 0.105 0.5655 0.5992 12.85 110 370 
0.439 2 1 2 0.60 0.60 2.7 2.5 0.129 0.115 0.5992 0.5992 12.85 100 360 
0.440 2 1 2 0.60 0.60 2.7 2.5 0.158 0.077 0.5992 0.5992 12.85 110 370 
0.441 2 1 2 0.60 0.60 2.9 2.7 0.185 0.095 0.5904 0.5904 12.85 110 370 
0.442 2 1 2 0.60 0.60 2.7 2.4 0.172 0.154 0.5992 0.6085 12.84 110 370 
0.443 2 1 2 0.60 0.60 2.9 2.4 0.227 0.227 0.5904 0.6085 12.85 110 370 
0.444 2 1 2 0.60 0.60 2.6 2.5 0.221 0.075 0.6085 0.5992 12.85 110 370 
0.445 2 1 2 0.60 0.60 2.7 2.6 0.247 0.081 0.5992 0.5904 12.85 110 370 
0.446 2 1 2 0.60 0.60 2.6 2.5 0.263 0.067 0.6085 0.5992 12.85 110 370 
0.447 2 1 2 0.60 0.60 3.0 2.5 0.257 0.067 0.5820 0.5992 12.85 110 360 
0.448 2 1 2 0.60 0.60 2.7 2.4 0.275 0.037 0.5992 0.6085 12.85 110 370 
0.449 2 1 2 0.60 0.60 2.6 2.5 0.333 -0.050 0.6085 0.5992 12.85 110 360 
0.450 2 1 2 0.60 0.60 2.9 2.7 0.346 -0.058 0.5904 0.5904 12.85 110 360 
0.451 2 1 2 0.60 0.60 2.3 2.5 0.360 -0.062 0.6273 0.5992 12.84 110 370 
0.452 2 1 2 0.60 0.60 2.3 2.7 0.338 -0.094 0.6273 0.5904 12.85 110 370 
0.453 2 1 2 0.60 0.60 2.6 2.9 0.291 -0.020 0.6085 0.5735 12.84 110 370 
0.454 2 1 2 0.60 0.60 3.0 2.3 0.297 0.002 0.5820 0.6177 12.84 110 360 
0.455 2 1 2 0.60 0.60 2.6 2.4 0.277 0.077 0.6085 0.6085 12.84 110 350 
0.456 2 1 2 0.60 0.60 2.6 2.7 0.188 0.222 0.6085 0.5904 12.83 110 360 
0.457 2 1 2 0.60 0.60 2.7 2.5 0.113 0.184 0.5992 0.5992 12.84 110 360 
0.458 2 1 2 0.60 0.60 2.3 2.5 0.085 0.207 0.6273 0.5992 12.84 110 360 
0.459 2 1 2 0.60 0.60 3.0 2.4 0.109 0.189 0.5820 0.6085 12.84 110 360 
0.460 2 1 2 0.60 0.60 2.7 2.5 0.127 0.140 0.5992 0.5992 12.84 110 350 
0.461 2 1 2 0.60 0.60 2.7 2.4 0.118 0.111 0.5992 0.6085 12.85 110 360 
0.462 2 1 2 0.60 0.60 2.9 2.4 0.128 0.104 0.5904 0.6085 12.84 110 360 
0.463 2 1 2 0.60 0.60 2.7 2.5 0.112 0.215 0.5992 0.5992 12.85 110 360 
0.464 2 1 2 0.60 0.60 2.6 2.4 0.171 0.156 0.6085 0.6085 12.85 110 370 
0.465 2 1 2 0.60 0.60 2.3 2.7 0.127 0.106 0.6273 0.5904 12.85 110 360 
0.466 2 1 2 0.60 0.60 2.7 2.7 0.108 0.142 0.5992 0.5904 12.85 110 360 
0.467 2 1 2 0.60 0.60 2.8 2.4 0.108 0.111 0.5904 0.6085 12.85 100 360 
0.468 2 1 2 0.60 0.60 3.0 2.5 0.208 0.204 0.5820 0.5992 12.84 110 360 
0.469 2 1 2 0.60 0.60 2.3 2.2 0.140 0.170 0.6273 0.6177 12.84 110 370 
0.470 2 1 2 0.60 0.60 3.1 2.4 0.147 0.105 0.5735 0.6085 12.85 110 370 
0.471 2 1 2 0.60 0.60 2.9 2.4 0.120 0.118 0.5904 0.6085 12.85 110 370 
0.472 8 1 3 0.60 0.60 2.6 2.5 0.208 0.110 0.6085 0.5992 12.86 110 370 
