%% logfile from robot Karla (10)
% Karla (10)
%  1    time 0.000 sec
%  2  3  4   (mission 0), state 2, thread 1, line 0
%  5  6 Motor velocity ref left, right: 0.00 0.00
%  7  8 Motor voltage [V] left, right: 0.0 0.0
%  9 10 Motor current left, right [A]: 0.022 0.005
% 11 12 Wheel velocity [m/s] left, right: 0.0000 0.0000
% 13    Battery voltage [V]: 12.90
% 14 15 Get data time [us]: 100 +ctrl 510
0.001 2 1 0 0.00 0.00 0.0 0.0 -0.015 0.006 0.0000 0.0000 12.89 110 300 
0.002 2 1 0 0.00 0.00 0.0 0.0 -0.005 0.016 0.0000 0.0000 12.90 110 310 
0.003 2 1 0 0.00 0.00 0.0 0.0 -0.005 0.007 0.0000 0.0000 12.90 110 310 
0.004 2 1 0 0.00 0.00 0.0 0.0 -0.003 0.008 0.0000 0.0000 12.90 110 310 
0.005 2 1 0 0.00 0.00 0.0 0.0 -0.009 0.010 0.0000 0.0000 12.90 110 310 
0.006 2 1 0 0.00 0.00 0.0 0.0 -0.005 0.012 0.0000 0.0000 12.90 110 310 
0.007 2 1 0 0.00 0.00 0.0 0.0 0.000 0.012 0.0000 0.0000 12.89 100 310 
0.008 2 1 0 0.00 0.00 0.0 0.0 -0.002 0.003 0.0000 0.0000 12.90 100 310 
0.009 2 1 0 0.00 0.00 0.0 0.0 0.000 0.006 0.0000 0.0000 12.90 100 310 
0.010 2 1 0 0.00 0.00 0.0 0.0 -0.001 0.008 0.0000 0.0000 12.90 100 310 
0.011 2 1 0 0.00 0.00 0.0 0.0 -0.009 -0.004 0.0000 0.0000 12.90 100 310 
0.012 2 1 0 0.00 0.00 0.0 0.0 -0.001 -0.003 0.0000 0.0000 12.90 110 310 
0.013 2 1 0 0.00 0.00 0.0 0.0 -0.001 0.005 0.0000 0.0000 12.89 110 310 
0.014 2 1 0 0.00 0.00 0.0 0.0 -0.005 -0.003 0.0000 0.0000 12.89 110 310 
0.015 2 1 0 0.00 0.00 0.0 0.0 0.004 0.003 0.0000 0.0000 12.89 100 310 
0.016 2 1 0 0.00 0.00 0.0 0.0 -0.007 0.001 0.0000 0.0000 12.89 100 310 
0.017 2 1 0 0.00 0.00 0.0 0.0 -0.007 0.000 0.0000 0.0000 12.88 110 310 
0.018 2 1 0 0.00 0.00 0.0 0.0 0.004 0.001 0.0000 0.0000 12.89 110 310 
0.019 2 1 0 0.00 0.00 0.0 0.0 -0.005 0.001 0.0000 0.0000 12.89 110 300 
0.020 2 1 1 -0.40 -0.40 -7.0 -7.0 0.002 -0.002 0.0000 0.0000 12.89 110 320 
0.021 2 1 1 -0.40 -0.40 -7.0 -7.0 -0.014 0.008 0.0000 0.0000 12.83 110 310 
0.022 2 1 1 -0.40 -0.40 -7.0 -7.0 -0.061 -0.016 0.0000 0.0000 12.74 110 320 
0.023 2 1 1 -0.40 -0.40 -7.0 -7.0 -0.121 -0.091 0.0000 0.0000 12.69 110 350 
0.024 2 1 1 -0.40 -0.40 -7.0 -7.0 -0.196 -0.171 0.0000 0.0000 12.65 100 350 
0.025 2 1 1 -0.40 -0.40 -7.0 -7.0 -0.266 -0.261 0.0000 0.0000 12.64 110 320 
0.026 2 1 1 -0.40 -0.40 -5.0 -6.0 -0.339 -0.344 -0.1956 -0.1277 12.65 110 330 
0.027 2 1 1 -0.40 -0.40 -5.1 -6.1 -0.388 -0.410 -0.1956 -0.1277 12.72 110 330 
0.028 2 1 1 -0.40 -0.40 -3.8 -4.9 -0.402 -0.452 -0.2848 -0.2113 12.76 110 330 
0.029 2 1 1 -0.40 -0.40 -3.9 -5.0 -0.419 -0.497 -0.2787 -0.2113 12.80 110 360 
0.030 2 1 1 -0.40 -0.40 -3.0 -4.2 -0.419 -0.528 -0.3402 -0.2659 12.81 100 360 
0.031 2 1 1 -0.40 -0.40 -2.6 -3.5 -0.440 -0.561 -0.3715 -0.3185 12.83 100 360 
0.032 2 1 1 -0.40 -0.40 -2.6 -3.2 -0.423 -0.572 -0.3715 -0.3374 12.85 110 360 
0.033 2 1 1 -0.40 -0.40 -2.8 -2.8 -0.442 -0.593 -0.3582 -0.3651 12.86 110 330 
0.034 2 1 1 -0.40 -0.40 -3.2 -2.4 -0.427 -0.589 -0.3317 -0.3896 12.86 110 330 
0.035 2 1 1 -0.40 -0.40 -2.6 -2.3 -0.423 -0.593 -0.3715 -0.4016 12.86 110 330 
0.036 2 1 1 -0.40 -0.40 -2.5 -2.2 -0.421 -0.583 -0.3787 -0.4056 12.87 110 330 
0.037 2 1 1 -0.40 -0.40 -2.3 -2.4 -0.405 -0.582 -0.3936 -0.3936 12.87 110 330 
0.038 2 1 1 -0.40 -0.40 -2.9 -2.2 -0.395 -0.537 -0.3522 -0.4056 12.88 110 330 
0.039 2 1 1 -0.40 -0.40 -2.4 -2.1 -0.389 -0.524 -0.3896 -0.4137 12.88 100 330 
0.040 2 1 1 -0.40 -0.40 -2.7 -2.1 -0.400 -0.518 -0.3683 -0.4137 12.87 110 330 
0.041 2 1 1 -0.40 -0.40 -2.3 -2.1 -0.375 -0.497 -0.3976 -0.4137 12.88 110 330 
0.042 2 1 1 -0.40 -0.40 -2.1 -1.9 -0.359 -0.462 -0.4097 -0.4225 12.88 110 330 
0.043 2 1 1 -0.40 -0.40 -2.2 -1.9 -0.351 -0.442 -0.4016 -0.4269 12.87 110 330 
0.044 2 1 1 -0.40 -0.40 -2.5 -1.9 -0.333 -0.436 -0.3823 -0.4269 12.87 110 340 
0.045 2 1 1 -0.40 -0.40 -2.3 -1.8 -0.317 -0.412 -0.3936 -0.4269 12.87 110 340 
0.046 2 1 1 -0.40 -0.40 -2.3 -1.8 -0.309 -0.398 -0.3976 -0.4317 12.88 110 340 
0.047 2 1 1 -0.40 -0.40 -2.2 -1.8 -0.294 -0.405 -0.4016 -0.4317 12.87 110 360 
0.048 2 1 1 -0.40 -0.40 -2.8 -1.7 -0.299 -0.400 -0.3615 -0.4317 12.87 110 370 
0.049 2 1 1 -0.40 -0.40 -2.2 -1.7 -0.264 -0.382 -0.4016 -0.4362 12.87 110 350 
0.050 2 1 1 -0.40 -0.40 -2.2 -1.9 -0.262 -0.367 -0.4016 -0.4225 12.87 110 360 
0.051 2 1 1 -0.40 -0.40 -2.2 -1.7 -0.263 -0.337 -0.4016 -0.4317 12.87 110 360 
0.052 2 1 1 -0.40 -0.40 -2.6 -1.4 -0.262 -0.337 -0.3787 -0.4510 12.87 110 360 
0.053 2 1 1 -0.40 -0.40 -2.3 -1.5 -0.230 -0.305 -0.3936 -0.4462 12.87 100 360 
0.054 2 1 1 -0.40 -0.40 -2.5 -2.1 -0.224 -0.304 -0.3860 -0.4016 12.87 110 360 
0.055 2 1 1 -0.40 -0.40 -2.2 -1.9 -0.237 -0.310 -0.4016 -0.4181 12.86 110 360 
0.056 2 1 1 -0.40 -0.40 -2.2 -1.7 -0.235 -0.300 -0.4016 -0.4269 12.88 110 360 
0.057 2 1 1 -0.40 -0.40 -2.2 -1.6 -0.225 -0.293 -0.4056 -0.4362 12.88 110 370 
0.058 2 1 1 -0.40 -0.40 -2.7 -1.7 -0.220 -0.281 -0.3715 -0.4317 12.88 110 370 
0.059 2 1 1 -0.40 -0.40 -2.4 -1.6 -0.206 -0.274 -0.3896 -0.4362 12.88 110 350 
0.060 2 1 1 -0.40 -0.40 -2.2 -1.4 -0.207 -0.270 -0.4056 -0.4462 12.88 110 360 
0.061 2 1 1 -0.40 -0.40 -2.1 -1.3 -0.214 -0.272 -0.4097 -0.4510 12.88 100 350 
0.062 2 1 1 -0.40 -0.40 -2.8 -1.4 -0.209 -0.241 -0.3615 -0.4462 12.88 110 370 
0.063 2 1 1 -0.40 -0.40 -2.5 -1.4 -0.199 -0.231 -0.3823 -0.4462 12.88 110 360 
0.064 2 1 1 -0.40 -0.40 -2.0 -1.4 -0.183 -0.224 -0.4181 -0.4462 12.88 110 360 
0.065 2 1 1 -0.40 -0.40 -2.0 -1.6 -0.203 -0.200 -0.4181 -0.4317 12.89 110 360 
0.066 2 1 1 -0.40 -0.40 -3.1 -1.6 -0.198 -0.212 -0.3430 -0.4317 12.88 110 360 
0.067 2 1 1 -0.40 -0.40 -2.7 -1.5 -0.197 -0.202 -0.3751 -0.4362 12.88 110 350 
0.068 2 1 1 -0.40 -0.40 -2.4 -1.4 -0.187 -0.194 -0.3936 -0.4410 12.88 110 370 
0.069 2 1 1 -0.40 -0.40 -2.1 -1.4 -0.193 -0.176 -0.4097 -0.4410 12.88 110 370 
0.070 2 1 1 -0.40 -0.40 -1.8 -1.5 -0.189 -0.162 -0.4317 -0.4317 12.88 110 360 
0.071 2 1 1 -0.40 -0.40 -1.9 -1.6 -0.174 -0.151 -0.4269 -0.4269 12.88 110 360 
0.072 2 1 1 -0.40 -0.40 -2.3 -1.6 -0.185 -0.156 -0.3976 -0.4269 12.88 110 350 
0.073 2 1 1 -0.40 -0.40 -2.2 -1.6 -0.188 -0.157 -0.4056 -0.4269 12.88 110 370 
0.074 2 1 1 -0.40 -0.40 -2.5 -1.6 -0.176 -0.148 -0.3860 -0.4269 12.88 110 360 
0.075 2 1 1 -0.40 -0.40 -2.3 -1.5 -0.159 -0.129 -0.3976 -0.4317 12.89 100 360 
0.076 2 1 1 -0.40 -0.40 -2.3 -1.3 -0.169 -0.129 -0.3976 -0.4410 12.89 100 360 
0.077 2 1 1 -0.40 -0.40 -2.2 -1.4 -0.168 -0.124 -0.4056 -0.4317 12.89 110 360 
0.078 2 1 1 -0.40 -0.40 -2.8 -1.5 -0.156 -0.140 -0.3683 -0.4269 12.88 110 360 
0.079 2 1 1 -0.40 -0.40 -2.5 -1.5 -0.161 -0.099 -0.3860 -0.4269 12.89 110 350 
0.080 2 1 1 -0.40 -0.40 -2.1 -1.4 -0.164 -0.115 -0.4097 -0.4317 12.89 110 350 
0.081 2 1 1 -0.40 -0.40 -2.1 -1.5 -0.167 -0.122 -0.4097 -0.4269 12.88 110 360 
0.082 2 1 1 -0.40 -0.40 -2.8 -1.9 -0.165 -0.119 -0.3651 -0.4016 12.88 110 350 
0.083 2 1 1 -0.40 -0.40 -2.5 -1.7 -0.166 -0.117 -0.3860 -0.4137 12.88 110 360 
0.084 2 1 1 -0.40 -0.40 -2.3 -1.6 -0.161 -0.114 -0.3976 -0.4181 12.88 110 360 
0.085 2 1 1 -0.40 -0.40 -2.1 -1.6 -0.162 -0.112 -0.4097 -0.4181 12.89 110 350 
0.086 2 1 1 -0.40 -0.40 -2.7 -1.7 -0.158 -0.112 -0.3715 -0.4137 12.89 110 370 
0.087 2 1 1 -0.40 -0.40 -2.4 -1.6 -0.164 -0.112 -0.3936 -0.4181 12.89 110 370 
0.088 2 1 1 -0.40 -0.40 -2.6 -1.5 -0.161 -0.118 -0.3823 -0.4225 12.88 110 360 
0.089 2 1 1 -0.40 -0.40 -2.3 -1.5 -0.158 -0.117 -0.4016 -0.4225 12.88 110 370 
0.090 2 1 1 -0.40 -0.40 -2.0 -1.6 -0.161 -0.112 -0.4225 -0.4137 12.88 110 360 
0.091 2 1 1 -0.40 -0.40 -2.0 -1.5 -0.166 -0.107 -0.4225 -0.4225 12.88 110 360 
0.092 2 1 1 -0.40 -0.40 -2.5 -1.6 -0.156 -0.106 -0.3896 -0.4181 12.88 110 360 
0.093 2 1 1 -0.40 -0.40 -2.2 -1.6 -0.157 -0.095 -0.4056 -0.4137 12.88 110 360 
0.094 2 1 1 -0.40 -0.40 -2.1 -1.6 -0.149 -0.103 -0.4097 -0.4181 12.87 110 360 
0.095 2 1 1 -0.40 -0.40 -2.1 -2.0 -0.150 -0.093 -0.4097 -0.3896 12.88 110 360 
0.096 2 1 1 -0.40 -0.40 -2.7 -1.8 -0.157 -0.086 -0.3715 -0.4016 12.87 110 360 
0.097 2 1 1 -0.40 -0.40 -2.4 -1.4 -0.149 -0.109 -0.3936 -0.4269 12.88 110 360 
0.098 2 1 1 -0.40 -0.40 -2.3 -1.4 -0.149 -0.107 -0.4016 -0.4269 12.88 110 360 
0.099 2 1 1 -0.40 -0.40 -2.2 -2.0 -0.149 -0.107 -0.4056 -0.3860 12.88 110 360 
0.100 2 1 1 -0.40 -0.40 -2.5 -1.8 -0.141 -0.106 -0.3860 -0.3976 12.88 110 360 
0.101 2 1 1 -0.40 -0.40 -2.3 -1.7 -0.157 -0.099 -0.4016 -0.4097 12.88 110 360 
0.102 2 1 1 -0.40 -0.40 -2.4 -1.5 -0.145 -0.102 -0.3936 -0.4181 12.88 110 360 
0.103 2 1 1 -0.40 -0.40 -2.2 -1.6 -0.142 -0.098 -0.4056 -0.4137 12.88 100 360 
0.104 2 1 1 -0.40 -0.40 -2.2 -1.5 -0.134 -0.106 -0.4097 -0.4181 12.89 110 360 
0.105 2 1 1 -0.40 -0.40 -2.1 -1.5 -0.139 -0.101 -0.4137 -0.4181 12.89 110 360 
0.106 2 1 1 -0.40 -0.40 -2.6 -1.4 -0.139 -0.099 -0.3787 -0.4225 12.89 100 360 
0.107 2 1 1 -0.40 -0.40 -2.3 -1.4 -0.139 -0.122 -0.3976 -0.4269 12.89 110 360 
0.108 2 1 1 -0.40 -0.40 -2.2 -1.5 -0.146 -0.094 -0.4097 -0.4181 12.88 110 360 
0.109 2 1 1 -0.40 -0.40 -2.1 -1.5 -0.125 -0.073 -0.4137 -0.4181 12.88 110 360 
0.110 2 1 1 -0.40 -0.40 -2.8 -1.5 -0.138 -0.087 -0.3651 -0.4181 12.88 110 360 
0.111 2 1 1 -0.40 -0.40 -2.5 -1.9 -0.126 -0.087 -0.3896 -0.3896 12.88 110 360 
0.112 2 1 1 -0.40 -0.40 -1.9 -1.8 -0.134 -0.082 -0.4269 -0.3976 12.88 110 360 
0.113 2 1 1 -0.40 -0.40 -2.0 -1.7 -0.144 -0.087 -0.4225 -0.4056 12.88 110 360 
0.114 2 1 1 -0.40 -0.40 -3.1 -1.6 -0.142 -0.095 -0.3462 -0.4137 12.88 110 360 
0.115 2 1 1 -0.40 -0.40 -2.7 -1.5 -0.148 -0.089 -0.3751 -0.4137 12.88 110 360 
0.116 2 1 1 -0.40 -0.40 -2.5 -1.6 -0.150 -0.095 -0.3896 -0.4097 12.89 110 350 
0.117 2 1 1 -0.40 -0.40 -2.2 -1.8 -0.150 -0.093 -0.4056 -0.3976 12.88 110 360 
0.118 2 1 1 -0.40 -0.40 -1.9 -1.7 -0.159 -0.091 -0.4269 -0.4056 12.88 110 360 
0.119 2 1 1 -0.40 -0.40 -2.0 -1.7 -0.141 -0.081 -0.4225 -0.4056 12.89 110 360 
0.120 2 1 1 -0.40 -0.40 -2.5 -1.7 -0.146 -0.082 -0.3896 -0.4056 12.88 110 360 
0.121 2 1 1 -0.40 -0.40 -2.3 -1.7 -0.140 -0.098 -0.4016 -0.4056 12.87 110 360 
0.122 2 1 1 -0.40 -0.40 -2.5 -1.5 -0.140 -0.085 -0.3860 -0.4137 12.88 110 360 
0.123 2 1 1 -0.40 -0.40 -2.3 -1.4 -0.149 -0.082 -0.3976 -0.4225 12.88 110 350 
0.124 2 1 1 -0.40 -0.40 -2.3 -1.5 -0.144 -0.087 -0.3976 -0.4137 12.88 110 360 
0.125 2 1 1 -0.40 -0.40 -2.2 -1.5 -0.144 -0.080 -0.4097 -0.4137 12.88 110 370 
0.126 2 1 1 -0.40 -0.40 -2.8 -1.5 -0.123 -0.086 -0.3683 -0.4137 12.88 110 370 
0.127 2 1 1 -0.40 -0.40 -2.5 -1.4 -0.135 -0.081 -0.3896 -0.4181 12.88 110 370 
0.128 2 1 1 -0.40 -0.40 -2.1 -1.4 -0.143 -0.094 -0.4137 -0.4181 12.87 110 360 
0.129 2 1 1 -0.40 -0.40 -2.0 -1.8 -0.140 -0.091 -0.4181 -0.3936 12.88 110 370 
0.130 2 1 1 -0.40 -0.40 -2.7 -1.6 -0.138 -0.087 -0.3751 -0.4097 12.88 110 370 
0.131 2 1 1 -0.40 -0.40 -2.4 -1.6 -0.150 -0.080 -0.3936 -0.4097 12.88 110 370 
0.132 2 1 1 -0.40 -0.40 -2.2 -1.7 -0.146 -0.083 -0.4056 -0.3976 12.87 110 370 
0.133 2 1 1 -0.40 -0.40 -2.1 -1.6 -0.142 -0.082 -0.4137 -0.4097 12.88 110 360 
0.134 2 1 1 -0.40 -0.40 -2.6 -1.5 -0.138 -0.081 -0.3787 -0.4137 12.89 110 360 
0.135 2 1 1 -0.40 -0.40 -2.4 -1.5 -0.130 -0.094 -0.3976 -0.4137 12.89 110 360 
0.136 2 1 1 -0.40 -0.40 -2.5 -1.5 -0.144 -0.093 -0.3860 -0.4097 12.89 110 360 
0.137 2 1 1 -0.40 -0.40 -2.2 -1.4 -0.144 -0.087 -0.4056 -0.4181 12.89 110 370 
0.138 2 1 1 -0.40 -0.40 -2.0 -1.5 -0.142 -0.088 -0.4225 -0.4137 12.89 110 360 
0.139 2 1 1 -0.40 -0.40 -2.0 -1.5 -0.126 -0.087 -0.4225 -0.4097 12.89 110 360 
0.140 2 1 1 -0.40 -0.40 -2.3 -1.5 -0.144 -0.075 -0.3976 -0.4097 12.89 110 370 
0.141 2 1 1 -0.40 -0.40 -2.1 -1.5 -0.129 -0.081 -0.4137 -0.4137 12.89 100 360 
0.142 2 1 1 -0.40 -0.40 -2.1 -1.9 -0.128 -0.088 -0.4137 -0.3823 12.89 110 360 
0.143 2 1 1 -0.40 -0.40 -2.0 -1.7 -0.127 -0.086 -0.4181 -0.3976 12.88 110 370 
0.144 2 1 1 -0.40 -0.40 -2.7 -1.4 -0.135 -0.080 -0.3751 -0.4181 12.89 110 360 
0.145 2 1 1 -0.40 -0.40 -2.4 -1.4 -0.131 -0.087 -0.3936 -0.4181 12.88 110 360 
0.146 2 1 1 -0.40 -0.40 -2.2 -2.0 -0.130 -0.094 -0.4056 -0.3751 12.88 110 360 
0.147 2 1 1 -0.40 -0.40 -2.2 -1.8 -0.135 -0.091 -0.4097 -0.3896 12.88 110 370 
0.148 2 1 1 -0.40 -0.40 -2.5 -1.7 -0.124 -0.091 -0.3896 -0.4016 12.88 110 360 
0.149 2 1 1 -0.40 -0.40 -2.2 -1.5 -0.123 -0.097 -0.4056 -0.4097 12.87 110 360 
0.150 2 1 1 -0.40 -0.40 -2.3 -1.7 -0.140 -0.085 -0.3976 -0.4016 12.88 110 360 
0.151 2 1 1 -0.40 -0.40 -2.2 -1.5 -0.134 -0.087 -0.4056 -0.4097 12.88 100 360 
0.152 2 1 1 -0.40 -0.40 -2.1 -1.5 -0.126 -0.091 -0.4137 -0.4137 12.89 110 370 
0.153 2 1 1 -0.40 -0.40 -2.3 -1.4 -0.130 -0.087 -0.3976 -0.4181 12.88 110 370 
0.154 2 1 1 -0.40 -0.40 -2.6 -1.3 -0.134 -0.084 -0.3787 -0.4225 12.88 110 360 
0.155 2 1 1 -0.40 -0.40 -2.2 -1.4 -0.132 -0.067 -0.4097 -0.4181 12.89 110 370 
0.156 2 1 1 -0.40 -0.40 -2.1 -1.3 -0.129 -0.076 -0.4137 -0.4225 12.89 110 360 
0.157 2 1 1 -0.40 -0.40 -2.6 -1.4 -0.134 -0.057 -0.3787 -0.4181 12.88 110 350 
0.158 2 1 1 -0.40 -0.40 -2.9 -1.8 -0.138 -0.068 -0.3615 -0.3896 12.88 110 360 
0.159 2 1 1 -0.40 -0.40 -2.0 -1.7 -0.136 -0.074 -0.4225 -0.3976 12.88 110 360 
0.160 2 1 1 -0.40 -0.40 -2.0 -1.6 -0.138 -0.068 -0.4225 -0.4016 12.88 110 350 
0.161 2 1 1 -0.40 -0.40 -3.1 -1.6 -0.117 -0.070 -0.3462 -0.4056 12.88 110 360 
0.162 2 1 1 -0.40 -0.40 -2.6 -1.5 -0.138 -0.075 -0.3787 -0.4097 12.88 110 350 
0.163 2 1 1 -0.40 -0.40 -2.4 -1.7 -0.139 -0.087 -0.3976 -0.3936 12.88 110 360 
0.164 2 1 1 -0.40 -0.40 -2.1 -1.8 -0.150 -0.080 -0.4137 -0.3896 12.87 110 360 
0.165 2 1 1 -0.40 -0.40 -1.8 -1.7 -0.143 -0.080 -0.4362 -0.3976 12.88 110 360 
0.166 2 1 1 -0.40 -0.40 -1.8 -1.7 -0.127 -0.078 -0.4317 -0.3936 12.88 110 360 
0.167 2 1 1 -0.40 -0.40 -2.3 -1.7 -0.142 -0.089 -0.3976 -0.3976 12.88 110 360 
0.168 2 1 1 -0.40 -0.40 -2.2 -1.7 -0.123 -0.076 -0.4097 -0.3936 12.88 110 360 
0.169 2 1 1 -0.40 -0.40 -2.5 -1.6 -0.138 -0.083 -0.3860 -0.4016 12.88 110 360 
0.170 2 1 1 -0.40 -0.40 -2.3 -1.5 -0.110 -0.080 -0.3976 -0.4097 12.88 110 350 
0.171 2 1 2 0.60 0.60 7.0 7.0 -0.126 -0.079 -0.3976 -0.3976 12.88 110 360 
0.172 2 1 2 0.60 0.60 7.0 7.0 -0.123 -0.071 -0.4056 -0.3936 12.82 110 360 
0.173 2 1 2 0.60 0.60 7.0 7.0 -0.078 -0.022 -0.3550 -0.3936 12.73 100 350 
0.174 2 1 2 0.60 0.60 7.0 7.0 -0.006 0.046 -0.3430 -0.3522 12.67 110 360 
0.175 2 1 2 0.60 0.60 7.0 7.0 0.088 0.125 -0.3346 -0.2908 12.63 100 360 
0.176 2 1 2 0.60 0.60 7.0 7.0 0.186 0.220 -0.2607 -0.2787 12.61 100 350 
0.177 2 1 2 0.60 0.60 7.0 7.0 0.280 0.304 -0.2607 -0.2068 12.62 100 350 
0.178 2 1 2 0.60 0.60 7.0 7.0 0.354 0.381 -0.1651 -0.1807 12.61 110 360 
0.179 2 1 2 0.60 0.60 7.0 7.0 0.437 0.440 -0.1169 -0.1807 12.60 110 350 
0.180 2 1 2 0.60 0.60 7.0 7.0 0.510 0.513 -0.0904 -0.1474 12.59 110 350 
0.181 2 1 2 0.60 0.60 7.0 7.0 0.570 0.579 -0.0739 -0.1076 12.58 110 350 
0.182 2 1 2 0.60 0.60 7.0 7.0 0.631 0.632 0.0667 -0.0847 12.59 100 350 
0.183 2 1 2 0.60 0.60 7.0 7.0 0.683 0.694 0.0667 -0.0699 12.59 100 350 
0.184 2 1 2 0.60 0.60 7.0 7.0 0.733 0.762 0.2510 -0.0594 12.59 110 360 
0.185 2 1 2 0.60 0.60 7.0 7.0 0.778 0.803 0.3088 0.0582 12.59 110 350 
0.186 2 1 2 0.60 0.60 7.0 7.0 0.824 0.840 0.3161 0.0582 12.63 110 350 
0.187 2 1 2 0.60 0.60 7.0 7.0 0.853 0.867 0.3936 0.1823 12.65 110 350 
0.188 2 1 2 0.60 0.60 7.0 7.0 0.870 0.894 0.4056 0.2538 12.66 110 360 
0.189 2 1 2 0.60 0.60 6.7 7.0 0.888 0.918 0.4362 0.2538 12.65 110 370 
0.190 2 1 2 0.60 0.60 6.5 7.0 0.904 0.947 0.4562 0.3265 12.65 110 360 
0.191 2 1 2 0.60 0.60 5.6 7.0 0.916 0.974 0.5149 0.3651 12.66 110 370 
0.192 2 1 2 0.60 0.60 5.0 7.0 0.933 0.995 0.5575 0.3860 12.67 110 360 
0.193 2 1 2 0.60 0.60 4.1 7.0 0.945 1.012 0.6177 0.4562 12.69 110 360 
0.194 2 1 2 0.60 0.60 4.1 7.0 0.915 1.035 0.6177 0.4836 12.71 110 360 
0.195 2 1 2 0.60 0.60 4.6 7.0 0.904 1.043 0.5820 0.5081 12.73 110 370 
0.196 2 1 2 0.60 0.60 3.9 6.6 0.883 1.058 0.6273 0.5498 12.75 110 370 
0.197 2 1 2 0.60 0.60 2.9 6.1 0.879 1.060 0.6924 0.5820 12.75 110 370 
0.198 2 1 2 0.60 0.60 3.3 5.7 0.844 1.062 0.6691 0.6085 12.76 100 350 
0.199 2 1 2 0.60 0.60 2.9 5.1 0.813 1.057 0.6924 0.6474 12.77 110 360 
0.200 2 1 2 0.60 0.60 3.2 4.6 0.790 1.042 0.6691 0.6804 12.81 110 360 
0.201 2 1 2 0.60 0.60 2.9 4.5 0.752 1.023 0.6924 0.6804 12.82 110 350 
0.202 2 1 2 0.60 0.60 3.0 4.0 0.732 1.004 0.6804 0.7169 12.82 110 370 
0.203 2 1 2 0.60 0.60 2.8 3.9 0.687 0.974 0.6924 0.7169 12.83 110 370 
0.204 2 1 2 0.60 0.60 3.0 3.5 0.668 0.939 0.6804 0.7434 12.84 110 360 
0.205 2 1 2 0.60 0.60 2.7 3.5 0.638 0.908 0.6924 0.7434 12.85 110 360 
0.206 2 1 2 0.60 0.60 3.2 3.2 0.611 0.875 0.6583 0.7575 12.85 100 360 
0.207 2 1 2 0.60 0.60 3.1 3.1 0.578 0.833 0.6691 0.7575 12.85 110 350 
0.208 2 1 2 0.60 0.60 3.2 3.3 0.551 0.799 0.6583 0.7434 12.86 110 370 
0.209 2 1 2 0.60 0.60 3.0 3.1 0.532 0.764 0.6691 0.7575 12.86 110 370 
0.210 2 1 2 0.60 0.60 2.6 3.2 0.514 0.733 0.6924 0.7434 12.86 110 370 
0.211 2 1 2 0.60 0.60 2.8 3.0 0.501 0.692 0.6804 0.7575 12.86 110 350 
0.212 2 1 2 0.60 0.60 3.3 2.9 0.488 0.660 0.6474 0.7575 12.87 110 350 
0.213 2 1 2 0.60 0.60 2.8 2.9 0.459 0.641 0.6804 0.7575 12.87 110 350 
0.214 2 1 2 0.60 0.60 3.2 2.8 0.464 0.601 0.6474 0.7575 12.86 110 360 
0.215 2 1 2 0.60 0.60 2.9 3.0 0.427 0.565 0.6691 0.7434 12.86 110 370 
0.216 2 1 2 0.60 0.60 2.5 2.7 0.425 0.554 0.6924 0.7575 12.86 110 360 
0.217 2 1 2 0.60 0.60 2.8 2.7 0.412 0.521 0.6691 0.7575 12.87 110 370 
0.218 2 1 2 0.60 0.60 3.0 2.9 0.407 0.504 0.6583 0.7434 12.87 110 370 
0.219 2 1 2 0.60 0.60 3.1 2.6 0.380 0.476 0.6474 0.7575 12.87 110 360 
0.220 2 1 2 0.60 0.60 3.0 2.8 0.364 0.456 0.6583 0.7434 12.87 110 370 
0.221 2 1 2 0.60 0.60 2.9 2.5 0.357 0.438 0.6583 0.7575 12.87 110 360 
0.222 2 1 2 0.60 0.60 2.4 2.7 0.349 0.422 0.6924 0.7434 12.87 110 360 
0.223 2 1 2 0.60 0.60 2.7 2.6 0.355 0.394 0.6691 0.7434 12.87 110 370 
0.224 2 1 2 0.60 0.60 3.6 2.8 0.331 0.380 0.6085 0.7302 12.87 100 370 
0.225 2 1 2 0.60 0.60 2.4 2.5 0.330 0.356 0.6924 0.7434 12.86 110 370 
0.226 2 1 2 0.60 0.60 2.5 2.5 0.304 0.341 0.6804 0.7434 12.87 110 370 
0.227 2 1 2 0.60 0.60 3.0 2.7 0.304 0.329 0.6474 0.7302 12.87 110 350 
0.228 2 1 2 0.60 0.60 2.6 2.4 0.293 0.328 0.6691 0.7434 12.87 110 370 
0.229 2 1 2 0.60 0.60 3.3 2.6 0.294 0.301 0.6273 0.7302 12.87 110 360 
0.230 2 1 2 0.60 0.60 2.9 2.3 0.283 0.282 0.6474 0.7434 12.86 110 360 
0.231 2 1 2 0.60 0.60 2.9 2.5 0.278 0.264 0.6474 0.7302 12.87 110 370 
0.232 2 1 2 0.60 0.60 2.9 2.5 0.272 0.259 0.6474 0.7302 12.87 110 360 
0.233 2 1 2 0.60 0.60 3.0 2.4 0.261 0.239 0.6374 0.7302 12.87 110 370 
0.234 2 1 2 0.60 0.60 2.7 3.0 0.247 0.228 0.6583 0.6924 12.87 110 370 
0.235 2 1 2 0.60 0.60 3.2 2.2 0.235 0.216 0.6273 0.7434 12.88 110 370 
0.236 2 1 2 0.60 0.60 3.0 2.7 0.235 0.211 0.6374 0.7044 12.87 110 370 
0.237 2 1 2 0.60 0.60 2.8 2.5 0.228 0.204 0.6474 0.7169 12.88 110 360 
0.238 2 1 2 0.60 0.60 3.1 2.2 0.233 0.202 0.6273 0.7302 12.88 110 370 
0.239 2 1 2 0.60 0.60 2.7 2.2 0.223 0.175 0.6583 0.7302 12.88 110 370 
0.240 2 1 2 0.60 0.60 3.3 2.4 0.231 0.183 0.6177 0.7169 12.87 110 370 
0.241 2 1 2 0.60 0.60 3.0 2.1 0.225 0.179 0.6374 0.7302 12.88 110 360 
0.242 2 1 2 0.60 0.60 2.9 2.5 0.212 0.152 0.6374 0.7044 12.88 110 360 
0.243 2 1 2 0.60 0.60 2.8 2.3 0.218 0.152 0.6474 0.7169 12.87 110 360 
0.244 2 1 2 0.60 0.60 3.2 2.4 0.232 0.150 0.6177 0.7044 12.88 110 370 
0.245 2 1 2 0.60 0.60 2.9 2.2 0.208 0.141 0.6374 0.7169 12.87 110 370 
0.246 2 1 2 0.60 0.60 2.6 2.3 0.216 0.129 0.6583 0.7044 12.87 110 370 
0.247 2 1 2 0.60 0.60 3.2 2.5 0.225 0.128 0.6177 0.6924 12.88 110 370 
0.248 2 1 2 0.60 0.60 3.0 2.3 0.204 0.114 0.6273 0.7044 12.88 110 370 
0.249 2 1 2 0.60 0.60 3.2 2.4 0.197 0.118 0.6177 0.6924 12.88 110 360 
0.250 2 1 2 0.60 0.60 2.9 2.6 0.203 0.125 0.6374 0.6804 12.88 100 370 
0.251 2 1 2 0.60 0.60 2.9 2.6 0.216 0.110 0.6374 0.6804 12.88 110 360 
0.252 2 1 2 0.60 0.60 2.4 2.4 0.207 0.105 0.6691 0.6924 12.87 110 370 
0.253 2 1 2 0.60 0.60 2.7 2.3 0.203 0.096 0.6474 0.6924 12.87 110 360 
0.254 2 1 2 0.60 0.60 3.4 2.5 0.195 0.102 0.5992 0.6804 12.88 110 370 
0.255 2 1 2 0.60 0.60 3.2 2.5 0.193 0.096 0.6085 0.6804 12.88 110 360 
0.256 2 1 2 0.60 0.60 2.7 2.6 0.188 0.095 0.6474 0.6691 12.87 120 360 
0.257 2 1 2 0.60 0.60 3.4 2.2 0.189 0.090 0.5992 0.6924 12.87 110 360 
0.258 2 1 2 0.60 0.60 2.9 2.4 0.197 0.090 0.6273 0.6804 12.87 110 360 
0.259 2 1 2 0.60 0.60 2.9 2.5 0.192 0.089 0.6273 0.6691 12.87 110 370 
0.260 2 1 2 0.60 0.60 2.9 2.5 0.226 0.080 0.6273 0.6691 12.87 110 370 
0.261 2 1 2 0.60 0.60 2.8 2.7 0.216 0.076 0.6374 0.6583 12.87 110 370 
0.262 2 1 2 0.60 0.60 2.9 3.0 0.205 0.080 0.6273 0.6374 12.87 110 370 
0.263 2 1 2 0.60 0.60 2.7 2.1 0.205 0.076 0.6374 0.6924 12.88 110 370 
0.264 2 1 2 0.60 0.60 2.9 2.6 0.201 0.080 0.6273 0.6583 12.87 100 320 
0.265 2 1 2 0.60 0.60 2.7 2.4 0.210 0.076 0.6374 0.6691 12.88 110 360 
0.266 2 1 2 0.60 0.60 3.2 2.4 0.189 0.077 0.6085 0.6691 12.88 110 360 
0.267 2 1 2 0.60 0.60 2.9 2.4 0.174 0.087 0.6273 0.6691 12.88 110 330 
0.268 2 1 2 0.60 0.60 2.7 2.5 0.181 0.076 0.6374 0.6583 12.87 110 330 
0.269 2 1 2 0.60 0.60 2.8 2.3 0.170 0.073 0.6273 0.6691 12.87 110 330 
0.270 2 1 2 0.60 0.60 2.4 2.5 0.173 0.054 0.6583 0.6583 12.88 110 350 
0.271 2 1 2 0.60 0.60 3.0 2.5 0.169 0.065 0.6177 0.6583 12.88 100 360 
0.272 2 1 2 0.60 0.60 2.8 2.3 0.170 0.074 0.6273 0.6691 12.88 110 370 
0.273 2 1 2 0.60 0.60 3.0 2.6 0.187 0.066 0.6177 0.6474 12.87 100 360 
0.274 2 1 2 0.60 0.60 2.8 2.4 0.174 0.075 0.6273 0.6583 12.87 110 360 
0.275 2 1 2 0.60 0.60 3.2 2.4 0.172 0.076 0.5992 0.6583 12.87 100 360 
0.276 2 1 2 0.60 0.60 2.5 2.5 0.163 0.062 0.6474 0.6474 12.86 110 370 
0.277 2 1 2 0.60 0.60 2.6 2.2 0.166 0.053 0.6374 0.6691 12.86 110 360 
0.278 2 1 2 0.60 0.60 2.9 2.5 0.163 0.063 0.6177 0.6474 12.87 110 360 
0.279 2 1 2 0.60 0.60 2.9 2.5 0.168 0.065 0.6177 0.6474 12.87 110 360 
0.280 2 1 2 0.60 0.60 3.0 2.5 0.168 0.066 0.6085 0.6474 12.87 110 350 
0.281 2 1 2 0.60 0.60 2.9 2.6 0.148 0.073 0.6177 0.6374 12.87 100 360 
0.282 2 1 2 0.60 0.60 2.9 2.3 0.178 0.064 0.6177 0.6583 12.87 110 350 
0.283 2 1 2 0.60 0.60 2.4 2.4 0.171 0.060 0.6474 0.6474 12.87 110 370 
0.284 2 1 2 0.60 0.60 2.9 2.6 0.168 0.067 0.6177 0.6374 12.88 110 370 
0.285 2 1 2 0.60 0.60 2.9 2.3 0.165 0.060 0.6177 0.6583 12.87 110 360 
0.286 2 1 2 0.60 0.60 3.3 2.4 0.175 0.066 0.5904 0.6474 12.87 110 370 
0.287 2 1 2 0.60 0.60 2.4 2.2 0.158 0.057 0.6474 0.6583 12.87 100 370 
0.288 2 1 2 0.60 0.60 3.3 2.4 0.170 0.061 0.5904 0.6474 12.87 110 370 
0.289 2 1 2 0.60 0.60 3.0 2.5 0.163 0.052 0.6085 0.6374 12.87 110 370 
0.290 2 1 2 0.60 0.60 2.7 2.3 0.165 0.054 0.6273 0.6474 12.87 110 360 
0.291 2 1 2 0.60 0.60 3.1 2.5 0.171 0.070 0.5992 0.6374 12.88 110 370 
0.292 2 1 2 0.60 0.60 2.8 2.6 0.170 0.066 0.6177 0.6273 12.88 110 360 
0.293 2 1 2 0.60 0.60 2.7 2.6 0.171 0.061 0.6273 0.6273 12.88 110 370 
0.294 2 1 2 0.60 0.60 2.8 2.8 0.173 0.063 0.6177 0.6177 12.88 110 350 
0.295 2 1 2 0.60 0.60 3.0 2.6 0.188 0.060 0.6085 0.6273 12.88 110 370 
0.296 2 1 2 0.60 0.60 2.7 2.6 0.177 0.059 0.6273 0.6273 12.88 100 360 
0.297 2 1 2 0.60 0.60 2.7 2.4 0.182 0.059 0.6273 0.6374 12.88 110 370 
0.298 2 1 2 0.60 0.60 3.0 2.6 0.179 0.057 0.6085 0.6273 12.88 110 370 
0.299 2 1 2 0.60 0.60 2.9 2.4 0.174 0.058 0.6085 0.6374 12.88 100 360 
0.300 2 1 2 0.60 0.60 3.1 2.4 0.165 0.065 0.5992 0.6374 12.88 110 370 
0.301 2 1 2 0.60 0.60 2.9 2.5 0.163 0.058 0.6085 0.6273 12.88 110 370 
0.302 2 1 2 0.60 0.60 2.5 2.5 0.168 0.052 0.6374 0.6273 12.88 110 360 
0.303 2 1 2 0.60 0.60 2.9 2.8 0.158 0.062 0.6085 0.6085 12.88 110 370 
0.304 2 1 2 0.60 0.60 3.2 2.5 0.170 0.065 0.5904 0.6273 12.88 110 360 
0.305 2 1 2 0.60 0.60 2.9 2.5 0.163 0.065 0.6085 0.6273 12.88 110 360 
0.306 2 1 2 0.60 0.60 2.8 2.5 0.165 0.057 0.6177 0.6273 12.88 100 360 
0.307 2 1 2 0.60 0.60 3.2 2.3 0.172 0.058 0.5904 0.6374 12.87 110 370 
0.308 2 1 2 0.60 0.60 2.5 2.5 0.162 0.067 0.6374 0.6273 12.87 100 360 
0.309 2 1 2 0.60 0.60 3.6 2.6 0.168 0.075 0.5655 0.6177 12.87 110 370 
0.310 2 1 2 0.60 0.60 2.9 2.5 0.163 0.063 0.6085 0.6273 12.87 110 370 
0.311 2 1 2 0.60 0.60 2.8 2.6 0.163 0.075 0.6177 0.6177 12.88 110 370 
0.312 2 1 2 0.60 0.60 3.1 2.5 0.157 0.069 0.5992 0.6273 12.88 110 370 
0.313 2 1 2 0.60 0.60 2.9 2.5 0.159 0.078 0.6085 0.6273 12.88 100 370 
0.314 2 1 2 0.60 0.60 2.8 2.6 0.153 0.074 0.6177 0.6177 12.88 110 370 
0.315 2 1 2 0.60 0.60 2.3 2.7 0.170 0.072 0.6474 0.6085 12.88 110 370 
0.316 2 1 2 0.60 0.60 2.6 2.4 0.166 0.078 0.6273 0.6273 12.88 110 370 
0.317 2 1 2 0.60 0.60 3.5 2.4 0.168 0.078 0.5655 0.6273 12.88 110 360 
0.318 2 1 2 0.60 0.60 3.0 2.4 0.164 0.065 0.5992 0.6273 12.87 110 370 
0.319 2 1 2 0.60 0.60 2.5 2.6 0.160 0.070 0.6374 0.6177 12.87 110 360 
0.320 2 1 2 0.60 0.60 3.2 2.7 0.163 0.082 0.5904 0.6085 12.87 110 370 
0.321 2 1 2 0.60 0.60 2.6 2.5 0.166 0.080 0.6273 0.6177 12.87 110 360 
0.322 2 1 2 0.60 0.60 2.6 2.5 0.169 0.084 0.6273 0.6177 12.86 110 370 
0.323 2 1 2 0.60 0.60 2.7 2.7 0.160 0.074 0.6177 0.6085 12.87 110 360 
0.324 2 1 2 0.60 0.60 2.7 2.2 0.168 0.077 0.6177 0.6374 12.88 110 360 
0.325 2 1 2 0.60 0.60 2.9 2.7 0.160 0.077 0.6085 0.6085 12.88 110 360 
0.326 2 1 2 0.60 0.60 2.7 2.5 0.169 0.071 0.6177 0.6177 12.88 110 370 
0.327 2 1 2 0.60 0.60 2.9 2.5 0.157 0.076 0.6085 0.6177 12.88 110 360 
0.328 2 1 2 0.60 0.60 2.7 2.4 0.166 0.075 0.6177 0.6273 12.88 110 360 
0.329 2 1 2 0.60 0.60 3.1 2.5 0.163 0.074 0.5904 0.6177 12.88 100 360 
0.330 2 1 2 0.60 0.60 2.9 2.5 0.159 0.077 0.6085 0.6177 12.88 110 370 
0.331 2 1 2 0.60 0.60 2.8 2.5 0.185 0.067 0.6085 0.6177 12.88 100 360 
0.332 2 1 2 0.60 0.60 3.1 2.6 0.174 0.069 0.5904 0.6085 12.88 110 360 
0.333 2 1 2 0.60 0.60 2.7 2.5 0.161 0.068 0.6177 0.6177 12.88 110 360 
0.334 2 1 2 0.60 0.60 2.7 2.8 0.158 0.069 0.6177 0.5992 12.88 110 370 
0.335 2 1 2 0.60 0.60 3.0 2.6 0.177 0.072 0.5992 0.6085 12.88 110 360 
0.336 2 1 2 0.60 0.60 3.4 2.3 0.171 0.071 0.5735 0.6273 12.88 110 370 
0.337 2 1 2 0.60 0.60 2.8 2.5 0.166 0.079 0.6085 0.6177 12.88 110 370 
0.338 2 1 2 0.60 0.60 2.8 2.3 0.185 0.084 0.6085 0.6273 12.88 110 370 
0.339 2 1 2 0.60 0.60 3.0 2.3 0.185 0.069 0.5992 0.6273 12.88 100 360 
0.340 2 1 2 0.60 0.60 2.6 2.6 0.174 0.074 0.6273 0.6085 12.87 110 370 
0.341 2 1 2 0.60 0.60 3.1 2.6 0.183 0.069 0.5904 0.6085 12.87 110 370 
0.342 2 1 2 0.60 0.60 2.8 2.7 0.163 0.062 0.6085 0.5992 12.87 110 370 
0.343 2 1 2 0.60 0.60 2.7 2.7 0.193 0.066 0.6177 0.5992 12.88 100 370 
0.344 2 1 2 0.60 0.60 3.0 2.4 0.179 0.073 0.5992 0.6177 12.87 100 350 
0.345 2 1 2 0.60 0.60 2.8 2.4 0.169 0.075 0.6085 0.6177 12.89 110 360 
0.346 2 1 2 0.60 0.60 2.7 2.7 0.174 0.072 0.6177 0.5992 12.88 110 370 
0.347 2 1 2 0.60 0.60 2.2 2.6 0.185 0.064 0.6474 0.6085 12.88 110 370 
0.348 2 1 2 0.60 0.60 2.5 2.6 0.173 0.056 0.6273 0.6085 12.88 110 360 
0.349 2 1 2 0.60 0.60 3.4 2.3 0.179 0.050 0.5655 0.6273 12.87 110 360 
0.350 2 1 2 0.60 0.60 2.2 2.4 0.163 0.074 0.6474 0.6177 12.88 110 360 
0.351 2 1 2 0.60 0.60 2.4 2.6 0.160 0.083 0.6374 0.6085 12.88 110 360 
0.352 2 1 2 0.60 0.60 3.1 2.6 0.163 0.083 0.5904 0.6085 12.88 100 370 
0.353 2 1 2 0.60 0.60 2.6 2.5 0.150 0.066 0.6177 0.6085 12.88 110 370 
0.354 2 1 2 0.60 0.60 3.2 2.9 0.144 0.085 0.5820 0.5820 12.88 110 370 
0.355 2 1 2 0.60 0.60 2.8 2.7 0.150 0.084 0.6085 0.5992 12.88 110 370 
0.356 2 1 2 0.60 0.60 2.6 2.4 0.151 0.084 0.6177 0.6177 12.88 110 360 
0.357 2 1 2 0.60 0.60 2.9 2.7 0.173 0.084 0.5992 0.5992 12.88 110 360 
0.358 2 1 2 0.60 0.60 3.2 2.5 0.166 0.087 0.5820 0.6085 12.88 110 350 
0.359 2 1 2 0.60 0.60 2.9 2.5 0.159 0.088 0.5992 0.6085 12.88 110 370 
0.360 2 1 2 0.60 0.60 2.6 2.5 0.164 0.086 0.6177 0.6085 12.88 110 350 
0.361 2 1 2 0.60 0.60 3.2 2.7 0.170 0.088 0.5820 0.5992 12.88 110 370 
0.362 2 1 2 0.60 0.60 2.9 2.5 0.168 0.079 0.5992 0.6085 12.87 110 370 
0.363 2 1 2 0.60 0.60 2.8 2.5 0.166 0.076 0.6085 0.6085 12.87 110 360 
0.364 2 1 2 0.60 0.60 3.1 2.7 0.169 0.073 0.5904 0.5992 12.87 100 350 
0.365 2 1 2 0.60 0.60 2.5 2.5 0.162 0.075 0.6273 0.6085 12.88 110 360 
0.366 2 1 2 0.60 0.60 2.9 2.7 0.155 0.088 0.5992 0.5992 12.88 110 350 
0.367 2 1 2 0.60 0.60 2.8 2.7 0.167 0.089 0.6085 0.5992 12.87 110 370 
0.368 2 1 2 0.60 0.60 3.2 2.4 0.172 0.082 0.5820 0.6177 12.88 110 370 
0.369 2 1 2 0.60 0.60 2.8 2.5 0.172 0.084 0.6085 0.6085 12.88 110 370 
0.370 2 1 2 0.60 0.60 2.9 2.2 0.174 0.071 0.5992 0.6273 12.88 110 370 
0.371 2 1 2 0.60 0.60 2.9 2.4 0.182 0.085 0.5992 0.6177 12.88 110 360 
0.372 2 1 2 0.60 0.60 2.5 2.5 0.187 0.082 0.6273 0.6085 12.88 110 350 
0.373 2 1 2 0.60 0.60 3.0 2.5 0.177 0.088 0.5904 0.6085 12.88 110 360 
0.374 2 1 2 0.60 0.60 2.8 2.6 0.170 0.068 0.6085 0.5992 12.88 110 370 
0.375 2 1 2 0.60 0.60 2.8 2.6 0.161 0.077 0.6085 0.5992 12.88 110 370 
0.376 2 1 2 0.60 0.60 2.9 2.4 0.183 0.076 0.5992 0.6177 12.88 100 360 
0.377 2 1 2 0.60 0.60 2.9 2.4 0.166 0.070 0.5992 0.6177 12.87 110 360 
0.378 2 1 2 0.60 0.60 2.3 2.6 0.178 0.065 0.6374 0.5992 12.87 110 370 
0.379 2 1 2 0.60 0.60 2.3 2.5 0.180 0.073 0.6374 0.6085 12.88 110 370 
0.380 2 1 2 0.60 0.60 2.6 2.5 0.181 0.071 0.6177 0.6085 12.88 100 350 
0.381 2 1 2 0.60 0.60 3.5 2.4 0.169 0.065 0.5575 0.6177 12.87 110 360 
0.382 2 1 2 0.60 0.60 2.3 2.3 0.168 0.075 0.6374 0.6177 12.87 110 370 
0.383 2 1 2 0.60 0.60 2.5 2.5 0.173 0.084 0.6273 0.6085 12.87 100 360 
0.384 2 1 2 0.60 0.60 3.1 2.5 0.163 0.080 0.5820 0.6085 12.88 110 360 
0.385 2 1 2 0.60 0.60 2.6 2.5 0.166 0.067 0.6177 0.6085 12.88 110 370 
0.386 2 1 2 0.60 0.60 2.7 2.9 0.162 0.066 0.6085 0.5820 12.88 110 370 
0.387 2 1 2 0.60 0.60 2.9 2.8 0.161 0.070 0.5992 0.5904 12.88 110 370 
0.388 2 1 2 0.60 0.60 2.7 2.5 0.166 0.074 0.6085 0.6085 12.88 110 370 
0.389 2 1 2 0.60 0.60 2.9 2.8 0.153 0.078 0.5992 0.5904 12.87 110 370 
0.390 2 1 2 0.60 0.60 2.7 2.6 0.183 0.080 0.6085 0.5992 12.88 100 370 
0.391 2 1 2 0.60 0.60 2.7 2.6 0.178 0.084 0.6085 0.5992 12.88 110 370 
0.392 2 1 2 0.60 0.60 2.6 2.5 0.162 0.079 0.6177 0.6085 12.87 110 360 
0.393 2 1 2 0.60 0.60 3.1 2.6 0.147 0.088 0.5820 0.5992 12.87 110 360 
0.394 2 1 2 0.60 0.60 2.9 2.5 0.150 0.097 0.5992 0.6085 12.87 100 370 
0.395 2 1 2 0.60 0.60 2.7 2.5 0.155 0.093 0.6085 0.6085 12.88 110 370 
0.396 2 1 2 0.60 0.60 2.9 2.6 0.156 0.082 0.5992 0.5992 12.87 100 360 
0.397 2 1 2 0.60 0.60 2.4 2.5 0.162 0.087 0.6273 0.6085 12.87 110 370 
0.398 2 1 2 0.60 0.60 2.9 2.7 0.144 0.086 0.5992 0.5904 12.88 110 370 
0.399 2 1 2 0.60 0.60 2.7 2.7 0.147 0.103 0.6085 0.5904 12.88 110 370 
0.400 2 1 2 0.60 0.60 3.1 2.5 0.168 0.094 0.5820 0.6085 12.88 110 360 
0.401 2 1 2 0.60 0.60 2.7 2.5 0.150 0.079 0.6085 0.6085 12.88 110 370 
0.402 2 1 2 0.60 0.60 2.7 2.2 0.165 0.089 0.6085 0.6273 12.88 110 370 
0.403 2 1 2 0.60 0.60 2.9 2.3 0.145 0.087 0.5992 0.6177 12.88 110 370 
0.404 2 1 2 0.60 0.60 2.4 2.6 0.176 0.091 0.6273 0.5992 12.88 100 370 
0.405 2 1 2 0.60 0.60 3.1 2.6 0.159 0.083 0.5820 0.5992 12.88 110 370 
0.406 2 1 2 0.60 0.60 2.8 2.7 0.152 0.077 0.5992 0.5904 12.88 110 370 
0.407 2 1 2 0.60 0.60 2.7 2.7 0.149 0.087 0.6085 0.5904 12.88 110 370 
0.408 2 1 2 0.60 0.60 3.0 2.5 0.165 0.076 0.5904 0.6085 12.88 110 370 
0.409 2 1 2 0.60 0.60 2.8 2.5 0.153 0.079 0.5992 0.6085 12.88 110 370 
0.410 2 1 2 0.60 0.60 2.7 2.7 0.158 0.096 0.6085 0.5904 12.88 110 370 
0.411 2 1 2 0.60 0.60 2.4 2.6 0.170 0.086 0.6273 0.5992 12.88 110 370 
0.412 2 1 2 0.60 0.60 2.7 2.6 0.156 0.082 0.6085 0.5992 12.88 110 370 
0.413 2 1 2 0.60 0.60 3.5 2.3 0.159 0.078 0.5575 0.6177 12.87 110 360 
0.414 2 1 2 0.60 0.60 3.0 2.3 0.156 0.077 0.5904 0.6177 12.88 110 370 
0.415 2 1 2 0.60 0.60 2.4 2.5 0.157 0.082 0.6273 0.6085 12.88 110 370 
0.416 2 1 2 0.60 0.60 3.1 2.6 0.170 0.066 0.5820 0.5992 12.87 110 360 
0.417 2 1 2 0.60 0.60 2.6 2.5 0.165 0.081 0.6177 0.6085 12.88 110 370 
0.418 2 1 2 0.60 0.60 2.6 2.9 0.165 0.070 0.6177 0.5820 12.87 110 370 
0.419 2 1 2 0.60 0.60 2.7 2.7 0.162 0.075 0.6085 0.5904 12.88 110 370 
0.420 2 1 2 0.60 0.60 2.7 2.5 0.163 0.073 0.6085 0.6085 12.88 110 370 
0.421 2 1 2 0.60 0.60 2.8 2.7 0.163 0.085 0.5992 0.5904 12.88 110 360 
0.422 2 1 2 0.60 0.60 2.7 2.6 0.178 0.085 0.6085 0.5992 12.88 110 370 
0.423 2 1 2 0.60 0.60 2.7 2.6 0.175 0.080 0.6085 0.5992 12.87 100 370 
0.424 2 1 2 0.60 0.60 2.7 2.5 0.164 0.092 0.6085 0.6085 12.88 110 370 
0.425 2 1 2 0.60 0.60 3.1 2.6 0.158 0.088 0.5820 0.5992 12.88 110 370 
0.426 2 1 2 0.60 0.60 2.8 2.5 0.155 0.088 0.5992 0.6085 12.88 110 370 
0.427 2 1 2 0.60 0.60 2.7 2.5 0.167 0.091 0.6085 0.6085 12.88 110 350 
0.428 2 1 2 0.60 0.60 3.0 2.6 0.161 0.084 0.5904 0.5992 12.88 110 370 
0.429 2 1 2 0.60 0.60 2.4 2.5 0.171 0.084 0.6273 0.6085 12.88 110 370 
0.430 2 1 2 0.60 0.60 2.5 2.6 0.158 0.089 0.6177 0.5992 12.88 110 370 
0.431 2 1 2 0.60 0.60 2.7 2.6 0.166 0.092 0.6085 0.5992 12.88 110 360 
0.432 2 1 2 0.60 0.60 3.1 2.4 0.156 0.098 0.5820 0.6085 12.88 100 370 
0.433 2 1 2 0.60 0.60 2.7 2.4 0.143 0.092 0.6085 0.6085 12.88 110 350 
0.434 2 1 2 0.60 0.60 2.7 2.2 0.132 0.099 0.6085 0.6273 12.88 110 360 
0.435 2 1 2 0.60 0.60 2.8 2.3 0.149 0.076 0.5992 0.6177 12.87 110 370 
0.436 2 1 2 0.60 0.60 2.4 2.4 0.149 0.082 0.6273 0.6085 12.87 110 370 
0.437 2 1 2 0.60 0.60 3.1 2.6 0.153 0.074 0.5820 0.5992 12.87 110 370 
0.438 2 1 2 0.60 0.60 2.8 2.6 0.150 0.077 0.5992 0.5992 12.88 110 360 
0.439 2 1 2 0.60 0.60 2.8 2.6 0.163 0.087 0.5992 0.5992 12.88 100 350 
0.440 2 1 2 0.60 0.60 2.9 2.4 0.165 0.092 0.5904 0.6085 12.88 110 370 
0.441 2 1 2 0.60 0.60 3.1 2.4 0.155 0.089 0.5820 0.6085 12.88 110 360 
0.442 2 1 2 0.60 0.60 2.7 2.7 0.149 0.082 0.6085 0.5904 12.88 110 370 
0.443 2 1 2 0.60 0.60 2.2 2.6 0.165 0.079 0.6374 0.5992 12.88 110 370 
0.444 2 1 2 0.60 0.60 2.5 2.6 0.150 0.084 0.6177 0.5992 12.89 110 360 
0.445 2 1 2 0.60 0.60 3.9 2.3 0.151 0.072 0.5281 0.6177 12.88 110 360 
0.446 2 1 2 0.60 0.60 3.0 2.3 0.164 0.077 0.5904 0.6177 12.88 110 360 
0.447 2 1 2 0.60 0.60 2.4 2.4 0.164 0.080 0.6273 0.6085 12.87 110 370 
0.448 2 1 2 0.60 0.60 3.1 2.6 0.173 0.082 0.5820 0.5992 12.87 100 360 
0.449 2 1 2 0.60 0.60 2.5 2.6 0.171 0.076 0.6177 0.5992 12.87 100 360 
0.450 2 1 2 0.60 0.60 2.5 3.3 0.178 0.084 0.6177 0.5498 12.87 110 370 
0.451 2 1 2 0.60 0.60 2.7 2.7 0.165 0.088 0.6085 0.5904 12.87 110 350 
0.452 2 1 2 0.60 0.60 2.5 2.4 0.163 0.089 0.6177 0.6085 12.87 110 370 
0.453 2 1 2 0.60 0.60 2.8 2.7 0.169 0.092 0.5992 0.5904 12.88 110 370 
0.454 2 1 2 0.60 0.60 2.5 2.6 0.182 0.083 0.6177 0.5992 12.88 100 360 
0.455 2 1 2 0.60 0.60 2.7 2.6 0.165 0.080 0.6085 0.5992 12.88 110 370 
0.456 2 1 2 0.60 0.60 2.7 2.4 0.155 0.078 0.6085 0.6085 12.89 110 370 
0.457 2 1 2 0.60 0.60 2.9 2.6 0.169 0.083 0.5904 0.5992 12.89 110 360 
0.458 2 1 2 0.60 0.60 2.8 2.6 0.180 0.076 0.5992 0.5992 12.88 100 350 
0.459 2 1 2 0.60 0.60 2.8 2.4 0.178 0.082 0.5992 0.6085 12.88 110 360 
0.460 2 1 2 0.60 0.60 3.1 2.6 0.171 0.069 0.5820 0.5992 12.88 110 360 
0.461 2 1 2 0.60 0.60 2.7 2.4 0.157 0.084 0.6085 0.6085 12.88 110 360 
0.462 2 1 2 0.60 0.60 2.7 2.4 0.163 0.093 0.6085 0.6085 12.88 110 360 
0.463 2 1 2 0.60 0.60 2.9 2.6 0.170 0.086 0.5904 0.5992 12.88 110 370 
0.464 2 1 2 0.60 0.60 3.2 2.4 0.185 0.069 0.5735 0.6085 12.87 100 370 
0.465 2 1 2 0.60 0.60 2.9 2.4 0.172 0.065 0.5904 0.6085 12.88 110 370 
0.466 2 1 2 0.60 0.60 2.7 2.6 0.174 0.068 0.6085 0.5992 12.87 110 370 
0.467 2 1 2 0.60 0.60 3.1 2.3 0.182 0.065 0.5820 0.6177 12.88 110 370 
0.468 2 1 2 0.60 0.60 2.4 2.4 0.172 0.075 0.6273 0.6085 12.88 110 370 
0.469 2 1 2 0.60 0.60 2.5 2.5 0.170 0.072 0.6177 0.5992 12.88 100 370 
0.470 2 1 2 0.60 0.60 2.8 2.4 0.165 0.076 0.5992 0.6085 12.88 110 360 
0.471 2 1 2 0.60 0.60 2.8 2.5 0.178 0.074 0.5992 0.5992 12.88 100 350 
0.472 8 1 3 0.60 0.60 2.9 2.4 0.162 0.076 0.5904 0.6085 12.88 110 370 
