%% logfile from robot Birte (60)
% Birte (60)
%  1    time 0.000 sec
%  2  3 Motor voltage [V] left, right: 4.2 4.2
%  4  5 Wheel velocity [m/s] left, right: 0.0004 -0.0000
%  6  7  8  9 Pose x,y,h,tilt [m,m,rad,rad]: 0 0 0 0.553354
% 10    Battery voltage [V]: 12.41
0.003 4.2 4.2 0.0004 0.0000 0.0002 0.0000 0.002591 0.553278 12.37 
0.006 4.2 4.2 0.0004 0.0000 0.0004 0.0000 0.000000 0.553217 12.35 
0.009 2.4 2.3 0.1775 0.1900 0.0010 0.0000 0.002591 0.553138 12.37 
0.012 1.7 2.5 0.2478 0.1687 0.0016 0.0000 0.000000 0.552769 12.40 
0.015 2.1 2.7 0.2125 0.1486 0.0020 0.0000 0.000000 0.551769 12.40 
0.018 2.5 3.4 0.1735 0.0843 0.0022 0.0000 -0.002591 0.550715 12.39 
0.021 3.0 3.5 0.1241 0.0671 0.0026 0.0000 -0.002591 0.549106 12.39 
0.024 3.4 3.5 0.0787 0.0671 0.0026 0.0000 -0.002591 0.546207 12.39 
0.027 3.4 3.4 0.0775 0.0783 0.0030 0.0000 -0.002591 0.543090 12.38 
0.030 3.5 2.6 0.0675 0.1566 0.0034 0.0000 0.002591 0.540556 12.38 
0.033 3.6 2.8 0.0550 0.1394 0.0038 0.0000 0.002591 0.538216 12.39 
0.036 3.2 3.0 0.1028 0.1217 0.0042 0.0000 0.002591 0.536554 12.39 
0.039 3.0 3.0 0.1169 0.1217 0.0044 0.0000 0.000000 0.534798 12.39 
0.042 2.6 3.1 0.1598 0.1108 0.0048 0.0000 0.000000 0.532500 12.39 
0.045 2.7 2.9 0.1462 0.1309 0.0052 0.0000 0.000000 0.530539 12.39 
0.048 2.6 2.8 0.1611 0.1406 0.0056 0.0000 0.000000 0.528380 12.40 
0.051 2.8 2.6 0.1370 0.1598 0.0062 0.0000 0.002591 0.526347 12.39 
0.054 2.7 2.2 0.1542 0.1968 0.0066 0.0000 0.002591 0.525006 12.39 
0.057 2.8 2.4 0.1353 0.1799 0.0072 0.0000 0.005182 0.523100 12.40 
0.060 2.8 2.8 0.1378 0.1450 0.0076 0.0000 0.005182 0.521469 12.40 
0.063 3.2 2.8 0.1048 0.1394 0.0080 0.0000 0.005182 0.520516 12.39 
0.066 2.9 2.8 0.1281 0.1414 0.0084 0.0000 0.005182 0.519432 12.39 
0.069 3.0 2.6 0.1225 0.1623 0.0088 0.0000 0.005182 0.518921 12.39 
0.072 2.5 2.6 0.1663 0.1606 0.0092 0.0000 0.005182 0.518204 12.39 
0.075 2.4 2.3 0.1839 0.1892 0.0100 0.0000 0.005182 0.517828 12.40 
0.078 2.9 2.2 0.1289 0.2008 0.0104 0.0000 0.005182 0.517575 12.40 
0.081 2.8 2.5 0.1426 0.1659 0.0110 0.0000 0.007773 0.516995 12.39 
0.084 3.0 2.8 0.1249 0.1390 0.0114 0.0000 0.007773 0.517116 12.39 
0.087 2.8 2.7 0.1394 0.1486 0.0118 0.0000 0.007773 0.517195 12.39 
0.090 2.9 2.6 0.1301 0.1590 0.0122 0.0000 0.007773 0.517640 12.39 
0.093 2.4 2.3 0.1823 0.1876 0.0127 0.0000 0.007773 0.518626 12.39 
0.096 2.4 2.1 0.1767 0.2145 0.0133 0.0000 0.010364 0.519780 12.39 
0.099 2.3 2.2 0.1920 0.1996 0.0139 0.0001 0.007773 0.520947 12.40 
0.102 2.2 2.7 0.1976 0.1526 0.0143 0.0001 0.007773 0.522003 12.39 
0.105 2.6 2.8 0.1619 0.1422 0.0149 0.0001 0.010364 0.523336 12.38 
0.108 2.7 2.7 0.1470 0.1506 0.0153 0.0001 0.010364 0.524824 12.39 
0.111 2.5 2.4 0.1715 0.1807 0.0159 0.0001 0.007773 0.526584 12.39 
0.114 2.6 2.0 0.1606 0.2157 0.0165 0.0001 0.010364 0.528768 12.39 
0.117 2.4 2.3 0.1847 0.1948 0.0169 0.0001 0.010364 0.531050 12.39 
0.120 2.1 2.3 0.2088 0.1876 0.0175 0.0001 0.007773 0.533140 12.39 
0.123 2.4 2.4 0.1839 0.1839 0.0181 0.0001 0.010364 0.530704 12.39 
0.126 2.1 2.5 0.2056 0.1731 0.0187 0.0001 0.007773 0.530355 12.39 
0.129 2.0 1.5 0.2229 0.2711 0.0195 0.0001 0.007773 0.530833 12.39 
0.132 1.8 1.9 0.2390 0.2253 0.0203 0.0001 0.007773 0.530569 12.39 
0.135 1.6 1.5 0.2554 0.2711 0.0209 0.0001 0.010364 0.529183 12.40 
0.138 1.9 1.4 0.2345 0.2848 0.0217 0.0001 0.010364 0.528170 12.40 
0.141 1.9 1.5 0.2333 0.2747 0.0225 0.0001 0.010364 0.527047 12.40 
0.144 2.2 1.5 0.2036 0.2711 0.0231 0.0001 0.012956 0.526653 12.40 
0.147 2.0 1.4 0.2205 0.2807 0.0241 0.0002 0.015547 0.527162 12.40 
0.150 2.1 1.8 0.2125 0.2402 0.0247 0.0002 0.012956 0.527962 12.40 
0.153 1.9 1.6 0.2265 0.2574 0.0253 0.0002 0.015547 0.527702 12.40 
0.156 1.8 2.1 0.2402 0.2056 0.0261 0.0002 0.015547 0.527605 12.39 
0.159 1.7 2.0 0.2494 0.2205 0.0267 0.0002 0.012956 0.527266 12.39 
0.162 1.7 1.8 0.2462 0.2434 0.0275 0.0002 0.012956 0.527384 12.40 
0.165 2.1 1.6 0.2113 0.2639 0.0281 0.0002 0.015547 0.526968 12.39 
0.168 2.2 1.4 0.2028 0.2807 0.0289 0.0002 0.015547 0.526863 12.40 
0.171 1.4 1.4 0.2787 0.2787 0.0297 0.0002 0.015547 0.527273 12.39 
0.174 2.0 1.5 0.2193 0.2711 0.0305 0.0003 0.015547 0.527299 12.40 
0.177 1.6 1.5 0.2554 0.2659 0.0313 0.0003 0.015547 0.527840 12.40 
0.180 2.2 1.6 0.2036 0.2607 0.0319 0.0003 0.018138 0.527343 12.39 
0.183 1.8 1.7 0.2362 0.2522 0.0327 0.0003 0.018138 0.526789 12.39 
0.186 1.8 1.6 0.2402 0.2574 0.0335 0.0003 0.018138 0.526262 12.39 
0.189 1.8 1.5 0.2418 0.2731 0.0343 0.0003 0.018138 0.525983 12.40 
0.192 2.0 1.4 0.2181 0.2827 0.0349 0.0003 0.020729 0.526046 12.39 
0.195 2.2 1.4 0.2036 0.2807 0.0357 0.0003 0.020729 0.526171 12.39 
0.198 1.8 1.5 0.2362 0.2675 0.0365 0.0004 0.020729 0.526546 12.39 
0.201 1.7 1.5 0.2510 0.2695 0.0373 0.0004 0.020729 0.526568 12.39 
0.204 1.9 1.4 0.2345 0.2787 0.0382 0.0004 0.020729 0.526924 12.39 
0.207 1.9 1.5 0.2305 0.2731 0.0390 0.0004 0.020729 0.526580 12.39 
0.210 1.6 1.5 0.2607 0.2675 0.0396 0.0004 0.023320 0.526192 12.38 
0.213 1.6 1.5 0.2607 0.2711 0.0404 0.0004 0.023320 0.525019 12.40 
0.216 1.7 1.4 0.2478 0.2807 0.0412 0.0005 0.023320 0.524837 12.39 
0.219 1.8 1.3 0.2402 0.2868 0.0420 0.0005 0.023320 0.524615 12.39 
0.222 2.0 1.5 0.2205 0.2747 0.0426 0.0005 0.025911 0.524855 12.39 
0.225 2.0 1.5 0.2193 0.2731 0.0434 0.0005 0.025911 0.525328 12.39 
0.228 1.8 1.4 0.2362 0.2787 0.0442 0.0005 0.025911 0.525774 12.40 
0.231 1.9 1.4 0.2345 0.2767 0.0450 0.0006 0.025911 0.525899 12.39 
0.234 1.8 1.5 0.2402 0.2747 0.0458 0.0006 0.025911 0.525821 12.39 
0.237 1.8 1.5 0.2434 0.2731 0.0466 0.0006 0.025911 0.525927 12.39 
0.240 1.7 1.3 0.2538 0.2868 0.0474 0.0006 0.025911 0.525701 12.39 
0.243 1.9 1.3 0.2333 0.2888 0.0482 0.0006 0.025911 0.525741 12.39 
0.246 1.7 1.4 0.2510 0.2807 0.0488 0.0007 0.028502 0.525115 12.40 
0.249 1.7 1.5 0.2462 0.2711 0.0496 0.0007 0.028502 0.525048 12.39 
0.252 1.7 1.4 0.2538 0.2807 0.0504 0.0007 0.028502 0.524852 12.39 
0.255 1.7 1.3 0.2538 0.2868 0.0512 0.0007 0.028502 0.525712 12.39 
0.258 1.6 1.4 0.2574 0.2827 0.0520 0.0007 0.028502 0.526116 12.39 
0.261 2.1 1.5 0.2113 0.2747 0.0526 0.0008 0.031093 0.526438 12.40 
0.264 1.8 1.4 0.2402 0.2807 0.0534 0.0008 0.031093 0.526519 12.39 
0.267 1.5 1.4 0.2695 0.2827 0.0542 0.0008 0.031093 0.526774 12.40 
0.270 1.6 1.4 0.2607 0.2827 0.0550 0.0008 0.031093 0.527145 12.40 
0.273 2.0 1.1 0.2229 0.3137 0.0560 0.0009 0.033685 0.526773 12.40 
0.276 1.9 1.7 0.2281 0.2478 0.0566 0.0009 0.031093 0.526455 12.40 
0.279 2.0 1.4 0.2217 0.2827 0.0576 0.0009 0.033685 0.525581 12.40 
0.282 1.8 1.3 0.2446 0.2928 0.0582 0.0009 0.036276 0.525488 12.40 
0.285 1.7 1.4 0.2510 0.2767 0.0590 0.0010 0.036276 0.525656 12.39 
0.288 1.6 1.5 0.2639 0.2695 0.0598 0.0010 0.036276 0.526385 12.40 
0.291 1.4 1.4 0.2807 0.2787 0.0606 0.0010 0.036276 0.526337 12.39 
0.294 1.4 1.7 0.2807 0.2478 0.0614 0.0011 0.036276 0.526927 12.40 
0.297 1.4 1.3 0.2767 0.2888 0.0622 0.0011 0.036276 0.526527 12.40 
0.300 1.5 1.7 0.2711 0.2510 0.0630 0.0011 0.036276 0.526580 12.40 
0.303 1.4 1.6 0.2767 0.2639 0.0638 0.0012 0.036276 0.526089 12.40 
0.306 1.9 1.6 0.2321 0.2574 0.0644 0.0012 0.038867 0.525873 12.40 
0.309 2.0 1.5 0.2217 0.2731 0.0652 0.0012 0.038867 0.525547 12.40 
0.312 2.0 1.2 0.2229 0.2952 0.0663 0.0012 0.041458 0.525578 12.40 
0.315 1.9 1.4 0.2293 0.2848 0.0671 0.0013 0.041458 0.525656 12.40 
0.318 1.8 1.4 0.2446 0.2807 0.0679 0.0013 0.041458 0.525699 12.40 
0.321 1.9 1.4 0.2321 0.2807 0.0685 0.0013 0.044049 0.525932 12.40 
0.324 1.6 1.5 0.2590 0.2711 0.0693 0.0014 0.044049 0.525694 12.40 
0.327 1.5 1.5 0.2711 0.2659 0.0701 0.0014 0.044049 0.525849 12.40 
0.330 1.3 1.5 0.2908 0.2747 0.0709 0.0014 0.044049 0.525798 12.40 
0.333 1.3 1.3 0.2888 0.2868 0.0717 0.0015 0.044049 0.526237 12.40 
0.336 1.4 1.3 0.2827 0.2908 0.0725 0.0015 0.044049 0.525977 12.40 
0.339 1.6 1.4 0.2623 0.2807 0.0733 0.0015 0.044049 0.526514 12.40 
0.342 1.6 1.3 0.2590 0.2868 0.0741 0.0016 0.044049 0.525878 12.40 
0.345 1.7 1.2 0.2538 0.2972 0.0749 0.0016 0.044049 0.526135 12.40 
0.348 1.9 1.3 0.2265 0.2868 0.0755 0.0016 0.046640 0.526025 12.40 
0.351 2.1 1.4 0.2100 0.2787 0.0763 0.0017 0.046640 0.525779 12.40 
0.354 1.8 1.5 0.2418 0.2747 0.0771 0.0017 0.046640 0.526332 12.40 
0.357 1.6 1.4 0.2554 0.2807 0.0779 0.0018 0.046640 0.526083 12.40 
0.360 1.8 1.3 0.2418 0.2908 0.0787 0.0018 0.046640 0.526196 12.40 
0.363 1.8 1.4 0.2434 0.2827 0.0795 0.0018 0.046640 0.526579 12.40 
0.366 1.8 1.2 0.2434 0.3016 0.0805 0.0019 0.049231 0.525969 12.40 
0.369 1.7 1.5 0.2522 0.2711 0.0813 0.0019 0.049231 0.526274 12.40 
0.372 2.0 1.4 0.2241 0.2848 0.0821 0.0020 0.049231 0.525585 12.40 
0.375 1.9 1.6 0.2253 0.2639 0.0827 0.0020 0.051822 0.525753 12.40 
0.378 1.7 1.5 0.2522 0.2659 0.0835 0.0020 0.051822 0.525457 12.40 
0.381 1.5 1.2 0.2695 0.2952 0.0843 0.0021 0.051822 0.525562 12.40 
0.384 1.5 1.5 0.2675 0.2659 0.0851 0.0021 0.051822 0.525878 12.40 
0.387 1.4 1.6 0.2787 0.2623 0.0859 0.0022 0.051822 0.526028 12.40 
0.390 1.3 1.8 0.2868 0.2418 0.0867 0.0022 0.051822 0.526203 12.40 
0.393 1.2 1.5 0.2996 0.2659 0.0875 0.0022 0.051822 0.526242 12.40 
0.396 1.2 1.6 0.2952 0.2639 0.0883 0.0023 0.051822 0.526302 12.41 
0.399 1.4 1.5 0.2807 0.2675 0.0891 0.0023 0.051822 0.525909 12.40 
0.402 1.5 1.4 0.2675 0.2767 0.0899 0.0024 0.051822 0.526018 12.40 
0.405 1.5 1.5 0.2695 0.2747 0.0907 0.0024 0.051822 0.525548 12.40 
0.408 1.6 1.3 0.2623 0.2868 0.0917 0.0025 0.054414 0.525721 12.40 
0.411 1.5 1.4 0.2659 0.2787 0.0925 0.0025 0.054414 0.525795 12.40 
0.414 2.0 1.5 0.2169 0.2747 0.0931 0.0025 0.057005 0.525860 12.40 
0.417 1.8 1.5 0.2418 0.2695 0.0939 0.0026 0.057005 0.526067 12.40 
0.420 1.5 1.4 0.2695 0.2767 0.0947 0.0026 0.057005 0.526231 12.40 
0.423 1.6 1.4 0.2639 0.2787 0.0955 0.0027 0.057005 0.526354 12.40 
0.426 1.8 1.3 0.2362 0.2868 0.0963 0.0027 0.057005 0.526290 12.40 
0.429 1.7 1.3 0.2522 0.2888 0.0971 0.0028 0.057005 0.526784 12.40 
0.432 1.7 1.3 0.2510 0.2868 0.0979 0.0028 0.057005 0.526254 12.40 
0.435 2.0 1.4 0.2229 0.2848 0.0987 0.0028 0.057005 0.526795 12.40 
0.438 2.0 1.3 0.2241 0.2868 0.0995 0.0029 0.057005 0.526026 12.40 
0.441 1.9 1.5 0.2293 0.2731 0.1003 0.0029 0.057005 0.526650 12.40 
0.444 1.7 1.5 0.2494 0.2711 0.1011 0.0030 0.057005 0.526523 12.40 
0.447 1.8 1.4 0.2390 0.2767 0.1020 0.0030 0.057005 0.526806 12.40 
0.450 1.7 1.3 0.2522 0.2868 0.1028 0.0031 0.057005 0.526911 12.40 
0.453 1.8 1.4 0.2434 0.2848 0.1036 0.0031 0.057005 0.526887 12.40 
0.456 1.7 1.5 0.2538 0.2731 0.1044 0.0032 0.057005 0.527350 12.40 
0.459 1.8 1.5 0.2434 0.2747 0.1052 0.0032 0.057005 0.526994 12.40 
0.462 1.7 1.4 0.2494 0.2827 0.1058 0.0033 0.059596 0.527120 12.40 
0.465 1.5 1.4 0.2695 0.2827 0.1066 0.0033 0.059596 0.526484 12.40 
0.468 1.5 1.5 0.2711 0.2731 0.1074 0.0033 0.059596 0.526630 12.40 
0.471 1.6 1.4 0.2623 0.2807 0.1082 0.0034 0.059596 0.526460 12.40 
0.474 1.6 1.3 0.2554 0.2888 0.1090 0.0034 0.059596 0.526494 12.40 
0.477 1.5 1.4 0.2675 0.2767 0.1100 0.0035 0.062187 0.526697 12.40 
0.480 1.3 1.6 0.2888 0.2607 0.1106 0.0035 0.059596 0.527282 12.40 
0.483 1.3 1.1 0.2928 0.3088 0.1116 0.0036 0.062187 0.527326 12.40 
0.486 1.2 1.8 0.2952 0.2390 0.1124 0.0037 0.062187 0.527483 12.40 
0.489 1.4 1.4 0.2827 0.2787 0.1132 0.0037 0.062187 0.527207 12.40 
0.492 1.4 1.4 0.2827 0.2848 0.1140 0.0038 0.062187 0.527150 12.40 
0.495 1.5 1.5 0.2695 0.2731 0.1148 0.0038 0.062187 0.526677 12.40 
0.498 1.7 1.5 0.2538 0.2747 0.1156 0.0039 0.062187 0.526387 12.41 
0.501 2.1 1.3 0.2080 0.2868 0.1162 0.0039 0.064778 0.526291 12.40 
0.504 1.8 1.7 0.2390 0.2538 0.1170 0.0039 0.064778 0.526559 12.40 
0.507 1.6 1.2 0.2554 0.2996 0.1178 0.0040 0.064778 0.526850 12.40 
0.510 1.8 1.5 0.2434 0.2675 0.1186 0.0041 0.064778 0.526892 12.40 
0.513 1.7 1.3 0.2478 0.2908 0.1196 0.0041 0.067369 0.527180 12.39 
0.516 1.7 1.3 0.2510 0.2868 0.1204 0.0042 0.067369 0.526612 12.39 
0.519 1.5 1.3 0.2659 0.2908 0.1212 0.0042 0.067369 0.526843 12.39 
0.522 1.8 1.3 0.2446 0.2928 0.1220 0.0043 0.067369 0.526091 12.40 
0.525 1.8 1.3 0.2390 0.2868 0.1228 0.0043 0.067369 0.525933 12.39 
0.528 2.0 1.4 0.2229 0.2807 0.1236 0.0044 0.067369 0.525733 12.40 
0.531 1.8 1.4 0.2390 0.2827 0.1244 0.0044 0.067369 0.525721 12.39 
0.534 1.8 1.3 0.2402 0.2888 0.1252 0.0045 0.067369 0.525742 12.40 
0.537 1.7 1.3 0.2478 0.2888 0.1260 0.0045 0.067369 0.526439 12.39 
0.540 1.7 1.3 0.2538 0.2888 0.1268 0.0046 0.067369 0.526502 12.39 
0.543 1.5 1.3 0.2711 0.2888 0.1276 0.0047 0.067369 0.526522 12.40 
0.546 1.6 1.3 0.2623 0.2868 0.1286 0.0047 0.069960 0.526065 12.40 
0.549 1.9 1.7 0.2321 0.2522 0.1294 0.0048 0.069960 0.525715 12.39 
0.552 1.4 0.9 0.2767 0.3265 0.1302 0.0048 0.069960 0.525454 12.39 
0.555 2.1 1.8 0.2080 0.2434 0.1310 0.0049 0.069960 0.524799 12.40 
0.558 1.6 1.4 0.2623 0.2848 0.1316 0.0049 0.072551 0.524390 12.39 
0.561 1.5 1.3 0.2711 0.2928 0.1324 0.0050 0.072551 0.524335 12.39 
0.564 1.5 1.4 0.2747 0.2767 0.1332 0.0051 0.072551 0.524718 12.39 
0.567 1.2 1.5 0.2952 0.2711 0.1340 0.0051 0.072551 0.524894 12.39 
0.570 1.4 1.4 0.2787 0.2767 0.1348 0.0052 0.072551 0.525249 12.39 
0.573 1.7 1.7 0.2522 0.2510 0.1356 0.0052 0.072551 0.525173 12.40 
0.576 1.6 1.3 0.2607 0.2908 0.1366 0.0053 0.075143 0.525062 12.39 
0.579 1.7 1.3 0.2538 0.2868 0.1376 0.0054 0.072551 0.524591 12.40 
0.582 1.7 1.3 0.2538 0.2868 0.1382 0.0054 0.075143 0.524186 12.39 
0.585 1.5 1.3 0.2695 0.2908 0.1390 0.0055 0.075143 0.523092 12.40 
0.588 1.5 1.2 0.2695 0.3016 0.1398 0.0055 0.075143 0.522918 12.39 
0.591 1.4 1.2 0.2848 0.2996 0.1406 0.0056 0.075143 0.522773 12.39 
0.594 1.4 1.3 0.2827 0.2928 0.1414 0.0057 0.075143 0.523323 12.40 
0.597 1.4 1.4 0.2827 0.2807 0.1422 0.0057 0.075143 0.523192 12.40 
0.600 1.4 1.4 0.2827 0.2767 0.1432 0.0058 0.077734 0.523738 12.40 
0.603 4.0 4.3 0.2952 0.2731 0.1440 0.0059 0.077734 0.523522 12.37 
0.606 3.8 3.9 0.3185 0.3137 0.1448 0.0059 0.077734 0.523834 12.36 
0.609 3.8 3.0 0.3161 0.3976 0.1460 0.0060 0.077734 0.523159 12.36 
0.612 3.2 3.1 0.3823 0.3936 0.1472 0.0061 0.077734 0.522179 12.37 
0.615 3.4 3.3 0.3615 0.3715 0.1482 0.0062 0.080325 0.520011 12.37 
0.618 3.7 3.3 0.3289 0.3651 0.1490 0.0062 0.080325 0.518312 12.37 
0.621 3.5 3.7 0.3462 0.3289 0.1502 0.0063 0.080325 0.516582 12.35 
0.624 4.2 3.5 0.2848 0.3462 0.1510 0.0064 0.080325 0.514615 12.36 
0.627 3.1 3.3 0.3860 0.3715 0.1522 0.0065 0.080325 0.514008 12.36 
0.630 3.6 3.2 0.3430 0.3751 0.1534 0.0066 0.080325 0.513636 12.37 
0.633 3.4 3.6 0.3615 0.3430 0.1542 0.0067 0.080325 0.512645 12.37 
0.636 3.2 3.1 0.3751 0.3936 0.1554 0.0068 0.080325 0.511309 12.38 
0.639 3.6 3.3 0.3402 0.3683 0.1564 0.0068 0.082916 0.509769 12.37 
0.642 3.6 3.1 0.3430 0.3896 0.1576 0.0069 0.082916 0.508740 12.37 
0.645 3.3 3.0 0.3683 0.4016 0.1588 0.0070 0.082916 0.507682 12.38 
0.648 3.4 3.1 0.3615 0.3860 0.1600 0.0071 0.082916 0.507656 12.37 
0.651 2.9 3.4 0.4056 0.3615 0.1610 0.0072 0.080325 0.507893 12.38 
0.654 3.5 3.3 0.3490 0.3683 0.1622 0.0073 0.080325 0.507567 12.38 
0.657 3.8 3.1 0.3185 0.3896 0.1632 0.0074 0.082916 0.507604 12.38 
0.660 3.2 3.1 0.3787 0.3860 0.1644 0.0075 0.082916 0.507935 12.38 
0.663 3.4 3.0 0.3582 0.4016 0.1656 0.0076 0.082916 0.508077 12.38 
0.666 2.9 3.5 0.4137 0.3522 0.1668 0.0077 0.082916 0.507742 12.39 
0.669 2.7 2.8 0.4269 0.4225 0.1680 0.0078 0.082916 0.507927 12.38 
0.672 2.8 3.0 0.4225 0.4016 0.1692 0.0079 0.082916 0.507582 12.39 
0.675 3.1 2.6 0.3936 0.4362 0.1706 0.0080 0.080325 0.506534 12.38 
0.678 3.5 2.4 0.3490 0.4562 0.1720 0.0081 0.082916 0.506000 12.39 
0.681 2.9 2.6 0.4056 0.4362 0.1732 0.0082 0.082916 0.504652 12.39 
0.684 2.8 2.4 0.4225 0.4615 0.1744 0.0083 0.082916 0.503051 12.40 
0.687 2.8 2.6 0.4225 0.4410 0.1759 0.0085 0.085507 0.503787 12.40 
0.690 2.6 2.8 0.4410 0.4181 0.1771 0.0086 0.085507 0.503646 12.39 
0.693 3.1 2.5 0.3936 0.4510 0.1783 0.0087 0.085507 0.503592 12.40 
0.696 2.9 2.7 0.4097 0.4269 0.1797 0.0088 0.082916 0.502873 12.39 
0.699 3.2 2.9 0.3823 0.4137 0.1809 0.0089 0.082916 0.501871 12.39 
0.702 2.7 2.6 0.4317 0.4410 0.1823 0.0090 0.085507 0.501513 12.40 
0.705 2.8 2.5 0.4225 0.4462 0.1835 0.0091 0.085507 0.500899 12.40 
0.708 2.4 2.4 0.4615 0.4615 0.1847 0.0092 0.085507 0.500523 12.40 
0.711 2.4 2.5 0.4562 0.4510 0.1863 0.0093 0.085507 0.500362 12.40 
0.714 3.2 3.1 0.3823 0.3896 0.1875 0.0094 0.085507 0.500904 12.40 
0.717 3.1 2.3 0.3936 0.4667 0.1889 0.0096 0.088098 0.500585 12.40 
0.720 3.3 2.4 0.3651 0.4615 0.1901 0.0097 0.088098 0.500133 12.40 
0.723 2.9 2.3 0.4097 0.4667 0.1917 0.0098 0.088098 0.499872 12.40 
0.726 2.1 2.3 0.4896 0.4723 0.1929 0.0099 0.088098 0.501056 12.40 
0.729 2.2 2.4 0.4836 0.4615 0.1943 0.0100 0.085507 0.501076 12.40 
0.732 2.8 2.3 0.4181 0.4667 0.1957 0.0102 0.088098 0.500659 12.40 
0.735 2.5 2.2 0.4462 0.4836 0.1969 0.0103 0.088098 0.499413 12.40 
0.738 2.8 2.3 0.4225 0.4723 0.1983 0.0104 0.090689 0.498915 12.40 
0.741 2.3 2.3 0.4667 0.4667 0.1997 0.0105 0.088098 0.498773 12.40 
0.744 2.2 2.3 0.4836 0.4667 0.2011 0.0106 0.090689 0.499775 12.40 
0.747 2.3 2.3 0.4667 0.4667 0.2025 0.0108 0.088098 0.498874 12.40 
0.750 3.0 2.3 0.4016 0.4723 0.2039 0.0109 0.090689 0.499259 12.40 
0.753 2.5 2.4 0.4462 0.4615 0.2051 0.0110 0.090689 0.498995 12.40 
0.756 2.2 3.0 0.4779 0.4016 0.2065 0.0111 0.088098 0.498727 12.40 
0.759 2.5 2.3 0.4510 0.4723 0.2079 0.0113 0.090689 0.498732 12.40 
0.762 3.1 2.3 0.3896 0.4723 0.2095 0.0114 0.090689 0.498835 12.40 
0.765 2.3 2.1 0.4723 0.4896 0.2107 0.0115 0.090689 0.498538 12.40 
0.768 2.4 2.0 0.4615 0.5020 0.2123 0.0117 0.090689 0.498143 12.40 
0.771 2.4 2.1 0.4615 0.4896 0.2135 0.0118 0.090689 0.497637 12.40 
0.774 2.3 2.3 0.4723 0.4723 0.2149 0.0119 0.093280 0.497585 12.40 
0.777 2.2 2.2 0.4836 0.4836 0.2165 0.0120 0.093280 0.497314 12.39 
0.780 2.5 2.1 0.4462 0.4896 0.2177 0.0121 0.093280 0.497533 12.40 
0.783 2.4 2.2 0.4562 0.4836 0.2193 0.0123 0.093280 0.497282 12.40 
0.786 2.4 2.3 0.4615 0.4723 0.2205 0.0124 0.093280 0.497106 12.40 
0.789 3.0 2.2 0.4016 0.4779 0.2221 0.0126 0.093280 0.496417 12.40 
0.792 2.4 2.4 0.4562 0.4615 0.2233 0.0127 0.093280 0.496338 12.40 
0.795 2.4 2.0 0.4615 0.5020 0.2247 0.0128 0.095872 0.497162 12.40 
0.798 2.1 2.0 0.4896 0.4956 0.2263 0.0130 0.095872 0.496498 12.40 
0.801 3.1 2.1 0.3936 0.4896 0.2275 0.0131 0.095872 0.497224 12.40 
0.804 3.2 2.1 0.3787 0.4896 0.2291 0.0132 0.095872 0.495925 12.40 
0.807 2.3 2.0 0.4723 0.5020 0.2305 0.0134 0.098463 0.495847 12.40 
0.810 2.1 2.1 0.4896 0.4896 0.2319 0.0135 0.095872 0.496722 12.40 
0.813 2.2 2.1 0.4836 0.4896 0.2332 0.0136 0.098463 0.496610 12.40 
0.816 2.4 1.9 0.4562 0.5081 0.2348 0.0138 0.098463 0.497028 12.40 
0.819 2.3 2.2 0.4667 0.4836 0.2360 0.0139 0.098463 0.496517 12.40 
0.822 2.4 2.3 0.4562 0.4723 0.2376 0.0141 0.098463 0.496191 12.40 
0.825 2.3 2.2 0.4667 0.4779 0.2388 0.0142 0.098463 0.496687 12.39 
0.828 2.2 2.2 0.4779 0.4836 0.2404 0.0143 0.098463 0.496820 12.40 
0.831 2.2 2.1 0.4836 0.4896 0.2416 0.0145 0.098463 0.497269 12.40 
0.834 2.6 1.9 0.4410 0.5149 0.2430 0.0146 0.101054 0.497431 12.40 
0.837 2.7 2.2 0.4317 0.4779 0.2446 0.0148 0.101054 0.496806 12.40 
0.840 2.3 2.0 0.4723 0.4956 0.2458 0.0149 0.101054 0.496629 12.40 
0.843 2.3 2.0 0.4723 0.4956 0.2474 0.0151 0.101054 0.496425 12.39 
0.846 3.1 2.1 0.3896 0.4896 0.2488 0.0152 0.103645 0.497088 12.40 
0.849 3.0 2.1 0.4016 0.4896 0.2502 0.0153 0.101054 0.497250 12.40 
0.852 2.4 2.2 0.4615 0.4779 0.2516 0.0155 0.103645 0.496689 12.39 
0.855 2.5 1.9 0.4510 0.5149 0.2530 0.0156 0.106236 0.496382 12.39 
0.858 2.6 2.0 0.4362 0.5020 0.2544 0.0158 0.103645 0.495605 12.39 
0.861 2.1 2.0 0.4896 0.4956 0.2558 0.0159 0.106236 0.496065 12.39 
0.864 2.2 2.0 0.4779 0.4956 0.2574 0.0161 0.106236 0.496007 12.40 
0.867 2.4 2.1 0.4615 0.4896 0.2586 0.0162 0.106236 0.496081 12.40 
0.870 2.6 2.0 0.4410 0.5020 0.2602 0.0164 0.106236 0.495385 12.39 
0.873 2.6 1.7 0.4410 0.5281 0.2616 0.0165 0.108827 0.494552 12.39 
0.876 2.5 2.2 0.4510 0.4836 0.2628 0.0167 0.108827 0.495051 12.39 
0.879 2.3 1.9 0.4723 0.5149 0.2644 0.0168 0.108827 0.495191 12.40 
0.882 2.3 2.0 0.4723 0.5020 0.2660 0.0170 0.108827 0.496276 12.39 
0.885 2.3 2.0 0.4667 0.4956 0.2674 0.0172 0.111418 0.496141 12.40 
0.888 3.2 2.0 0.3751 0.4956 0.2686 0.0173 0.111418 0.495081 12.40 
0.891 2.6 2.2 0.4410 0.4836 0.2702 0.0175 0.111418 0.495382 12.39 
0.894 2.1 1.8 0.4896 0.5213 0.2716 0.0176 0.114009 0.494943 12.39 
0.897 2.0 2.0 0.5020 0.5020 0.2732 0.0178 0.114009 0.494906 12.40 
0.900 2.2 2.0 0.4779 0.4956 0.2746 0.0180 0.111418 0.494205 12.39 
0.903 3.0 2.0 0.4016 0.4956 0.2760 0.0181 0.114009 0.494090 12.39 
0.906 2.4 2.0 0.4562 0.5020 0.2774 0.0183 0.116600 0.493562 12.39 
0.909 2.0 2.0 0.4956 0.5020 0.2788 0.0185 0.114009 0.494138 12.39 
0.912 2.2 1.7 0.4836 0.5281 0.2802 0.0186 0.116600 0.494995 12.39 
0.915 2.4 2.0 0.4562 0.4956 0.2818 0.0188 0.116600 0.495166 12.39 
0.918 2.3 1.9 0.4667 0.5081 0.2830 0.0190 0.116600 0.495116 12.39 
0.921 2.3 2.0 0.4667 0.5020 0.2846 0.0191 0.116600 0.494635 12.39 
0.924 2.4 2.0 0.4562 0.4956 0.2860 0.0193 0.119192 0.495046 12.38 
0.927 2.0 1.9 0.5020 0.5081 0.2876 0.0195 0.119192 0.494256 12.39 
0.930 2.5 2.1 0.4510 0.4896 0.2888 0.0196 0.119192 0.494180 12.39 
0.933 2.2 1.7 0.4836 0.5281 0.2903 0.0198 0.119192 0.494643 12.39 
0.936 2.0 1.9 0.4956 0.5081 0.2919 0.0200 0.119192 0.493677 12.38 
0.939 2.5 2.0 0.4510 0.5020 0.2933 0.0202 0.121783 0.493624 12.39 
0.942 2.3 1.9 0.4723 0.5149 0.2947 0.0204 0.119192 0.493027 12.39 
0.945 2.1 1.9 0.4896 0.5081 0.2961 0.0205 0.121783 0.493438 12.39 
0.948 2.2 1.9 0.4836 0.5081 0.2977 0.0207 0.121783 0.493152 12.40 
0.951 2.4 1.8 0.4562 0.5213 0.2991 0.0209 0.124374 0.493041 12.39 
0.954 2.7 2.0 0.4269 0.4956 0.3003 0.0211 0.124374 0.493233 12.39 
0.957 2.2 1.9 0.4836 0.5081 0.3019 0.0213 0.124374 0.492200 12.39 
0.960 2.0 1.9 0.4956 0.5081 0.3035 0.0215 0.124374 0.492503 12.40 
0.963 2.1 1.9 0.4896 0.5149 0.3049 0.0216 0.126965 0.492652 12.40 
0.966 2.4 1.9 0.4562 0.5081 0.3063 0.0218 0.124374 0.492795 12.40 
0.969 2.0 2.0 0.4956 0.5020 0.3077 0.0220 0.126965 0.492720 12.40 
0.972 2.3 1.8 0.4723 0.5213 0.3093 0.0222 0.126965 0.491995 12.39 
0.975 2.4 1.9 0.4615 0.5081 0.3107 0.0224 0.129556 0.491996 12.38 
0.978 2.2 2.0 0.4836 0.4956 0.3121 0.0225 0.126965 0.491947 12.39 
0.981 2.2 2.1 0.4779 0.4896 0.3135 0.0227 0.129556 0.491886 12.39 
0.984 2.2 2.1 0.4779 0.4896 0.3151 0.0229 0.129556 0.491601 12.39 
0.987 2.6 1.9 0.4362 0.5081 0.3162 0.0231 0.129556 0.491081 12.40 
0.990 2.4 1.8 0.4615 0.5213 0.3178 0.0233 0.129556 0.490458 12.39 
0.993 2.2 2.0 0.4779 0.5020 0.3192 0.0235 0.132147 0.490182 12.39 
0.996 2.2 2.0 0.4779 0.4956 0.3206 0.0237 0.129556 0.490527 12.39 
0.999 2.5 1.9 0.4462 0.5081 0.3220 0.0238 0.132147 0.490045 12.39 
1.002 2.4 1.8 0.4562 0.5213 0.3234 0.0240 0.134738 0.490263 12.39 
1.005 2.3 1.9 0.4667 0.5081 0.3250 0.0242 0.134738 0.489590 12.39 
1.008 2.6 2.1 0.4410 0.4896 0.3262 0.0244 0.134738 0.489377 12.39 
1.011 3.0 1.8 0.3976 0.5213 0.3278 0.0246 0.134738 0.489666 12.40 
1.014 2.1 1.9 0.4896 0.5149 0.3292 0.0248 0.137329 0.489410 12.38 
1.017 2.2 2.0 0.4836 0.5020 0.3308 0.0250 0.137329 0.490082 12.40 
1.020 2.4 2.0 0.4615 0.4956 0.3320 0.0252 0.137329 0.489313 12.40 
1.023 2.6 2.1 0.4410 0.4896 0.3336 0.0254 0.137329 0.489342 12.39 
1.026 2.1 2.3 0.4896 0.4723 0.3350 0.0256 0.139921 0.488965 12.40 
1.029 2.1 2.7 0.4896 0.4269 0.3363 0.0258 0.137329 0.489185 12.40 
1.032 2.2 2.0 0.4779 0.5020 0.3377 0.0260 0.139921 0.489662 12.40 
1.035 2.4 1.9 0.4562 0.5081 0.3393 0.0262 0.139921 0.488937 12.40 
1.038 2.3 1.9 0.4667 0.5081 0.3407 0.0264 0.142512 0.488489 12.40 
1.041 2.2 1.9 0.4779 0.5081 0.3421 0.0266 0.139921 0.487545 12.40 
1.044 2.3 2.1 0.4723 0.4896 0.3435 0.0268 0.142512 0.487300 12.40 
1.047 2.2 2.2 0.4779 0.4836 0.3451 0.0270 0.142512 0.487129 12.40 
1.050 2.2 1.9 0.4779 0.5081 0.3463 0.0272 0.142512 0.487277 12.40 
1.053 2.8 2.0 0.4225 0.5020 0.3479 0.0274 0.142512 0.487373 12.40 
1.056 2.6 2.0 0.4362 0.4956 0.3493 0.0276 0.145103 0.486182 12.40 
1.059 2.1 2.2 0.4896 0.4836 0.3507 0.0278 0.142512 0.486930 12.40 
1.062 2.5 2.2 0.4462 0.4836 0.3521 0.0281 0.145103 0.486906 12.40 
1.065 2.1 2.3 0.4896 0.4723 0.3536 0.0283 0.145103 0.486931 12.40 
1.068 2.6 2.3 0.4410 0.4723 0.3548 0.0285 0.145103 0.485096 12.40 
1.071 2.6 1.9 0.4410 0.5081 0.3564 0.0287 0.145103 0.484598 12.40 
1.074 2.1 1.9 0.4896 0.5081 0.3578 0.0289 0.147694 0.484672 12.40 
1.077 2.0 1.9 0.5020 0.5081 0.3594 0.0291 0.147694 0.484825 12.40 
1.080 2.3 1.9 0.4667 0.5149 0.3608 0.0293 0.145103 0.485871 12.40 
1.083 2.5 2.0 0.4510 0.4956 0.3622 0.0295 0.147694 0.485542 12.40 
1.086 2.3 2.2 0.4723 0.4836 0.3636 0.0297 0.150285 0.485133 12.40 
1.089 2.2 2.0 0.4779 0.4956 0.3650 0.0300 0.147694 0.484499 12.40 
1.092 2.0 2.0 0.5020 0.5020 0.3666 0.0302 0.147694 0.484450 12.40 
1.095 2.3 2.0 0.4667 0.4956 0.3679 0.0304 0.150285 0.484922 12.40 
1.098 2.2 2.1 0.4779 0.4896 0.3691 0.0306 0.150285 0.484698 12.40 
1.101 2.1 2.1 0.4896 0.4896 0.3707 0.0308 0.150285 0.484548 12.40 
1.104 -9.0 -9.0 0.4462 0.4510 0.3721 0.0310 0.152876 0.484218 12.14 
1.107 -9.0 -9.0 0.2639 0.3040 0.3729 0.0312 0.152876 0.483974 11.93 
1.110 -7.9 -8.1 0.0888 0.1064 0.3729 0.0312 0.152876 0.484471 11.94 
1.113 -6.4 -6.2 -0.0578 -0.0751 0.3725 0.0311 0.152876 0.484249 12.09 
1.116 -4.2 -4.8 -0.2827 -0.2193 0.3717 0.0310 0.152876 0.487081 12.26 
1.119 -3.1 -4.5 -0.3860 -0.2478 0.3709 0.0309 0.152876 0.490948 12.34 
1.122 -3.1 -4.5 -0.3936 -0.2478 0.3701 0.0307 0.158059 0.493930 12.37 
1.125 -2.7 -5.0 -0.4317 -0.2048 0.3691 0.0306 0.160650 0.494368 12.38 
1.128 -2.1 -5.3 -0.4896 -0.1735 0.3681 0.0304 0.168423 0.496685 12.37 
1.131 -2.1 -5.7 -0.4896 -0.1285 0.3674 0.0303 0.173605 0.497573 12.36 
1.134 -2.0 -5.8 -0.4956 -0.1169 0.3664 0.0301 0.181379 0.499256 12.37 
1.137 -1.9 -5.8 -0.5081 -0.1229 0.3654 0.0299 0.189152 0.500753 12.36 
1.140 -2.0 -5.3 -0.5020 -0.1671 0.3644 0.0297 0.196925 0.500386 12.37 
1.143 -2.1 -5.2 -0.4896 -0.1815 0.3632 0.0295 0.202108 0.500944 12.37 
1.146 -2.0 -5.7 -0.4956 -0.1289 0.3626 0.0294 0.209881 0.500410 12.37 
1.149 -1.6 -5.9 -0.5426 -0.1084 0.3616 0.0291 0.217655 0.500500 12.36 
1.152 -1.7 -6.3 -0.5281 -0.0739 0.3609 0.0290 0.228019 0.500836 12.36 
1.155 -1.8 -6.5 -0.5213 -0.0474 0.3601 0.0288 0.238384 0.500583 12.35 
1.158 -1.9 -6.6 -0.5149 -0.0382 0.3591 0.0285 0.246157 0.500114 12.35 
1.161 -1.6 -6.6 -0.5354 -0.0382 0.3583 0.0283 0.256521 0.499829 12.35 
1.164 -3.1 -6.3 -0.3936 -0.0743 0.3575 0.0281 0.261704 0.499660 12.35 
1.167 -2.8 -5.6 -0.4225 -0.1398 0.3568 0.0279 0.266886 0.500344 12.35 
1.170 -3.7 -4.9 -0.3346 -0.2100 0.3560 0.0277 0.266886 0.502172 12.34 
1.173 -4.2 -4.8 -0.2807 -0.2193 0.3554 0.0275 0.269477 0.504589 12.34 
1.176 -4.3 -4.9 -0.2747 -0.2125 0.3546 0.0273 0.269477 0.508159 12.32 
1.179 -4.0 -5.0 -0.3016 -0.1988 0.3541 0.0272 0.272068 0.510852 12.32 
1.182 -3.7 -4.8 -0.3317 -0.2205 0.3531 0.0269 0.274659 0.512699 12.34 
1.185 -2.8 -4.6 -0.4225 -0.2390 0.3521 0.0266 0.277251 0.514300 12.35 
1.188 -2.7 -4.7 -0.4317 -0.2265 0.3514 0.0264 0.282433 0.515392 12.37 
1.191 -2.4 -5.2 -0.4615 -0.1799 0.3502 0.0261 0.287615 0.516201 12.37 
1.194 -2.0 -5.2 -0.4956 -0.1799 0.3492 0.0258 0.295388 0.516737 12.36 
1.197 -1.9 -5.0 -0.5081 -0.2008 0.3483 0.0255 0.297980 0.516967 12.37 
1.200 -3.2 -5.1 -0.3787 -0.1948 0.3475 0.0252 0.303162 0.517664 12.36 
1.203 -3.6 -4.6 -0.3374 -0.2418 0.3466 0.0249 0.305753 0.519267 12.34 
1.206 -4.6 -4.6 -0.2374 -0.2362 0.3460 0.0248 0.303162 0.521691 12.33 
1.209 -5.1 -4.3 -0.1948 -0.2747 0.3452 0.0245 0.303162 0.524570 12.31 
1.212 -4.4 -3.9 -0.2623 -0.3088 0.3444 0.0243 0.303162 0.527568 12.32 
1.215 -4.0 -4.0 -0.2952 -0.2996 0.3437 0.0240 0.303162 0.529774 12.33 
1.218 -3.2 -4.7 -0.3823 -0.2305 0.3427 0.0237 0.305753 0.531410 12.34 
1.221 -3.0 -4.1 -0.3976 -0.2868 0.3418 0.0234 0.308344 0.532430 12.35 
1.224 -3.1 -4.8 -0.3896 -0.2217 0.3408 0.0231 0.310935 0.533087 12.35 
1.227 -3.2 -4.5 -0.3787 -0.2494 0.3399 0.0228 0.313526 0.533714 12.35 
1.230 -2.9 -4.9 -0.4137 -0.2088 0.3387 0.0225 0.318709 0.534587 12.36 
1.233 -3.6 -4.8 -0.3430 -0.2229 0.3381 0.0223 0.321300 0.535746 12.36 
1.236 -3.6 -4.3 -0.3402 -0.2731 0.3372 0.0219 0.323891 0.537020 12.35 
1.239 -4.0 -3.7 -0.2952 -0.3289 0.3362 0.0216 0.321300 0.538875 12.34 
1.242 -4.2 -3.7 -0.2807 -0.3265 0.3355 0.0214 0.321300 0.540867 12.34 
1.245 -4.1 -4.1 -0.2908 -0.2888 0.3347 0.0211 0.321300 0.543157 12.33 
1.248 -3.7 -3.9 -0.3346 -0.3064 0.3338 0.0208 0.318709 0.544968 12.34 
1.251 -3.7 -4.0 -0.3317 -0.3016 0.3328 0.0205 0.321300 0.546284 12.35 
1.254 -3.7 -4.1 -0.3289 -0.2868 0.3320 0.0202 0.321300 0.547675 12.34 
1.257 -3.1 -4.2 -0.3860 -0.2827 0.3311 0.0199 0.323891 0.548182 12.34 
1.260 -3.2 -4.0 -0.3787 -0.3040 0.3301 0.0196 0.326482 0.549016 12.35 
1.263 -2.9 -3.9 -0.4097 -0.3088 0.3290 0.0192 0.326482 0.549436 12.36 
1.266 -3.2 -3.3 -0.3823 -0.3651 0.3280 0.0189 0.329073 0.549986 12.36 
1.269 -3.2 -3.5 -0.3823 -0.3522 0.3269 0.0185 0.329073 0.550502 12.36 
1.272 -3.4 -3.6 -0.3550 -0.3430 0.3261 0.0182 0.329073 0.551944 12.36 
1.275 -3.9 -3.8 -0.3137 -0.3213 0.3250 0.0179 0.329073 0.553186 12.35 
1.278 -4.5 -3.5 -0.2494 -0.3462 0.3242 0.0176 0.329073 0.554899 12.35 
1.281 -3.5 -3.7 -0.3462 -0.3265 0.3233 0.0173 0.326482 0.556237 12.35 
1.284 -3.2 -3.8 -0.3823 -0.3237 0.3223 0.0169 0.329073 0.557198 12.35 
1.287 -3.3 -3.7 -0.3683 -0.3317 0.3212 0.0166 0.329073 0.557810 12.36 
1.290 -3.1 -3.1 -0.3860 -0.3936 0.3201 0.0162 0.329073 0.558066 12.36 
1.293 -3.4 -3.2 -0.3582 -0.3751 0.3191 0.0158 0.331664 0.558449 12.37 
1.296 -3.1 -3.5 -0.3860 -0.3522 0.3180 0.0154 0.331664 0.558984 12.36 
1.299 -3.4 -3.4 -0.3615 -0.3582 0.3170 0.0151 0.329073 0.559270 12.36 
1.302 -4.0 -3.6 -0.3040 -0.3374 0.3163 0.0149 0.329073 0.560405 12.35 
1.305 -4.0 -3.6 -0.3040 -0.3374 0.3151 0.0145 0.329073 0.561396 12.35 
1.308 -4.0 -3.4 -0.2952 -0.3615 0.3144 0.0142 0.329073 0.562440 12.36 
1.311 -3.2 -2.9 -0.3823 -0.4056 0.3132 0.0138 0.329073 0.562942 12.37 
1.314 -3.4 -3.1 -0.3615 -0.3860 0.3123 0.0135 0.326482 0.564069 12.38 
1.317 -3.8 -2.8 -0.3213 -0.4181 0.3111 0.0131 0.326482 0.564681 12.37 
1.320 -4.1 -2.9 -0.2928 -0.4137 0.3102 0.0128 0.323891 0.565417 12.37 
1.323 -3.4 -3.2 -0.3550 -0.3823 0.3090 0.0124 0.323891 0.566054 12.37 
1.326 -3.7 -3.5 -0.3317 -0.3490 0.3081 0.0121 0.321300 0.566777 12.37 
1.329 -4.2 -3.0 -0.2848 -0.4016 0.3069 0.0117 0.321300 0.567538 12.36 
1.332 -3.6 -2.8 -0.3374 -0.4225 0.3060 0.0114 0.318709 0.568409 12.37 
1.335 -3.5 -3.1 -0.3462 -0.3936 0.3048 0.0110 0.318709 0.569570 12.37 
1.338 -3.5 -3.2 -0.3522 -0.3823 0.3039 0.0107 0.316118 0.569950 12.38 
1.341 -4.0 -2.9 -0.3016 -0.4137 0.3027 0.0103 0.316118 0.570685 12.37 
1.344 -3.9 -3.3 -0.3137 -0.3651 0.3018 0.0100 0.313526 0.570966 12.37 
1.347 -3.6 -3.1 -0.3430 -0.3936 0.3006 0.0096 0.313526 0.572384 12.37 
1.350 -3.4 -2.9 -0.3550 -0.4056 0.2997 0.0093 0.310935 0.572172 12.37 
1.353 -3.5 -2.9 -0.3490 -0.4056 0.2987 0.0090 0.308344 0.573601 12.37 
1.356 -4.0 -2.8 -0.3040 -0.4181 0.2976 0.0087 0.308344 0.574419 12.37 
1.359 -3.2 -2.7 -0.3787 -0.4269 0.2964 0.0083 0.308344 0.574109 12.38 
1.362 -3.5 -3.3 -0.3462 -0.3651 0.2955 0.0080 0.305753 0.575298 12.38 
1.365 -3.7 -3.0 -0.3346 -0.3976 0.2945 0.0077 0.303162 0.574994 12.38 
1.368 -3.9 -2.8 -0.3137 -0.4225 0.2934 0.0073 0.303162 0.576406 12.37 
1.371 -3.8 -2.8 -0.3185 -0.4225 0.2924 0.0070 0.300571 0.576429 12.38 
1.374 -3.2 -2.5 -0.3823 -0.4462 0.2911 0.0066 0.297980 0.576734 12.38 
1.377 -3.7 -2.5 -0.3265 -0.4510 0.2899 0.0063 0.297980 0.577073 12.39 
1.380 -3.1 -2.6 -0.3896 -0.4362 0.2888 0.0059 0.297980 0.577376 12.39 
1.383 -3.3 -2.8 -0.3683 -0.4181 0.2878 0.0056 0.295388 0.577175 12.38 
1.386 -3.9 -2.7 -0.3137 -0.4317 0.2865 0.0052 0.292797 0.578160 12.38 
1.389 -3.1 -2.5 -0.3936 -0.4510 0.2853 0.0049 0.292797 0.578044 12.38 
1.392 -3.0 -2.5 -0.3976 -0.4462 0.2843 0.0046 0.290206 0.578778 12.39 
1.395 -3.6 -2.6 -0.3430 -0.4410 0.2830 0.0042 0.287615 0.578894 12.39 
1.398 -3.1 -2.9 -0.3896 -0.4137 0.2818 0.0038 0.287615 0.579026 12.39 
1.401 -3.4 -2.7 -0.3582 -0.4269 0.2807 0.0035 0.287615 0.579445 12.39 
1.404 -3.1 -2.4 -0.3936 -0.4615 0.2795 0.0031 0.287615 0.579942 12.39 
1.407 -3.3 -2.4 -0.3651 -0.4562 0.2782 0.0027 0.285024 0.580118 12.39 
1.410 -3.2 -2.5 -0.3751 -0.4510 0.2770 0.0024 0.285024 0.580545 12.39 
1.413 -3.2 -2.4 -0.3823 -0.4615 0.2759 0.0021 0.285024 0.580918 12.39 
1.416 -2.9 -2.5 -0.4097 -0.4462 0.2745 0.0017 0.282433 0.580428 12.39 
1.419 -3.2 -2.6 -0.3751 -0.4362 0.2734 0.0013 0.282433 0.580426 12.39 
1.422 -3.0 -2.4 -0.3976 -0.4615 0.2722 0.0010 0.282433 0.580026 12.39 
1.425 -3.0 -2.7 -0.3976 -0.4269 0.2709 0.0006 0.279842 0.580415 12.39 
1.428 -3.0 -2.6 -0.4016 -0.4410 0.2697 0.0003 0.279842 0.580739 12.39 
1.431 -2.8 -2.5 -0.4225 -0.4510 0.2683 -0.0001 0.277251 0.580587 12.39 
1.434 -2.8 -2.5 -0.4225 -0.4462 0.2672 -0.0004 0.277251 0.580801 12.39 
1.437 -2.8 -2.6 -0.4181 -0.4410 0.2660 -0.0008 0.277251 0.580531 12.40 
1.440 -3.1 -2.8 -0.3936 -0.4225 0.2647 -0.0011 0.274659 0.580628 12.39 
1.443 -2.7 -2.4 -0.4269 -0.4615 0.2633 -0.0015 0.277251 0.580535 12.39 
1.446 -2.8 -2.2 -0.4181 -0.4779 0.2622 -0.0019 0.277251 0.579897 12.39 
1.449 -2.9 -2.6 -0.4137 -0.4362 0.2608 -0.0022 0.274659 0.579210 12.39 
1.452 -3.0 -2.5 -0.3976 -0.4510 0.2597 -0.0026 0.274659 0.578891 12.40 
1.455 -2.6 -2.3 -0.4410 -0.4723 0.2583 -0.0029 0.272068 0.578926 12.39 
1.458 -2.4 -2.3 -0.4562 -0.4723 0.2569 -0.0033 0.274659 0.578287 12.40 
1.461 -2.5 -2.3 -0.4462 -0.4723 0.2558 -0.0037 0.274659 0.578733 12.39 
1.464 -2.4 -2.1 -0.4562 -0.4896 0.2544 -0.0040 0.272068 0.578481 12.39 
1.467 -2.8 -3.0 -0.4225 -0.3976 0.2531 -0.0044 0.274659 0.578153 12.40 
1.470 -2.7 -2.5 -0.4317 -0.4462 0.2517 -0.0048 0.272068 0.577940 12.39 
1.473 -2.7 -2.2 -0.4269 -0.4779 0.2504 -0.0052 0.269477 0.577390 12.40 
1.476 -2.4 -2.1 -0.4615 -0.4896 0.2492 -0.0055 0.269477 0.576767 12.40 
1.479 -3.0 -2.2 -0.3976 -0.4836 0.2477 -0.0059 0.269477 0.577028 12.40 
1.482 -2.4 -2.5 -0.4615 -0.4510 0.2465 -0.0062 0.269477 0.576419 12.39 
1.485 -2.3 -2.4 -0.4667 -0.4562 0.2449 -0.0067 0.269477 0.576045 12.39 
1.488 -2.5 -2.2 -0.4510 -0.4836 0.2438 -0.0070 0.269477 0.575706 12.40 
1.491 -2.3 -2.2 -0.4723 -0.4836 0.2424 -0.0074 0.266886 0.575373 12.40 
1.494 -2.4 -2.2 -0.4562 -0.4836 0.2411 -0.0077 0.269477 0.575430 12.39 
1.497 -2.6 -2.3 -0.4362 -0.4723 0.2397 -0.0081 0.266886 0.574861 12.39 
1.500 -2.6 -2.2 -0.4362 -0.4779 0.2386 -0.0084 0.266886 0.574316 12.39 
1.503 -2.3 -2.2 -0.4667 -0.4779 0.2370 -0.0088 0.266886 0.573932 12.39 
1.506 -2.5 -2.0 -0.4462 -0.4956 0.2357 -0.0092 0.264295 0.573246 12.40 
1.509 -2.6 -1.9 -0.4362 -0.5081 0.2345 -0.0095 0.264295 0.572928 12.40 
1.512 -2.3 -2.1 -0.4723 -0.4896 0.2329 -0.0099 0.264295 0.573506 12.40 
1.515 -2.6 -2.2 -0.4362 -0.4779 0.2318 -0.0103 0.264295 0.573033 12.40 
1.518 -2.4 -2.3 -0.4615 -0.4667 0.2302 -0.0107 0.264295 0.572948 12.39 
1.521 -2.3 -2.3 -0.4667 -0.4723 0.2291 -0.0110 0.264295 0.572962 12.39 
1.524 -2.2 -2.2 -0.4779 -0.4836 0.2275 -0.0114 0.264295 0.572057 12.39 
1.527 -2.3 -1.9 -0.4667 -0.5081 0.2262 -0.0118 0.261704 0.572418 12.39 
1.530 -2.3 -2.1 -0.4723 -0.4896 0.2250 -0.0121 0.261704 0.571930 12.39 
1.533 -2.2 -2.2 -0.4779 -0.4779 0.2234 -0.0125 0.261704 0.571992 12.38 
1.536 -2.5 -2.0 -0.4510 -0.4956 0.2223 -0.0128 0.261704 0.571608 12.40 
1.539 -2.5 -2.1 -0.4462 -0.4896 0.2207 -0.0132 0.261704 0.570988 12.39 
1.542 -2.6 -2.1 -0.4410 -0.4896 0.2194 -0.0136 0.259113 0.570685 12.39 
1.545 -2.2 -1.9 -0.4779 -0.5081 0.2180 -0.0140 0.261704 0.571283 12.39 
1.548 -2.5 -2.3 -0.4462 -0.4723 0.2166 -0.0143 0.259113 0.570215 12.39 
1.551 -2.3 -2.3 -0.4667 -0.4667 0.2155 -0.0146 0.259113 0.570745 12.39 
1.554 -2.3 -2.2 -0.4667 -0.4836 0.2139 -0.0150 0.259113 0.570770 12.39 
1.557 -2.6 -2.0 -0.4362 -0.4956 0.2126 -0.0154 0.256521 0.570545 12.39 
1.560 -2.3 -2.0 -0.4723 -0.5020 0.2112 -0.0158 0.259113 0.571219 12.39 
1.563 -2.2 -2.2 -0.4836 -0.4836 0.2099 -0.0161 0.256521 0.570732 12.39 
1.566 -2.2 -2.2 -0.4779 -0.4836 0.2083 -0.0165 0.256521 0.571003 12.38 
1.569 -2.4 -2.2 -0.4615 -0.4836 0.2071 -0.0168 0.256521 0.570474 12.38 
1.572 -2.5 -2.1 -0.4510 -0.4896 0.2056 -0.0172 0.256521 0.570088 12.38 
1.575 -2.2 -1.9 -0.4836 -0.5149 0.2042 -0.0176 0.253930 0.570585 12.39 
1.578 -2.2 -2.1 -0.4779 -0.4896 0.2029 -0.0179 0.256521 0.570300 12.39 
1.581 -2.4 -2.2 -0.4562 -0.4836 0.2015 -0.0183 0.253930 0.570287 12.39 
1.584 -2.3 -2.0 -0.4667 -0.4956 0.2001 -0.0187 0.251339 0.570784 12.38 
1.587 -2.3 -2.4 -0.4723 -0.4615 0.1988 -0.0190 0.253930 0.570318 12.39 
1.590 -2.5 -2.2 -0.4462 -0.4836 0.1974 -0.0194 0.251339 0.570418 12.39 
1.593 -3.0 -2.1 -0.4016 -0.4896 0.1959 -0.0198 0.251339 0.569840 12.39 
1.596 -2.3 -2.1 -0.4723 -0.4896 0.1947 -0.0201 0.251339 0.569870 12.38 
1.599 -2.2 -2.2 -0.4779 -0.4836 0.1931 -0.0205 0.251339 0.569879 12.38 
1.602 -2.3 -2.3 -0.4723 -0.4723 0.1920 -0.0208 0.251339 0.569084 12.38 
1.605 3.9 4.8 -0.3896 -0.4836 0.1906 -0.0211 0.248748 0.569182 12.33 
1.608 3.4 3.8 -0.3430 -0.3823 0.1894 -0.0214 0.248748 0.569054 12.30 
1.611 1.9 2.2 -0.1940 -0.2241 0.1887 -0.0216 0.248748 0.569286 12.32 
1.614 1.8 1.3 -0.1751 -0.1317 0.1883 -0.0217 0.248748 0.568810 12.36 
1.617 1.4 1.3 -0.1406 -0.1305 0.1879 -0.0218 0.248748 0.567714 12.37 
1.620 1.5 1.7 -0.1498 -0.1663 0.1875 -0.0219 0.248748 0.565003 12.37 
1.623 2.4 2.2 -0.2434 -0.2205 0.1867 -0.0221 0.248748 0.562049 12.36 
1.626 3.0 2.6 -0.2972 -0.2639 0.1859 -0.0223 0.248748 0.557021 12.36 
1.629 3.1 2.5 -0.3113 -0.2494 0.1854 -0.0224 0.251339 0.549797 12.34 
1.632 2.4 2.1 -0.2434 -0.2080 0.1846 -0.0226 0.251339 0.542611 12.35 
1.635 1.8 1.9 -0.1775 -0.1884 0.1842 -0.0227 0.251339 0.535968 12.36 
1.638 1.7 1.8 -0.1671 -0.1783 0.1838 -0.0228 0.251339 0.528776 12.37 
1.641 1.2 1.5 -0.1225 -0.1514 0.1834 -0.0229 0.251339 0.521492 12.38 
1.644 1.3 1.3 -0.1333 -0.1313 0.1830 -0.0230 0.251339 0.512847 12.38 
1.647 1.1 0.9 -0.1141 -0.0916 0.1826 -0.0231 0.251339 0.503743 12.39 
1.650 1.1 0.9 -0.1137 -0.0916 0.1824 -0.0232 0.253930 0.496580 12.39 
1.653 1.1 0.7 -0.1125 -0.0735 0.1822 -0.0232 0.251339 0.487964 12.39 
1.656 0.7 0.7 -0.0655 -0.0735 0.1820 -0.0233 0.253930 0.478972 12.40 
1.659 0.7 0.7 -0.0655 -0.0715 0.1819 -0.0233 0.251339 0.470456 12.40 
1.662 0.7 0.7 -0.0683 -0.0715 0.1817 -0.0234 0.253930 0.461448 12.40 
1.665 0.7 0.6 -0.0683 -0.0623 0.1815 -0.0234 0.251339 0.452893 12.40 
1.668 0.7 0.6 -0.0719 -0.0623 0.1813 -0.0235 0.253930 0.445015 12.40 
1.671 0.7 0.6 -0.0719 -0.0590 0.1811 -0.0235 0.251339 0.436978 12.40 
1.674 0.7 0.6 -0.0727 -0.0590 0.1809 -0.0236 0.253930 0.431544 12.40 
1.677 0.7 0.6 -0.0727 -0.0631 0.1807 -0.0236 0.251339 0.424270 12.41 
1.680 0.6 0.6 -0.0586 -0.0631 0.1805 -0.0237 0.253930 0.416872 12.41 
1.683 0.6 0.6 -0.0586 -0.0606 0.1805 -0.0237 0.253930 0.409962 12.40 
1.686 0.7 0.4 -0.0683 -0.0430 0.1801 -0.0238 0.253930 0.403038 12.40 
1.689 0.7 0.4 -0.0683 -0.0430 0.1801 -0.0238 0.253930 0.396298 12.41 
1.692 0.6 0.4 -0.0619 -0.0430 0.1799 -0.0238 0.256521 0.389588 12.40 
1.695 0.6 0.5 -0.0619 -0.0486 0.1797 -0.0239 0.253930 0.383166 12.40 
1.698 0.7 0.5 -0.0723 -0.0486 0.1795 -0.0239 0.256521 0.376669 12.40 
1.701 0.7 0.6 -0.0723 -0.0582 0.1793 -0.0240 0.253930 0.370282 12.40 
1.704 0.6 0.6 -0.0623 -0.0582 0.1791 -0.0240 0.256521 0.363733 12.40 
1.707 0.6 0.6 -0.0623 -0.0582 0.1791 -0.0240 0.256521 0.357109 12.40 
1.710 0.6 0.5 -0.0635 -0.0502 0.1787 -0.0241 0.256521 0.350763 12.40 
1.713 0.6 0.5 -0.0635 -0.0502 0.1787 -0.0241 0.256521 0.344516 12.40 
1.716 0.6 0.5 -0.0635 -0.0502 0.1787 -0.0241 0.256521 0.338641 12.40 
1.719 0.5 0.4 -0.0482 -0.0390 0.1785 -0.0242 0.259113 0.332934 12.40 
1.722 0.5 0.3 -0.0482 -0.0301 0.1785 -0.0242 0.259113 0.327231 12.40 
1.725 0.6 0.3 -0.0627 -0.0261 0.1782 -0.0243 0.259113 0.321668 12.40 
1.728 0.6 0.3 -0.0627 -0.0261 0.1782 -0.0243 0.259113 0.316307 12.41 
1.731 0.6 0.3 -0.0627 -0.0261 0.1782 -0.0243 0.259113 0.311117 12.40 
1.734 0.6 0.3 -0.0558 -0.0261 0.1780 -0.0244 0.261704 0.305797 12.40 
1.737 0.6 0.4 -0.0558 -0.0382 0.1778 -0.0244 0.259113 0.300526 12.40 
1.740 0.7 0.4 -0.0651 -0.0382 0.1776 -0.0245 0.261704 0.295411 12.40 
1.743 0.7 0.4 -0.0651 -0.0382 0.1776 -0.0245 0.261704 0.290452 12.40 
1.746 0.5 0.4 -0.0494 -0.0365 0.1774 -0.0245 0.259113 0.285723 12.40 
1.749 0.5 0.4 -0.0466 -0.0365 0.1772 -0.0246 0.261704 0.281068 12.40 
1.752 0.5 0.4 -0.0466 -0.0365 0.1772 -0.0246 0.261704 0.276426 12.40 
1.755 0.5 0.4 -0.0466 -0.0365 0.1772 -0.0246 0.261704 0.271768 12.41 
1.758 0.4 0.3 -0.0430 -0.0349 0.1768 -0.0247 0.261704 0.267208 12.40 
1.761 0.4 0.3 -0.0430 -0.0349 0.1768 -0.0247 0.261704 0.262701 12.40 
