%% logfile from robot Birte (60)
% Birte (60)
%  1    time 0.028 sec
%  2  3  4   (mission 0), state 2, thread 2, line 0
%  5  6 Motor voltage [V] left, right: 0.5 0.5
%  7  8 Motor current left, right [A]: 0.091 0.022
%  9 10 Wheel velocity [m/s] left, right: -0.0000 -0.0000
% 11 12 13 14 Pose x,y,h,tilt [m,m,rad,rad]: 0 0 0 0.53406
% 15    Battery voltage [V]: 12.25
0.058 2 2 0 0.9 0.9 0.032 0.125 -0.0000 -0.0000 0.0000 0.0000 0.000000 0.533949 12.25 
0.088 2 2 0 1.4 1.4 0.158 0.328 0.1056 0.0265 0.0018 -0.0000 -0.007773 0.531866 12.24 
0.118 2 2 0 1.9 1.9 0.287 0.448 0.0542 0.1048 0.0030 -0.0000 -0.002591 0.528068 12.23 
0.148 2 2 0 2.0 2.0 0.370 0.515 0.1193 0.1562 0.0058 -0.0000 0.002591 0.523336 12.22 
0.178 2 2 0 2.0 2.0 0.353 0.471 0.1382 0.1815 0.0098 0.0000 0.007773 0.519170 12.23 
0.208 2 2 0 2.0 2.0 0.328 0.437 0.1663 0.1892 0.0147 0.0001 0.018138 0.514928 12.24 
0.238 2 2 0 2.0 1.9 0.296 0.404 0.2008 0.2374 0.0207 0.0002 0.028502 0.511814 12.24 
0.268 2 2 0 2.0 1.9 0.279 0.373 0.2217 0.2478 0.0277 0.0004 0.036276 0.508360 12.24 
0.298 2 2 0 2.0 1.9 0.274 0.343 0.2321 0.3185 0.0353 0.0007 0.046640 0.505970 12.24 
0.328 2 2 0 2.0 1.9 0.249 0.318 0.2462 0.3064 0.0436 0.0012 0.059596 0.504226 12.24 
0.358 2 2 0 2.0 1.8 0.240 0.302 0.2928 0.3317 0.0520 0.0017 0.069960 0.502938 12.24 
0.388 2 2 0 2.0 1.8 0.219 0.276 0.2639 0.3582 0.0614 0.0024 0.082916 0.501063 12.24 
0.418 2 2 0 2.0 1.8 0.215 0.264 0.3064 0.3651 0.0712 0.0033 0.090689 0.499510 12.24 
0.448 2 2 0 2.0 1.8 0.211 0.241 0.3237 0.3615 0.0808 0.0042 0.101054 0.498693 12.24 
0.478 2 2 0 2.0 1.7 0.201 0.234 0.3615 0.3936 0.0912 0.0053 0.111418 0.498564 12.23 
0.508 2 2 0 2.0 1.7 0.188 0.219 0.3823 0.3683 0.1019 0.0065 0.116600 0.498837 12.23 
0.538 2 2 0 2.0 1.7 0.179 0.217 0.3490 0.3860 0.1129 0.0079 0.124374 0.498615 12.24 
0.568 2 2 0 2.0 1.7 0.183 0.216 0.3213 0.3683 0.1235 0.0092 0.132147 0.497633 12.24 
0.598 2 2 0 2.0 1.7 0.168 0.209 0.3787 0.3936 0.1348 0.0108 0.134738 0.497633 12.24 
0.628 2 2 0 2.0 1.7 0.165 0.213 0.3161 0.3787 0.1459 0.0123 0.134738 0.496734 12.24 
0.658 2 2 0 2.0 1.7 0.170 0.212 0.3860 0.3896 0.1571 0.0138 0.134738 0.498427 12.24 
0.688 2 2 0 2.0 1.7 0.159 0.206 0.3237 0.3860 0.1684 0.0153 0.137329 0.499188 12.24 
0.718 2 2 0 2.0 1.7 0.162 0.191 0.3976 0.3976 0.1802 0.0170 0.139921 0.500066 12.24 
0.748 2 2 0 2.0 1.7 0.156 0.192 0.3462 0.3715 0.1919 0.0186 0.142512 0.500291 12.24 
0.778 2 2 0 2.0 1.6 0.156 0.184 0.4016 0.4137 0.2038 0.0204 0.147694 0.499074 12.24 
0.808 2 2 0 2.0 1.6 0.153 0.176 0.3860 0.4056 0.2155 0.0221 0.150285 0.497969 12.24 
0.838 2 2 0 2.0 1.6 0.143 0.179 0.3860 0.4016 0.2276 0.0240 0.152876 0.497047 12.24 
0.868 2 2 0 2.0 1.6 0.142 0.178 0.3751 0.4269 0.2397 0.0258 0.155467 0.497714 12.23 
0.898 2 2 0 2.0 1.6 0.139 0.167 0.4137 0.3823 0.2520 0.0278 0.155467 0.498776 12.23 
0.928 2 2 0 2.0 1.6 0.143 0.172 0.4016 0.4016 0.2643 0.0297 0.155467 0.497973 12.24 
0.958 2 2 0 2.0 1.6 0.145 0.166 0.3751 0.4016 0.2766 0.0316 0.160650 0.499892 12.24 
0.988 2 2 0 2.0 1.6 0.151 0.162 0.3823 0.4362 0.2889 0.0337 0.165832 0.498696 12.24 
1.018 2 2 0 2.0 1.6 0.148 0.170 0.3402 0.3823 0.3010 0.0357 0.168423 0.500020 12.24 
1.048 2 2 0 2.0 1.6 0.148 0.165 0.3896 0.4269 0.3131 0.0378 0.171014 0.500307 12.24 
1.078 2 2 0 2.0 1.6 0.147 0.163 0.3823 0.4097 0.3253 0.0399 0.176196 0.500372 12.24 
1.108 2 2 0 2.0 1.6 0.139 0.160 0.3860 0.4317 0.3374 0.0421 0.178788 0.501359 12.24 
1.138 2 2 0 2.0 1.6 0.144 0.157 0.3522 0.4097 0.3495 0.0442 0.181379 0.501742 12.24 
1.168 2 2 0 2.0 1.6 0.141 0.159 0.4269 0.4362 0.3617 0.0465 0.181379 0.503535 12.24 
1.198 2 2 0 2.0 1.6 0.150 0.159 0.3683 0.4269 0.3736 0.0487 0.186561 0.502809 12.23 
1.228 2 2 0 2.0 1.5 0.146 0.149 0.4181 0.4269 0.3860 0.0510 0.189152 0.504819 12.23 
1.258 2 2 0 2.0 1.5 0.150 0.161 0.4056 0.3976 0.3978 0.0533 0.189152 0.504108 12.24 
1.288 2 2 0 2.0 1.5 0.142 0.152 0.3896 0.4269 0.4102 0.0557 0.191743 0.503574 12.24 
1.318 2 2 0 2.0 1.5 0.140 0.156 0.4362 0.3976 0.4225 0.0581 0.191743 0.503380 12.24 
1.348 2 2 0 2.0 1.5 0.150 0.160 0.3715 0.4181 0.4347 0.0604 0.191743 0.504117 12.24 
1.378 2 2 0 2.0 1.5 0.147 0.160 0.4181 0.3860 0.4465 0.0627 0.191743 0.504103 12.24 
1.408 2 2 0 2.0 1.5 0.142 0.153 0.4056 0.4181 0.4589 0.0652 0.194334 0.503488 12.24 
1.438 2 2 0 2.0 1.5 0.145 0.153 0.4097 0.4016 0.4709 0.0675 0.196926 0.504164 12.24 
1.468 2 2 0 2.0 1.5 0.141 0.149 0.3896 0.4269 0.4832 0.0700 0.196926 0.503597 12.24 
1.498 2 2 1 1.9 1.6 0.139 0.143 0.4137 0.4097 0.4956 0.0724 0.199517 0.504521 12.24 
1.528 2 2 1 1.5 2.0 0.090 0.213 0.3936 0.4362 0.5076 0.0749 0.202108 0.505721 12.24 
1.558 2 2 1 1.0 2.0 0.009 0.247 0.3715 0.4562 0.5196 0.0774 0.215063 0.506560 12.24 
1.588 2 2 1 0.5 2.0 -0.115 0.243 0.2827 0.4462 0.5303 0.0799 0.243566 0.509958 12.24 
1.618 2 2 1 0.0 2.0 -0.205 0.220 0.2241 0.4836 0.5408 0.0827 0.290206 0.515377 12.24 
1.648 2 2 1 -0.4 2.0 -0.172 0.213 0.1458 0.5149 0.5503 0.0859 0.352393 0.519726 12.24 
1.678 2 2 1 -0.4 2.0 -0.136 0.210 0.1141 0.5213 0.5591 0.0894 0.422354 0.522609 12.24 
1.708 2 2 1 -0.4 2.0 -0.109 0.207 0.1000 0.5020 0.5670 0.0933 0.500088 0.523665 12.24 
1.738 2 2 1 -0.4 2.0 -0.092 0.217 0.0723 0.5149 0.5744 0.0978 0.580413 0.524194 12.24 
1.768 2 2 1 -0.2 2.0 -0.078 0.209 0.0382 0.4956 0.5809 0.1025 0.668512 0.526165 12.24 
1.798 2 2 1 0.0 2.0 -0.061 0.205 0.0317 0.4836 0.5870 0.1077 0.756610 0.525433 12.24 
1.828 2 2 1 0.3 2.0 -0.053 0.215 0.0233 0.4896 0.5923 0.1132 0.844709 0.524761 12.24 
1.858 2 2 1 0.5 2.0 -0.049 0.218 0.0133 0.4956 0.5969 0.1190 0.940581 0.525918 12.24 
1.888 2 2 1 0.7 2.0 -0.046 0.231 0.0108 0.4956 0.6009 0.1250 1.028679 0.526662 12.24 
1.918 2 2 1 0.9 2.0 0.039 0.241 0.0072 0.4562 0.6044 0.1314 1.121960 0.525883 12.24 
1.948 2 2 1 1.1 2.0 0.112 0.239 0.1040 0.4615 0.6076 0.1387 1.199694 0.524067 12.21 
1.978 2 2 1 1.3 2.0 0.165 0.251 0.0542 0.4667 0.6100 0.1458 1.280019 0.520822 12.24 
2.008 2 2 1 1.5 2.0 0.202 0.239 0.1092 0.4562 0.6121 0.1537 1.349980 0.517430 12.24 
2.038 2 2 1 1.6 2.0 0.238 0.256 0.1121 0.4510 0.6137 0.1622 1.414758 0.513111 12.24 
2.068 2 2 1 1.8 2.0 0.239 0.254 0.1884 0.4615 0.6148 0.1714 1.471763 0.510197 12.24 
2.098 2 2 1 1.9 2.0 0.236 0.257 0.1687 0.4462 0.6155 0.1808 1.520994 0.505561 12.24 
2.128 2 2 1 2.0 2.0 0.246 0.260 0.2390 0.4562 0.6158 0.1906 1.559861 0.502113 12.24 
2.158 2 2 1 2.0 1.9 0.240 0.251 0.2574 0.4362 0.6157 0.2013 1.598728 0.498878 12.24 
2.188 2 2 1 2.0 1.9 0.213 0.236 0.2952 0.4410 0.6153 0.2119 1.627231 0.494660 12.24 
2.218 2 2 1 2.0 1.8 0.205 0.224 0.2996 0.3715 0.6145 0.2227 1.653142 0.492841 12.23 
2.248 2 2 1 2.0 1.8 0.189 0.203 0.3016 0.4225 0.6134 0.2343 1.673871 0.492509 12.24 
2.278 2 2 1 2.0 1.7 0.176 0.200 0.3582 0.4362 0.6121 0.2457 1.692009 0.491735 12.23 
2.308 2 2 1 2.0 1.7 0.169 0.193 0.3683 0.4016 0.6106 0.2572 1.707556 0.488607 12.23 
2.338 2 2 1 2.0 1.6 0.168 0.188 0.3522 0.4016 0.6089 0.2689 1.720512 0.488954 12.24 
2.368 2 2 1 2.0 1.6 0.158 0.189 0.3823 0.3976 0.6071 0.2805 1.730876 0.487414 12.24 
2.398 2 2 1 2.0 1.6 0.165 0.188 0.3040 0.4225 0.6053 0.2915 1.741241 0.486021 12.24 
2.428 2 2 1 2.0 1.6 0.167 0.184 0.3860 0.4137 0.6032 0.3032 1.749014 0.488526 12.24 
2.458 2 2 1 2.0 1.6 0.154 0.184 0.3237 0.4137 0.6011 0.3145 1.756788 0.487965 12.24 
2.488 2 2 1 2.0 1.5 0.151 0.173 0.3683 0.4097 0.5990 0.3259 1.761970 0.487560 12.24 
2.518 2 2 1 2.0 1.5 0.146 0.172 0.4016 0.4181 0.5966 0.3377 1.767152 0.487062 12.24 
2.548 2 2 1 2.0 1.5 0.147 0.174 0.3615 0.4016 0.5943 0.3494 1.769743 0.487187 12.24 
2.578 2 2 1 2.0 1.5 0.143 0.156 0.3936 0.4056 0.5919 0.3612 1.774925 0.487725 12.24 
2.608 2 2 1 2.0 1.5 0.138 0.171 0.3787 0.3976 0.5895 0.3728 1.777517 0.487408 12.24 
2.638 2 2 1 2.0 1.5 0.134 0.176 0.3651 0.3374 0.5870 0.3844 1.774925 0.486670 12.24 
2.668 2 2 1 2.0 1.5 0.128 0.170 0.4225 0.3651 0.5846 0.3963 1.772334 0.485398 12.24 
2.698 2 2 1 2.0 1.5 0.122 0.173 0.4016 0.3715 0.5821 0.4084 1.769743 0.483596 12.24 
2.728 2 2 1 2.0 1.5 0.123 0.177 0.4269 0.4016 0.5797 0.4202 1.764561 0.483348 12.24 
2.758 2 2 1 2.0 1.5 0.128 0.177 0.4362 0.3936 0.5774 0.4324 1.759379 0.482448 12.24 
2.788 2 2 1 2.0 1.6 0.125 0.185 0.3346 0.3936 0.5751 0.4444 1.756788 0.481913 12.24 
2.818 2 2 1 2.0 1.6 0.132 0.186 0.3715 0.3823 0.5729 0.4561 1.754196 0.481391 12.24 
2.848 2 2 1 2.0 1.6 0.131 0.185 0.3896 0.3787 0.5707 0.4681 1.751605 0.480071 12.24 
2.878 2 2 1 2.0 1.6 0.131 0.186 0.3936 0.3860 0.5686 0.4798 1.749014 0.482079 12.24 
2.908 2 2 1 2.0 1.6 0.136 0.186 0.3860 0.4016 0.5664 0.4918 1.746423 0.481047 12.24 
2.938 2 2 2 1.6 1.9 0.090 0.215 0.3860 0.4225 0.5643 0.5039 1.749014 0.481398 12.22 
2.968 2 2 2 1.2 2.0 0.029 0.268 0.3402 0.4269 0.5621 0.5157 1.759379 0.480426 12.24 
2.998 2 2 2 0.7 2.0 -0.082 0.262 0.3016 0.4723 0.5598 0.5272 1.780108 0.480483 12.24 
3.028 2 2 2 0.2 2.0 -0.195 0.250 0.1815 0.4562 0.5575 0.5371 1.824157 0.487419 12.24 
3.058 2 2 2 -0.3 2.0 -0.203 0.231 0.1438 0.4723 0.5548 0.5468 1.881162 0.493502 12.24 
3.088 2 2 2 -0.4 2.0 -0.164 0.221 0.1076 0.4956 0.5517 0.5555 1.948531 0.497570 12.25 
3.118 2 2 2 -0.4 2.0 -0.133 0.223 0.0839 0.4836 0.5480 0.5638 2.023674 0.501449 12.25 
3.148 2 2 2 -0.4 2.0 -0.101 0.220 0.0538 0.5081 0.5441 0.5712 2.101408 0.502947 12.24 
3.178 2 2 2 -0.3 2.0 -0.094 0.238 0.0550 0.4723 0.5397 0.5780 2.184325 0.504874 12.24 
3.208 2 2 2 -0.1 2.0 -0.072 0.231 0.0349 0.4723 0.5351 0.5840 2.267241 0.506479 12.24 
3.238 2 2 2 0.1 2.0 -0.067 0.224 0.0277 0.4896 0.5299 0.5896 2.355339 0.507111 12.24 
3.268 2 2 2 0.3 2.0 -0.062 0.234 0.0265 0.4462 0.5244 0.5946 2.440847 0.507145 12.24 
3.298 2 2 2 0.5 2.0 -0.052 0.237 0.0217 0.5020 0.5189 0.5989 2.526354 0.507060 12.24 
3.328 2 2 2 0.7 2.0 -0.044 0.239 0.0185 0.4667 0.5128 0.6029 2.614453 0.508545 12.24 
3.358 2 2 2 0.9 2.0 0.060 0.247 0.0092 0.4562 0.5064 0.6062 2.702551 0.508915 12.24 
3.388 2 2 2 1.1 2.0 0.128 0.235 0.0606 0.4723 0.4990 0.6094 2.775103 0.505199 12.24 
3.418 2 2 2 1.3 2.0 0.179 0.243 0.0851 0.4510 0.4916 0.6119 2.850246 0.503789 12.24 
3.448 2 2 2 1.5 2.0 0.198 0.249 0.1141 0.4562 0.4836 0.6139 2.920206 0.503170 12.24 
3.478 2 2 2 1.6 2.0 0.217 0.242 0.1759 0.4016 0.4748 0.6157 2.979802 0.500166 12.24 
3.508 2 2 2 1.7 2.0 0.227 0.251 0.1892 0.4181 0.4656 0.6169 3.031625 0.497862 12.24 
3.538 2 2 2 1.8 2.0 0.232 0.246 0.2418 0.4410 0.4560 0.6177 3.078265 0.495148 12.24 
3.568 2 2 2 1.9 2.0 0.234 0.246 0.2659 0.4362 0.4456 0.6181 3.119724 0.492262 12.24 
3.598 2 2 2 2.0 2.0 0.241 0.240 0.2538 0.4137 0.4351 0.6182 -3.127186 0.489550 12.23 
3.628 2 2 2 2.0 1.9 0.224 0.228 0.2868 0.4181 0.4241 0.6179 -3.098683 0.487389 12.23 
3.658 2 2 2 2.0 1.8 0.212 0.214 0.3550 0.4269 0.4131 0.6173 -3.075363 0.487040 12.23 
3.688 2 2 2 2.0 1.8 0.190 0.210 0.3137 0.4181 0.4016 0.6164 -3.057225 0.485765 12.23 
3.718 2 2 2 2.0 1.7 0.193 0.194 0.3550 0.4362 0.3900 0.6153 -3.036496 0.483786 12.23 
3.748 2 2 2 2.0 1.7 0.176 0.190 0.3787 0.4462 0.3785 0.6140 -3.020949 0.483174 12.24 
3.778 2 2 2 2.0 1.7 0.171 0.179 0.3823 0.4462 0.3663 0.6124 -3.007994 0.483274 12.24 
3.808 2 2 2 2.0 1.6 0.173 0.171 0.3430 0.4225 0.3546 0.6107 -2.995038 0.480587 12.24 
3.838 2 2 2 2.0 1.6 0.170 0.171 0.3490 0.3936 0.3427 0.6089 -2.984674 0.481390 12.24 
3.868 2 2 2 2.0 1.6 0.171 0.165 0.3430 0.4362 0.3308 0.6069 -2.974309 0.481932 12.24 
3.898 2 2 2 2.0 1.6 0.167 0.160 0.3430 0.4016 0.3189 0.6049 -2.963944 0.482561 12.24 
3.928 2 2 2 2.0 1.6 0.163 0.152 0.3490 0.4362 0.3073 0.6027 -2.956171 0.483193 12.24 
3.958 2 2 2 2.0 1.5 0.155 0.146 0.3896 0.4137 0.2952 0.6004 -2.948398 0.484563 12.24 
3.988 2 2 2 2.0 1.5 0.155 0.140 0.3550 0.3896 0.2834 0.5981 -2.943215 0.485926 12.24 
4.018 2 2 2 2.0 1.5 0.156 0.148 0.3976 0.4137 0.2716 0.5957 -2.938033 0.484854 12.23 
4.048 2 2 2 2.0 1.5 0.149 0.148 0.4016 0.4225 0.2598 0.5933 -2.938033 0.486240 12.23 
4.078 2 2 2 2.0 1.5 0.157 0.150 0.3751 0.4016 0.2482 0.5909 -2.935442 0.486107 12.24 
4.108 2 2 2 2.0 1.5 0.149 0.146 0.3715 0.3651 0.2362 0.5883 -2.932851 0.485590 12.24 
4.138 2 2 2 2.0 1.5 0.152 0.150 0.4317 0.4016 0.2244 0.5858 -2.932851 0.485708 12.24 
4.168 2 2 2 2.0 1.5 0.154 0.152 0.3715 0.4097 0.2127 0.5833 -2.932851 0.485806 12.24 
4.198 2 2 2 2.0 1.5 0.143 0.154 0.4362 0.4181 0.2009 0.5809 -2.938033 0.487363 12.24 
4.228 2 2 2 2.0 1.5 0.156 0.159 0.3787 0.3976 0.1893 0.5785 -2.935442 0.486911 12.24 
4.258 2 2 2 2.0 1.5 0.149 0.159 0.3615 0.4016 0.1775 0.5760 -2.935442 0.488439 12.24 
4.288 2 2 2 2.0 1.5 0.152 0.154 0.4097 0.4097 0.1661 0.5736 -2.935442 0.488578 12.24 
4.318 2 2 2 2.0 1.5 0.155 0.150 0.3896 0.4016 0.1541 0.5711 -2.932851 0.490017 12.24 
4.348 2 2 3 1.9 1.6 0.153 0.161 0.3751 0.3976 0.1427 0.5687 -2.932851 0.490555 12.24 
4.378 2 2 3 1.4 2.0 0.095 0.224 0.3936 0.3976 0.1311 0.5662 -2.930260 0.491507 12.24 
4.408 2 2 3 1.0 2.0 0.012 0.256 0.3064 0.4462 0.1195 0.5637 -2.917304 0.492199 12.24 
4.438 2 2 3 0.5 2.0 -0.122 0.251 0.2494 0.4462 0.1092 0.5612 -2.888802 0.494449 12.24 
4.468 2 2 3 0.0 2.0 -0.192 0.235 0.2169 0.4836 0.0993 0.5584 -2.839570 0.501687 12.24 
4.498 2 2 3 -0.4 2.0 -0.168 0.222 0.1490 0.4562 0.0904 0.5553 -2.779974 0.505502 12.24 
4.528 2 2 3 -0.4 2.0 -0.122 0.225 0.1032 0.4779 0.0822 0.5519 -2.712605 0.508737 12.24 
4.558 2 2 3 -0.4 2.0 -0.111 0.232 0.0928 0.4667 0.0747 0.5482 -2.640053 0.510747 12.24 
4.588 2 2 3 -0.4 2.0 -0.078 0.233 0.0474 0.4510 0.0680 0.5441 -2.564910 0.511248 12.24 
4.618 2 2 3 -0.2 2.0 -0.064 0.221 0.0438 0.4836 0.0618 0.5397 -2.481994 0.511854 12.24 
4.648 2 2 3 0.0 2.0 -0.050 0.218 0.0285 0.4462 0.0561 0.5349 -2.401669 0.510422 12.24 
4.678 2 2 3 0.2 2.0 -0.042 0.221 0.0225 0.4956 0.0510 0.5298 -2.313570 0.510909 12.24 
4.708 2 2 3 0.4 2.0 -0.036 0.220 0.0108 0.4510 0.0462 0.5241 -2.222880 0.510954 12.24 
4.738 2 2 3 0.6 2.0 -0.030 0.228 0.0092 0.4562 0.0423 0.5185 -2.134782 0.510655 12.24 
4.768 2 2 3 0.9 2.0 0.026 0.227 0.0052 0.4667 0.0389 0.5126 -2.046683 0.510713 12.24 
4.798 2 2 3 1.0 2.0 0.100 0.227 0.0944 0.4562 0.0354 0.5052 -1.971540 0.508674 12.24 
4.828 2 2 3 1.2 2.0 0.193 0.224 0.0691 0.4615 0.0327 0.4980 -1.893806 0.505083 12.24 
4.858 2 2 3 1.4 2.0 0.213 0.234 0.0976 0.4016 0.0305 0.4905 -1.823846 0.503486 12.24 
4.888 2 2 3 1.5 2.0 0.236 0.242 0.1273 0.3787 0.0286 0.4823 -1.766841 0.500797 12.24 
4.918 2 2 3 1.7 2.0 0.243 0.247 0.1847 0.4269 0.0272 0.4738 -1.712427 0.498078 12.24 
4.948 2 2 3 1.8 2.0 0.244 0.249 0.2281 0.3976 0.0261 0.4648 -1.668378 0.495404 12.24 
4.978 2 2 3 1.9 2.0 0.254 0.249 0.2374 0.4269 0.0254 0.4552 -1.626920 0.491722 12.24 
5.008 2 2 3 1.9 2.0 0.248 0.240 0.2345 0.4462 0.0250 0.4450 -1.593235 0.489509 12.24 
5.038 2 2 3 2.0 2.0 0.243 0.242 0.2494 0.4317 0.0249 0.4347 -1.564733 0.488007 12.23 
5.068 2 2 3 2.0 1.9 0.243 0.232 0.2848 0.4462 0.0251 0.4241 -1.536230 0.486346 12.24 
5.098 2 2 3 2.0 1.9 0.237 0.217 0.3137 0.4362 0.0256 0.4132 -1.510319 0.485984 12.23 
5.128 2 2 3 2.0 1.8 0.228 0.195 0.2908 0.4462 0.0264 0.4022 -1.486999 0.484467 12.23 
5.158 2 2 3 2.0 1.8 0.213 0.190 0.3715 0.4462 0.0275 0.3908 -1.468861 0.484325 12.24 
5.188 2 2 3 2.0 1.7 0.212 0.175 0.3550 0.4269 0.0288 0.3797 -1.448132 0.483168 12.24 
5.218 2 2 3 2.0 1.7 0.205 0.170 0.3582 0.4317 0.0303 0.3681 -1.432585 0.481887 12.24 
5.248 2 2 3 2.0 1.6 0.200 0.160 0.3936 0.4317 0.0320 0.3566 -1.417038 0.482181 12.24 
5.278 2 2 3 2.0 1.6 0.194 0.150 0.3462 0.4317 0.0339 0.3449 -1.404082 0.482887 12.24 
5.308 2 2 3 2.0 1.6 0.190 0.156 0.3237 0.4181 0.0359 0.3336 -1.391127 0.482577 12.24 
5.338 2 2 3 2.0 1.6 0.189 0.146 0.3550 0.3936 0.0380 0.3220 -1.383353 0.482794 12.24 
5.368 2 2 3 2.0 1.5 0.187 0.139 0.3860 0.4016 0.0403 0.3105 -1.372989 0.484506 12.24 
5.398 2 2 3 2.0 1.5 0.189 0.140 0.3860 0.4137 0.0426 0.2991 -1.367806 0.482946 12.24 
5.428 2 2 3 2.0 1.5 0.177 0.142 0.3976 0.3976 0.0450 0.2877 -1.362624 0.484743 12.23 
5.458 2 2 3 2.0 1.5 0.178 0.136 0.3787 0.3976 0.0474 0.2763 -1.357442 0.483362 12.23 
5.488 2 2 3 2.0 1.5 0.174 0.147 0.3522 0.4225 0.0499 0.2650 -1.357442 0.484123 12.25 
5.518 2 2 3 2.0 1.5 0.179 0.134 0.4016 0.3976 0.0524 0.2536 -1.352260 0.483281 12.24 
5.548 2 2 3 2.0 1.5 0.177 0.140 0.3976 0.4016 0.0549 0.2420 -1.349669 0.482733 12.24 
5.578 2 2 3 2.0 1.5 0.181 0.140 0.3787 0.3976 0.0575 0.2307 -1.349669 0.481456 12.24 
5.608 2 2 3 2.0 1.5 0.168 0.136 0.4016 0.3896 0.0601 0.2191 -1.347077 0.482696 12.24 
5.638 2 2 3 2.0 1.5 0.170 0.137 0.3490 0.3936 0.0627 0.2077 -1.347077 0.480563 12.24 
5.668 2 2 3 2.0 1.5 0.168 0.141 0.3289 0.3896 0.0653 0.1962 -1.349669 0.482657 12.24 
5.698 2 2 3 2.0 1.5 0.175 0.139 0.4016 0.3683 0.0679 0.1848 -1.349669 0.482350 12.24 
5.728 2 2 3 2.0 1.5 0.171 0.141 0.3787 0.3936 0.0705 0.1733 -1.347077 0.482646 12.24 
5.758 2 2 3 2.0 1.5 0.180 0.140 0.3402 0.3936 0.0731 0.1621 -1.344486 0.483505 12.24 
5.788 2 2 3 2.0 1.5 0.169 0.146 0.3976 0.4056 0.0757 0.1508 -1.344486 0.485734 12.23 
5.818 2 2 4 1.8 1.2 0.165 0.128 0.3137 0.3787 0.0783 0.1394 -1.344486 0.482606 12.23 
5.848 2 2 4 1.3 0.8 0.090 0.065 0.3582 0.3040 0.0808 0.1286 -1.347077 0.484686 12.24 
5.878 2 2 4 0.8 0.3 0.009 -0.117 0.2928 0.3185 0.0829 0.1190 -1.354851 0.487420 12.24 
5.908 2 2 4 0.4 -0.2 -0.148 -0.227 0.2088 0.2510 0.0846 0.1112 -1.354851 0.494046 12.24 
5.938 2 2 4 0.0 -0.5 -0.180 -0.189 0.1759 0.2125 0.0860 0.1049 -1.349669 0.502153 12.25 
5.968 2 2 4 0.0 -0.5 -0.129 -0.130 0.1333 0.1357 0.0870 0.1006 -1.344486 0.509373 12.25 
5.998 2 2 4 0.0 -0.6 -0.095 -0.089 0.0707 0.0984 0.0877 0.0977 -1.336713 0.514403 12.24 
6.028 8 2 4 0.0 -0.6 -0.065 -0.033 0.0341 0.0619 0.0881 0.0959 -1.334122 0.518220 12.24 
6.058 8 2 4 0.0 -0.6 -0.045 -0.006 0.0205 0.0353 0.0883 0.0951 -1.328939 0.521435 12.24 
6.088 8 2 4 0.0 -0.6 -0.026 0.018 0.0096 0.0189 0.0883 0.0950 -1.326348 0.522566 12.24 
6.118 8 2 4 0.0 -0.6 -0.023 0.024 0.0056 0.0076 0.0883 0.0950 -1.326348 0.522336 12.24 
6.148 8 2 4 0.0 -0.6 -0.023 0.024 0.0036 0.0048 0.0883 0.0950 -1.326348 0.522565 12.25 
6.178 8 2 4 0.0 -0.6 -0.022 0.026 0.0028 0.0036 0.0883 0.0950 -1.326348 0.522537 12.24 
6.208 8 2 4 0.0 -0.6 -0.025 0.025 0.0024 0.0028 0.0883 0.0950 -1.326348 0.522686 12.26 
6.238 8 2 4 0.0 -0.6 -0.024 0.027 0.0020 0.0020 0.0883 0.0950 -1.326348 0.522749 12.24 
6.268 8 2 4 0.0 -0.6 -0.024 0.027 0.0016 0.0016 0.0883 0.0950 -1.326348 0.522856 12.25 
6.298 8 2 4 0.0 -0.6 -0.023 0.027 0.0012 0.0016 0.0883 0.0950 -1.326348 0.522925 12.25 
6.328 8 2 4 0.0 -0.6 -0.025 0.027 0.0012 0.0012 0.0883 0.0950 -1.326348 0.522982 12.24 
6.358 8 2 4 0.0 -0.6 -0.022 0.027 0.0012 0.0012 0.0883 0.0950 -1.326348 0.523029 12.25 
6.388 8 2 4 0.0 -0.6 -0.023 0.025 0.0008 0.0012 0.0883 0.0950 -1.326348 0.523123 12.24 
6.418 8 2 4 0.0 -0.6 -0.022 0.023 0.0008 0.0008 0.0883 0.0950 -1.326348 0.523160 12.24 
6.448 8 2 4 0.0 -0.6 -0.022 0.025 0.0008 0.0008 0.0883 0.0950 -1.326348 0.523194 12.24 
6.478 8 2 4 0.0 -0.6 -0.024 0.027 0.0008 0.0008 0.0883 0.0950 -1.326348 0.523292 12.25 
6.508 9 2 4 0.0 -0.6 -0.024 0.027 0.0008 0.0008 0.0883 0.0950 -1.326348 0.523367 12.24 
