%% logfile from robot Birte (60)
% Birte (60)
%  1    time 0.018 sec
%  2  3  4   (mission 0), state 2, thread 2, line 0
%  5  6 Motor voltage [V] left, right: 2.0 2.0
%  7  8 Motor current left, right [A]: -0.204 -0.235
%  9 10 Wheel velocity [m/s] left, right: 0.0000 0.1169
% 11 12 13 14 Pose x,y,h,tilt [m,m,rad,rad]: 0.000602436 7.80493e-07 0.00259112 0.530044
% 15    Battery voltage [V]: 12.12
0.038 2 2 0 2.0 2.0 0.386 0.444 0.1036 0.0518 0.0028 0.0000 0.000000 0.523880 12.12 
0.058 2 2 0 2.0 2.0 0.456 0.453 0.0522 0.0831 0.0040 0.0000 0.005182 0.516907 12.11 
0.078 2 2 0 2.0 2.0 0.447 0.479 0.0498 0.0735 0.0054 0.0000 0.007773 0.519885 12.12 
0.098 2 2 0 2.0 2.0 0.415 0.394 0.0908 0.1554 0.0080 0.0001 0.015547 0.516334 12.12 
0.118 2 2 0 2.0 2.0 0.387 0.384 0.1659 0.1663 0.0106 0.0001 0.018138 0.516415 12.12 
0.138 2 2 0 2.0 2.0 0.416 0.370 0.1357 0.2068 0.0139 0.0002 0.028502 0.512717 12.12 
0.158 2 2 0 2.0 2.0 0.379 0.357 0.1663 0.2478 0.0177 0.0003 0.036276 0.512225 12.12 
0.178 2 2 0 2.0 2.0 0.359 0.322 0.1876 0.2402 0.0215 0.0005 0.044049 0.510462 12.11 
0.198 2 2 0 2.0 2.0 0.354 0.299 0.2056 0.2590 0.0257 0.0007 0.051822 0.509882 12.11 
0.218 2 2 0 2.0 2.0 0.347 0.285 0.2169 0.2868 0.0305 0.0009 0.062187 0.508389 12.11 
0.238 2 2 0 2.0 2.0 0.348 0.267 0.1928 0.2848 0.0353 0.0013 0.077734 0.506584 12.11 
0.258 2 2 0 2.0 2.0 0.327 0.260 0.2478 0.3213 0.0407 0.0017 0.085507 0.505955 12.10 
0.278 2 2 0 2.0 2.0 0.328 0.249 0.2345 0.3265 0.0459 0.0022 0.095872 0.504275 12.11 
0.298 2 2 0 2.0 2.0 0.304 0.242 0.2510 0.3550 0.0519 0.0028 0.106236 0.502755 12.11 
0.318 2 2 0 2.0 2.0 0.308 0.224 0.2996 0.3113 0.0577 0.0035 0.119192 0.502579 12.11 
0.338 2 2 0 2.0 2.0 0.308 0.211 0.2293 0.3651 0.0641 0.0043 0.134738 0.499667 12.11 
0.358 2 2 0 2.0 2.0 0.277 0.226 0.2908 0.3462 0.0704 0.0051 0.139921 0.497563 12.12 
0.378 2 2 0 2.0 2.0 0.272 0.219 0.2787 0.3550 0.0770 0.0061 0.147694 0.498903 12.12 
0.398 2 2 0 2.0 2.0 0.278 0.202 0.3550 0.3787 0.0837 0.0071 0.158059 0.497685 12.12 
0.418 2 2 0 2.0 2.0 0.265 0.195 0.3462 0.4097 0.0909 0.0083 0.168423 0.495260 12.12 
0.438 2 2 0 2.0 2.0 0.260 0.188 0.3317 0.3976 0.0980 0.0096 0.178788 0.494126 12.12 
0.458 2 2 0 2.0 2.0 0.266 0.187 0.3064 0.4056 0.1053 0.0109 0.186561 0.493582 12.12 
0.478 2 2 0 2.0 2.0 0.247 0.175 0.3683 0.4181 0.1128 0.0124 0.196926 0.493221 12.12 
0.498 2 2 0 2.0 2.0 0.246 0.168 0.3490 0.4362 0.1205 0.0140 0.209881 0.492686 12.12 
0.518 2 2 0 2.0 2.0 0.245 0.159 0.3976 0.4016 0.1279 0.0156 0.220246 0.492077 12.12 
0.538 2 2 0 2.0 2.0 0.245 0.155 0.4016 0.4562 0.1357 0.0174 0.230610 0.491094 12.12 
0.558 2 2 0 2.0 2.0 0.245 0.156 0.3976 0.4225 0.1436 0.0192 0.240975 0.490303 12.11 
0.578 2 2 0 2.0 2.0 0.238 0.153 0.3936 0.4723 0.1513 0.0212 0.251339 0.489736 12.11 
0.598 2 2 0 2.0 2.0 0.233 0.148 0.4016 0.4562 0.1593 0.0233 0.264295 0.490044 12.11 
0.618 2 2 0 2.0 2.0 0.237 0.151 0.3430 0.4723 0.1674 0.0256 0.274659 0.491241 12.11 
0.638 2 2 0 2.0 2.0 0.230 0.147 0.3213 0.4615 0.1753 0.0278 0.287615 0.490076 12.11 
0.658 2 2 0 2.0 2.0 0.225 0.138 0.3896 0.4723 0.1834 0.0303 0.297980 0.489818 12.08 
0.678 2 2 0 2.0 2.0 0.224 0.136 0.3402 0.4779 0.1917 0.0329 0.310935 0.488721 12.12 
0.698 2 2 0 2.0 2.0 0.217 0.140 0.3860 0.4779 0.1997 0.0355 0.321300 0.487729 12.12 
0.718 2 2 0 2.0 2.0 0.230 0.146 0.3522 0.4615 0.2079 0.0383 0.334256 0.488328 12.12 
0.738 2 2 0 2.0 2.0 0.218 0.134 0.3787 0.5020 0.2160 0.0411 0.347211 0.489863 12.13 
0.758 2 2 0 2.0 2.0 0.220 0.132 0.3976 0.4723 0.2243 0.0442 0.357576 0.488891 12.12 
0.778 2 2 0 2.0 2.0 0.221 0.127 0.3550 0.4896 0.2322 0.0472 0.367940 0.490313 12.12 
0.798 2 2 0 2.0 2.0 0.213 0.123 0.3896 0.4896 0.2404 0.0504 0.383487 0.489880 12.12 
0.818 2 2 0 2.0 2.0 0.224 0.122 0.3896 0.5081 0.2488 0.0538 0.396443 0.491015 12.12 
0.838 2 2 0 2.0 2.0 0.218 0.120 0.3683 0.4836 0.2571 0.0574 0.409398 0.491269 12.12 
0.858 2 2 0 2.0 2.0 0.212 0.116 0.3936 0.5020 0.2652 0.0609 0.419763 0.491338 12.12 
0.878 2 2 0 2.0 2.0 0.212 0.118 0.3823 0.5020 0.2734 0.0647 0.432719 0.491783 12.12 
0.898 2 2 0 2.0 2.0 0.204 0.120 0.4056 0.5081 0.2816 0.0685 0.445674 0.491432 12.12 
0.918 2 2 0 2.0 2.0 0.213 0.118 0.3976 0.5081 0.2897 0.0725 0.458630 0.490300 12.12 
0.938 2 2 0 2.0 2.0 0.202 0.110 0.4016 0.5281 0.2981 0.0767 0.471586 0.488787 12.11 
0.958 2 2 0 2.0 2.0 0.200 0.111 0.3860 0.5426 0.3062 0.0808 0.484541 0.488455 12.11 
0.978 2 2 0 2.0 2.0 0.197 0.115 0.4317 0.5354 0.3145 0.0853 0.497497 0.488101 12.11 
0.998 2 2 0 2.0 2.0 0.191 0.117 0.4462 0.5020 0.3228 0.0898 0.505270 0.488590 12.12 
1.018 2 2 1 0.1 2.0 -0.064 0.112 0.2952 0.5354 0.3305 0.0942 0.525999 0.489238 12.12 
1.038 2 2 1 0.2 2.0 -0.157 0.116 0.2080 0.5213 0.3370 0.0981 0.557093 0.493562 12.13 
1.058 2 2 1 0.2 2.0 -0.151 0.104 0.2088 0.5149 0.3434 0.1023 0.593369 0.498185 12.12 
1.078 2 2 1 0.1 2.0 -0.159 0.098 0.1791 0.5426 0.3495 0.1065 0.637418 0.501456 12.12 
1.098 2 2 1 0.2 2.0 -0.117 0.099 0.1799 0.5281 0.3552 0.1110 0.684058 0.504041 12.12 
1.118 2 2 1 0.1 2.0 -0.106 0.102 0.1462 0.5426 0.3604 0.1154 0.730699 0.506136 12.12 
1.138 2 2 1 0.2 2.0 -0.082 0.107 0.1229 0.5213 0.3650 0.1198 0.782522 0.507803 12.12 
1.158 2 2 1 0.2 2.0 -0.066 0.107 0.1237 0.5213 0.3695 0.1244 0.834344 0.509143 12.12 
1.178 2 2 1 0.3 2.0 -0.063 0.119 0.0936 0.4779 0.3735 0.1292 0.888758 0.510270 12.12 
1.198 2 2 1 0.2 2.0 -0.045 0.121 0.0655 0.5213 0.3771 0.1338 0.943172 0.510759 12.12 
1.218 2 2 1 0.2 2.0 -0.034 0.123 0.0783 0.5281 0.3803 0.1384 1.000177 0.511349 12.12 
1.238 2 2 1 0.2 2.0 -0.022 0.121 0.0659 0.5081 0.3833 0.1434 1.054590 0.511283 12.12 
1.258 2 2 1 0.4 2.0 -0.021 0.129 0.0518 0.4410 0.3857 0.1480 1.111595 0.512236 12.12 
1.278 2 2 1 0.2 2.0 -0.016 0.138 0.0502 0.5213 0.3881 0.1531 1.168600 0.512754 12.12 
1.298 2 2 1 0.3 2.0 -0.000 0.136 0.0317 0.4836 0.3900 0.1580 1.230788 0.513023 12.11 
1.318 2 2 1 0.3 2.0 0.005 0.138 0.0277 0.4836 0.3916 0.1630 1.287792 0.514638 12.12 
1.338 2 2 1 0.3 2.0 0.005 0.133 0.0249 0.4836 0.3929 0.1680 1.349980 0.514264 12.12 
1.358 2 2 1 0.3 2.0 0.007 0.140 0.0181 0.4896 0.3938 0.1729 1.409576 0.514301 12.12 
1.378 2 2 1 0.3 2.0 0.006 0.138 0.0173 0.4723 0.3945 0.1779 1.469172 0.514391 12.12 
1.398 2 2 1 0.3 2.0 0.008 0.150 0.0217 0.4723 0.3948 0.1829 1.528768 0.514297 12.13 
1.418 2 2 2 1.1 2.0 0.028 0.156 0.0205 0.4362 0.3949 0.1878 1.585773 0.513780 12.12 
1.438 2 2 2 2.0 2.0 0.337 0.163 0.2068 0.4896 0.3946 0.1934 1.632413 0.513292 12.12 
1.458 2 2 2 2.0 2.0 0.416 0.164 0.0570 0.4615 0.3942 0.1992 1.676462 0.506655 12.12 
1.478 2 2 2 2.0 2.0 0.380 0.170 0.1659 0.4562 0.3935 0.2050 1.715329 0.505548 12.12 
1.498 2 2 2 2.0 2.0 0.376 0.179 0.1470 0.4410 0.3925 0.2109 1.751605 0.501929 12.12 
1.518 2 2 2 2.0 2.0 0.346 0.175 0.2145 0.4510 0.3913 0.2170 1.785290 0.500374 12.12 
1.538 2 2 2 2.0 2.0 0.339 0.175 0.1839 0.4317 0.3898 0.2233 1.811201 0.498598 12.12 
1.558 2 2 2 2.0 2.0 0.313 0.179 0.2574 0.3976 0.3882 0.2297 1.839704 0.498267 12.12 
1.578 2 2 2 2.0 2.0 0.307 0.178 0.2362 0.4362 0.3862 0.2364 1.863024 0.496174 12.12 
1.598 2 2 2 2.0 2.0 0.284 0.173 0.2807 0.4562 0.3841 0.2431 1.886344 0.495349 12.11 
1.618 2 2 2 2.0 2.0 0.279 0.164 0.3265 0.4269 0.3817 0.2502 1.909664 0.495131 12.11 
1.638 2 2 2 2.0 2.0 0.274 0.167 0.2478 0.4615 0.3792 0.2572 1.927802 0.493809 12.11 
1.658 2 2 2 2.0 2.0 0.265 0.168 0.2868 0.4615 0.3766 0.2641 1.945940 0.494160 12.11 
1.678 2 2 2 2.0 2.0 0.252 0.169 0.3462 0.4410 0.3736 0.2714 1.964078 0.495041 12.11 
1.698 2 2 2 2.0 2.0 0.251 0.168 0.3683 0.4615 0.3706 0.2786 1.982216 0.494873 12.11 
1.718 2 2 2 2.0 2.0 0.247 0.158 0.3787 0.4896 0.3675 0.2855 1.997763 0.493307 12.12 
1.738 2 2 2 2.0 2.0 0.243 0.155 0.3137 0.4615 0.3641 0.2928 2.013310 0.492543 12.11 
1.758 2 2 2 2.0 2.0 0.239 0.148 0.3522 0.4956 0.3605 0.3002 2.031448 0.492036 12.11 
1.778 2 2 2 2.0 2.0 0.235 0.157 0.3582 0.4667 0.3568 0.3076 2.044403 0.492195 12.12 
1.798 2 2 2 2.0 2.0 0.229 0.158 0.3651 0.4462 0.3530 0.3149 2.057359 0.492106 12.12 
1.818 2 2 2 2.0 2.0 0.223 0.154 0.3860 0.4615 0.3489 0.3223 2.072906 0.492403 12.12 
1.838 2 2 2 2.0 2.0 0.220 0.146 0.3550 0.4510 0.3447 0.3298 2.085861 0.491651 12.12 
1.858 2 2 2 2.0 2.0 0.209 0.152 0.3715 0.4723 0.3405 0.3372 2.096226 0.491389 12.12 
1.878 2 2 2 2.0 2.0 0.208 0.149 0.3651 0.4896 0.3361 0.3446 2.109182 0.490152 12.12 
1.898 2 2 2 2.0 2.0 0.208 0.138 0.3936 0.5081 0.3317 0.3520 2.122137 0.489503 12.12 
1.918 2 2 2 2.0 2.0 0.203 0.136 0.4016 0.5020 0.3270 0.3595 2.132502 0.489693 12.12 
1.938 2 2 2 2.0 2.0 0.208 0.131 0.3715 0.4836 0.3222 0.3669 2.148049 0.488708 12.12 
1.958 2 2 2 2.0 2.0 0.202 0.130 0.4097 0.4667 0.3172 0.3745 2.161004 0.487536 12.12 
1.978 2 2 2 2.0 2.0 0.200 0.131 0.3490 0.5081 0.3123 0.3818 2.171369 0.487334 12.11 
1.998 2 2 2 2.0 2.0 0.203 0.133 0.3896 0.5149 0.3072 0.3890 2.186916 0.487198 12.11 
2.018 2 2 2 2.0 2.0 0.197 0.141 0.4181 0.5081 0.3020 0.3964 2.199871 0.486402 12.11 
2.038 2 2 2 2.0 2.0 0.193 0.126 0.3550 0.4779 0.2965 0.4038 2.210236 0.485494 12.11 
2.058 2 2 2 2.0 2.0 0.192 0.129 0.3936 0.5281 0.2911 0.4110 2.223191 0.485422 12.11 
2.078 2 2 2 2.0 2.0 0.197 0.129 0.3522 0.4956 0.2855 0.4182 2.236147 0.485916 12.11 
2.098 2 2 2 2.0 2.0 0.195 0.120 0.4016 0.5213 0.2796 0.4255 2.249103 0.485921 12.12 
2.118 2 2 2 2.0 2.0 0.192 0.115 0.4016 0.5213 0.2738 0.4327 2.264650 0.485407 12.12 
2.138 2 2 2 2.0 2.0 0.198 0.116 0.3976 0.5081 0.2678 0.4397 2.280196 0.483853 12.12 
2.158 2 2 2 2.0 2.0 0.190 0.132 0.4056 0.5020 0.2619 0.4466 2.287970 0.484421 12.12 
2.178 2 2 2 2.0 2.0 0.202 0.117 0.4016 0.5213 0.2558 0.4535 2.303517 0.484458 12.12 
2.198 2 2 2 2.0 2.0 0.193 0.120 0.4016 0.4956 0.2494 0.4605 2.316472 0.483978 12.12 
2.218 2 2 2 2.0 2.0 0.192 0.125 0.3936 0.5149 0.2431 0.4672 2.326837 0.484961 12.12 
2.238 2 2 2 2.0 2.0 0.189 0.112 0.4317 0.5426 0.2366 0.4740 2.339792 0.484831 12.12 
2.258 2 2 2 2.0 2.0 0.192 0.116 0.4362 0.5213 0.2301 0.4806 2.355339 0.485339 12.12 
2.278 2 2 2 2.0 2.0 0.188 0.117 0.4181 0.5213 0.2234 0.4873 2.368295 0.484353 12.11 
2.298 2 2 2 2.0 2.0 0.181 0.117 0.4362 0.4956 0.2168 0.4937 2.378659 0.483765 12.12 
2.318 2 2 2 2.0 2.0 0.186 0.113 0.4181 0.5149 0.2098 0.5003 2.389024 0.482553 12.11 
2.338 2 2 2 2.0 2.0 0.190 0.114 0.4181 0.4723 0.2030 0.5066 2.404571 0.482290 12.11 
2.358 2 2 2 2.0 2.0 0.187 0.120 0.4181 0.5281 0.1960 0.5129 2.417526 0.482227 12.11 
2.378 2 2 2 2.0 2.0 0.187 0.111 0.4269 0.5213 0.1889 0.5191 2.425300 0.483037 12.11 
2.398 2 2 2 2.0 2.0 0.186 0.106 0.4137 0.5149 0.1815 0.5254 2.440847 0.483187 12.11 
2.418 2 2 3 1.4 2.0 0.176 0.116 0.4225 0.5149 0.1743 0.5314 2.453802 0.483577 12.11 
2.438 2 2 3 0.2 2.0 -0.143 0.117 0.2418 0.5213 0.1676 0.5368 2.471940 0.485818 12.12 
2.458 2 2 3 0.2 2.0 -0.186 0.105 0.2205 0.5213 0.1615 0.5414 2.513398 0.492347 12.12 
2.478 2 2 3 0.0 2.0 -0.157 0.095 0.2510 0.5655 0.1551 0.5459 2.552265 0.496074 12.12 
2.498 2 2 3 0.1 2.0 -0.147 0.090 0.1759 0.5575 0.1485 0.5501 2.596315 0.499921 12.12 
2.518 2 2 3 0.0 2.0 -0.131 0.093 0.1791 0.5735 0.1422 0.5537 2.642955 0.503135 12.12 
2.538 2 2 3 0.1 2.0 -0.116 0.100 0.1611 0.5575 0.1359 0.5569 2.692187 0.505758 12.12 
2.558 2 2 3 0.2 2.0 -0.089 0.106 0.1181 0.5281 0.1299 0.5597 2.741418 0.507770 12.12 
2.578 2 2 3 0.2 2.0 -0.068 0.111 0.1177 0.5281 0.1239 0.5620 2.793241 0.509052 12.12 
2.598 2 2 3 0.2 2.0 -0.059 0.111 0.0980 0.5213 0.1180 0.5640 2.847655 0.509668 12.12 
2.618 2 2 3 0.2 2.0 -0.042 0.116 0.0916 0.5020 0.1124 0.5655 2.902068 0.510886 12.12 
2.638 2 2 3 0.2 2.0 -0.045 0.127 0.0795 0.5149 0.1067 0.5667 2.956482 0.511413 12.12 
2.658 2 2 3 0.3 2.0 -0.018 0.123 0.0586 0.4956 0.1012 0.5676 3.013487 0.511808 12.12 
2.678 2 2 3 0.2 2.0 -0.028 0.114 0.0675 0.5081 0.0956 0.5682 3.070492 0.513322 12.12 
2.698 2 2 3 0.3 2.0 -0.004 0.129 0.0410 0.4779 0.0899 0.5684 3.127497 0.512726 12.12 
2.718 2 2 4 2.0 2.0 0.229 0.136 0.1064 0.4779 0.0845 0.5683 -3.101274 0.512562 12.11 
2.738 2 2 4 2.0 2.0 0.343 0.133 0.1462 0.4723 0.0779 0.5679 -3.062407 0.508612 12.10 
2.758 2 2 4 2.0 2.0 0.399 0.145 0.1221 0.4615 0.0721 0.5674 -3.018358 0.506245 12.10 
2.778 2 2 4 2.0 2.0 0.380 0.148 0.1783 0.4615 0.0658 0.5664 -2.982082 0.503476 12.11 
2.798 2 2 4 2.0 2.0 0.347 0.156 0.2028 0.4779 0.0592 0.5653 -2.948398 0.500869 12.11 
2.818 2 2 4 2.0 2.0 0.344 0.140 0.2241 0.4562 0.0526 0.5638 -2.912122 0.499954 12.12 
2.838 2 2 4 2.0 2.0 0.318 0.148 0.2217 0.4667 0.0457 0.5622 -2.883619 0.497290 12.12 
2.858 2 2 4 2.0 2.0 0.316 0.140 0.3016 0.4615 0.0386 0.5602 -2.860299 0.496874 12.12 
2.878 2 2 4 2.0 2.0 0.301 0.149 0.2787 0.4667 0.0318 0.5581 -2.836979 0.496207 12.12 
2.898 2 2 4 2.0 2.0 0.292 0.143 0.2952 0.4779 0.0244 0.5557 -2.813659 0.493450 12.12 
2.918 2 2 4 2.0 2.0 0.277 0.153 0.2807 0.4510 0.0174 0.5533 -2.795521 0.494158 12.12 
2.938 2 2 4 2.0 2.0 0.270 0.151 0.3161 0.4562 0.0100 0.5505 -2.777383 0.494310 12.12 
2.958 2 2 4 2.0 2.0 0.263 0.142 0.2952 0.4016 0.0029 0.5478 -2.761836 0.492759 12.12 
2.978 2 2 4 2.0 2.0 0.268 0.148 0.2952 0.4836 -0.0045 0.5447 -2.741107 0.491300 12.12 
2.998 2 2 4 2.0 2.0 0.257 0.146 0.3374 0.4836 -0.0117 0.5416 -2.728151 0.490600 12.12 
3.018 2 2 4 2.0 2.0 0.244 0.138 0.3185 0.4615 -0.0192 0.5382 -2.710013 0.488806 12.11 
3.038 2 2 4 2.0 2.0 0.251 0.136 0.3402 0.4667 -0.0267 0.5347 -2.697058 0.488840 12.11 
3.058 2 2 4 2.0 2.0 0.235 0.130 0.3522 0.4779 -0.0342 0.5311 -2.681511 0.486465 12.11 
3.078 2 2 4 2.0 2.0 0.231 0.137 0.3976 0.4410 -0.0418 0.5273 -2.671146 0.484679 12.11 
3.098 2 2 4 2.0 2.0 0.230 0.129 0.3490 0.4779 -0.0494 0.5233 -2.658191 0.482250 12.11 
3.118 2 2 4 2.0 2.0 0.221 0.134 0.4137 0.4562 -0.0571 0.5192 -2.645235 0.481937 12.11 
3.138 2 2 4 2.0 2.0 0.222 0.131 0.3615 0.4667 -0.0646 0.5150 -2.632279 0.481652 12.11 
3.158 2 2 4 2.0 2.0 0.222 0.128 0.4097 0.4615 -0.0721 0.5108 -2.619324 0.481223 12.11 
3.178 2 2 4 2.0 2.0 0.225 0.122 0.3582 0.4896 -0.0796 0.5064 -2.606368 0.480494 12.12 
3.198 2 2 4 2.0 2.0 0.223 0.117 0.3683 0.4896 -0.0873 0.5018 -2.593412 0.479184 12.12 
3.218 2 2 4 2.0 2.0 0.219 0.120 0.4137 0.4956 -0.0947 0.4972 -2.580457 0.479831 12.12 
3.238 2 2 4 2.0 2.0 0.231 0.119 0.3976 0.5281 -0.1023 0.4924 -2.567501 0.479930 12.12 
3.258 2 2 4 2.0 2.0 0.227 0.116 0.3787 0.5081 -0.1097 0.4875 -2.551954 0.480922 12.12 
3.278 2 2 4 2.0 2.0 0.219 0.116 0.3936 0.5149 -0.1168 0.4827 -2.538999 0.482135 12.12 
3.298 2 2 4 2.0 2.0 0.216 0.113 0.3976 0.5149 -0.1242 0.4775 -2.526043 0.483060 12.12 
3.318 2 2 4 2.0 2.0 0.211 0.119 0.3896 0.4896 -0.1316 0.4722 -2.513087 0.484585 12.12 
3.338 2 2 4 2.0 2.0 0.218 0.112 0.3715 0.5020 -0.1390 0.4668 -2.502723 0.484781 12.11 
3.358 2 2 4 2.0 2.0 0.214 0.108 0.4181 0.4896 -0.1461 0.4614 -2.492358 0.485170 12.11 
3.378 2 2 4 2.0 2.0 0.214 0.113 0.3615 0.5081 -0.1532 0.4559 -2.479403 0.484652 12.11 
3.398 2 2 4 2.0 2.0 0.205 0.121 0.3751 0.5149 -0.1603 0.4503 -2.466447 0.484507 12.11 
3.418 2 2 4 2.0 2.0 0.202 0.123 0.4181 0.4779 -0.1675 0.4445 -2.456082 0.484572 12.11 
3.438 2 2 4 2.0 2.0 0.203 0.123 0.3860 0.4956 -0.1743 0.4389 -2.450900 0.485635 12.11 
3.458 2 2 4 2.0 2.0 0.192 0.131 0.4097 0.4779 -0.1814 0.4330 -2.445718 0.485642 12.11 
3.478 2 2 4 2.0 2.0 0.195 0.130 0.4510 0.4896 -0.1885 0.4270 -2.440536 0.486277 12.11 
3.498 2 2 4 2.0 2.0 0.183 0.131 0.4779 0.4779 -0.1957 0.4209 -2.437944 0.486033 12.11 
3.518 2 2 4 2.0 2.0 0.184 0.141 0.4896 0.4615 -0.2026 0.4151 -2.435353 0.486637 12.11 
3.538 2 2 4 2.0 2.0 0.176 0.135 0.4317 0.4723 -0.2098 0.4090 -2.437944 0.487483 12.12 
3.558 2 2 4 2.0 2.0 0.179 0.139 0.4562 0.4362 -0.2168 0.4030 -2.437944 0.486849 12.12 
3.578 2 2 4 2.0 2.0 0.189 0.137 0.4723 0.4896 -0.2240 0.3969 -2.435353 0.486553 12.12 
3.598 2 2 4 2.0 2.0 0.199 0.130 0.4269 0.4510 -0.2307 0.3911 -2.430171 0.487353 12.12 
3.618 2 2 4 2.0 2.0 0.197 0.120 0.4723 0.5149 -0.2380 0.3848 -2.424989 0.487066 12.12 
3.638 2 2 4 2.0 2.0 0.188 0.115 0.4615 0.4836 -0.2449 0.3787 -2.419806 0.488758 12.12 
3.658 2 2 4 2.0 2.0 0.187 0.124 0.4510 0.4896 -0.2520 0.3725 -2.412033 0.490527 12.12 
3.678 2 2 4 2.0 2.0 0.190 0.115 0.4137 0.5020 -0.2589 0.3663 -2.406851 0.491032 12.12 
3.698 2 2 4 2.0 2.0 0.192 0.111 0.4317 0.5020 -0.2660 0.3598 -2.396486 0.490937 12.12 
3.718 2 2 5 0.2 2.0 -0.034 0.115 0.3317 0.5081 -0.2724 0.3538 -2.386122 0.491861 12.12 
3.738 2 2 5 0.2 2.0 -0.157 0.109 0.2888 0.5149 -0.2781 0.3483 -2.357619 0.495701 12.12 
3.758 2 2 5 0.1 2.0 -0.149 0.101 0.2538 0.5426 -0.2834 0.3428 -2.321343 0.500428 12.12 
3.778 2 2 5 0.2 2.0 -0.145 0.085 0.2169 0.5281 -0.2886 0.3370 -2.282476 0.504204 12.12 
3.798 2 2 5 0.2 2.0 -0.123 0.087 0.1643 0.5149 -0.2931 0.3316 -2.238427 0.507076 12.12 
3.818 2 2 5 0.1 2.0 -0.101 0.087 0.1378 0.5426 -0.2973 0.3260 -2.189196 0.508974 12.12 
3.838 2 2 5 0.1 2.0 -0.077 0.085 0.1329 0.5354 -0.3010 0.3205 -2.139964 0.510722 12.12 
3.858 2 2 5 0.2 2.0 -0.039 0.098 0.1080 0.5213 -0.3043 0.3150 -2.088141 0.511648 12.12 
3.878 2 2 5 0.2 2.0 -0.025 0.097 0.0956 0.5149 -0.3072 0.3097 -2.031137 0.513309 12.12 
3.898 2 2 5 0.1 2.0 -0.002 0.097 0.0695 0.5354 -0.3096 0.3044 -1.976723 0.514113 12.12 
3.918 2 2 5 0.2 2.0 -0.011 0.107 0.0578 0.5149 -0.3117 0.2992 -1.919718 0.515554 12.12 
3.938 2 2 5 0.3 2.0 0.007 0.110 0.0578 0.4723 -0.3135 0.2938 -1.862713 0.516470 12.12 
3.958 2 2 5 0.2 2.0 0.020 0.104 0.0329 0.5081 -0.3149 0.2886 -1.797935 0.518283 12.12 
3.978 2 2 5 0.2 2.0 0.015 0.095 0.0281 0.5149 -0.3159 0.2833 -1.738338 0.519493 12.12 
3.998 2 2 5 0.2 2.0 0.020 0.097 0.0265 0.5020 -0.3166 0.2781 -1.676151 0.519598 12.12 
4.018 2 2 5 0.2 2.0 0.020 0.110 0.0305 0.5020 -0.3170 0.2727 -1.616555 0.519933 12.12 
4.038 2 2 6 1.1 2.0 0.029 0.113 0.0245 0.4956 -0.3171 0.2677 -1.556959 0.519284 12.12 
4.058 2 2 6 2.0 2.0 0.340 0.127 0.1892 0.4956 -0.3169 0.2619 -1.507728 0.518287 12.12 
4.078 2 2 6 2.0 2.0 0.417 0.136 0.0655 0.4562 -0.3164 0.2560 -1.463678 0.512574 12.11 
4.098 2 2 6 2.0 2.0 0.414 0.127 0.1578 0.4723 -0.3156 0.2503 -1.419629 0.510820 12.11 
4.118 2 2 6 2.0 2.0 0.402 0.132 0.1968 0.4510 -0.3146 0.2441 -1.380762 0.508849 12.11 
4.138 2 2 6 2.0 2.0 0.365 0.144 0.1968 0.3823 -0.3133 0.2379 -1.349669 0.507477 12.10 
4.158 2 2 6 2.0 2.0 0.356 0.145 0.2293 0.4510 -0.3117 0.2314 -1.315984 0.506285 12.10 
4.178 2 2 6 2.0 2.0 0.341 0.151 0.2478 0.4225 -0.3099 0.2248 -1.290072 0.506001 12.10 
4.198 2 2 6 2.0 2.0 0.330 0.143 0.2607 0.4562 -0.3079 0.2181 -1.266752 0.505880 12.10 
4.218 2 2 6 2.0 2.0 0.319 0.145 0.2747 0.4410 -0.3057 0.2114 -1.243432 0.504300 12.11 
4.238 2 2 6 2.0 2.0 0.308 0.138 0.2807 0.4779 -0.3033 0.2046 -1.222703 0.504081 12.11 
4.258 2 2 6 2.0 2.0 0.304 0.142 0.3346 0.4462 -0.3008 0.1978 -1.201974 0.505278 12.12 
4.278 2 2 6 2.0 2.0 0.310 0.125 0.2848 0.4667 -0.2978 0.1906 -1.178654 0.503179 12.12 
4.298 2 2 6 2.0 2.0 0.292 0.136 0.3462 0.4510 -0.2949 0.1835 -1.163107 0.500421 12.12 
4.318 2 2 6 2.0 2.0 0.271 0.137 0.3550 0.4615 -0.2916 0.1762 -1.147560 0.499599 12.11 
4.338 2 2 6 2.0 2.0 0.265 0.133 0.3137 0.4615 -0.2883 0.1689 -1.132013 0.499298 12.12 
4.358 2 2 6 2.0 2.0 0.249 0.125 0.3615 0.4615 -0.2847 0.1615 -1.119058 0.498178 12.12 
4.378 2 2 6 2.0 2.0 0.251 0.137 0.3582 0.4317 -0.2812 0.1543 -1.108693 0.497248 12.12 
4.398 2 2 6 2.0 2.0 0.235 0.137 0.3823 0.4779 -0.2773 0.1465 -1.100920 0.495617 12.12 
4.418 2 2 6 2.0 2.0 0.229 0.125 0.3896 0.4667 -0.2734 0.1390 -1.090555 0.495428 12.12 
4.438 2 2 6 2.0 2.0 0.233 0.134 0.4016 0.4362 -0.2695 0.1316 -1.085373 0.495303 12.11 
4.458 2 2 6 2.0 2.0 0.231 0.128 0.4137 0.4615 -0.2653 0.1238 -1.075008 0.494577 12.11 
4.478 2 2 6 2.0 2.0 0.239 0.134 0.3582 0.3896 -0.2613 0.1164 -1.064644 0.493670 12.12 
4.498 2 2 6 2.0 2.0 0.238 0.115 0.3751 0.5020 -0.2571 0.1089 -1.056870 0.492796 12.11 
4.518 2 2 6 2.0 2.0 0.233 0.126 0.3787 0.4317 -0.2529 0.1015 -1.046506 0.492596 12.11 
4.538 2 2 6 2.0 2.0 0.238 0.126 0.3550 0.4723 -0.2485 0.0941 -1.033550 0.491932 12.11 
4.558 2 2 6 2.0 2.0 0.234 0.123 0.3402 0.4956 -0.2440 0.0867 -1.025777 0.491177 12.11 
4.578 2 2 6 2.0 2.0 0.237 0.118 0.3976 0.4896 -0.2394 0.0792 -1.010230 0.490934 12.11 
4.598 2 2 6 2.0 2.0 0.229 0.115 0.4056 0.5081 -0.2347 0.0717 -0.999866 0.491317 12.11 
4.618 2 2 6 2.0 2.0 0.230 0.108 0.3976 0.4956 -0.2299 0.0643 -0.989501 0.491224 12.12 
4.638 2 2 6 2.0 2.0 0.237 0.109 0.3823 0.5149 -0.2250 0.0569 -0.979136 0.491204 12.12 
4.658 2 2 6 2.0 2.0 0.235 0.104 0.3896 0.5213 -0.2199 0.0495 -0.966181 0.490305 12.12 
4.678 2 2 6 2.0 2.0 0.236 0.113 0.3715 0.4462 -0.2149 0.0424 -0.953225 0.491146 12.12 
4.698 2 2 6 2.0 2.0 0.230 0.103 0.4181 0.5281 -0.2095 0.0349 -0.942861 0.490625 12.12 
4.718 2 2 6 2.0 2.0 0.235 0.100 0.3490 0.4956 -0.2043 0.0278 -0.927314 0.489293 12.12 
4.738 2 2 6 2.0 2.0 0.233 0.105 0.3683 0.5149 -0.1988 0.0206 -0.914358 0.489430 12.12 
4.758 2 2 6 2.0 2.0 0.223 0.104 0.4056 0.5149 -0.1931 0.0133 -0.903994 0.488139 12.11 
4.778 2 2 6 2.0 2.0 0.225 0.097 0.3896 0.4956 -0.1874 0.0061 -0.888447 0.487187 12.12 
4.798 2 2 6 2.0 2.0 0.214 0.084 0.4016 0.5281 -0.1814 -0.0012 -0.880673 0.486286 12.11 
4.818 2 2 6 2.0 2.0 0.223 0.094 0.3976 0.5081 -0.1753 -0.0084 -0.867718 0.484948 12.11 
4.838 2 2 6 2.0 2.0 0.219 0.102 0.4462 0.5213 -0.1693 -0.0154 -0.857353 0.484125 12.11 
4.858 2 2 6 2.0 2.0 0.221 0.095 0.3976 0.5081 -0.1632 -0.0224 -0.846989 0.483840 12.11 
4.878 2 2 6 2.0 2.0 0.220 0.092 0.4462 0.5149 -0.1569 -0.0294 -0.834033 0.483512 12.11 
4.898 2 2 6 2.0 2.0 0.221 0.099 0.4137 0.4956 -0.1508 -0.0361 -0.821077 0.483203 12.11 
4.918 2 2 6 2.0 2.0 0.222 0.087 0.4016 0.5354 -0.1445 -0.0428 -0.810713 0.483387 12.12 
4.938 2 2 6 2.0 2.0 0.223 0.093 0.4181 0.5149 -0.1379 -0.0496 -0.797757 0.483005 12.12 
4.958 2 2 6 2.0 2.0 0.224 0.091 0.3896 0.5149 -0.1314 -0.0562 -0.787393 0.481986 12.12 
4.978 2 2 6 2.0 2.0 0.221 0.090 0.3402 0.4779 -0.1250 -0.0625 -0.774437 0.481600 12.12 
4.998 2 2 6 2.0 2.0 0.223 0.090 0.3896 0.5213 -0.1182 -0.0691 -0.761481 0.480394 12.12 
5.018 2 2 6 2.0 2.0 0.228 0.096 0.3751 0.5354 -0.1113 -0.0756 -0.748526 0.480325 12.12 
5.038 8 2 6 1.5 1.5 0.222 0.094 0.3715 0.5354 -0.1047 -0.0817 -0.735570 0.480302 12.12 
5.058 8 2 6 0.0 0.0 -0.108 -0.295 0.2639 0.3715 -0.0989 -0.0869 -0.722614 0.482606 12.12 
5.078 8 2 6 0.0 0.0 -0.124 -0.399 0.1735 0.3582 -0.0945 -0.0907 -0.704476 0.490189 12.12 
5.098 8 2 6 0.0 0.0 -0.077 -0.392 0.2169 0.3213 -0.0904 -0.0940 -0.678565 0.494663 12.12 
5.118 8 2 6 0.0 0.0 -0.078 -0.347 0.1454 0.2305 -0.0870 -0.0968 -0.663018 0.500942 12.13 
5.138 8 2 6 0.0 0.0 -0.062 -0.318 0.1394 0.2434 -0.0838 -0.0992 -0.647471 0.508446 12.12 
5.158 8 2 6 0.0 0.0 -0.065 -0.268 0.1341 0.2068 -0.0809 -0.1014 -0.637107 0.513718 12.12 
5.178 8 2 6 0.0 0.0 -0.038 -0.227 0.0992 0.1482 -0.0786 -0.1031 -0.626742 0.517266 12.12 
5.198 8 2 6 0.0 0.0 0.002 -0.187 0.0651 0.1064 -0.0772 -0.1041 -0.624151 0.520574 12.12 
5.218 8 2 6 0.0 0.0 0.010 -0.152 0.0374 0.0908 -0.0760 -0.1049 -0.616378 0.524676 12.12 
5.238 8 2 6 0.0 0.0 0.025 -0.120 0.0233 0.0663 -0.0754 -0.1054 -0.611196 0.527003 12.12 
5.258 8 2 6 0.0 0.0 0.038 -0.077 0.0185 0.0253 -0.0749 -0.1057 -0.608604 0.528486 12.12 
5.278 8 2 6 0.0 0.0 0.044 -0.054 0.0108 0.0177 -0.0749 -0.1057 -0.608604 0.528932 12.12 
5.298 8 2 6 0.0 0.0 0.046 -0.049 0.0068 0.0092 -0.0749 -0.1057 -0.608604 0.528919 12.12 
5.318 8 2 6 0.0 0.0 0.046 -0.050 0.0052 0.0060 -0.0749 -0.1057 -0.608604 0.528482 12.13 
5.338 8 2 6 0.0 0.0 0.045 -0.049 0.0040 0.0048 -0.0749 -0.1057 -0.608604 0.528463 12.12 
5.358 8 2 6 0.0 0.0 0.047 -0.050 0.0032 0.0036 -0.0749 -0.1057 -0.608604 0.528356 12.13 
5.378 8 2 6 0.0 0.0 0.048 -0.051 0.0028 0.0032 -0.0749 -0.1057 -0.608604 0.528284 12.12 
5.398 8 2 6 0.0 0.0 0.049 -0.050 0.0024 0.0028 -0.0749 -0.1057 -0.608604 0.528194 12.12 
5.418 8 2 6 0.0 0.0 0.047 -0.051 0.0020 0.0024 -0.0749 -0.1057 -0.608604 0.528099 12.13 
5.438 8 2 6 0.0 0.0 0.047 -0.049 0.0020 0.0020 -0.0749 -0.1057 -0.608604 0.528034 12.12 
5.458 8 2 6 0.0 0.0 0.047 -0.049 0.0016 0.0016 -0.0749 -0.1057 -0.608604 0.527992 12.13 
5.478 8 2 6 0.0 0.0 0.048 -0.051 0.0016 0.0016 -0.0749 -0.1057 -0.608604 0.527911 12.12 
5.498 8 2 6 0.0 0.0 0.046 -0.050 0.0012 0.0016 -0.0749 -0.1057 -0.608604 0.527895 12.12 
5.518 8 2 6 0.0 0.0 0.044 -0.049 0.0012 0.0012 -0.0749 -0.1057 -0.608604 0.527825 12.12 
