%% logfile from robot Birte (60)
% Birte (60)
%  1    time 0.023 sec
%  2  3  4   (mission 0), state 2, thread 2, line 0
%  5  6 Motor voltage [V] left, right: 0.4 0.4
%  7  8 Motor current left, right [A]: -0.003 0.098
%  9 10 Wheel velocity [m/s] left, right: -0.0000 0.0000
% 11 12 13 14 Pose x,y,h,tilt [m,m,rad,rad]: 0 0 0 0.547482
% 15    Battery voltage [V]: 12.27
% 16 25 ctrl head, ref=0, m=0, m2=0, uf=0, r2=0, ep=0,up=0, ui=0, u1=0, u=0
0.053 2 2 0 0.9 0.9 0.071 0.014 -0.0000 0.0000 0.0000 0.0000 0.000000 0.546931 12.27 0 0 0 0 0 0 0 0 0 0 
0.083 2 2 0 1.3 1.3 0.220 0.220 0.0932 0.0454 0.0014 0.0000 -0.002591 0.545414 12.27 0 -0.00259112 -0.00259112 0 0 0.00129556 0.00129556 0 0.00129556 0.00129556 
0.113 2 2 0 1.8 1.8 0.375 0.368 0.0466 0.0349 0.0024 -0.0000 -0.005182 0.540436 12.25 0 -0.00518225 -0.00518225 0 0 0.00259112 0.00259112 0 0.00259112 0.00259112 
0.143 2 2 0 2.0 2.0 0.429 0.426 0.0819 0.0984 0.0048 -0.0000 0.000000 0.537212 12.25 0 0 0 0 0 0 0 0 0 0 
0.173 2 2 0 2.0 2.0 0.421 0.403 0.1209 0.1687 0.0082 0.0000 0.007773 0.533677 12.25 0 0.00777337 0.00777337 0 0 -0.00388668 -0.00388668 0 -0.00388668 -0.00388668 
0.203 2 2 0 2.0 1.9 0.407 0.363 0.1217 0.1442 0.0125 0.0000 0.015547 0.530213 12.26 0 0.0155467 0.0155467 0 0 -0.00777337 -0.00777337 0 -0.00777337 -0.00777337 
0.233 2 2 0 2.0 1.9 0.399 0.313 0.1542 0.2008 0.0181 0.0002 0.025911 0.526819 12.26 0 0.0259112 0.0259112 0 0 -0.0129556 -0.0129556 0 -0.0129556 -0.0129556 
0.263 2 2 0 2.0 1.8 0.373 0.279 0.1807 0.2659 0.0239 0.0004 0.038867 0.523575 12.27 0 0.0388668 0.0388668 0 0 -0.0194334 -0.0194334 0 -0.0194334 -0.0194334 
0.293 2 2 0 2.0 1.8 0.355 0.246 0.2205 0.2787 0.0307 0.0006 0.049231 0.520398 12.27 0 0.0492313 0.0492313 0 0 -0.0246157 -0.0246157 0 -0.0246157 -0.0246157 
0.323 2 2 0 2.0 1.8 0.347 0.227 0.1976 0.2888 0.0383 0.0011 0.059596 0.517359 12.27 0 0.0595958 0.0595958 0 0 -0.0297979 -0.0297979 0 -0.0297979 -0.0297979 
0.353 2 2 0 2.0 1.7 0.332 0.211 0.2193 0.2952 0.0461 0.0015 0.067369 0.515333 12.27 0 0.0673692 0.0673692 0 0 -0.0336846 -0.0336846 0 -0.0336846 -0.0336846 
0.383 2 2 0 2.0 1.7 0.314 0.188 0.2390 0.2848 0.0546 0.0021 0.072551 0.513377 12.27 0 0.0725515 0.0725515 0 0 -0.0362757 -0.0362757 0 -0.0362757 -0.0362757 
0.413 2 2 0 2.0 1.7 0.304 0.167 0.2390 0.3213 0.0634 0.0028 0.082916 0.512267 12.27 0 0.0829159 0.0829159 0 0 -0.041458 -0.041458 0 -0.041458 -0.041458 
0.443 2 2 0 2.0 1.6 0.291 0.148 0.2494 0.3113 0.0726 0.0036 0.088098 0.510231 12.27 0 0.0880982 0.0880982 0 0 -0.0440491 -0.0440491 0 -0.0440491 -0.0440491 
0.473 2 2 0 2.0 1.6 0.285 0.141 0.3462 0.3615 0.0822 0.0045 0.093280 0.509161 12.26 0 0.0932804 0.0932804 0 0 -0.0466402 -0.0466402 0 -0.0466402 -0.0466402 
0.503 2 2 0 2.0 1.6 0.270 0.128 0.2952 0.3430 0.0924 0.0055 0.095872 0.508529 12.26 0 0.0958715 0.0958715 0 0 -0.0479358 -0.0479358 0 -0.0479358 -0.0479358 
0.533 2 2 0 2.0 1.6 0.266 0.124 0.3683 0.3490 0.1026 0.0065 0.098463 0.507714 12.26 0 0.0984626 0.0984626 0 0 -0.0492313 -0.0492313 0 -0.0492313 -0.0492313 
0.563 2 2 0 2.0 1.6 0.258 0.133 0.2996 0.3317 0.1126 0.0075 0.098463 0.507033 12.26 0 0.0984626 0.0984626 0 0 -0.0492313 -0.0492313 0 -0.0492313 -0.0492313 
0.593 2 2 0 2.0 1.6 0.267 0.127 0.3823 0.3715 0.1227 0.0085 0.101054 0.507735 12.27 0 0.101054 0.101054 0 0 -0.0505269 -0.0505269 0 -0.0505269 -0.0505269 
0.623 2 2 0 2.0 1.6 0.250 0.124 0.3430 0.3317 0.1333 0.0095 0.098463 0.509006 12.27 0 0.0984626 0.0984626 0 0 -0.0492313 -0.0492313 0 -0.0492313 -0.0492313 
0.653 2 2 0 2.0 1.6 0.255 0.120 0.3137 0.3751 0.1439 0.0106 0.101054 0.508485 12.27 0 0.101054 0.101054 0 0 -0.0505269 -0.0505269 0 -0.0505269 -0.0505269 
0.683 2 2 0 2.0 1.6 0.252 0.114 0.3860 0.3976 0.1547 0.0117 0.101054 0.509327 12.27 0 0.101054 0.101054 0 0 -0.0505269 -0.0505269 0 -0.0505269 -0.0505269 
0.713 2 2 0 2.0 1.6 0.251 0.105 0.3346 0.3683 0.1657 0.0128 0.103645 0.509263 12.27 0 0.103645 0.103645 0 0 -0.0518224 -0.0518224 0 -0.0518224 -0.0518224 
0.743 2 2 0 2.0 1.6 0.248 0.093 0.3860 0.3823 0.1767 0.0140 0.106236 0.509031 12.27 0 0.106236 0.106236 0 0 -0.053118 -0.053118 0 -0.053118 -0.053118 
0.773 2 2 0 2.0 1.6 0.246 0.088 0.3213 0.3582 0.1877 0.0152 0.108827 0.509749 12.27 0 0.108827 0.108827 0 0 -0.0544136 -0.0544136 0 -0.0544136 -0.0544136 
0.803 2 2 0 2.0 1.5 0.250 0.086 0.3751 0.4016 0.1988 0.0164 0.114009 0.508609 12.27 0 0.114009 0.114009 0 0 -0.0570047 -0.0570047 0 -0.0570047 -0.0570047 
0.833 2 2 0 2.0 1.5 0.239 0.085 0.3936 0.3430 0.2102 0.0177 0.116600 0.508109 12.26 0 0.1166 0.1166 0 0 -0.0583002 -0.0583002 0 -0.0583002 -0.0583002 
0.863 2 2 0 2.0 1.5 0.234 0.077 0.3462 0.4056 0.2218 0.0191 0.116600 0.507588 12.26 0 0.1166 0.1166 0 0 -0.0583002 -0.0583002 0 -0.0583002 -0.0583002 
0.893 2 2 0 2.0 1.5 0.231 0.079 0.4056 0.3936 0.2332 0.0204 0.114009 0.507372 12.26 0 0.114009 0.114009 0 0 -0.0570047 -0.0570047 0 -0.0570047 -0.0570047 
0.923 2 2 0 2.0 1.5 0.229 0.075 0.3976 0.3976 0.2449 0.0218 0.116600 0.507279 12.26 0 0.1166 0.1166 0 0 -0.0583002 -0.0583002 0 -0.0583002 -0.0583002 
0.953 2 2 0 2.0 1.5 0.231 0.076 0.4016 0.3751 0.2565 0.0231 0.116600 0.507290 12.26 0 0.1166 0.1166 0 0 -0.0583002 -0.0583002 0 -0.0583002 -0.0583002 
0.983 2 2 0 2.0 1.5 0.226 0.072 0.3715 0.4225 0.2683 0.0245 0.119192 0.506663 12.27 0 0.119192 0.119192 0 0 -0.0595958 -0.0595958 0 -0.0595958 -0.0595958 
1.013 2 2 0 2.0 1.5 0.237 0.068 0.4016 0.3860 0.2800 0.0260 0.121783 0.507220 12.27 0 0.121783 0.121783 0 0 -0.0608913 -0.0608913 0 -0.0608913 -0.0608913 
1.043 2 2 0 2.0 1.5 0.231 0.075 0.3346 0.3787 0.2914 0.0273 0.119192 0.508530 12.27 0 0.119192 0.119192 0 0 -0.0595958 -0.0595958 0 -0.0595958 -0.0595958 
1.073 2 2 0 2.0 1.5 0.236 0.073 0.4225 0.3860 0.3031 0.0288 0.121783 0.507568 12.27 0 0.121783 0.121783 0 0 -0.0608913 -0.0608913 0 -0.0608913 -0.0608913 
1.103 2 2 0 2.0 1.5 0.233 0.070 0.3582 0.4016 0.3147 0.0302 0.121783 0.508445 12.26 0 0.121783 0.121783 0 0 -0.0608913 -0.0608913 0 -0.0608913 -0.0608913 
1.133 2 2 0 2.0 1.5 0.229 0.074 0.4181 0.3346 0.3263 0.0316 0.121783 0.509837 12.27 0 0.121783 0.121783 0 0 -0.0608913 -0.0608913 0 -0.0608913 -0.0608913 
1.163 2 2 0 2.0 1.5 0.231 0.063 0.3430 0.3651 0.3380 0.0331 0.124374 0.510521 12.27 0 0.124374 0.124374 0 0 -0.0621869 -0.0621869 0 -0.0621869 -0.0621869 
1.193 2 2 0 2.0 1.5 0.232 0.067 0.3936 0.3976 0.3496 0.0345 0.124374 0.510599 12.26 0 0.124374 0.124374 0 0 -0.0621869 -0.0621869 0 -0.0621869 -0.0621869 
1.223 2 2 0 2.0 1.5 0.233 0.066 0.3185 0.3651 0.3611 0.0360 0.124374 0.511116 12.26 0 0.124374 0.124374 0 0 -0.0621869 -0.0621869 0 -0.0621869 -0.0621869 
1.253 2 2 0 2.0 1.5 0.241 0.067 0.4016 0.3751 0.3729 0.0375 0.126965 0.510976 12.26 0 0.126965 0.126965 0 0 -0.0634825 -0.0634825 0 -0.0634825 -0.0634825 
1.283 2 2 0 2.0 1.5 0.226 0.062 0.3683 0.4016 0.3844 0.0389 0.126965 0.510107 12.26 0 0.126965 0.126965 0 0 -0.0634825 -0.0634825 0 -0.0634825 -0.0634825 
1.313 2 2 0 2.0 1.5 0.228 0.060 0.4097 0.4016 0.3962 0.0404 0.129556 0.509156 12.27 0 0.129556 0.129556 0 0 -0.064778 -0.064778 0 -0.064778 -0.064778 
1.343 2 2 0 2.0 1.5 0.224 0.058 0.3823 0.4137 0.4081 0.0420 0.129556 0.508512 12.27 0 0.129556 0.129556 0 0 -0.064778 -0.064778 0 -0.064778 -0.064778 
1.373 2 2 0 2.0 1.5 0.222 0.061 0.3651 0.3787 0.4203 0.0436 0.126965 0.507533 12.27 0 0.126965 0.126965 0 0 -0.0634825 -0.0634825 0 -0.0634825 -0.0634825 
1.403 2 2 0 2.0 1.5 0.227 0.064 0.3582 0.3860 0.4320 0.0450 0.124374 0.507065 12.27 0 0.124374 0.124374 0 0 -0.0621869 -0.0621869 0 -0.0621869 -0.0621869 
1.433 2 2 0 2.0 1.5 0.222 0.065 0.3976 0.3896 0.4440 0.0465 0.124374 0.506355 12.27 0 0.124374 0.124374 0 0 -0.0621869 -0.0621869 0 -0.0621869 -0.0621869 
1.463 2 2 0 2.0 1.5 0.221 0.060 0.4181 0.3936 0.4559 0.0480 0.124374 0.505720 12.27 0 0.124374 0.124374 0 0 -0.0621869 -0.0621869 0 -0.0621869 -0.0621869 
1.493 2 2 0 2.0 1.5 0.219 0.064 0.4016 0.3683 0.4681 0.0495 0.121783 0.506115 12.27 0 0.121783 0.121783 0 0 -0.0608913 -0.0608913 0 -0.0608913 -0.0608913 
1.523 2 2 0 2.0 1.5 0.218 0.064 0.4225 0.3936 0.4801 0.0510 0.121783 0.504333 12.26 0 0.121783 0.121783 0 0 -0.0608913 -0.0608913 0 -0.0608913 -0.0608913 
1.553 2 2 0 2.0 1.5 0.224 0.061 0.4016 0.3896 0.4920 0.0525 0.121783 0.504813 12.26 0 0.121783 0.121783 0 0 -0.0608913 -0.0608913 0 -0.0608913 -0.0608913 
1.583 2 2 1 1.7 1.8 0.204 0.089 0.4016 0.4181 0.5040 0.0539 0.121783 0.505126 12.26 1.5708 0.121783 0.121783 0 1.5708 0.724507 0.724507 0 0.724507 0.4 
1.613 2 2 1 1.2 2.0 0.134 0.158 0.3317 0.4016 0.5157 0.0554 0.129556 0.506232 12.26 1.5708 0.129556 0.129556 0 1.5708 0.72062 0.72062 0 0.72062 0.4 
1.643 2 2 1 0.8 2.0 0.046 0.159 0.3317 0.4410 0.5273 0.0570 0.145103 0.507678 12.27 1.5708 0.145103 0.145103 0 1.5708 0.712847 0.712847 0 0.712847 0.4 
1.673 2 2 1 0.3 2.0 -0.101 0.147 0.1847 0.4836 0.5378 0.0587 0.183970 0.512729 12.27 1.5708 0.18397 0.18397 0 1.5708 0.693413 0.693413 0 0.693413 0.4 
1.703 2 2 1 -0.2 2.0 -0.125 0.129 0.1807 0.4896 0.5478 0.0608 0.238384 0.517870 12.27 1.5708 0.238384 0.238384 0 1.5708 0.666206 0.666206 0 0.666206 0.4 
1.733 2 2 1 -0.7 2.0 -0.065 0.126 0.1241 0.4896 0.5569 0.0634 0.303162 0.521638 12.27 1.5708 0.303162 0.303162 0 1.5708 0.633817 0.633817 0 0.633817 0.4 
1.763 2 2 1 -1.2 2.0 -0.184 0.122 0.0410 0.4956 0.5648 0.0662 0.386078 0.525201 12.27 1.5708 0.386078 0.386078 0 1.5708 0.592359 0.592359 0 0.592359 0.4 
1.793 2 2 1 -1.2 2.0 -0.241 0.118 0.0116 0.4956 0.5716 0.0693 0.481950 0.529088 12.27 1.5708 0.48195 0.48195 0 1.5708 0.544423 0.544423 0 0.544423 0.4 
1.823 2 2 1 -1.2 2.0 -0.241 0.123 0.0060 0.5020 0.5780 0.0731 0.577822 0.530211 12.27 1.5708 0.577822 0.577822 0 1.5708 0.496487 0.496487 0 0.496487 0.4 
1.853 2 2 1 -1.2 2.0 -0.225 0.120 0.0040 0.5020 0.5840 0.0774 0.673694 0.529495 12.27 1.5708 0.673694 0.673694 0 1.5708 0.448551 0.448551 0 0.448551 0.4 
1.883 2 2 1 -1.2 2.0 -0.242 0.129 0.0032 0.4836 0.5894 0.0822 0.766975 0.528496 12.26 1.5708 0.766975 0.766975 0 1.5708 0.401911 0.401911 0 0.401911 0.4 
1.913 2 2 1 -0.8 2.0 -0.205 0.138 0.0024 0.4896 0.5944 0.0874 0.860255 0.527869 12.26 1.5708 0.860255 0.860255 0 1.5708 0.35527 0.35527 0 0.35527 0.35527 
1.943 2 2 1 -0.5 2.0 -0.031 0.139 0.0020 0.4667 0.5987 0.0930 0.950945 0.527566 12.26 1.5708 0.950945 0.950945 0 1.5708 0.309926 0.309926 0 0.309926 0.309926 
1.973 2 2 1 -0.1 2.0 0.024 0.145 0.0016 0.4667 0.6025 0.0989 1.041635 0.527158 12.27 1.5708 1.04163 1.04163 0 1.5708 0.264581 0.264581 0 0.264581 0.264581 
2.003 2 2 1 0.2 2.0 0.035 0.147 0.0016 0.4562 0.6058 0.1051 1.132324 0.526273 12.27 1.5708 1.13232 1.13232 0 1.5708 0.219236 0.219236 0 0.219236 0.219236 
2.033 2 2 1 0.6 2.0 0.039 0.147 0.0012 0.4836 0.6084 0.1114 1.220423 0.526120 12.27 1.5708 1.22042 1.22042 0 1.5708 0.175187 0.175187 0 0.175187 0.175187 
2.063 2 2 1 0.9 2.0 0.107 0.146 0.0012 0.3976 0.6105 0.1181 1.305930 0.525540 12.27 1.5708 1.30593 1.30593 0 1.5708 0.132433 0.132433 0 0.132433 0.132433 
2.093 2 2 1 1.2 2.0 0.212 0.161 0.0795 0.4362 0.6123 0.1257 1.381073 0.522894 12.27 1.5708 1.38107 1.38107 0 1.5708 0.0948616 0.0948616 0 0.0948616 0.0948616 
2.123 2 2 1 1.6 2.0 0.295 0.167 0.0847 0.4410 0.6134 0.1333 1.458807 0.517766 12.27 1.5708 1.45881 1.45881 0 1.5708 0.0559946 0.0559946 0 0.0559946 0.0559946 
2.153 2 2 1 1.8 2.0 0.340 0.156 0.1145 0.4510 0.6141 0.1415 1.523586 0.514611 12.26 1.5708 1.52359 1.52359 0 1.5708 0.0236054 0.0236054 0 0.0236054 0.0236054 
2.183 2 2 1 2.0 2.0 0.361 0.174 0.1767 0.4317 0.6142 0.1503 1.575408 0.512773 12.27 1.5708 1.57541 1.57541 0 1.5708 -0.00230592 -0.00230592 0 -0.00230592 -0.00230592 
2.213 2 2 1 2.0 1.8 0.364 0.139 0.1831 0.4137 0.6139 0.1595 1.627231 0.509516 12.26 1.5708 1.62723 1.62723 0 1.5708 -0.0282173 -0.0282173 0 -0.0282173 -0.0282173 
2.243 2 2 1 2.0 1.6 0.339 0.107 0.2374 0.4317 0.6132 0.1692 1.663507 0.506663 12.26 1.5708 1.66351 1.66351 0 1.5708 -0.0463552 -0.0463552 0 -0.0463552 -0.0463552 
2.273 2 2 1 2.0 1.5 0.319 0.085 0.2590 0.3896 0.6121 0.1789 1.697191 0.503818 12.26 1.5708 1.69719 1.69719 0 1.5708 -0.0631976 -0.0631976 0 -0.0631976 -0.0631976 
2.303 2 2 1 2.0 1.4 0.305 0.065 0.2747 0.3936 0.6108 0.1887 1.720512 0.502469 12.25 1.5708 1.72051 1.72051 0 1.5708 -0.0748577 -0.0748577 0 -0.0748577 -0.0748577 
2.333 2 2 1 2.0 1.3 0.284 0.061 0.3016 0.4056 0.6092 0.1990 1.736058 0.499637 12.27 1.5708 1.73606 1.73606 0 1.5708 -0.0826311 -0.0826311 0 -0.0826311 -0.0826311 
2.363 2 2 1 2.0 1.3 0.274 0.052 0.3582 0.3787 0.6075 0.2089 1.746423 0.498725 12.26 1.5708 1.74642 1.74642 0 1.5708 -0.0878133 -0.0878133 0 -0.0878133 -0.0878133 
2.393 2 2 1 2.0 1.3 0.259 0.056 0.3651 0.3615 0.6057 0.2188 1.751605 0.498501 12.27 1.5708 1.75161 1.75161 0 1.5708 -0.0904045 -0.0904045 0 -0.0904045 -0.0904045 
2.423 2 2 1 2.0 1.3 0.263 0.052 0.2888 0.3462 0.6038 0.2288 1.754196 0.497216 12.27 1.5708 1.7542 1.7542 0 1.5708 -0.0917 -0.0917 0 -0.0917 -0.0917 
2.453 2 2 1 2.0 1.3 0.257 0.062 0.3615 0.3522 0.6019 0.2389 1.756788 0.495181 12.26 1.5708 1.75679 1.75679 0 1.5708 -0.0929956 -0.0929956 0 -0.0929956 -0.0929956 
2.483 2 2 1 2.0 1.3 0.251 0.064 0.3896 0.3161 0.6001 0.2490 1.754196 0.496529 12.27 1.5708 1.7542 1.7542 0 1.5708 -0.0917 -0.0917 0 -0.0917 -0.0917 
2.513 2 2 1 2.0 1.3 0.247 0.073 0.2972 0.3161 0.5983 0.2587 1.751605 0.495895 12.27 1.5708 1.75161 1.75161 0 1.5708 -0.0904045 -0.0904045 0 -0.0904045 -0.0904045 
2.543 2 2 1 2.0 1.3 0.254 0.075 0.3088 0.3289 0.5965 0.2687 1.749014 0.494692 12.26 1.5708 1.74901 1.74901 0 1.5708 -0.0891089 -0.0891089 0 -0.0891089 -0.0891089 
2.573 2 2 1 2.0 1.3 0.246 0.080 0.3615 0.3374 0.5947 0.2786 1.743832 0.496669 12.26 1.5708 1.74383 1.74383 0 1.5708 -0.0865178 -0.0865178 0 -0.0865178 -0.0865178 
2.603 2 2 1 2.0 1.3 0.243 0.081 0.3237 0.3402 0.5930 0.2885 1.738650 0.495112 12.26 1.5708 1.73865 1.73865 0 1.5708 -0.0839266 -0.0839266 0 -0.0839266 -0.0839266 
2.633 2 2 1 2.0 1.3 0.241 0.085 0.3185 0.3374 0.5913 0.2986 1.736058 0.494658 12.26 1.5708 1.73606 1.73606 0 1.5708 -0.0826311 -0.0826311 0 -0.0826311 -0.0826311 
2.663 2 2 1 2.0 1.4 0.236 0.088 0.3615 0.3346 0.5896 0.3089 1.730876 0.495968 12.26 1.5708 1.73088 1.73088 0 1.5708 -0.0800399 -0.0800399 0 -0.0800399 -0.0800399 
2.693 2 2 1 2.0 1.4 0.236 0.091 0.3213 0.3064 0.5880 0.3192 1.725694 0.496232 12.26 1.5708 1.72569 1.72569 0 1.5708 -0.0774488 -0.0774488 0 -0.0774488 -0.0774488 
2.723 2 2 1 2.0 1.4 0.240 0.091 0.3860 0.3374 0.5864 0.3298 1.723103 0.494881 12.27 1.5708 1.7231 1.7231 0 1.5708 -0.0761532 -0.0761532 0 -0.0761532 -0.0761532 
2.753 2 2 1 2.0 1.4 0.236 0.088 0.3522 0.3402 0.5848 0.3401 1.717921 0.495928 12.27 1.5708 1.71792 1.71792 0 1.5708 -0.0735621 -0.0735621 0 -0.0735621 -0.0735621 
2.783 2 2 1 2.0 1.4 0.233 0.102 0.3088 0.3462 0.5833 0.3508 1.712738 0.493622 12.27 1.5708 1.71274 1.71274 0 1.5708 -0.070971 -0.070971 0 -0.070971 -0.070971 
2.813 2 2 1 2.0 1.5 0.227 0.108 0.3896 0.3402 0.5818 0.3614 1.704965 0.493730 12.27 1.5708 1.70496 1.70496 0 1.5708 -0.0670843 -0.0670843 0 -0.0670843 -0.0670843 
2.843 2 2 1 2.0 1.5 0.216 0.111 0.3823 0.3137 0.5804 0.3723 1.697191 0.491014 12.27 1.5708 1.69719 1.69719 0 1.5708 -0.0631976 -0.0631976 0 -0.0631976 -0.0631976 
2.873 2 2 1 2.0 1.5 0.208 0.113 0.3860 0.3346 0.5790 0.3835 1.686827 0.490324 12.26 1.5708 1.68683 1.68683 0 1.5708 -0.0580153 -0.0580153 0 -0.0580153 -0.0580153 
2.903 2 2 1 2.0 1.6 0.217 0.115 0.3751 0.3683 0.5777 0.3948 1.679054 0.488104 12.27 1.5708 1.67905 1.67905 0 1.5708 -0.0541286 -0.0541286 0 -0.0541286 -0.0541286 
2.933 2 2 1 2.0 1.6 0.210 0.120 0.4181 0.3582 0.5766 0.4062 1.671280 0.487744 12.26 1.5708 1.67128 1.67128 0 1.5708 -0.0502419 -0.0502419 0 -0.0502419 -0.0502419 
2.963 2 2 1 2.0 1.6 0.215 0.127 0.3374 0.3787 0.5755 0.4174 1.666098 0.485116 12.25 1.5708 1.6661 1.6661 0 1.5708 -0.0476508 -0.0476508 0 -0.0476508 -0.0476508 
2.993 2 2 1 2.0 1.6 0.214 0.132 0.3976 0.3615 0.5744 0.4286 1.660916 0.485327 12.26 1.5708 1.66092 1.66092 0 1.5708 -0.0450596 -0.0450596 0 -0.0450596 -0.0450596 
3.023 2 2 1 2.0 1.6 0.210 0.125 0.3683 0.4016 0.5734 0.4402 1.660916 0.484662 12.26 1.5708 1.66092 1.66092 0 1.5708 -0.0450596 -0.0450596 0 -0.0450596 -0.0450596 
3.053 2 2 1 2.0 1.7 0.214 0.125 0.3582 0.3462 0.5724 0.4518 1.655733 0.483627 12.26 1.5708 1.65573 1.65573 0 1.5708 -0.0424685 -0.0424685 0 -0.0424685 -0.0424685 
3.083 2 2 1 2.0 1.6 0.224 0.120 0.3651 0.4056 0.5713 0.4634 1.660916 0.480516 12.27 1.5708 1.66092 1.66092 0 1.5708 -0.0450596 -0.0450596 0 -0.0450596 -0.0450596 
3.113 2 2 2 1.9 1.7 0.222 0.117 0.3823 0.3936 0.5703 0.4750 1.660916 0.480646 12.27 -3.14159 1.66092 1.66092 0 3.14159 0.740339 0.740339 0 0.740339 0.4 
3.143 2 2 2 1.5 2.0 0.175 0.171 0.3787 0.3976 0.5692 0.4866 1.666098 0.479914 12.27 -3.14159 1.6661 1.6661 0 3.14159 0.737747 0.737747 0 0.737747 0.4 
3.173 2 2 2 1.0 2.0 0.090 0.185 0.3213 0.4137 0.5681 0.4978 1.681645 0.480691 12.27 -3.14159 1.68164 1.68164 0 3.14159 0.729974 0.729974 0 0.729974 0.4 
3.203 2 2 2 0.5 2.0 -0.056 0.174 0.1928 0.4562 0.5668 0.5084 1.715329 0.482571 12.27 -3.14159 1.71533 1.71533 0 3.14159 0.713132 0.713132 0 0.713132 0.4 
3.233 2 2 2 0.0 2.0 -0.131 0.157 0.1735 0.4667 0.5651 0.5185 1.759379 0.491288 12.27 -3.14159 1.75938 1.75938 0 3.14159 0.691107 0.691107 0 0.691107 0.4 
3.263 2 2 2 -0.5 2.0 -0.090 0.141 0.1518 0.4896 0.5630 0.5277 1.824157 0.496740 12.26 -3.14159 1.82416 1.82416 0 3.14159 0.658718 0.658718 0 0.658718 0.4 
3.293 2 2 2 -0.9 2.0 -0.138 0.134 0.0843 0.5020 0.5605 0.5362 1.896709 0.500061 12.25 -3.14159 1.89671 1.89671 0 3.14159 0.622442 0.622442 0 0.622442 0.4 
3.323 2 2 2 -1.2 2.0 -0.249 0.134 0.0141 0.4723 0.5579 0.5429 1.984807 0.505441 12.25 -3.14159 1.98481 1.98481 0 3.14159 0.578393 0.578393 0 0.578393 0.4 
3.353 2 2 2 -1.2 2.0 -0.270 0.131 0.0068 0.4896 0.5547 0.5494 2.078088 0.508795 12.27 -3.14159 2.07809 2.07809 0 3.14159 0.531752 0.531752 0 0.531752 0.4 
3.383 2 2 2 -1.2 2.0 -0.268 0.139 0.0044 0.4836 0.5509 0.5555 2.171369 0.509386 12.27 -3.14159 2.17137 2.17137 0 3.14159 0.485112 0.485112 0 0.485112 0.4 
3.413 2 2 2 -1.2 2.0 -0.262 0.138 -0.0040 0.4667 0.5469 0.5608 2.262058 0.509297 12.27 -3.14159 2.26206 2.26206 0 3.14159 0.439767 0.439767 0 0.439767 0.4 
3.443 2 2 2 -1.2 2.0 -0.216 0.138 -0.0040 0.4956 0.5422 0.5660 2.352748 0.508424 12.27 -3.14159 2.35275 2.35275 0 3.14159 0.394422 0.394422 0 0.394422 0.394422 
3.473 2 2 2 -0.8 2.0 -0.155 0.143 -0.0040 0.4615 0.5370 0.5708 2.443438 0.507540 12.27 -3.14159 2.44344 2.44344 0 3.14159 0.349077 0.349077 0 0.349077 0.349077 
3.503 2 2 2 -0.4 2.0 -0.012 0.152 -0.0036 0.4667 0.5316 0.5749 2.531536 0.507655 12.27 -3.14159 2.53154 2.53154 0 3.14159 0.305028 0.305028 0 0.305028 0.305028 
3.533 2 2 2 -0.1 2.0 0.024 0.158 -0.0028 0.4615 0.5258 0.5786 2.619635 0.508209 12.27 -3.14159 2.61963 2.61963 0 3.14159 0.260979 0.260979 0 0.260979 0.260979 
3.563 2 2 2 0.3 2.0 0.036 0.155 -0.0020 0.4667 0.5198 0.5817 2.707733 0.508960 12.27 -3.14159 2.70773 2.70773 0 3.14159 0.21693 0.21693 0 0.21693 0.21693 
3.593 2 2 2 0.6 2.0 0.035 0.148 -0.0020 0.4723 0.5133 0.5844 2.798423 0.508299 12.27 -3.14159 2.79842 2.79842 0 3.14159 0.171585 0.171585 0 0.171585 0.171585 
3.623 2 2 2 1.0 2.0 0.124 0.156 -0.0016 0.4410 0.5068 0.5864 2.886522 0.508746 12.26 -3.14159 2.88652 2.88652 0 3.14159 0.127536 0.127536 0 0.127536 0.127536 
3.653 2 2 2 1.3 2.0 0.220 0.142 0.0863 0.4896 0.4989 0.5881 2.959073 0.506135 12.26 -3.14159 2.95907 2.95907 0 3.14159 0.0912597 0.0912597 0 0.0912597 0.0912597 
3.683 2 2 2 1.6 2.0 0.313 0.162 0.0779 0.4410 0.4914 0.5892 3.036807 0.504050 12.25 -3.14159 3.03681 3.03681 0 3.14159 0.0523927 0.0523927 0 0.0523927 0.0523927 
3.713 2 2 2 1.8 2.0 0.351 0.157 0.1474 0.4562 0.4830 0.5898 3.098994 0.500007 12.26 -3.14159 3.09899 3.09899 0 3.14159 0.0212991 0.0212991 0 0.0212991 0.0212991 
3.743 2 2 2 2.0 1.9 0.385 0.161 0.1767 0.4225 0.4741 0.5899 -3.127186 0.497360 12.25 -3.14159 -3.12719 -3.12719 0 -3.14159 -0.00720334 -0.00720334 0 -0.00720334 -0.00720334 
3.773 2 2 2 2.0 1.8 0.364 0.137 0.1791 0.4016 0.4649 0.5896 -3.080545 0.494653 12.26 -3.14159 -3.08055 -3.08055 0 -3.14159 -0.0305235 -0.0305235 0 -0.0305235 -0.0305235 
3.803 2 2 2 2.0 1.6 0.348 0.102 0.2731 0.4269 0.4553 0.5888 -3.044270 0.492625 12.27 -3.14159 -3.04427 -3.04427 0 -3.14159 -0.0486615 -0.0486615 0 -0.0486615 -0.0486615 
3.833 2 2 2 2.0 1.5 0.322 0.079 0.3016 0.4016 0.4453 0.5877 -3.018358 0.491137 12.27 -3.14159 -3.01836 -3.01836 0 -3.14159 -0.0616171 -0.0616171 0 -0.0616171 -0.0616171 
3.863 2 2 2 2.0 1.4 0.306 0.057 0.2868 0.3787 0.4354 0.5863 -2.997629 0.488932 12.27 -3.14159 -2.99763 -2.99763 0 -3.14159 -0.0719817 -0.0719817 0 -0.0719817 -0.0719817 
3.893 2 2 2 2.0 1.4 0.292 0.054 0.2807 0.3860 0.4252 0.5847 -2.979491 0.486545 12.27 -3.14159 -2.97949 -2.97949 0 -3.14159 -0.0810506 -0.0810506 0 -0.0810506 -0.0810506 
3.923 2 2 2 2.0 1.3 0.283 0.042 0.3265 0.3787 0.4151 0.5830 -2.966536 0.485132 12.27 -3.14159 -2.96654 -2.96654 0 -3.14159 -0.0875285 -0.0875285 0 -0.0875285 -0.0875285 
3.953 2 2 2 2.0 1.3 0.270 0.032 0.3213 0.3490 0.4049 0.5812 -2.961353 0.484281 12.26 -3.14159 -2.96135 -2.96135 0 -3.14159 -0.0901196 -0.0901196 0 -0.0901196 -0.0901196 
3.983 2 2 2 2.0 1.3 0.260 0.031 0.3462 0.3683 0.3944 0.5793 -2.958762 0.485367 12.26 -3.14159 -2.95876 -2.95876 0 -3.14159 -0.0914152 -0.0914152 0 -0.0914152 -0.0914152 
4.013 2 2 2 2.0 1.3 0.258 0.029 0.3213 0.3374 0.3839 0.5773 -2.956171 0.482560 12.26 -3.14159 -2.95617 -2.95617 0 -3.14159 -0.0927107 -0.0927107 0 -0.0927107 -0.0927107 
4.043 2 2 2 2.0 1.3 0.254 0.042 0.3936 0.2888 0.3735 0.5754 -2.958762 0.483259 12.26 -3.14159 -2.95876 -2.95876 0 -3.14159 -0.0914152 -0.0914152 0 -0.0914152 -0.0914152 
4.073 2 2 2 2.0 1.3 0.252 0.047 0.2972 0.3374 0.3630 0.5734 -2.961353 0.484720 12.25 -3.14159 -2.96135 -2.96135 0 -3.14159 -0.0901196 -0.0901196 0 -0.0901196 -0.0901196 
4.103 2 2 2 2.0 1.3 0.260 0.055 0.3088 0.3522 0.3529 0.5716 -2.963944 0.484479 12.26 -3.14159 -2.96394 -2.96394 0 -3.14159 -0.088824 -0.088824 0 -0.088824 -0.088824 
4.133 2 2 2 2.0 1.3 0.257 0.052 0.3289 0.3346 0.3428 0.5698 -2.966536 0.485035 12.26 -3.14159 -2.96654 -2.96654 0 -3.14159 -0.0875285 -0.0875285 0 -0.0875285 -0.0875285 
4.163 2 2 2 2.0 1.3 0.252 0.060 0.3823 0.3490 0.3326 0.5680 -2.971718 0.486030 12.27 -3.14159 -2.97172 -2.97172 0 -3.14159 -0.0849373 -0.0849373 0 -0.0849373 -0.0849373 
4.193 2 2 2 2.0 1.3 0.258 0.061 0.3374 0.3522 0.3221 0.5662 -2.974309 0.486029 12.27 -3.14159 -2.97431 -2.97431 0 -3.14159 -0.0836418 -0.0836418 0 -0.0836418 -0.0836418 
4.223 2 2 2 2.0 1.4 0.250 0.068 0.3936 0.3265 0.3118 0.5645 -2.979491 0.488426 12.27 -3.14159 -2.97949 -2.97949 0 -3.14159 -0.0810506 -0.0810506 0 -0.0810506 -0.0810506 
4.253 2 2 2 2.0 1.4 0.254 0.072 0.3582 0.3402 0.3017 0.5629 -2.982082 0.489678 12.26 -3.14159 -2.98208 -2.98208 0 -3.14159 -0.0797551 -0.0797551 0 -0.0797551 -0.0797551 
4.283 2 2 2 2.0 1.4 0.258 0.080 0.3430 0.3462 0.2913 0.5612 -2.987265 0.491782 12.27 -3.14159 -2.98726 -2.98726 0 -3.14159 -0.0771639 -0.0771639 0 -0.0771639 -0.0771639 
4.313 2 2 2 2.0 1.4 0.255 0.080 0.3823 0.3265 0.2808 0.5596 -2.989856 0.494541 12.27 -3.14159 -2.98986 -2.98986 0 -3.14159 -0.0758684 -0.0758684 0 -0.0758684 -0.0758684 
4.343 2 2 2 2.0 1.4 0.260 0.077 0.3582 0.3462 0.2707 0.5581 -2.992447 0.494238 12.26 -3.14159 -2.99245 -2.99245 0 -3.14159 -0.0745728 -0.0745728 0 -0.0745728 -0.0745728 
4.373 2 2 2 2.0 1.4 0.263 0.080 0.4016 0.3374 0.2606 0.5566 -2.995038 0.493971 12.25 -3.14159 -2.99504 -2.99504 0 -3.14159 -0.0732772 -0.0732772 0 -0.0732772 -0.0732772 
4.403 2 2 2 2.0 1.4 0.249 0.076 0.3137 0.3346 0.2500 0.5550 -2.997629 0.493776 12.26 -3.14159 -2.99763 -2.99763 0 -3.14159 -0.0719817 -0.0719817 0 -0.0719817 -0.0719817 
4.433 2 2 2 2.0 1.4 0.251 0.082 0.3550 0.3462 0.2393 0.5535 -3.002811 0.492190 12.26 -3.14159 -3.00281 -3.00281 0 -3.14159 -0.0693905 -0.0693905 0 -0.0693905 -0.0693905 
4.463 2 2 2 2.0 1.5 0.238 0.090 0.3402 0.3289 0.2286 0.5520 -3.007994 0.493889 12.26 -3.14159 -3.00799 -3.00799 0 -3.14159 -0.0667994 -0.0667994 0 -0.0667994 -0.0667994 
4.493 2 2 2 2.0 1.5 0.249 0.089 0.3490 0.3615 0.2176 0.5505 -3.010585 0.492877 12.26 -3.14159 -3.01058 -3.01058 0 -3.14159 -0.0655038 -0.0655038 0 -0.0655038 -0.0655038 
4.523 2 2 2 2.0 1.5 0.243 0.088 0.3615 0.3522 0.2067 0.5491 -3.013176 0.493445 12.27 -3.14159 -3.01318 -3.01318 0 -3.14159 -0.0642083 -0.0642083 0 -0.0642083 -0.0642083 
4.553 2 2 2 2.0 1.5 0.242 0.086 0.2928 0.3751 0.1957 0.5477 -3.015767 0.493856 12.27 -3.14159 -3.01577 -3.01577 0 -3.14159 -0.0629127 -0.0629127 0 -0.0629127 -0.0629127 
4.583 2 2 2 2.0 1.5 0.249 0.087 0.3896 0.3615 0.1849 0.5464 -3.015767 0.494169 12.27 -3.14159 -3.01577 -3.01577 0 -3.14159 -0.0629127 -0.0629127 0 -0.0629127 -0.0629127 
4.613 2 2 2 2.0 1.5 0.236 0.082 0.3976 0.3462 0.1738 0.5450 -3.015767 0.493135 12.27 -3.14159 -3.01577 -3.01577 0 -3.14159 -0.0629127 -0.0629127 0 -0.0629127 -0.0629127 
4.643 2 2 2 2.0 1.5 0.242 0.080 0.3860 0.3522 0.1626 0.5436 -3.015767 0.491844 12.26 -3.14159 -3.01577 -3.01577 0 -3.14159 -0.0629127 -0.0629127 0 -0.0629127 -0.0629127 
4.673 2 2 2 2.0 1.5 0.237 0.081 0.3522 0.3582 0.1515 0.5422 -3.020949 0.492602 12.27 -3.14159 -3.02095 -3.02095 0 -3.14159 -0.0603216 -0.0603216 0 -0.0603216 -0.0603216 
4.703 2 2 3 1.6 2.0 0.206 0.131 0.3787 0.3346 0.1403 0.5408 -3.015767 0.492649 12.27 -1.5708 -3.01577 -3.01577 0 -1.5708 0.722485 0.722485 0 0.722485 0.4 
4.733 2 2 3 1.1 2.0 0.124 0.177 0.3522 0.3751 0.1292 0.5394 -3.005403 0.493684 12.26 -1.5708 -3.0054 -3.0054 0 -1.5708 0.717303 0.717303 0 0.717303 0.4 
4.763 2 2 3 0.6 2.0 -0.004 0.176 0.2494 0.4097 0.1186 0.5378 -2.982082 0.494732 12.27 -1.5708 -2.98208 -2.98208 0 -1.5708 0.705643 0.705643 0 0.705643 0.4 
4.793 2 2 3 0.1 2.0 -0.092 0.166 0.2036 0.4462 0.1096 0.5361 -2.935442 0.501724 12.27 -1.5708 -2.93544 -2.93544 0 -1.5708 0.682323 0.682323 0 0.682323 0.4 
4.823 2 2 3 -0.4 2.0 -0.087 0.147 0.1458 0.4462 0.1006 0.5340 -2.878437 0.505748 12.27 -1.5708 -2.87844 -2.87844 0 -1.5708 0.65382 0.65382 0 0.65382 0.4 
4.853 2 2 3 -0.8 2.0 -0.092 0.143 0.0904 0.4462 0.0927 0.5316 -2.813659 0.508912 12.27 -1.5708 -2.81366 -2.81366 0 -1.5708 0.621431 0.621431 0 0.621431 0.4 
4.883 2 2 3 -1.2 2.0 -0.202 0.151 0.0349 0.4362 0.0857 0.5290 -2.733334 0.513086 12.27 -1.5708 -2.73333 -2.73333 0 -1.5708 0.581269 0.581269 0 0.581269 0.4 
4.913 2 2 3 -1.2 2.0 -0.216 0.157 0.0100 0.4410 0.0798 0.5261 -2.647826 0.515922 12.27 -1.5708 -2.64783 -2.64783 0 -1.5708 0.538515 0.538515 0 0.538515 0.4 
4.943 2 2 3 -1.2 2.0 -0.226 0.156 0.0056 0.4562 0.0739 0.5226 -2.559728 0.515171 12.26 -1.5708 -2.55973 -2.55973 0 -1.5708 0.494466 0.494466 0 0.494466 0.4 
4.973 2 2 3 -1.2 2.0 -0.212 0.152 0.0040 0.4615 0.0684 0.5186 -2.471629 0.514008 12.27 -1.5708 -2.47163 -2.47163 0 -1.5708 0.450416 0.450416 0 0.450416 0.4 
5.003 2 2 3 -1.2 2.0 -0.220 0.152 0.0028 0.4410 0.0634 0.5142 -2.386122 0.513163 12.26 -1.5708 -2.38612 -2.38612 0 -1.5708 0.407663 0.407663 0 0.407663 0.4 
5.033 2 2 3 -0.9 2.0 -0.196 0.153 0.0024 0.4667 0.0588 0.5095 -2.300614 0.512501 12.26 -1.5708 -2.30061 -2.30061 0 -1.5708 0.364909 0.364909 0 0.364909 0.364909 
5.063 2 2 3 -0.6 2.0 -0.053 0.150 0.0020 0.4462 0.0546 0.5044 -2.215107 0.512298 12.26 -1.5708 -2.21511 -2.21511 0 -1.5708 0.322155 0.322155 0 0.322155 0.322155 
5.093 2 2 3 -0.2 2.0 0.043 0.147 0.0016 0.4510 0.0508 0.4989 -2.129600 0.511772 12.27 -1.5708 -2.1296 -2.1296 0 -1.5708 0.279402 0.279402 0 0.279402 0.279402 
5.123 2 2 3 0.1 2.0 0.060 0.136 0.0016 0.4462 0.0475 0.4932 -2.044092 0.511435 12.26 -1.5708 -2.04409 -2.04409 0 -1.5708 0.236648 0.236648 0 0.236648 0.236648 
5.153 2 2 3 0.4 2.0 0.058 0.138 0.0012 0.4462 0.0448 0.4871 -1.958585 0.511249 12.27 -1.5708 -1.95858 -1.95858 0 -1.5708 0.193894 0.193894 0 0.193894 0.193894 
5.183 2 2 3 0.8 2.0 0.065 0.143 0.0012 0.4562 0.0425 0.4809 -1.873077 0.512017 12.27 -1.5708 -1.87308 -1.87308 0 -1.5708 0.151141 0.151141 0 0.151141 0.151141 
5.213 2 2 3 1.1 2.0 0.201 0.149 0.0430 0.4181 0.0407 0.4741 -1.792752 0.511528 12.27 -1.5708 -1.79275 -1.79275 0 -1.5708 0.110978 0.110978 0 0.110978 0.110978 
5.243 2 2 3 1.4 2.0 0.295 0.151 0.0422 0.4269 0.0393 0.4670 -1.725383 0.507057 12.27 -1.5708 -1.72538 -1.72538 0 -1.5708 0.0772932 0.0772932 0 0.0772932 0.0772932 
5.273 2 2 3 1.6 2.0 0.344 0.153 0.1125 0.4317 0.0384 0.4592 -1.660604 0.504708 12.27 -1.5708 -1.6606 -1.6606 0 -1.5708 0.0449041 0.0449041 0 0.0449041 0.0449041 
5.303 2 2 3 1.9 2.0 0.374 0.166 0.1506 0.4097 0.0379 0.4514 -1.606191 0.501247 12.26 -1.5708 -1.60619 -1.60619 0 -1.5708 0.0176972 0.0176972 0 0.0176972 0.0176972 
5.333 2 2 3 2.0 1.9 0.390 0.160 0.1912 0.4317 0.0379 0.4428 -1.556959 0.498757 12.26 -1.5708 -1.55696 -1.55696 0 -1.5708 -0.00691861 -0.00691861 0 -0.00691861 -0.00691861 
5.363 2 2 3 2.0 1.8 0.390 0.127 0.2390 0.4137 0.0382 0.4340 -1.515501 0.496055 12.26 -1.5708 -1.5155 -1.5155 0 -1.5708 -0.0276477 -0.0276477 0 -0.0276477 -0.0276477 
5.393 2 2 3 2.0 1.6 0.363 0.095 0.2494 0.3976 0.0389 0.4245 -1.481816 0.493470 12.26 -1.5708 -1.48182 -1.48182 0 -1.5708 -0.04449 -0.04449 0 -0.04449 -0.04449 
5.423 2 2 3 2.0 1.5 0.344 0.078 0.2695 0.4016 0.0399 0.4150 -1.455905 0.491263 12.26 -1.5708 -1.4559 -1.4559 0 -1.5708 -0.0574457 -0.0574457 0 -0.0574457 -0.0574457 
5.453 2 2 3 2.0 1.4 0.330 0.051 0.2659 0.3683 0.0412 0.4048 -1.432585 0.489113 12.25 -1.5708 -1.43258 -1.43258 0 -1.5708 -0.0691058 -0.0691058 0 -0.0691058 -0.0691058 
5.483 2 2 3 2.0 1.4 0.317 0.043 0.2996 0.4016 0.0426 0.3951 -1.414447 0.487196 12.25 -1.5708 -1.41445 -1.41445 0 -1.5708 -0.0781748 -0.0781748 0 -0.0781748 -0.0781748 
5.513 2 2 3 2.0 1.3 0.310 0.042 0.3016 0.3683 0.0442 0.3852 -1.404082 0.487694 12.26 -1.5708 -1.40408 -1.40408 0 -1.5708 -0.083357 -0.083357 0 -0.083357 -0.083357 
5.543 2 2 3 2.0 1.3 0.296 0.036 0.3462 0.3402 0.0459 0.3753 -1.393718 0.488165 12.26 -1.5708 -1.39372 -1.39372 0 -1.5708 -0.0885393 -0.0885393 0 -0.0885393 -0.0885393 
5.573 2 2 3 2.0 1.3 0.293 0.027 0.3113 0.3651 0.0477 0.3652 -1.385944 0.487390 12.27 -1.5708 -1.38594 -1.38594 0 -1.5708 -0.092426 -0.092426 0 -0.092426 -0.092426 
5.603 2 2 3 2.0 1.2 0.297 0.032 0.3040 0.3582 0.0496 0.3551 -1.383353 0.486554 12.27 -1.5708 -1.38335 -1.38335 0 -1.5708 -0.0937216 -0.0937216 0 -0.0937216 -0.0937216 
5.633 2 2 3 2.0 1.2 0.287 0.029 0.3896 0.3462 0.0515 0.3452 -1.383353 0.488132 12.26 -1.5708 -1.38335 -1.38335 0 -1.5708 -0.0937216 -0.0937216 0 -0.0937216 -0.0937216 
5.663 2 2 3 2.0 1.2 0.283 0.030 0.3651 0.3213 0.0534 0.3350 -1.383353 0.490072 12.27 -1.5708 -1.38335 -1.38335 0 -1.5708 -0.0937216 -0.0937216 0 -0.0937216 -0.0937216 
5.693 2 2 3 2.0 1.3 0.281 0.042 0.3040 0.3374 0.0553 0.3253 -1.385944 0.489291 12.27 -1.5708 -1.38594 -1.38594 0 -1.5708 -0.092426 -0.092426 0 -0.092426 -0.092426 
5.723 2 2 3 2.0 1.3 0.284 0.045 0.3430 0.3185 0.0571 0.3156 -1.388535 0.489760 12.27 -1.5708 -1.38854 -1.38854 0 -1.5708 -0.0911304 -0.0911304 0 -0.0911304 -0.0911304 
5.753 2 2 3 2.0 1.3 0.276 0.048 0.3860 0.3402 0.0588 0.3058 -1.393718 0.492513 12.26 -1.5708 -1.39372 -1.39372 0 -1.5708 -0.0885393 -0.0885393 0 -0.0885393 -0.0885393 
5.783 2 2 3 2.0 1.3 0.282 0.057 0.3462 0.3064 0.0606 0.2959 -1.398900 0.491913 12.26 -1.5708 -1.3989 -1.3989 0 -1.5708 -0.0859482 -0.0859482 0 -0.0859482 -0.0859482 
5.813 2 2 3 2.0 1.3 0.285 0.062 0.2827 0.3289 0.0623 0.2862 -1.401491 0.491516 12.26 -1.5708 -1.40149 -1.40149 0 -1.5708 -0.0846526 -0.0846526 0 -0.0846526 -0.0846526 
5.843 2 2 3 2.0 1.3 0.280 0.064 0.3374 0.3185 0.0639 0.2763 -1.406673 0.491421 12.26 -1.5708 -1.40667 -1.40667 0 -1.5708 -0.0820615 -0.0820615 0 -0.0820615 -0.0820615 
5.873 2 2 3 2.0 1.4 0.269 0.066 0.2952 0.3430 0.0655 0.2664 -1.411856 0.490954 12.26 -1.5708 -1.41186 -1.41186 0 -1.5708 -0.0794703 -0.0794703 0 -0.0794703 -0.0794703 
5.903 2 2 3 2.0 1.4 0.277 0.064 0.3976 0.3317 0.0672 0.2561 -1.417038 0.490378 12.26 -1.5708 -1.41704 -1.41704 0 -1.5708 -0.0768792 -0.0768792 0 -0.0768792 -0.0768792 
5.933 2 2 3 2.0 1.4 0.271 0.070 0.3823 0.3213 0.0688 0.2459 -1.419629 0.490955 12.27 -1.5708 -1.41963 -1.41963 0 -1.5708 -0.0755836 -0.0755836 0 -0.0755836 -0.0755836 
5.963 2 2 3 2.0 1.4 0.276 0.066 0.3651 0.3522 0.0703 0.2358 -1.422220 0.489566 12.27 -1.5708 -1.42222 -1.42222 0 -1.5708 -0.0742881 -0.0742881 0 -0.0742881 -0.0742881 
5.993 2 2 3 2.0 1.4 0.270 0.068 0.3582 0.3615 0.0719 0.2253 -1.424811 0.489215 12.27 -1.5708 -1.42481 -1.42481 0 -1.5708 -0.0729925 -0.0729925 0 -0.0729925 -0.0729925 
6.023 2 2 3 2.0 1.4 0.267 0.070 0.3896 0.3402 0.0734 0.2148 -1.427402 0.488338 12.27 -1.5708 -1.4274 -1.4274 0 -1.5708 -0.0716969 -0.0716969 0 -0.0716969 -0.0716969 
6.053 2 2 3 2.0 1.4 0.271 0.064 0.3715 0.3550 0.0749 0.2044 -1.427402 0.487559 12.27 -1.5708 -1.4274 -1.4274 0 -1.5708 -0.0716969 -0.0716969 0 -0.0716969 -0.0716969 
6.083 2 2 3 2.0 1.4 0.262 0.062 0.4097 0.3522 0.0764 0.1937 -1.432585 0.488612 12.26 -1.5708 -1.43258 -1.43258 0 -1.5708 -0.0691058 -0.0691058 0 -0.0691058 -0.0691058 
6.113 2 2 3 2.0 1.5 0.263 0.069 0.3823 0.3550 0.0779 0.1827 -1.435176 0.487073 12.27 -1.5708 -1.43518 -1.43518 0 -1.5708 -0.0678102 -0.0678102 0 -0.0678102 -0.0678102 
6.143 2 2 3 2.0 1.5 0.258 0.072 0.3582 0.3185 0.0793 0.1722 -1.437767 0.487098 12.26 -1.5708 -1.43777 -1.43777 0 -1.5708 -0.0665147 -0.0665147 0 -0.0665147 -0.0665147 
6.173 2 2 3 2.0 1.5 0.259 0.066 0.3374 0.3751 0.0808 0.1612 -1.440358 0.488624 12.26 -1.5708 -1.44036 -1.44036 0 -1.5708 -0.0652191 -0.0652191 0 -0.0652191 -0.0652191 
6.203 2 2 3 2.0 1.5 0.264 0.074 0.3787 0.3550 0.0822 0.1505 -1.440358 0.488172 12.26 -1.5708 -1.44036 -1.44036 0 -1.5708 -0.0652191 -0.0652191 0 -0.0652191 -0.0652191 
6.233 2 2 3 2.0 1.5 0.254 0.069 0.3936 0.3346 0.0837 0.1393 -1.440358 0.489451 12.26 -1.5708 -1.44036 -1.44036 0 -1.5708 -0.0652191 -0.0652191 0 -0.0652191 -0.0652191 
6.263 2 2 3 2.0 1.5 0.259 0.072 0.3289 0.3860 0.0850 0.1286 -1.440358 0.486849 12.26 -1.5708 -1.44036 -1.44036 0 -1.5708 -0.0652191 -0.0652191 0 -0.0652191 -0.0652191 
6.293 2 2 4 2.0 1.4 0.255 0.069 0.3185 0.3522 0.0865 0.1176 -1.442949 0.487720 12.27 -1.5708 -1.44295 -1.44295 0 -1.5708 -0.0639235 -0.0639235 0 -0.0639235 -0.0639235 
6.323 2 2 4 1.5 1.0 0.206 0.012 0.3651 0.3582 0.0878 0.1069 -1.442949 0.486157 12.27 -1.5708 -1.44295 -1.44295 0 -1.5708 -0.0639235 -0.0639235 0 -0.0639235 -0.0639235 
6.353 2 2 4 1.0 0.5 0.121 -0.120 0.3522 0.2607 0.0891 0.0971 -1.450723 0.485798 12.27 -1.5708 -1.45072 -1.45072 0 -1.5708 -0.0600368 -0.0600368 0 -0.0600368 -0.0600368 
6.383 2 2 4 0.5 0.0 -0.015 -0.268 0.2028 0.2675 0.0900 0.0889 -1.453314 0.488667 12.27 -1.5708 -1.45331 -1.45331 0 -1.5708 -0.0587413 -0.0587413 0 -0.0587413 -0.0587413 
6.413 2 2 4 0.0 -0.5 -0.101 -0.261 0.2281 0.2028 0.0909 0.0822 -1.453314 0.499017 12.27 -1.5708 -1.45331 -1.45331 0 -1.5708 -0.0587413 -0.0587413 0 -0.0587413 -0.0587413 
6.443 2 2 4 0.0 -0.5 -0.081 -0.224 0.1470 0.1281 0.0914 0.0776 -1.455905 0.506606 12.27 -1.5708 -1.4559 -1.4559 0 -1.5708 -0.0574457 -0.0574457 0 -0.0574457 -0.0574457 
6.473 2 2 4 0.0 -0.5 -0.038 -0.181 0.0916 0.1072 0.0918 0.0742 -1.453314 0.513262 12.27 -1.5708 -1.45331 -1.45331 0 -1.5708 -0.0587413 -0.0587413 0 -0.0587413 -0.0587413 
6.503 8 2 4 0.0 -0.5 0.007 -0.137 0.0530 0.0518 0.0920 0.0722 -1.448132 0.518132 12.27 -1.5708 -1.44813 -1.44813 0 -1.5708 -0.0613324 -0.0613324 0 -0.0613324 -0.0613324 
6.533 8 2 4 0.0 -0.5 0.037 -0.099 0.0165 0.0341 0.0921 0.0714 -1.442949 0.520752 12.27 -1.5708 -1.44295 -1.44295 0 -1.5708 -0.0639235 -0.0639235 0 -0.0639235 -0.0639235 
6.563 8 2 4 0.0 -0.5 0.054 -0.069 0.0141 0.0129 0.0921 0.0712 -1.445540 0.522563 12.27 -1.5708 -1.44554 -1.44554 0 -1.5708 -0.062628 -0.062628 0 -0.062628 -0.062628 
6.593 8 2 4 0.0 -0.5 0.058 -0.063 0.0068 0.0064 0.0921 0.0712 -1.445540 0.522297 12.27 -1.5708 -1.44554 -1.44554 0 -1.5708 -0.062628 -0.062628 0 -0.062628 -0.062628 
6.623 8 2 4 0.0 -0.5 0.058 -0.062 0.0044 0.0040 0.0921 0.0712 -1.445540 0.522177 12.27 -1.5708 -1.44554 -1.44554 0 -1.5708 -0.062628 -0.062628 0 -0.062628 -0.062628 
6.653 8 2 4 0.0 -0.5 0.059 -0.064 0.0032 0.0032 0.0921 0.0712 -1.445540 0.522291 12.27 -1.5708 -1.44554 -1.44554 0 -1.5708 -0.062628 -0.062628 0 -0.062628 -0.062628 
6.683 8 2 4 0.0 -0.5 0.059 -0.063 0.0024 0.0024 0.0921 0.0712 -1.445540 0.522380 12.27 -1.5708 -1.44554 -1.44554 0 -1.5708 -0.062628 -0.062628 0 -0.062628 -0.062628 
6.713 8 2 4 0.0 -0.5 0.059 -0.063 0.0020 0.0020 0.0921 0.0712 -1.445540 0.522481 12.27 -1.5708 -1.44554 -1.44554 0 -1.5708 -0.062628 -0.062628 0 -0.062628 -0.062628 
6.743 8 2 4 0.0 -0.5 0.059 -0.063 0.0016 0.0016 0.0921 0.0712 -1.445540 0.522541 12.27 -1.5708 -1.44554 -1.44554 0 -1.5708 -0.062628 -0.062628 0 -0.062628 -0.062628 
6.773 8 2 4 0.0 -0.5 0.058 -0.060 0.0016 0.0016 0.0921 0.0712 -1.445540 0.522617 12.27 -1.5708 -1.44554 -1.44554 0 -1.5708 -0.062628 -0.062628 0 -0.062628 -0.062628 
6.803 8 2 4 0.0 -0.5 0.059 -0.063 0.0012 0.0012 0.0921 0.0712 -1.445540 0.522696 12.27 -1.5708 -1.44554 -1.44554 0 -1.5708 -0.062628 -0.062628 0 -0.062628 -0.062628 
6.833 8 2 4 0.0 -0.5 0.059 -0.062 0.0012 0.0012 0.0921 0.0712 -1.445540 0.522829 12.27 -1.5708 -1.44554 -1.44554 0 -1.5708 -0.062628 -0.062628 0 -0.062628 -0.062628 
6.863 8 2 4 0.0 -0.5 0.058 -0.063 0.0012 0.0012 0.0921 0.0712 -1.445540 0.522864 12.27 -1.5708 -1.44554 -1.44554 0 -1.5708 -0.062628 -0.062628 0 -0.062628 -0.062628 
6.893 8 2 4 0.0 -0.5 0.059 -0.062 0.0008 0.0008 0.0921 0.0712 -1.445540 0.522955 12.27 -1.5708 -1.44554 -1.44554 0 -1.5708 -0.062628 -0.062628 0 -0.062628 -0.062628 
6.923 8 2 4 0.0 -0.5 0.060 -0.062 0.0008 0.0008 0.0921 0.0712 -1.445540 0.522984 12.27 -1.5708 -1.44554 -1.44554 0 -1.5708 -0.062628 -0.062628 0 -0.062628 -0.062628 
6.953 8 2 4 0.0 -0.5 0.059 -0.061 0.0008 0.0008 0.0921 0.0712 -1.445540 0.523037 12.27 -1.5708 -1.44554 -1.44554 0 -1.5708 -0.062628 -0.062628 0 -0.062628 -0.062628 
