%% logfile from robot Birte (60)
% Birte (60)
%  1    time 0.001 sec
%  2  3  4   (mission 0), state 2, thread 2, line 0
%  5  6 Motor voltage [V] left, right: 0.3 0.3
%  7  8 Motor current left, right [A]: 0.058 0.058
%  9 10 Wheel velocity [m/s] left, right: 0.0000 0.0000
% 11 12 13 14 Pose x,y,h,tilt [m,m,rad,rad]: 0 0 0 3.12329
% 15    Battery voltage [V]: 12.24
0.021 2 2 0 2.0 2.0 0.298 0.346 0.1434 0.1406 0.0012 0.0000 0.000000 3.123321 12.24 
0.041 2 2 0 2.0 2.0 0.288 0.334 0.3016 0.3213 0.0064 0.0000 0.005182 3.123289 12.23 
0.061 2 2 0 2.0 2.0 0.210 0.244 0.4317 0.4410 0.0141 0.0001 0.005182 3.123310 12.24 
0.081 2 2 0 2.0 2.0 0.167 0.180 0.4779 0.4956 0.0233 0.0001 0.010364 3.123289 12.24 
0.101 2 2 0 2.0 2.0 0.126 0.140 0.5426 0.5498 0.0335 0.0003 0.012956 3.123281 12.24 
0.121 2 2 0 2.0 2.0 0.105 0.117 0.5498 0.5655 0.0444 0.0004 0.018138 3.123271 12.24 
0.141 2 2 0 2.0 2.0 0.093 0.094 0.4956 0.5904 0.0556 0.0007 0.018138 3.123252 12.24 
0.161 2 2 0 2.0 1.9 0.086 0.091 0.5575 0.6177 0.0671 0.0009 0.020729 3.123249 12.23 
0.181 2 2 0 2.0 1.9 0.077 0.090 0.5575 0.5992 0.0787 0.0012 0.025911 3.123241 12.24 
0.201 2 2 0 2.0 1.9 0.073 0.086 0.5820 0.6085 0.0906 0.0014 0.023320 3.123300 12.23 
0.221 2 2 0 2.0 1.9 0.072 0.068 0.5992 0.6085 0.1024 0.0017 0.025911 3.123228 12.23 
0.241 2 2 0 2.0 1.9 0.072 0.072 0.5655 0.6085 0.1142 0.0020 0.028502 3.123202 12.24 
0.261 2 2 0 2.0 1.9 0.071 0.073 0.5820 0.6085 0.1263 0.0024 0.028502 3.123229 12.24 
0.281 2 2 0 2.0 1.9 0.068 0.072 0.5992 0.6177 0.1383 0.0027 0.028502 3.123182 12.24 
0.301 2 2 0 2.0 1.9 0.071 0.070 0.6085 0.6273 0.1502 0.0031 0.031093 3.123243 12.24 
0.321 2 2 0 2.0 1.9 0.073 0.074 0.6177 0.5992 0.1622 0.0035 0.031093 3.123241 12.24 
0.341 2 2 0 2.0 1.9 0.065 0.075 0.6273 0.6177 0.1743 0.0039 0.031093 3.123244 12.24 
0.361 2 2 0 2.0 1.9 0.063 0.075 0.5820 0.6085 0.1861 0.0043 0.033685 3.123259 12.24 
0.381 2 2 0 2.0 1.9 0.062 0.070 0.5820 0.6085 0.1981 0.0047 0.033685 3.123216 12.24 
0.401 2 2 0 2.0 1.9 0.062 0.076 0.5992 0.6085 0.2102 0.0051 0.033685 3.123233 12.24 
0.421 2 2 0 2.0 1.9 0.064 0.077 0.5735 0.6085 0.2220 0.0055 0.036276 3.123291 12.24 
0.441 2 2 0 2.0 1.9 0.065 0.072 0.5992 0.6085 0.2341 0.0059 0.036276 3.123296 12.24 
0.461 2 2 0 2.0 1.9 0.079 0.072 0.6177 0.6177 0.2459 0.0063 0.033685 3.123364 12.24 
0.481 2 2 0 2.0 1.9 0.066 0.073 0.6177 0.5655 0.2579 0.0067 0.033685 3.123278 12.23 
0.501 2 2 0 2.0 1.9 0.063 0.079 0.5820 0.5992 0.2698 0.0071 0.036276 3.123313 12.24 
0.521 2 2 0 2.0 1.9 0.063 0.066 0.5904 0.5992 0.2818 0.0076 0.036276 3.123367 12.24 
0.541 2 2 0 2.0 1.9 0.072 0.069 0.5735 0.6085 0.2937 0.0080 0.033685 3.123337 12.24 
0.561 2 2 0 2.0 1.9 0.068 0.076 0.5213 0.6085 0.3055 0.0084 0.036276 3.123392 12.24 
0.581 2 2 0 2.0 1.9 0.065 0.068 0.6177 0.5904 0.3175 0.0088 0.036276 3.123420 12.24 
0.601 2 2 0 2.0 1.9 0.065 0.067 0.6273 0.6085 0.3296 0.0093 0.036276 3.123333 12.23 
0.621 2 2 0 2.0 1.9 0.064 0.067 0.6273 0.5992 0.3416 0.0097 0.036276 3.123351 12.24 
0.641 2 2 0 2.0 1.9 0.062 0.072 0.6085 0.6177 0.3537 0.0102 0.036276 3.123323 12.24 
0.661 2 2 0 2.0 1.9 0.061 0.075 0.5735 0.6177 0.3655 0.0106 0.038867 3.123344 12.23 
0.681 2 2 0 2.0 1.9 0.074 0.073 0.5820 0.6177 0.3776 0.0111 0.038867 3.123355 12.23 
0.701 2 2 0 2.0 1.9 0.068 0.071 0.5904 0.6085 0.3896 0.0115 0.038867 3.123338 12.24 
0.721 2 2 0 2.0 1.9 0.064 0.077 0.6273 0.5904 0.4014 0.0120 0.036276 3.123331 12.24 
0.741 2 2 0 2.0 1.9 0.066 0.066 0.6177 0.5655 0.4133 0.0124 0.038867 3.123315 12.24 
0.761 2 2 0 2.0 1.9 0.065 0.078 0.6273 0.5820 0.4253 0.0129 0.038867 3.123265 12.23 
0.781 2 2 0 2.0 1.9 0.065 0.073 0.6085 0.5820 0.4373 0.0134 0.038867 3.123361 12.24 
0.801 2 2 0 2.0 1.9 0.069 0.076 0.5820 0.5992 0.4492 0.0138 0.036276 3.123332 12.24 
0.821 2 2 0 2.0 1.9 0.072 0.071 0.5992 0.5992 0.4610 0.0143 0.038867 3.123287 12.24 
0.841 2 2 0 2.0 1.9 0.067 0.075 0.5904 0.6177 0.4729 0.0147 0.036276 3.123383 12.24 
0.861 2 2 0 2.0 1.9 0.061 0.074 0.5904 0.5992 0.4849 0.0152 0.036276 3.123327 12.24 
0.881 2 2 0 2.0 1.9 0.063 0.075 0.5354 0.5904 0.4969 0.0156 0.036276 3.123370 12.24 
0.901 2 2 1 0.0 -0.1 -0.192 -0.177 0.4896 0.4836 0.5082 0.0160 0.036276 3.123338 12.25 
0.921 2 2 1 0.0 -0.1 -0.266 -0.295 0.2446 0.2639 0.5150 0.0163 0.036276 3.123393 12.24 
0.941 2 2 1 0.0 -0.1 -0.134 -0.172 0.0948 0.1145 0.5180 0.0164 0.038867 3.123439 12.24 
0.961 2 2 1 0.0 -0.1 -0.051 -0.065 0.0570 0.0614 0.5194 0.0164 0.041458 3.123343 12.24 
0.981 2 2 1 0.0 -0.1 -0.008 -0.007 0.0149 0.0169 0.5194 0.0164 0.041458 3.123331 12.24 
1.001 2 2 3 -0.4 2.0 -0.010 0.183 0.0084 0.0088 0.5194 0.0164 0.041458 3.123312 12.25 
1.021 2 2 3 -0.4 2.0 -0.002 0.382 0.0060 0.2494 0.5212 0.0165 0.064778 3.123289 12.24 
1.041 2 2 3 -0.4 2.0 -0.002 0.289 0.0044 0.4056 0.5246 0.0168 0.108827 3.123354 12.24 
1.061 2 2 3 -0.4 2.0 0.000 0.218 0.0036 0.4956 0.5290 0.0174 0.165832 3.123332 12.24 
1.081 2 2 3 -0.4 2.0 0.001 0.161 0.0028 0.5426 0.5341 0.0185 0.233201 3.123365 12.24 
1.101 2 2 3 -0.4 2.0 0.001 0.133 0.0024 0.5426 0.5393 0.0199 0.303162 3.123278 12.24 
1.121 2 2 3 -0.4 2.0 -0.002 0.114 0.0024 0.6085 0.5448 0.0219 0.378305 3.123308 12.24 
1.141 2 2 3 -0.4 2.0 -0.001 0.106 0.0020 0.5904 0.5502 0.0242 0.453447 3.123255 12.24 
1.161 2 2 3 -0.4 2.0 -0.001 0.096 0.0016 0.6177 0.5556 0.0272 0.533773 3.123260 12.24 
1.181 2 2 3 -0.3 2.0 -0.004 0.091 0.0016 0.6374 0.5607 0.0304 0.611507 3.123270 12.24 
1.201 2 2 3 -0.1 2.0 -0.001 0.085 0.0016 0.6177 0.5657 0.0342 0.691832 3.123258 12.24 
1.221 2 2 3 0.1 2.0 0.010 0.082 0.0012 0.6273 0.5703 0.0384 0.772157 3.123225 12.24 
1.241 2 2 3 0.3 2.0 0.001 0.079 0.0012 0.6177 0.5746 0.0429 0.852482 3.123240 12.24 
1.261 2 2 3 0.5 2.0 0.002 0.077 0.0012 0.6374 0.5785 0.0477 0.932807 3.123234 12.24 
1.281 2 2 3 0.7 2.0 0.001 0.072 0.0012 0.6177 0.5820 0.0529 1.013132 3.123269 12.24 
1.301 2 2 3 0.9 2.0 0.057 0.068 0.0008 0.6583 0.5850 0.0583 1.093457 3.123233 12.23 
1.321 2 2 3 1.0 2.0 0.141 0.075 0.0643 0.6273 0.5879 0.0645 1.171191 3.123232 12.24 
1.341 2 2 3 1.2 2.0 0.151 0.070 0.1329 0.6474 0.5907 0.0716 1.233378 3.123279 12.23 
1.361 2 2 3 1.3 2.0 0.159 0.075 0.2305 0.6691 0.5932 0.0794 1.292974 3.123293 12.24 
1.381 2 2 3 1.4 2.0 0.140 0.074 0.2607 0.6374 0.5954 0.0880 1.339615 3.123286 12.23 
1.401 2 2 3 1.5 2.0 0.133 0.070 0.3374 0.6085 0.5974 0.0972 1.378482 3.123311 12.24 
1.421 2 2 3 1.6 2.0 0.128 0.077 0.4016 0.6177 0.5990 0.1067 1.414758 3.123309 12.24 
1.441 2 2 3 1.7 2.0 0.119 0.079 0.4097 0.6374 0.6005 0.1170 1.445851 3.123315 12.24 
1.461 2 2 3 1.8 2.0 0.109 0.081 0.4317 0.6374 0.6017 0.1276 1.469172 3.123329 12.24 
1.481 2 2 3 1.8 2.0 0.114 0.075 0.4667 0.6374 0.6026 0.1382 1.492492 3.123294 12.24 
1.501 2 2 3 1.9 2.0 0.101 0.076 0.4779 0.6583 0.6034 0.1496 1.510630 3.123304 12.24 
1.521 2 2 3 1.9 2.0 0.092 0.074 0.5281 0.6273 0.6040 0.1609 1.526176 3.123324 12.24 
1.541 2 2 3 1.9 2.0 0.091 0.078 0.5498 0.6374 0.6044 0.1723 1.539132 3.123317 12.24 
1.561 2 2 3 1.9 2.0 0.096 0.075 0.5354 0.6177 0.6047 0.1839 1.549497 3.123326 12.24 
1.581 2 2 3 2.0 2.0 0.085 0.072 0.5655 0.6273 0.6049 0.1958 1.562452 3.123364 12.24 
1.601 2 2 3 2.0 2.0 0.089 0.070 0.5735 0.6374 0.6050 0.2076 1.570226 3.123357 12.24 
1.621 2 2 3 2.0 2.0 0.080 0.073 0.5575 0.6177 0.6049 0.2197 1.575408 3.123341 12.23 
1.641 2 2 3 2.0 2.0 0.069 0.070 0.6085 0.6474 0.6048 0.2319 1.583181 3.123366 12.23 
1.661 2 2 3 2.0 2.0 0.070 0.068 0.5904 0.6374 0.6047 0.2440 1.588364 3.123330 12.24 
1.681 2 2 3 2.0 2.0 0.067 0.071 0.5735 0.6273 0.6044 0.2562 1.590955 3.123292 12.23 
1.701 2 2 3 2.0 1.9 0.070 0.068 0.6085 0.6085 0.6042 0.2683 1.596137 3.123280 12.23 
1.721 2 2 3 2.0 1.9 0.071 0.067 0.6085 0.6177 0.6038 0.2805 1.598728 3.123248 12.23 
1.741 2 2 3 2.0 1.9 0.066 0.064 0.6177 0.6273 0.6035 0.2926 1.598728 3.123195 12.24 
1.761 2 2 3 2.0 1.9 0.069 0.072 0.5735 0.5820 0.6032 0.3044 1.601319 3.123221 12.24 
1.781 2 2 3 2.0 1.9 0.073 0.074 0.5820 0.6273 0.6028 0.3166 1.603910 3.123182 12.24 
1.801 2 2 3 2.0 1.9 0.067 0.076 0.6085 0.6177 0.6024 0.3287 1.603910 3.123255 12.24 
1.821 2 2 3 2.0 1.9 0.070 0.072 0.5820 0.6085 0.6020 0.3407 1.603910 3.123218 12.24 
1.841 2 2 3 2.0 1.9 0.068 0.080 0.6085 0.6085 0.6016 0.3526 1.606502 3.123268 12.24 
1.861 2 2 3 2.0 1.9 0.072 0.072 0.5992 0.6085 0.6012 0.3646 1.606502 3.123284 12.23 
1.881 2 2 3 2.0 1.9 0.066 0.074 0.6085 0.6085 0.6007 0.3767 1.606502 3.123208 12.24 
1.901 2 2 3 2.0 1.9 0.066 0.066 0.5735 0.6177 0.6003 0.3885 1.609093 3.123154 12.24 
1.921 2 2 3 2.0 1.9 0.064 0.078 0.5904 0.5992 0.5999 0.4005 1.609093 3.123192 12.24 
1.941 2 2 3 2.0 1.9 0.068 0.078 0.5992 0.6085 0.5994 0.4126 1.609093 3.123167 12.24 
1.961 2 2 3 2.0 1.9 0.061 0.066 0.5820 0.6085 0.5989 0.4246 1.609093 3.123193 12.23 
1.981 2 2 3 2.0 1.9 0.069 0.070 0.6177 0.6085 0.5985 0.4365 1.611684 3.123228 12.24 
2.001 2 2 3 2.0 1.9 0.064 0.079 0.6177 0.5992 0.5980 0.4485 1.611684 3.123194 12.23 
2.021 2 2 3 2.0 1.9 0.064 0.072 0.6374 0.5904 0.5975 0.4603 1.609093 3.123244 12.24 
2.041 2 2 3 2.0 1.9 0.071 0.071 0.6177 0.5904 0.5971 0.4724 1.609093 3.123208 12.24 
2.061 2 2 4 -0.4 2.0 -0.238 0.084 0.4667 0.6273 0.5966 0.4838 1.616866 3.123243 12.24 
2.081 2 2 4 -0.4 2.0 -0.255 0.091 0.2157 0.5820 0.5961 0.4930 1.653142 3.123373 12.24 
2.101 2 2 4 -0.4 2.0 -0.118 0.090 0.1100 0.6273 0.5952 0.5006 1.715329 3.123288 12.24 
2.121 2 2 4 -0.4 2.0 -0.041 0.084 0.0474 0.6273 0.5940 0.5071 1.785290 3.123312 12.24 
2.141 2 2 4 -0.4 2.0 -0.000 0.085 0.0169 0.6177 0.5925 0.5132 1.865615 3.123334 12.24 
2.161 2 2 4 -0.4 2.0 0.005 0.084 0.0088 0.6273 0.5904 0.5190 1.945940 3.123306 12.24 
2.181 2 2 4 -0.4 2.0 0.005 0.084 0.0060 0.6273 0.5879 0.5247 2.026265 3.123302 12.24 
2.201 2 2 4 -0.4 2.0 0.004 0.086 0.0044 0.6273 0.5849 0.5304 2.109181 3.123280 12.24 
2.221 2 2 4 -0.3 2.0 0.004 0.082 0.0036 0.6273 0.5815 0.5356 2.189507 3.123244 12.24 
2.241 2 2 4 -0.1 2.0 0.001 0.086 0.0032 0.6474 0.5776 0.5405 2.269832 3.123231 12.24 
2.261 2 2 4 0.1 2.0 0.009 0.076 0.0024 0.6374 0.5734 0.5451 2.350157 3.123190 12.24 
2.281 2 2 4 0.3 2.0 0.004 0.076 0.0024 0.6374 0.5687 0.5495 2.433073 3.123170 12.24 
2.301 2 2 4 0.5 2.0 0.002 0.073 0.0020 0.6273 0.5639 0.5533 2.513398 3.123167 12.24 
2.321 2 2 4 0.7 2.0 0.008 0.071 0.0016 0.6374 0.5587 0.5568 2.593723 3.123214 12.23 
2.341 2 2 4 0.9 2.0 0.082 0.083 0.0016 0.6273 0.5531 0.5599 2.676640 3.123244 12.23 
2.361 2 2 4 1.1 2.0 0.162 0.077 0.0815 0.5904 0.5469 0.5627 2.749191 3.123255 12.22 
2.381 2 2 4 1.2 2.0 0.159 0.077 0.1422 0.6273 0.5397 0.5654 2.811378 3.123248 12.23 
2.401 2 2 4 1.3 2.0 0.150 0.076 0.2133 0.6474 0.5318 0.5679 2.865792 3.123281 12.23 
2.421 2 2 4 1.4 2.0 0.147 0.075 0.3064 0.6273 0.5233 0.5700 2.912433 3.123317 12.23 
2.441 2 2 4 1.6 2.0 0.140 0.077 0.3088 0.6273 0.5141 0.5720 2.956482 3.123356 12.24 
2.461 2 2 4 1.6 2.0 0.125 0.079 0.3317 0.6374 0.5046 0.5736 2.987576 3.123380 12.24 
2.481 2 2 4 1.7 2.0 0.119 0.080 0.4097 0.6474 0.4942 0.5751 3.018669 3.123425 12.24 
2.501 2 2 4 1.8 2.0 0.111 0.076 0.4615 0.6374 0.4836 0.5762 3.041989 3.123427 12.24 
2.521 2 2 4 1.8 2.0 0.099 0.073 0.4836 0.6374 0.4728 0.5772 3.062718 3.123476 12.24 
2.541 2 2 4 1.9 2.0 0.100 0.072 0.5081 0.6177 0.4618 0.5779 3.080856 3.123462 12.25 
2.561 2 2 4 1.9 2.0 0.097 0.075 0.4956 0.6583 0.4504 0.5785 3.098994 3.123445 12.24 
2.581 2 2 4 1.9 2.0 0.097 0.070 0.5020 0.6374 0.4389 0.5789 3.111950 3.123511 12.24 
2.601 2 2 4 2.0 2.0 0.099 0.076 0.5575 0.6273 0.4273 0.5792 3.122314 3.123447 12.24 
2.621 2 2 4 2.0 2.0 0.078 0.080 0.5735 0.6177 0.4153 0.5794 3.132679 3.123480 12.23 
2.641 2 2 4 2.0 2.0 0.074 0.067 0.5904 0.6474 0.4034 0.5794 3.140452 3.123515 12.24 
2.661 2 2 4 2.0 2.0 0.072 0.071 0.5820 0.6273 0.3914 0.5794 -3.137551 3.123470 12.23 
2.681 2 2 4 2.0 2.0 0.075 0.072 0.5904 0.6085 0.3791 0.5793 -3.129777 3.123527 12.24 
2.701 2 2 4 2.0 2.0 0.075 0.069 0.5820 0.6273 0.3671 0.5791 -3.124595 3.123507 12.24 
2.721 2 2 4 2.0 1.9 0.063 0.069 0.6085 0.6177 0.3550 0.5789 -3.119413 3.123476 12.23 
2.741 2 2 4 2.0 1.9 0.074 0.063 0.6085 0.6177 0.3430 0.5787 -3.119413 3.123472 12.23 
2.761 2 2 4 2.0 1.9 0.065 0.064 0.5735 0.6474 0.3309 0.5783 -3.114230 3.123453 12.23 
2.781 2 2 4 2.0 1.9 0.065 0.069 0.5655 0.5992 0.3187 0.5780 -3.111639 3.123457 12.23 
2.801 2 2 4 2.0 1.9 0.067 0.071 0.5735 0.5992 0.3066 0.5776 -3.111639 3.123442 12.25 
2.821 2 2 4 2.0 1.9 0.069 0.068 0.6177 0.6273 0.2946 0.5773 -3.106457 3.123472 12.24 
2.841 2 2 4 2.0 1.9 0.065 0.074 0.6177 0.6273 0.2825 0.5769 -3.106457 3.123498 12.24 
2.861 2 2 4 2.0 1.9 0.064 0.070 0.6085 0.6177 0.2705 0.5764 -3.106457 3.123465 12.25 
2.881 2 2 4 2.0 1.9 0.066 0.070 0.5735 0.6085 0.2587 0.5760 -3.103866 3.123449 12.24 
2.901 2 2 4 2.0 1.9 0.066 0.076 0.5820 0.6177 0.2466 0.5755 -3.103866 3.123448 12.24 
2.921 2 2 4 2.0 1.9 0.067 0.078 0.5992 0.5904 0.2346 0.5751 -3.103866 3.123483 12.23 
2.941 2 2 4 2.0 1.9 0.068 0.074 0.6273 0.5904 0.2225 0.5746 -3.103866 3.123421 12.24 
2.961 2 2 4 2.0 1.9 0.070 0.077 0.6177 0.5735 0.2109 0.5741 -3.103866 3.123426 12.24 
2.981 2 2 4 2.0 1.9 0.060 0.077 0.6273 0.6085 0.1989 0.5737 -3.103866 3.123440 12.24 
3.001 2 2 4 2.0 1.9 0.067 0.079 0.6177 0.6177 0.1868 0.5732 -3.103866 3.123503 12.23 
3.021 2 2 4 2.0 1.9 0.068 0.069 0.6085 0.5992 0.1750 0.5728 -3.106457 3.123473 12.24 
3.041 2 2 4 2.0 1.9 0.064 0.071 0.6273 0.6085 0.1629 0.5723 -3.106457 3.123470 12.23 
3.061 2 2 5 0.1 2.0 -0.066 0.084 0.5354 0.6085 0.1511 0.5719 -3.103866 3.123488 12.23 
3.081 2 2 5 -0.4 2.0 -0.259 0.085 0.3137 0.6374 0.1413 0.5714 -3.075363 3.123461 12.24 
3.101 2 2 5 -0.4 2.0 -0.159 0.086 0.1249 0.5992 0.1333 0.5707 -3.018358 3.123472 12.24 
3.121 2 2 5 -0.4 2.0 -0.063 0.082 0.0639 0.6273 0.1263 0.5696 -2.948398 3.123534 12.24 
3.141 2 2 5 -0.4 2.0 -0.007 0.079 0.0241 0.5992 0.1201 0.5681 -2.870664 3.123528 12.24 
3.161 2 2 5 -0.4 2.0 0.003 0.087 0.0108 0.6374 0.1142 0.5662 -2.790339 3.123505 12.24 
3.181 2 2 5 -0.4 2.0 -0.000 0.081 0.0068 0.6374 0.1084 0.5639 -2.710014 3.123556 12.24 
3.201 2 2 5 -0.4 2.0 0.005 0.076 0.0052 0.6273 0.1029 0.5610 -2.629689 3.123534 12.24 
3.221 2 2 5 -0.3 2.0 0.006 0.081 0.0040 0.6583 0.0974 0.5577 -2.546772 3.123511 12.24 
3.241 2 2 5 -0.1 2.0 0.003 0.078 0.0032 0.6273 0.0924 0.5540 -2.466447 3.123493 12.24 
3.261 2 2 5 0.0 2.0 0.006 0.076 0.0028 0.6374 0.0877 0.5499 -2.386122 3.123468 12.24 
3.281 2 2 5 0.2 2.0 0.006 0.078 0.0024 0.6374 0.0832 0.5453 -2.303206 3.123478 12.24 
3.301 2 2 5 0.4 2.0 0.004 0.075 0.0020 0.6273 0.0792 0.5405 -2.222881 3.123506 12.24 
3.321 2 2 5 0.6 2.0 0.004 0.075 0.0020 0.6374 0.0757 0.5354 -2.142555 3.123499 12.23 
3.341 2 2 5 0.8 2.0 0.032 0.080 0.0016 0.6085 0.0725 0.5300 -2.062230 3.123469 12.23 
3.361 2 2 5 1.0 2.0 0.135 0.081 0.0016 0.6474 0.0696 0.5241 -1.981905 3.123534 12.24 
3.381 2 2 5 1.2 2.0 0.175 0.076 0.1064 0.6374 0.0670 0.5175 -1.911945 3.123505 12.23 
3.401 2 2 5 1.3 2.0 0.173 0.071 0.2181 0.6273 0.0646 0.5099 -1.854940 3.123536 12.23 
3.421 2 2 5 1.4 2.0 0.160 0.079 0.2868 0.6273 0.0623 0.5013 -1.803117 3.123524 12.24 
3.441 2 2 5 1.5 2.0 0.140 0.077 0.3088 0.6374 0.0604 0.4923 -1.761659 3.123511 12.23 
3.461 2 2 5 1.6 2.0 0.138 0.074 0.3860 0.6374 0.0587 0.4826 -1.722792 3.123480 12.24 
3.481 2 2 5 1.7 2.0 0.124 0.069 0.4317 0.5992 0.0573 0.4725 -1.694289 3.123474 12.23 
3.501 2 2 5 1.8 2.0 0.105 0.075 0.4225 0.6374 0.0561 0.4621 -1.668378 3.123451 12.24 
3.521 2 2 5 1.8 2.0 0.100 0.070 0.4896 0.6583 0.0552 0.4511 -1.645058 3.123486 12.24 
3.541 2 2 5 1.9 2.0 0.101 0.071 0.5081 0.6691 0.0545 0.4401 -1.626920 3.123483 12.24 
3.561 2 2 5 1.9 2.0 0.102 0.073 0.4956 0.5904 0.0539 0.4286 -1.608782 3.123419 12.23 
3.581 2 2 5 1.9 2.0 0.090 0.077 0.5426 0.6273 0.0535 0.4170 -1.598418 3.123392 12.24 
3.601 2 2 5 2.0 2.0 0.091 0.075 0.5498 0.6085 0.0533 0.4054 -1.588053 3.123370 12.24 
3.621 2 2 5 2.0 2.0 0.097 0.081 0.5820 0.6374 0.0531 0.3937 -1.577688 3.123358 12.24 
3.641 2 2 5 2.0 2.0 0.080 0.076 0.5735 0.6374 0.0531 0.3815 -1.569915 3.123362 12.24 
3.661 2 2 5 2.0 2.0 0.079 0.077 0.5655 0.6374 0.0532 0.3696 -1.562142 3.123336 12.24 
3.681 2 2 5 2.0 2.0 0.071 0.066 0.5992 0.6474 0.0533 0.3576 -1.556959 3.123300 12.24 
3.701 2 2 5 2.0 2.0 0.072 0.067 0.5904 0.6177 0.0535 0.3453 -1.554368 3.123350 12.24 
3.721 2 2 5 2.0 1.9 0.071 0.067 0.5655 0.6273 0.0537 0.3333 -1.549186 3.123354 12.23 
3.741 2 2 5 2.0 1.9 0.069 0.073 0.5735 0.6085 0.0540 0.3210 -1.546595 3.123354 12.24 
3.761 2 2 5 2.0 1.9 0.068 0.069 0.5820 0.6374 0.0543 0.3090 -1.541413 3.123350 12.23 
3.781 2 2 5 2.0 1.9 0.064 0.072 0.6085 0.6177 0.0546 0.2969 -1.541413 3.123319 12.23 
3.801 2 2 5 2.0 1.9 0.064 0.070 0.6085 0.6085 0.0550 0.2847 -1.538821 3.123339 12.23 
3.821 2 2 5 2.0 1.9 0.068 0.069 0.6085 0.5735 0.0554 0.2726 -1.538821 3.123381 12.23 
3.841 2 2 5 2.0 1.9 0.066 0.068 0.5992 0.5820 0.0558 0.2608 -1.536230 3.123293 12.23 
3.861 2 2 5 2.0 1.9 0.062 0.074 0.6273 0.5820 0.0562 0.2488 -1.536230 3.123590 12.24 
3.881 2 2 5 2.0 1.9 0.068 0.077 0.5992 0.5992 0.0566 0.2367 -1.536230 3.123346 12.24 
3.901 2 2 5 2.0 1.9 0.065 0.081 0.6273 0.6273 0.0570 0.2249 -1.533639 3.123416 12.24 
3.921 2 2 5 2.0 1.9 0.070 0.081 0.6177 0.6085 0.0574 0.2130 -1.536230 3.123413 12.24 
3.941 2 2 5 2.0 1.9 0.063 0.081 0.6085 0.6085 0.0578 0.2010 -1.536230 3.123375 12.24 
3.961 2 2 5 2.0 1.9 0.064 0.074 0.6273 0.6085 0.0583 0.1890 -1.536230 3.123375 12.24 
3.981 2 2 5 2.0 1.9 0.070 0.082 0.6085 0.6273 0.0587 0.1769 -1.536230 3.123386 12.24 
4.001 2 2 5 2.0 1.9 0.066 0.080 0.5904 0.6177 0.0591 0.1653 -1.536230 3.123332 12.24 
4.021 2 2 5 2.0 1.9 0.061 0.073 0.5735 0.6177 0.0595 0.1532 -1.536230 3.123369 12.24 
4.041 2 2 5 2.0 1.9 0.073 0.073 0.5904 0.5904 0.0599 0.1412 -1.536230 3.123331 12.24 
4.061 2 2 6 0.7 0.6 0.020 0.028 0.5904 0.5820 0.0603 0.1292 -1.536230 3.123344 12.24 
4.081 2 2 6 0.0 -0.1 -0.287 -0.320 0.2827 0.2996 0.0606 0.1203 -1.536230 3.123394 12.24 
4.101 2 2 6 0.0 -0.1 -0.198 -0.223 0.1470 0.1562 0.0608 0.1161 -1.533639 3.123229 12.24 
4.121 2 2 6 0.0 -0.1 -0.083 -0.107 0.0647 0.0663 0.0609 0.1143 -1.531048 3.123297 12.24 
4.141 2 2 6 0.0 -0.1 -0.019 -0.035 0.0229 0.0273 0.0609 0.1139 -1.531048 3.123333 12.24 
4.161 2 2 6 0.0 -0.1 -0.004 -0.006 0.0104 0.0112 0.0609 0.1139 -1.531048 3.123307 12.24 
4.181 2 2 6 0.0 -0.1 0.001 0.000 0.0068 0.0072 0.0609 0.1139 -1.531048 3.123347 12.24 
4.201 2 2 6 0.0 -0.1 0.002 -0.001 0.0048 0.0052 0.0609 0.1139 -1.531048 3.123368 12.24 
4.221 2 2 6 0.0 -0.1 0.002 0.002 0.0040 0.0040 0.0609 0.1139 -1.531048 3.123371 12.25 
4.241 2 2 6 0.0 -0.1 0.001 0.001 0.0032 0.0032 0.0609 0.1139 -1.531048 3.123362 12.24 
4.261 8 2 6 0.0 -0.1 0.003 0.001 0.0028 0.0028 0.0609 0.1139 -1.531048 3.123316 12.23 
4.281 8 2 6 0.0 -0.1 0.002 0.000 0.0024 0.0024 0.0609 0.1139 -1.531048 3.123292 12.24 
4.301 8 2 6 0.0 -0.1 0.003 -0.000 0.0020 0.0020 0.0609 0.1139 -1.531048 3.123318 12.24 
4.321 8 2 6 0.0 -0.1 0.001 -0.004 0.0020 0.0020 0.0609 0.1139 -1.531048 3.123373 12.24 
4.341 8 2 6 0.0 -0.1 0.000 -0.002 0.0016 0.0016 0.0609 0.1139 -1.531048 3.123360 12.24 
4.361 8 2 6 0.0 -0.1 0.001 0.000 0.0016 0.0016 0.0609 0.1139 -1.531048 3.123346 12.24 
4.381 8 2 6 0.0 -0.1 0.002 -0.002 0.0012 0.0012 0.0609 0.1139 -1.531048 3.123351 12.24 
4.401 8 2 6 0.0 -0.1 -0.000 -0.003 0.0012 0.0012 0.0609 0.1139 -1.531048 3.123343 12.24 
4.421 8 2 6 0.0 -0.1 -0.002 0.000 0.0012 0.0012 0.0609 0.1139 -1.531048 3.123347 12.24 
4.441 8 2 6 0.0 -0.1 -0.000 0.002 0.0012 0.0012 0.0609 0.1139 -1.531048 3.123372 12.24 
4.461 8 2 6 0.0 -0.1 0.001 0.001 0.0008 0.0008 0.0609 0.1139 -1.531048 3.123353 12.24 
4.481 8 2 6 0.0 -0.1 0.000 -0.001 0.0008 0.0008 0.0609 0.1139 -1.531048 3.123337 12.24 
4.501 8 2 6 0.0 -0.1 -0.001 -0.001 0.0008 0.0008 0.0609 0.1139 -1.531048 3.123369 12.24 
4.521 8 2 6 0.0 -0.1 0.000 -0.001 0.0008 0.0008 0.0609 0.1139 -1.531048 3.123371 12.24 
4.541 8 2 6 0.0 -0.1 0.001 -0.002 0.0008 0.0008 0.0609 0.1139 -1.531048 3.123335 12.24 
4.561 8 2 6 0.0 -0.1 0.002 -0.002 0.0008 0.0008 0.0609 0.1139 -1.531048 3.123327 12.24 
4.581 8 2 6 0.0 -0.1 0.001 -0.003 0.0008 0.0008 0.0609 0.1139 -1.531048 3.123370 12.24 
4.601 8 2 6 0.0 -0.1 0.002 -0.002 0.0008 0.0008 0.0609 0.1139 -1.531048 3.123353 12.24 
4.621 8 2 6 0.0 -0.1 -0.001 -0.002 0.0008 0.0008 0.0609 0.1139 -1.531048 3.123321 12.24 
4.641 8 2 6 0.0 -0.1 -0.000 -0.002 0.0004 0.0004 0.0609 0.1139 -1.531048 3.123344 12.24 
4.661 8 2 6 0.0 -0.1 0.001 -0.002 0.0004 0.0004 0.0609 0.1139 -1.531048 3.123359 12.24 
4.681 8 2 6 0.0 -0.1 0.003 -0.001 0.0004 0.0004 0.0609 0.1139 -1.531048 3.123327 12.24 
4.701 8 2 6 0.0 -0.1 0.002 -0.000 0.0004 0.0004 0.0609 0.1139 -1.531048 3.123337 12.24 
4.721 8 2 6 0.0 -0.1 -0.000 -0.001 0.0004 0.0004 0.0609 0.1139 -1.531048 3.123352 12.24 
4.741 8 2 6 0.0 -0.1 0.001 0.002 0.0004 0.0004 0.0609 0.1139 -1.531048 3.123352 12.24 
