%% logfile from robot Birte (60)
% Birte (60)
%  1    time 0.013 sec
%  2  3  4   (mission 0), state 2, thread 2, line 0
%  5  6 Motor voltage [V] left, right: 2.0 2.0
%  7  8 Motor current left, right [A]: -0.144 -0.052
%  9 10 Wheel velocity [m/s] left, right: 0.0000 0.0004
% 11 12 13 14 Pose x,y,h,tilt [m,m,rad,rad]: 0 0 0 0.515647
% 15    Battery voltage [V]: 12.22
0.033 2 2 0 2.0 2.0 0.391 0.406 0.1141 0.0627 0.0024 -0.0000 -0.005182 0.512126 12.21 
0.053 2 2 0 2.0 2.0 0.466 0.480 0.0245 0.0747 0.0032 -0.0000 0.000000 0.506204 12.21 
0.073 2 2 0 2.0 2.0 0.494 0.462 0.0550 0.0727 0.0046 -0.0000 0.002591 0.508238 12.20 
0.093 2 2 0 2.0 2.0 0.456 0.411 0.1076 0.1442 0.0068 -0.0000 0.005182 0.505691 12.21 
0.113 2 2 0 2.0 2.0 0.447 0.386 0.1486 0.1530 0.0096 0.0000 0.010364 0.505724 12.21 
0.133 2 2 0 2.0 2.0 0.429 0.362 0.1458 0.1538 0.0129 0.0001 0.015547 0.503528 12.20 
0.153 2 2 0 2.0 2.0 0.415 0.339 0.1791 0.1839 0.0163 0.0001 0.023320 0.502495 12.21 
0.173 2 2 0 2.0 2.0 0.394 0.336 0.1968 0.2494 0.0203 0.0002 0.028502 0.501177 12.21 
0.193 2 2 0 2.0 2.0 0.393 0.303 0.2036 0.2607 0.0245 0.0004 0.036276 0.498757 12.19 
0.213 2 2 0 2.0 2.0 0.364 0.298 0.2554 0.2305 0.0291 0.0006 0.044049 0.498365 12.22 
0.233 2 2 0 2.0 2.0 0.366 0.286 0.1956 0.2848 0.0343 0.0008 0.054414 0.496278 12.22 
0.253 2 2 0 2.0 2.0 0.350 0.267 0.2265 0.3113 0.0395 0.0011 0.059596 0.496299 12.22 
0.273 2 2 0 2.0 2.0 0.352 0.258 0.2574 0.2731 0.0447 0.0015 0.069960 0.494575 12.22 
0.293 2 2 0 2.0 2.0 0.331 0.248 0.2446 0.2996 0.0506 0.0019 0.077734 0.493918 12.22 
0.313 2 2 0 2.0 2.0 0.325 0.248 0.3064 0.3213 0.0564 0.0024 0.085507 0.494340 12.22 
0.333 2 2 0 2.0 2.0 0.318 0.219 0.3088 0.3823 0.0628 0.0029 0.095872 0.492652 12.22 
0.353 2 2 0 2.0 2.0 0.305 0.207 0.2807 0.3490 0.0694 0.0036 0.103645 0.491877 12.22 
0.373 2 2 0 2.0 2.0 0.290 0.215 0.3317 0.3462 0.0759 0.0043 0.111418 0.491248 12.22 
0.393 2 2 0 2.0 2.0 0.289 0.204 0.3582 0.3896 0.0827 0.0051 0.116600 0.491484 12.21 
0.413 2 2 0 2.0 2.0 0.294 0.194 0.2675 0.4056 0.0897 0.0060 0.129556 0.489942 12.21 
0.433 2 2 0 2.0 2.0 0.286 0.186 0.2952 0.4181 0.0967 0.0069 0.137329 0.490497 12.21 
0.453 2 2 0 2.0 2.0 0.272 0.175 0.3402 0.4225 0.1040 0.0079 0.145103 0.490636 12.21 
0.473 2 2 0 2.0 2.0 0.263 0.185 0.3346 0.3896 0.1116 0.0091 0.155467 0.489969 12.21 
0.493 2 2 0 2.0 2.0 0.255 0.179 0.3346 0.4362 0.1193 0.0103 0.163241 0.488849 12.21 
0.513 2 2 0 2.0 2.0 0.252 0.173 0.3936 0.3860 0.1268 0.0116 0.173605 0.487795 12.22 
0.533 2 2 0 2.0 2.0 0.244 0.164 0.3823 0.4562 0.1347 0.0130 0.183970 0.486288 12.21 
0.553 2 2 0 2.0 2.0 0.255 0.168 0.3860 0.4510 0.1424 0.0145 0.191743 0.486526 12.19 
0.573 2 2 0 2.0 2.0 0.243 0.153 0.3522 0.3860 0.1507 0.0161 0.202108 0.486102 12.22 
0.593 2 2 0 2.0 2.0 0.241 0.149 0.4056 0.4510 0.1588 0.0178 0.209881 0.486274 12.22 
0.613 2 2 0 2.0 2.0 0.244 0.142 0.3715 0.4562 0.1670 0.0196 0.220246 0.485165 12.20 
0.633 2 2 0 2.0 2.0 0.237 0.148 0.3751 0.4562 0.1754 0.0215 0.228019 0.485271 12.22 
0.653 2 2 0 2.0 2.0 0.245 0.144 0.4097 0.4462 0.1838 0.0235 0.240975 0.485355 12.22 
0.673 2 2 0 2.0 2.0 0.243 0.135 0.3522 0.4779 0.1922 0.0256 0.253930 0.485440 12.22 
0.693 2 2 0 2.0 2.0 0.236 0.131 0.3860 0.4723 0.2005 0.0278 0.261704 0.483848 12.22 
0.713 2 2 0 2.0 2.0 0.230 0.136 0.4097 0.4896 0.2089 0.0301 0.274659 0.482869 12.22 
0.733 2 2 0 2.0 2.0 0.225 0.138 0.4097 0.4836 0.2174 0.0326 0.285024 0.482786 12.22 
0.753 2 2 0 2.0 2.0 0.227 0.131 0.4181 0.5020 0.2258 0.0351 0.295389 0.484215 12.22 
0.773 2 2 0 2.0 2.0 0.221 0.129 0.4462 0.4896 0.2343 0.0377 0.305753 0.485353 12.22 
0.793 2 2 0 2.0 2.0 0.216 0.132 0.4097 0.4615 0.2427 0.0404 0.316118 0.485174 12.22 
0.813 2 2 0 2.0 2.0 0.218 0.130 0.4181 0.4779 0.2512 0.0433 0.329073 0.485400 12.22 
0.833 2 2 0 2.0 2.0 0.216 0.123 0.3683 0.4956 0.2600 0.0463 0.339438 0.486403 12.22 
0.853 2 2 0 2.0 2.0 0.222 0.127 0.3860 0.4896 0.2683 0.0493 0.349802 0.487105 12.22 
0.873 2 2 0 2.0 2.0 0.211 0.122 0.3582 0.4956 0.2767 0.0525 0.362758 0.486267 12.21 
0.893 2 2 0 2.0 2.0 0.218 0.117 0.4097 0.5281 0.2852 0.0557 0.375714 0.486274 12.22 
0.913 2 2 0 2.0 2.0 0.216 0.118 0.4016 0.5281 0.2939 0.0593 0.388669 0.485935 12.22 
0.933 2 2 0 2.0 2.0 0.204 0.113 0.3715 0.5081 0.3025 0.0628 0.399034 0.485340 12.22 
0.953 2 2 0 2.0 2.0 0.205 0.115 0.4225 0.5281 0.3109 0.0664 0.409398 0.484021 12.22 
0.973 2 2 0 2.0 2.0 0.208 0.116 0.3715 0.5213 0.3196 0.0702 0.422354 0.482623 12.22 
0.993 2 2 0 2.0 2.0 0.205 0.117 0.4181 0.4956 0.3282 0.0741 0.430127 0.482131 12.22 
1.013 2 2 0 2.0 2.0 0.197 0.115 0.4317 0.5213 0.3369 0.0782 0.440492 0.481856 12.22 
1.033 2 2 0 2.0 2.0 0.201 0.106 0.3936 0.5281 0.3456 0.0824 0.450857 0.480376 12.22 
1.053 2 2 0 2.0 2.0 0.196 0.106 0.4562 0.5213 0.3543 0.0866 0.466403 0.481039 12.22 
1.073 2 2 0 2.0 2.0 0.202 0.108 0.4562 0.5281 0.3628 0.0910 0.476768 0.480825 12.22 
1.093 2 2 0 2.0 2.0 0.197 0.102 0.4667 0.5498 0.3714 0.0955 0.487132 0.482134 12.22 
1.113 2 2 0 2.0 2.0 0.207 0.113 0.3683 0.5213 0.3797 0.1000 0.500088 0.483113 12.22 
1.133 2 2 0 2.0 2.0 0.212 0.106 0.4181 0.5213 0.3879 0.1045 0.513044 0.483270 12.22 
1.153 2 2 0 2.0 2.0 0.214 0.111 0.3860 0.5354 0.3960 0.1091 0.528591 0.483643 12.22 
1.173 2 2 0 2.0 2.0 0.218 0.110 0.3751 0.5426 0.4039 0.1138 0.538955 0.484860 12.21 
1.193 2 2 0 2.0 2.0 0.216 0.115 0.3651 0.5081 0.4118 0.1186 0.554502 0.484909 12.21 
1.213 2 2 0 2.0 2.0 0.227 0.116 0.3683 0.5281 0.4196 0.1236 0.570049 0.485690 12.21 
1.233 2 2 0 2.0 2.0 0.228 0.112 0.3976 0.5213 0.4274 0.1286 0.585595 0.485871 12.21 
1.253 2 2 0 2.0 2.0 0.233 0.114 0.3651 0.5020 0.4347 0.1335 0.601142 0.486017 12.22 
1.273 2 2 0 2.0 2.0 0.227 0.124 0.3936 0.5213 0.4423 0.1388 0.616689 0.486826 12.22 
1.293 2 2 0 2.0 2.0 0.227 0.115 0.4056 0.5149 0.4496 0.1441 0.629645 0.486776 12.21 
1.313 2 2 0 2.0 2.0 0.228 0.118 0.3860 0.4956 0.4569 0.1495 0.647783 0.486920 12.22 
1.333 2 2 0 2.0 2.0 0.226 0.111 0.3402 0.5149 0.4640 0.1550 0.660738 0.485712 12.22 
1.353 2 2 1 0.1 2.0 0.012 0.111 0.3522 0.5426 0.4711 0.1606 0.678876 0.485626 12.22 
1.373 2 2 1 0.1 2.0 -0.149 0.108 0.2494 0.5354 0.4771 0.1656 0.717743 0.488587 12.22 
1.393 2 2 1 0.1 2.0 -0.159 0.101 0.2478 0.5354 0.4828 0.1707 0.754019 0.494031 12.23 
1.413 2 2 1 0.0 2.0 -0.155 0.091 0.2036 0.5655 0.4881 0.1759 0.798068 0.497193 12.22 
1.433 2 2 1 0.1 2.0 -0.132 0.097 0.1751 0.5426 0.4929 0.1811 0.847300 0.501305 12.22 
1.453 2 2 1 0.1 2.0 -0.108 0.095 0.1526 0.5498 0.4974 0.1865 0.896531 0.503541 12.22 
1.473 2 2 1 0.2 2.0 -0.070 0.108 0.1333 0.5213 0.5013 0.1916 0.948354 0.505138 12.22 
1.493 2 2 1 0.1 2.0 -0.055 0.114 0.0948 0.5426 0.5048 0.1967 1.002768 0.506578 12.22 
1.513 2 2 1 0.2 2.0 -0.055 0.118 0.0936 0.5149 0.5080 0.2021 1.057182 0.507997 12.22 
1.533 2 2 1 0.3 2.0 -0.038 0.126 0.0892 0.4956 0.5107 0.2072 1.111595 0.508196 12.22 
1.553 2 2 1 0.3 2.0 -0.030 0.126 0.0534 0.4956 0.5131 0.2123 1.168600 0.509175 12.22 
1.573 2 2 1 0.2 2.0 -0.021 0.125 0.0498 0.5281 0.5151 0.2175 1.225605 0.508996 12.22 
1.593 2 2 1 0.3 2.0 -0.004 0.135 0.0506 0.4896 0.5169 0.2229 1.282610 0.508735 12.23 
1.613 2 2 1 0.2 2.0 -0.007 0.143 0.0305 0.5020 0.5182 0.2279 1.339615 0.509821 12.22 
1.633 2 2 1 0.3 2.0 -0.003 0.142 0.0337 0.4956 0.5192 0.2329 1.399211 0.511240 12.23 
1.653 2 2 1 0.3 2.0 -0.002 0.146 0.0289 0.4836 0.5200 0.2382 1.458807 0.511237 12.22 
1.673 2 2 1 0.3 2.0 0.008 0.157 0.0273 0.4836 0.5204 0.2430 1.515812 0.510823 12.22 
1.693 2 2 2 0.6 2.0 0.011 0.151 0.0265 0.4956 0.5205 0.2480 1.575408 0.511241 12.23 
1.713 2 2 2 2.0 2.0 0.327 0.148 0.1799 0.4779 0.5203 0.2539 1.624640 0.510822 12.22 
1.733 2 2 2 2.0 2.0 0.425 0.160 0.0767 0.4896 0.5199 0.2599 1.671280 0.504355 12.22 
1.753 2 2 2 2.0 2.0 0.414 0.174 0.1442 0.4562 0.5192 0.2656 1.710147 0.502923 12.22 
1.773 2 2 2 2.0 2.0 0.379 0.167 0.1839 0.4462 0.5182 0.2718 1.749014 0.500891 12.22 
1.793 2 2 2 2.0 2.0 0.364 0.165 0.2048 0.4410 0.5169 0.2783 1.782699 0.497859 12.22 
1.813 2 2 2 2.0 2.0 0.336 0.172 0.2494 0.4510 0.5155 0.2848 1.811201 0.497263 12.22 
1.833 2 2 2 2.0 2.0 0.329 0.174 0.2125 0.4225 0.5138 0.2914 1.837113 0.494883 12.22 
1.853 2 2 2 2.0 2.0 0.304 0.170 0.2639 0.4615 0.5118 0.2981 1.860433 0.494737 12.21 
1.873 2 2 2 2.0 2.0 0.299 0.167 0.2952 0.4510 0.5097 0.3050 1.881162 0.492558 12.21 
1.893 2 2 2 2.0 2.0 0.291 0.167 0.2767 0.4097 0.5074 0.3121 1.899300 0.491389 12.20 
1.913 2 2 2 2.0 2.0 0.279 0.176 0.2695 0.4462 0.5049 0.3193 1.914847 0.491018 12.21 
1.933 2 2 2 2.0 2.0 0.268 0.174 0.3582 0.4137 0.5022 0.3265 1.930393 0.491868 12.21 
1.953 2 2 2 2.0 2.0 0.266 0.161 0.3615 0.4615 0.4995 0.3336 1.951123 0.490173 12.19 
1.973 2 2 2 2.0 2.0 0.268 0.164 0.3113 0.4723 0.4964 0.3410 1.966669 0.489034 12.20 
1.993 2 2 2 2.0 2.0 0.255 0.155 0.3683 0.4779 0.4933 0.3484 1.982216 0.487249 12.19 
2.013 2 2 2 2.0 2.0 0.260 0.152 0.3088 0.4723 0.4899 0.3559 2.000354 0.486659 12.22 
2.033 2 2 2 2.0 2.0 0.252 0.146 0.3346 0.4836 0.4864 0.3634 2.018492 0.486872 12.22 
2.053 2 2 2 2.0 2.0 0.246 0.154 0.3683 0.4723 0.4828 0.3708 2.031448 0.486877 12.22 
2.073 2 2 2 2.0 2.0 0.232 0.152 0.3896 0.4896 0.4790 0.3783 2.046994 0.486690 12.22 
2.093 2 2 2 2.0 2.0 0.226 0.150 0.3683 0.4836 0.4750 0.3859 2.059950 0.486485 12.22 
2.113 2 2 2 2.0 2.0 0.221 0.144 0.3374 0.4956 0.4709 0.3935 2.072906 0.486021 12.22 
2.133 2 2 2 2.0 2.0 0.226 0.140 0.3823 0.4956 0.4665 0.4014 2.085861 0.485580 12.22 
2.153 2 2 2 2.0 2.0 0.215 0.130 0.4016 0.5081 0.4622 0.4089 2.098817 0.485613 12.21 
2.173 2 2 2 2.0 2.0 0.212 0.131 0.3715 0.4723 0.4576 0.4167 2.111773 0.484723 12.22 
2.193 2 2 2 2.0 2.0 0.213 0.128 0.3860 0.5020 0.4528 0.4246 2.127320 0.484742 12.21 
2.213 2 2 2 2.0 2.0 0.213 0.129 0.3751 0.4896 0.4481 0.4321 2.137684 0.483295 12.22 
2.233 2 2 2 2.0 2.0 0.213 0.125 0.3715 0.4956 0.4432 0.4396 2.150640 0.482771 12.21 
2.253 2 2 2 2.0 2.0 0.203 0.129 0.3683 0.5149 0.4381 0.4472 2.163595 0.482758 12.21 
2.273 2 2 2 2.0 2.0 0.204 0.131 0.4225 0.5281 0.4329 0.4548 2.173960 0.482371 12.21 
2.293 2 2 2 2.0 2.0 0.202 0.128 0.3402 0.4896 0.4277 0.4624 2.184325 0.481089 12.21 
2.313 2 2 2 2.0 2.0 0.200 0.120 0.4056 0.5281 0.4222 0.4701 2.197280 0.480552 12.21 
2.333 2 2 2 2.0 2.0 0.202 0.128 0.4016 0.5213 0.4167 0.4775 2.207645 0.480866 12.22 
2.353 2 2 2 2.0 2.0 0.204 0.127 0.4317 0.5149 0.4112 0.4849 2.218009 0.481888 12.22 
2.373 2 2 2 2.0 2.0 0.194 0.121 0.4016 0.5213 0.4055 0.4924 2.230965 0.481477 12.22 
2.393 2 2 2 2.0 2.0 0.198 0.124 0.4317 0.5020 0.3997 0.4999 2.238738 0.481355 12.22 
2.413 2 2 2 2.0 2.0 0.207 0.127 0.3751 0.5213 0.3940 0.5069 2.251694 0.482033 12.22 
2.433 2 2 2 2.0 2.0 0.196 0.117 0.4137 0.5213 0.3880 0.5142 2.264650 0.482243 12.23 
2.453 2 2 2 2.0 2.0 0.194 0.116 0.4410 0.5213 0.3818 0.5216 2.275014 0.482890 12.22 
2.473 2 2 2 2.0 2.0 0.202 0.112 0.4410 0.5281 0.3757 0.5287 2.287970 0.481910 12.22 
2.493 2 2 2 2.0 2.0 0.195 0.115 0.4137 0.5281 0.3694 0.5358 2.300925 0.482169 12.22 
2.513 2 2 2 2.0 2.0 0.193 0.113 0.4410 0.5426 0.3630 0.5430 2.311290 0.480831 12.22 
2.533 2 2 2 2.0 2.0 0.191 0.110 0.4317 0.5354 0.3564 0.5501 2.321655 0.480122 12.22 
2.553 2 2 2 2.0 2.0 0.195 0.110 0.4181 0.5426 0.3499 0.5569 2.334610 0.480562 12.21 
2.573 2 2 2 2.0 2.0 0.195 0.113 0.4362 0.5498 0.3432 0.5638 2.344975 0.481537 12.22 
2.593 2 2 2 2.0 2.0 0.196 0.104 0.4317 0.5498 0.3364 0.5707 2.360522 0.481761 12.21 
2.613 2 2 2 2.0 2.0 0.190 0.105 0.4317 0.5149 0.3296 0.5774 2.370886 0.482027 12.21 
2.633 2 2 2 2.0 2.0 0.195 0.115 0.4016 0.5213 0.3227 0.5839 2.383842 0.483296 12.21 
2.653 2 2 2 2.0 2.0 0.199 0.104 0.3582 0.5354 0.3155 0.5906 2.396797 0.483545 12.20 
2.673 2 2 2 2.0 2.0 0.191 0.111 0.4056 0.5354 0.3086 0.5970 2.409753 0.483457 12.19 
2.693 2 2 2 2.0 2.0 0.193 0.110 0.3896 0.5213 0.3012 0.6035 2.417526 0.482053 12.22 
2.713 2 2 2 2.0 2.0 0.194 0.106 0.3976 0.5498 0.2940 0.6099 2.427891 0.480596 12.22 
2.733 2 2 2 2.0 2.0 0.193 0.103 0.4462 0.5020 0.2865 0.6163 2.440847 0.479721 12.22 
2.753 2 2 2 2.0 2.0 0.191 0.113 0.4362 0.5213 0.2791 0.6224 2.451211 0.480236 12.22 
2.773 2 2 2 2.0 2.0 0.190 0.106 0.4410 0.5213 0.2715 0.6287 2.464167 0.480489 12.22 
2.793 2 2 2 2.0 2.0 0.186 0.110 0.4615 0.5426 0.2638 0.6348 2.471940 0.480414 12.22 
2.813 2 2 2 2.0 2.0 0.190 0.110 0.3976 0.5281 0.2563 0.6406 2.484896 0.481896 12.22 
2.833 2 2 2 2.0 2.0 0.186 0.112 0.4137 0.5213 0.2487 0.6465 2.495260 0.481823 12.22 
2.853 2 2 3 0.6 2.0 0.132 0.119 0.4137 0.5354 0.2409 0.6522 2.505625 0.482273 12.22 
2.873 2 2 3 0.2 2.0 -0.162 0.107 0.2731 0.5213 0.2341 0.6572 2.536719 0.484071 12.22 
2.893 2 2 3 0.1 2.0 -0.197 0.109 0.2390 0.5575 0.2276 0.6615 2.570403 0.491055 12.22 
2.913 2 2 3 0.0 2.0 -0.163 0.087 0.2028 0.5655 0.2207 0.6657 2.611861 0.495587 12.22 
2.933 2 2 3 0.1 2.0 -0.150 0.089 0.1707 0.5575 0.2142 0.6693 2.655911 0.498386 12.22 
2.953 2 2 3 0.2 2.0 -0.127 0.096 0.1474 0.4956 0.2079 0.6725 2.705142 0.500740 12.22 
2.973 2 2 3 0.1 2.0 -0.104 0.100 0.1426 0.5498 0.2015 0.6753 2.754374 0.502386 12.22 
2.993 2 2 3 0.1 2.0 -0.076 0.102 0.0964 0.5426 0.1955 0.6775 2.806196 0.503639 12.22 
3.013 2 2 3 0.2 2.0 -0.059 0.117 0.1072 0.5081 0.1896 0.6794 2.860610 0.506020 12.22 
3.033 2 2 3 0.2 2.0 -0.043 0.116 0.0811 0.5281 0.1837 0.6809 2.917615 0.506964 12.22 
3.053 2 2 3 0.2 2.0 -0.022 0.114 0.0872 0.5081 0.1780 0.6821 2.972029 0.508099 12.22 
3.073 2 2 3 0.3 2.0 -0.005 0.114 0.0498 0.4956 0.1725 0.6828 3.034216 0.508879 12.22 
3.093 2 2 3 0.2 2.0 0.000 0.128 0.0418 0.5020 0.1668 0.6833 3.091221 0.509601 12.22 
3.113 2 2 4 0.9 2.0 -0.001 0.129 0.0414 0.5213 0.1614 0.6834 -3.132368 0.510350 12.22 
3.133 2 2 4 2.0 2.0 0.339 0.125 0.1996 0.4956 0.1554 0.6832 -3.080545 0.509358 12.22 
3.153 2 2 4 2.0 2.0 0.438 0.147 0.0731 0.4896 0.1494 0.6827 -3.033905 0.502911 12.22 
3.173 2 2 4 2.0 2.0 0.421 0.144 0.1341 0.4723 0.1434 0.6819 -2.992447 0.500498 12.22 
3.193 2 2 4 2.0 2.0 0.377 0.138 0.1791 0.4779 0.1371 0.6808 -2.956171 0.498781 12.22 
3.213 2 2 4 2.0 2.0 0.379 0.139 0.2169 0.4615 0.1304 0.6795 -2.919895 0.496083 12.22 
3.233 2 2 4 2.0 2.0 0.358 0.138 0.2241 0.4510 0.1238 0.6779 -2.888802 0.494681 12.21 
3.253 2 2 4 2.0 2.0 0.342 0.144 0.2478 0.4510 0.1172 0.6761 -2.862890 0.495162 12.21 
3.273 2 2 4 2.0 2.0 0.329 0.128 0.2659 0.4836 0.1101 0.6739 -2.834388 0.492664 12.21 
3.293 2 2 4 2.0 2.0 0.308 0.149 0.3137 0.4615 0.1030 0.6716 -2.811068 0.494255 12.21 
3.313 2 2 4 2.0 2.0 0.304 0.151 0.3317 0.4615 0.0962 0.6692 -2.790339 0.492936 12.21 
3.333 2 2 4 2.0 2.0 0.300 0.144 0.2623 0.4462 0.0891 0.6665 -2.769609 0.490139 12.21 
3.353 2 2 4 2.0 2.0 0.276 0.150 0.2747 0.4836 0.0818 0.6636 -2.751472 0.489832 12.21 
3.373 2 2 4 2.0 2.0 0.275 0.141 0.3550 0.4562 0.0744 0.6605 -2.735925 0.488968 12.18 
3.393 2 2 4 2.0 2.0 0.267 0.142 0.4016 0.4615 0.0670 0.6572 -2.720378 0.488157 12.19 
3.413 2 2 4 2.0 2.0 0.266 0.134 0.3787 0.4956 0.0596 0.6538 -2.702240 0.485232 12.22 
3.433 2 2 4 2.0 2.0 0.266 0.134 0.3976 0.4562 0.0521 0.6502 -2.689284 0.482987 12.22 
3.453 2 2 4 2.0 2.0 0.256 0.130 0.3896 0.4779 0.0446 0.6465 -2.673738 0.481431 12.22 
3.473 2 2 4 2.0 2.0 0.252 0.132 0.3550 0.4779 0.0369 0.6425 -2.660782 0.478446 12.22 
3.493 2 2 4 2.0 2.0 0.257 0.128 0.3715 0.4896 0.0294 0.6386 -2.645235 0.477099 12.22 
3.513 2 2 4 2.0 2.0 0.240 0.127 0.3462 0.4896 0.0217 0.6343 -2.634871 0.476671 12.22 
3.533 2 2 4 2.0 2.0 0.246 0.122 0.3787 0.4956 0.0140 0.6300 -2.619324 0.475966 12.22 
3.553 2 2 4 2.0 2.0 0.235 0.122 0.4137 0.5020 0.0064 0.6255 -2.608959 0.476669 12.22 
3.573 2 2 4 2.0 2.0 0.231 0.118 0.4016 0.5081 -0.0014 0.6209 -2.596004 0.475449 12.21 
3.593 2 2 4 2.0 2.0 0.235 0.123 0.3976 0.5020 -0.0089 0.6163 -2.585639 0.475643 12.21 
3.613 2 2 4 2.0 2.0 0.238 0.123 0.3751 0.5081 -0.0164 0.6115 -2.570092 0.475822 12.22 
3.633 2 2 4 2.0 2.0 0.240 0.111 0.3936 0.5020 -0.0238 0.6067 -2.554545 0.475616 12.21 
3.653 2 2 4 2.0 2.0 0.231 0.110 0.3936 0.5149 -0.0313 0.6017 -2.541590 0.475668 12.21 
3.673 2 2 4 2.0 2.0 0.239 0.114 0.4181 0.4956 -0.0387 0.5965 -2.528634 0.475369 12.21 
3.693 2 2 4 2.0 2.0 0.237 0.115 0.4056 0.5081 -0.0461 0.5913 -2.515678 0.475534 12.21 
3.713 2 2 4 2.0 2.0 0.229 0.108 0.3715 0.5213 -0.0535 0.5858 -2.505314 0.476196 12.21 
3.733 2 2 4 2.0 2.0 0.224 0.111 0.3896 0.5020 -0.0607 0.5804 -2.492358 0.475417 12.22 
3.753 2 2 4 2.0 2.0 0.224 0.113 0.4410 0.4836 -0.0681 0.5748 -2.481994 0.475009 12.21 
3.773 2 2 4 2.0 2.0 0.233 0.115 0.4097 0.5020 -0.0752 0.5692 -2.469038 0.475284 12.22 
3.793 2 2 4 2.0 2.0 0.226 0.108 0.4269 0.5213 -0.0822 0.5635 -2.456082 0.475497 12.22 
3.813 2 2 4 2.0 2.0 0.225 0.113 0.4225 0.5081 -0.0892 0.5577 -2.443127 0.472942 12.22 
3.833 2 2 4 2.0 2.0 0.231 0.110 0.3715 0.5081 -0.0962 0.5518 -2.432762 0.472275 12.22 
3.853 2 2 4 2.0 2.0 0.229 0.102 0.4056 0.5149 -0.1033 0.5456 -2.419806 0.470531 12.22 
3.873 2 2 4 2.0 2.0 0.225 0.110 0.4137 0.5213 -0.1101 0.5395 -2.406851 0.470729 12.22 
3.893 2 2 4 2.0 2.0 0.221 0.111 0.3936 0.4779 -0.1169 0.5333 -2.396486 0.468265 12.22 
3.913 2 2 4 2.0 2.0 0.219 0.107 0.4225 0.5213 -0.1236 0.5270 -2.386122 0.468029 12.22 
3.933 2 2 4 2.0 2.0 0.214 0.096 0.3651 0.5281 -0.1305 0.5205 -2.373166 0.466877 12.22 
3.953 2 2 4 2.0 2.0 0.228 0.105 0.4225 0.5281 -0.1371 0.5140 -2.362802 0.468120 12.21 
3.973 2 2 4 2.0 2.0 0.227 0.106 0.4269 0.5081 -0.1436 0.5075 -2.352437 0.469211 12.22 
3.993 2 2 4 2.0 2.0 0.222 0.095 0.4225 0.5354 -0.1504 0.5006 -2.336890 0.469728 12.21 
4.013 2 2 4 2.0 2.0 0.223 0.098 0.4225 0.5281 -0.1567 0.4940 -2.326526 0.471480 12.21 
4.033 2 2 4 2.0 2.0 0.219 0.095 0.4181 0.5281 -0.1632 0.4870 -2.313570 0.473117 12.18 
4.053 2 2 4 2.0 2.0 0.223 0.101 0.3936 0.5213 -0.1695 0.4801 -2.300614 0.475512 12.21 
4.073 2 2 4 2.0 2.0 0.215 0.098 0.4410 0.5020 -0.1756 0.4731 -2.290250 0.475985 12.21 
4.093 2 2 4 2.0 2.0 0.212 0.115 0.4362 0.5020 -0.1818 0.4660 -2.282476 0.476630 12.22 
4.113 2 2 4 2.0 2.0 0.212 0.116 0.4462 0.4836 -0.1878 0.4590 -2.277294 0.476858 12.22 
4.133 2 2 4 2.0 2.0 0.214 0.124 0.4362 0.4667 -0.1939 0.4518 -2.269521 0.477370 12.22 
4.153 2 2 4 2.0 2.0 0.216 0.121 0.4723 0.4723 -0.1999 0.4447 -2.264338 0.478695 12.22 
4.173 2 2 4 2.0 2.0 0.207 0.127 0.4510 0.4723 -0.2057 0.4376 -2.259156 0.478260 12.22 
4.193 2 2 4 2.0 2.0 0.212 0.124 0.4615 0.4723 -0.2116 0.4304 -2.253974 0.479889 12.22 
4.213 2 2 4 2.0 2.0 0.215 0.120 0.4615 0.4836 -0.2174 0.4233 -2.248792 0.480762 12.22 
4.233 2 2 4 2.0 2.0 0.217 0.118 0.3976 0.4723 -0.2230 0.4162 -2.241018 0.481691 12.22 
4.253 2 2 4 2.0 2.0 0.208 0.121 0.3751 0.4956 -0.2289 0.4088 -2.233245 0.482706 12.22 
4.273 2 2 4 2.0 2.0 0.218 0.105 0.3936 0.5020 -0.2345 0.4015 -2.222880 0.482089 12.21 
4.293 2 2 5 0.2 2.0 -0.081 0.109 0.3289 0.5149 -0.2399 0.3944 -2.212516 0.484704 12.22 
4.313 2 2 5 0.2 2.0 -0.154 0.113 0.2623 0.5081 -0.2443 0.3883 -2.181422 0.490690 12.22 
4.333 2 2 5 0.1 2.0 -0.169 0.100 0.2590 0.5426 -0.2487 0.3818 -2.147738 0.495820 12.22 
4.353 2 2 5 0.1 2.0 -0.140 0.083 0.2305 0.5426 -0.2528 0.3753 -2.111462 0.498837 12.21 
4.373 2 2 5 0.2 2.0 -0.119 0.084 0.1566 0.5149 -0.2564 0.3690 -2.064821 0.500804 12.22 
4.393 2 2 5 0.2 2.0 -0.101 0.090 0.1422 0.4956 -0.2595 0.3629 -2.018181 0.502220 12.22 
4.413 2 2 5 0.2 2.0 -0.069 0.090 0.1382 0.5281 -0.2622 0.3569 -1.968949 0.502368 12.22 
4.433 2 2 5 0.2 2.0 -0.050 0.104 0.1233 0.5213 -0.2646 0.3509 -1.917127 0.503619 12.22 
4.453 2 2 5 0.2 2.0 -0.037 0.098 0.0831 0.5149 -0.2665 0.3452 -1.865304 0.503906 12.22 
4.473 2 2 5 0.2 2.0 -0.020 0.105 0.0884 0.5081 -0.2681 0.3394 -1.813481 0.504435 12.22 
4.493 2 2 5 0.3 2.0 -0.014 0.107 0.0663 0.4956 -0.2693 0.3339 -1.756476 0.505467 12.22 
4.513 2 2 5 0.2 2.0 0.001 0.113 0.0578 0.5020 -0.2702 0.3284 -1.704654 0.504976 12.22 
4.533 2 2 5 0.3 2.0 0.006 0.109 0.0458 0.4836 -0.2707 0.3230 -1.645058 0.505284 12.22 
4.553 2 2 5 0.3 2.0 0.011 0.118 0.0498 0.4836 -0.2710 0.3176 -1.590644 0.506237 12.22 
4.573 2 2 6 2.0 2.0 0.207 0.124 0.0534 0.4836 -0.2709 0.3123 -1.533639 0.505320 12.22 
4.593 2 2 6 2.0 2.0 0.364 0.131 0.1723 0.4779 -0.2705 0.3055 -1.497363 0.502592 12.22 
4.613 2 2 6 2.0 2.0 0.441 0.115 0.1490 0.4510 -0.2700 0.2999 -1.450723 0.499082 12.22 
4.633 2 2 6 2.0 2.0 0.417 0.120 0.1996 0.4956 -0.2691 0.2934 -1.411856 0.496328 12.22 
4.653 2 2 6 2.0 2.0 0.380 0.131 0.2181 0.4362 -0.2679 0.2868 -1.378171 0.494472 12.21 
4.673 2 2 6 2.0 2.0 0.369 0.134 0.2711 0.4723 -0.2665 0.2802 -1.347077 0.493912 12.21 
4.693 2 2 6 2.0 2.0 0.347 0.130 0.2305 0.4667 -0.2648 0.2733 -1.318575 0.491339 12.21 
4.713 2 2 6 2.0 2.0 0.332 0.141 0.2827 0.4362 -0.2629 0.2664 -1.297846 0.490839 12.21 
4.733 2 2 6 2.0 2.0 0.321 0.144 0.2868 0.4667 -0.2608 0.2592 -1.274526 0.489817 12.21 
4.753 2 2 6 2.0 2.0 0.311 0.138 0.3016 0.4016 -0.2585 0.2520 -1.253797 0.487304 12.21 
4.773 2 2 6 2.0 2.0 0.304 0.138 0.3265 0.4667 -0.2560 0.2445 -1.235659 0.488560 12.21 
4.793 2 2 6 2.0 2.0 0.294 0.128 0.3462 0.4896 -0.2534 0.2372 -1.217521 0.489336 12.22 
4.813 2 2 6 2.0 2.0 0.287 0.135 0.3651 0.4667 -0.2506 0.2299 -1.199383 0.487502 12.22 
4.833 2 2 6 2.0 2.0 0.300 0.135 0.3683 0.4510 -0.2477 0.2226 -1.181245 0.487231 12.22 
4.853 2 2 6 2.0 2.0 0.296 0.132 0.3490 0.4667 -0.2445 0.2152 -1.160516 0.486505 12.22 
4.873 2 2 6 2.0 2.0 0.279 0.136 0.3522 0.4723 -0.2412 0.2077 -1.147560 0.485958 12.22 
4.893 2 2 6 2.0 2.0 0.281 0.130 0.3582 0.4667 -0.2378 0.2002 -1.134604 0.486831 12.22 
4.913 2 2 6 2.0 2.0 0.270 0.128 0.3683 0.4779 -0.2341 0.1926 -1.119058 0.487080 12.22 
4.933 2 2 6 2.0 2.0 0.262 0.120 0.3860 0.4836 -0.2304 0.1850 -1.103511 0.486523 12.22 
4.953 2 2 6 2.0 2.0 0.261 0.120 0.3462 0.4723 -0.2265 0.1775 -1.093146 0.486125 12.22 
4.973 2 2 6 2.0 2.0 0.247 0.126 0.4137 0.4562 -0.2226 0.1700 -1.082782 0.486671 12.22 
4.993 2 2 6 2.0 2.0 0.237 0.131 0.4137 0.4667 -0.2184 0.1623 -1.077600 0.487059 12.21 
5.013 2 2 6 2.0 2.0 0.238 0.134 0.3615 0.4779 -0.2143 0.1547 -1.069826 0.487172 12.21 
5.033 2 2 6 2.0 2.0 0.233 0.139 0.4137 0.4462 -0.2101 0.1469 -1.064644 0.486719 12.21 
5.053 2 2 6 2.0 2.0 0.226 0.151 0.3860 0.4510 -0.2059 0.1394 -1.062053 0.486739 12.21 
5.073 2 2 6 2.0 2.0 0.227 0.151 0.4362 0.4510 -0.2017 0.1318 -1.059462 0.486098 12.21 
5.093 2 2 6 2.0 2.0 0.228 0.134 0.4269 0.4615 -0.1972 0.1240 -1.056870 0.485220 12.21 
5.113 2 2 6 2.0 2.0 0.222 0.130 0.4097 0.4667 -0.1929 0.1163 -1.051688 0.483266 12.18 
5.133 2 2 6 2.0 2.0 0.221 0.128 0.4462 0.4836 -0.1884 0.1084 -1.049097 0.482630 12.22 
5.153 2 2 6 2.0 2.0 0.224 0.111 0.4410 0.4836 -0.1837 0.1003 -1.041324 0.480595 12.21 
5.173 2 2 6 2.0 2.0 0.224 0.113 0.4269 0.5020 -0.1790 0.0923 -1.036141 0.478746 12.22 
5.193 2 2 6 2.0 2.0 0.232 0.109 0.4056 0.4956 -0.1743 0.0845 -1.028368 0.477045 12.22 
5.213 2 2 6 2.0 2.0 0.226 0.112 0.3823 0.4896 -0.1696 0.0768 -1.020595 0.478321 12.22 
5.233 2 2 6 2.0 2.0 0.229 0.106 0.4137 0.4956 -0.1648 0.0690 -1.010230 0.477367 12.22 
5.253 2 2 6 2.0 2.0 0.232 0.115 0.3615 0.4956 -0.1598 0.0612 -0.999866 0.477946 12.22 
5.273 2 2 6 2.0 2.0 0.246 0.108 0.4056 0.5020 -0.1549 0.0536 -0.992092 0.476535 12.21 
5.293 2 2 6 2.0 2.0 0.232 0.110 0.3976 0.5149 -0.1499 0.0461 -0.979136 0.477662 12.22 
5.313 2 2 6 2.0 2.0 0.237 0.100 0.4362 0.5081 -0.1446 0.0382 -0.971363 0.478631 12.22 
5.333 2 2 6 2.0 2.0 0.230 0.094 0.3651 0.4836 -0.1394 0.0306 -0.960999 0.478275 12.22 
5.353 2 2 6 2.0 2.0 0.231 0.105 0.4317 0.5020 -0.1340 0.0231 -0.950634 0.478718 12.22 
5.373 2 2 6 2.0 2.0 0.233 0.094 0.4225 0.5354 -0.1286 0.0156 -0.940269 0.479675 12.21 
5.393 2 2 6 2.0 2.0 0.238 0.092 0.3936 0.5149 -0.1232 0.0084 -0.927314 0.478852 12.21 
5.413 2 2 6 2.0 2.0 0.238 0.097 0.4137 0.5213 -0.1175 0.0008 -0.914358 0.478151 12.21 
5.433 2 2 6 2.0 2.0 0.240 0.092 0.4056 0.5213 -0.1118 -0.0064 -0.898811 0.477075 12.20 
5.453 2 2 6 2.0 2.0 0.242 0.095 0.4056 0.5149 -0.1062 -0.0135 -0.885856 0.478142 12.21 
5.473 2 2 6 2.0 2.0 0.240 0.090 0.4317 0.5354 -0.1003 -0.0206 -0.870309 0.478222 12.22 
5.493 2 2 6 2.0 2.0 0.241 0.090 0.4016 0.5354 -0.0943 -0.0276 -0.854762 0.478161 12.21 
5.513 2 2 6 2.0 2.0 0.237 0.089 0.3936 0.5149 -0.0882 -0.0345 -0.844398 0.476936 12.22 
5.533 2 2 6 2.0 2.0 0.238 0.091 0.3936 0.5281 -0.0818 -0.0415 -0.831442 0.474700 12.22 
5.553 2 2 6 2.0 2.0 0.233 0.090 0.3860 0.5281 -0.0754 -0.0485 -0.818486 0.474102 12.22 
5.573 2 2 6 2.0 2.0 0.232 0.088 0.4181 0.5149 -0.0690 -0.0553 -0.805531 0.473709 12.22 
5.593 2 2 6 2.0 2.0 0.244 0.091 0.4016 0.5281 -0.0624 -0.0621 -0.792575 0.474194 12.22 
5.613 2 2 6 2.0 2.0 0.240 0.091 0.3976 0.5020 -0.0559 -0.0686 -0.782210 0.474855 12.22 
5.633 2 2 6 2.0 2.0 0.236 0.096 0.3976 0.5020 -0.0491 -0.0753 -0.769255 0.475981 12.22 
5.653 2 2 6 2.0 2.0 0.240 0.090 0.4362 0.5149 -0.0423 -0.0818 -0.756299 0.476437 12.22 
5.673 2 2 6 2.0 2.0 0.233 0.096 0.4269 0.5281 -0.0356 -0.0881 -0.745934 0.477548 12.22 
5.693 2 2 6 2.0 2.0 0.239 0.100 0.3860 0.4956 -0.0289 -0.0942 -0.732979 0.478733 12.22 
5.713 2 2 6 2.0 2.0 0.236 0.095 0.4317 0.5213 -0.0218 -0.1005 -0.720023 0.479569 12.22 
5.733 8 2 6 1.0 1.0 0.212 0.077 0.3651 0.5149 -0.0148 -0.1065 -0.709659 0.480422 12.22 
5.753 8 2 6 0.0 0.0 -0.113 -0.329 0.2434 0.3161 -0.0095 -0.1110 -0.696703 0.480988 12.23 
5.773 8 2 6 0.0 0.0 -0.145 -0.392 0.2008 0.3715 -0.0050 -0.1147 -0.678565 0.488544 12.23 
5.793 8 2 6 0.0 0.0 -0.131 -0.380 0.2510 0.3088 -0.0006 -0.1182 -0.663018 0.496254 12.22 
5.813 8 2 6 0.0 0.0 -0.130 -0.345 0.1707 0.2623 0.0034 -0.1213 -0.655245 0.502491 12.23 
5.833 8 2 6 0.0 0.0 -0.108 -0.280 0.1526 0.2113 0.0066 -0.1237 -0.644880 0.507109 12.22 
5.853 8 2 6 0.0 0.0 -0.070 -0.253 0.1382 0.1735 0.0092 -0.1257 -0.639698 0.511758 12.22 
5.873 8 2 6 0.0 0.0 -0.027 -0.204 0.0912 0.1141 0.0111 -0.1271 -0.634516 0.514834 12.22 
5.893 8 2 6 0.0 0.0 -0.024 -0.167 0.0691 0.1197 0.0127 -0.1283 -0.629333 0.519768 12.22 
5.913 8 2 6 0.0 0.0 0.003 -0.133 0.0498 0.0651 0.0137 -0.1290 -0.624151 0.521452 12.23 
5.933 8 2 6 0.0 0.0 0.025 -0.091 0.0261 0.0410 0.0143 -0.1295 -0.624151 0.523669 12.23 
5.953 8 2 6 0.0 0.0 0.043 -0.069 0.0173 0.0289 0.0145 -0.1296 -0.621560 0.526056 12.22 
5.973 8 2 6 0.0 0.0 0.049 -0.057 0.0092 0.0120 0.0145 -0.1296 -0.621560 0.526861 12.22 
5.993 8 2 6 0.0 0.0 0.050 -0.054 0.0060 0.0076 0.0145 -0.1296 -0.621560 0.526817 12.23 
6.013 8 2 6 0.0 0.0 0.052 -0.053 0.0048 0.0052 0.0145 -0.1296 -0.621560 0.526525 12.23 
6.033 8 2 6 0.0 0.0 0.051 -0.053 0.0036 0.0040 0.0145 -0.1296 -0.621560 0.526132 12.22 
6.053 8 2 6 0.0 0.0 0.051 -0.055 0.0032 0.0032 0.0145 -0.1296 -0.621560 0.526236 12.22 
6.073 8 2 6 0.0 0.0 0.051 -0.053 0.0024 0.0028 0.0145 -0.1296 -0.621560 0.526258 12.22 
6.093 8 2 6 0.0 0.0 0.050 -0.053 0.0024 0.0024 0.0145 -0.1296 -0.621560 0.526191 12.23 
6.113 8 2 6 0.0 0.0 0.049 -0.053 0.0020 0.0020 0.0145 -0.1296 -0.621560 0.526273 12.23 
6.133 8 2 6 0.0 0.0 0.052 -0.052 0.0016 0.0020 0.0145 -0.1296 -0.621560 0.526266 12.23 
6.153 8 2 6 0.0 0.0 0.049 -0.052 0.0016 0.0016 0.0145 -0.1296 -0.621560 0.526285 12.23 
6.173 8 2 6 0.0 0.0 0.049 -0.051 0.0016 0.0016 0.0145 -0.1296 -0.621560 0.526332 12.23 
6.193 8 2 6 0.0 0.0 0.051 -0.052 0.0012 0.0012 0.0145 -0.1296 -0.621560 0.526278 12.22 
6.213 8 2 6 0.0 0.0 0.052 -0.054 0.0012 0.0012 0.0145 -0.1296 -0.621560 0.526291 12.23 
