%% logfile from robot Birte (60)
% Birte (60)
%  1    time 0.003 sec
%  2  3  4   (mission 0), state 2, thread 2, line 0
%  5  6 Motor voltage [V] left, right: 0.0 0.0
%  7  8 Motor current left, right [A]: 0.034 0.056
%  9 10 Wheel velocity [m/s] left, right: 0.0000 0.0000
% 11 12 13 14 Pose x,y,h,tilt [m,m,rad,rad]: 0 0 0 3.12381
% 15    Battery voltage [V]: 12.29
0.013 2 2 0 0.1 0.1 0.012 -0.002 0.0000 0.0000 0.0000 0.0000 0.000000 3.123798 12.29 
0.023 2 2 0 0.2 0.2 0.009 -0.004 0.0000 0.0000 0.0000 0.0000 0.000000 3.123787 12.30 
0.033 2 2 0 0.3 0.3 0.009 -0.003 0.0000 0.0000 0.0000 0.0000 0.000000 3.123775 12.30 
0.043 2 2 0 0.4 0.4 0.013 -0.005 0.0000 0.0000 0.0000 0.0000 0.000000 3.123733 12.29 
0.053 2 2 0 0.4 0.4 0.013 -0.004 0.0000 0.0000 0.0000 0.0000 0.000000 3.123732 12.29 
0.063 2 2 0 0.5 0.5 0.008 -0.004 0.0000 0.0000 0.0000 0.0000 0.000000 3.123747 12.29 
0.073 2 2 0 0.6 0.6 0.007 -0.002 0.0000 0.0000 0.0000 0.0000 0.000000 3.123727 12.30 
0.083 2 2 0 0.7 0.7 0.009 0.023 0.0000 0.0000 0.0000 0.0000 0.000000 3.123752 12.30 
0.093 2 2 0 0.8 0.8 0.014 0.121 0.0000 0.0000 0.0000 0.0000 0.000000 3.123774 12.29 
0.103 2 2 0 0.8 0.8 0.079 0.148 0.0000 0.0470 0.0004 0.0000 0.005182 3.123762 12.29 
0.113 2 2 0 0.9 0.9 0.131 0.156 0.0000 0.0948 0.0010 0.0000 0.007773 3.123752 12.29 
0.123 2 2 0 1.0 1.0 0.140 0.168 0.0775 0.1185 0.0020 0.0000 0.010364 3.123735 12.29 
0.133 2 2 0 1.1 1.1 0.142 0.176 0.1133 0.1490 0.0030 0.0000 0.012956 3.123748 12.29 
0.143 2 2 0 1.2 1.2 0.152 0.159 0.1177 0.1807 0.0046 0.0001 0.018138 3.123780 12.29 
0.153 2 2 0 1.2 1.2 0.160 0.155 0.1506 0.2305 0.0064 0.0001 0.020729 3.123820 12.29 
0.163 2 2 0 1.3 1.3 0.153 0.166 0.2036 0.2554 0.0086 0.0001 0.023320 3.123833 12.29 
0.173 2 2 0 1.4 1.4 0.162 0.154 0.2145 0.2888 0.0110 0.0002 0.028502 3.123881 12.29 
0.183 2 2 0 1.5 1.5 0.157 0.136 0.2157 0.3088 0.0137 0.0003 0.031093 3.123837 12.29 
0.193 2 2 0 1.6 1.6 0.148 0.170 0.3064 0.3490 0.0167 0.0004 0.033685 3.123821 12.29 
0.203 2 2 0 1.6 1.6 0.150 0.150 0.2928 0.3582 0.0199 0.0005 0.038867 3.123829 12.28 
0.213 2 2 0 1.7 1.7 0.159 0.161 0.3751 0.3896 0.0237 0.0006 0.041458 3.123786 12.28 
0.223 2 2 0 1.8 1.8 0.152 0.152 0.3490 0.3615 0.0275 0.0008 0.044049 3.123809 12.29 
0.233 2 2 0 1.9 1.8 0.151 0.154 0.4097 0.4462 0.0315 0.0010 0.049231 3.123747 12.28 
0.243 2 2 0 2.0 1.8 0.149 0.141 0.3715 0.4510 0.0359 0.0012 0.049231 3.123779 12.29 
0.253 2 2 0 2.0 1.8 0.146 0.118 0.4615 0.4836 0.0405 0.0015 0.051822 3.123795 12.28 
0.263 2 2 0 2.0 1.8 0.140 0.110 0.4667 0.5149 0.0451 0.0017 0.054414 3.123806 12.29 
0.273 2 2 0 2.0 1.8 0.129 0.102 0.5081 0.5081 0.0502 0.0020 0.051822 3.123788 12.29 
0.283 2 2 0 2.0 1.8 0.103 0.091 0.5354 0.5213 0.0552 0.0022 0.054414 3.123798 12.29 
0.293 2 2 0 2.0 1.8 0.111 0.088 0.5213 0.5149 0.0604 0.0025 0.054414 3.123773 12.29 
0.303 2 2 0 2.0 1.8 0.111 0.089 0.5575 0.5081 0.0656 0.0028 0.054414 3.123754 12.29 
0.313 2 2 0 2.0 1.8 0.097 0.074 0.5735 0.5426 0.0710 0.0031 0.051822 3.123725 12.29 
0.323 2 2 0 2.0 1.8 0.095 0.091 0.5735 0.5498 0.0764 0.0034 0.049231 3.123800 12.29 
0.333 2 2 0 2.0 1.8 0.093 0.082 0.5354 0.5426 0.0818 0.0036 0.051822 3.123771 12.30 
0.343 2 2 0 2.0 1.8 0.091 0.078 0.5820 0.5354 0.0875 0.0039 0.046640 3.123753 12.29 
0.353 2 2 0 2.0 1.8 0.092 0.086 0.5992 0.5498 0.0929 0.0042 0.044049 3.123866 12.29 
0.363 2 2 0 2.0 1.8 0.093 0.075 0.5904 0.5575 0.0985 0.0044 0.044049 3.123820 12.29 
0.373 2 2 0 2.0 1.8 0.072 0.072 0.5904 0.5820 0.1041 0.0047 0.044049 3.123764 12.29 
0.383 2 2 0 2.0 1.8 0.080 0.069 0.6085 0.5575 0.1099 0.0049 0.041458 3.123816 12.29 
0.393 2 2 0 2.0 1.8 0.070 0.088 0.5575 0.5575 0.1153 0.0051 0.038867 3.123832 12.30 
0.403 2 2 0 2.0 1.9 0.083 0.079 0.5992 0.5498 0.1212 0.0053 0.036276 3.123792 12.29 
0.413 2 2 0 2.0 1.9 0.076 0.065 0.6085 0.5655 0.1268 0.0056 0.036276 3.123856 12.29 
0.423 2 2 0 2.0 1.9 0.069 0.087 0.5904 0.5575 0.1326 0.0058 0.033685 3.123878 12.29 
0.433 2 2 0 2.0 1.9 0.060 0.076 0.5655 0.5820 0.1384 0.0060 0.036276 3.123831 12.29 
0.443 2 2 0 2.0 1.9 0.056 0.074 0.6085 0.5655 0.1442 0.0062 0.033685 3.123804 12.29 
0.453 2 2 0 2.0 1.9 0.065 0.068 0.5575 0.5904 0.1501 0.0064 0.031093 3.123823 12.29 
0.463 2 2 0 2.0 1.9 0.069 0.074 0.5655 0.5820 0.1557 0.0065 0.031093 3.123781 12.29 
0.473 2 2 0 2.0 1.9 0.065 0.056 0.6085 0.5498 0.1617 0.0067 0.031093 3.123793 12.29 
0.483 2 2 0 2.0 1.9 0.073 0.060 0.5281 0.5904 0.1673 0.0069 0.031093 3.123863 12.29 
0.493 2 2 0 2.0 1.9 0.077 0.068 0.5820 0.5992 0.1733 0.0071 0.031093 3.123816 12.29 
0.503 2 2 0 2.0 1.9 0.080 0.058 0.6085 0.5904 0.1792 0.0072 0.028502 3.123774 12.29 
0.513 2 2 0 2.0 1.9 0.065 0.065 0.5904 0.5735 0.1848 0.0074 0.028502 3.123809 12.29 
0.523 2 2 0 2.0 1.9 0.065 0.077 0.5904 0.5655 0.1908 0.0076 0.028502 3.123808 12.28 
0.533 2 2 0 2.0 1.9 0.067 0.069 0.6177 0.5655 0.1966 0.0077 0.025911 3.123749 12.29 
0.543 2 2 0 2.0 1.9 0.061 0.076 0.6085 0.5820 0.2025 0.0079 0.028502 3.123797 12.28 
0.553 2 2 0 2.0 1.9 0.073 0.053 0.5655 0.5820 0.2083 0.0080 0.025911 3.123778 12.30 
0.563 2 2 0 2.0 1.9 0.080 0.072 0.5992 0.5575 0.2143 0.0082 0.025911 3.123681 12.28 
0.573 2 2 0 2.0 1.9 0.072 0.072 0.6085 0.5575 0.2199 0.0084 0.025911 3.123753 12.29 
0.583 2 2 0 2.0 1.9 0.078 0.064 0.5904 0.5992 0.2259 0.0085 0.025911 3.123832 12.29 
0.593 2 2 0 2.0 1.9 0.059 0.070 0.6085 0.5904 0.2320 0.0087 0.025911 3.123751 12.29 
0.603 2 2 0 2.0 1.9 0.063 0.066 0.5904 0.5735 0.2376 0.0088 0.025911 3.123675 12.29 
0.613 2 2 0 2.0 1.9 0.081 0.062 0.6177 0.5992 0.2436 0.0090 0.025911 3.123797 12.29 
0.623 2 2 0 2.0 1.9 0.068 0.074 0.5655 0.5904 0.2492 0.0091 0.025911 3.123815 12.30 
0.633 2 2 0 2.0 1.9 0.078 0.073 0.6085 0.5904 0.2553 0.0093 0.025911 3.123676 12.29 
0.643 2 2 0 2.0 1.9 0.060 0.072 0.5904 0.5992 0.2613 0.0094 0.025911 3.123687 12.29 
0.653 2 2 0 2.0 1.9 0.063 0.067 0.5992 0.5904 0.2669 0.0096 0.025911 3.123755 12.29 
0.663 2 2 0 2.0 1.9 0.067 0.063 0.5992 0.5904 0.2729 0.0097 0.025911 3.123686 12.29 
0.673 2 2 0 2.0 1.9 0.057 0.063 0.5992 0.6177 0.2787 0.0099 0.028502 3.123672 12.29 
0.683 2 2 0 2.0 1.9 0.056 0.058 0.5655 0.6177 0.2848 0.0101 0.028502 3.123763 12.29 
0.693 2 2 0 2.0 1.9 0.057 0.064 0.6085 0.5904 0.2906 0.0102 0.025911 3.123718 12.29 
0.703 2 2 0 2.0 1.9 0.083 0.065 0.5655 0.6085 0.2964 0.0104 0.028502 3.123661 12.29 
0.713 2 2 0 2.0 1.9 0.082 0.066 0.5575 0.5992 0.3024 0.0105 0.028502 3.123746 12.29 
0.723 2 2 0 2.0 1.9 0.081 0.073 0.6085 0.6177 0.3082 0.0107 0.025911 3.123761 12.29 
0.733 2 2 0 2.0 1.9 0.092 0.058 0.5655 0.5992 0.3141 0.0109 0.028502 3.123717 12.29 
0.743 2 2 0 2.0 1.9 0.071 0.057 0.5655 0.5992 0.3201 0.0110 0.028502 3.123759 12.29 
0.753 2 2 0 2.0 1.9 0.075 0.073 0.6177 0.5992 0.3261 0.0112 0.028502 3.123789 12.29 
0.763 2 2 0 2.0 1.9 0.073 0.066 0.5575 0.5820 0.3319 0.0114 0.031093 3.123770 12.29 
0.773 2 2 0 2.0 1.9 0.053 0.067 0.5992 0.5820 0.3378 0.0115 0.028502 3.123719 12.29 
0.783 2 2 0 2.0 1.9 0.076 0.063 0.6085 0.5992 0.3438 0.0117 0.028502 3.123781 12.29 
0.793 2 2 0 2.0 1.9 0.067 0.059 0.5655 0.5904 0.3496 0.0119 0.031093 3.123760 12.29 
0.803 2 2 0 2.0 1.9 0.062 0.059 0.5820 0.6273 0.3556 0.0120 0.031093 3.123708 12.29 
0.813 2 2 0 2.0 1.9 0.076 0.061 0.6177 0.5904 0.3614 0.0122 0.028502 3.123758 12.29 
0.823 2 2 0 2.0 1.9 0.065 0.064 0.5426 0.5904 0.3673 0.0124 0.031093 3.123719 12.29 
0.833 2 2 0 2.0 1.9 0.083 0.068 0.5820 0.6085 0.3733 0.0126 0.031093 3.123691 12.29 
0.843 2 2 0 2.0 1.9 0.078 0.056 0.6273 0.5992 0.3791 0.0127 0.028502 3.123743 12.29 
0.853 2 2 0 2.0 1.9 0.060 0.059 0.5992 0.6177 0.3849 0.0129 0.031093 3.123787 12.29 
0.863 2 2 0 2.0 1.9 0.062 0.065 0.5904 0.5992 0.3909 0.0131 0.031093 3.123771 12.29 
0.873 2 2 0 2.0 1.9 0.059 0.055 0.6085 0.6085 0.3968 0.0133 0.028502 3.123806 12.29 
0.883 2 2 1 2.0 1.9 0.054 0.074 0.5904 0.5820 0.4028 0.0135 0.028502 3.123827 12.32 
0.893 2 2 1 1.9 2.0 0.048 0.080 0.5904 0.6085 0.4086 0.0136 0.031093 3.123800 12.29 
0.903 2 2 1 1.8 2.0 0.045 0.082 0.5992 0.5992 0.4146 0.0138 0.031093 3.123796 12.28 
0.913 2 2 1 1.7 2.0 0.051 0.075 0.5735 0.6085 0.4205 0.0140 0.033685 3.123869 12.29 
0.923 2 2 1 1.6 2.0 0.041 0.078 0.5655 0.5992 0.4263 0.0142 0.036276 3.123804 12.29 
0.933 2 2 1 1.6 2.0 0.044 0.073 0.5575 0.6474 0.4321 0.0144 0.038867 3.123791 12.29 
0.943 2 2 1 1.5 2.0 0.019 0.066 0.5575 0.6374 0.4379 0.0147 0.046640 3.123873 12.29 
0.953 2 2 1 1.4 2.0 0.026 0.072 0.5354 0.5992 0.4435 0.0150 0.051822 3.123831 12.29 
0.963 2 2 1 1.3 2.0 0.017 0.072 0.5020 0.6177 0.4489 0.0153 0.059596 3.123819 12.29 
0.973 2 2 1 1.2 2.0 0.009 0.064 0.4896 0.6177 0.4545 0.0156 0.069960 3.123826 12.26 
0.983 2 2 1 1.2 2.0 0.015 0.071 0.4723 0.6273 0.4600 0.0160 0.077734 3.123831 12.29 
0.993 2 2 1 1.1 2.0 0.013 0.077 0.4269 0.5992 0.4654 0.0165 0.090689 3.123826 12.29 
1.003 2 2 1 1.0 2.0 -0.003 0.063 0.3751 0.6374 0.4704 0.0170 0.103645 3.123873 12.29 
1.013 2 2 1 0.9 2.0 -0.002 0.069 0.3430 0.6374 0.4753 0.0175 0.121783 3.123930 12.29 
1.023 2 2 1 0.8 2.0 -0.033 0.071 0.3185 0.6474 0.4803 0.0182 0.139921 3.123900 12.29 
1.033 2 2 1 0.8 2.0 -0.068 0.059 0.3289 0.6374 0.4849 0.0188 0.158058 3.123878 12.29 
1.043 2 2 1 0.7 2.0 -0.103 0.061 0.2607 0.6273 0.4894 0.0196 0.181379 3.123908 12.29 
1.053 2 2 1 0.6 2.0 -0.091 0.067 0.2016 0.6374 0.4934 0.0204 0.207290 3.123888 12.30 
1.063 2 2 1 0.5 2.0 -0.108 0.059 0.1378 0.6374 0.4973 0.0213 0.238383 3.123895 12.28 
1.073 2 2 1 0.4 2.0 -0.046 0.073 0.1153 0.6583 0.5010 0.0222 0.272068 3.123874 12.29 
1.083 2 2 1 0.4 2.0 -0.038 0.065 0.0735 0.6374 0.5045 0.0233 0.308344 3.123883 12.29 
1.093 2 2 1 0.3 2.0 -0.023 0.063 0.0341 0.6374 0.5075 0.0243 0.344620 3.123884 12.29 
1.103 2 2 1 0.2 2.0 0.002 0.072 0.0341 0.6583 0.5105 0.0255 0.386078 3.123832 12.29 
1.113 2 2 1 0.1 2.0 0.010 0.076 0.0193 0.6177 0.5135 0.0267 0.427536 3.123829 12.29 
1.123 2 2 1 0.0 2.0 0.011 0.066 0.0129 0.6374 0.5162 0.0280 0.466403 3.123885 12.29 
1.133 2 2 1 -0.0 2.0 -0.007 0.070 0.0096 0.6374 0.5190 0.0295 0.507861 3.123906 12.29 
1.143 2 2 1 -0.1 2.0 0.009 0.058 0.0076 0.6474 0.5218 0.0312 0.549319 3.123896 12.29 
1.153 2 2 1 -0.2 2.0 0.006 0.058 0.0064 0.6474 0.5245 0.0329 0.590777 3.123868 12.29 
1.163 2 2 1 -0.3 2.0 0.009 0.072 0.0056 0.6085 0.5270 0.0346 0.629644 3.123856 12.30 
1.173 2 2 1 -0.4 2.0 0.015 0.071 0.0048 0.6273 0.5295 0.0366 0.671103 3.123880 12.29 
1.183 2 2 1 -0.4 2.0 0.008 0.065 0.0044 0.6374 0.5320 0.0386 0.712561 3.123888 12.30 
1.193 2 2 1 -0.5 2.0 0.010 0.074 0.0036 0.6374 0.5342 0.0406 0.751428 3.123887 12.29 
1.203 2 2 1 -0.6 2.0 0.015 0.068 0.0036 0.6374 0.5365 0.0429 0.792886 3.123880 12.30 
1.213 2 2 1 -0.7 2.0 -0.008 0.068 0.0032 0.6474 0.5387 0.0452 0.834344 3.123838 12.29 
1.223 2 2 1 -0.8 2.0 -0.086 0.069 -0.0028 0.6177 0.5406 0.0473 0.875802 3.123875 12.28 
1.233 2 2 1 -0.7 2.0 -0.077 0.058 -0.0028 0.6273 0.5426 0.0498 0.917260 3.123848 12.29 
1.243 2 2 1 -0.6 2.0 0.004 0.061 -0.0578 0.6474 0.5442 0.0521 0.963901 3.123883 12.29 
1.253 2 2 1 -0.5 2.0 0.020 0.068 -0.0410 0.6374 0.5458 0.0544 1.005359 3.123890 12.29 
1.263 2 2 1 -0.4 2.0 0.015 0.068 -0.0301 0.6374 0.5475 0.0572 1.046817 3.123887 12.28 
1.273 2 2 1 -0.4 2.0 0.008 0.064 -0.0169 0.6374 0.5490 0.0600 1.088275 3.123849 12.29 
1.283 2 2 1 -0.3 2.0 0.006 0.066 -0.0120 0.6273 0.5504 0.0627 1.127142 3.123892 12.29 
1.293 2 2 1 -0.2 2.0 0.012 0.066 -0.0092 0.6273 0.5517 0.0656 1.168600 3.123884 12.29 
1.303 2 2 1 -0.1 2.0 0.006 0.063 -0.0072 0.6273 0.5529 0.0686 1.210058 3.123875 12.31 
1.313 2 2 1 -0.0 2.0 0.009 0.056 -0.0060 0.6374 0.5539 0.0714 1.248925 3.123900 12.30 
1.323 2 2 1 0.0 2.0 0.012 0.058 -0.0052 0.6374 0.5548 0.0745 1.290383 3.123902 12.29 
1.333 2 2 1 0.1 2.0 0.013 0.060 -0.0048 0.6177 0.5557 0.0776 1.331841 3.123906 12.30 
1.343 2 2 1 0.2 2.0 0.005 0.060 -0.0040 0.6273 0.5563 0.0806 1.370708 3.123944 12.30 
1.353 2 2 1 0.3 2.0 0.005 0.054 -0.0036 0.6273 0.5569 0.0837 1.412167 3.123929 12.29 
1.363 2 2 1 0.4 2.0 0.001 0.053 -0.0032 0.5992 0.5573 0.0869 1.453625 3.123943 12.30 
1.373 2 2 1 0.4 2.0 0.003 0.052 -0.0032 0.6374 0.5576 0.0901 1.495083 3.123960 12.30 
1.383 2 2 1 0.5 2.0 0.010 0.060 -0.0028 0.6374 0.5578 0.0931 1.533950 3.123973 12.29 
1.393 2 2 1 0.6 2.0 0.012 0.060 -0.0024 0.6691 0.5579 0.0963 1.575408 3.123971 12.29 
1.403 2 2 1 0.7 1.9 0.007 0.047 -0.0024 0.6474 0.5578 0.0995 1.616866 3.123984 12.30 
1.413 2 2 1 0.8 1.8 0.011 0.042 -0.0024 0.6085 0.5576 0.1025 1.655733 3.123970 12.29 
1.423 2 2 1 0.8 1.7 0.073 0.027 -0.0020 0.6583 0.5572 0.1057 1.697191 3.124021 12.29 
1.433 2 2 1 0.9 1.7 0.138 0.014 -0.0020 0.5992 0.5568 0.1087 1.736058 3.124061 12.29 
1.443 2 2 1 1.0 1.6 0.132 0.029 0.0020 0.5992 0.5562 0.1119 1.772334 3.124067 12.29 
1.453 2 2 1 1.1 1.5 0.176 0.014 0.0715 0.5820 0.5555 0.1150 1.803428 3.124034 12.29 
1.463 2 2 1 1.2 1.4 0.184 0.005 0.1112 0.5575 0.5547 0.1181 1.834521 3.124062 12.29 
1.473 2 2 1 1.2 1.3 0.184 0.002 0.1715 0.5281 0.5538 0.1216 1.860433 3.124035 12.29 
1.483 2 2 1 1.3 1.3 0.173 -0.002 0.1976 0.5213 0.5527 0.1249 1.883753 3.124000 12.30 
1.493 2 2 1 1.4 1.2 0.154 -0.012 0.2374 0.5213 0.5516 0.1283 1.899300 3.124006 12.29 
1.503 2 2 1 1.5 1.1 0.157 -0.001 0.2787 0.4836 0.5504 0.1317 1.914846 3.124020 12.29 
1.513 2 2 1 1.6 1.0 0.154 -0.021 0.2434 0.4510 0.5491 0.1353 1.927802 3.123984 12.29 
1.523 2 2 1 1.6 0.9 0.161 -0.016 0.3430 0.4269 0.5478 0.1387 1.938167 3.123982 12.28 
1.533 2 2 1 1.7 0.9 0.151 -0.024 0.3374 0.3615 0.5464 0.1422 1.940758 3.123985 12.30 
1.543 2 2 1 1.8 0.8 0.154 -0.027 0.3936 0.3683 0.5450 0.1458 1.943349 3.123971 12.29 
1.553 2 2 1 1.9 0.7 0.147 -0.070 0.4016 0.3550 0.5437 0.1493 1.940758 3.123954 12.29 
1.563 2 2 1 2.0 0.6 0.149 -0.080 0.4225 0.3185 0.5424 0.1527 1.935575 3.123946 12.28 
1.573 2 2 1 2.0 0.6 0.145 -0.126 0.4562 0.2305 0.5411 0.1561 1.925211 3.123961 12.29 
1.583 2 2 1 2.0 0.7 0.151 -0.101 0.4667 0.2113 0.5399 0.1593 1.907073 3.123915 12.29 
1.593 2 2 1 2.0 0.7 0.126 -0.020 0.4836 0.1767 0.5388 0.1625 1.888935 3.123955 12.29 
1.603 2 2 1 2.0 0.8 0.115 0.043 0.5281 0.1598 0.5378 0.1658 1.865615 3.124003 12.29 
1.613 2 2 1 2.0 0.9 0.104 0.076 0.5354 0.1884 0.5368 0.1693 1.844886 3.123986 12.28 
1.623 2 2 1 2.0 1.0 0.091 0.101 0.5575 0.1912 0.5359 0.1726 1.821566 3.123958 12.27 
1.633 2 2 1 2.0 1.0 0.090 0.110 0.5575 0.2169 0.5350 0.1765 1.800837 3.124004 12.29 
1.643 2 2 1 2.0 1.1 0.096 0.130 0.5820 0.2229 0.5341 0.1802 1.777516 3.123972 12.29 
1.653 2 2 1 2.0 1.2 0.087 0.127 0.5820 0.2390 0.5333 0.1841 1.756787 3.123938 12.29 
1.663 2 2 1 2.0 1.3 0.080 0.132 0.5820 0.2848 0.5326 0.1883 1.738649 3.123986 12.28 
1.673 2 2 1 2.0 1.4 0.086 0.136 0.5735 0.2928 0.5319 0.1924 1.720511 3.123992 12.29 
1.683 2 2 1 2.0 1.4 0.080 0.144 0.5992 0.2908 0.5313 0.1968 1.704965 3.123926 12.29 
1.693 2 2 1 2.0 1.5 0.078 0.136 0.5735 0.3582 0.5307 0.2016 1.689418 3.123952 12.29 
1.703 2 2 1 2.0 1.6 0.082 0.141 0.5820 0.3976 0.5302 0.2062 1.676462 3.123966 12.29 
1.713 2 2 1 2.0 1.6 0.067 0.138 0.5655 0.4097 0.5297 0.2110 1.666098 3.124005 12.29 
1.723 2 2 1 2.0 1.7 0.065 0.136 0.5904 0.4137 0.5293 0.2160 1.653142 3.123944 12.29 
1.733 2 2 1 2.0 1.7 0.075 0.132 0.5992 0.4181 0.5289 0.2210 1.645369 3.123970 12.29 
1.743 2 2 1 2.0 1.7 0.071 0.120 0.5904 0.4510 0.5285 0.2262 1.635004 3.123938 12.29 
1.753 2 2 1 2.0 1.8 0.074 0.123 0.6085 0.4667 0.5282 0.2316 1.627231 3.123909 12.29 
1.763 2 2 1 2.0 1.8 0.078 0.109 0.5992 0.4956 0.5279 0.2368 1.622048 3.123922 12.29 
1.773 2 2 1 2.0 1.8 0.065 0.114 0.6177 0.4896 0.5277 0.2422 1.614275 3.123921 12.30 
1.783 2 2 1 2.0 1.8 0.065 0.110 0.5655 0.5213 0.5274 0.2478 1.609093 3.123873 12.29 
1.793 2 2 1 2.0 1.9 0.075 0.111 0.6085 0.5149 0.5272 0.2533 1.606502 3.123857 12.29 
1.803 2 2 1 2.0 1.9 0.085 0.104 0.5820 0.5426 0.5270 0.2589 1.601319 3.123946 12.29 
1.813 2 2 1 2.0 1.9 0.065 0.092 0.6177 0.5426 0.5268 0.2647 1.598728 3.123922 12.29 
1.823 2 2 1 2.0 1.9 0.082 0.077 0.6085 0.5820 0.5267 0.2703 1.598728 3.123888 12.29 
1.833 2 2 1 2.0 1.9 0.085 0.083 0.5735 0.5735 0.5265 0.2761 1.596137 3.123887 12.30 
1.843 2 2 1 2.0 1.9 0.086 0.083 0.5992 0.5820 0.5264 0.2820 1.593546 3.123903 12.29 
1.853 2 2 1 2.0 1.9 0.069 0.077 0.5992 0.5904 0.5263 0.2876 1.593546 3.123910 12.29 
1.863 2 2 2 1.9 2.0 0.062 0.079 0.5820 0.5992 0.5261 0.2936 1.593546 3.123925 12.29 
1.873 2 2 2 1.9 2.0 0.057 0.090 0.5904 0.5904 0.5260 0.2994 1.590955 3.123959 12.29 
1.883 2 2 2 1.8 2.0 0.037 0.086 0.5992 0.6177 0.5259 0.3053 1.593546 3.123898 12.29 
1.893 2 2 2 1.7 2.0 0.039 0.099 0.5820 0.5904 0.5257 0.3111 1.596137 3.123849 12.29 
1.903 2 2 2 1.6 2.0 0.037 0.071 0.5735 0.6177 0.5256 0.3169 1.598728 3.123909 12.29 
1.913 2 2 2 1.5 2.0 0.005 0.085 0.5735 0.6085 0.5254 0.3227 1.601319 3.123931 12.29 
1.923 2 2 2 1.5 2.0 0.013 0.068 0.5081 0.6177 0.5252 0.3285 1.609093 3.123899 12.30 
1.933 2 2 2 1.4 2.0 0.008 0.074 0.5281 0.6273 0.5250 0.3342 1.614275 3.123892 12.29 
1.943 2 2 2 1.3 2.0 -0.005 0.063 0.4615 0.5820 0.5247 0.3398 1.619457 3.123934 12.28 
1.953 2 2 2 1.2 2.0 0.003 0.068 0.4510 0.6177 0.5244 0.3454 1.629822 3.123913 12.28 
1.963 2 2 2 1.1 2.0 -0.010 0.069 0.4615 0.6273 0.5241 0.3506 1.640186 3.123903 12.29 
1.973 2 2 2 1.1 2.0 -0.006 0.077 0.3936 0.6474 0.5237 0.3560 1.653142 3.123919 12.28 
1.983 2 2 2 1.0 2.0 -0.003 0.062 0.3582 0.6474 0.5232 0.3610 1.666098 3.123993 12.30 
1.993 2 2 2 0.9 2.0 -0.020 0.073 0.3430 0.5992 0.5227 0.3662 1.681644 3.123892 12.28 
2.003 2 2 2 0.8 2.0 -0.032 0.078 0.3213 0.6177 0.5221 0.3708 1.699782 3.123792 12.29 
2.013 2 2 2 0.7 2.0 -0.069 0.058 0.2747 0.6273 0.5215 0.3756 1.720511 3.123963 12.29 
2.023 2 2 2 0.7 2.0 -0.100 0.067 0.2554 0.6474 0.5207 0.3801 1.743832 3.124002 12.33 
2.033 2 2 2 0.6 2.0 -0.085 0.071 0.1775 0.5992 0.5200 0.3841 1.769743 3.123972 12.29 
2.043 2 2 2 0.5 2.0 -0.118 0.074 0.1217 0.6085 0.5191 0.3880 1.800837 3.123912 12.29 
2.053 2 2 2 0.4 2.0 -0.073 0.082 0.1008 0.6374 0.5183 0.3913 1.834521 3.124019 12.29 
2.063 2 2 2 0.3 2.0 -0.036 0.065 0.0695 0.6474 0.5173 0.3948 1.870797 3.123950 12.29 
2.073 2 2 2 0.3 2.0 -0.004 0.065 0.0422 0.6474 0.5162 0.3980 1.909664 3.123906 12.30 
2.083 2 2 2 0.2 2.0 0.005 0.066 0.0289 0.6374 0.5152 0.4008 1.948531 3.123968 12.29 
2.093 2 2 2 0.1 2.0 0.009 0.069 0.0165 0.6374 0.5139 0.4038 1.989989 3.123979 12.30 
2.103 2 2 2 0.0 2.0 0.008 0.067 0.0116 0.6374 0.5126 0.4067 2.031447 3.123945 12.29 
2.113 2 2 2 -0.1 2.0 0.006 0.069 0.0088 0.6583 0.5112 0.4094 2.070314 3.123968 12.29 
2.123 2 2 2 -0.1 2.0 0.007 0.061 0.0072 0.6374 0.5096 0.4122 2.111773 3.123981 12.29 
2.133 2 2 2 -0.2 2.0 0.004 0.064 0.0060 0.6474 0.5079 0.4149 2.153231 3.123946 12.29 
2.143 2 2 2 -0.3 2.0 0.007 0.066 0.0052 0.6474 0.5060 0.4175 2.194689 3.123935 12.30 
2.153 2 2 2 -0.4 2.0 0.009 0.064 0.0044 0.6177 0.5042 0.4199 2.233556 3.123955 12.29 
2.163 2 2 2 -0.5 2.0 0.001 0.060 0.0040 0.6273 0.5022 0.4224 2.275014 3.123955 12.30 
2.173 2 2 2 -0.5 2.0 0.005 0.066 0.0036 0.6583 0.5001 0.4248 2.316472 3.123942 12.29 
2.183 2 2 2 -0.6 2.0 0.006 0.053 0.0032 0.6474 0.4980 0.4270 2.355339 3.123930 12.29 
2.193 2 2 2 -0.7 2.0 -0.013 0.051 0.0032 0.6474 0.4957 0.4292 2.396797 3.123915 12.29 
2.203 2 2 2 -0.8 2.0 -0.092 0.044 -0.0028 0.6273 0.4934 0.4312 2.440846 3.123935 12.29 
2.213 2 2 2 -0.7 2.0 -0.086 0.069 -0.0430 0.6374 0.4911 0.4331 2.484896 3.123893 12.29 
2.223 2 2 2 -0.6 2.0 -0.018 0.065 -0.0542 0.6273 0.4888 0.4348 2.526354 3.123962 12.28 
2.233 2 2 2 -0.6 2.0 0.013 0.072 -0.0510 0.6177 0.4863 0.4365 2.570403 3.124038 12.30 
2.243 2 2 2 -0.5 2.0 0.007 0.080 -0.0229 0.6177 0.4836 0.4382 2.611861 3.123974 12.29 
2.253 2 2 2 -0.4 2.0 -0.003 0.073 -0.0145 0.6474 0.4809 0.4396 2.650728 3.123826 12.29 
2.263 2 2 2 -0.3 2.0 0.002 0.079 -0.0104 0.6374 0.4781 0.4411 2.692186 3.123866 12.29 
2.273 2 2 2 -0.2 2.0 0.005 0.076 -0.0084 0.6177 0.4753 0.4423 2.731053 3.123863 12.29 
2.283 2 2 2 -0.1 2.0 0.004 0.079 -0.0068 0.6474 0.4724 0.4436 2.772511 3.123931 12.29 
2.293 2 2 2 -0.1 2.0 0.007 0.081 0.0064 0.6177 0.4692 0.4447 2.811378 3.123968 12.29 
2.303 2 2 2 0.0 2.0 0.021 0.077 0.0064 0.6374 0.4663 0.4457 2.850245 3.123913 12.29 
2.313 2 2 2 0.1 2.0 0.010 0.071 0.0064 0.6374 0.4632 0.4465 2.891704 3.123821 12.29 
2.323 2 2 2 0.2 2.0 0.006 0.076 0.0064 0.6374 0.4601 0.4472 2.933162 3.123872 12.29 
2.333 2 2 2 0.2 2.0 0.010 0.072 0.0064 0.6273 0.4571 0.4478 2.972029 3.123913 12.29 
2.343 2 2 2 0.3 2.0 0.003 0.070 0.0064 0.6273 0.4539 0.4483 3.013487 3.123876 12.29 
2.353 2 2 2 0.4 2.0 0.005 0.071 0.0056 0.6273 0.4507 0.4486 3.054945 3.123879 12.29 
2.363 2 2 2 0.5 2.0 0.011 0.067 0.0048 0.6374 0.4477 0.4488 3.093812 3.123927 12.30 
2.373 2 2 2 0.6 2.0 0.007 0.067 0.0044 0.6273 0.4445 0.4489 3.135270 3.123907 12.30 
2.383 2 2 2 0.6 1.9 0.006 0.066 0.0040 0.6374 0.4413 0.4489 -3.106457 3.123861 12.30 
2.393 2 2 2 0.7 1.9 0.018 0.054 0.0036 0.6177 0.4381 0.4487 -3.064999 3.123874 12.30 
2.403 2 2 2 0.8 1.8 0.038 0.039 0.0032 0.5820 0.4351 0.4484 -3.026132 3.123877 12.30 
2.413 2 2 2 0.9 1.7 0.114 0.024 0.0028 0.6273 0.4321 0.4480 -2.987265 3.123855 12.30 
2.423 2 2 2 1.0 1.6 0.135 0.025 0.0028 0.5820 0.4290 0.4474 -2.950989 3.123877 12.30 
2.433 2 2 2 1.0 1.5 0.165 0.021 0.0422 0.5820 0.4258 0.4468 -2.914713 3.123872 12.29 
2.443 2 2 2 1.1 1.4 0.192 0.006 0.0667 0.5735 0.4227 0.4460 -2.883620 3.123876 12.30 
2.453 2 2 2 1.2 1.4 0.157 -0.007 0.1149 0.5655 0.4192 0.4450 -2.857708 3.123874 12.29 
2.463 2 2 2 1.3 1.3 0.169 0.006 0.1586 0.5281 0.4161 0.4441 -2.831797 3.123862 12.29 
2.473 2 2 2 1.4 1.2 0.173 -0.000 0.2028 0.5149 0.4127 0.4430 -2.811068 3.123886 12.29 
2.483 2 2 2 1.4 1.1 0.153 -0.020 0.2265 0.5020 0.4093 0.4418 -2.795521 3.123826 12.29 
2.493 2 2 2 1.5 1.1 0.153 -0.008 0.2478 0.4723 0.4059 0.4405 -2.779974 3.123838 12.29 
2.503 2 2 2 1.6 1.0 0.157 -0.021 0.2972 0.4362 0.4023 0.4392 -2.772201 3.123815 12.29 
2.513 2 2 2 1.7 0.9 0.143 -0.014 0.3161 0.3522 0.3990 0.4378 -2.767019 3.123855 12.29 
2.523 2 2 2 1.8 0.8 0.149 -0.022 0.3976 0.3936 0.3954 0.4364 -2.764427 3.123843 12.29 
2.533 2 2 2 1.8 0.7 0.154 -0.035 0.3715 0.3374 0.3919 0.4350 -2.761836 3.123833 12.30 
2.543 2 2 2 1.9 0.7 0.163 -0.065 0.4362 0.3265 0.3883 0.4336 -2.769610 3.123883 12.29 
2.553 2 2 2 2.0 0.6 0.168 -0.113 0.4510 0.2623 0.3848 0.4323 -2.777383 3.123787 12.30 
2.563 2 2 2 2.0 0.6 0.153 -0.118 0.4896 0.2217 0.3818 0.4311 -2.792930 3.123807 12.30 
2.573 2 2 2 2.0 0.7 0.122 -0.076 0.4779 0.1996 0.3784 0.4299 -2.813659 3.123795 12.29 
2.583 2 2 2 2.0 0.8 0.105 0.016 0.5149 0.1687 0.3753 0.4289 -2.834388 3.123853 12.30 
2.593 2 2 2 2.0 0.8 0.115 0.068 0.5498 0.1619 0.3720 0.4279 -2.857708 3.123843 12.29 
2.603 2 2 2 2.0 0.9 0.104 0.090 0.5575 0.1831 0.3684 0.4269 -2.881028 3.123874 12.29 
2.613 2 2 2 2.0 1.0 0.102 0.099 0.5575 0.1900 0.3649 0.4260 -2.901757 3.123811 12.29 
2.623 2 2 2 2.0 1.1 0.094 0.123 0.5354 0.2193 0.3611 0.4251 -2.925078 3.123776 12.29 
2.633 2 2 2 2.0 1.2 0.088 0.131 0.5575 0.2402 0.3572 0.4243 -2.945807 3.123820 12.29 
2.643 2 2 2 2.0 1.2 0.096 0.130 0.5735 0.2675 0.3533 0.4236 -2.966536 3.123813 12.28 
2.653 2 2 2 2.0 1.3 0.083 0.135 0.5735 0.2747 0.3491 0.4229 -2.984674 3.123809 12.29 
2.663 2 2 2 2.0 1.4 0.086 0.144 0.5498 0.3137 0.3449 0.4223 -3.002812 3.123749 12.30 
2.673 2 2 2 2.0 1.5 0.073 0.137 0.5904 0.3430 0.3403 0.4217 -3.020950 3.123832 12.29 
2.683 2 2 2 2.0 1.6 0.083 0.145 0.6085 0.3462 0.3358 0.4212 -3.033905 3.123814 12.28 
2.693 2 2 2 2.0 1.6 0.074 0.157 0.5735 0.3936 0.3310 0.4207 -3.049452 3.123784 12.28 
2.703 2 2 2 2.0 1.7 0.070 0.149 0.5820 0.4097 0.3262 0.4203 -3.059817 3.123723 12.32 
2.713 2 2 2 2.0 1.7 0.061 0.141 0.5992 0.4410 0.3210 0.4199 -3.070181 3.123785 12.28 
2.723 2 2 2 2.0 1.7 0.079 0.132 0.5992 0.4562 0.3159 0.4195 -3.077955 3.123784 12.28 
2.733 2 2 2 2.0 1.8 0.082 0.131 0.5820 0.4615 0.3107 0.4192 -3.088319 3.123800 12.29 
2.743 2 2 2 2.0 1.8 0.084 0.116 0.6177 0.4836 0.3053 0.4190 -3.096092 3.123822 12.29 
2.753 2 2 2 2.0 1.8 0.075 0.119 0.6085 0.4779 0.3001 0.4187 -3.101275 3.123804 12.29 
2.763 2 2 2 2.0 1.9 0.061 0.111 0.5735 0.5281 0.2945 0.4185 -3.106457 3.123822 12.29 
2.773 2 2 2 2.0 1.9 0.090 0.107 0.6273 0.5213 0.2889 0.4183 -3.111639 3.123819 12.29 
2.783 2 2 2 2.0 1.9 0.074 0.104 0.5992 0.5354 0.2832 0.4182 -3.111639 3.123802 12.30 
2.793 2 2 2 2.0 1.9 0.078 0.105 0.5904 0.5354 0.2776 0.4180 -3.116822 3.123769 12.29 
2.803 2 2 2 2.0 1.9 0.091 0.084 0.6085 0.5820 0.2718 0.4179 -3.119413 3.123839 12.30 
2.813 2 2 2 2.0 1.9 0.079 0.092 0.5904 0.5820 0.2660 0.4177 -3.122004 3.123787 12.29 
2.823 2 2 2 2.0 1.9 0.065 0.087 0.5992 0.5213 0.2602 0.4176 -3.119413 3.123780 12.29 
2.833 2 2 2 2.0 1.9 0.057 0.085 0.6085 0.5820 0.2543 0.4175 -3.122004 3.123832 12.29 
2.843 2 2 3 2.0 2.0 0.063 0.085 0.5735 0.5992 0.2485 0.4174 -3.124595 3.123835 12.29 
2.853 2 2 3 1.9 2.0 0.070 0.091 0.5735 0.5992 0.2427 0.4173 -3.122004 3.123774 12.29 
2.863 2 2 3 1.8 2.0 0.063 0.090 0.5992 0.5992 0.2367 0.4172 -3.122004 3.123822 12.29 
2.873 2 2 3 1.7 2.0 0.030 0.091 0.5735 0.6085 0.2308 0.4170 -3.119413 3.123851 12.29 
2.883 2 2 3 1.6 2.0 0.038 0.077 0.5820 0.6085 0.2250 0.4169 -3.116822 3.123787 12.29 
2.893 2 2 3 1.6 2.0 0.027 0.083 0.5655 0.6374 0.2190 0.4167 -3.111639 3.123795 12.29 
2.903 2 2 3 1.5 2.0 0.025 0.085 0.5213 0.6273 0.2134 0.4166 -3.106457 3.123830 12.29 
2.913 2 2 3 1.4 2.0 0.008 0.072 0.5281 0.6177 0.2078 0.4163 -3.101275 3.123800 12.29 
2.923 2 2 3 1.3 2.0 0.022 0.068 0.4836 0.6177 0.2019 0.4161 -3.093501 3.123782 12.29 
2.933 2 2 3 1.2 2.0 0.016 0.066 0.4667 0.6374 0.1965 0.4158 -3.085728 3.123808 12.29 
2.943 2 2 3 1.2 2.0 0.002 0.065 0.4667 0.6374 0.1911 0.4155 -3.072772 3.123801 12.29 
2.953 2 2 3 1.1 2.0 -0.016 0.071 0.3976 0.6177 0.1857 0.4151 -3.059817 3.123776 12.29 
2.963 2 2 3 1.0 2.0 -0.006 0.062 0.4137 0.6177 0.1805 0.4146 -3.049452 3.123836 12.29 
2.973 2 2 3 0.9 2.0 -0.011 0.063 0.3582 0.6273 0.1755 0.4141 -3.031314 3.123784 12.29 
2.983 2 2 3 0.8 2.0 -0.024 0.062 0.3715 0.5735 0.1707 0.4135 -3.015767 3.123788 12.29 
2.993 2 2 3 0.8 2.0 -0.053 0.064 0.3346 0.6474 0.1660 0.4129 -2.995038 3.123821 12.30 
3.003 2 2 3 0.7 2.0 -0.083 0.063 0.2574 0.6374 0.1614 0.4122 -2.971718 3.123807 12.29 
3.013 2 2 3 0.6 2.0 -0.112 0.069 0.1976 0.6583 0.1571 0.4114 -2.945807 3.123819 12.29 
3.023 2 2 3 0.5 2.0 -0.103 0.062 0.1313 0.6474 0.1533 0.4106 -2.917304 3.123800 12.29 
3.033 2 2 3 0.4 2.0 -0.074 0.064 0.1056 0.6177 0.1496 0.4096 -2.883620 3.123862 12.28 
3.043 2 2 3 0.4 2.0 -0.039 0.064 0.0791 0.6691 0.1461 0.4087 -2.847344 3.123876 12.29 
3.053 2 2 3 0.3 2.0 -0.021 0.062 0.0442 0.6273 0.1431 0.4077 -2.811068 3.123859 12.29 
3.063 2 2 3 0.2 2.0 0.001 0.072 0.0353 0.6474 0.1401 0.4066 -2.769610 3.123871 12.30 
3.073 2 2 3 0.1 2.0 0.011 0.072 0.0185 0.6085 0.1373 0.4054 -2.730743 3.123904 12.30 
3.083 2 2 3 0.0 2.0 0.007 0.064 0.0125 0.6085 0.1344 0.4041 -2.689285 3.123916 12.29 
3.093 2 2 3 -0.0 2.0 -0.005 0.071 0.0096 0.6374 0.1315 0.4026 -2.647826 3.123868 12.29 
3.103 2 2 3 -0.1 2.0 0.008 0.072 0.0076 0.5992 0.1289 0.4011 -2.608959 3.123903 12.29 
3.113 2 2 3 -0.2 2.0 0.010 0.062 0.0064 0.6474 0.1261 0.3994 -2.567501 3.123924 12.29 
3.123 2 2 3 -0.3 2.0 0.015 0.073 0.0056 0.6474 0.1235 0.3976 -2.526043 3.123887 12.29 
3.133 2 2 3 -0.4 2.0 0.011 0.068 0.0048 0.6474 0.1209 0.3957 -2.484585 3.123867 12.29 
3.143 2 2 3 -0.4 2.0 -0.001 0.065 0.0040 0.6474 0.1186 0.3938 -2.445718 3.123902 12.30 
3.153 2 2 3 -0.5 2.0 0.011 0.071 0.0036 0.6374 0.1161 0.3917 -2.404260 3.123840 12.29 
3.163 2 2 3 -0.6 2.0 0.012 0.070 0.0032 0.6374 0.1138 0.3895 -2.362802 3.123834 12.29 
3.173 2 2 3 -0.7 2.0 0.001 0.067 0.0032 0.6474 0.1116 0.3872 -2.321344 3.123878 12.30 
3.183 2 2 3 -0.8 2.0 -0.074 0.070 0.0028 0.6583 0.1095 0.3850 -2.282477 3.123867 12.29 
3.193 2 2 3 -0.7 2.0 -0.102 0.053 -0.0028 0.6374 0.1076 0.3826 -2.238427 3.123865 12.29 
3.203 2 2 3 -0.6 2.0 -0.037 0.065 -0.0558 0.6374 0.1059 0.3804 -2.191787 3.123893 12.29 
3.213 2 2 3 -0.6 2.0 0.006 0.071 -0.0361 0.6583 0.1041 0.3777 -2.150329 3.123880 12.30 
3.223 2 2 3 -0.5 2.0 0.005 0.065 -0.0189 0.6177 0.1025 0.3752 -2.111462 3.123851 12.29 
3.233 2 2 3 -0.4 2.0 0.004 0.058 -0.0129 0.6273 0.1009 0.3724 -2.070004 3.123853 12.29 
3.243 2 2 3 -0.3 2.0 0.005 0.065 -0.0096 0.6583 0.0995 0.3696 -2.028546 3.123873 12.29 
3.253 2 2 3 -0.2 2.0 0.008 0.068 -0.0076 0.6374 0.0982 0.3668 -1.989679 3.123862 12.30 
3.263 2 2 3 -0.2 2.0 0.006 0.053 -0.0064 0.6474 0.0969 0.3639 -1.948220 3.123874 12.30 
3.273 2 2 3 -0.1 2.0 0.010 0.067 -0.0056 0.6374 0.0958 0.3609 -1.906762 3.123857 12.29 
3.283 2 2 3 -0.0 2.0 0.011 0.065 -0.0048 0.6374 0.0948 0.3578 -1.865304 3.123824 12.29 
3.293 2 2 3 0.1 2.0 0.011 0.053 -0.0040 0.6273 0.0940 0.3549 -1.826437 3.123829 12.29 
3.303 2 2 3 0.2 2.0 0.011 0.070 -0.0036 0.6177 0.0932 0.3518 -1.784979 3.123831 12.28 
3.313 2 2 3 0.2 2.0 0.012 0.057 -0.0036 0.6273 0.0926 0.3486 -1.743521 3.123812 12.29 
3.323 2 2 3 0.3 2.0 0.005 0.057 -0.0032 0.6177 0.0921 0.3455 -1.702063 3.123825 12.29 
3.333 2 2 3 0.4 2.0 0.008 0.070 -0.0028 0.6374 0.0918 0.3425 -1.663196 3.123806 12.29 
3.343 2 2 3 0.5 2.0 0.011 0.059 -0.0028 0.6374 0.0916 0.3393 -1.621738 3.123794 12.29 
3.353 2 2 3 0.6 2.0 0.003 0.063 -0.0024 0.6583 0.0915 0.3360 -1.580280 3.123807 12.29 
3.363 2 2 3 0.6 1.9 0.007 0.067 -0.0024 0.6177 0.0915 0.3330 -1.541413 3.123798 12.29 
3.373 2 2 3 0.7 1.9 0.011 0.054 -0.0020 0.6177 0.0917 0.3298 -1.499954 3.123796 12.29 
3.383 2 2 3 0.8 1.8 0.031 0.038 -0.0020 0.6273 0.0919 0.3268 -1.461087 3.123801 12.29 
3.393 2 2 3 0.9 1.7 0.102 0.026 -0.0020 0.6177 0.0924 0.3236 -1.419629 3.123794 12.28 
3.403 2 2 3 1.0 1.6 0.139 0.011 0.0020 0.5904 0.0929 0.3205 -1.383353 3.123789 12.29 
3.413 2 2 3 1.0 1.5 0.140 0.014 0.0550 0.5498 0.0936 0.3173 -1.352260 3.123798 12.29 
3.423 2 2 3 1.1 1.5 0.180 0.011 0.0847 0.5820 0.0944 0.3140 -1.318575 3.123811 12.29 
3.433 2 2 3 1.2 1.4 0.177 0.009 0.1530 0.5498 0.0952 0.3109 -1.292664 3.123797 12.29 
3.443 2 2 3 1.3 1.3 0.159 0.002 0.1892 0.5354 0.0962 0.3074 -1.266752 3.123791 12.30 
3.453 2 2 3 1.4 1.2 0.155 -0.020 0.1948 0.5081 0.0973 0.3042 -1.248615 3.123831 12.29 
3.463 2 2 3 1.4 1.1 0.166 0.000 0.2253 0.5020 0.0985 0.3006 -1.230477 3.123840 12.29 
3.473 2 2 3 1.5 1.1 0.162 -0.015 0.2972 0.4667 0.0998 0.2970 -1.217521 3.123841 12.29 
3.483 2 2 3 1.6 1.0 0.147 -0.009 0.2711 0.4510 0.1011 0.2936 -1.207156 3.123832 12.30 
3.493 2 2 3 1.7 0.9 0.155 -0.011 0.2952 0.4225 0.1024 0.2902 -1.201974 3.123849 12.30 
3.503 2 2 3 1.8 0.8 0.156 -0.027 0.3896 0.4056 0.1038 0.2867 -1.199383 3.123837 12.30 
3.513 2 2 3 1.8 0.7 0.162 -0.044 0.3896 0.3860 0.1052 0.2829 -1.199383 3.123886 12.29 
3.523 2 2 3 1.9 0.7 0.153 -0.052 0.4362 0.3237 0.1065 0.2796 -1.204565 3.123842 12.29 
3.533 2 2 3 2.0 0.6 0.136 -0.121 0.3936 0.2659 0.1079 0.2760 -1.212339 3.123864 12.29 
3.543 2 2 3 2.0 0.6 0.137 -0.126 0.4836 0.2510 0.1091 0.2728 -1.225294 3.123891 12.29 
3.553 2 2 3 2.0 0.7 0.125 -0.040 0.4956 0.1928 0.1102 0.2694 -1.246023 3.123925 12.29 
3.563 2 2 3 2.0 0.8 0.095 0.032 0.5149 0.1884 0.1112 0.2663 -1.266752 3.123923 12.29 
3.573 2 2 3 2.0 0.9 0.100 0.060 0.5281 0.1663 0.1123 0.2629 -1.287482 3.123862 12.29 
3.583 2 2 3 2.0 0.9 0.115 0.089 0.5498 0.2080 0.1133 0.2592 -1.310802 3.123893 12.29 
3.593 2 2 3 2.0 1.0 0.109 0.100 0.5354 0.1996 0.1142 0.2557 -1.331531 3.123871 12.29 
3.603 2 2 3 2.0 1.1 0.101 0.117 0.5904 0.2293 0.1151 0.2520 -1.354851 3.123863 12.29 
3.613 2 2 3 2.0 1.2 0.083 0.130 0.5354 0.2574 0.1159 0.2480 -1.375580 3.123888 12.29 
3.623 2 2 3 2.0 1.3 0.096 0.124 0.5575 0.2639 0.1167 0.2439 -1.393718 3.123889 12.30 
3.633 2 2 3 2.0 1.3 0.071 0.132 0.5735 0.3016 0.1174 0.2397 -1.411856 3.123914 12.29 
3.643 2 2 3 2.0 1.4 0.079 0.127 0.5575 0.3265 0.1181 0.2352 -1.429994 3.123882 12.29 
3.653 2 2 3 2.0 1.5 0.082 0.136 0.5904 0.3550 0.1187 0.2308 -1.445541 3.123939 12.29 
3.663 2 2 3 2.0 1.6 0.096 0.143 0.5904 0.3860 0.1192 0.2262 -1.458496 3.123904 12.29 
3.673 2 2 3 2.0 1.6 0.088 0.132 0.5904 0.3823 0.1197 0.2212 -1.471452 3.123940 12.29 
3.683 2 2 3 2.0 1.6 0.070 0.129 0.5820 0.3715 0.1202 0.2164 -1.481817 3.123898 12.29 
3.693 2 2 3 2.0 1.7 0.081 0.114 0.5992 0.4317 0.1206 0.2112 -1.492181 3.123903 12.28 
3.703 2 2 3 2.0 1.7 0.074 0.117 0.5992 0.4510 0.1210 0.2064 -1.502546 3.123833 12.28 
3.713 2 2 3 2.0 1.8 0.060 0.127 0.5735 0.4779 0.1213 0.2010 -1.510319 3.123863 12.28 
3.723 2 2 3 2.0 1.8 0.080 0.117 0.6085 0.4956 0.1216 0.1956 -1.518092 3.123837 12.29 
3.733 2 2 3 2.0 1.8 0.053 0.104 0.6085 0.5081 0.1219 0.1904 -1.523275 3.123842 12.29 
3.743 2 2 3 2.0 1.8 0.072 0.113 0.5992 0.5081 0.1221 0.1848 -1.528457 3.123834 12.28 
3.753 2 2 3 2.0 1.9 0.062 0.097 0.5992 0.5281 0.1224 0.1791 -1.533639 3.123840 12.28 
3.763 2 2 3 2.0 1.9 0.079 0.107 0.6085 0.5149 0.1226 0.1737 -1.536230 3.123837 12.33 
3.773 2 2 3 2.0 1.9 0.057 0.097 0.5655 0.5498 0.1227 0.1679 -1.538821 3.123804 12.28 
3.783 2 2 3 2.0 1.9 0.080 0.093 0.5992 0.5575 0.1229 0.1623 -1.544004 3.123824 12.32 
3.793 2 2 3 2.0 1.9 0.061 0.086 0.6085 0.5655 0.1231 0.1567 -1.544004 3.123845 12.29 
3.803 2 2 3 2.0 1.9 0.076 0.083 0.5575 0.5820 0.1232 0.1508 -1.546595 3.123864 12.29 
3.813 2 2 3 2.0 1.9 0.067 0.085 0.6085 0.5735 0.1234 0.1448 -1.546595 3.123823 12.29 
3.823 2 2 4 1.9 1.8 0.060 0.073 0.5655 0.5735 0.1235 0.1390 -1.549186 3.123819 12.29 
3.833 2 2 4 1.9 1.8 0.060 0.059 0.5655 0.6085 0.1236 0.1332 -1.546595 3.123873 12.30 
3.843 2 2 4 1.8 1.7 0.053 0.046 0.6085 0.5735 0.1237 0.1273 -1.549186 3.123833 12.29 
3.853 2 2 4 1.7 1.6 0.036 0.043 0.5904 0.5820 0.1239 0.1217 -1.549186 3.123807 12.29 
3.863 2 2 4 1.6 1.5 0.034 0.030 0.5820 0.5575 0.1240 0.1161 -1.549186 3.123847 12.30 
3.873 2 2 4 1.5 1.4 0.030 0.012 0.5498 0.5498 0.1241 0.1105 -1.549186 3.123875 12.29 
3.883 2 2 4 1.5 1.4 0.021 0.017 0.5081 0.5149 0.1242 0.1053 -1.549186 3.123853 12.29 
3.893 2 2 4 1.4 1.3 0.022 -0.006 0.5213 0.5213 0.1243 0.1000 -1.549186 3.123866 12.29 
3.903 2 2 4 1.3 1.2 0.020 0.002 0.4779 0.4956 0.1244 0.0950 -1.551777 3.123888 12.29 
3.913 2 2 4 1.2 1.1 0.005 0.004 0.4836 0.4779 0.1245 0.0902 -1.551777 3.123812 12.30 
3.923 2 2 4 1.1 1.0 0.017 -0.008 0.4615 0.4510 0.1246 0.0856 -1.549186 3.123800 12.29 
3.933 2 2 4 1.1 1.0 -0.007 -0.017 0.3787 0.4181 0.1247 0.0814 -1.551777 3.123865 12.29 
3.943 2 2 4 1.0 0.9 -0.016 -0.004 0.3896 0.4137 0.1248 0.0772 -1.549186 3.123879 12.29 
3.953 2 2 4 0.9 0.8 -0.023 -0.023 0.3715 0.3976 0.1249 0.0733 -1.551777 3.123836 12.30 
3.963 2 2 4 0.8 0.7 -0.038 -0.032 0.3317 0.3615 0.1249 0.0697 -1.546595 3.123846 12.29 
3.973 2 2 4 0.7 0.6 -0.052 -0.066 0.2767 0.3289 0.1250 0.0665 -1.546595 3.123877 12.30 
3.983 2 2 4 0.7 0.6 -0.096 -0.116 0.2538 0.2711 0.1251 0.0637 -1.546595 3.123790 12.29 
3.993 2 2 4 0.6 0.5 -0.097 -0.125 0.1574 0.2157 0.1251 0.0615 -1.544004 3.123775 12.29 
4.003 2 2 4 0.5 0.4 -0.071 -0.133 0.1317 0.1707 0.1252 0.0599 -1.538821 3.123904 12.30 
4.013 2 2 4 0.4 0.3 -0.074 -0.107 0.0964 0.1345 0.1252 0.0587 -1.538821 3.123921 12.29 
4.023 8 2 4 0.3 0.2 -0.053 -0.090 0.0542 0.0803 0.1252 0.0579 -1.538821 3.123868 12.30 
4.033 8 2 4 0.3 0.2 -0.031 -0.052 0.0402 0.0514 0.1253 0.0573 -1.536230 3.123871 12.29 
4.043 8 2 4 0.2 0.1 -0.020 -0.030 0.0369 0.0390 0.1253 0.0573 -1.536230 3.123917 12.29 
4.053 8 2 4 0.1 0.0 -0.015 -0.016 0.0189 0.0217 0.1253 0.0571 -1.533639 3.123866 12.30 
4.063 8 2 4 0.0 -0.1 -0.005 -0.019 0.0177 0.0217 0.1253 0.0569 -1.536230 3.123846 12.30 
4.073 8 2 4 0.0 -0.1 0.000 -0.004 0.0177 0.0181 0.1253 0.0569 -1.536230 3.123893 12.30 
4.083 8 2 4 0.0 -0.1 0.000 -0.001 0.0141 0.0125 0.1253 0.0569 -1.536230 3.123864 12.30 
4.093 8 2 4 0.0 -0.1 -0.001 0.003 0.0100 0.0092 0.1253 0.0569 -1.536230 3.123813 12.30 
4.103 8 2 4 0.0 -0.1 0.000 -0.001 0.0080 0.0076 0.1253 0.0569 -1.536230 3.123866 12.29 
4.113 8 2 4 0.0 -0.1 0.004 -0.002 0.0068 0.0064 0.1253 0.0569 -1.536230 3.123886 12.30 
4.123 8 2 4 0.0 -0.1 -0.000 -0.001 0.0056 0.0052 0.1253 0.0569 -1.536230 3.123864 12.32 
4.133 8 2 4 0.0 -0.1 -0.001 0.001 0.0048 0.0048 0.1253 0.0569 -1.536230 3.123878 12.29 
4.143 8 2 4 0.0 -0.1 0.003 -0.001 0.0044 0.0040 0.1253 0.0569 -1.536230 3.123884 12.29 
4.153 8 2 4 0.0 -0.1 0.000 -0.002 0.0040 0.0036 0.1253 0.0569 -1.536230 3.123871 12.31 
4.163 8 2 4 0.0 -0.1 0.001 -0.001 0.0036 0.0032 0.1253 0.0569 -1.536230 3.123883 12.29 
4.173 8 2 4 0.0 -0.1 0.001 -0.000 0.0032 0.0032 0.1253 0.0569 -1.536230 3.123894 12.29 
4.183 8 2 4 0.0 -0.1 -0.002 0.002 0.0028 0.0028 0.1253 0.0569 -1.536230 3.123883 12.30 
4.193 8 2 4 0.0 -0.1 -0.002 0.000 0.0028 0.0028 0.1253 0.0569 -1.536230 3.123868 12.29 
4.203 8 2 4 0.0 -0.1 -0.001 0.005 0.0024 0.0024 0.1253 0.0569 -1.536230 3.123855 12.30 
4.213 8 2 4 0.0 -0.1 -0.003 0.001 0.0024 0.0024 0.1253 0.0569 -1.536230 3.123840 12.29 
4.223 8 2 4 0.0 -0.1 0.004 0.004 0.0020 0.0020 0.1253 0.0569 -1.536230 3.123842 12.30 
4.233 8 2 4 0.0 -0.1 0.003 0.007 0.0020 0.0020 0.1253 0.0569 -1.536230 3.123855 12.29 
4.243 8 2 4 0.0 -0.1 0.001 0.001 0.0020 0.0020 0.1253 0.0569 -1.536230 3.123857 12.29 
4.253 8 2 4 0.0 -0.1 -0.001 -0.000 0.0020 0.0016 0.1253 0.0569 -1.536230 3.123862 12.30 
4.263 8 2 4 0.0 -0.1 -0.003 0.005 0.0016 0.0016 0.1253 0.0569 -1.536230 3.123865 12.30 
4.273 8 2 4 0.0 -0.1 -0.000 0.002 0.0016 0.0016 0.1253 0.0569 -1.536230 3.123866 12.30 
4.283 8 2 4 0.0 -0.1 0.002 0.003 0.0016 0.0016 0.1253 0.0569 -1.536230 3.123876 12.29 
4.293 8 2 4 0.0 -0.1 0.007 0.001 0.0016 0.0016 0.1253 0.0569 -1.536230 3.123877 12.29 
4.303 8 2 4 0.0 -0.1 0.002 -0.004 0.0016 0.0012 0.1253 0.0569 -1.536230 3.123874 12.30 
4.313 8 2 4 0.0 -0.1 0.001 0.002 0.0012 0.0012 0.1253 0.0569 -1.536230 3.123869 12.30 
4.323 8 2 4 0.0 -0.1 0.001 0.003 0.0012 0.0012 0.1253 0.0569 -1.536230 3.123864 12.29 
4.333 8 2 4 0.0 -0.1 0.001 -0.002 0.0012 0.0012 0.1253 0.0569 -1.536230 3.123845 12.29 
